sample	sum_crasslike	average_crasslike	Bacteroidetes	Firmicutes	Proteobacteria	Coriobacteriia	Bacteroidia	Bacilli	Clostridia	Erysipelotrichi	Coriobacteriales	Bacteroidales	Clostridiales	Erysipelotrichales	Coriobacteriaceae	Erysipelotrichaceae	Collinsella	Porphyromonas	Coprococcus	Faecalibacterium	Phascolarctobacterium	Catenibacterium	Bifidobacterium adolescentis	Collinsella aerofaciens	Parabacteroides distasonis	Porphyromonas sp.	Faecalibacterium prausnitzii	Phascolarctobacterium sp.	Catenibacterium sp.
H-10	3.671080233	1.350933817	-0.108415642	-0.807391851	-1.193596558	-3.698293033	-0.108415642	-4.050609993	-0.808696551	-3.422087896	-3.698293033	-0.108415642	-0.808696551	-3.422087896	-3.698293033	-3.422087896	-3.698293033	NA	-2.57516849	-1.389670218	-4.555955204	-5.254925208	-4.555955204	-3.698293033	-3.047770519	NA	-1.389670218	-4.555955204	-5.254925208
H-118	3.824060717	1.503914555	-0.077563225	-0.820424295	-1.983636993	-3.327537303	-0.077563225	-3.567869659	-0.824496473	-2.942825893	-3.327537303	-0.077563225	-0.824496473	-2.942825893	-3.327537303	-2.942825893	-3.327537303	NA	-2.674325302	-1.798299931	-2.819008121	NA	-4.327902142	-3.327537303	-4.327902142	NA	-1.798299931	-2.819008121	NA
H-119	3.068927612	0.748781674	-0.149623959	-0.564398246	-1.964197969	-3.579026587	-0.149623959	-3.551875189	-0.568439997	-2.648785009	-3.579026587	-0.149623959	-0.568439997	-2.648785009	-3.579026587	-2.648785009	-3.579026587	NA	-2.322977091	-1.391142713	-3.791636587	NA	-4.37161107	-3.579026587	-2.138930958	NA	-1.391142713	-3.791636587	NA
H-120	2.309630167	-0.010515921	-0.163645175	-0.532678948	-1.883624108	-3.265340959	-0.163645175	-3.311098094	-0.53485452	-3.010068098	-3.265340959	-0.163645175	-0.53485452	-3.010068098	-3.265340959	-3.010068098	-3.265340959	NA	-2.490823697	-1.637292538	-3.813043665	NA	-4.140261434	-3.265340959	-3.026458839	NA	-1.637292538	-3.813043665	NA
H-193	3.615318657	1.295173308	-0.070389393	-0.844645079	-2.241674422	NA	-0.070389393	-3.844818878	-0.851911943	-2.651694163	NA	-0.070389393	-0.851911943	-2.651694163	NA	-2.651694163	NA	NA	-2.3146191	-1.677796961	-3.066667628	NA	-4.844663963	NA	-4.367542708	NA	-1.677796961	-3.066667628	NA
H-314	2.559906625	0.239759813	-0.270457827	-0.372528772	-1.549060835	-3.403009469	-0.270457827	-3.788361606	-0.37730609	-2.349027651	-3.403009469	-0.270457827	-0.37730609	-2.349027651	-3.403009469	-2.349027651	-3.403009469	NA	-1.65687914	-1.622522688	-2.399194215	NA	-4.632644079	-3.403009469	-3.679216247	NA	-1.622522688	-2.399194215	NA
O-121	3.855942946	1.535796497	-0.393682262	-0.251676114	-1.518074212	-4.368556231	-0.393682262	-3.804244214	-0.255174611	-2.362763916	-4.368556231	-0.393682262	-0.255174611	-2.362763916	-4.368556231	-2.362763916	-4.368556231	-3.615187978	-1.825276198	-1.216839986	-3.845636899	-4.844663963	-2.649737829	-4.368556231	-3.000539294	-3.615187978	-1.216839986	-3.845636899	-4.844663963
O-122	3.172894698	0.852748295	-0.360989639	-0.291279637	-1.610638474	-3.280382869	-0.360989639	-2.067730645	-0.300683132	-2.620331241	-3.280382869	-0.360989639	-0.300683132	-2.620331241	-3.280382869	-2.620331241	-3.280382869	-4.779891912	-1.806490943	-0.889476142	-4.301899454	-4.779891912	-1.954242514	-3.280382869	-2.688788604	-4.779891912	-0.889476142	-4.301899454	-4.779891912
O-123	3.628286731	1.308139515	-0.337296325	-0.32395333	-1.257624487	-2.676980067	-0.337296325	-1.858616301	-0.357030271	-1.679146141	-2.676980067	-0.337296325	-0.357030271	-1.679146141	-2.676980067	-1.679146141	-2.676980067	NA	-2.003367819	-1.579983653	-4.679853714	NA	-2.633823119	-2.676980067	-2.531469832	NA	-1.579983653	-4.679853714	NA
O-152	4.407866583	2.087721095	-0.204023426	-0.471260272	-1.517230145	-3.265233764	-0.204023426	-4.043351421	-0.472158537	-3.216385094	-3.265233764	-0.204023426	-0.472158537	-3.216385094	-3.265233764	-3.216385094	-3.265233764	-2.621311092	-2.427584879	-1.47384363	-3.888482094	NA	-3.457118579	-3.265233764	-2.616641242	-2.621311092	-1.47384363	-3.888482094	NA
O-39	3.661623409	1.341478051	-0.180930364	-0.513006073	-1.694610363	-2.578662489	-0.180930364	-3.656865265	-0.542948228	-1.694098543	-2.578662489	-0.180930364	-0.542948228	-1.694098543	-2.578662489	-1.694098543	-2.578662489	-4.111259039	-1.69821022	-1.198287886	-2.333528727	-4.525783736	-4.924453039	-2.578662489	-2.793702342	-4.111259039	-1.198287886	-2.333528727	-4.525783736
O-418	1.748188027	-0.571957584	-0.084880814	-0.945497004	-1.274803166	-4.567030709	-0.084880814	-2.781784688	-0.954701671	-3.139790803	-4.567030709	-0.084880814	-0.954701671	-3.139790803	-4.567030709	-3.139790803	-4.567030709	NA	-2.162280914	-2.581463723	-4.214670165	NA	-4.169411331	-4.567030709	-2.359614874	NA	-2.581463723	-4.214670165	NA
O-420	2.089905111	-0.230240988	-0.196578772	-0.455965029	-1.998518156	-3.012306481	-0.196578772	-3.389724272	-0.464055756	-2.21811084	-3.012306481	-0.196578772	-0.464055756	-2.21811084	-3.012306481	-2.21811084	-3.012306481	NA	-2.143832673	-1.173051473	-2.263118872	NA	-4.503070352	-3.012306481	-2.179385664	NA	-1.173051473	-2.263118872	NA
O-434	2.181843588	-0.138302535	-0.211005456	-0.45209284	-1.518373602	-3.346276285	-0.211005456	-2.850671865	-0.456159275	-2.725733129	-3.346276285	-0.211005456	-0.456159275	-2.725733129	-3.346276285	-2.725733129	-3.346276285	NA	-2.429250703	-1.03346459	-4.53165267	NA	-4.30980392	-3.346276285	-3.753762468	NA	-1.03346459	-4.53165267	NA
O-445	1.568201724	-0.751945771	-0.613712228	-0.180344184	-1.077749568	-2.870918804	-0.613712228	-2.780742234	-0.185353192	-2.228141592	-2.870918804	-0.613712228	-0.185353192	-2.228141592	-2.870918804	-2.228141592	-2.870918804	-4.638272164	-1.867959435	-0.864142085	-4.036212173	NA	-2.867222732	-2.870918804	-3.175676923	-4.638272164	-0.864142085	-4.036212173	NA
OMC-125	1.643452676	-0.676694261	-0.370356487	-0.378448558	-0.896889765	-3.473981392	-0.370356487	-3.072281725	-0.384814143	-2.280615175	-3.473981392	-0.370356487	-0.384814143	-2.280615175	-3.473981392	-2.280615175	-3.473981392	NA	-2.285481221	-1.505295815	-2.280615175	-4.835647144	-2.556956015	-3.473981392	-3.79431666	NA	-1.505295815	-2.280615175	-4.835647144
OMC-126	1.681241237	-0.638905184	-0.393936851	-0.280171895	-1.546052267	-2.563311269	-0.393936851	-2.463236705	-0.314348312	-1.440587615	-2.563311269	-0.393936851	-0.314348312	-1.440587615	-2.563311269	-1.440587615	-2.563311269	-4.185752404	-1.525384645	-1.295337866	-4.247951552	-1.92278716	-1.715460154	-2.563311269	-3.379691095	-4.185752404	-1.295337866	-4.247951552	-1.92278716
OMC-288	2.743509765	0.423363855	-0.294216755	-0.359731782	-1.282820294	-3.129005341	-0.294216755	-3.01564869	-0.366695485	-2.223067569	-3.129005341	-0.294216755	-0.366695485	-2.223067569	-3.129005341	-2.223067569	-3.129005341	NA	-1.818927311	-1.020487886	-1.928711873	-3.606126596	NA	-3.129005341	-4.583359493	NA	-1.020487886	-1.928711873	-3.606126596
OMC-446	3.778802204	1.458655976	-0.450302543	-0.229887309	-1.650207551	-2.1477593	-0.450302543	-2.888677657	-0.236710758	-2.102946996	-2.1477593	-0.450302543	-0.236710758	-2.102946996	-2.1477593	-2.102946996	-2.1477593	-4.563837353	-1.649501675	-1.563700087	-3.625992602	NA	-1.85147576	-2.1477593	-3.032365922	-4.563837353	-1.563700087	-3.625992602	NA
OMC-124	0.903089987	-1.417056435	-0.07580108	-0.849675983	-1.877590484	-3.491797924	-0.07580108	-3.952528763	-0.856526892	-2.67760157	-3.491797924	-0.07580108	-0.856526892	-2.67760157	-3.491797924	-2.67760157	-3.491797924	NA	-2.689287328	-1.478717511	-1.678370914	NA	-4.906771272	-3.491797924	-3.368952177	NA	-1.478717511	-1.678370914	NA
