	chao1	observed_otus	shannon	simpson	goods_coverage
1000_OMC-55	2.0	2.0	0.7793498372920851	0.3550295857988165	1.0
100_OMC-55	2.0	2.0	0.6292492238560347	0.2659279778393353	1.0
101_OMC-55	1.0	1.0	-0.0	0.0	1.0
102_OMC-55	2.0	2.0	0.9182958340544894	0.4444444444444444	1.0
103_OMC-55	1.0	1.0	-0.0	0.0	1.0
104_OMC-55	2.0	2.0	0.4854607607459134	0.18836565096952906	1.0
105_OMC-55	2.0	2.0	0.46899559358928117	0.17999999999999994	0.9
106_OMC-55	1.0	1.0	-0.0	0.0	1.0
107_OMC-55	1.0	1.0	-0.0	0.0	1.0
108_OMC-55	2.0	2.0	0.8453509366224364	0.39669421487603307	1.0
109_OMC-55	2.0	2.0	0.6500224216483541	0.2777777777777777	1.0
10_OMC-55	1.0	1.0	-0.0	0.0	1.0
110_OMC-55	2.0	2.0	0.8366407419411673	0.3911111111111112	1.0
111_OMC-55	2.0	2.0	0.9709505944546688	0.48	1.0
112_OMC-55	2.0	2.0	0.6292492238560347	0.2659279778393353	1.0
113_OMC-55	2.0	2.0	0.5435644431995964	0.21875	1.0
114_OMC-55	2.0	2.0	0.6962122601251458	0.3046875	1.0
115_OMC-55	2.0	2.0	0.5916727785823274	0.24489795918367352	1.0
116_OMC-55	2.0	2.0	0.7024665512903904	0.308390022675737	1.0
117_OMC-55	2.0	2.0	0.672294817075638	0.2906574394463668	1.0
118_OMC-55	2.0	2.0	0.961236604722876	0.47337278106508873	1.0
119_OMC-55	2.0	2.0	0.5665095065529053	0.23111111111111104	1.0
11_OMC-55	2.0	2.0	0.8112781244591328	0.375	1.0
120_OMC-55	2.0	2.0	0.5916727785823274	0.24489795918367352	1.0
121_OMC-55	2.0	2.0	0.46899559358928117	0.17999999999999994	0.9
122_OMC-55	2.0	2.0	0.7793498372920851	0.3550295857988165	1.0
123_OMC-55	2.0	2.0	0.6193821946787638	0.2603550295857988	1.0
124_OMC-55	2.0	2.0	0.8453509366224364	0.39669421487603307	1.0
125_OMC-55	2.0	2.0	0.6840384356390417	0.2975206611570247	1.0
126_OMC-55	2.0	2.0	0.8453509366224364	0.39669421487603307	1.0
127_OMC-55	2.0	2.0	0.9709505944546688	0.48	1.0
128_OMC-55	2.0	2.0	0.8739810481273579	0.4152249134948096	1.0
129_OMC-55	2.0	2.0	0.9182958340544894	0.4444444444444444	1.0
12_OMC-55	2.0	2.0	0.7219280948873623	0.31999999999999984	1.0
130_OMC-55	2.0	2.0	0.5916727785823274	0.24489795918367352	0.8571428571428572
131_OMC-55	2.0	2.0	0.6193821946787638	0.2603550295857988	1.0
132_OMC-55	2.0	2.0	0.7219280948873623	0.31999999999999984	1.0
133_OMC-55	2.0	2.0	0.9182958340544894	0.4444444444444444	1.0
134_OMC-55	1.0	1.0	-0.0	0.0	1.0
135_OMC-55	2.0	2.0	0.8314743880097293	0.38781163434903054	1.0
136_OMC-55	2.0	2.0	0.7219280948873623	0.31999999999999984	1.0
137_OMC-55	1.0	1.0	-0.0	0.0	1.0
138_OMC-55	2.0	2.0	0.5665095065529053	0.23111111111111104	1.0
139_OMC-55	2.0	2.0	0.6840384356390417	0.2975206611570247	1.0
13_OMC-55	1.0	1.0	-0.0	0.0	1.0
140_OMC-55	2.0	2.0	0.6962122601251458	0.3046875	1.0
141_OMC-55	2.0	2.0	0.5225593745369408	0.20761245674740492	1.0
142_OMC-55	1.0	1.0	-0.0	0.0	1.0
143_OMC-55	2.0	2.0	0.2974722489192897	0.09972299168975085	0.9473684210526316
144_OMC-55	2.0	2.0	0.8960382325345574	0.4296875	1.0
145_OMC-55	2.0	2.0	0.5916727785823274	0.24489795918367352	1.0
146_OMC-55	2.0	2.0	1.0	0.5	1.0
147_OMC-55	1.0	1.0	-0.0	0.0	1.0
148_OMC-55	1.0	1.0	-0.0	0.0	1.0
149_OMC-55	2.0	2.0	0.5665095065529053	0.23111111111111104	1.0
14_OMC-55	2.0	2.0	0.43949698692151334	0.16528925619834722	0.9090909090909091
150_OMC-55	2.0	2.0	0.7424875695421236	0.3324099722991689	1.0
151_OMC-55	1.0	1.0	-0.0	0.0	1.0
152_OMC-55	2.0	2.0	0.3712323266408757	0.13265306122448983	0.9285714285714286
153_OMC-55	1.0	1.0	-0.0	0.0	1.0
154_OMC-55	1.0	1.0	-0.0	0.0	1.0
155_OMC-55	2.0	2.0	0.8904916402194913	0.42603550295857995	1.0
156_OMC-55	1.0	1.0	-0.0	0.0	1.0
157_OMC-55	2.0	2.0	0.5032583347756457	0.19753086419753085	0.8888888888888888
158_OMC-55	2.0	2.0	0.9709505944546688	0.48	1.0
159_OMC-55	1.0	1.0	-0.0	0.0	1.0
15_OMC-55	2.0	2.0	0.3712323266408757	0.13265306122448983	0.9285714285714286
160_OMC-55	2.0	2.0	0.7219280948873623	0.31999999999999984	1.0
161_OMC-55	2.0	2.0	0.7219280948873623	0.31999999999999984	1.0
162_OMC-55	2.0	2.0	0.5916727785823274	0.24489795918367352	1.0
163_OMC-55	2.0	2.0	0.9852281360342515	0.48979591836734704	1.0
164_OMC-55	1.0	1.0	-0.0	0.0	1.0
165_OMC-55	2.0	2.0	0.8112781244591328	0.375	1.0
166_OMC-55	2.0	2.0	0.8739810481273579	0.4152249134948096	1.0
167_OMC-55	2.0	2.0	0.8112781244591328	0.375	1.0
168_OMC-55	2.0	2.0	0.8112781244591328	0.375	1.0
169_OMC-55	2.0	2.0	0.8112781244591328	0.375	1.0
16_OMC-55	2.0	2.0	0.7642045065086203	0.345679012345679	1.0
170_OMC-55	2.0	2.0	0.6500224216483541	0.2777777777777777	1.0
171_OMC-55	1.0	1.0	-0.0	0.0	1.0
172_OMC-55	2.0	2.0	0.8739810481273579	0.4152249134948096	1.0
173_OMC-55	2.0	2.0	0.5916727785823274	0.24489795918367352	1.0
174_OMC-55	2.0	2.0	0.43949698692151334	0.16528925619834722	0.9090909090909091
175_OMC-55	2.0	2.0	0.6500224216483541	0.2777777777777777	1.0
176_OMC-55	2.0	2.0	0.954434002924965	0.46875	1.0
177_OMC-55	2.0	2.0	0.7219280948873623	0.31999999999999984	1.0
178_OMC-55	1.0	1.0	-0.0	0.0	1.0
179_OMC-55	2.0	2.0	0.9709505944546688	0.48	1.0
17_OMC-55	2.0	2.0	0.43949698692151334	0.16528925619834722	0.9090909090909091
180_OMC-55	2.0	2.0	0.6840384356390417	0.2975206611570247	1.0
181_OMC-55	2.0	2.0	0.5032583347756457	0.19753086419753085	1.0
182_OMC-55	2.0	2.0	0.3912435636292556	0.14201183431952646	0.9230769230769231
183_OMC-55	1.0	1.0	-0.0	0.0	1.0
184_OMC-55	1.0	1.0	-0.0	0.0	1.0
185_OMC-55	2.0	2.0	0.5916727785823274	0.24489795918367352	1.0
186_OMC-55	2.0	2.0	0.9910760598382222	0.49382716049382713	1.0
187_OMC-55	2.0	2.0	0.7793498372920851	0.3550295857988165	1.0
188_OMC-55	2.0	2.0	0.5225593745369408	0.20761245674740492	1.0
189_OMC-55	1.0	1.0	-0.0	0.0	1.0
18_OMC-55	2.0	2.0	0.672294817075638	0.2906574394463668	1.0
190_OMC-55	1.0	1.0	-0.0	0.0	1.0
191_OMC-55	2.0	2.0	0.8112781244591328	0.375	1.0
192_OMC-55	2.0	2.0	0.43949698692151334	0.16528925619834722	1.0
193_OMC-55	2.0	2.0	0.8904916402194913	0.42603550295857995	1.0
194_OMC-55	2.0	2.0	0.6500224216483541	0.2777777777777777	1.0
195_OMC-55	2.0	2.0	0.9182958340544894	0.4444444444444444	1.0
196_OMC-55	2.0	2.0	0.7793498372920851	0.3550295857988165	1.0
197_OMC-55	2.0	2.0	0.5225593745369408	0.20761245674740492	1.0
198_OMC-55	2.0	2.0	0.5225593745369408	0.20761245674740492	1.0
199_OMC-55	2.0	2.0	0.5586293734521992	0.22684310018903586	1.0
19_OMC-55	1.0	1.0	-0.0	0.0	1.0
1_OMC-55	2.0	2.0	0.5435644431995964	0.21875	1.0
200_OMC-55	2.0	2.0	0.6500224216483541	0.2777777777777777	1.0
201_OMC-55	2.0	2.0	0.9182958340544894	0.4444444444444444	1.0
202_OMC-55	2.0	2.0	0.6292492238560347	0.2659279778393353	1.0
203_OMC-55	2.0	2.0	0.6962122601251458	0.3046875	1.0
204_OMC-55	2.0	2.0	0.74959525725948	0.33673469387755106	1.0
205_OMC-55	2.0	2.0	0.5435644431995964	0.21875	1.0
206_OMC-55	2.0	2.0	0.961236604722876	0.47337278106508873	1.0
207_OMC-55	2.0	2.0	0.5435644431995964	0.21875	1.0
208_OMC-55	2.0	2.0	0.74959525725948	0.33673469387755106	1.0
209_OMC-55	2.0	2.0	0.940285958670631	0.4591836734693877	1.0
20_OMC-55	2.0	2.0	0.6840384356390417	0.2975206611570247	1.0
210_OMC-55	2.0	2.0	0.3227569588973983	0.11072664359861584	0.9411764705882353
211_OMC-55	2.0	2.0	0.8631205685666311	0.40816326530612246	1.0
212_OMC-55	2.0	2.0	0.8960382325345574	0.4296875	1.0
213_OMC-55	2.0	2.0	0.7219280948873623	0.31999999999999984	1.0
214_OMC-55	2.0	2.0	0.6840384356390417	0.2975206611570247	1.0
215_OMC-55	2.0	2.0	0.6193821946787638	0.2603550295857988	1.0
216_OMC-55	2.0	2.0	0.8739810481273579	0.4152249134948096	1.0
217_OMC-55	1.0	1.0	-0.0	0.0	1.0
218_OMC-55	2.0	2.0	0.9182958340544894	0.4444444444444444	1.0
219_OMC-55	2.0	2.0	0.5665095065529053	0.23111111111111104	1.0
21_OMC-55	2.0	2.0	0.5435644431995964	0.21875	0.875
220_OMC-55	2.0	2.0	0.6193821946787638	0.2603550295857988	1.0
221_OMC-55	2.0	2.0	0.6840384356390417	0.2975206611570247	1.0
222_OMC-55	2.0	2.0	0.8112781244591328	0.375	0.75
223_OMC-55	1.0	1.0	-0.0	0.0	1.0
224_OMC-55	2.0	2.0	0.7793498372920851	0.3550295857988165	1.0
225_OMC-55	2.0	2.0	0.7219280948873623	0.31999999999999984	1.0
226_OMC-55	2.0	2.0	0.7642045065086203	0.345679012345679	1.0
227_OMC-55	2.0	2.0	0.8631205685666311	0.40816326530612246	1.0
228_OMC-55	1.0	1.0	-0.0	0.0	1.0
229_OMC-55	1.0	1.0	-0.0	0.0	1.0
22_OMC-55	2.0	2.0	0.8453509366224364	0.39669421487603307	1.0
230_OMC-55	2.0	2.0	0.5435644431995964	0.21875	1.0
231_OMC-55	2.0	2.0	0.7219280948873623	0.31999999999999984	1.0
232_OMC-55	2.0	2.0	0.787126586201269	0.3598615916955018	1.0
233_OMC-55	2.0	2.0	0.7424875695421236	0.3324099722991689	1.0
234_OMC-55	1.0	1.0	-0.0	0.0	1.0
235_OMC-55	2.0	2.0	0.5916727785823274	0.24489795918367352	0.8571428571428572
236_OMC-55	2.0	2.0	0.74959525725948	0.33673469387755106	1.0
237_OMC-55	2.0	2.0	0.8112781244591328	0.375	1.0
238_OMC-55	2.0	2.0	0.7219280948873623	0.31999999999999984	1.0
239_OMC-55	2.0	2.0	0.43949698692151334	0.16528925619834722	0.9090909090909091
23_OMC-55	2.0	2.0	0.5665095065529053	0.23111111111111104	1.0
240_OMC-55	1.0	1.0	-0.0	0.0	1.0
241_OMC-55	1.0	1.0	-0.0	0.0	1.0
242_OMC-55	2.0	2.0	0.4854607607459134	0.18836565096952906	1.0
243_OMC-55	2.0	2.0	0.7219280948873623	0.31999999999999984	1.0
244_OMC-55	2.0	2.0	0.8812908992306927	0.42000000000000004	1.0
245_OMC-55	2.0	2.0	0.9182958340544894	0.4444444444444444	1.0
246_OMC-55	1.0	1.0	-0.0	0.0	1.0
247_OMC-55	2.0	2.0	0.9709505944546688	0.48	1.0
248_OMC-55	2.0	2.0	0.6500224216483541	0.2777777777777777	1.0
249_OMC-55	1.0	1.0	-0.0	0.0	1.0
24_OMC-55	2.0	2.0	0.8453509366224364	0.39669421487603307	1.0
250_OMC-55	2.0	2.0	0.8366407419411673	0.3911111111111112	1.0
251_OMC-55	2.0	2.0	0.7793498372920851	0.3550295857988165	1.0
252_OMC-55	2.0	2.0	0.43949698692151334	0.16528925619834722	0.9090909090909091
253_OMC-55	2.0	2.0	0.8631205685666311	0.40816326530612246	1.0
254_OMC-55	2.0	2.0	0.8631205685666311	0.40816326530612246	1.0
255_OMC-55	2.0	2.0	0.8453509366224364	0.39669421487603307	1.0
256_OMC-55	2.0	2.0	0.9182958340544894	0.4444444444444444	1.0
257_OMC-55	2.0	2.0	0.6840384356390417	0.2975206611570247	1.0
258_OMC-55	2.0	2.0	0.6193821946787638	0.2603550295857988	1.0
259_OMC-55	2.0	2.0	0.7219280948873623	0.31999999999999984	1.0
25_OMC-55	2.0	2.0	0.74959525725948	0.33673469387755106	1.0
260_OMC-55	2.0	2.0	0.8112781244591328	0.375	1.0
261_OMC-55	1.0	1.0	-0.0	0.0	1.0
262_OMC-55	2.0	2.0	0.7642045065086203	0.345679012345679	1.0
263_OMC-55	2.0	2.0	0.7793498372920851	0.3550295857988165	1.0
264_OMC-55	1.0	1.0	-0.0	0.0	1.0
265_OMC-55	1.0	1.0	-0.0	0.0	1.0
266_OMC-55	2.0	2.0	0.8739810481273579	0.4152249134948096	1.0
267_OMC-55	2.0	2.0	0.8631205685666311	0.40816326530612246	1.0
268_OMC-55	2.0	2.0	0.8631205685666311	0.40816326530612246	1.0
269_OMC-55	2.0	2.0	0.5225593745369408	0.20761245674740492	1.0
26_OMC-55	2.0	2.0	0.672294817075638	0.2906574394463668	1.0
270_OMC-55	1.0	1.0	-0.0	0.0	1.0
271_OMC-55	2.0	2.0	0.46899559358928117	0.17999999999999994	0.9
272_OMC-55	2.0	2.0	0.5916727785823274	0.24489795918367352	1.0
273_OMC-55	2.0	2.0	0.9182958340544894	0.4444444444444444	1.0
274_OMC-55	1.0	1.0	-0.0	0.0	1.0
275_OMC-55	2.0	2.0	0.7793498372920851	0.3550295857988165	1.0
276_OMC-55	2.0	2.0	0.6500224216483541	0.2777777777777777	1.0
277_OMC-55	2.0	2.0	0.6500224216483541	0.2777777777777777	1.0
278_OMC-55	2.0	2.0	0.6840384356390417	0.2975206611570247	1.0
279_OMC-55	2.0	2.0	0.7219280948873623	0.31999999999999984	1.0
27_OMC-55	2.0	2.0	0.4854607607459134	0.18836565096952906	1.0
280_OMC-55	2.0	2.0	0.8112781244591328	0.375	1.0
281_OMC-55	2.0	2.0	1.0	0.5	1.0
282_OMC-55	2.0	2.0	0.3372900666170139	0.1171875	0.9375
283_OMC-55	2.0	2.0	0.9182958340544894	0.4444444444444444	1.0
284_OMC-55	2.0	2.0	0.4138168503036338	0.1527777777777779	0.9166666666666666
285_OMC-55	2.0	2.0	0.3912435636292556	0.14201183431952646	0.9230769230769231
286_OMC-55	2.0	2.0	0.8112781244591328	0.375	1.0
287_OMC-55	2.0	2.0	0.3533593350214213	0.12444444444444436	0.9333333333333333
288_OMC-55	2.0	2.0	0.5916727785823274	0.24489795918367352	1.0
289_OMC-55	1.0	1.0	-0.0	0.0	1.0
28_OMC-55	2.0	2.0	0.74959525725948	0.33673469387755106	1.0
290_OMC-55	2.0	2.0	0.8112781244591328	0.375	1.0
291_OMC-55	2.0	2.0	0.9709505944546688	0.48	1.0
292_OMC-55	1.0	1.0	-0.0	0.0	1.0
293_OMC-55	1.0	1.0	-0.0	0.0	1.0
294_OMC-55	2.0	2.0	0.9709505944546688	0.48	1.0
295_OMC-55	2.0	2.0	0.8112781244591328	0.375	1.0
296_OMC-55	2.0	2.0	0.6962122601251458	0.3046875	1.0
297_OMC-55	2.0	2.0	0.6500224216483541	0.2777777777777777	1.0
298_OMC-55	1.0	1.0	-0.0	0.0	1.0
299_OMC-55	1.0	1.0	-0.0	0.0	1.0
29_OMC-55	2.0	2.0	0.7642045065086203	0.345679012345679	1.0
2_OMC-55	1.0	1.0	-0.0	0.0	1.0
300_OMC-55	2.0	2.0	0.940285958670631	0.4591836734693877	1.0
301_OMC-55	2.0	2.0	0.8112781244591328	0.375	1.0
302_OMC-55	2.0	2.0	0.954434002924965	0.46875	1.0
303_OMC-55	2.0	2.0	0.4854607607459134	0.18836565096952906	1.0
304_OMC-55	2.0	2.0	0.5665095065529053	0.23111111111111104	1.0
305_OMC-55	2.0	2.0	0.5916727785823274	0.24489795918367352	1.0
306_OMC-55	2.0	2.0	0.6500224216483541	0.2777777777777777	1.0
307_OMC-55	2.0	2.0	0.8739810481273579	0.4152249134948096	1.0
308_OMC-55	1.0	1.0	-0.0	0.0	1.0
309_OMC-55	2.0	2.0	0.6500224216483541	0.2777777777777777	1.0
30_OMC-55	2.0	2.0	0.5032583347756457	0.19753086419753085	1.0
310_OMC-55	2.0	2.0	0.940285958670631	0.4591836734693877	1.0
311_OMC-55	2.0	2.0	0.6500224216483541	0.2777777777777777	1.0
312_OMC-55	1.0	1.0	-0.0	0.0	1.0
313_OMC-55	2.0	2.0	0.7219280948873623	0.31999999999999984	1.0
314_OMC-55	2.0	2.0	0.7642045065086203	0.345679012345679	1.0
315_OMC-55	2.0	2.0	0.5916727785823274	0.24489795918367352	1.0
316_OMC-55	2.0	2.0	0.8739810481273579	0.4152249134948096	1.0
317_OMC-55	2.0	2.0	0.9182958340544894	0.4444444444444444	1.0
318_OMC-55	2.0	2.0	0.8453509366224364	0.39669421487603307	1.0
319_OMC-55	2.0	2.0	0.8314743880097293	0.38781163434903054	1.0
31_OMC-55	1.0	1.0	-0.0	0.0	1.0
320_OMC-55	2.0	2.0	0.8453509366224364	0.39669421487603307	1.0
321_OMC-55	2.0	2.0	0.6193821946787638	0.2603550295857988	1.0
322_OMC-55	1.0	1.0	-0.0	0.0	1.0
323_OMC-55	2.0	2.0	0.787126586201269	0.3598615916955018	1.0
324_OMC-55	2.0	2.0	0.9910760598382222	0.49382716049382713	1.0
325_OMC-55	2.0	2.0	0.8112781244591328	0.375	1.0
326_OMC-55	2.0	2.0	0.7219280948873623	0.31999999999999984	1.0
327_OMC-55	2.0	2.0	0.6500224216483541	0.2777777777777777	1.0
328_OMC-55	2.0	2.0	0.6962122601251458	0.3046875	1.0
329_OMC-55	2.0	2.0	0.5435644431995964	0.21875	1.0
32_OMC-55	2.0	2.0	1.0	0.5	1.0
330_OMC-55	2.0	2.0	0.9182958340544894	0.4444444444444444	1.0
331_OMC-55	2.0	2.0	0.5916727785823274	0.24489795918367352	0.8571428571428572
332_OMC-55	1.0	1.0	-0.0	0.0	1.0
333_OMC-55	2.0	2.0	0.8524051786494786	0.4012345679012346	1.0
334_OMC-55	2.0	2.0	0.5435644431995964	0.21875	1.0
335_OMC-55	1.0	1.0	-0.0	0.0	1.0
336_OMC-55	1.0	1.0	-0.0	0.0	1.0
337_OMC-55	2.0	2.0	0.5225593745369408	0.20761245674740492	1.0
338_OMC-55	2.0	2.0	0.9852281360342515	0.48979591836734704	1.0
339_OMC-55	2.0	2.0	0.5916727785823274	0.24489795918367352	1.0
33_OMC-55	2.0	2.0	0.9182958340544894	0.4444444444444444	1.0
340_OMC-55	2.0	2.0	0.7219280948873623	0.31999999999999984	1.0
341_OMC-55	2.0	2.0	0.8112781244591328	0.375	1.0
342_OMC-55	2.0	2.0	0.9182958340544894	0.4444444444444444	1.0
343_OMC-55	2.0	2.0	0.6962122601251458	0.3046875	1.0
344_OMC-55	2.0	2.0	0.6500224216483541	0.2777777777777777	1.0
345_OMC-55	1.0	1.0	-0.0	0.0	1.0
346_OMC-55	2.0	2.0	0.5032583347756457	0.19753086419753085	1.0
347_OMC-55	2.0	2.0	0.5032583347756457	0.19753086419753085	0.8888888888888888
348_OMC-55	2.0	2.0	0.3095434291503252	0.1049382716049383	0.9444444444444444
349_OMC-55	2.0	2.0	0.6500224216483541	0.2777777777777777	1.0
34_OMC-55	2.0	2.0	0.7219280948873623	0.31999999999999984	1.0
350_OMC-55	2.0	2.0	0.3912435636292556	0.14201183431952646	0.9230769230769231
351_OMC-55	2.0	2.0	0.7219280948873623	0.31999999999999984	1.0
352_OMC-55	1.0	1.0	-0.0	0.0	1.0
353_OMC-55	2.0	2.0	0.5665095065529053	0.23111111111111104	1.0
354_OMC-55	2.0	2.0	0.6962122601251458	0.3046875	1.0
355_OMC-55	1.0	1.0	-0.0	0.0	1.0
356_OMC-55	2.0	2.0	0.5435644431995964	0.21875	1.0
357_OMC-55	2.0	2.0	0.5435644431995964	0.21875	0.875
358_OMC-55	2.0	2.0	0.9182958340544894	0.4444444444444444	1.0
359_OMC-55	2.0	2.0	0.7219280948873623	0.31999999999999984	1.0
35_OMC-55	2.0	2.0	0.6500224216483541	0.2777777777777777	1.0
360_OMC-55	2.0	2.0	0.6500224216483541	0.2777777777777777	1.0
361_OMC-55	2.0	2.0	0.3227569588973983	0.11072664359861584	0.9411764705882353
362_OMC-55	2.0	2.0	0.787126586201269	0.3598615916955018	1.0
363_OMC-55	2.0	2.0	0.5435644431995964	0.21875	1.0
364_OMC-55	2.0	2.0	0.954434002924965	0.46875	1.0
365_OMC-55	1.0	1.0	-0.0	0.0	1.0
366_OMC-55	2.0	2.0	0.9182958340544894	0.4444444444444444	1.0
367_OMC-55	2.0	2.0	0.961236604722876	0.47337278106508873	1.0
368_OMC-55	2.0	2.0	0.7424875695421236	0.3324099722991689	1.0
369_OMC-55	2.0	2.0	0.8112781244591328	0.375	1.0
36_OMC-55	2.0	2.0	0.6193821946787638	0.2603550295857988	1.0
370_OMC-55	2.0	2.0	0.6962122601251458	0.3046875	1.0
371_OMC-55	2.0	2.0	0.43949698692151334	0.16528925619834722	0.9090909090909091
372_OMC-55	1.0	1.0	-0.0	0.0	1.0
373_OMC-55	2.0	2.0	0.8453509366224364	0.39669421487603307	1.0
374_OMC-55	2.0	2.0	0.9182958340544894	0.4444444444444444	1.0
375_OMC-55	2.0	2.0	0.5435644431995964	0.21875	1.0
376_OMC-55	2.0	2.0	0.6500224216483541	0.2777777777777777	1.0
377_OMC-55	2.0	2.0	0.7642045065086203	0.345679012345679	1.0
378_OMC-55	2.0	2.0	1.0	0.5	1.0
379_OMC-55	1.0	1.0	-0.0	0.0	1.0
37_OMC-55	2.0	2.0	0.7642045065086203	0.345679012345679	1.0
380_OMC-55	2.0	2.0	0.7219280948873623	0.31999999999999984	1.0
381_OMC-55	2.0	2.0	0.3712323266408757	0.13265306122448983	0.9285714285714286
382_OMC-55	2.0	2.0	0.8739810481273579	0.4152249134948096	1.0
383_OMC-55	2.0	2.0	0.8314743880097293	0.38781163434903054	1.0
384_OMC-55	2.0	2.0	0.7642045065086203	0.345679012345679	1.0
385_OMC-55	2.0	2.0	0.7793498372920851	0.3550295857988165	1.0
386_OMC-55	2.0	2.0	0.5032583347756457	0.19753086419753085	0.8888888888888888
387_OMC-55	2.0	2.0	0.5665095065529053	0.23111111111111104	1.0
388_OMC-55	2.0	2.0	0.672294817075638	0.2906574394463668	1.0
389_OMC-55	2.0	2.0	0.8812908992306927	0.42000000000000004	1.0
38_OMC-55	2.0	2.0	0.74959525725948	0.33673469387755106	1.0
390_OMC-55	2.0	2.0	0.8524051786494786	0.4012345679012346	1.0
391_OMC-55	1.0	1.0	-0.0	0.0	1.0
392_OMC-55	2.0	2.0	0.43949698692151334	0.16528925619834722	0.9090909090909091
393_OMC-55	1.0	1.0	-0.0	0.0	1.0
394_OMC-55	1.0	1.0	-0.0	0.0	1.0
395_OMC-55	2.0	2.0	0.3912435636292556	0.14201183431952646	0.9230769230769231
396_OMC-55	2.0	2.0	0.7793498372920851	0.3550295857988165	1.0
397_OMC-55	2.0	2.0	0.672294817075638	0.2906574394463668	1.0
398_OMC-55	1.0	1.0	-0.0	0.0	1.0
399_OMC-55	2.0	2.0	0.5032583347756457	0.19753086419753085	1.0
39_OMC-55	2.0	2.0	0.6500224216483541	0.2777777777777777	1.0
3_OMC-55	2.0	2.0	0.5746356978376794	0.23553719008264462	1.0
400_OMC-55	2.0	2.0	0.74959525725948	0.33673469387755106	1.0
401_OMC-55	1.0	1.0	-0.0	0.0	1.0
402_OMC-55	2.0	2.0	0.3095434291503252	0.1049382716049383	0.9444444444444444
403_OMC-55	2.0	2.0	0.8524051786494786	0.4012345679012346	1.0
404_OMC-55	1.0	1.0	-0.0	0.0	1.0
405_OMC-55	2.0	2.0	0.43949698692151334	0.16528925619834722	0.9090909090909091
406_OMC-55	2.0	2.0	0.2761954276479391	0.09070294784580502	0.9523809523809523
407_OMC-55	2.0	2.0	0.9852281360342515	0.48979591836734704	1.0
408_OMC-55	1.0	1.0	-0.0	0.0	1.0
409_OMC-55	2.0	2.0	0.6193821946787638	0.2603550295857988	1.0
40_OMC-55	2.0	2.0	0.7219280948873623	0.31999999999999984	0.8
410_OMC-55	1.0	1.0	-0.0	0.0	1.0
411_OMC-55	2.0	2.0	0.43949698692151334	0.16528925619834722	0.9090909090909091
412_OMC-55	2.0	2.0	0.8453509366224364	0.39669421487603307	1.0
413_OMC-55	2.0	2.0	0.3712323266408757	0.13265306122448983	0.9285714285714286
414_OMC-55	1.0	1.0	-0.0	0.0	1.0
415_OMC-55	1.0	1.0	-0.0	0.0	1.0
416_OMC-55	2.0	2.0	0.7642045065086203	0.345679012345679	1.0
417_OMC-55	2.0	2.0	0.3227569588973983	0.11072664359861584	0.9411764705882353
418_OMC-55	2.0	2.0	0.5032583347756457	0.19753086419753085	0.8888888888888888
419_OMC-55	2.0	2.0	1.0	0.5	1.0
41_OMC-55	2.0	2.0	0.5916727785823274	0.24489795918367352	1.0
420_OMC-55	2.0	2.0	0.5435644431995964	0.21875	1.0
421_OMC-55	2.0	2.0	0.9910760598382222	0.49382716049382713	1.0
422_OMC-55	2.0	2.0	0.8366407419411673	0.3911111111111112	1.0
423_OMC-55	2.0	2.0	0.8112781244591328	0.375	1.0
424_OMC-55	2.0	2.0	0.940285958670631	0.4591836734693877	1.0
425_OMC-55	2.0	2.0	0.74959525725948	0.33673469387755106	1.0
426_OMC-55	2.0	2.0	0.5665095065529053	0.23111111111111104	1.0
427_OMC-55	2.0	2.0	0.8524051786494786	0.4012345679012346	1.0
428_OMC-55	2.0	2.0	0.7642045065086203	0.345679012345679	1.0
429_OMC-55	2.0	2.0	0.7219280948873623	0.31999999999999984	1.0
42_OMC-55	1.0	1.0	-0.0	0.0	1.0
430_OMC-55	2.0	2.0	0.8366407419411673	0.3911111111111112	1.0
431_OMC-55	2.0	2.0	0.5032583347756457	0.19753086419753085	1.0
432_OMC-55	2.0	2.0	0.46899559358928117	0.17999999999999994	1.0
433_OMC-55	2.0	2.0	0.8812908992306927	0.42000000000000004	1.0
434_OMC-55	2.0	2.0	0.6193821946787638	0.2603550295857988	1.0
435_OMC-55	2.0	2.0	0.8366407419411673	0.3911111111111112	1.0
436_OMC-55	1.0	1.0	-0.0	0.0	1.0
437_OMC-55	2.0	2.0	0.672294817075638	0.2906574394463668	1.0
438_OMC-55	2.0	2.0	0.6098403047164005	0.2550000000000001	1.0
439_OMC-55	2.0	2.0	0.8366407419411673	0.3911111111111112	1.0
43_OMC-55	2.0	2.0	0.9182958340544894	0.4444444444444444	0.6666666666666667
440_OMC-55	2.0	2.0	0.8112781244591328	0.375	1.0
441_OMC-55	1.0	1.0	-0.0	0.0	1.0
442_OMC-55	2.0	2.0	1.0	0.5	1.0
443_OMC-55	2.0	2.0	0.8812908992306927	0.42000000000000004	1.0
444_OMC-55	2.0	2.0	0.6962122601251458	0.3046875	1.0
445_OMC-55	1.0	1.0	-0.0	0.0	1.0
446_OMC-55	2.0	2.0	0.7219280948873623	0.31999999999999984	1.0
447_OMC-55	2.0	2.0	0.8631205685666311	0.40816326530612246	1.0
448_OMC-55	2.0	2.0	1.0	0.5	1.0
449_OMC-55	2.0	2.0	0.7793498372920851	0.3550295857988165	1.0
44_OMC-55	1.0	1.0	-0.0	0.0	1.0
450_OMC-55	2.0	2.0	0.5665095065529053	0.23111111111111104	1.0
451_OMC-55	2.0	2.0	0.8631205685666311	0.40816326530612246	1.0
452_OMC-55	1.0	1.0	-0.0	0.0	1.0
453_OMC-55	1.0	1.0	-0.0	0.0	1.0
454_OMC-55	2.0	2.0	0.6098403047164005	0.2550000000000001	1.0
455_OMC-55	1.0	1.0	-0.0	0.0	1.0
456_OMC-55	2.0	2.0	0.7024665512903904	0.308390022675737	1.0
457_OMC-55	2.0	2.0	0.5435644431995964	0.21875	0.875
458_OMC-55	2.0	2.0	0.5665095065529053	0.23111111111111104	1.0
459_OMC-55	2.0	2.0	0.5225593745369408	0.20761245674740492	1.0
45_OMC-55	2.0	2.0	0.6840384356390417	0.2975206611570247	1.0
460_OMC-55	2.0	2.0	0.8960382325345574	0.4296875	1.0
461_OMC-55	2.0	2.0	0.9940302114769566	0.49586776859504145	1.0
462_OMC-55	1.0	1.0	-0.0	0.0	1.0
463_OMC-55	2.0	2.0	0.4537163391869449	0.17233560090702937	1.0
464_OMC-55	1.0	1.0	-0.0	0.0	1.0
465_OMC-55	2.0	2.0	0.9456603046006401	0.4628099173553719	1.0
466_OMC-55	2.0	2.0	0.3227569588973983	0.11072664359861584	0.9411764705882353
467_OMC-55	2.0	2.0	0.3372900666170139	0.1171875	0.9375
468_OMC-55	2.0	2.0	0.6500224216483541	0.2777777777777777	1.0
469_OMC-55	1.0	1.0	-0.0	0.0	1.0
46_OMC-55	2.0	2.0	0.3712323266408757	0.13265306122448983	0.9285714285714286
470_OMC-55	2.0	2.0	0.43949698692151334	0.16528925619834722	0.9090909090909091
471_OMC-55	2.0	2.0	0.7219280948873623	0.31999999999999984	1.0
472_OMC-55	2.0	2.0	0.46899559358928117	0.17999999999999994	0.9
473_OMC-55	1.0	1.0	-0.0	0.0	1.0
474_OMC-55	2.0	2.0	0.3533593350214213	0.12444444444444436	0.9333333333333333
475_OMC-55	2.0	2.0	0.4138168503036338	0.1527777777777779	0.9166666666666666
476_OMC-55	1.0	1.0	-0.0	0.0	1.0
477_OMC-55	2.0	2.0	0.5916727785823274	0.24489795918367352	1.0
478_OMC-55	2.0	2.0	0.3372900666170139	0.1171875	0.9375
479_OMC-55	2.0	2.0	0.5916727785823274	0.24489795918367352	1.0
47_OMC-55	2.0	2.0	0.4138168503036338	0.1527777777777779	0.9166666666666666
480_OMC-55	2.0	2.0	0.3712323266408757	0.13265306122448983	0.9285714285714286
481_OMC-55	2.0	2.0	0.3227569588973983	0.11072664359861584	0.9411764705882353
482_OMC-55	2.0	2.0	0.6840384356390417	0.2975206611570247	1.0
483_OMC-55	2.0	2.0	0.6051865766334205	0.25240054869684503	1.0
484_OMC-55	2.0	2.0	0.8112781244591328	0.375	1.0
485_OMC-55	1.0	1.0	-0.0	0.0	1.0
486_OMC-55	2.0	2.0	0.5435644431995964	0.21875	1.0
487_OMC-55	2.0	2.0	0.9182958340544894	0.4444444444444444	1.0
488_OMC-55	2.0	2.0	0.8524051786494786	0.4012345679012346	1.0
489_OMC-55	2.0	2.0	0.8112781244591328	0.375	1.0
48_OMC-55	2.0	2.0	0.6193821946787638	0.2603550295857988	1.0
490_OMC-55	2.0	2.0	0.5665095065529053	0.23111111111111104	1.0
491_OMC-55	2.0	2.0	0.7793498372920851	0.3550295857988165	1.0
492_OMC-55	2.0	2.0	0.7219280948873623	0.31999999999999984	1.0
493_OMC-55	2.0	2.0	0.7424875695421236	0.3324099722991689	1.0
494_OMC-55	2.0	2.0	0.7219280948873623	0.31999999999999984	1.0
495_OMC-55	2.0	2.0	0.8631205685666311	0.40816326530612246	1.0
496_OMC-55	1.0	1.0	-0.0	0.0	1.0
497_OMC-55	2.0	2.0	0.6500224216483541	0.2777777777777777	1.0
498_OMC-55	1.0	1.0	-0.0	0.0	1.0
499_OMC-55	1.0	1.0	-0.0	0.0	1.0
49_OMC-55	2.0	2.0	0.8453509366224364	0.39669421487603307	1.0
4_OMC-55	2.0	2.0	0.43949698692151334	0.16528925619834722	0.9090909090909091
500_OMC-55	2.0	2.0	0.3912435636292556	0.14201183431952646	0.9230769230769231
501_OMC-55	2.0	2.0	0.43949698692151334	0.16528925619834722	0.9090909090909091
502_OMC-55	2.0	2.0	0.5916727785823274	0.24489795918367352	1.0
503_OMC-55	2.0	2.0	0.7219280948873623	0.31999999999999984	1.0
504_OMC-55	2.0	2.0	0.8366407419411673	0.3911111111111112	1.0
505_OMC-55	2.0	2.0	0.9182958340544894	0.4444444444444444	1.0
506_OMC-55	2.0	2.0	0.4138168503036338	0.1527777777777779	0.9166666666666666
507_OMC-55	1.0	1.0	-0.0	0.0	1.0
508_OMC-55	2.0	2.0	0.8112781244591328	0.375	1.0
509_OMC-55	2.0	2.0	0.6098403047164005	0.2550000000000001	1.0
50_OMC-55	2.0	2.0	0.7793498372920851	0.3550295857988165	1.0
510_OMC-55	2.0	2.0	0.6840384356390417	0.2975206611570247	1.0
511_OMC-55	2.0	2.0	0.6962122601251458	0.3046875	1.0
512_OMC-55	1.0	1.0	-0.0	0.0	1.0
513_OMC-55	2.0	2.0	0.8631205685666311	0.40816326530612246	1.0
514_OMC-55	2.0	2.0	0.940285958670631	0.4591836734693877	1.0
515_OMC-55	2.0	2.0	0.7219280948873623	0.31999999999999984	1.0
516_OMC-55	2.0	2.0	0.961236604722876	0.47337278106508873	1.0
517_OMC-55	1.0	1.0	-0.0	0.0	1.0
518_OMC-55	2.0	2.0	0.6500224216483541	0.2777777777777777	1.0
519_OMC-55	2.0	2.0	0.6500224216483541	0.2777777777777777	1.0
51_OMC-55	1.0	1.0	-0.0	0.0	1.0
520_OMC-55	2.0	2.0	0.5435644431995964	0.21875	1.0
521_OMC-55	2.0	2.0	0.5032583347756457	0.19753086419753085	0.8888888888888888
522_OMC-55	1.0	1.0	-0.0	0.0	1.0
523_OMC-55	2.0	2.0	0.3372900666170139	0.1171875	0.9375
524_OMC-55	2.0	2.0	0.5032583347756457	0.19753086419753085	0.8888888888888888
525_OMC-55	1.0	1.0	-0.0	0.0	1.0
526_OMC-55	1.0	1.0	-0.0	0.0	1.0
527_OMC-55	2.0	2.0	0.7642045065086203	0.345679012345679	1.0
528_OMC-55	1.0	1.0	-0.0	0.0	1.0
529_OMC-55	2.0	2.0	0.9940302114769566	0.49586776859504145	1.0
52_OMC-55	2.0	2.0	0.6193821946787638	0.2603550295857988	1.0
530_OMC-55	1.0	1.0	-0.0	0.0	1.0
531_OMC-55	2.0	2.0	0.8739810481273579	0.4152249134948096	1.0
532_OMC-55	2.0	2.0	0.6193821946787638	0.2603550295857988	1.0
533_OMC-55	2.0	2.0	0.7642045065086203	0.345679012345679	1.0
534_OMC-55	2.0	2.0	0.7642045065086203	0.345679012345679	1.0
535_OMC-55	1.0	1.0	-0.0	0.0	1.0
536_OMC-55	2.0	2.0	0.6962122601251458	0.3046875	1.0
537_OMC-55	1.0	1.0	-0.0	0.0	1.0
538_OMC-55	2.0	2.0	0.7219280948873623	0.31999999999999984	1.0
539_OMC-55	2.0	2.0	0.5665095065529053	0.23111111111111104	1.0
53_OMC-55	2.0	2.0	0.6840384356390417	0.2975206611570247	1.0
540_OMC-55	2.0	2.0	0.3912435636292556	0.14201183431952646	0.9230769230769231
541_OMC-55	2.0	2.0	0.672294817075638	0.2906574394463668	1.0
542_OMC-55	2.0	2.0	0.7793498372920851	0.3550295857988165	1.0
543_OMC-55	2.0	2.0	0.7219280948873623	0.31999999999999984	1.0
544_OMC-55	2.0	2.0	0.6500224216483541	0.2777777777777777	1.0
545_OMC-55	2.0	2.0	0.43949698692151334	0.16528925619834722	0.9090909090909091
546_OMC-55	2.0	2.0	0.6193821946787638	0.2603550295857988	1.0
547_OMC-55	1.0	1.0	-0.0	0.0	1.0
548_OMC-55	2.0	2.0	0.787126586201269	0.3598615916955018	1.0
549_OMC-55	2.0	2.0	0.5665095065529053	0.23111111111111104	1.0
54_OMC-55	2.0	2.0	0.6193821946787638	0.2603550295857988	1.0
550_OMC-55	2.0	2.0	0.5435644431995964	0.21875	1.0
551_OMC-55	2.0	2.0	0.7024665512903904	0.308390022675737	1.0
552_OMC-55	2.0	2.0	0.8112781244591328	0.375	1.0
553_OMC-55	2.0	2.0	0.74959525725948	0.33673469387755106	1.0
554_OMC-55	2.0	2.0	0.7424875695421236	0.3324099722991689	1.0
555_OMC-55	2.0	2.0	0.3712323266408757	0.13265306122448983	0.9285714285714286
556_OMC-55	1.0	1.0	-0.0	0.0	1.0
557_OMC-55	2.0	2.0	0.7424875695421236	0.3324099722991689	1.0
558_OMC-55	2.0	2.0	0.6193821946787638	0.2603550295857988	1.0
559_OMC-55	1.0	1.0	-0.0	0.0	1.0
55_OMC-55	2.0	2.0	0.7642045065086203	0.345679012345679	1.0
560_OMC-55	2.0	2.0	0.5665095065529053	0.23111111111111104	1.0
561_OMC-55	2.0	2.0	0.6962122601251458	0.3046875	1.0
562_OMC-55	2.0	2.0	0.6962122601251458	0.3046875	1.0
563_OMC-55	2.0	2.0	0.6962122601251458	0.3046875	1.0
564_OMC-55	1.0	1.0	-0.0	0.0	1.0
565_OMC-55	2.0	2.0	0.74959525725948	0.33673469387755106	1.0
566_OMC-55	2.0	2.0	0.5916727785823274	0.24489795918367352	1.0
567_OMC-55	2.0	2.0	0.43949698692151334	0.16528925619834722	0.9090909090909091
568_OMC-55	2.0	2.0	0.8453509366224364	0.39669421487603307	1.0
569_OMC-55	2.0	2.0	0.43949698692151334	0.16528925619834722	0.9090909090909091
56_OMC-55	2.0	2.0	0.6962122601251458	0.3046875	1.0
570_OMC-55	2.0	2.0	0.7793498372920851	0.3550295857988165	1.0
571_OMC-55	2.0	2.0	0.7642045065086203	0.345679012345679	1.0
572_OMC-55	2.0	2.0	0.6840384356390417	0.2975206611570247	1.0
573_OMC-55	2.0	2.0	0.6500224216483541	0.2777777777777777	1.0
574_OMC-55	2.0	2.0	0.5032583347756457	0.19753086419753085	0.8888888888888888
575_OMC-55	2.0	2.0	0.7642045065086203	0.345679012345679	1.0
576_OMC-55	1.0	1.0	-0.0	0.0	1.0
577_OMC-55	1.0	1.0	-0.0	0.0	1.0
578_OMC-55	2.0	2.0	0.9852281360342515	0.48979591836734704	1.0
579_OMC-55	2.0	2.0	0.6840384356390417	0.2975206611570247	1.0
57_OMC-55	2.0	2.0	0.8112781244591328	0.375	1.0
580_OMC-55	2.0	2.0	0.3227569588973983	0.11072664359861584	0.9411764705882353
581_OMC-55	2.0	2.0	0.5032583347756457	0.19753086419753085	0.8888888888888888
582_OMC-55	2.0	2.0	0.9852281360342515	0.48979591836734704	1.0
583_OMC-55	2.0	2.0	0.7642045065086203	0.345679012345679	1.0
584_OMC-55	2.0	2.0	0.6500224216483541	0.2777777777777777	1.0
585_OMC-55	2.0	2.0	0.7793498372920851	0.3550295857988165	1.0
586_OMC-55	2.0	2.0	0.9182958340544894	0.4444444444444444	1.0
587_OMC-55	2.0	2.0	0.5225593745369408	0.20761245674740492	1.0
588_OMC-55	2.0	2.0	0.9182958340544894	0.4444444444444444	1.0
589_OMC-55	2.0	2.0	1.0	0.5	1.0
58_OMC-55	1.0	1.0	-0.0	0.0	1.0
590_OMC-55	2.0	2.0	0.961236604722876	0.47337278106508873	1.0
591_OMC-55	2.0	2.0	0.6193821946787638	0.2603550295857988	1.0
592_OMC-55	2.0	2.0	0.7793498372920851	0.3550295857988165	1.0
593_OMC-55	2.0	2.0	0.8631205685666311	0.40816326530612246	1.0
594_OMC-55	2.0	2.0	0.672294817075638	0.2906574394463668	1.0
595_OMC-55	2.0	2.0	0.7642045065086203	0.345679012345679	1.0
596_OMC-55	2.0	2.0	0.7219280948873623	0.31999999999999984	1.0
597_OMC-55	1.0	1.0	-0.0	0.0	1.0
598_OMC-55	2.0	2.0	0.9182958340544894	0.4444444444444444	1.0
599_OMC-55	2.0	2.0	0.7219280948873623	0.31999999999999984	1.0
59_OMC-55	1.0	1.0	-0.0	0.0	1.0
5_OMC-55	2.0	2.0	0.6840384356390417	0.2975206611570247	1.0
600_OMC-55	2.0	2.0	0.5665095065529053	0.23111111111111104	1.0
601_OMC-55	2.0	2.0	0.9182958340544894	0.4444444444444444	1.0
602_OMC-55	2.0	2.0	0.8112781244591328	0.375	1.0
603_OMC-55	2.0	2.0	0.4854607607459134	0.18836565096952906	1.0
604_OMC-55	1.0	1.0	-0.0	0.0	1.0
605_OMC-55	2.0	2.0	0.3912435636292556	0.14201183431952646	0.9230769230769231
606_OMC-55	2.0	2.0	0.6500224216483541	0.2777777777777777	1.0
607_OMC-55	2.0	2.0	0.3912435636292556	0.14201183431952646	0.9230769230769231
608_OMC-55	2.0	2.0	0.954434002924965	0.46875	1.0
609_OMC-55	2.0	2.0	0.8739810481273579	0.4152249134948096	1.0
60_OMC-55	2.0	2.0	0.3912435636292556	0.14201183431952646	0.9230769230769231
610_OMC-55	1.0	1.0	-0.0	0.0	1.0
611_OMC-55	2.0	2.0	0.5032583347756457	0.19753086419753085	0.8888888888888888
612_OMC-55	2.0	2.0	0.7219280948873623	0.31999999999999984	1.0
613_OMC-55	2.0	2.0	0.6098403047164005	0.2550000000000001	1.0
614_OMC-55	2.0	2.0	0.9709505944546688	0.48	1.0
615_OMC-55	2.0	2.0	0.3912435636292556	0.14201183431952646	0.9230769230769231
616_OMC-55	2.0	2.0	0.9182958340544894	0.4444444444444444	1.0
617_OMC-55	2.0	2.0	0.7219280948873623	0.31999999999999984	0.8
618_OMC-55	1.0	1.0	-0.0	0.0	1.0
619_OMC-55	1.0	1.0	-0.0	0.0	0.0
61_OMC-55	2.0	2.0	0.5225593745369408	0.20761245674740492	1.0
620_OMC-55	2.0	2.0	0.9182958340544894	0.4444444444444444	1.0
621_OMC-55	2.0	2.0	0.8112781244591328	0.375	1.0
622_OMC-55	2.0	2.0	0.7219280948873623	0.31999999999999984	1.0
623_OMC-55	1.0	1.0	-0.0	0.0	1.0
624_OMC-55	2.0	2.0	0.8112781244591328	0.375	1.0
625_OMC-55	2.0	2.0	0.5665095065529053	0.23111111111111104	1.0
626_OMC-55	2.0	2.0	0.8453509366224364	0.39669421487603307	1.0
627_OMC-55	2.0	2.0	0.6193821946787638	0.2603550295857988	1.0
628_OMC-55	2.0	2.0	0.7793498372920851	0.3550295857988165	1.0
629_OMC-55	2.0	2.0	0.6500224216483541	0.2777777777777777	1.0
62_OMC-55	1.0	1.0	-0.0	0.0	1.0
630_OMC-55	2.0	2.0	0.9182958340544894	0.4444444444444444	1.0
631_OMC-55	2.0	2.0	0.7642045065086203	0.345679012345679	1.0
632_OMC-55	2.0	2.0	0.7219280948873623	0.31999999999999984	1.0
633_OMC-55	1.0	1.0	-0.0	0.0	1.0
634_OMC-55	1.0	1.0	-0.0	0.0	1.0
635_OMC-55	1.0	1.0	-0.0	0.0	1.0
636_OMC-55	1.0	1.0	-0.0	0.0	1.0
637_OMC-55	2.0	2.0	0.8453509366224364	0.39669421487603307	1.0
638_OMC-55	1.0	1.0	-0.0	0.0	1.0
639_OMC-55	2.0	2.0	0.74959525725948	0.33673469387755106	1.0
63_OMC-55	2.0	2.0	0.46899559358928117	0.17999999999999994	0.9
640_OMC-55	1.0	1.0	-0.0	0.0	1.0
641_OMC-55	2.0	2.0	1.0	0.5	1.0
642_OMC-55	2.0	2.0	0.74959525725948	0.33673469387755106	1.0
643_OMC-55	2.0	2.0	0.8812908992306927	0.42000000000000004	1.0
644_OMC-55	1.0	1.0	-0.0	0.0	1.0
645_OMC-55	2.0	2.0	0.672294817075638	0.2906574394463668	1.0
646_OMC-55	2.0	2.0	0.8112781244591328	0.375	1.0
647_OMC-55	2.0	2.0	0.7793498372920851	0.3550295857988165	1.0
648_OMC-55	2.0	2.0	0.5665095065529053	0.23111111111111104	1.0
649_OMC-55	2.0	2.0	0.8112781244591328	0.375	1.0
64_OMC-55	2.0	2.0	0.6840384356390417	0.2975206611570247	1.0
650_OMC-55	2.0	2.0	0.5916727785823274	0.24489795918367352	1.0
651_OMC-55	1.0	1.0	-0.0	0.0	1.0
652_OMC-55	2.0	2.0	0.5435644431995964	0.21875	0.875
653_OMC-55	2.0	2.0	0.7642045065086203	0.345679012345679	1.0
654_OMC-55	2.0	2.0	0.8366407419411673	0.3911111111111112	1.0
655_OMC-55	1.0	1.0	-0.0	0.0	1.0
656_OMC-55	1.0	1.0	-0.0	0.0	1.0
657_OMC-55	2.0	2.0	0.43949698692151334	0.16528925619834722	0.9090909090909091
658_OMC-55	2.0	2.0	0.7642045065086203	0.345679012345679	1.0
659_OMC-55	1.0	1.0	-0.0	0.0	1.0
65_OMC-55	2.0	2.0	0.6098403047164005	0.2550000000000001	1.0
660_OMC-55	2.0	2.0	0.6193821946787638	0.2603550295857988	1.0
661_OMC-55	2.0	2.0	0.7219280948873623	0.31999999999999984	1.0
662_OMC-55	2.0	2.0	0.954434002924965	0.46875	1.0
663_OMC-55	1.0	1.0	-0.0	0.0	1.0
664_OMC-55	2.0	2.0	0.672294817075638	0.2906574394463668	1.0
665_OMC-55	2.0	2.0	0.6500224216483541	0.2777777777777777	1.0
666_OMC-55	2.0	2.0	0.8453509366224364	0.39669421487603307	1.0
667_OMC-55	2.0	2.0	0.8812908992306927	0.42000000000000004	1.0
668_OMC-55	1.0	1.0	-0.0	0.0	1.0
669_OMC-55	2.0	2.0	0.7219280948873623	0.31999999999999984	1.0
66_OMC-55	2.0	2.0	0.3372900666170139	0.1171875	0.9375
670_OMC-55	2.0	2.0	0.6292492238560347	0.2659279778393353	1.0
671_OMC-55	2.0	2.0	0.3712323266408757	0.13265306122448983	0.9285714285714286
672_OMC-55	2.0	2.0	0.4138168503036338	0.1527777777777779	0.9166666666666666
673_OMC-55	2.0	2.0	0.8453509366224364	0.39669421487603307	1.0
674_OMC-55	2.0	2.0	0.9182958340544894	0.4444444444444444	1.0
675_OMC-55	1.0	1.0	-0.0	0.0	1.0
676_OMC-55	1.0	1.0	-0.0	0.0	1.0
677_OMC-55	2.0	2.0	0.5916727785823274	0.24489795918367352	1.0
678_OMC-55	1.0	1.0	-0.0	0.0	1.0
679_OMC-55	2.0	2.0	0.8112781244591328	0.375	1.0
67_OMC-55	2.0	2.0	0.7219280948873623	0.31999999999999984	1.0
680_OMC-55	2.0	2.0	0.7642045065086203	0.345679012345679	1.0
681_OMC-55	2.0	2.0	0.5032583347756457	0.19753086419753085	0.8888888888888888
682_OMC-55	1.0	1.0	-0.0	0.0	1.0
683_OMC-55	2.0	2.0	0.8112781244591328	0.375	1.0
684_OMC-55	2.0	2.0	0.7642045065086203	0.345679012345679	1.0
685_OMC-55	2.0	2.0	0.8524051786494786	0.4012345679012346	1.0
686_OMC-55	2.0	2.0	0.7732266742876345	0.35123966942148765	1.0
687_OMC-55	2.0	2.0	0.7793498372920851	0.3550295857988165	1.0
688_OMC-55	1.0	1.0	-0.0	0.0	1.0
689_OMC-55	1.0	1.0	-0.0	0.0	1.0
68_OMC-55	1.0	1.0	-0.0	0.0	1.0
690_OMC-55	2.0	2.0	0.3533593350214213	0.12444444444444436	0.9333333333333333
691_OMC-55	2.0	2.0	0.5916727785823274	0.24489795918367352	1.0
692_OMC-55	2.0	2.0	0.46899559358928117	0.17999999999999994	1.0
693_OMC-55	2.0	2.0	0.6193821946787638	0.2603550295857988	1.0
694_OMC-55	2.0	2.0	0.8366407419411673	0.3911111111111112	1.0
695_OMC-55	2.0	2.0	0.8112781244591328	0.375	1.0
696_OMC-55	2.0	2.0	0.6500224216483541	0.2777777777777777	1.0
697_OMC-55	2.0	2.0	0.7219280948873623	0.31999999999999984	1.0
698_OMC-55	2.0	2.0	0.8453509366224364	0.39669421487603307	1.0
699_OMC-55	2.0	2.0	0.6500224216483541	0.2777777777777777	1.0
69_OMC-55	2.0	2.0	0.9852281360342515	0.48979591836734704	1.0
6_OMC-55	1.0	1.0	-0.0	0.0	1.0
700_OMC-55	2.0	2.0	0.8960382325345574	0.4296875	1.0
701_OMC-55	1.0	1.0	-0.0	0.0	1.0
702_OMC-55	2.0	2.0	0.5665095065529053	0.23111111111111104	1.0
703_OMC-55	2.0	2.0	0.8524051786494786	0.4012345679012346	1.0
704_OMC-55	1.0	1.0	-0.0	0.0	1.0
705_OMC-55	2.0	2.0	0.6840384356390417	0.2975206611570247	1.0
706_OMC-55	1.0	1.0	-0.0	0.0	1.0
707_OMC-55	2.0	2.0	1.0	0.5	1.0
708_OMC-55	2.0	2.0	0.7642045065086203	0.345679012345679	1.0
709_OMC-55	2.0	2.0	0.6193821946787638	0.2603550295857988	1.0
70_OMC-55	2.0	2.0	0.9182958340544894	0.4444444444444444	1.0
710_OMC-55	2.0	2.0	0.5916727785823274	0.24489795918367352	1.0
711_OMC-55	2.0	2.0	0.9709505944546688	0.48	1.0
712_OMC-55	2.0	2.0	0.8366407419411673	0.3911111111111112	1.0
713_OMC-55	2.0	2.0	0.7219280948873623	0.31999999999999984	1.0
714_OMC-55	2.0	2.0	0.5435644431995964	0.21875	1.0
715_OMC-55	2.0	2.0	0.8112781244591328	0.375	1.0
716_OMC-55	2.0	2.0	0.8631205685666311	0.40816326530612246	1.0
717_OMC-55	2.0	2.0	0.6840384356390417	0.2975206611570247	1.0
718_OMC-55	2.0	2.0	0.3095434291503252	0.1049382716049383	0.9444444444444444
719_OMC-55	2.0	2.0	0.672294817075638	0.2906574394463668	1.0
71_OMC-55	2.0	2.0	0.8524051786494786	0.4012345679012346	1.0
720_OMC-55	2.0	2.0	0.9910760598382222	0.49382716049382713	1.0
721_OMC-55	2.0	2.0	0.8631205685666311	0.40816326530612246	1.0
722_OMC-55	2.0	2.0	0.6840384356390417	0.2975206611570247	1.0
723_OMC-55	2.0	2.0	0.6193821946787638	0.2603550295857988	1.0
724_OMC-55	1.0	1.0	-0.0	0.0	1.0
725_OMC-55	2.0	2.0	0.8112781244591328	0.375	1.0
726_OMC-55	1.0	1.0	-0.0	0.0	1.0
727_OMC-55	2.0	2.0	0.5665095065529053	0.23111111111111104	1.0
728_OMC-55	1.0	1.0	-0.0	0.0	1.0
729_OMC-55	2.0	2.0	0.7219280948873623	0.31999999999999984	1.0
72_OMC-55	2.0	2.0	0.6962122601251458	0.3046875	1.0
730_OMC-55	1.0	1.0	-0.0	0.0	1.0
731_OMC-55	2.0	2.0	0.7219280948873623	0.31999999999999984	1.0
732_OMC-55	2.0	2.0	0.7219280948873623	0.31999999999999984	1.0
733_OMC-55	2.0	2.0	0.8453509366224364	0.39669421487603307	1.0
734_OMC-55	1.0	1.0	-0.0	0.0	1.0
735_OMC-55	2.0	2.0	0.7732266742876345	0.35123966942148765	1.0
736_OMC-55	2.0	2.0	0.8112781244591328	0.375	1.0
737_OMC-55	2.0	2.0	0.672294817075638	0.2906574394463668	1.0
738_OMC-55	1.0	1.0	-0.0	0.0	1.0
739_OMC-55	2.0	2.0	0.8812908992306927	0.42000000000000004	1.0
73_OMC-55	2.0	2.0	0.6098403047164005	0.2550000000000001	1.0
740_OMC-55	2.0	2.0	0.8366407419411673	0.3911111111111112	1.0
741_OMC-55	2.0	2.0	0.6193821946787638	0.2603550295857988	1.0
742_OMC-55	1.0	1.0	-0.0	0.0	1.0
743_OMC-55	2.0	2.0	0.9852281360342515	0.48979591836734704	1.0
744_OMC-55	2.0	2.0	0.954434002924965	0.46875	1.0
745_OMC-55	2.0	2.0	0.5916727785823274	0.24489795918367352	1.0
746_OMC-55	2.0	2.0	0.9910760598382222	0.49382716049382713	1.0
747_OMC-55	2.0	2.0	0.3712323266408757	0.13265306122448983	0.9285714285714286
748_OMC-55	2.0	2.0	0.4854607607459134	0.18836565096952906	1.0
749_OMC-55	2.0	2.0	0.7642045065086203	0.345679012345679	1.0
74_OMC-55	2.0	2.0	0.5435644431995964	0.21875	1.0
750_OMC-55	2.0	2.0	0.5916727785823274	0.24489795918367352	1.0
751_OMC-55	2.0	2.0	0.9852281360342515	0.48979591836734704	1.0
752_OMC-55	2.0	2.0	0.9798687566511527	0.48611111111111105	1.0
753_OMC-55	1.0	1.0	-0.0	0.0	1.0
754_OMC-55	2.0	2.0	0.5916727785823274	0.24489795918367352	1.0
755_OMC-55	2.0	2.0	0.7219280948873623	0.31999999999999984	0.8
756_OMC-55	2.0	2.0	0.7219280948873623	0.31999999999999984	0.8
757_OMC-55	2.0	2.0	0.6193821946787638	0.2603550295857988	1.0
758_OMC-55	2.0	2.0	0.5435644431995964	0.21875	1.0
759_OMC-55	2.0	2.0	0.7219280948873623	0.31999999999999984	1.0
75_OMC-55	2.0	2.0	0.8112781244591328	0.375	1.0
760_OMC-55	2.0	2.0	0.7219280948873623	0.31999999999999984	1.0
761_OMC-55	2.0	2.0	0.8631205685666311	0.40816326530612246	1.0
762_OMC-55	2.0	2.0	0.5916727785823274	0.24489795918367352	0.8571428571428572
763_OMC-55	2.0	2.0	0.8524051786494786	0.4012345679012346	1.0
764_OMC-55	2.0	2.0	0.7219280948873623	0.31999999999999984	1.0
765_OMC-55	2.0	2.0	0.5665095065529053	0.23111111111111104	1.0
766_OMC-55	2.0	2.0	0.6840384356390417	0.2975206611570247	1.0
767_OMC-55	2.0	2.0	0.8112781244591328	0.375	1.0
768_OMC-55	2.0	2.0	0.7219280948873623	0.31999999999999984	1.0
769_OMC-55	2.0	2.0	0.2863969571159562	0.09500000000000008	0.95
76_OMC-55	2.0	2.0	0.7793498372920851	0.3550295857988165	1.0
770_OMC-55	2.0	2.0	0.9182958340544894	0.4444444444444444	1.0
771_OMC-55	1.0	1.0	-0.0	0.0	1.0
772_OMC-55	2.0	2.0	0.5032583347756457	0.19753086419753085	0.8888888888888888
773_OMC-55	2.0	2.0	0.6292492238560347	0.2659279778393353	1.0
774_OMC-55	2.0	2.0	0.9182958340544894	0.4444444444444444	0.6666666666666667
775_OMC-55	2.0	2.0	0.8366407419411673	0.3911111111111112	1.0
776_OMC-55	2.0	2.0	0.6193821946787638	0.2603550295857988	1.0
777_OMC-55	2.0	2.0	0.3712323266408757	0.13265306122448983	0.9285714285714286
778_OMC-55	2.0	2.0	0.6292492238560347	0.2659279778393353	1.0
779_OMC-55	2.0	2.0	0.6962122601251458	0.3046875	1.0
77_OMC-55	2.0	2.0	0.961236604722876	0.47337278106508873	1.0
780_OMC-55	2.0	2.0	0.5225593745369408	0.20761245674740492	1.0
781_OMC-55	1.0	1.0	-0.0	0.0	1.0
782_OMC-55	2.0	2.0	0.5665095065529053	0.23111111111111104	1.0
783_OMC-55	2.0	2.0	0.8112781244591328	0.375	1.0
784_OMC-55	2.0	2.0	0.7219280948873623	0.31999999999999984	1.0
785_OMC-55	2.0	2.0	0.6193821946787638	0.2603550295857988	1.0
786_OMC-55	2.0	2.0	0.5032583347756457	0.19753086419753085	1.0
787_OMC-55	2.0	2.0	0.9182958340544894	0.4444444444444444	1.0
788_OMC-55	2.0	2.0	0.7219280948873623	0.31999999999999984	1.0
789_OMC-55	2.0	2.0	0.787126586201269	0.3598615916955018	1.0
78_OMC-55	2.0	2.0	0.8112781244591328	0.375	1.0
790_OMC-55	2.0	2.0	0.7793498372920851	0.3550295857988165	1.0
791_OMC-55	1.0	1.0	-0.0	0.0	1.0
792_OMC-55	2.0	2.0	0.4537163391869449	0.17233560090702937	1.0
793_OMC-55	1.0	1.0	-0.0	0.0	1.0
794_OMC-55	2.0	2.0	0.8112781244591328	0.375	1.0
795_OMC-55	1.0	1.0	-0.0	0.0	1.0
796_OMC-55	2.0	2.0	0.6500224216483541	0.2777777777777777	1.0
797_OMC-55	2.0	2.0	0.6098403047164005	0.2550000000000001	1.0
798_OMC-55	1.0	1.0	-0.0	0.0	1.0
799_OMC-55	1.0	1.0	-0.0	0.0	1.0
79_OMC-55	2.0	2.0	0.3533593350214213	0.12444444444444436	0.9333333333333333
7_OMC-55	2.0	2.0	0.7793498372920851	0.3550295857988165	1.0
800_OMC-55	2.0	2.0	0.3533593350214213	0.12444444444444436	0.9333333333333333
801_OMC-55	1.0	1.0	-0.0	0.0	1.0
802_OMC-55	2.0	2.0	0.46899559358928117	0.17999999999999994	1.0
803_OMC-55	2.0	2.0	0.4138168503036338	0.1527777777777779	0.9166666666666666
804_OMC-55	1.0	1.0	-0.0	0.0	1.0
805_OMC-55	2.0	2.0	0.74959525725948	0.33673469387755106	1.0
806_OMC-55	2.0	2.0	0.9182958340544894	0.4444444444444444	0.6666666666666667
807_OMC-55	2.0	2.0	0.8453509366224364	0.39669421487603307	1.0
808_OMC-55	2.0	2.0	0.5916727785823274	0.24489795918367352	0.8571428571428572
809_OMC-55	2.0	2.0	0.6193821946787638	0.2603550295857988	1.0
80_OMC-55	2.0	2.0	0.3712323266408757	0.13265306122448983	0.9285714285714286
810_OMC-55	1.0	1.0	-0.0	0.0	1.0
811_OMC-55	2.0	2.0	0.7642045065086203	0.345679012345679	1.0
812_OMC-55	2.0	2.0	0.8112781244591328	0.375	1.0
813_OMC-55	2.0	2.0	0.9798687566511527	0.48611111111111105	1.0
814_OMC-55	2.0	2.0	0.8314743880097293	0.38781163434903054	1.0
815_OMC-55	2.0	2.0	0.5665095065529053	0.23111111111111104	1.0
816_OMC-55	2.0	2.0	0.7219280948873623	0.31999999999999984	1.0
817_OMC-55	2.0	2.0	0.6500224216483541	0.2777777777777777	1.0
818_OMC-55	1.0	1.0	-0.0	0.0	1.0
819_OMC-55	2.0	2.0	0.3712323266408757	0.13265306122448983	0.9285714285714286
81_OMC-55	1.0	1.0	-0.0	0.0	1.0
820_OMC-55	2.0	2.0	0.672294817075638	0.2906574394463668	1.0
821_OMC-55	2.0	2.0	0.7219280948873623	0.31999999999999984	1.0
822_OMC-55	2.0	2.0	0.5435644431995964	0.21875	1.0
823_OMC-55	2.0	2.0	0.3712323266408757	0.13265306122448983	0.9285714285714286
824_OMC-55	2.0	2.0	0.6500224216483541	0.2777777777777777	1.0
825_OMC-55	1.0	1.0	-0.0	0.0	1.0
826_OMC-55	2.0	2.0	0.7062740891876007	0.3106508875739644	1.0
827_OMC-55	2.0	2.0	0.5225593745369408	0.20761245674740492	1.0
828_OMC-55	2.0	2.0	0.9182958340544894	0.4444444444444444	1.0
829_OMC-55	2.0	2.0	0.961236604722876	0.47337278106508873	1.0
82_OMC-55	1.0	1.0	-0.0	0.0	1.0
830_OMC-55	1.0	1.0	-0.0	0.0	1.0
831_OMC-55	1.0	1.0	-0.0	0.0	1.0
832_OMC-55	2.0	2.0	0.8314743880097293	0.38781163434903054	1.0
833_OMC-55	1.0	1.0	-0.0	0.0	1.0
834_OMC-55	2.0	2.0	0.6500224216483541	0.2777777777777777	1.0
835_OMC-55	2.0	2.0	0.3095434291503252	0.1049382716049383	0.9444444444444444
836_OMC-55	2.0	2.0	0.7793498372920851	0.3550295857988165	1.0
837_OMC-55	2.0	2.0	0.8112781244591328	0.375	1.0
838_OMC-55	2.0	2.0	0.6343095546405662	0.26880000000000015	1.0
839_OMC-55	2.0	2.0	0.8812908992306927	0.42000000000000004	1.0
83_OMC-55	1.0	1.0	-0.0	0.0	1.0
840_OMC-55	2.0	2.0	0.5032583347756457	0.19753086419753085	1.0
841_OMC-55	1.0	1.0	-0.0	0.0	1.0
842_OMC-55	2.0	2.0	0.8812908992306927	0.42000000000000004	1.0
843_OMC-55	2.0	2.0	0.7793498372920851	0.3550295857988165	1.0
844_OMC-55	2.0	2.0	0.6962122601251458	0.3046875	1.0
845_OMC-55	2.0	2.0	0.7219280948873623	0.31999999999999984	1.0
846_OMC-55	1.0	1.0	-0.0	0.0	1.0
847_OMC-55	2.0	2.0	0.6500224216483541	0.2777777777777777	1.0
848_OMC-55	2.0	2.0	0.8366407419411673	0.3911111111111112	1.0
849_OMC-55	2.0	2.0	0.3533593350214213	0.12444444444444436	0.9333333333333333
84_OMC-55	2.0	2.0	0.3533593350214213	0.12444444444444436	0.9333333333333333
850_OMC-55	2.0	2.0	0.8631205685666311	0.40816326530612246	1.0
851_OMC-55	2.0	2.0	0.5665095065529053	0.23111111111111104	1.0
852_OMC-55	2.0	2.0	0.6500224216483541	0.2777777777777777	1.0
853_OMC-55	2.0	2.0	0.7219280948873623	0.31999999999999984	1.0
854_OMC-55	2.0	2.0	0.3533593350214213	0.12444444444444436	0.9333333333333333
855_OMC-55	2.0	2.0	0.6193821946787638	0.2603550295857988	1.0
856_OMC-55	2.0	2.0	0.8453509366224364	0.39669421487603307	1.0
857_OMC-55	2.0	2.0	0.6500224216483541	0.2777777777777777	1.0
858_OMC-55	2.0	2.0	0.6500224216483541	0.2777777777777777	1.0
859_OMC-55	2.0	2.0	0.74959525725948	0.33673469387755106	1.0
85_OMC-55	2.0	2.0	0.5916727785823274	0.24489795918367352	1.0
860_OMC-55	2.0	2.0	0.3912435636292556	0.14201183431952646	0.9230769230769231
861_OMC-55	2.0	2.0	0.672294817075638	0.2906574394463668	1.0
862_OMC-55	2.0	2.0	0.2761954276479391	0.09070294784580502	0.9523809523809523
863_OMC-55	2.0	2.0	0.4537163391869449	0.17233560090702937	1.0
864_OMC-55	2.0	2.0	0.9940302114769566	0.49586776859504145	1.0
865_OMC-55	2.0	2.0	0.4138168503036338	0.1527777777777779	0.9166666666666666
866_OMC-55	2.0	2.0	0.3712323266408757	0.13265306122448983	0.9285714285714286
867_OMC-55	2.0	2.0	0.8631205685666311	0.40816326530612246	1.0
868_OMC-55	2.0	2.0	0.6193821946787638	0.2603550295857988	1.0
869_OMC-55	2.0	2.0	0.6193821946787638	0.2603550295857988	1.0
86_OMC-55	2.0	2.0	0.46899559358928117	0.17999999999999994	1.0
870_OMC-55	2.0	2.0	0.7219280948873623	0.31999999999999984	1.0
871_OMC-55	2.0	2.0	0.7793498372920851	0.3550295857988165	1.0
872_OMC-55	2.0	2.0	0.7793498372920851	0.3550295857988165	1.0
873_OMC-55	1.0	1.0	-0.0	0.0	1.0
874_OMC-55	2.0	2.0	0.8524051786494786	0.4012345679012346	1.0
875_OMC-55	1.0	1.0	-0.0	0.0	1.0
876_OMC-55	2.0	2.0	0.9910760598382222	0.49382716049382713	1.0
877_OMC-55	2.0	2.0	0.6500224216483541	0.2777777777777777	1.0
878_OMC-55	2.0	2.0	0.6193821946787638	0.2603550295857988	1.0
879_OMC-55	2.0	2.0	0.6962122601251458	0.3046875	1.0
87_OMC-55	2.0	2.0	0.672294817075638	0.2906574394463668	1.0
880_OMC-55	2.0	2.0	0.5032583347756457	0.19753086419753085	0.8888888888888888
881_OMC-55	2.0	2.0	0.6840384356390417	0.2975206611570247	1.0
882_OMC-55	2.0	2.0	0.7219280948873623	0.31999999999999984	1.0
883_OMC-55	2.0	2.0	0.8960382325345574	0.4296875	1.0
884_OMC-55	2.0	2.0	0.3912435636292556	0.14201183431952646	0.9230769230769231
885_OMC-55	2.0	2.0	0.672294817075638	0.2906574394463668	1.0
886_OMC-55	2.0	2.0	0.6665783579949205	0.2873345935727789	1.0
887_OMC-55	1.0	1.0	-0.0	0.0	1.0
888_OMC-55	2.0	2.0	0.6500224216483541	0.2777777777777777	1.0
889_OMC-55	2.0	2.0	0.6962122601251458	0.3046875	1.0
88_OMC-55	2.0	2.0	0.6840384356390417	0.2975206611570247	1.0
890_OMC-55	2.0	2.0	0.8366407419411673	0.3911111111111112	1.0
891_OMC-55	2.0	2.0	0.5032583347756457	0.19753086419753085	0.8888888888888888
892_OMC-55	2.0	2.0	0.6500224216483541	0.2777777777777777	1.0
893_OMC-55	2.0	2.0	0.9182958340544894	0.4444444444444444	1.0
894_OMC-55	1.0	1.0	-0.0	0.0	1.0
895_OMC-55	2.0	2.0	0.9456603046006401	0.4628099173553719	1.0
896_OMC-55	1.0	1.0	-0.0	0.0	1.0
897_OMC-55	2.0	2.0	0.6840384356390417	0.2975206611570247	1.0
898_OMC-55	2.0	2.0	0.8453509366224364	0.39669421487603307	1.0
899_OMC-55	2.0	2.0	0.8453509366224364	0.39669421487603307	1.0
89_OMC-55	2.0	2.0	0.3372900666170139	0.1171875	0.9375
8_OMC-55	2.0	2.0	0.5032583347756457	0.19753086419753085	1.0
900_OMC-55	1.0	1.0	-0.0	0.0	1.0
901_OMC-55	2.0	2.0	0.9182958340544894	0.4444444444444444	1.0
902_OMC-55	2.0	2.0	0.7219280948873623	0.31999999999999984	1.0
903_OMC-55	2.0	2.0	0.7793498372920851	0.3550295857988165	1.0
904_OMC-55	2.0	2.0	0.954434002924965	0.46875	1.0
905_OMC-55	2.0	2.0	0.7793498372920851	0.3550295857988165	1.0
906_OMC-55	2.0	2.0	0.8453509366224364	0.39669421487603307	1.0
907_OMC-55	2.0	2.0	0.5916727785823274	0.24489795918367352	0.8571428571428572
908_OMC-55	2.0	2.0	0.6962122601251458	0.3046875	1.0
909_OMC-55	2.0	2.0	0.74959525725948	0.33673469387755106	1.0
90_OMC-55	2.0	2.0	0.6193821946787638	0.2603550295857988	1.0
910_OMC-55	2.0	2.0	0.6500224216483541	0.2777777777777777	1.0
911_OMC-55	1.0	1.0	-0.0	0.0	1.0
912_OMC-55	2.0	2.0	0.8904916402194913	0.42603550295857995	1.0
913_OMC-55	1.0	1.0	-0.0	0.0	1.0
914_OMC-55	2.0	2.0	0.8112781244591328	0.375	1.0
915_OMC-55	2.0	2.0	0.672294817075638	0.2906574394463668	1.0
916_OMC-55	2.0	2.0	0.9182958340544894	0.4444444444444444	1.0
917_OMC-55	2.0	2.0	0.6500224216483541	0.2777777777777777	1.0
918_OMC-55	2.0	2.0	0.672294817075638	0.2906574394463668	1.0
919_OMC-55	2.0	2.0	0.9182958340544894	0.4444444444444444	1.0
91_OMC-55	2.0	2.0	0.5665095065529053	0.23111111111111104	1.0
920_OMC-55	2.0	2.0	0.3912435636292556	0.14201183431952646	0.9230769230769231
921_OMC-55	2.0	2.0	0.940285958670631	0.4591836734693877	1.0
922_OMC-55	2.0	2.0	0.787126586201269	0.3598615916955018	1.0
923_OMC-55	2.0	2.0	0.9182958340544894	0.4444444444444444	1.0
924_OMC-55	2.0	2.0	0.7793498372920851	0.3550295857988165	1.0
925_OMC-55	2.0	2.0	0.46899559358928117	0.17999999999999994	0.9
926_OMC-55	1.0	1.0	-0.0	0.0	1.0
927_OMC-55	1.0	1.0	-0.0	0.0	1.0
928_OMC-55	1.0	1.0	-0.0	0.0	1.0
929_OMC-55	2.0	2.0	0.6840384356390417	0.2975206611570247	1.0
92_OMC-55	2.0	2.0	0.8112781244591328	0.375	1.0
930_OMC-55	1.0	1.0	-0.0	0.0	1.0
931_OMC-55	2.0	2.0	0.7219280948873623	0.31999999999999984	1.0
932_OMC-55	2.0	2.0	0.7219280948873623	0.31999999999999984	1.0
933_OMC-55	2.0	2.0	0.7219280948873623	0.31999999999999984	1.0
934_OMC-55	1.0	1.0	-0.0	0.0	1.0
935_OMC-55	1.0	1.0	-0.0	0.0	1.0
936_OMC-55	2.0	2.0	0.8112781244591328	0.375	1.0
937_OMC-55	2.0	2.0	0.8314743880097293	0.38781163434903054	1.0
938_OMC-55	1.0	1.0	-0.0	0.0	1.0
939_OMC-55	1.0	1.0	-0.0	0.0	1.0
93_OMC-55	1.0	1.0	-0.0	0.0	1.0
940_OMC-55	2.0	2.0	0.43949698692151334	0.16528925619834722	0.9090909090909091
941_OMC-55	2.0	2.0	0.6962122601251458	0.3046875	1.0
942_OMC-55	2.0	2.0	0.6500224216483541	0.2777777777777777	1.0
943_OMC-55	2.0	2.0	0.9709505944546688	0.48	1.0
944_OMC-55	2.0	2.0	0.5435644431995964	0.21875	1.0
945_OMC-55	2.0	2.0	0.43949698692151334	0.16528925619834722	0.9090909090909091
946_OMC-55	2.0	2.0	0.7793498372920851	0.3550295857988165	1.0
947_OMC-55	2.0	2.0	0.672294817075638	0.2906574394463668	1.0
948_OMC-55	1.0	1.0	-0.0	0.0	1.0
949_OMC-55	2.0	2.0	0.8112781244591328	0.375	1.0
94_OMC-55	2.0	2.0	0.7642045065086203	0.345679012345679	1.0
950_OMC-55	2.0	2.0	0.5032583347756457	0.19753086419753085	1.0
951_OMC-55	2.0	2.0	0.672294817075638	0.2906574394463668	1.0
952_OMC-55	2.0	2.0	0.7219280948873623	0.31999999999999984	1.0
953_OMC-55	2.0	2.0	0.9182958340544894	0.4444444444444444	1.0
954_OMC-55	1.0	1.0	-0.0	0.0	1.0
955_OMC-55	1.0	1.0	-0.0	0.0	1.0
956_OMC-55	2.0	2.0	0.9182958340544894	0.4444444444444444	1.0
957_OMC-55	1.0	1.0	-0.0	0.0	1.0
958_OMC-55	2.0	2.0	0.9182958340544894	0.4444444444444444	1.0
959_OMC-55	1.0	1.0	-0.0	0.0	1.0
95_OMC-55	2.0	2.0	0.5435644431995964	0.21875	1.0
960_OMC-55	1.0	1.0	-0.0	0.0	1.0
961_OMC-55	1.0	1.0	-0.0	0.0	1.0
962_OMC-55	1.0	1.0	-0.0	0.0	1.0
963_OMC-55	2.0	2.0	0.4138168503036338	0.1527777777777779	0.9166666666666666
964_OMC-55	2.0	2.0	0.6500224216483541	0.2777777777777777	1.0
965_OMC-55	2.0	2.0	0.6500224216483541	0.2777777777777777	1.0
966_OMC-55	2.0	2.0	0.43949698692151334	0.16528925619834722	0.9090909090909091
967_OMC-55	2.0	2.0	0.9940302114769566	0.49586776859504145	1.0
968_OMC-55	2.0	2.0	0.6500224216483541	0.2777777777777777	1.0
969_OMC-55	1.0	1.0	-0.0	0.0	1.0
96_OMC-55	2.0	2.0	0.6500224216483541	0.2777777777777777	1.0
970_OMC-55	2.0	2.0	0.9182958340544894	0.4444444444444444	1.0
971_OMC-55	1.0	1.0	-0.0	0.0	1.0
972_OMC-55	2.0	2.0	0.7219280948873623	0.31999999999999984	1.0
973_OMC-55	2.0	2.0	0.7642045065086203	0.345679012345679	1.0
974_OMC-55	2.0	2.0	0.8524051786494786	0.4012345679012346	1.0
975_OMC-55	2.0	2.0	0.6840384356390417	0.2975206611570247	1.0
976_OMC-55	1.0	1.0	-0.0	0.0	1.0
977_OMC-55	2.0	2.0	0.7642045065086203	0.345679012345679	1.0
978_OMC-55	2.0	2.0	0.5916727785823274	0.24489795918367352	1.0
979_OMC-55	1.0	1.0	-0.0	0.0	1.0
97_OMC-55	2.0	2.0	0.6500224216483541	0.2777777777777777	1.0
980_OMC-55	2.0	2.0	0.7642045065086203	0.345679012345679	1.0
981_OMC-55	2.0	2.0	0.5916727785823274	0.24489795918367352	1.0
982_OMC-55	2.0	2.0	0.8112781244591328	0.375	1.0
983_OMC-55	1.0	1.0	-0.0	0.0	1.0
984_OMC-55	2.0	2.0	0.5032583347756457	0.19753086419753085	0.8888888888888888
985_OMC-55	2.0	2.0	0.6962122601251458	0.3046875	1.0
986_OMC-55	2.0	2.0	0.3533593350214213	0.12444444444444436	0.9333333333333333
987_OMC-55	2.0	2.0	0.9182958340544894	0.4444444444444444	1.0
988_OMC-55	1.0	1.0	-0.0	0.0	1.0
989_OMC-55	2.0	2.0	0.4854607607459134	0.18836565096952906	1.0
98_OMC-55	1.0	1.0	-0.0	0.0	1.0
990_OMC-55	2.0	2.0	0.74959525725948	0.33673469387755106	1.0
991_OMC-55	2.0	2.0	1.0	0.5	1.0
992_OMC-55	2.0	2.0	0.7219280948873623	0.31999999999999984	1.0
993_OMC-55	2.0	2.0	0.8112781244591328	0.375	1.0
994_OMC-55	2.0	2.0	0.8112781244591328	0.375	0.75
995_OMC-55	2.0	2.0	0.43949698692151334	0.16528925619834722	0.9090909090909091
996_OMC-55	1.0	1.0	-0.0	0.0	1.0
997_OMC-55	2.0	2.0	0.8960382325345574	0.4296875	1.0
998_OMC-55	2.0	2.0	0.8631205685666311	0.40816326530612246	1.0
999_OMC-55	2.0	2.0	0.8453509366224364	0.39669421487603307	1.0
99_OMC-55	2.0	2.0	0.7642045065086203	0.345679012345679	1.0
9_OMC-55	2.0	2.0	0.3712323266408757	0.13265306122448983	0.9285714285714286
