	chao1	observed_otus	shannon	simpson	goods_coverage
1000_H-10	5.0	5.0	0.3099943035653949	0.08444749801654017	1.0
100_H-10	5.0	5.0	0.33490062836807566	0.09181196049763718	1.0
101_H-10	5.0	5.0	0.310541994979215	0.0839068860946598	1.0
102_H-10	5.0	5.0	0.32276296591905806	0.0894887888815461	1.0
103_H-10	5.0	5.0	0.32456647456264964	0.08788985590474674	1.0
104_H-10	5.0	5.0	0.3285493664260762	0.08946884480120276	1.0
105_H-10	5.0	5.0	0.33000154658261416	0.09103347049809773	1.0
106_H-10	5.0	5.0	0.3173675801005276	0.08407122279035795	1.0
107_H-10	5.0	5.0	0.2887700920916182	0.07719959907216456	1.0
108_H-10	5.0	5.0	0.33555670201607046	0.09317140760371578	1.0
109_H-10	5.0	5.0	0.34613091256915945	0.09882919458889372	1.0
10_H-10	5.0	5.0	0.3221304955836559	0.08945567508734553	1.0
110_H-10	5.0	5.0	0.3554689293266978	0.09742168920927463	1.0
111_H-10	5.0	5.0	0.33174156047530934	0.08860335932675989	1.0
112_H-10	5.0	5.0	0.32187042910263103	0.08671847292562385	1.0
113_H-10	5.0	5.0	0.3331621501156789	0.09175344728526291	1.0
114_H-10	5.0	5.0	0.29540596956216303	0.07917376794427111	1.0
115_H-10	5.0	5.0	0.30067562596075453	0.08008915219905044	1.0
116_H-10	5.0	5.0	0.359463520455119	0.09991637048243618	1.0
117_H-10	5.0	5.0	0.32181333924686734	0.08725954176173734	1.0
118_H-10	5.0	5.0	0.30273310516758195	0.0843155730787587	1.0
119_H-10	5.0	5.0	0.3308848461876595	0.09282963415642231	1.0
11_H-10	5.0	5.0	0.3227061078558158	0.08984065113658302	1.0
120_H-10	5.0	5.0	0.3240021181882462	0.08978192155477116	1.0
121_H-10	5.0	5.0	0.3018016877048088	0.08207362449114919	1.0
122_H-10	5.0	5.0	0.3135181346290174	0.0859758115046364	1.0
123_H-10	5.0	5.0	0.3089158233261643	0.08283333283355343	1.0
124_H-10	5.0	5.0	0.31757300187860976	0.08656595172503634	1.0
125_H-10	5.0	5.0	0.31208176826578865	0.08473709799675588	1.0
126_H-10	5.0	5.0	0.35355749919452456	0.09866371456394118	1.0
127_H-10	5.0	5.0	0.30668997632346284	0.08461338907841287	1.0
128_H-10	5.0	5.0	0.30841631766583044	0.08496899398872848	1.0
129_H-10	5.0	5.0	0.3207117182863695	0.08968294604856464	1.0
12_H-10	5.0	5.0	0.3529446576931037	0.09989296460673369	1.0
130_H-10	5.0	5.0	0.32443245492522915	0.08872604980547683	1.0
131_H-10	5.0	5.0	0.29947530906485686	0.08178146796117036	1.0
132_H-10	5.0	5.0	0.3074088872934441	0.08210070786041435	1.0
133_H-10	5.0	5.0	0.3015022788896771	0.08491011102799595	1.0
134_H-10	5.0	5.0	0.33374350272674647	0.09149332484197059	1.0
135_H-10	5.0	5.0	0.31771126971935804	0.08666888410285523	1.0
136_H-10	5.0	5.0	0.30491852417697474	0.08196277818923137	1.0
137_H-10	5.0	5.0	0.3133180998996541	0.08470316473233308	1.0
138_H-10	5.0	5.0	0.2955817165222816	0.07952021911857687	1.0
139_H-10	5.0	5.0	0.3263755115005873	0.08810285921132255	1.0
13_H-10	5.0	5.0	0.32587922781016376	0.09033239440536411	1.0
140_H-10	5.0	5.0	0.3250437481972668	0.08733600271408637	1.0
141_H-10	5.0	5.0	0.34091667072382603	0.09368920308431239	1.0
142_H-10	5.0	5.0	0.3291154716979814	0.09052025079745363	1.0
143_H-10	5.0	5.0	0.33108190465727455	0.09408614220814315	1.0
144_H-10	5.0	5.0	0.296524661380497	0.07803256306119644	1.0
145_H-10	5.0	5.0	0.29169813020614144	0.08009945736843216	1.0
146_H-10	5.0	5.0	0.2918350714706922	0.07770243185030612	1.0
147_H-10	5.0	5.0	0.3204507922561615	0.0869054591642604	1.0
148_H-10	5.0	5.0	0.34729733191059076	0.09788941997947964	1.0
149_H-10	5.0	5.0	0.3363285034196277	0.09248421750636537	1.0
14_H-10	5.0	5.0	0.30371257849692374	0.08198031782425985	1.0
150_H-10	5.0	5.0	0.300015580785774	0.08105071348909032	1.0
151_H-10	5.0	5.0	0.34383221435385786	0.09435906833714025	1.0
152_H-10	5.0	5.0	0.3047177304715843	0.08063969754618772	1.0
153_H-10	5.0	5.0	0.31368778176282325	0.0828152755770869	1.0
154_H-10	5.0	5.0	0.31772502326817953	0.0853385787115366	1.0
155_H-10	5.0	5.0	0.30757003398685656	0.08355094857185419	1.0
156_H-10	5.0	5.0	0.34748217971572914	0.09676030517056322	1.0
157_H-10	5.0	5.0	0.3280639167098067	0.09048697859595312	1.0
158_H-10	5.0	5.0	0.3108267904569369	0.08306803974833832	1.0
159_H-10	5.0	5.0	0.3466859114023797	0.09786973572382662	1.0
15_H-10	5.0	5.0	0.3373189188660017	0.09255624825562503	1.0
160_H-10	5.0	5.0	0.3009701982484668	0.08465770388827443	1.0
161_H-10	5.0	5.0	0.3237990578937822	0.08869945658457623	1.0
162_H-10	5.0	5.0	0.3136409718611058	0.08667513334518784	1.0
163_H-10	5.0	5.0	0.33054482245960853	0.09138499836027025	1.0
164_H-10	5.0	5.0	0.34313307222304557	0.09742502254902619	1.0
165_H-10	5.0	5.0	0.35831909423642583	0.10118782042613905	1.0
166_H-10	5.0	5.0	0.3262335222464362	0.09196450882752372	1.0
167_H-10	5.0	5.0	0.3282255242989858	0.093200246847856	1.0
168_H-10	5.0	5.0	0.28721768991370517	0.07437680437211724	1.0
169_H-10	5.0	5.0	0.3118982148419176	0.08337700910688073	1.0
16_H-10	5.0	5.0	0.31714705218729977	0.08753062941390133	1.0
170_H-10	5.0	5.0	0.32282028599791607	0.086273970261464	1.0
171_H-10	5.0	5.0	0.31855414864720855	0.08612335813959326	1.0
172_H-10	5.0	5.0	0.32725014164724814	0.0883446564266156	1.0
173_H-10	5.0	5.0	0.3131337061202817	0.08536626100409195	1.0
174_H-10	5.0	5.0	0.3135340856616214	0.08507349676396414	1.0
175_H-10	5.0	5.0	0.30783419531399064	0.08477436353398915	1.0
176_H-10	5.0	5.0	0.3074342045964008	0.08273869828878999	1.0
177_H-10	5.0	5.0	0.33914827003092557	0.0940908809433425	1.0
178_H-10	5.0	5.0	0.34115600683290653	0.0927464637386547	1.0
179_H-10	5.0	5.0	0.30222500912182004	0.08320022639926228	1.0
17_H-10	5.0	5.0	0.31381374947379254	0.08557777623707918	1.0
180_H-10	5.0	5.0	0.3014255524764011	0.08243526373906973	1.0
181_H-10	5.0	5.0	0.3195063743777068	0.08932394764459184	1.0
182_H-10	5.0	5.0	0.28862661333550577	0.07506321299947949	1.0
183_H-10	5.0	5.0	0.32267046149846795	0.0893519900409604	1.0
184_H-10	5.0	5.0	0.33559037558874383	0.09401941263918534	1.0
185_H-10	5.0	5.0	0.2761407642035269	0.07390784302961806	1.0
186_H-10	5.0	5.0	0.309885613068757	0.08505186096349393	1.0
187_H-10	5.0	5.0	0.32323058605623783	0.08927817341419053	1.0
188_H-10	5.0	5.0	0.323706487048601	0.0881835414431611	1.0
189_H-10	5.0	5.0	0.3505739865087233	0.09641781585062015	1.0
18_H-10	5.0	5.0	0.3437100861057979	0.0951505788428505	1.0
190_H-10	5.0	5.0	0.33853546955845276	0.09524032728417575	1.0
191_H-10	5.0	5.0	0.341961406567784	0.09615933673648913	1.0
192_H-10	5.0	5.0	0.3427790841307668	0.09637964470367255	1.0
193_H-10	5.0	5.0	0.3135735090120865	0.085810110196325	1.0
194_H-10	5.0	5.0	0.3434609898712227	0.09539219546535183	1.0
195_H-10	5.0	5.0	0.3186633410397434	0.08639779780405266	1.0
196_H-10	5.0	5.0	0.3534152960027112	0.0966679237569733	1.0
197_H-10	5.0	5.0	0.28992508212339096	0.07789415636768504	1.0
198_H-10	5.0	5.0	0.3127733964196186	0.08382316527199984	1.0
199_H-10	5.0	5.0	0.3174103093293225	0.08611537017044935	1.0
19_H-10	5.0	5.0	0.34015507191469874	0.09243548773689636	1.0
1_H-10	5.0	5.0	0.3331232394444102	0.09142076218396122	1.0
200_H-10	5.0	5.0	0.3439925539653746	0.09409411269872903	1.0
201_H-10	5.0	5.0	0.33746374795499345	0.09403599378571648	1.0
202_H-10	5.0	5.0	0.31578026863339265	0.08640563767207132	1.0
203_H-10	5.0	5.0	0.3348163354560023	0.09277403799475714	1.0
204_H-10	5.0	5.0	0.32831514010319945	0.08914815512065277	1.0
205_H-10	5.0	5.0	0.329490288238994	0.08903727445394094	1.0
206_H-10	5.0	5.0	0.3427654507534212	0.0978474557154626	1.0
207_H-10	5.0	5.0	0.34935038945318464	0.09669692849728806	1.0
208_H-10	5.0	5.0	0.33307802138484904	0.09093053627066328	1.0
209_H-10	5.0	5.0	0.33386700739858416	0.09424188063458128	1.0
20_H-10	5.0	5.0	0.3263648702435047	0.08954269165897588	1.0
210_H-10	5.0	5.0	0.333080596509973	0.08920785403037879	1.0
211_H-10	5.0	5.0	0.3149898875624479	0.08854904839893296	1.0
212_H-10	5.0	5.0	0.31658593274148206	0.08826376926741308	1.0
213_H-10	5.0	5.0	0.3117417303726989	0.08699419586079304	1.0
214_H-10	5.0	5.0	0.34967841534959476	0.09890730684137639	1.0
215_H-10	5.0	5.0	0.3155316455410576	0.0877171431603494	1.0
216_H-10	5.0	5.0	0.31232547526105586	0.08303276224474054	1.0
217_H-10	5.0	5.0	0.3115000567193449	0.08564659529910501	1.0
218_H-10	5.0	5.0	0.33159141682846816	0.09042425923281872	1.0
219_H-10	5.0	5.0	0.30857915888117315	0.08391052661485365	1.0
21_H-10	5.0	5.0	0.284911541261448	0.0755618276350769	1.0
220_H-10	5.0	5.0	0.3067323689172869	0.08450205198728733	1.0
221_H-10	5.0	5.0	0.3000836256322129	0.08192364940342134	1.0
222_H-10	5.0	5.0	0.3046887302254958	0.08506763448765431	1.0
223_H-10	5.0	5.0	0.3345610646881787	0.09196780102272595	1.0
224_H-10	5.0	5.0	0.3264287213717605	0.08973039586005072	1.0
225_H-10	5.0	5.0	0.3418452443784004	0.09421248886677303	1.0
226_H-10	5.0	5.0	0.3185018250614005	0.0880976819235959	1.0
227_H-10	5.0	5.0	0.3393764143419541	0.09410165117267932	1.0
228_H-10	5.0	5.0	0.3248317122991033	0.090240514877313	1.0
229_H-10	5.0	5.0	0.3305971125272069	0.09171423584278005	1.0
22_H-10	5.0	5.0	0.3043934267245477	0.08156474432634309	1.0
230_H-10	5.0	5.0	0.3182226062542088	0.08785334389417299	1.0
231_H-10	5.0	5.0	0.3156451870653879	0.08915183318145559	1.0
232_H-10	5.0	5.0	0.32745264489145787	0.09054707770995707	1.0
233_H-10	5.0	5.0	0.3461584368177927	0.09682589708495704	1.0
234_H-10	5.0	5.0	0.3650284780495016	0.10274695978976844	1.0
235_H-10	5.0	5.0	0.3164439347207186	0.08688402106378468	1.0
236_H-10	5.0	5.0	0.3310041840459477	0.08909908749479378	1.0
237_H-10	5.0	5.0	0.32268627254124316	0.09010209903722266	1.0
238_H-10	5.0	5.0	0.29068399888428176	0.08010908734467126	1.0
239_H-10	5.0	5.0	0.3186406390428597	0.08611255778811422	1.0
23_H-10	5.0	5.0	0.3091138996270526	0.08483710102916853	1.0
240_H-10	5.0	5.0	0.32509976578937616	0.09093107995885785	1.0
241_H-10	5.0	5.0	0.3348903017940643	0.09141596362082982	1.0
242_H-10	5.0	5.0	0.32617391277917707	0.08992957082697584	1.0
243_H-10	5.0	5.0	0.32317498373658116	0.08908451864106748	1.0
244_H-10	5.0	5.0	0.3195559258288709	0.08496079475822937	1.0
245_H-10	5.0	5.0	0.3319926591186464	0.09167415895118602	1.0
246_H-10	5.0	5.0	0.3279080427428492	0.0895777338537822	1.0
247_H-10	5.0	5.0	0.33115970038808207	0.09046026389597916	1.0
248_H-10	5.0	5.0	0.3125346911809847	0.08628580938049446	1.0
249_H-10	5.0	5.0	0.30524878594909177	0.08109409476183604	1.0
24_H-10	5.0	5.0	0.35349454510314127	0.10043226087317614	1.0
250_H-10	5.0	5.0	0.32253260799006267	0.08708721495276273	1.0
251_H-10	5.0	5.0	0.3100306393019294	0.08272964372390723	1.0
252_H-10	5.0	5.0	0.3243718784195625	0.0889995972246359	1.0
253_H-10	5.0	5.0	0.298352695616098	0.08150131368386304	1.0
254_H-10	5.0	5.0	0.2928877439768707	0.07786772065137415	1.0
255_H-10	5.0	5.0	0.31906735128567576	0.08786773532942593	1.0
256_H-10	5.0	5.0	0.3115061684497863	0.08672257552349893	1.0
257_H-10	5.0	5.0	0.32435522330330796	0.08888186978439938	1.0
258_H-10	5.0	5.0	0.3448471217767594	0.09385139567108025	1.0
259_H-10	5.0	5.0	0.34139784626098485	0.09269178728480143	1.0
25_H-10	5.0	5.0	0.33793740039501813	0.09374643062762256	1.0
260_H-10	5.0	5.0	0.325149584188314	0.08855311389047504	1.0
261_H-10	5.0	5.0	0.3105902436109195	0.08551043276970671	1.0
262_H-10	5.0	5.0	0.3080751729965604	0.08430672452333998	1.0
263_H-10	5.0	5.0	0.3284697253919148	0.09354885484786035	1.0
264_H-10	5.0	5.0	0.30537260942654515	0.08227307896375535	1.0
265_H-10	5.0	5.0	0.33144618627304484	0.0933149517496803	1.0
266_H-10	5.0	5.0	0.33174667441452715	0.0905363246884604	1.0
267_H-10	5.0	5.0	0.3278065896509925	0.08932463008191938	1.0
268_H-10	5.0	5.0	0.2957213367033727	0.07964463243303221	1.0
269_H-10	5.0	5.0	0.31499341521641144	0.08659375404880076	1.0
26_H-10	5.0	5.0	0.3231145968633101	0.08847857119745073	1.0
270_H-10	5.0	5.0	0.3117631435991205	0.0849658306420743	1.0
271_H-10	5.0	5.0	0.3040905489535521	0.08242040468657896	1.0
272_H-10	5.0	5.0	0.3104512874385932	0.08455690116459391	1.0
273_H-10	5.0	5.0	0.3009538824338541	0.08024817922644634	1.0
274_H-10	5.0	5.0	0.3252672010980066	0.08805471622393368	1.0
275_H-10	5.0	5.0	0.3062075532419584	0.08184837357435593	1.0
276_H-10	5.0	5.0	0.30395885407674084	0.08052623886377097	1.0
277_H-10	5.0	5.0	0.311378575252375	0.08410927131260049	1.0
278_H-10	5.0	5.0	0.35254853122946345	0.09575948700254389	1.0
279_H-10	5.0	5.0	0.31728204574965124	0.08754484259530948	1.0
27_H-10	5.0	5.0	0.28175397314265227	0.07726804056865932	1.0
280_H-10	5.0	5.0	0.3265099706097207	0.09031676703961111	1.0
281_H-10	5.0	5.0	0.28802226983656615	0.07859853799536676	1.0
282_H-10	5.0	5.0	0.3058413498380124	0.08478668388988464	1.0
283_H-10	5.0	5.0	0.33419915020076546	0.09199680040786007	1.0
284_H-10	5.0	5.0	0.32355706915392013	0.08696984930675988	1.0
285_H-10	5.0	5.0	0.3183068950844918	0.08629175712235104	1.0
286_H-10	5.0	5.0	0.3301992591289718	0.09050280698586399	1.0
287_H-10	5.0	5.0	0.3517882921527435	0.09837270562012945	1.0
288_H-10	5.0	5.0	0.3219551117415498	0.08979827457313716	1.0
289_H-10	5.0	5.0	0.3311294422744095	0.09120439064937602	1.0
28_H-10	5.0	5.0	0.3284106655523502	0.0909392069042958	1.0
290_H-10	5.0	5.0	0.3037830277136734	0.08224616056377088	1.0
291_H-10	5.0	5.0	0.33150227627009443	0.09180879596153602	1.0
292_H-10	5.0	5.0	0.3026665766455076	0.08121152964552736	1.0
293_H-10	5.0	5.0	0.3097175044865283	0.08287569159987429	1.0
294_H-10	5.0	5.0	0.3099496415398949	0.08620677228731322	1.0
295_H-10	5.0	5.0	0.30589895974634057	0.0845033667261117	1.0
296_H-10	5.0	5.0	0.3412677494747002	0.09508342469746933	1.0
297_H-10	5.0	5.0	0.30916238768007587	0.0824874022911467	1.0
298_H-10	5.0	5.0	0.29070932105047803	0.07722609596861463	1.0
299_H-10	5.0	5.0	0.3286281880083275	0.09009100654497204	1.0
29_H-10	5.0	5.0	0.31760832089880436	0.0876771181585948	1.0
2_H-10	5.0	5.0	0.34139132998181426	0.09679763485817805	1.0
300_H-10	5.0	5.0	0.28369480914209394	0.07564734548985985	1.0
301_H-10	5.0	5.0	0.2868216916520769	0.07959500368255967	1.0
302_H-10	5.0	5.0	0.3377161802703733	0.09332319582225301	1.0
303_H-10	5.0	5.0	0.32879789956912364	0.09175791435159186	1.0
304_H-10	5.0	5.0	0.30985516120524187	0.08313934619652785	1.0
305_H-10	5.0	5.0	0.2794182127317172	0.07274124038026264	1.0
306_H-10	5.0	5.0	0.3240555165898227	0.08681531053724223	1.0
307_H-10	5.0	5.0	0.3089404816004301	0.08225589165928804	1.0
308_H-10	5.0	5.0	0.3365352196372946	0.09211432987182633	1.0
309_H-10	5.0	5.0	0.31734893048304136	0.08592933074399967	1.0
30_H-10	5.0	5.0	0.3355137254467543	0.09475659107984402	1.0
310_H-10	5.0	5.0	0.3234193749832144	0.08790836179152406	1.0
311_H-10	5.0	5.0	0.3319983863572844	0.08927803798620337	1.0
312_H-10	5.0	5.0	0.34056178928568337	0.09376203017671492	1.0
313_H-10	5.0	5.0	0.30362359014868445	0.08201045471483859	1.0
314_H-10	5.0	5.0	0.31524604884546953	0.08738419452802548	1.0
315_H-10	5.0	5.0	0.32350446498584584	0.09045925212848527	1.0
316_H-10	5.0	5.0	0.31686897404457603	0.085308842160147	1.0
317_H-10	5.0	5.0	0.3112525247346651	0.08514809443492266	1.0
318_H-10	5.0	5.0	0.3255718990174918	0.0902467910356497	1.0
319_H-10	5.0	5.0	0.340775597662735	0.09272216618539986	1.0
31_H-10	5.0	5.0	0.3176503321734688	0.08644037797293747	1.0
320_H-10	5.0	5.0	0.33583812564770227	0.0910613852421911	1.0
321_H-10	5.0	5.0	0.3323826864076463	0.0904520499919036	1.0
322_H-10	5.0	5.0	0.3046609643981183	0.08514394989648066	1.0
323_H-10	5.0	5.0	0.3145506714675274	0.08653634670114885	1.0
324_H-10	5.0	5.0	0.3323270391111271	0.09178344379770109	1.0
325_H-10	5.0	5.0	0.33573287732109797	0.09250250719465203	1.0
326_H-10	5.0	5.0	0.27321407427862393	0.07107174505931302	1.0
327_H-10	5.0	5.0	0.3281561983041192	0.0894779220398716	1.0
328_H-10	5.0	5.0	0.35007219669188494	0.09863125061162414	1.0
329_H-10	5.0	5.0	0.31844890982856827	0.08652894764196484	1.0
32_H-10	4.0	4.0	0.3099821837977624	0.08568752903455246	1.0
330_H-10	5.0	5.0	0.3245053229122626	0.08960464428746695	1.0
331_H-10	5.0	5.0	0.3214707901194812	0.08762251793333142	1.0
332_H-10	5.0	5.0	0.33236217328864437	0.0909400398047725	1.0
333_H-10	5.0	5.0	0.33244900988822396	0.09456686262501302	1.0
334_H-10	5.0	5.0	0.3224115701823391	0.08959551429776524	1.0
335_H-10	5.0	5.0	0.3365848317329792	0.09310800579886558	1.0
336_H-10	5.0	5.0	0.32361283814323394	0.08732122664594089	1.0
337_H-10	5.0	5.0	0.3480046270414496	0.09620012141483802	1.0
338_H-10	5.0	5.0	0.3360052623244656	0.09300595174518378	1.0
339_H-10	5.0	5.0	0.30534259191163887	0.08318320861139061	1.0
33_H-10	5.0	5.0	0.3105093713282312	0.08370980828380836	1.0
340_H-10	5.0	5.0	0.3144747967187788	0.08665040079926434	1.0
341_H-10	5.0	5.0	0.30530266847659343	0.08370570637119112	1.0
342_H-10	5.0	5.0	0.32384710981037845	0.08736416620498622	1.0
343_H-10	5.0	5.0	0.3101341438491768	0.085623975390963	1.0
344_H-10	5.0	5.0	0.32488737505240406	0.09181158410745749	1.0
345_H-10	5.0	5.0	0.28743854114333023	0.0741754033112042	1.0
346_H-10	5.0	5.0	0.32576780962562135	0.08920973436609991	1.0
347_H-10	5.0	5.0	0.32873601254737145	0.09129138777619727	1.0
348_H-10	5.0	5.0	0.34094164452157816	0.09650384001709333	1.0
349_H-10	5.0	5.0	0.31611744697901345	0.08694495862762397	1.0
34_H-10	5.0	5.0	0.33360458056583325	0.09188358084405379	1.0
350_H-10	5.0	5.0	0.33041340614314074	0.09259317219002428	1.0
351_H-10	5.0	5.0	0.30634968112719774	0.08264395836914662	1.0
352_H-10	5.0	5.0	0.3298078738860048	0.09117706889423194	1.0
353_H-10	5.0	5.0	0.3288025680811328	0.09213593686888544	1.0
354_H-10	5.0	5.0	0.2925388039939052	0.0786236859010464	1.0
355_H-10	5.0	5.0	0.32702674385046676	0.08675596013998244	1.0
356_H-10	5.0	5.0	0.3086292766946747	0.08311875059746898	1.0
357_H-10	5.0	5.0	0.3533358583538686	0.09912583514889772	1.0
358_H-10	5.0	5.0	0.2890388259994708	0.07754819795804135	1.0
359_H-10	5.0	5.0	0.3627421715701689	0.10123015225846832	1.0
35_H-10	5.0	5.0	0.3186900499738806	0.08588468012913819	1.0
360_H-10	5.0	5.0	0.30574486063190265	0.08167967361001649	1.0
361_H-10	5.0	5.0	0.33645592620179576	0.0903244957643049	1.0
362_H-10	5.0	5.0	0.31812251854914464	0.08596736798025728	1.0
363_H-10	5.0	5.0	0.3289673278189126	0.09117250288037315	1.0
364_H-10	5.0	5.0	0.32389804567702224	0.08829447385733591	1.0
365_H-10	5.0	5.0	0.3488572673700093	0.0980255893178793	1.0
366_H-10	5.0	5.0	0.320680721698685	0.08787179857452398	1.0
367_H-10	5.0	5.0	0.31804523131017604	0.08763447287104065	1.0
368_H-10	5.0	5.0	0.3384786277599498	0.09236247704542011	1.0
369_H-10	5.0	5.0	0.30957519528909117	0.08596395983920546	1.0
36_H-10	5.0	5.0	0.3221782666257709	0.08625240116483546	1.0
370_H-10	5.0	5.0	0.3285829984391371	0.09159204206467253	1.0
371_H-10	5.0	5.0	0.32773976794534304	0.08978833847064316	1.0
372_H-10	5.0	5.0	0.3019235443964234	0.0823553198485153	1.0
373_H-10	5.0	5.0	0.33715321470377585	0.09354067992325188	1.0
374_H-10	5.0	5.0	0.3243673419376404	0.08905574050697318	1.0
375_H-10	5.0	5.0	0.32265519853805447	0.09073566400553534	1.0
376_H-10	5.0	5.0	0.3110461574235788	0.08350063337390257	1.0
377_H-10	5.0	5.0	0.30671568731712534	0.08297137588884984	1.0
378_H-10	5.0	5.0	0.32611616419668565	0.08699590811725855	1.0
379_H-10	5.0	5.0	0.363490275877998	0.10510232577481005	1.0
37_H-10	5.0	5.0	0.28781970692707676	0.07466846163838392	1.0
380_H-10	5.0	5.0	0.3076634158728594	0.08600206959840839	1.0
381_H-10	5.0	5.0	0.3368060037371001	0.09276782271468154	1.0
382_H-10	5.0	5.0	0.3569996755617369	0.10004325631350497	1.0
383_H-10	5.0	5.0	0.2953856537088658	0.07923573506026671	1.0
384_H-10	5.0	5.0	0.35388598273050564	0.09744877587869605	1.0
385_H-10	5.0	5.0	0.3591737107922362	0.09981678284524365	1.0
386_H-10	5.0	5.0	0.3155039921716633	0.08602405348954723	1.0
387_H-10	5.0	5.0	0.3149197058507306	0.08524842471340732	1.0
388_H-10	5.0	5.0	0.2880357695506583	0.0792316913648019	1.0
389_H-10	5.0	5.0	0.3294652173468604	0.0893820498932929	1.0
38_H-10	5.0	5.0	0.27904007657876134	0.07343063224523694	1.0
390_H-10	5.0	5.0	0.33798851516032846	0.09378575881085416	1.0
391_H-10	5.0	5.0	0.32012321543720224	0.08729385709499005	1.0
392_H-10	5.0	5.0	0.3217338309765584	0.0877204089209277	1.0
393_H-10	5.0	5.0	0.3196817825575197	0.0872385384951222	1.0
394_H-10	5.0	5.0	0.3228996125657405	0.08944970380673678	1.0
395_H-10	5.0	5.0	0.30637068281622754	0.08493742752710098	1.0
396_H-10	5.0	5.0	0.3072771457406394	0.0853792928230831	1.0
397_H-10	5.0	5.0	0.3133302639339267	0.08475321177357975	1.0
398_H-10	5.0	5.0	0.33138719819938117	0.09179955591532873	1.0
399_H-10	5.0	5.0	0.313132157792354	0.08662905440433444	1.0
39_H-10	5.0	5.0	0.31593028412686963	0.08577682182655755	1.0
3_H-10	5.0	5.0	0.30976042688047967	0.08294165572347201	1.0
400_H-10	5.0	5.0	0.3286544438570737	0.09059486207781053	1.0
401_H-10	5.0	5.0	0.3044418687903809	0.08118717348330717	1.0
402_H-10	5.0	5.0	0.3434930549454365	0.09623902383222771	1.0
403_H-10	5.0	5.0	0.3120768257390968	0.08534415141078688	1.0
404_H-10	5.0	5.0	0.3312249984303773	0.09115145358732823	1.0
405_H-10	5.0	5.0	0.3175834765100652	0.08621575373472168	1.0
406_H-10	5.0	5.0	0.3567284379579297	0.0982857599327952	1.0
407_H-10	5.0	5.0	0.34108662604487255	0.09485677914980584	1.0
408_H-10	5.0	5.0	0.3197608883868973	0.08695703742198624	1.0
409_H-10	5.0	5.0	0.3705452815613439	0.10416780182527707	1.0
40_H-10	5.0	5.0	0.31853471308050624	0.08560030919222861	1.0
410_H-10	5.0	5.0	0.32571629423085513	0.09263832451633758	1.0
411_H-10	5.0	5.0	0.29111753915179156	0.07490935146071875	1.0
412_H-10	5.0	5.0	0.323515977314227	0.08895620689165151	1.0
413_H-10	5.0	5.0	0.30953390599010866	0.08588447545225131	1.0
414_H-10	5.0	5.0	0.3198481710198662	0.0859916250810504	1.0
415_H-10	5.0	5.0	0.3169446910957525	0.08655964685388029	1.0
416_H-10	5.0	5.0	0.3321056648031491	0.09043836864480026	1.0
417_H-10	5.0	5.0	0.32167923806469884	0.08793958876141117	1.0
418_H-10	5.0	5.0	0.3303948247914941	0.08961714547232047	1.0
419_H-10	5.0	5.0	0.27324083901852914	0.0734635665041602	1.0
41_H-10	5.0	5.0	0.30962585772471335	0.08404200545903351	1.0
420_H-10	5.0	5.0	0.27486639218981557	0.07393059576915528	1.0
421_H-10	5.0	5.0	0.31735102912691693	0.08466613116931931	1.0
422_H-10	5.0	5.0	0.31944064707997855	0.08925703967498844	1.0
423_H-10	5.0	5.0	0.3385235298509847	0.09575816687317684	1.0
424_H-10	5.0	5.0	0.3128074222113538	0.08794638347343697	1.0
425_H-10	5.0	5.0	0.2906842457864954	0.07886902365246373	1.0
426_H-10	5.0	5.0	0.3100237716559295	0.08616096067225698	1.0
427_H-10	5.0	5.0	0.30970921143579117	0.08497425043652984	1.0
428_H-10	5.0	5.0	0.31186688363048987	0.0847833536468815	1.0
429_H-10	5.0	5.0	0.3358455589633791	0.09376034514743359	1.0
42_H-10	5.0	5.0	0.3381355783307007	0.09340493450415588	1.0
430_H-10	5.0	5.0	0.300488347876947	0.08010936300634708	1.0
431_H-10	5.0	5.0	0.3459980186772036	0.09555242534071162	1.0
432_H-10	5.0	5.0	0.3201718668083505	0.0866797118958802	1.0
433_H-10	5.0	5.0	0.30405111557298187	0.08418941489222775	1.0
434_H-10	5.0	5.0	0.3422387526836739	0.09310033458205835	1.0
435_H-10	5.0	5.0	0.3004240430264328	0.08032377717526273	1.0
436_H-10	5.0	5.0	0.3371987533910156	0.09243034662126692	1.0
437_H-10	5.0	5.0	0.315001014509529	0.087722037953186	1.0
438_H-10	5.0	5.0	0.31789613088749175	0.08568757565940321	1.0
439_H-10	5.0	5.0	0.2930409115443464	0.07754937157030495	1.0
43_H-10	5.0	5.0	0.31706976773301193	0.08700247563561081	1.0
440_H-10	5.0	5.0	0.3271732069162032	0.09018283436193986	1.0
441_H-10	5.0	5.0	0.3345492920470298	0.09189215845625998	1.0
442_H-10	5.0	5.0	0.3209810751645275	0.08663438449855954	1.0
443_H-10	5.0	5.0	0.3104461352782203	0.08461348948065439	1.0
444_H-10	5.0	5.0	0.3107500588522753	0.08570721074206322	1.0
445_H-10	5.0	5.0	0.328179023874143	0.09002579860514481	1.0
446_H-10	5.0	5.0	0.35876521429906927	0.09894489447086807	1.0
447_H-10	5.0	5.0	0.3400918752503266	0.09214754191815666	1.0
448_H-10	5.0	5.0	0.32717038676259735	0.09367763963681852	1.0
449_H-10	5.0	5.0	0.3270501350613722	0.09070060032112659	1.0
44_H-10	5.0	5.0	0.3003338370787079	0.08143708916030801	1.0
450_H-10	5.0	5.0	0.32759234054897796	0.08743744838521395	1.0
451_H-10	5.0	5.0	0.32255231105620347	0.08810681772904683	1.0
452_H-10	5.0	5.0	0.3348380194088875	0.09189110543367307	1.0
453_H-10	5.0	5.0	0.3020868712637813	0.08293926156641085	1.0
454_H-10	5.0	5.0	0.3319416529996177	0.09300750151192527	1.0
455_H-10	5.0	5.0	0.29388230968054996	0.07677021437096254	1.0
456_H-10	5.0	5.0	0.36149888013908604	0.10168973461505348	1.0
457_H-10	5.0	5.0	0.3557056669972896	0.10016369162531724	1.0
458_H-10	5.0	5.0	0.30858152967831026	0.08301693866804505	1.0
459_H-10	5.0	5.0	0.3172886105427343	0.0871176167164498	1.0
45_H-10	5.0	5.0	0.33268055137774877	0.09287628971760575	1.0
460_H-10	5.0	5.0	0.3376831613202976	0.09421229424896804	1.0
461_H-10	5.0	5.0	0.3027790204743525	0.08358235883043696	1.0
462_H-10	5.0	5.0	0.29628759455846554	0.08015294934369688	1.0
463_H-10	5.0	5.0	0.3319000919426579	0.08967439299653934	1.0
464_H-10	5.0	5.0	0.30981495465658543	0.08405486301752607	1.0
465_H-10	5.0	5.0	0.34948453661017215	0.0962007478680107	1.0
466_H-10	5.0	5.0	0.29809580704771926	0.08176080111254969	1.0
467_H-10	5.0	5.0	0.34070858627970724	0.09476456625816276	1.0
468_H-10	5.0	5.0	0.30568279437293866	0.08512135243298835	1.0
469_H-10	5.0	5.0	0.3402610608040432	0.09247017741134744	1.0
46_H-10	5.0	5.0	0.3403536769982303	0.09230058418321796	1.0
470_H-10	5.0	5.0	0.32772527168289645	0.08922989645506374	1.0
471_H-10	5.0	5.0	0.32848211399930255	0.08990082808805211	1.0
472_H-10	5.0	5.0	0.3557610904553293	0.10247231561454506	1.0
473_H-10	5.0	5.0	0.2985734887904909	0.07957534248521692	1.0
474_H-10	5.0	5.0	0.34381449467372677	0.09353551726260001	1.0
475_H-10	5.0	5.0	0.34753285656987676	0.09445801272082255	1.0
476_H-10	5.0	5.0	0.3068602160071762	0.08401963568501758	1.0
477_H-10	5.0	5.0	0.30055116742893623	0.07975205666447427	1.0
478_H-10	5.0	5.0	0.31664959912999685	0.08580948411611045	1.0
479_H-10	5.0	5.0	0.3208753604492755	0.08592033002763932	1.0
47_H-10	5.0	5.0	0.3093164655921109	0.0819805282635041	1.0
480_H-10	5.0	5.0	0.3140635413819688	0.08583000942251562	1.0
481_H-10	5.0	5.0	0.3237552951237619	0.09001960180197288	1.0
482_H-10	5.0	5.0	0.3243911130385368	0.09042011730595279	1.0
483_H-10	5.0	5.0	0.3371816445561872	0.09445156581032244	1.0
484_H-10	5.0	5.0	0.34633513308796227	0.09536593438497676	1.0
485_H-10	5.0	5.0	0.3230804726209201	0.08900541223806735	1.0
486_H-10	5.0	5.0	0.3181266191133474	0.08568822549936261	1.0
487_H-10	5.0	5.0	0.3100470906740235	0.08284833606785047	1.0
488_H-10	5.0	5.0	0.3084736823824269	0.08574228885763635	1.0
489_H-10	5.0	5.0	0.3121019895202837	0.08487487630813395	1.0
48_H-10	5.0	5.0	0.3035927877808349	0.0805374844203195	1.0
490_H-10	5.0	5.0	0.29920312643353403	0.08164710030861899	1.0
491_H-10	5.0	5.0	0.3245965634114759	0.08652802583169472	1.0
492_H-10	5.0	5.0	0.30251279891950345	0.08377175746996002	1.0
493_H-10	5.0	5.0	0.3598580106318679	0.10186698925437665	1.0
494_H-10	5.0	5.0	0.3158087808199592	0.08632112722663099	1.0
495_H-10	5.0	5.0	0.30084039046658345	0.08129247412154783	1.0
496_H-10	5.0	5.0	0.32043720864289854	0.08719906693454693	1.0
497_H-10	5.0	5.0	0.315460925990355	0.08465550646701647	1.0
498_H-10	5.0	5.0	0.31203441973813184	0.08605482645169893	1.0
499_H-10	5.0	5.0	0.29182683783487756	0.07821601430936409	1.0
49_H-10	5.0	5.0	0.37948051891379336	0.10816194972639936	1.0
4_H-10	5.0	5.0	0.29518203586975605	0.08107329330862112	1.0
500_H-10	5.0	5.0	0.30061018825098973	0.08175566676500545	1.0
501_H-10	5.0	5.0	0.335736329591606	0.09276016365702311	1.0
502_H-10	5.0	5.0	0.3263323231637013	0.08870749211961915	1.0
503_H-10	5.0	5.0	0.2982467205362877	0.08235973020537324	1.0
504_H-10	5.0	5.0	0.3118751703003559	0.08376320554223216	1.0
505_H-10	5.0	5.0	0.30246487386054305	0.0826204900830958	1.0
506_H-10	5.0	5.0	0.3247733390908712	0.08814793097675055	1.0
507_H-10	5.0	5.0	0.3246309594119328	0.08897859370016237	1.0
508_H-10	5.0	5.0	0.3143747865195208	0.0847799696032484	1.0
509_H-10	5.0	5.0	0.3126606254948983	0.08679782825484761	1.0
50_H-10	5.0	5.0	0.3209686089906951	0.08882601092900166	1.0
510_H-10	5.0	5.0	0.3286446456415665	0.08956057270853457	1.0
511_H-10	5.0	5.0	0.32937722434172345	0.08799750619029878	1.0
512_H-10	5.0	5.0	0.2950625277447748	0.08044622299176629	1.0
513_H-10	5.0	5.0	0.30641428509871205	0.08145042073178321	1.0
514_H-10	5.0	5.0	0.319854598759603	0.09028241148031413	1.0
515_H-10	5.0	5.0	0.3059130355520605	0.0854827219068246	1.0
516_H-10	5.0	5.0	0.32364319042476725	0.08598798888140058	1.0
517_H-10	5.0	5.0	0.3095128237979203	0.08408952922126711	1.0
518_H-10	5.0	5.0	0.2937213435804241	0.07987234017139944	1.0
519_H-10	5.0	5.0	0.35470906175131256	0.09793591979495286	1.0
51_H-10	5.0	5.0	0.33274221533525195	0.09193153070356108	1.0
520_H-10	5.0	5.0	0.31719838787557264	0.08635200228620732	1.0
521_H-10	5.0	5.0	0.3148719872687759	0.08556789254324548	1.0
522_H-10	5.0	5.0	0.33336050161244374	0.09207492988948573	1.0
523_H-10	5.0	5.0	0.2958318879492076	0.07783841102002209	1.0
524_H-10	5.0	5.0	0.29657565891072374	0.07930460419461893	1.0
525_H-10	5.0	5.0	0.33271440848133277	0.09322106078988746	1.0
526_H-10	5.0	5.0	0.32690776766619073	0.09110722265326365	1.0
527_H-10	5.0	5.0	0.3089513126727516	0.083067508036475	1.0
528_H-10	5.0	5.0	0.30477344729379036	0.08338910644357411	1.0
529_H-10	5.0	5.0	0.34645439552718377	0.09606796213045532	1.0
52_H-10	5.0	5.0	0.33222862461918673	0.0947592869738404	1.0
530_H-10	5.0	5.0	0.32568993421654274	0.09055691653288411	1.0
531_H-10	5.0	5.0	0.3253740961970055	0.08743014651772607	1.0
532_H-10	5.0	5.0	0.28761351122757806	0.07897679884752429	1.0
533_H-10	5.0	5.0	0.31959131338569996	0.09017125727070618	1.0
534_H-10	5.0	5.0	0.33793473733399526	0.09427048970025564	1.0
535_H-10	5.0	5.0	0.3161413153561084	0.08494134349450833	1.0
536_H-10	5.0	5.0	0.3344718568226775	0.093538915531586	1.0
537_H-10	5.0	5.0	0.32285654192505486	0.08834041970039297	1.0
538_H-10	5.0	5.0	0.3416514382909461	0.09149348853544303	1.0
539_H-10	5.0	5.0	0.33903701911170364	0.09473245638513417	1.0
53_H-10	5.0	5.0	0.3018695579917633	0.08156162300248693	1.0
540_H-10	5.0	5.0	0.3043760824272298	0.08015654238591408	1.0
541_H-10	5.0	5.0	0.3465574851684958	0.0953355364418289	1.0
542_H-10	5.0	5.0	0.3466350175177222	0.09566070916978042	1.0
543_H-10	5.0	5.0	0.3160612119469884	0.08703339192063131	1.0
544_H-10	5.0	5.0	0.30523385474399634	0.08386796216223658	1.0
545_H-10	5.0	5.0	0.3431657189870608	0.09499487435569332	1.0
546_H-10	5.0	5.0	0.3018056900787941	0.08169865426519085	1.0
547_H-10	5.0	5.0	0.3356415304333722	0.09176694029634758	1.0
548_H-10	5.0	5.0	0.31403157190509773	0.08660205882207805	1.0
549_H-10	5.0	5.0	0.30459897212939896	0.08279304058446713	1.0
54_H-10	5.0	5.0	0.3630615445729512	0.09984289067639052	1.0
550_H-10	5.0	5.0	0.3303251608005829	0.08915922251253428	1.0
551_H-10	5.0	5.0	0.310940674488491	0.08303137373633251	1.0
552_H-10	5.0	5.0	0.30696311143537813	0.08254304860500317	1.0
553_H-10	5.0	5.0	0.2879657872043813	0.07959351952615323	1.0
554_H-10	5.0	5.0	0.32524398673850863	0.08854309789759529	1.0
555_H-10	5.0	5.0	0.3177383273557348	0.08668337215683442	1.0
556_H-10	5.0	5.0	0.33906983053047224	0.0927896667276924	1.0
557_H-10	5.0	5.0	0.31690521383373543	0.08701100397409134	1.0
558_H-10	5.0	5.0	0.33574225580723077	0.09431052674295903	1.0
559_H-10	5.0	5.0	0.35136150093557694	0.09582100497962864	1.0
55_H-10	5.0	5.0	0.3281234643324577	0.09013312170768784	1.0
560_H-10	5.0	5.0	0.3193442470680726	0.08906350169891464	1.0
561_H-10	5.0	5.0	0.3157886481744839	0.08549926923340279	1.0
562_H-10	5.0	5.0	0.33694889171787956	0.09501055344975817	1.0
563_H-10	5.0	5.0	0.34364502595221436	0.09632145170524431	1.0
564_H-10	5.0	5.0	0.2960812842733428	0.07929436480474539	1.0
565_H-10	5.0	5.0	0.2846748281901756	0.078070165826576	1.0
566_H-10	5.0	5.0	0.3236637446663929	0.08857054342178283	1.0
567_H-10	5.0	5.0	0.30463854612226804	0.08205469652084274	1.0
568_H-10	5.0	5.0	0.3014264228785421	0.08142305838102559	1.0
569_H-10	5.0	5.0	0.3205849377045897	0.0883691609399464	1.0
56_H-10	5.0	5.0	0.32319165737858396	0.08948586751786913	1.0
570_H-10	5.0	5.0	0.3317623813567479	0.09185737910260716	1.0
571_H-10	5.0	5.0	0.298624691560251	0.08114958025817964	1.0
572_H-10	5.0	5.0	0.35658193307710634	0.09818918169869917	1.0
573_H-10	5.0	5.0	0.33516578597163205	0.09194293533853726	1.0
574_H-10	5.0	5.0	0.3529380365180093	0.10208423637594921	1.0
575_H-10	5.0	5.0	0.3451045351680063	0.09543216196069071	1.0
576_H-10	5.0	5.0	0.27954948242300726	0.07193061784889476	1.0
577_H-10	5.0	5.0	0.35152425432795187	0.09834115025879009	1.0
578_H-10	5.0	5.0	0.3168612802742816	0.08774399283046086	1.0
579_H-10	5.0	5.0	0.3166915604035725	0.08633050023280509	1.0
57_H-10	5.0	5.0	0.32803939342668126	0.08951999075037576	1.0
580_H-10	5.0	5.0	0.3230178508846226	0.09147219755393676	1.0
581_H-10	5.0	5.0	0.32848237308068917	0.08938348722979317	1.0
582_H-10	5.0	5.0	0.3197152527921517	0.08865379361714687	1.0
583_H-10	5.0	5.0	0.33426876860216254	0.09336245699002044	1.0
584_H-10	5.0	5.0	0.3294713968056391	0.09154341882973727	1.0
585_H-10	5.0	5.0	0.32798817565033955	0.0891933235770721	1.0
586_H-10	5.0	5.0	0.3764699950005426	0.10652535047580125	1.0
587_H-10	5.0	5.0	0.3163238218742581	0.0866388517249086	1.0
588_H-10	5.0	5.0	0.31532864320574794	0.08825937842935982	1.0
589_H-10	5.0	5.0	0.3113997330962288	0.08256391584827649	1.0
58_H-10	5.0	5.0	0.3103553544397721	0.08572373337360262	1.0
590_H-10	5.0	5.0	0.33971332843849555	0.09445703268890271	1.0
591_H-10	5.0	5.0	0.32657894958340233	0.09102021889233103	1.0
592_H-10	5.0	5.0	0.29289844728304754	0.07760210944687429	1.0
593_H-10	5.0	5.0	0.30888349907431445	0.08354156664770263	1.0
594_H-10	5.0	5.0	0.32906570424781545	0.08936950495786611	1.0
595_H-10	5.0	5.0	0.3088492010244918	0.083208495890161	1.0
596_H-10	5.0	5.0	0.3594109264805648	0.0996191558175894	1.0
597_H-10	5.0	5.0	0.2888378447241941	0.07767475886333508	1.0
598_H-10	5.0	5.0	0.31988969147092255	0.08727463278912495	1.0
599_H-10	5.0	5.0	0.33122544215867084	0.08961889480716079	1.0
59_H-10	5.0	5.0	0.3100795025235559	0.08528936568813328	1.0
5_H-10	5.0	5.0	0.3004974904548773	0.08360335886188908	1.0
600_H-10	5.0	5.0	0.3369887239570273	0.0916311634142708	1.0
601_H-10	5.0	5.0	0.28598069114321867	0.07811655478117852	1.0
602_H-10	5.0	5.0	0.32473623122189293	0.08989162308254206	1.0
603_H-10	5.0	5.0	0.3604465089091462	0.09967750508687057	1.0
604_H-10	5.0	5.0	0.33698776784725243	0.09180889945805148	1.0
605_H-10	5.0	5.0	0.30106429519473316	0.08153482230544429	1.0
606_H-10	5.0	5.0	0.3111570683674559	0.08331506756617613	1.0
607_H-10	5.0	5.0	0.3195329395086634	0.08802210646204567	1.0
608_H-10	5.0	5.0	0.3048100847675786	0.08158530444642764	1.0
609_H-10	5.0	5.0	0.30880691688678663	0.08334725231161055	1.0
60_H-10	5.0	5.0	0.3144969981979519	0.08510640440503436	1.0
610_H-10	5.0	5.0	0.35187537968664206	0.09575452516162908	1.0
611_H-10	5.0	5.0	0.3353274205330888	0.0925777788063471	1.0
612_H-10	5.0	5.0	0.2868906839906244	0.07563180626321242	1.0
613_H-10	5.0	5.0	0.319279827037726	0.08789253577883638	1.0
614_H-10	5.0	5.0	0.30712267787130504	0.08383287296888509	1.0
615_H-10	5.0	5.0	0.34619383686228294	0.09743185635413087	1.0
616_H-10	5.0	5.0	0.29428847660617025	0.07988464487036595	1.0
617_H-10	5.0	5.0	0.3133157142288896	0.08632587664344349	1.0
618_H-10	5.0	5.0	0.3284887650840885	0.09306146357691392	1.0
619_H-10	5.0	5.0	0.3239912205358899	0.08992010650815829	1.0
61_H-10	5.0	5.0	0.33689421339044456	0.09293480689682854	1.0
620_H-10	5.0	5.0	0.3098329910049526	0.08649724031907591	1.0
621_H-10	5.0	5.0	0.3315397806157347	0.0909786595661134	1.0
622_H-10	5.0	5.0	0.33153388367126124	0.09067421553983623	1.0
623_H-10	5.0	5.0	0.30660210541542016	0.08340217292892715	1.0
624_H-10	5.0	5.0	0.3170886780951473	0.08851443622084987	1.0
625_H-10	5.0	5.0	0.33917118767120963	0.09485200961837126	1.0
626_H-10	5.0	5.0	0.32425661944893175	0.08775891853874385	1.0
627_H-10	5.0	5.0	0.2678568132819637	0.0695017733804072	1.0
628_H-10	5.0	5.0	0.3104781772944268	0.08565153447295049	1.0
629_H-10	5.0	5.0	0.3365805889497771	0.09177155618869404	1.0
62_H-10	5.0	5.0	0.2964718021007143	0.08233102333531517	1.0
630_H-10	5.0	5.0	0.30613160948738904	0.08387049902075794	1.0
631_H-10	5.0	5.0	0.3385942084740001	0.09272417036053449	1.0
632_H-10	5.0	5.0	0.3155996534909407	0.08730336186982346	1.0
633_H-10	5.0	5.0	0.31066720705328127	0.08483275337607332	1.0
634_H-10	5.0	5.0	0.32169006019864715	0.08739603886737857	1.0
635_H-10	5.0	5.0	0.33112945163698787	0.09267332291823804	1.0
636_H-10	5.0	5.0	0.30551807085870497	0.08357881624469798	1.0
637_H-10	5.0	5.0	0.3276894611314881	0.08920026732011577	1.0
638_H-10	5.0	5.0	0.30218807737211995	0.08196093315145492	1.0
639_H-10	5.0	5.0	0.3299833953262492	0.09186267558323757	1.0
63_H-10	5.0	5.0	0.3262833915327215	0.08983301276319355	1.0
640_H-10	5.0	5.0	0.3229777904631361	0.08931691088540383	1.0
641_H-10	5.0	5.0	0.3189400314327205	0.08748721674131776	1.0
642_H-10	5.0	5.0	0.29402722875375464	0.07953107388103042	1.0
643_H-10	5.0	5.0	0.33986878338958315	0.09346743340882646	1.0
644_H-10	5.0	5.0	0.3349386957993659	0.09268512132563422	1.0
645_H-10	5.0	5.0	0.2874381331153125	0.07720434893819017	1.0
646_H-10	5.0	5.0	0.30132449984857546	0.08336962086920519	1.0
647_H-10	5.0	5.0	0.32106612286414116	0.08892296884863848	1.0
648_H-10	5.0	5.0	0.3295612882941605	0.0947372694990819	1.0
649_H-10	5.0	5.0	0.32720458295155963	0.08792141692666311	1.0
64_H-10	5.0	5.0	0.34697990260389006	0.09605717367633615	1.0
650_H-10	5.0	5.0	0.34046995899155097	0.09476998747391274	1.0
651_H-10	5.0	5.0	0.32121916999488076	0.08884093071752508	1.0
652_H-10	5.0	5.0	0.3178366801849793	0.08806358470107123	1.0
653_H-10	5.0	5.0	0.3394398274431203	0.09126121039001533	1.0
654_H-10	5.0	5.0	0.2817346899467392	0.07352005490005031	1.0
655_H-10	5.0	5.0	0.3358734734658251	0.09194377043642621	1.0
656_H-10	5.0	5.0	0.33697489878156495	0.0943692269352786	1.0
657_H-10	5.0	5.0	0.2804367294540654	0.07507674920956198	1.0
658_H-10	5.0	5.0	0.3503978076472777	0.09798606545401412	1.0
659_H-10	5.0	5.0	0.29851819458364337	0.0785713368715859	1.0
65_H-10	5.0	5.0	0.316727207949832	0.0869622840747456	1.0
660_H-10	5.0	5.0	0.28496209102016345	0.07897121113623129	1.0
661_H-10	5.0	5.0	0.3035879980089506	0.0819584530566787	1.0
662_H-10	5.0	5.0	0.3593766676166232	0.10163059787626971	1.0
663_H-10	5.0	5.0	0.32716647823587724	0.09103311033568873	1.0
664_H-10	5.0	5.0	0.33186149485896843	0.09304686574891907	1.0
665_H-10	5.0	5.0	0.310465634853402	0.08285615282371583	1.0
666_H-10	5.0	5.0	0.32599014620631017	0.09051459756124136	1.0
667_H-10	5.0	5.0	0.36837307915967565	0.10217599972328006	1.0
668_H-10	5.0	5.0	0.3296002500672183	0.09284641170735897	1.0
669_H-10	5.0	5.0	0.3135911293962694	0.08450568996597363	1.0
66_H-10	5.0	5.0	0.30345626348188015	0.0812986524230297	1.0
670_H-10	5.0	5.0	0.3216910121374971	0.08690120125185075	1.0
671_H-10	5.0	5.0	0.31581503406738154	0.08527723560907585	1.0
672_H-10	5.0	5.0	0.32816443367175696	0.09135521444510164	1.0
673_H-10	5.0	5.0	0.3286782763860114	0.0885676385236347	1.0
674_H-10	5.0	5.0	0.3125489568835704	0.08631049149338377	1.0
675_H-10	5.0	5.0	0.31351762309172626	0.08618491244591475	1.0
676_H-10	5.0	5.0	0.31935152186947996	0.08760525391605023	1.0
677_H-10	5.0	5.0	0.32264434743053266	0.08619725010473134	1.0
678_H-10	5.0	5.0	0.3259492059368705	0.08819866189668657	1.0
679_H-10	5.0	5.0	0.30469578243811923	0.08276163682373006	1.0
67_H-10	5.0	5.0	0.3250698319487176	0.08937441822365155	1.0
680_H-10	5.0	5.0	0.33429825569846183	0.09470206025813066	1.0
681_H-10	5.0	5.0	0.33503758311247694	0.09124720019139498	1.0
682_H-10	5.0	5.0	0.30912668033678925	0.0834683605954275	1.0
683_H-10	5.0	5.0	0.3027897784836078	0.08232358997149147	1.0
684_H-10	5.0	5.0	0.3119945923027295	0.08478660921091807	1.0
685_H-10	5.0	5.0	0.32154793097047446	0.08821671119292573	1.0
686_H-10	5.0	5.0	0.30658794756572033	0.0833291651900957	1.0
687_H-10	5.0	5.0	0.35320529602747397	0.10101370525942532	1.0
688_H-10	5.0	5.0	0.3094831583506449	0.08410427443338031	1.0
689_H-10	5.0	5.0	0.32099496596421184	0.08915773174518926	1.0
68_H-10	5.0	5.0	0.3096584104599505	0.08265040130731216	1.0
690_H-10	5.0	5.0	0.3384771699688421	0.0945165231358368	1.0
691_H-10	5.0	5.0	0.34008491247834477	0.09533344264251942	1.0
692_H-10	5.0	5.0	0.3148468373160025	0.08660011436274095	1.0
693_H-10	5.0	5.0	0.31020219191007714	0.0854272641702416	1.0
694_H-10	5.0	5.0	0.32370954193115165	0.09008615953425014	1.0
695_H-10	5.0	5.0	0.29394601020049055	0.08046587561271412	1.0
696_H-10	5.0	5.0	0.3242721441421839	0.09200179368790651	1.0
697_H-10	5.0	5.0	0.3003195222472632	0.08111193901643499	1.0
698_H-10	5.0	5.0	0.3367830468666859	0.0946694918044565	1.0
699_H-10	5.0	5.0	0.33016626837620966	0.08949100478604755	1.0
69_H-10	5.0	5.0	0.29877564763142267	0.08060652697813897	1.0
6_H-10	5.0	5.0	0.35540109712110723	0.10045013521703816	1.0
700_H-10	5.0	5.0	0.3405211701904925	0.09467272947843752	1.0
701_H-10	5.0	5.0	0.30735048038043383	0.08527231328762286	1.0
702_H-10	5.0	5.0	0.32177380212179896	0.08895996539757733	1.0
703_H-10	5.0	5.0	0.3268139973846953	0.08964634019215434	1.0
704_H-10	5.0	5.0	0.3364159088374752	0.09044670998129811	1.0
705_H-10	5.0	5.0	0.31454197136030565	0.08641384153182974	1.0
706_H-10	5.0	5.0	0.33631145704337007	0.09358834596034715	1.0
707_H-10	5.0	5.0	0.30723241498706966	0.08503193430985123	1.0
708_H-10	5.0	5.0	0.33374303049432086	0.09180584709084705	1.0
709_H-10	5.0	5.0	0.3138523038091391	0.08587394087066536	1.0
70_H-10	5.0	5.0	0.27800056696721237	0.07526320274453102	1.0
710_H-10	5.0	5.0	0.30929415328616977	0.08495403007779168	1.0
711_H-10	5.0	5.0	0.31077605581661577	0.08411940431655696	1.0
712_H-10	5.0	5.0	0.30632699494600485	0.08199587837940348	1.0
713_H-10	5.0	5.0	0.30575699250447796	0.08426581993349624	1.0
714_H-10	5.0	5.0	0.3138491901298876	0.08521488947806266	1.0
715_H-10	5.0	5.0	0.30506565873153735	0.08207724440280806	1.0
716_H-10	5.0	5.0	0.28442731285668166	0.07578778925937635	1.0
717_H-10	5.0	5.0	0.3092858513871295	0.08301536049389213	1.0
718_H-10	5.0	5.0	0.3144030709056083	0.08556530106271398	1.0
719_H-10	5.0	5.0	0.31652975016307894	0.08594604666074912	1.0
71_H-10	5.0	5.0	0.3507008172429023	0.09793981864014445	1.0
720_H-10	5.0	5.0	0.3152141162986705	0.08444334834250677	1.0
721_H-10	5.0	5.0	0.3219869511066347	0.08828407553942375	1.0
722_H-10	5.0	5.0	0.3344412016774552	0.09115973148887457	1.0
723_H-10	5.0	5.0	0.33309950519829956	0.09183032896381593	1.0
724_H-10	5.0	5.0	0.31732416738274394	0.08644335357305466	1.0
725_H-10	5.0	5.0	0.32874243422282207	0.09091677526865038	1.0
726_H-10	5.0	5.0	0.30969481460842374	0.0832923266209088	1.0
727_H-10	5.0	5.0	0.32604901163102656	0.08978004317222399	1.0
728_H-10	5.0	5.0	0.31548571289019156	0.08754917298688336	1.0
729_H-10	5.0	5.0	0.3051102096843744	0.083166834120594	1.0
72_H-10	5.0	5.0	0.29197528330862316	0.0778912763925671	1.0
730_H-10	5.0	5.0	0.31851899434202186	0.08624287430951094	1.0
731_H-10	5.0	5.0	0.3204010337423957	0.08687553530698877	1.0
732_H-10	5.0	5.0	0.3100368138583807	0.08680634920634911	1.0
733_H-10	5.0	5.0	0.32623016337743255	0.0920074358206473	1.0
734_H-10	5.0	5.0	0.32119161321614054	0.08850653308969558	1.0
735_H-10	5.0	5.0	0.3070924166319369	0.08411203872266915	1.0
736_H-10	5.0	5.0	0.3391234019105248	0.09399376975505758	1.0
737_H-10	5.0	5.0	0.32865100996126606	0.08894361151383456	1.0
738_H-10	5.0	5.0	0.33994304325048613	0.09431342164598189	1.0
739_H-10	5.0	5.0	0.2876881037581468	0.07641991338215837	1.0
73_H-10	5.0	5.0	0.29096118025584466	0.07806715810220088	1.0
740_H-10	5.0	5.0	0.3341646043897221	0.09143770877861535	1.0
741_H-10	5.0	5.0	0.30650263759030666	0.08243137552045565	1.0
742_H-10	5.0	5.0	0.3304999394678865	0.09270787146305182	1.0
743_H-10	5.0	5.0	0.30846753093531565	0.08435717508957197	1.0
744_H-10	5.0	5.0	0.3145565349938982	0.08655439828456235	1.0
745_H-10	5.0	5.0	0.3000914464504878	0.08003576791510048	1.0
746_H-10	5.0	5.0	0.2945499855502203	0.08045096730138379	1.0
747_H-10	5.0	5.0	0.31179824852972315	0.08301740051580264	1.0
748_H-10	5.0	5.0	0.3241448779403657	0.09124768914208747	1.0
749_H-10	5.0	5.0	0.31927268351142996	0.08539508798146633	1.0
74_H-10	5.0	5.0	0.33159301556065157	0.09315955707491086	1.0
750_H-10	5.0	5.0	0.337508287800815	0.0926472750827193	1.0
751_H-10	5.0	5.0	0.32937309267854675	0.09569575403554786	0.99978369024443
752_H-10	5.0	5.0	0.3432536468988735	0.09292063111038151	1.0
753_H-10	5.0	5.0	0.33480549100053336	0.09494602081380077	1.0
754_H-10	5.0	5.0	0.32186693480874196	0.08592099940759523	1.0
755_H-10	5.0	5.0	0.3207866757556033	0.08775624277565763	1.0
756_H-10	5.0	5.0	0.3305438523444928	0.0879377995852707	1.0
757_H-10	5.0	5.0	0.29969531592931464	0.08139025565819646	1.0
758_H-10	5.0	5.0	0.3119596010866894	0.0856340914762509	1.0
759_H-10	5.0	5.0	0.31935086874662827	0.08713055718189	1.0
75_H-10	5.0	5.0	0.32393178404106704	0.08935083968692126	1.0
760_H-10	5.0	5.0	0.32168987038222097	0.08834467476156116	1.0
761_H-10	5.0	5.0	0.3102860667406806	0.08270403914806657	1.0
762_H-10	5.0	5.0	0.2987955029475704	0.0820001330190091	1.0
763_H-10	5.0	5.0	0.2963349908019902	0.08011102716405438	1.0
764_H-10	5.0	5.0	0.31843970413630995	0.08572981580548722	1.0
765_H-10	5.0	5.0	0.30980945906131396	0.08297328572244111	1.0
766_H-10	5.0	5.0	0.27250626725453836	0.07279548409896242	1.0
767_H-10	5.0	5.0	0.3211866758248806	0.0888288190597254	1.0
768_H-10	5.0	5.0	0.3054213128540718	0.08360545681098963	1.0
769_H-10	5.0	5.0	0.3421455545181139	0.09379746400792832	1.0
76_H-10	5.0	5.0	0.332891561410557	0.0926152682218141	1.0
770_H-10	5.0	5.0	0.3109859834587826	0.08459256282401006	1.0
771_H-10	5.0	5.0	0.30281053062900154	0.0811901503896294	1.0
772_H-10	5.0	5.0	0.35563616855448393	0.09956832524270154	1.0
773_H-10	5.0	5.0	0.27198179496300245	0.0717547059218423	1.0
774_H-10	5.0	5.0	0.3205681377974281	0.08891979244135917	1.0
775_H-10	5.0	5.0	0.3299858201467387	0.08940080410398676	1.0
776_H-10	5.0	5.0	0.3352062813937508	0.09344269263665328	1.0
777_H-10	5.0	5.0	0.3319287802550469	0.09323514994485393	1.0
778_H-10	5.0	5.0	0.34850230856090497	0.0959241410616768	1.0
779_H-10	5.0	5.0	0.2903241800987177	0.07884064352061959	1.0
77_H-10	5.0	5.0	0.32148151394808133	0.09079472066906158	1.0
780_H-10	5.0	5.0	0.33274923406911106	0.09233020834228023	1.0
781_H-10	5.0	5.0	0.34645775080992186	0.09804088459596683	1.0
782_H-10	5.0	5.0	0.31594963752309924	0.0853830099584525	1.0
783_H-10	5.0	5.0	0.32771336049238725	0.08987803949373396	1.0
784_H-10	5.0	5.0	0.34549336715809187	0.09701452244841069	1.0
785_H-10	5.0	5.0	0.3271662421346973	0.0888654046477605	1.0
786_H-10	5.0	5.0	0.32978402464664164	0.09120162862366588	1.0
787_H-10	5.0	5.0	0.30054113847640695	0.08265272241040911	1.0
788_H-10	5.0	5.0	0.3088839877627812	0.08398025104450335	1.0
789_H-10	5.0	5.0	0.3335626870948398	0.09079813920172042	1.0
78_H-10	5.0	5.0	0.2886423301322561	0.07983598937958192	1.0
790_H-10	5.0	5.0	0.32006327066594764	0.08666842335580982	1.0
791_H-10	5.0	5.0	0.3238979878549599	0.09044754564918389	1.0
792_H-10	5.0	5.0	0.30730861784652175	0.08448549716150511	1.0
793_H-10	5.0	5.0	0.30830240679355325	0.08371797233325362	1.0
794_H-10	5.0	5.0	0.33076168166172204	0.08910638836769058	1.0
795_H-10	5.0	5.0	0.313704289595435	0.08678895331059144	1.0
796_H-10	5.0	5.0	0.33153713889749853	0.08984569973444334	1.0
797_H-10	5.0	5.0	0.31371360606942295	0.08487376851192963	1.0
798_H-10	5.0	5.0	0.3257648739362363	0.08880551471837184	1.0
799_H-10	5.0	5.0	0.3170770369675759	0.08566131527054743	1.0
79_H-10	5.0	5.0	0.3182200661960458	0.08733289754033668	1.0
7_H-10	5.0	5.0	0.31360066863006353	0.0849552240113235	1.0
800_H-10	5.0	5.0	0.2866903163721772	0.07546839157089691	1.0
801_H-10	5.0	5.0	0.3353773723880875	0.09272683561941664	1.0
802_H-10	5.0	5.0	0.3277839679469011	0.09030675922809872	1.0
803_H-10	5.0	5.0	0.30777510995304613	0.08394840460179243	1.0
804_H-10	5.0	5.0	0.32164903555794816	0.08770338209063755	1.0
805_H-10	5.0	5.0	0.3087333266572873	0.08464853354238955	1.0
806_H-10	5.0	5.0	0.3439725229805312	0.09440768231221419	1.0
807_H-10	5.0	5.0	0.311840177162176	0.0844025358839523	1.0
808_H-10	5.0	5.0	0.3319674042316218	0.09039337004396408	1.0
809_H-10	5.0	5.0	0.3088553310940664	0.08301467512594374	1.0
80_H-10	5.0	5.0	0.2989467741613308	0.07860174666904929	1.0
810_H-10	5.0	5.0	0.28465262187541357	0.07609233911001734	1.0
811_H-10	5.0	5.0	0.2970037328475756	0.08247876599199344	1.0
812_H-10	5.0	5.0	0.31863998093206053	0.08848823142502449	1.0
813_H-10	5.0	5.0	0.33966397128694426	0.0953869509428037	1.0
814_H-10	5.0	5.0	0.30464074275342246	0.08360297716666398	1.0
815_H-10	5.0	5.0	0.3375674205512944	0.09431265525916732	1.0
816_H-10	5.0	5.0	0.3024095841286144	0.07958161033426248	1.0
817_H-10	5.0	5.0	0.2885834761326338	0.07650308873216993	1.0
818_H-10	5.0	5.0	0.32071673991314165	0.08841215446227624	1.0
819_H-10	5.0	5.0	0.30886582366348714	0.08212187007887439	1.0
81_H-10	5.0	5.0	0.3157000700921741	0.08496744126233213	1.0
820_H-10	5.0	5.0	0.3337788087508139	0.09388762912572435	1.0
821_H-10	5.0	5.0	0.29510747239108315	0.07771930689136763	1.0
822_H-10	5.0	5.0	0.3346939593236946	0.09211631011493437	1.0
823_H-10	5.0	5.0	0.30653351353439034	0.08182436003090976	1.0
824_H-10	5.0	5.0	0.33653142682486653	0.09423928055817532	1.0
825_H-10	5.0	5.0	0.3231758785540211	0.08787549588086085	1.0
826_H-10	5.0	5.0	0.30943236879595215	0.08564696554293116	1.0
827_H-10	5.0	5.0	0.3334770825827746	0.09330811503587189	1.0
828_H-10	5.0	5.0	0.3193460907057639	0.08658879647862261	1.0
829_H-10	5.0	5.0	0.31790644186100897	0.08669320456707985	1.0
82_H-10	5.0	5.0	0.3298761587457216	0.08843001636397352	1.0
830_H-10	5.0	5.0	0.3361453687158943	0.09205931555259605	1.0
831_H-10	5.0	5.0	0.340436760385761	0.09354275451338834	1.0
832_H-10	5.0	5.0	0.2951393319332451	0.07779567924237962	1.0
833_H-10	5.0	5.0	0.3014253557173235	0.08270584183169394	1.0
834_H-10	5.0	5.0	0.31842349082232824	0.08782703370225098	1.0
835_H-10	5.0	5.0	0.299580096251167	0.08015136971028292	1.0
836_H-10	5.0	5.0	0.3559324726212086	0.09971493539676968	1.0
837_H-10	5.0	5.0	0.3221811005216511	0.08774511551125452	1.0
838_H-10	5.0	5.0	0.304366975937046	0.08463225475045122	1.0
839_H-10	5.0	5.0	0.31996131594224025	0.08918334780757586	1.0
83_H-10	4.0	4.0	0.29273714164207404	0.08118764194533645	1.0
840_H-10	5.0	5.0	0.3661168507820346	0.10181436211268569	1.0
841_H-10	5.0	5.0	0.3341146726290244	0.09112119559244392	1.0
842_H-10	5.0	5.0	0.31455647771615924	0.08669456541612419	1.0
843_H-10	5.0	5.0	0.300384394912735	0.08379196104607334	1.0
844_H-10	5.0	5.0	0.31787118636362033	0.0873831146457057	1.0
845_H-10	5.0	5.0	0.2904173454658228	0.08275639588799666	1.0
846_H-10	5.0	5.0	0.31551054156221336	0.08518230944724692	1.0
847_H-10	5.0	5.0	0.30697584601238254	0.08315809662405604	1.0
848_H-10	5.0	5.0	0.2962432833563076	0.08128999224674782	1.0
849_H-10	5.0	5.0	0.3045276053160931	0.0843884446315003	1.0
84_H-10	5.0	5.0	0.33668899497937965	0.09095937603684856	1.0
850_H-10	5.0	5.0	0.3318739516222366	0.09159306029872605	1.0
851_H-10	5.0	5.0	0.32801257641145654	0.09014137677058653	1.0
852_H-10	5.0	5.0	0.3193900750158786	0.08831618214697079	1.0
853_H-10	5.0	5.0	0.336586559603994	0.09307998262648942	1.0
854_H-10	5.0	5.0	0.3389612833792051	0.09395420567240986	1.0
855_H-10	5.0	5.0	0.3380166306323336	0.09374625761888222	1.0
856_H-10	5.0	5.0	0.2625773471033813	0.07022387951065201	1.0
857_H-10	5.0	5.0	0.31876113383688137	0.08819876721124986	1.0
858_H-10	5.0	5.0	0.3320588447245915	0.0921809138764238	1.0
859_H-10	5.0	5.0	0.32463829523145904	0.08973661441030423	1.0
85_H-10	5.0	5.0	0.3476298251763165	0.09738810795318309	1.0
860_H-10	5.0	5.0	0.3228761416918414	0.08708757519779464	1.0
861_H-10	5.0	5.0	0.3305915000856847	0.08968549861055097	1.0
862_H-10	5.0	5.0	0.3421991860639038	0.09506614958448756	1.0
863_H-10	5.0	5.0	0.319326641515812	0.08540635584658018	1.0
864_H-10	5.0	5.0	0.290903883190109	0.0803627960064881	1.0
865_H-10	5.0	5.0	0.3198555140846237	0.09052325018709151	1.0
866_H-10	5.0	5.0	0.32093339435498514	0.08854799614653319	1.0
867_H-10	5.0	5.0	0.3102331815340065	0.08437994840741037	1.0
868_H-10	5.0	5.0	0.2962939187728149	0.07858655795004288	1.0
869_H-10	5.0	5.0	0.3167150991546993	0.08608923088435938	1.0
86_H-10	5.0	5.0	0.3086206927508031	0.08576039922337753	1.0
870_H-10	5.0	5.0	0.3346809288617933	0.09366704729406805	1.0
871_H-10	5.0	5.0	0.33735558924663195	0.09592815976942082	1.0
872_H-10	5.0	5.0	0.3363297892756331	0.09228353505369125	1.0
873_H-10	5.0	5.0	0.30300144828862985	0.08149899213357659	1.0
874_H-10	5.0	5.0	0.338516320484259	0.09378700994971478	1.0
875_H-10	5.0	5.0	0.30891048023903106	0.08174964055041423	1.0
876_H-10	5.0	5.0	0.3050262123288382	0.08317623931071172	1.0
877_H-10	5.0	5.0	0.30127069160955033	0.08154573137222498	1.0
878_H-10	5.0	5.0	0.32179621215053344	0.08857765803276707	1.0
879_H-10	5.0	5.0	0.3247676748660675	0.08939977694529444	1.0
87_H-10	5.0	5.0	0.29569548032400533	0.07900946166244216	1.0
880_H-10	5.0	5.0	0.3516868100978402	0.09951642245328118	1.0
881_H-10	5.0	5.0	0.3044201931826071	0.08359655515414122	1.0
882_H-10	5.0	5.0	0.3220012321993489	0.08832390461527384	1.0
883_H-10	5.0	5.0	0.2935144214841284	0.07856583078418655	1.0
884_H-10	5.0	5.0	0.30560465191684955	0.08392869645073464	1.0
885_H-10	5.0	5.0	0.3348716294804107	0.09196537732013899	1.0
886_H-10	5.0	5.0	0.31854222947999195	0.08711087768577608	1.0
887_H-10	5.0	5.0	0.296467947478091	0.0803644318719483	1.0
888_H-10	5.0	5.0	0.31057819037798956	0.08604307676922585	1.0
889_H-10	5.0	5.0	0.36337635728480955	0.1032921319027017	1.0
88_H-10	5.0	5.0	0.3287031575060361	0.09019907251448145	1.0
890_H-10	5.0	5.0	0.3011948988917213	0.08228604746390367	1.0
891_H-10	5.0	5.0	0.30271260347410317	0.08265478925851555	1.0
892_H-10	5.0	5.0	0.2975743152924993	0.08121865200372269	1.0
893_H-10	5.0	5.0	0.33548947143225627	0.09266319805757894	1.0
894_H-10	5.0	5.0	0.3242292508668362	0.08851303683757406	1.0
895_H-10	5.0	5.0	0.3512603594141416	0.0976591416936331	1.0
896_H-10	5.0	5.0	0.331423054343425	0.09231309688470068	1.0
897_H-10	5.0	5.0	0.3495535960915775	0.09699200277769027	1.0
898_H-10	5.0	5.0	0.30283051071111394	0.08605503980854035	1.0
899_H-10	5.0	5.0	0.3158177723532381	0.0846704090419298	1.0
89_H-10	5.0	5.0	0.3409089216693612	0.09459811439183419	1.0
8_H-10	5.0	5.0	0.342864028809495	0.09678426138318197	1.0
900_H-10	5.0	5.0	0.3101106616314481	0.0860217056685616	1.0
901_H-10	5.0	5.0	0.35276196842334134	0.09955907372400763	1.0
902_H-10	5.0	5.0	0.31828922582432934	0.0851709823151584	1.0
903_H-10	5.0	5.0	0.29711786640827403	0.07944145073539444	1.0
904_H-10	5.0	5.0	0.3172692079039121	0.08794419145068477	1.0
905_H-10	5.0	5.0	0.30509192222920506	0.08269981552809003	1.0
906_H-10	5.0	5.0	0.3081422338282196	0.08276903918586476	1.0
907_H-10	5.0	5.0	0.2858117357950879	0.07480121238559234	1.0
908_H-10	5.0	5.0	0.35281829883132343	0.10165579585508189	1.0
909_H-10	5.0	5.0	0.347274400795808	0.09577708385271344	1.0
90_H-10	5.0	5.0	0.2844071319590879	0.07628776044611751	1.0
910_H-10	5.0	5.0	0.31008479841254727	0.08559284816581858	1.0
911_H-10	5.0	5.0	0.3194929838877415	0.08706300301298109	1.0
912_H-10	5.0	5.0	0.33422730771647535	0.09114060486081366	1.0
913_H-10	5.0	5.0	0.2937818581844147	0.08103247989083595	0.9997881355932203
914_H-10	5.0	5.0	0.33244425568997066	0.09253292757855702	1.0
915_H-10	5.0	5.0	0.2969347888371907	0.08088338208118317	1.0
916_H-10	5.0	5.0	0.30927750376118895	0.08277451323247298	1.0
917_H-10	5.0	5.0	0.33415257152759215	0.0903353594381271	1.0
918_H-10	5.0	5.0	0.3395628665362891	0.09261804060496359	1.0
919_H-10	5.0	5.0	0.35551294555341223	0.101163400769403	1.0
91_H-10	5.0	5.0	0.3259773621535586	0.09106151290293663	1.0
920_H-10	5.0	5.0	0.33040193699088855	0.0915594221298861	1.0
921_H-10	5.0	5.0	0.3283621552831389	0.09247023037158342	1.0
922_H-10	5.0	5.0	0.30826674022896156	0.08501783797968654	1.0
923_H-10	5.0	5.0	0.3601520624576134	0.09980496967821972	1.0
924_H-10	5.0	5.0	0.30829750336671297	0.08358829322346384	1.0
925_H-10	5.0	5.0	0.3150210870991265	0.08745388661605613	1.0
926_H-10	5.0	5.0	0.31641363796853933	0.08658050011831042	1.0
927_H-10	5.0	5.0	0.3098864550107644	0.08236923943468377	1.0
928_H-10	5.0	5.0	0.3104677810758092	0.08591276438867113	1.0
929_H-10	5.0	5.0	0.3120695176670235	0.08424780729316617	1.0
92_H-10	5.0	5.0	0.35617394525204865	0.10060965733053495	1.0
930_H-10	5.0	5.0	0.28841468995111746	0.07709073541384814	1.0
931_H-10	5.0	5.0	0.32301029086774286	0.08721301279484506	1.0
932_H-10	5.0	5.0	0.3229644053782844	0.0885850768485571	1.0
933_H-10	5.0	5.0	0.34760779942206516	0.09658294913149679	1.0
934_H-10	5.0	5.0	0.34305929875523555	0.09466554422898332	1.0
935_H-10	5.0	5.0	0.3413776332616834	0.0946962411264346	1.0
936_H-10	5.0	5.0	0.28645656192833563	0.07724973178414907	1.0
937_H-10	5.0	5.0	0.2924738021760794	0.07952190847056806	1.0
938_H-10	5.0	5.0	0.29664058535455334	0.08058200310497088	1.0
939_H-10	5.0	5.0	0.291372299485238	0.07781422434163043	1.0
93_H-10	5.0	5.0	0.2894105638762015	0.07656722997635002	1.0
940_H-10	5.0	5.0	0.2970154586287349	0.07786547446960979	1.0
941_H-10	5.0	5.0	0.33352294395669874	0.09123710981201771	1.0
942_H-10	5.0	5.0	0.3108866220330116	0.08422186719509095	1.0
943_H-10	5.0	5.0	0.32692189895770324	0.09068129963414151	1.0
944_H-10	5.0	5.0	0.3139167780991406	0.0872919755272793	1.0
945_H-10	5.0	5.0	0.343646955390326	0.09511768171135071	1.0
946_H-10	5.0	5.0	0.3537708187852426	0.09886968280663111	1.0
947_H-10	5.0	5.0	0.35030550424449597	0.09822781417289905	1.0
948_H-10	5.0	5.0	0.3372922806845169	0.09386473424854747	1.0
949_H-10	5.0	5.0	0.3452327041478379	0.09496559245199854	1.0
94_H-10	5.0	5.0	0.3257366082851158	0.0868080549334026	1.0
950_H-10	5.0	5.0	0.3059087124850833	0.08364016943408914	1.0
951_H-10	5.0	5.0	0.29953626726090893	0.08145610310450657	1.0
952_H-10	5.0	5.0	0.31173473667511487	0.08785726737258359	1.0
953_H-10	5.0	5.0	0.34028398148123545	0.09213118327848469	1.0
954_H-10	5.0	5.0	0.30543924316557963	0.08029012210807829	1.0
955_H-10	5.0	5.0	0.3403935680727526	0.09355344197248505	1.0
956_H-10	5.0	5.0	0.3147606814498752	0.08754113453264933	1.0
957_H-10	5.0	5.0	0.33760218658730856	0.09469112127929036	1.0
958_H-10	5.0	5.0	0.30284023958874706	0.0825111980038995	1.0
959_H-10	5.0	5.0	0.3192526173772431	0.08828896504649031	1.0
95_H-10	5.0	5.0	0.30910023239480106	0.08393000135864626	1.0
960_H-10	5.0	5.0	0.3026133813141908	0.08113133899935532	1.0
961_H-10	5.0	5.0	0.29030629685570497	0.0785873955413734	1.0
962_H-10	5.0	5.0	0.3215051264865355	0.09026501308977153	1.0
963_H-10	5.0	5.0	0.32110407685629017	0.08758797023669485	1.0
964_H-10	5.0	5.0	0.2972503851874291	0.0802061054584613	1.0
965_H-10	5.0	5.0	0.34111747761213607	0.09384032668119979	1.0
966_H-10	5.0	5.0	0.3448180655446892	0.0958266196874984	1.0
967_H-10	5.0	5.0	0.30131955953534273	0.08061690706166824	1.0
968_H-10	5.0	5.0	0.3092098461683137	0.0846240196049115	1.0
969_H-10	5.0	5.0	0.3197595534521349	0.08720591196132133	1.0
96_H-10	5.0	5.0	0.3211527030562887	0.0883776388159383	1.0
970_H-10	5.0	5.0	0.34270566633348754	0.09608698273441918	1.0
971_H-10	5.0	5.0	0.3321209339405078	0.09195452586885633	1.0
972_H-10	5.0	5.0	0.3266050227852805	0.09076865061421036	1.0
973_H-10	5.0	5.0	0.32722716399521856	0.08867719405343288	1.0
974_H-10	5.0	5.0	0.33554991253318195	0.09142801897168462	1.0
975_H-10	5.0	5.0	0.3154738766016646	0.08495588070741777	1.0
976_H-10	5.0	5.0	0.29941081992165913	0.08207135271555988	1.0
977_H-10	5.0	5.0	0.31852506365316713	0.08507254801983222	1.0
978_H-10	5.0	5.0	0.3012546157796901	0.08148196427891119	1.0
979_H-10	5.0	5.0	0.36030933678954435	0.09989668032981991	1.0
97_H-10	5.0	5.0	0.3211776861232742	0.08739152493037594	1.0
980_H-10	5.0	5.0	0.327934154005927	0.09148808656579255	1.0
981_H-10	5.0	5.0	0.27180571426657263	0.07210027559310817	1.0
982_H-10	5.0	5.0	0.3384918778499229	0.09165416805705506	1.0
983_H-10	5.0	5.0	0.30336230640597883	0.08092211805957428	1.0
984_H-10	5.0	5.0	0.3352456955323729	0.09391806957565552	1.0
985_H-10	5.0	5.0	0.3574876902277614	0.10022772907114919	1.0
986_H-10	5.0	5.0	0.29155824772060784	0.07974623203873377	0.9997874149659864
987_H-10	5.0	5.0	0.28369782361212836	0.07738582081449474	1.0
988_H-10	5.0	5.0	0.34374178257314164	0.09433519555408132	1.0
989_H-10	5.0	5.0	0.3220172287742594	0.08828484994387242	1.0
98_H-10	5.0	5.0	0.3065853978364412	0.08199660917515028	1.0
990_H-10	5.0	5.0	0.3220867453167537	0.08820306722472837	1.0
991_H-10	5.0	5.0	0.3089815464729609	0.08350844710812644	1.0
992_H-10	5.0	5.0	0.33627701503590013	0.09351060693297253	1.0
993_H-10	5.0	5.0	0.3156174748533038	0.0862094226325828	1.0
994_H-10	5.0	5.0	0.33163922266102347	0.09166431331747915	1.0
995_H-10	5.0	5.0	0.3071440253291055	0.08360619905043443	1.0
996_H-10	5.0	5.0	0.29449812567113914	0.07770450216174685	1.0
997_H-10	5.0	5.0	0.3261667820970186	0.0884384230875308	1.0
998_H-10	5.0	5.0	0.3235512275031243	0.08992293713033916	1.0
999_H-10	5.0	5.0	0.3059832796327984	0.08205455722599297	1.0
99_H-10	5.0	5.0	0.31868948072106484	0.08815561713903053	1.0
9_H-10	5.0	5.0	0.323608760987785	0.09155078102171343	1.0
