	chao1	observed_otus	shannon	simpson	goods_coverage
1000_H-119	4.0	4.0	0.2228125058357638	0.05702874302338645	0.9991166077738516
100_H-119	4.0	4.0	0.20910637913303542	0.05249908089844346	0.999163179916318
101_H-119	3.0	3.0	0.22113659095330196	0.05922030014841173	1.0
102_H-119	4.0	4.0	0.19279857802543438	0.04747638888888894	0.9991666666666666
103_H-119	4.0	4.0	0.2396512832608607	0.061827777777777704	1.0
104_H-119	3.0	3.0	0.19966810318483794	0.0509148197716669	1.0
105_H-119	4.0	4.0	0.26900670764940576	0.07519515811013577	0.9991364421416234
106_H-119	3.0	3.0	0.1816718763565309	0.046805873088451966	1.0
107_H-119	4.0	4.0	0.24581456445991462	0.06289603061691695	1.0
108_H-119	4.0	4.0	0.2525184782579449	0.06657367578411333	0.9992236024844721
109_H-119	3.0	3.0	0.2127213614703501	0.056033146688885926	1.0
10_H-119	3.0	3.0	0.23335059596677712	0.06152762995415406	1.0
110_H-119	6.0	5.0	0.2178397891533115	0.054742889974145115	0.9983050847457627
111_H-119	4.0	4.0	0.27761814685105596	0.07481994087610855	0.9991803278688525
112_H-119	3.0	3.0	0.24766127395910698	0.06634998509950218	1.0
113_H-119	4.0	4.0	0.22902092991995526	0.05939413499121249	0.9991783073130649
114_H-119	3.0	3.0	0.2639942742509513	0.07262474026319998	1.0
115_H-119	4.0	4.0	0.24707948799395385	0.06346527777777766	1.0
116_H-119	4.0	4.0	0.16516473762716533	0.03953808527422187	0.9991273996509599
117_H-119	3.0	3.0	0.22976251160543731	0.060383471074380246	1.0
118_H-119	4.0	4.0	0.19492659297786963	0.047570371523329436	1.0
119_H-119	4.0	4.0	0.248965110712006	0.06443079783236427	1.0
11_H-119	4.0	4.0	0.2568379995043918	0.06792139609868886	0.999128160418483
120_H-119	4.0	4.0	0.24670977310095754	0.06440834869736367	0.999194847020934
121_H-119	4.0	4.0	0.20556059682343933	0.05155819144902907	0.9991518235793045
122_H-119	4.0	4.0	0.22402236014649868	0.05862127252276528	0.9991659716430359
123_H-119	3.0	3.0	0.159056304686575	0.03889111974801529	1.0
124_H-119	3.0	3.0	0.2456560912268446	0.06716400431805103	1.0
125_H-119	4.0	4.0	0.20098765754716755	0.050697086801426816	0.9991379310344828
126_H-119	3.0	3.0	0.19987598430971654	0.051116167900172704	1.0
127_H-119	3.0	3.0	0.2769143244433193	0.07583279079861105	1.0
128_H-119	4.0	4.0	0.23318134546772248	0.06008425944090057	0.9991460290350128
129_H-119	4.0	4.0	0.22810553037142392	0.05878941296432394	0.9991645781119465
12_H-119	3.0	3.0	0.22893455902647938	0.06013964523907733	1.0
130_H-119	4.0	4.0	0.1568805058897354	0.03698182397959182	0.9991071428571429
131_H-119	4.0	4.0	0.22949992547449213	0.059029431900280316	0.9991119005328597
132_H-119	4.0	4.0	0.265270960380782	0.0713497603794806	0.9991258741258742
133_H-119	4.0	4.0	0.21417242789670454	0.05410269428056225	0.999163179916318
134_H-119	3.0	3.0	0.17947612195768253	0.044853337265506	1.0
135_H-119	4.0	4.0	0.19272557715830244	0.04764084345023156	0.9991015274034142
136_H-119	4.0	4.0	0.23085582547597813	0.05997141922487559	0.9991701244813278
137_H-119	3.0	3.0	0.245334118720427	0.06538076800518122	1.0
138_H-119	5.0	5.0	0.25740609428580064	0.06555390603684785	0.9991158267020336
139_H-119	4.0	4.0	0.2284086087963306	0.0588075880758806	0.9991869918699187
13_H-119	4.0	4.0	0.2343844449455863	0.0630426590198383	0.9992101105845181
140_H-119	5.0	5.0	0.212060362928676	0.050538558176345894	0.9991423670668954
141_H-119	4.0	4.0	0.1981495301206898	0.04938825953785875	0.9991610738255033
142_H-119	4.0	4.0	0.2565019798911672	0.06664510811664048	1.0
143_H-119	3.0	3.0	0.2113114169781735	0.055376200500623085	1.0
144_H-119	3.0	3.0	0.23784279567613914	0.0632052410586399	1.0
145_H-119	4.0	4.0	0.2491688652515115	0.06406734259830982	1.0
146_H-119	4.0	4.0	0.21678375993537763	0.05408795749704842	1.0
147_H-119	4.0	4.0	0.17107308429485488	0.04160608589338033	0.9991189427312775
148_H-119	4.0	4.0	0.23841313221544655	0.06082388250581261	1.0
149_H-119	6.0	5.0	0.23086611953422131	0.058441951487739896	0.9982920580700256
14_H-119	3.0	3.0	0.16616768382527533	0.04127341190278244	1.0
150_H-119	3.0	3.0	0.23684144918450128	0.06263535149829746	1.0
151_H-119	3.0	3.0	0.14280433495225958	0.03414710072915805	1.0
152_H-119	3.0	3.0	0.26457706630563543	0.07204667063020209	1.0
153_H-119	4.0	4.0	0.18588181050134506	0.04556132406473401	0.9991721854304636
154_H-119	4.0	4.0	0.2164592328300333	0.05622643201741562	0.999128160418483
155_H-119	3.0	3.0	0.18878954971065895	0.047678329242543116	1.0
156_H-119	4.0	4.0	0.21170077731788942	0.05328553722617513	0.9991503823279524
157_H-119	4.0	4.0	0.27823286935764024	0.07454157551759011	0.9991079393398751
158_H-119	6.0	5.0	0.28200419244898917	0.07404679728655605	0.9981867633726201
159_H-119	3.0	3.0	0.24647717603764993	0.06574737877827042	1.0
15_H-119	3.0	3.0	0.16872846140090236	0.042126781257503354	1.0
160_H-119	3.0	3.0	0.20224591481929188	0.05175167999999997	1.0
161_H-119	3.0	3.0	0.20955877876414108	0.05407059282458393	1.0
162_H-119	3.0	3.0	0.198475421198879	0.050599346512835375	1.0
163_H-119	4.0	4.0	0.1958696418767598	0.048387061845958756	0.9991503823279524
164_H-119	3.0	3.0	0.15440074479240956	0.0376338252314814	1.0
165_H-119	3.0	3.0	0.21672964594969277	0.05623232249697341	1.0
166_H-119	4.0	4.0	0.20578861423491362	0.0506784000685101	1.0
167_H-119	4.0	4.0	0.22574546952260532	0.05764292759242251	0.9991582491582491
168_H-119	4.0	4.0	0.1865774788589121	0.04727167948789701	0.999168744804655
169_H-119	4.0	4.0	0.17461015233725774	0.04200138271604936	0.9991111111111111
16_H-119	4.0	4.0	0.23144643972962217	0.059406098736504154	0.9991063449508489
170_H-119	3.0	3.0	0.1641343332046879	0.040191586838817184	1.0
171_H-119	6.0	5.0	0.1815248195911904	0.04448842394486752	0.9983221476510067
172_H-119	6.0	5.0	0.24970355089895302	0.06421061038984455	0.9983948635634029
173_H-119	4.0	4.0	0.24334761263094007	0.0632401817244932	0.9991474850809889
174_H-119	3.0	3.0	0.16429527660041982	0.04035468601070136	1.0
175_H-119	3.0	3.0	0.15468335592559546	0.03826368165415972	1.0
176_H-119	4.0	4.0	0.21733936065276094	0.05650618538410668	0.9991967871485944
177_H-119	4.0	4.0	0.19268632151061194	0.049810041574313235	0.9991518235793045
178_H-119	3.0	3.0	0.23862851715380345	0.06324360636785453	1.0
179_H-119	3.0	3.0	0.2208013711600456	0.05815140682123188	1.0
17_H-119	4.0	4.0	0.18746283343320314	0.047542812720215655	0.9991638795986622
180_H-119	4.0	4.0	0.16925184059847487	0.040641179858476706	0.999140154772141
181_H-119	3.0	3.0	0.18091517326667186	0.04544648624004255	1.0
182_H-119	4.0	4.0	0.23178951249133864	0.05962064159081126	0.9991974317817014
183_H-119	4.0	4.0	0.22752776103123593	0.058204005102932777	0.9990982867448152
184_H-119	4.0	4.0	0.23209796422038279	0.05972502268975344	0.9991742361684558
185_H-119	3.0	3.0	0.20854246443612637	0.053752842839868364	1.0
186_H-119	4.0	4.0	0.21536424709286875	0.05463477370556147	0.999128160418483
187_H-119	3.0	3.0	0.2163220905271496	0.056224233649068034	1.0
188_H-119	4.0	4.0	0.2125144071530411	0.052820658059142045	1.0
189_H-119	4.0	4.0	0.19133672298617352	0.04717275345774641	0.9991423670668954
18_H-119	4.0	4.0	0.2175989662930652	0.0558880080958003	0.9991341991341991
190_H-119	4.0	4.0	0.18177003398247127	0.04351196260817258	1.0
191_H-119	3.0	3.0	0.14239857766316513	0.034030915576694465	1.0
192_H-119	4.0	4.0	0.19314725440342348	0.048496688419242595	0.9991474850809889
193_H-119	5.0	5.0	0.21377556014400462	0.05201225384374086	0.9991714995857498
194_H-119	6.0	5.0	0.20819623435157714	0.050762485136741975	0.9982758620689656
195_H-119	3.0	3.0	0.1508217407452054	0.03634027199088696	1.0
196_H-119	3.0	3.0	0.16246829045606517	0.03977119001388241	1.0
197_H-119	3.0	3.0	0.1717566861865673	0.042511517208768	1.0
198_H-119	3.0	3.0	0.18763252462053043	0.04729526546159246	1.0
199_H-119	4.0	4.0	0.19618002452545344	0.04856293696550629	0.9991755976916735
19_H-119	6.0	5.0	0.25678035266122157	0.06616927126609928	0.998303647158609
1_H-119	4.0	4.0	0.2264751783006874	0.05859507366905792	0.9991896272285251
200_H-119	4.0	4.0	0.21282014523608894	0.052825989171178644	1.0
201_H-119	4.0	4.0	0.22980906132525056	0.05891353442691827	0.999163179916318
202_H-119	4.0	4.0	0.24418561202642233	0.06370230630247631	0.9991408934707904
203_H-119	6.0	5.0	0.20827317082614205	0.05186207925484676	0.9983961507618284
204_H-119	4.0	4.0	0.16856230576428594	0.04033108066216129	0.9992125984251968
205_H-119	3.0	3.0	0.2348255861816301	0.062095329843600555	1.0
206_H-119	6.0	5.0	0.14728991737078267	0.033396475427816874	0.9983093829247676
207_H-119	4.0	4.0	0.20627199663325138	0.051773374853802845	0.9991482112436116
208_H-119	4.0	4.0	0.19945304883929038	0.05023041172193654	0.9991460290350128
209_H-119	3.0	3.0	0.17479868651733957	0.04336229233348565	1.0
20_H-119	4.0	4.0	0.21900394745198273	0.056175527300949546	0.9991554054054054
210_H-119	3.0	3.0	0.1035859136824901	0.02331811387973215	1.0
211_H-119	4.0	4.0	0.22539058216411637	0.057827815675543626	0.9991039426523297
212_H-119	6.0	5.0	0.19597596021832295	0.04711982782886104	0.9982876712328768
213_H-119	4.0	4.0	0.21103340282378508	0.053024557684517526	0.9991273996509599
214_H-119	4.0	4.0	0.2775026760886886	0.07393405264212916	1.0
215_H-119	4.0	4.0	0.24002651678224673	0.06215752127471519	0.9991624790619765
216_H-119	4.0	4.0	0.23490612786128556	0.061022002551020305	0.9991071428571429
217_H-119	3.0	3.0	0.16852378883875688	0.04149608369788316	1.0
218_H-119	3.0	3.0	0.18245493342433494	0.04566137675857107	1.0
219_H-119	3.0	3.0	0.15363571068784174	0.037409894132352184	1.0
21_H-119	6.0	5.0	0.20925024540831874	0.05232566241454173	0.998330550918197
220_H-119	4.0	4.0	0.18858890049365407	0.04661537925806469	0.9991816693944353
221_H-119	3.0	3.0	0.2022648007117134	0.05193597123200433	1.0
222_H-119	4.0	4.0	0.33141234960906135	0.0930024622960911	0.9991228070175439
223_H-119	4.0	4.0	0.15892334432384028	0.03826498584733362	0.9991554054054054
224_H-119	4.0	4.0	0.17031431903363706	0.041018496639361524	0.9990942028985508
225_H-119	5.0	5.0	0.24624327488777273	0.06227792766747664	0.9991142604074402
226_H-119	6.0	5.0	0.2143099992939877	0.05278508871141574	0.99836867862969
227_H-119	4.0	4.0	0.239734989780688	0.06145563791061792	1.0
228_H-119	4.0	4.0	0.24358187706560042	0.06339250493096649	0.9991452991452991
229_H-119	4.0	4.0	0.16564061830383123	0.039674458120297795	0.999124343257443
22_H-119	4.0	4.0	0.1994349205745205	0.049077777777777776	1.0
230_H-119	3.0	3.0	0.1994821476398023	0.05091012263472705	1.0
231_H-119	4.0	4.0	0.15862953506806737	0.03777361628768083	0.9991289198606271
232_H-119	3.0	3.0	0.14119614480603826	0.03368705517827819	1.0
233_H-119	3.0	3.0	0.20376608880899674	0.05232354121643623	1.0
234_H-119	3.0	3.0	0.16184192805280814	0.03952423034609631	1.0
235_H-119	3.0	3.0	0.20042179835213403	0.05128522850682771	1.0
236_H-119	4.0	4.0	0.19651549218978068	0.048914325258082925	1.0
237_H-119	3.0	3.0	0.20519343049680747	0.05310884695843476	1.0
238_H-119	4.0	4.0	0.20371162004345217	0.052245728904142585	0.9991103202846975
239_H-119	3.0	3.0	0.13707139830907317	0.03246339244022456	1.0
23_H-119	6.0	5.0	0.16191222197271615	0.037287428371961306	0.9983566146261298
240_H-119	6.0	5.0	0.2360120097214801	0.05937659438775511	0.9982142857142857
241_H-119	4.0	4.0	0.22985978740623897	0.05904998648709525	0.9991610738255033
242_H-119	4.0	4.0	0.2008203837869145	0.049964503773545554	0.9991220368744512
243_H-119	3.0	3.0	0.15244997623786435	0.037063335524874064	1.0
244_H-119	4.0	4.0	0.18654220536332236	0.04560664832113703	0.9991714995857498
245_H-119	6.0	5.0	0.2317273435773023	0.05812747116295791	0.9983498349834984
246_H-119	3.0	3.0	0.17090382882747404	0.04240357175168141	1.0
247_H-119	3.0	3.0	0.16475256080215142	0.040541567489666086	1.0
248_H-119	4.0	4.0	0.24060452865064416	0.06182930300219247	1.0
249_H-119	4.0	4.0	0.23820646120722044	0.06177246562989014	0.9991889699918897
24_H-119	3.0	3.0	0.22148839780497392	0.0579847744900891	1.0
250_H-119	4.0	4.0	0.21087382322285186	0.052177674406392094	1.0
251_H-119	4.0	4.0	0.23344923575041188	0.059358707515896225	1.0
252_H-119	6.0	5.0	0.2090195675779725	0.05110224971064814	0.9982638888888888
253_H-119	3.0	3.0	0.2495461632624919	0.06676743522340789	1.0
254_H-119	3.0	3.0	0.2542052813319081	0.06842737347035244	1.0
255_H-119	3.0	3.0	0.24599150191164632	0.0666121331880345	1.0
256_H-119	4.0	4.0	0.1856279562770757	0.04562021683673467	0.9991071428571429
257_H-119	3.0	3.0	0.22967561146190385	0.06041496911940103	1.0
258_H-119	4.0	4.0	0.2607579638177451	0.07011152915882823	0.9991803278688525
259_H-119	4.0	4.0	0.20288343018298158	0.050621961660263004	1.0
25_H-119	3.0	3.0	0.18727084060404894	0.04807984271916721	1.0
260_H-119	3.0	3.0	0.19565898490218045	0.04973195510782913	1.0
261_H-119	4.0	4.0	0.2086146685379649	0.05149531286716891	1.0
262_H-119	4.0	4.0	0.22812344405172377	0.05854696570442153	0.9991445680068435
263_H-119	4.0	4.0	0.1980798752388801	0.049813552286018914	0.9991532599491956
264_H-119	4.0	4.0	0.2523126305786376	0.06628978354502624	0.999227202472952
265_H-119	4.0	4.0	0.2244216165836982	0.05715247865925288	0.9991150442477876
266_H-119	5.0	5.0	0.23700115243017802	0.05854659795615358	0.9990654205607477
267_H-119	3.0	3.0	0.1592524206047787	0.039076593600403164	1.0
268_H-119	4.0	4.0	0.18686017417971912	0.04600200221474027	0.9991638795986622
269_H-119	6.0	5.0	0.22430545776456454	0.05589640799188733	0.998158379373849
26_H-119	3.0	3.0	0.21653807866276217	0.057259215219976234	1.0
270_H-119	3.0	3.0	0.2691486747636849	0.07416122357904975	1.0
271_H-119	3.0	3.0	0.19670290440609392	0.050155681842924627	1.0
272_H-119	6.0	5.0	0.24837995563034063	0.06462572602481043	0.9982547993019197
273_H-119	3.0	3.0	0.1762763024658582	0.04432132963988933	1.0
274_H-119	3.0	3.0	0.18235929779569374	0.04562593335148468	1.0
275_H-119	3.0	3.0	0.1219473878521532	0.02816580337128438	1.0
276_H-119	6.0	5.0	0.20183364269867277	0.0488541847485503	0.9982847341337907
277_H-119	3.0	3.0	0.21237254859835947	0.05495229301323479	1.0
278_H-119	4.0	4.0	0.273701151861156	0.07330930313845407	0.9990800367985281
279_H-119	4.0	4.0	0.2072769966996923	0.052077665654102545	0.9991431019708654
27_H-119	4.0	4.0	0.2573059850025647	0.06770899166906041	0.9991525423728813
280_H-119	3.0	3.0	0.21237881586773985	0.05554403500404359	1.0
281_H-119	4.0	4.0	0.23490612786128556	0.061022002551020305	0.9991071428571429
282_H-119	4.0	4.0	0.14105497358323238	0.033382786376334184	0.9991095280498664
283_H-119	6.0	5.0	0.216541051742699	0.05357881607146753	0.998236331569665
284_H-119	6.0	5.0	0.26424051596740084	0.0688187516388018	0.9982332155477032
285_H-119	3.0	3.0	0.22940784810921908	0.06029599768576843	1.0
286_H-119	6.0	5.0	0.2296267300985053	0.057651458128527344	0.9983633387888707
287_H-119	3.0	3.0	0.31230175114465064	0.09161590276548381	1.0
288_H-119	3.0	3.0	0.22345036325235323	0.058551883405461025	1.0
289_H-119	3.0	3.0	0.211457754337071	0.0551737213821869	1.0
28_H-119	4.0	4.0	0.23110662892403835	0.05930243385226275	0.9991334488734835
290_H-119	4.0	4.0	0.2537373529081413	0.06661307644531866	0.9991007194244604
291_H-119	3.0	3.0	0.14069643169551965	0.033493303571428656	1.0
292_H-119	6.0	5.0	0.2791043347992249	0.07453785134363833	0.9982935153583617
293_H-119	6.0	5.0	0.17493263592350036	0.04090737658792387	0.9982698961937716
294_H-119	3.0	3.0	0.1938532820003138	0.04922855564548245	1.0
295_H-119	4.0	4.0	0.22602720352967362	0.05902510786449655	0.9991830065359477
296_H-119	3.0	3.0	0.212591888869	0.055199064942654696	1.0
297_H-119	6.0	5.0	0.17068486704341418	0.04003046610645655	0.9982332155477032
298_H-119	4.0	4.0	0.20586584261123622	0.05192069426779533	0.9991721854304636
299_H-119	3.0	3.0	0.16305458726322622	0.03994382389444118	1.0
29_H-119	6.0	5.0	0.23874783548137066	0.060335239054508105	0.9983319432860718
2_H-119	6.0	5.0	0.23345418653444164	0.05979510509674213	0.9984301412872841
300_H-119	3.0	3.0	0.1252721574480086	0.029407827334198555	1.0
301_H-119	4.0	4.0	0.26415194822181376	0.07058662851196662	0.9991935483870967
302_H-119	4.0	4.0	0.17638446768280713	0.04270149014580993	0.9990958408679927
303_H-119	4.0	4.0	0.30565870344468776	0.0841279739600227	0.9991638795986622
304_H-119	6.0	5.0	0.21061856580824845	0.051878913430941864	0.998236331569665
305_H-119	5.0	5.0	0.17915179509779275	0.041285529908659635	0.9990892531876139
306_H-119	4.0	4.0	0.26243282432477694	0.07086121920144806	0.9991518235793045
307_H-119	4.0	4.0	0.2651934991808051	0.07319788539114747	0.9991416309012876
308_H-119	5.0	5.0	0.2636598328652968	0.0664321795481353	1.0
309_H-119	4.0	4.0	0.2534279698680849	0.06639014144217059	0.9991039426523297
30_H-119	4.0	4.0	0.1490250037687434	0.034841772423071404	0.999117387466902
310_H-119	6.0	5.0	0.22223587322873933	0.05523103113509287	0.9983416252072969
311_H-119	3.0	3.0	0.2627676386325638	0.07122499898576018	1.0
312_H-119	4.0	4.0	0.18814632638271078	0.04638289885653024	0.9991568296795953
313_H-119	3.0	3.0	0.2203908725823009	0.0574284379082024	1.0
314_H-119	4.0	4.0	0.22813729657874532	0.057520685860438014	1.0
315_H-119	3.0	3.0	0.21066352017652346	0.05518695818519448	1.0
316_H-119	3.0	3.0	0.13648676180886724	0.032297866163448985	1.0
317_H-119	3.0	3.0	0.22966058830402328	0.062237315841439544	1.0
318_H-119	3.0	3.0	0.26168238741200484	0.07224011258270446	1.0
319_H-119	5.0	5.0	0.22742017045301868	0.05601675822837471	0.9991063449508489
31_H-119	3.0	3.0	0.21507628955531735	0.05611529158828277	1.0
320_H-119	3.0	3.0	0.2277380347915339	0.060469070775356126	1.0
321_H-119	4.0	4.0	0.23260879942743676	0.061936857146231095	0.9991408934707904
322_H-119	4.0	4.0	0.20799228843512332	0.05412656898216428	0.999185667752443
323_H-119	3.0	3.0	0.1692227674181612	0.041901577503429266	1.0
324_H-119	3.0	3.0	0.20114866356042146	0.052174118015725135	1.0
325_H-119	3.0	3.0	0.16793948285995183	0.04143428747306854	1.0
326_H-119	4.0	4.0	0.260572469500803	0.06905299266052856	0.9991349480968859
327_H-119	4.0	4.0	0.2692242858439629	0.07190925055820396	0.9991783073130649
328_H-119	3.0	3.0	0.21117000226999577	0.05499219552049983	1.0
329_H-119	4.0	4.0	0.1980469176502854	0.04911925509454962	0.9991928974979822
32_H-119	3.0	3.0	0.1663348101909432	0.041041945275762326	1.0
330_H-119	3.0	3.0	0.19513542343116078	0.049955249250497435	1.0
331_H-119	6.0	5.0	0.23584316998237817	0.059373124905800934	0.9983136593591906
332_H-119	3.0	3.0	0.21534787578869105	0.05687629011071493	1.0
333_H-119	6.0	5.0	0.2065038608220001	0.05074639455500818	0.9982158786797503
334_H-119	6.0	5.0	0.22546255554878755	0.056013563750987205	0.998212689901698
335_H-119	4.0	4.0	0.21241187777250742	0.05262399953917196	1.0
336_H-119	3.0	3.0	0.19242878496593116	0.048691569567695825	1.0
337_H-119	3.0	3.0	0.2488519941098908	0.06682181535736675	1.0
338_H-119	4.0	4.0	0.20109485612880923	0.05003056829986141	0.9991776315789473
339_H-119	3.0	3.0	0.21288517616946387	0.055291506380183875	1.0
33_H-119	4.0	4.0	0.22155152870229047	0.05675156046987129	0.9991941982272361
340_H-119	4.0	4.0	0.1892181333908175	0.046545617998116184	0.9991539763113367
341_H-119	3.0	3.0	0.2912838713057508	0.08065682520832895	1.0
342_H-119	3.0	3.0	0.1953821115966109	0.04964684813099052	1.0
343_H-119	4.0	4.0	0.2671699845281512	0.0699856066788882	1.0
344_H-119	4.0	4.0	0.2310458098729899	0.0606197756614294	0.9991603694374476
345_H-119	4.0	4.0	0.22776222081798125	0.05790663954293618	1.0
346_H-119	3.0	3.0	0.2041051615972775	0.05228703496149767	1.0
347_H-119	3.0	3.0	0.1721211586311544	0.04262019830053865	1.0
348_H-119	4.0	4.0	0.180915575798422	0.0431566704298888	1.0
349_H-119	6.0	5.0	0.2517263052471622	0.0661714286733347	0.9981114258734656
34_H-119	6.0	5.0	0.22950501363993622	0.05760707421098954	0.9984089101034208
350_H-119	4.0	4.0	0.2317556551912938	0.059503969754253316	0.9991304347826087
351_H-119	3.0	3.0	0.18876903808021794	0.04763115641414983	1.0
352_H-119	3.0	3.0	0.21162413065559976	0.05471749203867193	1.0
353_H-119	3.0	3.0	0.23253063325897586	0.061584737775572385	1.0
354_H-119	4.0	4.0	0.14647012966151957	0.033989412284001874	0.9991394148020654
355_H-119	6.0	5.0	0.14571210138600613	0.03244212221046194	0.9980694980694981
356_H-119	3.0	3.0	0.2279404570960873	0.05978440266027685	1.0
357_H-119	5.0	5.0	0.16787579856178508	0.03757138923145076	1.0
358_H-119	4.0	4.0	0.18944965997553398	0.04565829913298314	1.0
359_H-119	4.0	4.0	0.17497577056422395	0.042227613850493895	0.9991749174917491
35_H-119	6.0	5.0	0.21875241141341467	0.05450321200970265	0.9983136593591906
360_H-119	6.0	5.0	0.16775670147942096	0.03891777397853191	0.9983552631578947
361_H-119	6.0	5.0	0.1435773567253663	0.03195014327201695	0.9982046678635548
362_H-119	3.0	3.0	0.19699866601672206	0.05009241441827772	1.0
363_H-119	3.0	3.0	0.20309479968108785	0.05199345508501285	1.0
364_H-119	4.0	4.0	0.2694924466293866	0.07213084976263362	0.999137187230371
365_H-119	3.0	3.0	0.15119838827882223	0.03722794959908382	1.0
366_H-119	4.0	4.0	0.16934811006319578	0.040626463636462606	0.9991749174917491
367_H-119	4.0	4.0	0.25596466990166533	0.06737090902843101	0.9991356957649092
368_H-119	5.0	5.0	0.2101788806657475	0.05071805555555564	0.9991666666666666
369_H-119	3.0	3.0	0.18463270830368958	0.04660198595846465	1.0
36_H-119	3.0	3.0	0.25524567678537824	0.06861471157991306	1.0
370_H-119	3.0	3.0	0.20001714215039593	0.05136429706454282	1.0
371_H-119	4.0	4.0	0.20274373558612413	0.050525152424984565	0.9991416309012876
372_H-119	3.0	3.0	0.23215063221975962	0.06189980277283247	1.0
373_H-119	4.0	4.0	0.21021504153570433	0.052284049382715914	1.0
374_H-119	4.0	4.0	0.23178902932882697	0.05962882186589491	0.9991755976916735
375_H-119	4.0	4.0	0.23131956748990815	0.060117496906154644	0.9991680532445923
376_H-119	3.0	3.0	0.16487504537485978	0.04088678997769901	1.0
377_H-119	3.0	3.0	0.16018326201123106	0.03922265324862717	1.0
378_H-119	3.0	3.0	0.2049118842084956	0.05289180864889875	1.0
379_H-119	3.0	3.0	0.17846116947638163	0.04498572344268992	1.0
37_H-119	4.0	4.0	0.251758880230008	0.06639901949211502	0.9992076069730587
380_H-119	3.0	3.0	0.1727017961127207	0.04280514012543324	1.0
381_H-119	3.0	3.0	0.20219274700733292	0.0525227181122766	1.0
382_H-119	3.0	3.0	0.18357632182750694	0.046022238454670794	1.0
383_H-119	3.0	3.0	0.20815741636726165	0.05439005556306176	1.0
384_H-119	6.0	5.0	0.21689752644704105	0.05342183350780916	0.9981834695731153
385_H-119	4.0	4.0	0.21200829025631918	0.05379653336771706	0.9991416309012876
386_H-119	3.0	3.0	0.2083478943865692	0.05426594167078591	1.0
387_H-119	3.0	3.0	0.16928245821564497	0.04173840843709831	1.0
388_H-119	4.0	4.0	0.18533934819794093	0.046143965283998334	0.9991896272285251
389_H-119	3.0	3.0	0.19643792339929203	0.05035939735712491	1.0
38_H-119	3.0	3.0	0.20089522234172733	0.05129377414588121	1.0
390_H-119	4.0	4.0	0.18674157224711618	0.04555414214067355	0.9990732159406858
391_H-119	4.0	4.0	0.18777945274886418	0.04617478702106714	0.999129677980853
392_H-119	3.0	3.0	0.2154767183045557	0.05737687004619729	1.0
393_H-119	3.0	3.0	0.15523740930412602	0.03795218414798718	1.0
394_H-119	3.0	3.0	0.13410869562252598	0.03158668513324647	1.0
395_H-119	3.0	3.0	0.2415697263869077	0.06417570885103341	1.0
396_H-119	6.0	5.0	0.21133135932273062	0.05168034742365224	0.9982440737489026
397_H-119	3.0	3.0	0.17871892628042363	0.04478135866488575	1.0
398_H-119	4.0	4.0	0.2541385248289332	0.0674873621703127	0.9991334488734835
399_H-119	3.0	3.0	0.2477090350895024	0.06615252620499112	1.0
39_H-119	3.0	3.0	0.21792269289076585	0.05715050396689558	1.0
3_H-119	3.0	3.0	0.18986069986193885	0.04810649750096119	1.0
400_H-119	4.0	4.0	0.23964618934738846	0.06108330670197226	1.0
401_H-119	4.0	4.0	0.18288209041683132	0.04502961258541571	0.9991816693944353
402_H-119	3.0	3.0	0.1565524223622029	0.03800347343574417	1.0
403_H-119	4.0	4.0	0.20183559284041402	0.05095530878956178	0.9991334488734835
404_H-119	4.0	4.0	0.17523381414158262	0.042209368352609244	0.9991423670668954
405_H-119	3.0	3.0	0.17757948072113364	0.04443705103969753	1.0
406_H-119	3.0	3.0	0.18128261803290924	0.0453985992658672	1.0
407_H-119	3.0	3.0	0.16257984317985377	0.04020208239022183	1.0
408_H-119	3.0	3.0	0.1566356000104818	0.03836356192924817	1.0
409_H-119	3.0	3.0	0.2302692491247084	0.06085643072656066	1.0
40_H-119	4.0	4.0	0.23539748673801927	0.06063735476082699	0.999113475177305
410_H-119	4.0	4.0	0.23969344365124848	0.06276748582230618	0.9991304347826087
411_H-119	4.0	4.0	0.20069152922553102	0.04990978901868892	0.9991796554552912
412_H-119	4.0	4.0	0.19254059215153618	0.04610993949034381	1.0
413_H-119	4.0	4.0	0.14450464581727537	0.03450421715658247	0.9991251093613298
414_H-119	5.0	5.0	0.2530608350939284	0.06395291865030273	0.9991603694374476
415_H-119	4.0	4.0	0.1546714114770775	0.03655392151451753	0.9991941982272361
416_H-119	4.0	4.0	0.2712239768170528	0.07114078819017489	1.0
417_H-119	3.0	3.0	0.20159652825148502	0.05179046302534507	1.0
418_H-119	4.0	4.0	0.19801424849629684	0.04934765455658141	0.9991617770326907
419_H-119	3.0	3.0	0.16045534955888643	0.04136710017888623	1.0
41_H-119	3.0	3.0	0.22859649854663538	0.06028907181816667	1.0
420_H-119	4.0	4.0	0.21379392446693898	0.05434935443565192	0.9991836734693877
421_H-119	3.0	3.0	0.24191070924888067	0.06449881694137083	1.0
422_H-119	3.0	3.0	0.18055529700233577	0.04517891183425404	1.0
423_H-119	6.0	5.0	0.17612989300493115	0.04128441333877653	0.9983235540653814
424_H-119	4.0	4.0	0.15689714033580865	0.03742368602624502	0.9990958408679927
425_H-119	4.0	4.0	0.18748907429990613	0.046002888371665884	0.9991928974979822
426_H-119	3.0	3.0	0.19606004400135768	0.04984815909701701	1.0
427_H-119	3.0	3.0	0.11512465222627509	0.0269781362265058	1.0
428_H-119	4.0	4.0	0.23925027741622554	0.06195216847221707	0.9991652754590985
429_H-119	3.0	3.0	0.3089326614333637	0.08932266159739899	1.0
42_H-119	4.0	4.0	0.23330003652173115	0.059982210116122925	0.9990974729241877
430_H-119	4.0	4.0	0.21998774719150815	0.05615576559546298	0.9991304347826087
431_H-119	4.0	4.0	0.17531341142676124	0.04234642035069203	0.9991394148020654
432_H-119	3.0	3.0	0.13830881624506589	0.03327750114460737	1.0
433_H-119	4.0	4.0	0.14869921592683835	0.034750979468359366	0.9991197183098591
434_H-119	4.0	4.0	0.21180558362896929	0.05505945000991852	0.9991197183098591
435_H-119	3.0	3.0	0.17278169674166993	0.04287737759661969	1.0
436_H-119	3.0	3.0	0.24037572545435454	0.06394790069985368	1.0
437_H-119	4.0	4.0	0.13148228527266492	0.029885629629629595	0.9991111111111111
438_H-119	3.0	3.0	0.20603529329381223	0.053243669915233105	1.0
439_H-119	6.0	5.0	0.24939810183922473	0.06434009693287057	0.9982638888888888
43_H-119	4.0	4.0	0.25687801097708984	0.06656533816260668	1.0
440_H-119	3.0	3.0	0.1911708398538555	0.048301061585552474	1.0
441_H-119	4.0	4.0	0.14091000416573626	0.03309189045627303	0.9991617770326907
442_H-119	4.0	4.0	0.19051052328966792	0.047084642991180314	0.9991438356164384
443_H-119	4.0	4.0	0.1840901936512653	0.04417717403300914	1.0
444_H-119	6.0	5.0	0.1585842214486364	0.03677247917265147	0.9983050847457627
445_H-119	4.0	4.0	0.23519923202574214	0.06075870363574498	0.9991816693944353
446_H-119	4.0	4.0	0.1535857608303225	0.0364812047584856	0.9991189427312775
447_H-119	4.0	4.0	0.22726198483638166	0.059057748933357246	0.9992248062015504
448_H-119	3.0	3.0	0.2854282091562261	0.07876000355582369	1.0
449_H-119	4.0	4.0	0.24113206741084645	0.06363735666796555	0.9991408934707904
44_H-119	3.0	3.0	0.22438509113473315	0.05879630283635895	1.0
450_H-119	4.0	4.0	0.23279131141231343	0.05982398419859969	0.9990999099909991
451_H-119	4.0	4.0	0.18666879412485812	0.04564380969667958	0.9991708126036484
452_H-119	4.0	4.0	0.20199884303820867	0.04954018508602476	1.0
453_H-119	3.0	3.0	0.19252770615291967	0.049309713198463445	1.0
454_H-119	4.0	4.0	0.28031275912569853	0.07446071965192558	1.0
455_H-119	4.0	4.0	0.26169015759038455	0.06918742434573155	0.9991334488734835
456_H-119	6.0	5.0	0.2242253984045229	0.05682548802341969	0.9983857949959645
457_H-119	3.0	3.0	0.21920726397801277	0.05705416666666663	1.0
458_H-119	4.0	4.0	0.22071408793107752	0.05710547072053862	0.9991652754590985
459_H-119	3.0	3.0	0.22031144557643645	0.05737891029501663	1.0
45_H-119	3.0	3.0	0.16429527660041982	0.04035468601070136	1.0
460_H-119	3.0	3.0	0.20843770084414498	0.054905568130375615	1.0
461_H-119	4.0	4.0	0.28219356202925233	0.07590543473788525	0.9991503823279524
462_H-119	4.0	4.0	0.29010530402993934	0.07887819592071244	0.9991525423728813
463_H-119	6.0	5.0	0.21307522216769406	0.052606398469026816	0.998211091234347
464_H-119	3.0	3.0	0.21587944174241558	0.055965386013233975	1.0
465_H-119	3.0	3.0	0.20168879968584277	0.051756843880182535	1.0
466_H-119	4.0	4.0	0.2586445011053191	0.06850257083825506	0.9991204925241864
467_H-119	4.0	4.0	0.1985930712354116	0.04933295514248237	0.9991023339317774
468_H-119	4.0	4.0	0.2553277677781913	0.06714921262622697	0.9991596638655462
469_H-119	4.0	4.0	0.17714801294399768	0.04194615912208499	1.0
46_H-119	4.0	4.0	0.25900325012634734	0.06881809112448845	0.9991582491582491
470_H-119	4.0	4.0	0.20147689276055333	0.050145253925919175	0.9991482112436116
471_H-119	4.0	4.0	0.195613021396216	0.04862801146386586	0.9991742361684558
472_H-119	3.0	3.0	0.20621262770818144	0.05342906913310863	1.0
473_H-119	4.0	4.0	0.22498946229092462	0.059183100224266316	0.9992019154030327
474_H-119	6.0	5.0	0.25447822491881117	0.06622109260688258	0.9983007646559049
475_H-119	4.0	4.0	0.19614114885674414	0.04878611304260094	0.9991714995857498
476_H-119	6.0	5.0	0.2237476126673102	0.05568310197872495	0.9983277591973244
477_H-119	4.0	4.0	0.1659715711955476	0.03970021452525618	0.9991603694374476
478_H-119	4.0	4.0	0.1352808074506174	0.03079016055842243	0.9991349480968859
479_H-119	4.0	4.0	0.14940224470428212	0.03473010259373499	0.9991204925241864
47_H-119	3.0	3.0	0.21987185771486492	0.05763930931056693	1.0
480_H-119	4.0	4.0	0.14810788929139404	0.03437203880318229	0.999129677980853
481_H-119	5.0	5.0	0.27332051879686864	0.07025539752268184	0.9991204925241864
482_H-119	6.0	5.0	0.26140353440332476	0.06888178951858503	0.998272884283247
483_H-119	3.0	3.0	0.2524299927731511	0.0678140943877551	1.0
484_H-119	3.0	3.0	0.2282211570545215	0.059868537799909416	1.0
485_H-119	4.0	4.0	0.18680484469919115	0.045790457470998636	0.9991039426523297
486_H-119	3.0	3.0	0.15728127126176467	0.038250280403781534	1.0
487_H-119	6.0	5.0	0.18842903173199557	0.04527549325653257	0.9982285208148804
488_H-119	5.0	5.0	0.20648046525069508	0.050589655684848855	0.999140154772141
489_H-119	3.0	3.0	0.16095462057256132	0.03926512860099318	1.0
48_H-119	3.0	3.0	0.24010335586197465	0.06511096269664507	1.0
490_H-119	3.0	3.0	0.20433532839518714	0.052500692862729514	1.0
491_H-119	6.0	5.0	0.2127434206177645	0.05279081499620231	0.9983164983164983
492_H-119	6.0	5.0	0.15832278814471443	0.03630412411494266	0.9983277591973244
493_H-119	4.0	4.0	0.2013511129580962	0.049186990569026756	1.0
494_H-119	3.0	3.0	0.21217978325400455	0.054804138870723884	1.0
495_H-119	3.0	3.0	0.19803004108068534	0.050621961660263004	1.0
496_H-119	4.0	4.0	0.1931408531433522	0.049425593876019414	0.9991589571068125
497_H-119	3.0	3.0	0.13905237830407235	0.03331877255197946	1.0
498_H-119	4.0	4.0	0.29900057107665634	0.08163082188145321	0.9992050874403816
499_H-119	3.0	3.0	0.208178271943012	0.05391618107542051	1.0
49_H-119	4.0	4.0	0.2287269746554481	0.058578187768029366	0.9991680532445923
4_H-119	4.0	4.0	0.1719522975308487	0.042334825260530895	0.9991386735572783
500_H-119	6.0	5.0	0.2733980285960864	0.07126594387755092	0.9982142857142857
501_H-119	6.0	5.0	0.21357043648942228	0.05289619551524316	0.9984126984126984
502_H-119	3.0	3.0	0.2132234233785491	0.05514641531140141	1.0
503_H-119	3.0	3.0	0.19333930527951668	0.05107404099830248	1.0
504_H-119	3.0	3.0	0.19346759746465764	0.049059155766944196	1.0
505_H-119	4.0	4.0	0.1799350849444744	0.04356991497998264	0.9991142604074402
506_H-119	4.0	4.0	0.20206908225646647	0.05068162766468254	0.9992169146436961
507_H-119	4.0	4.0	0.19212284966679608	0.047564385004968734	0.9991349480968859
508_H-119	4.0	4.0	0.16248485040486468	0.03877177820821742	0.9991445680068435
509_H-119	3.0	3.0	0.1851121267873978	0.04645840942293655	1.0
50_H-119	4.0	4.0	0.17451595020203048	0.043676059831943115	0.9991445680068435
510_H-119	6.0	5.0	0.1940307973599512	0.047498699271592004	0.9983870967741936
511_H-119	4.0	4.0	0.18999766221850625	0.0477625708884688	0.9991304347826087
512_H-119	4.0	4.0	0.1945744446499769	0.048100518170197004	0.9991554054054054
513_H-119	3.0	3.0	0.17976162222693434	0.04487093017071342	1.0
514_H-119	4.0	4.0	0.19382969354847823	0.047066492740301724	1.0
515_H-119	3.0	3.0	0.23496611524118702	0.06215321082708014	1.0
516_H-119	4.0	4.0	0.25875975849641014	0.0688493323437166	0.999137187230371
517_H-119	3.0	3.0	0.2128086132837237	0.05511799302158071	1.0
518_H-119	3.0	3.0	0.2500498853551408	0.0672145292012617	1.0
519_H-119	3.0	3.0	0.16580708814148082	0.04074519757905348	1.0
51_H-119	4.0	4.0	0.2065281862204304	0.052468533901163794	0.9991883116883117
520_H-119	3.0	3.0	0.22797678848343664	0.060028310945795416	1.0
521_H-119	5.0	5.0	0.1658061022494004	0.03778699543330877	0.9991673605328892
522_H-119	3.0	3.0	0.18684278507932262	0.04732302295918378	1.0
523_H-119	3.0	3.0	0.18495664560753947	0.04714558612457431	1.0
524_H-119	4.0	4.0	0.22651685888953388	0.05788112661121314	0.9991546914623838
525_H-119	4.0	4.0	0.2090728646032768	0.052552494092167	0.9991876523151909
526_H-119	4.0	4.0	0.13559629811931687	0.031708339931611484	0.9991079393398751
527_H-119	4.0	4.0	0.2303008872840537	0.059052424622994204	0.999137187230371
528_H-119	4.0	4.0	0.2272940074848663	0.05812130139138305	0.9991511035653651
529_H-119	3.0	3.0	0.17678080968773627	0.0440422399999999	1.0
52_H-119	4.0	4.0	0.1625994091147457	0.0388044778570088	0.9991438356164384
530_H-119	6.0	5.0	0.32089774585839737	0.087565198334429	0.9982905982905983
531_H-119	6.0	5.0	0.17362202956534015	0.04105828326395544	0.9983961507618284
532_H-119	6.0	5.0	0.2144846481126518	0.053024642221483176	0.9981965734896303
533_H-119	6.0	5.0	0.24174523519545335	0.06161509787205577	0.9982949701619779
534_H-119	4.0	4.0	0.19102733603282865	0.04617736029814368	1.0
535_H-119	4.0	4.0	0.173051693446469	0.041736380776386306	0.9991166077738516
536_H-119	3.0	3.0	0.22297615448480407	0.058331498209573396	1.0
537_H-119	4.0	4.0	0.15660828020076473	0.03719890905560341	0.9991423670668954
538_H-119	4.0	4.0	0.21925962311222022	0.057707372400756074	0.9991304347826087
539_H-119	4.0	4.0	0.15333443451617018	0.0358517618323535	0.9991349480968859
53_H-119	3.0	3.0	0.1965074225295303	0.0499595008661915	1.0
540_H-119	4.0	4.0	0.24708972608253416	0.06462254362808395	0.999128160418483
541_H-119	6.0	5.0	0.2613712207566663	0.06855325282843705	0.9983619983619983
542_H-119	3.0	3.0	0.25486380288368177	0.06994048000000008	1.0
543_H-119	4.0	4.0	0.2328222416213655	0.06026482334463379	0.9991431019708654
544_H-119	4.0	4.0	0.22987390945237876	0.05999132057524692	0.9991220368744512
545_H-119	6.0	5.0	0.3205096762188639	0.08725025739941861	0.9981949458483754
546_H-119	4.0	4.0	0.24648367127994053	0.06332068752827646	1.0
547_H-119	3.0	3.0	0.1668635206573148	0.04111495143542532	1.0
548_H-119	3.0	3.0	0.19440669759375634	0.04974405404464244	1.0
549_H-119	3.0	3.0	0.23366667184876805	0.06257418736303877	1.0
54_H-119	4.0	4.0	0.14185488851053274	0.03210314851340501	1.0
550_H-119	3.0	3.0	0.20759808537752653	0.05362993061414234	1.0
551_H-119	4.0	4.0	0.17087022383203251	0.042014756373730866	0.9991452991452991
552_H-119	3.0	3.0	0.23535476460878318	0.0625242642407039	1.0
553_H-119	4.0	4.0	0.2680176232566288	0.07165047959121473	0.9991431019708654
554_H-119	3.0	3.0	0.18207232040899807	0.04554587485494299	1.0
555_H-119	3.0	3.0	0.1568423472465453	0.0380632521690456	1.0
556_H-119	4.0	4.0	0.22390227893869113	0.05623402118334564	1.0
557_H-119	4.0	4.0	0.17384843784407122	0.0417820743440428	0.9991158267020336
558_H-119	4.0	4.0	0.23979879334930337	0.06212726435655935	0.9991843393148451
559_H-119	4.0	4.0	0.24835601465517254	0.06455705423156766	1.0
55_H-119	4.0	4.0	0.2598779917707419	0.06910093612740076	0.9991546914623838
560_H-119	6.0	5.0	0.21591341481488496	0.05317581154840556	0.9983050847457627
561_H-119	3.0	3.0	0.24410899644760878	0.06499846106494311	1.0
562_H-119	4.0	4.0	0.23634150195924233	0.061290278488188465	0.9991518235793045
563_H-119	4.0	4.0	0.18653138025337057	0.044951411515803064	1.0
564_H-119	3.0	3.0	0.19074623106248867	0.04837791651953405	1.0
565_H-119	3.0	3.0	0.12542999587818035	0.02913684299054753	1.0
566_H-119	3.0	3.0	0.1820817057358074	0.04747873609266062	1.0
567_H-119	3.0	3.0	0.21546737085485784	0.05595470759109744	1.0
568_H-119	6.0	5.0	0.22179836175292275	0.0547038918186864	0.9980750721847931
569_H-119	4.0	4.0	0.20727517414492436	0.051945364238410674	0.9991721854304636
56_H-119	4.0	4.0	0.20659068564495803	0.050987564368568106	1.0
570_H-119	4.0	4.0	0.18789125412940497	0.045990286217181486	0.9991334488734835
571_H-119	4.0	4.0	0.18936540892137205	0.04655661284121493	0.9991830065359477
572_H-119	3.0	3.0	0.2249770067280923	0.06089358357988173	1.0
573_H-119	6.0	5.0	0.26032832782210685	0.06712416422513268	0.9982788296041308
574_H-119	4.0	4.0	0.20650334422451666	0.0519082114125774	0.999117387466902
575_H-119	6.0	5.0	0.25530979498158285	0.06636240218099143	0.9983388704318937
576_H-119	4.0	4.0	0.2085316177270491	0.05273317719691506	0.9991589571068125
577_H-119	6.0	5.0	0.18888610569154657	0.04584771661578213	0.9982713915298185
578_H-119	4.0	4.0	0.18333069356386825	0.04465666177227745	0.9991266375545852
579_H-119	4.0	4.0	0.24098425145184357	0.06294670314521422	0.9991728701406121
57_H-119	4.0	4.0	0.20186576140687892	0.05141526039228228	0.9991532599491956
580_H-119	4.0	4.0	0.17572371458506755	0.042639174089026954	0.9991974317817014
581_H-119	3.0	3.0	0.16100310672226456	0.03981289471203686	1.0
582_H-119	3.0	3.0	0.22484166424437574	0.05937793069829023	1.0
583_H-119	4.0	4.0	0.20484878079318747	0.051497518903591555	0.9990942028985508
584_H-119	4.0	4.0	0.21833033523393167	0.055244199996522525	0.9990900818926297
585_H-119	5.0	5.0	0.23884097823704897	0.05859452489585393	1.0
586_H-119	4.0	4.0	0.28462834757380384	0.07723310276278961	0.9992038216560509
587_H-119	4.0	4.0	0.25451479560894424	0.0679589505839101	0.9990808823529411
588_H-119	4.0	4.0	0.18036387031348555	0.04399357792056702	0.9991714995857498
589_H-119	4.0	4.0	0.16456533705291612	0.04015926697209504	0.9991836734693877
58_H-119	3.0	3.0	0.22888668834483727	0.06016270038439542	1.0
590_H-119	3.0	3.0	0.19491700567049985	0.04975930939516193	1.0
591_H-119	3.0	3.0	0.1975348592975468	0.05059313215400607	1.0
592_H-119	3.0	3.0	0.17330331195989665	0.04291579482774899	1.0
593_H-119	3.0	3.0	0.15690018790217858	0.039639698231009324	1.0
594_H-119	3.0	3.0	0.2146528155495907	0.05566893827160502	1.0
595_H-119	3.0	3.0	0.23405357396565488	0.062194551444752944	1.0
596_H-119	3.0	3.0	0.21087729972870015	0.054439806695534165	1.0
597_H-119	4.0	4.0	0.21668998118534832	0.055605632674318284	0.9991386735572783
598_H-119	4.0	4.0	0.20893502325989857	0.05253655210727015	0.9991624790619765
599_H-119	4.0	4.0	0.1897445445808513	0.04580828956730465	1.0
59_H-119	3.0	3.0	0.1617073391902005	0.039641791199587106	1.0
5_H-119	4.0	4.0	0.1999625083030598	0.049707671478423365	0.9991266375545852
600_H-119	3.0	3.0	0.22983410830740547	0.06046567679726522	1.0
601_H-119	3.0	3.0	0.17977891144750496	0.0452248439031504	1.0
602_H-119	3.0	3.0	0.223516874579259	0.058952441526576194	1.0
603_H-119	6.0	5.0	0.20248327383214687	0.04948379351740706	0.9983193277310924
604_H-119	5.0	5.0	0.24394560315785377	0.061005434396230296	0.9991568296795953
605_H-119	3.0	3.0	0.20761476863945286	0.05360567957802764	1.0
606_H-119	4.0	4.0	0.23182886491704854	0.05975525335127585	0.9991007194244604
607_H-119	4.0	4.0	0.20754079723489435	0.052430901220344106	0.9991638795986622
608_H-119	4.0	4.0	0.2299343902086451	0.059681381991802285	0.9991742361684558
609_H-119	3.0	3.0	0.1946454719148795	0.04957667627889617	1.0
60_H-119	4.0	4.0	0.17871891352706212	0.04393584711196885	0.9991721854304636
610_H-119	4.0	4.0	0.15851576136038398	0.03774122273805258	0.999129677980853
611_H-119	4.0	4.0	0.1627617782149716	0.039194574391722914	0.9991708126036484
612_H-119	4.0	4.0	0.1983475745794415	0.04916234904584993	0.9991652754590985
613_H-119	3.0	3.0	0.2172272191498803	0.057737888773268464	1.0
614_H-119	3.0	3.0	0.18605544062502521	0.047310267857142874	1.0
615_H-119	4.0	4.0	0.20875767798694442	0.05354567967786594	0.999117387466902
616_H-119	4.0	4.0	0.24770738801330291	0.06393579072532707	1.0
617_H-119	4.0	4.0	0.2330208061379528	0.06003418793462956	0.9991467576791809
618_H-119	4.0	4.0	0.27398452494225617	0.07352083331793058	0.999140154772141
619_H-119	4.0	4.0	0.2116590619396534	0.05390548935402972	0.9991902834008097
61_H-119	5.0	5.0	0.2063456364589885	0.050385455184442596	0.9991714995857498
620_H-119	4.0	4.0	0.22038401173645264	0.056030606660884885	0.9991055456171736
621_H-119	4.0	4.0	0.1764088127650587	0.04302043171987591	0.9991251093613298
622_H-119	4.0	4.0	0.1346834561131214	0.03088745117187497	0.99921875
623_H-119	3.0	3.0	0.20165323005547608	0.05154695398427367	1.0
624_H-119	3.0	3.0	0.2396762258826796	0.06354920898631211	1.0
625_H-119	3.0	3.0	0.1822492954680801	0.04652266589042864	1.0
626_H-119	4.0	4.0	0.21490409247681755	0.05490610942282337	0.9991749174917491
627_H-119	3.0	3.0	0.21451844017819746	0.05606727162596803	1.0
628_H-119	4.0	4.0	0.27466800453433365	0.0722082052588281	1.0
629_H-119	3.0	3.0	0.16492440497398497	0.04127795860501493	1.0
62_H-119	3.0	3.0	0.20679374555111088	0.053267159125884866	1.0
630_H-119	4.0	4.0	0.1388941976306006	0.031849282954325986	0.999104744852283
631_H-119	4.0	4.0	0.22259073066153717	0.05744376665670203	0.9991095280498664
632_H-119	3.0	3.0	0.24418306348072247	0.06529576974767748	1.0
633_H-119	4.0	4.0	0.07928147495430064	0.01658718899891587	0.9991652754590985
634_H-119	4.0	4.0	0.24191240225613875	0.06271550684799387	0.9991319444444444
635_H-119	3.0	3.0	0.1690659071907368	0.04214285714285715	1.0
636_H-119	3.0	3.0	0.16540188755649798	0.04056512368988208	1.0
637_H-119	6.0	5.0	0.24067614204239107	0.06250642052925715	0.9983974358974359
638_H-119	6.0	5.0	0.1760265714115954	0.04146044936903659	0.9982456140350877
639_H-119	3.0	3.0	0.2826507867830399	0.07778287266481432	1.0
63_H-119	4.0	4.0	0.19447411339771611	0.04810444188789609	0.9991251093613298
640_H-119	6.0	5.0	0.2048628268742504	0.04973360538509952	0.9982532751091703
641_H-119	4.0	4.0	0.19759949513451497	0.04886066809658318	0.9990783410138249
642_H-119	3.0	3.0	0.17207820726973164	0.04255067587792305	1.0
643_H-119	4.0	4.0	0.24058938640136535	0.06237553166300103	0.9991809991809992
644_H-119	4.0	4.0	0.22882796090260413	0.058700139010554375	0.9992101105845181
645_H-119	4.0	4.0	0.21951390095969453	0.056106357831990916	0.9991039426523297
646_H-119	3.0	3.0	0.20214996618167602	0.05167608000021717	1.0
647_H-119	4.0	4.0	0.13167401525226072	0.02989253997762409	0.9991603694374476
648_H-119	4.0	4.0	0.16483313174890124	0.03937462605752484	0.9991673605328892
649_H-119	3.0	3.0	0.2484694772427355	0.06743318454092884	1.0
64_H-119	3.0	3.0	0.18208805594688277	0.045613136666123655	1.0
650_H-119	3.0	3.0	0.17168895441143148	0.04245381450043906	1.0
651_H-119	4.0	4.0	0.21110498951549556	0.05323988905283972	0.9991235758106923
652_H-119	3.0	3.0	0.1331599959126333	0.03129027777777782	1.0
653_H-119	4.0	4.0	0.2986995785293364	0.08223924083333056	0.9990958408679927
654_H-119	3.0	3.0	0.21840560758539404	0.05675545636885326	1.0
655_H-119	3.0	3.0	0.21676077836171556	0.05758684386432744	1.0
656_H-119	3.0	3.0	0.22917767467048394	0.0611274123599711	1.0
657_H-119	4.0	4.0	0.26139656501339503	0.06901883914304652	0.9991356957649092
658_H-119	4.0	4.0	0.21040956570835895	0.05366248716901578	0.9991694352159468
659_H-119	3.0	3.0	0.23982823742808906	0.06459374590730638	1.0
65_H-119	4.0	4.0	0.23620238332790924	0.061143331212045515	0.9991974317817014
660_H-119	3.0	3.0	0.21203466400224844	0.054758690031599944	1.0
661_H-119	4.0	4.0	0.2107529185143871	0.05394529798111314	0.9991386735572783
662_H-119	3.0	3.0	0.19273351512004436	0.04888489254188788	1.0
663_H-119	4.0	4.0	0.182829317109427	0.044795184813358646	0.9991235758106923
664_H-119	4.0	4.0	0.1575044467293508	0.0373552377669637	0.999176276771005
665_H-119	3.0	3.0	0.22483964460036995	0.05972021859259624	1.0
666_H-119	3.0	3.0	0.18527779218571508	0.04667817645308481	1.0
667_H-119	3.0	3.0	0.2603927302289656	0.07034610826497945	1.0
668_H-119	3.0	3.0	0.1723460863797638	0.042862492789385365	1.0
669_H-119	3.0	3.0	0.16170031825938008	0.03958934819266624	1.0
66_H-119	4.0	4.0	0.24231106644831113	0.06292264079932997	0.9991289198606271
670_H-119	6.0	5.0	0.2754900678679913	0.07223964970754504	0.9983498349834984
671_H-119	4.0	4.0	0.1829744300726695	0.04475912060037146	0.9991568296795953
672_H-119	6.0	5.0	0.19699102811821892	0.047751307044656355	0.9983235540653814
673_H-119	4.0	4.0	0.2644206853039473	0.07029517359156989	0.9991189427312775
674_H-119	3.0	3.0	0.19233108400210538	0.04896152102879181	1.0
675_H-119	3.0	3.0	0.18801254706664594	0.04763502039530143	1.0
676_H-119	3.0	3.0	0.19477582646728794	0.05000809847748622	1.0
677_H-119	6.0	5.0	0.2678632388159715	0.06957315239020778	0.9982993197278912
678_H-119	4.0	4.0	0.21474760156046108	0.05351838693520006	1.0
679_H-119	3.0	3.0	0.20856664453635942	0.055238547116333025	1.0
67_H-119	3.0	3.0	0.2822197628492016	0.07777463919206984	1.0
680_H-119	6.0	5.0	0.2843360756373158	0.07507614413986796	0.9982030548068284
681_H-119	3.0	3.0	0.23268299275932594	0.061294807195755086	1.0
682_H-119	4.0	4.0	0.21142155886122282	0.05315570238437228	0.9991525423728813
683_H-119	4.0	4.0	0.17774420115953288	0.0438246015610978	0.9991423670668954
684_H-119	3.0	3.0	0.14294014595159354	0.03443870235743429	1.0
685_H-119	4.0	4.0	0.1964443025647855	0.048641649181975666	0.9991742361684558
686_H-119	4.0	4.0	0.2267817320852804	0.05847468770545705	0.9991452991452991
687_H-119	5.0	5.0	0.24097695834904023	0.060113850840498584	0.9991694352159468
688_H-119	3.0	3.0	0.1813395849638065	0.04571558081797433	1.0
689_H-119	6.0	5.0	0.28256981378971346	0.07439608496459804	0.9982993197278912
68_H-119	4.0	4.0	0.22773788932247474	0.05889888587093206	0.999113475177305
690_H-119	3.0	3.0	0.2182085288354216	0.05688732519075257	1.0
691_H-119	4.0	4.0	0.2018545343338613	0.05114714891831218	0.9990999099909991
692_H-119	4.0	4.0	0.2136841221470115	0.05390208523161666	0.9991909385113269
693_H-119	4.0	4.0	0.20724670163755235	0.05213363261405357	0.999113475177305
694_H-119	4.0	4.0	0.19817735079736853	0.049158186767442436	0.9991922455573505
695_H-119	3.0	3.0	0.26701276542360036	0.07251182292274638	1.0
696_H-119	4.0	4.0	0.2049953036515726	0.05138732780321953	0.9991546914623838
697_H-119	6.0	5.0	0.16587356171986298	0.03849867837346255	0.99830220713073
698_H-119	6.0	5.0	0.2060691731037382	0.05024114096171273	0.9982347749338041
699_H-119	4.0	4.0	0.18553814089825546	0.04551338819438111	0.9991423670668954
69_H-119	4.0	4.0	0.18467955874729214	0.045118642695173294	1.0
6_H-119	3.0	3.0	0.21858533714479886	0.05752378940302694	1.0
700_H-119	6.0	5.0	0.21465889977085614	0.05336278859212318	0.9982978723404256
701_H-119	5.0	5.0	0.23852011779046386	0.059292198486913805	0.9991087344028521
702_H-119	6.0	5.0	0.23186520791016035	0.0584600136525939	0.9981884057971014
703_H-119	3.0	3.0	0.22268919654936103	0.062417050935136276	1.0
704_H-119	3.0	3.0	0.12064147042341679	0.02789122381459197	1.0
705_H-119	3.0	3.0	0.20306081070263268	0.05268765673225306	1.0
706_H-119	3.0	3.0	0.17201707475129174	0.04264885768399984	1.0
707_H-119	3.0	3.0	0.19899338819655235	0.05070669817285889	1.0
708_H-119	4.0	4.0	0.24028660369951216	0.06253256123385997	0.9991341991341991
709_H-119	3.0	3.0	0.19728491425399447	0.0506375	1.0
70_H-119	6.0	5.0	0.28872693204211947	0.07728379332311774	0.9983402489626556
710_H-119	4.0	4.0	0.19693917427524713	0.04902520172961611	0.9991673605328892
711_H-119	4.0	4.0	0.22335623305056365	0.05868642316458228	0.9991408934707904
712_H-119	4.0	4.0	0.25824906526658353	0.06796231828440369	1.0
713_H-119	4.0	4.0	0.24078986365639593	0.06269139419367287	0.9991319444444444
714_H-119	4.0	4.0	0.19774963938602907	0.0488060346595407	1.0
715_H-119	3.0	3.0	0.20115015335836195	0.05141848540287042	1.0
716_H-119	3.0	3.0	0.22000409757812417	0.05733747838173353	1.0
717_H-119	4.0	4.0	0.14873613896985263	0.03510916403332365	0.9991525423728813
718_H-119	4.0	4.0	0.24720861827766544	0.06484066917770681	0.999168744804655
719_H-119	3.0	3.0	0.19966065121446655	0.05091332856184494	1.0
71_H-119	4.0	4.0	0.208385362590792	0.05234418365957616	0.9991909385113269
720_H-119	4.0	4.0	0.2222835497164267	0.05834422978892839	0.9991460290350128
721_H-119	3.0	3.0	0.22610620797590728	0.06013036847847664	1.0
722_H-119	3.0	3.0	0.21576672332720678	0.05747102858343345	1.0
723_H-119	3.0	3.0	0.23434174097167942	0.06216931631294553	1.0
724_H-119	4.0	4.0	0.18689470617264356	0.04585972222222212	0.9991666666666666
725_H-119	3.0	3.0	0.16395168666697021	0.040253185864079555	1.0
726_H-119	4.0	4.0	0.22066695590846386	0.056163364133240745	0.99915611814346
727_H-119	4.0	4.0	0.24002875971641705	0.06287407884034046	0.9991289198606271
728_H-119	4.0	4.0	0.16633259208655413	0.03962614760919636	0.9990859232175503
729_H-119	3.0	3.0	0.22633834675334888	0.059473153967054326	1.0
72_H-119	3.0	3.0	0.22678657404752067	0.05943401358802625	1.0
730_H-119	6.0	5.0	0.2274796522810351	0.05706716016111135	0.9982847341337907
731_H-119	4.0	4.0	0.21976893291316635	0.05601610946728808	0.9991582491582491
732_H-119	4.0	4.0	0.20448859029950747	0.05100036344085379	0.9991334488734835
733_H-119	4.0	4.0	0.20024758119308778	0.049792988474865796	0.9991251093613298
734_H-119	3.0	3.0	0.1266137432989342	0.029465058634391195	1.0
735_H-119	3.0	3.0	0.17135212357236537	0.04233457064056556	1.0
736_H-119	4.0	4.0	0.19517791297979906	0.04815498664278417	0.999124343257443
737_H-119	3.0	3.0	0.24681866868190416	0.06637897403929305	1.0
738_H-119	5.0	5.0	0.1730198417160783	0.03974556814332497	0.9991235758106923
739_H-119	4.0	4.0	0.18950478726476125	0.0464650151361331	0.999124343257443
73_H-119	4.0	4.0	0.21075961114852848	0.05500169948686462	0.9991721854304636
740_H-119	3.0	3.0	0.16360965214959705	0.04015219489377608	1.0
741_H-119	4.0	4.0	0.16410464439277778	0.039582333779449974	0.9991624790619765
742_H-119	3.0	3.0	0.2015102963283886	0.05150272511739329	1.0
743_H-119	4.0	4.0	0.2820028123830731	0.07584291524583409	0.9991511035653651
744_H-119	4.0	4.0	0.293466044441428	0.07873159417473108	1.0
745_H-119	3.0	3.0	0.20347168329144497	0.05214544230283635	1.0
746_H-119	3.0	3.0	0.1503874029132971	0.036797289721989146	1.0
747_H-119	3.0	3.0	0.19854881631648622	0.050648776220245884	1.0
748_H-119	4.0	4.0	0.16379606001423083	0.038964687107306495	0.999176276771005
749_H-119	4.0	4.0	0.25678586139984255	0.06977063935248895	0.9991645781119465
74_H-119	3.0	3.0	0.2191503795033191	0.05699693312227949	1.0
750_H-119	4.0	4.0	0.2412954260861766	0.0628510355620091	0.999129677980853
751_H-119	6.0	5.0	0.21598823379656995	0.05326600511106627	0.9982471516213848
752_H-119	4.0	4.0	0.261967312446128	0.06929528501412108	0.9991103202846975
753_H-119	3.0	3.0	0.17135212357236537	0.04233457064056556	1.0
754_H-119	4.0	4.0	0.12816777140946103	0.02899375743162902	0.9991379310344828
755_H-119	3.0	3.0	0.0718255374835025	0.01521501457725949	1.0
756_H-119	4.0	4.0	0.21610051328180271	0.05431188031081702	1.0
757_H-119	4.0	4.0	0.23486971513676907	0.06267069943289227	0.9991304347826087
758_H-119	4.0	4.0	0.24622754980870512	0.06527595034355782	0.9991181657848325
759_H-119	6.0	5.0	0.15899785352953577	0.038330581368421046	0.9983065198983911
75_H-119	3.0	3.0	0.20111635729052033	0.051578947368420947	1.0
760_H-119	3.0	3.0	0.20650118054228492	0.05317582757996675	1.0
761_H-119	4.0	4.0	0.23652032820207852	0.06105950268351801	0.9991776315789473
762_H-119	4.0	4.0	0.25843880376498257	0.06819522383633803	0.9991023339317774
763_H-119	5.0	5.0	0.16144536684029828	0.03637273007079089	0.9991228070175439
764_H-119	4.0	4.0	0.17972391049157094	0.044450408888395465	1.0
765_H-119	4.0	4.0	0.22006114811153263	0.05597860867907567	0.9990774907749077
766_H-119	3.0	3.0	0.21539414118507522	0.05599768731081867	1.0
767_H-119	3.0	3.0	0.17920261107679875	0.04521163519338556	1.0
768_H-119	3.0	3.0	0.1287951134639896	0.030585499052757092	1.0
769_H-119	4.0	4.0	0.23851807491588126	0.06187040579769432	0.9991876523151909
76_H-119	4.0	4.0	0.20202071858228782	0.05055295757017508	0.9991408934707904
770_H-119	3.0	3.0	0.19494902888270846	0.05024856136170508	1.0
771_H-119	4.0	4.0	0.18694186759178105	0.045830802951999816	0.9991031390134529
772_H-119	4.0	4.0	0.24444760029288665	0.06373997289630728	0.9991624790619765
773_H-119	4.0	4.0	0.2218425654832605	0.055624020547397235	1.0
774_H-119	3.0	3.0	0.21007521629601417	0.054512911291538124	1.0
775_H-119	4.0	4.0	0.2104180729191888	0.053523795246120165	0.9991961414790996
776_H-119	4.0	4.0	0.15099615917573167	0.03651351690323745	0.999117387466902
777_H-119	3.0	3.0	0.24344671352982422	0.06488281750515446	1.0
778_H-119	4.0	4.0	0.25322511494187944	0.06806527777777782	0.9991666666666666
779_H-119	3.0	3.0	0.17019610593401896	0.04198400000000002	1.0
77_H-119	3.0	3.0	0.18207232040899807	0.04554587485494299	1.0
780_H-119	4.0	4.0	0.21181897029634836	0.05364645925517819	0.9991701244813278
781_H-119	4.0	4.0	0.22748243017974343	0.05846205463399767	0.999213217938631
782_H-119	3.0	3.0	0.18051729212482853	0.0459879904063305	1.0
783_H-119	4.0	4.0	0.19001250842355447	0.04661776066918866	0.9990875912408759
784_H-119	4.0	4.0	0.2995688749805408	0.081751856005982	0.99915611814346
785_H-119	3.0	3.0	0.26286055935368635	0.0717310031079681	1.0
786_H-119	3.0	3.0	0.14400994176169182	0.034424288915133494	1.0
787_H-119	3.0	3.0	0.24714113878775357	0.06699279017484205	1.0
788_H-119	4.0	4.0	0.11107156660668155	0.024311890723519913	0.9991823385118561
789_H-119	4.0	4.0	0.1927807362246023	0.048633600000000055	0.9992
78_H-119	4.0	4.0	0.2204314993454052	0.05533548742728467	1.0
790_H-119	4.0	4.0	0.21748035864494977	0.055103079992969484	0.9991961414790996
791_H-119	3.0	3.0	0.23961563765861113	0.06387807262951417	1.0
792_H-119	6.0	5.0	0.16799001437711458	0.039278644996380785	0.9982668977469671
793_H-119	3.0	3.0	0.14352047062577228	0.034352344832339954	1.0
794_H-119	4.0	4.0	0.16009419065110378	0.03779182702230188	0.9991289198606271
795_H-119	3.0	3.0	0.24271785423552233	0.06491637866720745	1.0
796_H-119	4.0	4.0	0.2527856061773334	0.06662137482650299	0.9991452991452991
797_H-119	3.0	3.0	0.258572122149963	0.07005294479095636	1.0
798_H-119	4.0	4.0	0.2455364979192128	0.06463014349764251	0.9991039426523297
799_H-119	4.0	4.0	0.2153080299939719	0.05480964048347847	0.9991251093613298
79_H-119	6.0	5.0	0.20979571330534783	0.05202371458059685	0.9982876712328768
7_H-119	3.0	3.0	0.2260261260366521	0.05991588228753075	1.0
800_H-119	6.0	5.0	0.21608603319684452	0.05370525711636731	0.9983388704318937
801_H-119	3.0	3.0	0.17995078284673027	0.045439826593797306	1.0
802_H-119	3.0	3.0	0.18451006169079698	0.04656458489472348	1.0
803_H-119	3.0	3.0	0.16557740216965605	0.04109677238541698	1.0
804_H-119	4.0	4.0	0.21383516478440187	0.05426368065557441	0.9991603694374476
805_H-119	3.0	3.0	0.18108010988294476	0.04642206161699891	1.0
806_H-119	4.0	4.0	0.2520653758643301	0.06658320318370581	0.9991863303498779
807_H-119	4.0	4.0	0.18603537604102635	0.04574056515686209	0.999104744852283
808_H-119	4.0	4.0	0.23921720074791364	0.061358349595441064	1.0
809_H-119	4.0	4.0	0.19310876151253864	0.04754196208266692	0.9991356957649092
80_H-119	6.0	5.0	0.20662743756927351	0.05064749677794189	0.9983347210657785
810_H-119	3.0	3.0	0.17322472517454293	0.042949600503423	1.0
811_H-119	3.0	3.0	0.23437634319703268	0.06262409073076569	1.0
812_H-119	4.0	4.0	0.23577719843031178	0.0608674682807826	0.9992012779552716
813_H-119	4.0	4.0	0.20679999073133945	0.051998145659537864	0.9991158267020336
814_H-119	3.0	3.0	0.2138226900326153	0.056003326479115656	1.0
815_H-119	4.0	4.0	0.2093891193939264	0.052995057481695196	0.9991546914623838
816_H-119	6.0	5.0	0.2798612321205774	0.07326722489989745	0.9981167608286252
817_H-119	3.0	3.0	0.2225250380773532	0.05967437282996735	1.0
818_H-119	4.0	4.0	0.17986165009696656	0.04364494635930538	0.9991467576791809
819_H-119	4.0	4.0	0.23037628576278923	0.0589905383862116	0.9990859232175503
81_H-119	3.0	3.0	0.232196094889553	0.06118324214686233	1.0
820_H-119	4.0	4.0	0.20902485581602914	0.05260770975056683	0.9991341991341991
821_H-119	4.0	4.0	0.19508118000276842	0.048369059873734854	0.9992301770592764
822_H-119	3.0	3.0	0.1318253067737488	0.030907649337557852	1.0
823_H-119	3.0	3.0	0.14519549205234308	0.03573101142163393	1.0
824_H-119	4.0	4.0	0.2450965910126783	0.0635323436785229	1.0
825_H-119	3.0	3.0	0.22812884746208892	0.0600770172103684	1.0
826_H-119	3.0	3.0	0.22324728904031826	0.0606496974012104	1.0
827_H-119	3.0	3.0	0.15915604393172383	0.0391849486673872	1.0
828_H-119	4.0	4.0	0.28599044156610887	0.07735433080326437	0.9991334488734835
829_H-119	4.0	4.0	0.19404520992540303	0.048560605652783306	0.9992266047950503
82_H-119	6.0	5.0	0.216980042789787	0.05341285701489673	0.9982425307557118
830_H-119	3.0	3.0	0.1971520738125827	0.05059619343025967	1.0
831_H-119	3.0	3.0	0.16351593597550043	0.04004359695367998	1.0
832_H-119	3.0	3.0	0.25293842025189656	0.06857162053211519	1.0
833_H-119	5.0	5.0	0.19607306111590464	0.04617778659437066	0.9990610328638497
834_H-119	4.0	4.0	0.2320735115711484	0.06013139238332599	0.9991204925241864
835_H-119	3.0	3.0	0.16478429012420148	0.042726193782985256	1.0
836_H-119	3.0	3.0	0.2633089235048194	0.07173192571063214	1.0
837_H-119	5.0	5.0	0.14241534010552023	0.030699208663056976	1.0
838_H-119	3.0	3.0	0.19062690372150462	0.04813505049978384	1.0
839_H-119	4.0	4.0	0.19612031628537296	0.04990040960333908	0.9991511035653651
83_H-119	3.0	3.0	0.18018509938722602	0.04497701809824772	1.0
840_H-119	3.0	3.0	0.20731527834601043	0.05364514918371177	1.0
841_H-119	3.0	3.0	0.14502428330432401	0.03504198625175714	1.0
842_H-119	3.0	3.0	0.20548426019138533	0.052858617740783376	1.0
843_H-119	4.0	4.0	0.2151100754838402	0.05344067516230422	1.0
844_H-119	4.0	4.0	0.20640617398708375	0.0508410367466986	1.0
845_H-119	6.0	5.0	0.27246977526614885	0.07132023062233295	0.9982547993019197
846_H-119	4.0	4.0	0.24967666092107782	0.0652433588612753	0.9991423670668954
847_H-119	3.0	3.0	0.14911059907818483	0.03609070849748475	1.0
848_H-119	4.0	4.0	0.20082647805354756	0.05135183872071991	0.9991258741258742
849_H-119	4.0	4.0	0.1631748369949681	0.03896880676697456	0.999140154772141
84_H-119	6.0	5.0	0.2923244530255529	0.07766192847442288	0.9982978723404256
850_H-119	6.0	5.0	0.2277644932039202	0.056932986394753304	0.9983844911147012
851_H-119	4.0	4.0	0.16578568671048163	0.04051714077117863	0.999176276771005
852_H-119	6.0	5.0	0.21079509002262528	0.05187596826986929	0.9982935153583617
853_H-119	4.0	4.0	0.16745195173219884	0.04019434246442688	0.9991126885536823
854_H-119	4.0	4.0	0.25412954671228494	0.06676674979009778	0.9991645781119465
855_H-119	4.0	4.0	0.1812294159455481	0.04537817836367053	0.9991438356164384
856_H-119	4.0	4.0	0.22258388132146006	0.05671621968056684	1.0
857_H-119	4.0	4.0	0.2150488047031387	0.05436999238180662	0.9991589571068125
858_H-119	5.0	5.0	0.22110415919390333	0.05413630713748008	0.999163179916318
859_H-119	3.0	3.0	0.2501168705810336	0.06705674037870546	1.0
85_H-119	6.0	5.0	0.19948831189950958	0.048131997498562895	0.9982502187226596
860_H-119	6.0	5.0	0.21813246525986124	0.05623759196019962	0.9983065198983911
861_H-119	4.0	4.0	0.2215505048173607	0.05539952228118428	1.0
862_H-119	4.0	4.0	0.25084457396073034	0.06565043774148593	0.9991789819376026
863_H-119	3.0	3.0	0.2293807937632579	0.06068574529370385	1.0
864_H-119	4.0	4.0	0.26315637294028377	0.0697530832893829	0.9992038216560509
865_H-119	3.0	3.0	0.188548662001811	0.04750870363947024	1.0
866_H-119	3.0	3.0	0.23370642198494918	0.06516295515877735	1.0
867_H-119	6.0	5.0	0.26143503434594245	0.06762253001145624	0.9982653946227233
868_H-119	5.0	5.0	0.20100676612702825	0.048083553802461765	0.9992107340173638
869_H-119	3.0	3.0	0.21581147940934975	0.0568136665158222	1.0
86_H-119	4.0	4.0	0.2566559795893714	0.06753286714810103	0.9991749174917491
870_H-119	4.0	4.0	0.23029378922777627	0.059104069776049095	0.9991603694374476
871_H-119	6.0	5.0	0.23147795278488714	0.05791693840559109	0.9982593559617058
872_H-119	6.0	5.0	0.21340621891942507	0.05243546069294658	0.9983291562238931
873_H-119	6.0	5.0	0.24070080042069797	0.06081896296296285	0.9982222222222222
874_H-119	4.0	4.0	0.14817965256105248	0.03454861111111118	0.9991666666666666
875_H-119	4.0	4.0	0.13675958362324336	0.03126843566705062	0.9991212653778558
876_H-119	4.0	4.0	0.2693452803014122	0.07175356087073359	0.9991803278688525
877_H-119	4.0	4.0	0.20089757884806145	0.05041380024363229	0.9991431019708654
878_H-119	4.0	4.0	0.1776268532717268	0.04299555116164122	0.9991596638655462
879_H-119	4.0	4.0	0.21955043242398112	0.055747084936063285	0.999137187230371
87_H-119	3.0	3.0	0.19530473229773673	0.04957194447931579	1.0
880_H-119	4.0	4.0	0.20300057667147714	0.05060201937425424	0.9991680532445923
881_H-119	6.0	5.0	0.18457940178041699	0.04459854530047325	0.9983193277310924
882_H-119	3.0	3.0	0.10550974273025646	0.02372570366526594	1.0
883_H-119	3.0	3.0	0.20859494012493215	0.05452900970025121	1.0
884_H-119	3.0	3.0	0.20555686381611224	0.052821602178614424	1.0
885_H-119	6.0	5.0	0.20490150888343264	0.05000239688499475	0.9983566146261298
886_H-119	3.0	3.0	0.20828448629345145	0.0540812338547475	1.0
887_H-119	5.0	5.0	0.26386545000198497	0.06689025739642707	1.0
888_H-119	3.0	3.0	0.20700040290208233	0.05402294828855614	1.0
889_H-119	4.0	4.0	0.1927944512164286	0.04668119362391898	1.0
88_H-119	3.0	3.0	0.19819024717929162	0.05045918630877566	1.0
890_H-119	4.0	4.0	0.2563733391751979	0.06844524128178597	0.9991624790619765
891_H-119	4.0	4.0	0.3199508286853012	0.08956237838695302	0.9990714948932219
892_H-119	6.0	5.0	0.21326627311798058	0.05235021086359104	0.998220640569395
893_H-119	3.0	3.0	0.1914904662205853	0.04850396007132585	1.0
894_H-119	5.0	5.0	0.28377820318858243	0.07424738377700613	0.9991319444444444
895_H-119	5.0	5.0	0.20833546902190253	0.050177177865681655	0.9991482112436116
896_H-119	3.0	3.0	0.2086016594412517	0.05373482653300965	1.0
897_H-119	4.0	4.0	0.19350786722222296	0.0477836020899961	0.9991610738255033
898_H-119	6.0	5.0	0.2213266750764731	0.05521452989337439	0.9983416252072969
899_H-119	4.0	4.0	0.19925366677648781	0.04949565217391294	0.9991304347826087
89_H-119	4.0	4.0	0.22768684331191053	0.05833025546321935	0.9991228070175439
8_H-119	3.0	3.0	0.2393531365805459	0.06369455530116708	1.0
900_H-119	4.0	4.0	0.22998029973524767	0.058953009857402705	0.9991386735572783
901_H-119	6.0	5.0	0.2796694855418876	0.07489843028624188	0.9982456140350877
902_H-119	3.0	3.0	0.173892647701949	0.043326630278655576	1.0
903_H-119	4.0	4.0	0.24696544785202812	0.06469742671316803	0.9991909385113269
904_H-119	3.0	3.0	0.17417098057067582	0.043194165449232935	1.0
905_H-119	3.0	3.0	0.21048636604861967	0.05494323223177899	1.0
906_H-119	3.0	3.0	0.2094784938157828	0.054026218053170205	1.0
907_H-119	3.0	3.0	0.2114928291135159	0.054583641904114466	1.0
908_H-119	3.0	3.0	0.22191188420775815	0.057993392703246216	1.0
909_H-119	3.0	3.0	0.1825220608668306	0.04707167448796101	1.0
90_H-119	3.0	3.0	0.1967303975633092	0.050320306993499875	1.0
910_H-119	6.0	5.0	0.18450568041936097	0.04380658894726985	0.9982876712328768
911_H-119	5.0	5.0	0.2560793691332744	0.06510942431402622	0.9991445680068435
912_H-119	4.0	4.0	0.16600968170295777	0.0405828949231557	0.9991749174917491
913_H-119	3.0	3.0	0.15024049324924177	0.036419240018019106	1.0
914_H-119	3.0	3.0	0.20888773811494188	0.05462204069698373	1.0
915_H-119	4.0	4.0	0.21872039480720987	0.05510651941684863	1.0
916_H-119	4.0	4.0	0.0858200148961678	0.017759697035764632	0.9991063449508489
917_H-119	4.0	4.0	0.20321131154437713	0.050717501826685996	0.9990766389658357
918_H-119	4.0	4.0	0.22916066243676012	0.05904206580591431	0.9991836734693877
919_H-119	4.0	4.0	0.18408951802159806	0.04552819171471201	0.9991416309012876
91_H-119	3.0	3.0	0.1612356866567736	0.039802153205641844	1.0
920_H-119	6.0	5.0	0.22713599904610024	0.05939773420254757	0.9983079526226735
921_H-119	4.0	4.0	0.22521886742445243	0.0565938026117595	1.0
922_H-119	4.0	4.0	0.2270149112059074	0.05708922618854961	1.0
923_H-119	4.0	4.0	0.12493190591652481	0.027459308140774796	1.0
924_H-119	4.0	4.0	0.19447529719860518	0.049701136439309845	0.9991251093613298
925_H-119	3.0	3.0	0.24945565426614563	0.06672211426470398	1.0
926_H-119	3.0	3.0	0.12531416274819634	0.02918384693287035	1.0
927_H-119	3.0	3.0	0.22461430732513518	0.05929209183673467	1.0
928_H-119	3.0	3.0	0.1647558350074092	0.04049081826786172	1.0
929_H-119	4.0	4.0	0.28016180975551974	0.07533790797073214	0.9991568296795953
92_H-119	4.0	4.0	0.23665038972259825	0.06244483176613358	0.9991993594875901
930_H-119	4.0	4.0	0.2939047870495496	0.07997426049186585	0.9991031390134529
931_H-119	4.0	4.0	0.17550801421284934	0.042260169418300686	0.9991055456171736
932_H-119	6.0	5.0	0.22060528253346226	0.05475563013672502	0.9982532751091703
933_H-119	3.0	3.0	0.18848706369390977	0.04768607910308309	1.0
934_H-119	6.0	5.0	0.20509445593223252	0.049953922222437996	0.998303647158609
935_H-119	6.0	5.0	0.24271529237098444	0.061659623979880895	0.9981965734896303
936_H-119	3.0	3.0	0.22557356815670393	0.05904342573191346	1.0
937_H-119	3.0	3.0	0.2522042524454033	0.06867464784657262	1.0
938_H-119	4.0	4.0	0.18775813680272777	0.04595116283427969	0.9991341991341991
939_H-119	5.0	5.0	0.19818756119550957	0.04737404336734696	0.9991071428571429
93_H-119	6.0	5.0	0.20342688997577874	0.04947007135411263	0.998262380538662
940_H-119	3.0	3.0	0.19110286566516538	0.04886811403847646	1.0
941_H-119	4.0	4.0	0.264809783881507	0.07032695431113634	0.9991596638655462
942_H-119	3.0	3.0	0.21073357416406974	0.05443836470534058	1.0
943_H-119	5.0	5.0	0.21644521728617241	0.05226298122428119	0.9991928974979822
944_H-119	3.0	3.0	0.1626048154146651	0.04263289224952738	1.0
945_H-119	4.0	4.0	0.1719295789603294	0.04141238715366469	0.9991235758106923
946_H-119	3.0	3.0	0.1793588466856122	0.044974955365998825	1.0
947_H-119	3.0	3.0	0.17498113593596806	0.04365388724520347	1.0
948_H-119	3.0	3.0	0.15741373967682845	0.038534633290964626	1.0
949_H-119	4.0	4.0	0.21274854242131674	0.05402348394768142	0.9991379310344828
94_H-119	3.0	3.0	0.1378309631369467	0.0331396754697455	1.0
950_H-119	3.0	3.0	0.20198671519238928	0.05171238486062979	1.0
951_H-119	4.0	4.0	0.17761975871013247	0.043787709571044275	0.9991431019708654
952_H-119	3.0	3.0	0.2201956800203387	0.05737244444444434	1.0
953_H-119	3.0	3.0	0.1811862987382279	0.04527862875513977	1.0
954_H-119	3.0	3.0	0.23078629717636248	0.061294934581648364	1.0
955_H-119	3.0	3.0	0.22424120918658264	0.05886195383945425	1.0
956_H-119	3.0	3.0	0.18223627945365192	0.045588801584790284	1.0
957_H-119	4.0	4.0	0.1938821295310008	0.04782306238185252	0.9991304347826087
958_H-119	3.0	3.0	0.19112124199160538	0.04977720697974697	1.0
959_H-119	4.0	4.0	0.23398211444230466	0.06019448382692716	0.9990942028985508
95_H-119	4.0	4.0	0.2363726202259628	0.06123991111982485	0.9991749174917491
960_H-119	3.0	3.0	0.22588012565867152	0.05912827036811008	1.0
961_H-119	4.0	4.0	0.23672090729744139	0.061824157909551536	0.9991438356164384
962_H-119	4.0	4.0	0.2231977478136003	0.05702159108320082	0.9991673605328892
963_H-119	3.0	3.0	0.24010770036501186	0.06490869247626008	1.0
964_H-119	6.0	5.0	0.2191868246524869	0.05500853766819214	0.9983471074380166
965_H-119	4.0	4.0	0.1623092564682582	0.03937361111111115	0.9991666666666666
966_H-119	4.0	4.0	0.18626074285324346	0.04636359811615398	0.9990917347865577
967_H-119	6.0	5.0	0.2490240657453802	0.06339637737309545	0.9981965734896303
968_H-119	6.0	5.0	0.15942408956140824	0.03648519638960512	0.9982394366197183
969_H-119	4.0	4.0	0.20452569675065427	0.051060253891310414	0.9991603694374476
96_H-119	6.0	5.0	0.24317337618290777	0.061773084792123956	0.9983361064891847
970_H-119	6.0	5.0	0.2580157055351221	0.06655435706880686	0.9982935153583617
971_H-119	3.0	3.0	0.23399787121467758	0.06219877482996272	1.0
972_H-119	3.0	3.0	0.190718244949827	0.048749046744034574	1.0
973_H-119	4.0	4.0	0.17658101251822747	0.042632186005291284	0.9990974729241877
974_H-119	4.0	4.0	0.2235628437549312	0.05730354732905174	1.0
975_H-119	3.0	3.0	0.26842680770399324	0.07336045793664259	1.0
976_H-119	3.0	3.0	0.2294731861811862	0.060600475624256744	1.0
977_H-119	4.0	4.0	0.24839520650881666	0.06554545454545468	0.9990909090909091
978_H-119	3.0	3.0	0.23720059132686463	0.06279168241965971	1.0
979_H-119	4.0	4.0	0.18099070011680482	0.04412572937212367	0.999198717948718
97_H-119	4.0	4.0	0.23844899816186949	0.06173183044134789	0.9991220368744512
980_H-119	4.0	4.0	0.2068449818637969	0.05194681861348538	0.9991452991452991
981_H-119	4.0	4.0	0.20922772685316277	0.05451690858642999	0.9991796554552912
982_H-119	3.0	3.0	0.21810125526485155	0.05707564198967596	1.0
983_H-119	3.0	3.0	0.19814478617980583	0.05046353368305534	1.0
984_H-119	4.0	4.0	0.20837698369569743	0.05222098227465444	0.9991408934707904
985_H-119	4.0	4.0	0.21682112739319825	0.054899892549048035	0.9991755976916735
986_H-119	4.0	4.0	0.22816065803862828	0.05852230051084528	0.999168744804655
987_H-119	6.0	5.0	0.25776839891946685	0.06636662591897524	0.9983402489626556
988_H-119	4.0	4.0	0.2636350075476564	0.06995170205260204	0.9991015274034142
989_H-119	3.0	3.0	0.20069592383147086	0.05137017868664917	1.0
98_H-119	4.0	4.0	0.16652702197968697	0.039817824044272254	0.9991915925626516
990_H-119	6.0	5.0	0.2175075619745835	0.053689158244520696	0.9983402489626556
991_H-119	4.0	4.0	0.17848699296439186	0.04352086917157072	0.9991489361702127
992_H-119	3.0	3.0	0.12076423051494303	0.028011590570913958	1.0
993_H-119	3.0	3.0	0.21854098676768918	0.05721552331629409	1.0
994_H-119	5.0	5.0	0.25843909989523595	0.06551556607546483	0.9991394148020654
995_H-119	4.0	4.0	0.1816577032740839	0.044450661625708765	0.9991304347826087
996_H-119	3.0	3.0	0.25327332934161606	0.068404964899074	1.0
997_H-119	6.0	5.0	0.25004442565182444	0.06482684947371098	0.99833748960931
998_H-119	4.0	4.0	0.22082055439294196	0.05628831218110453	0.9991783073130649
999_H-119	6.0	5.0	0.1901085512764683	0.04543808341230149	0.9983498349834984
99_H-119	4.0	4.0	0.2973611130166965	0.08033711884387973	1.0
9_H-119	4.0	4.0	0.2224980145582669	0.05585264408793833	1.0
