	chao1	observed_otus	shannon	simpson	goods_coverage
1000_O-418	1.0	1.0	-0.0	0.0	1.0
100_O-418	1.0	1.0	-0.0	0.0	1.0
101_O-418	1.0	1.0	-0.0	0.0	1.0
102_O-418	1.0	1.0	-0.0	0.0	1.0
103_O-418	1.0	1.0	-0.0	0.0	1.0
104_O-418	1.0	1.0	-0.0	0.0	1.0
105_O-418	1.0	1.0	-0.0	0.0	1.0
106_O-418	1.0	1.0	-0.0	0.0	1.0
107_O-418	1.0	1.0	-0.0	0.0	1.0
108_O-418	1.0	1.0	-0.0	0.0	1.0
109_O-418	1.0	1.0	-0.0	0.0	1.0
10_O-418	1.0	1.0	-0.0	0.0	1.0
110_O-418	1.0	1.0	-0.0	0.0	1.0
111_O-418	1.0	1.0	-0.0	0.0	1.0
112_O-418	1.0	1.0	-0.0	0.0	1.0
113_O-418	1.0	1.0	-0.0	0.0	1.0
114_O-418	1.0	1.0	-0.0	0.0	1.0
115_O-418	1.0	1.0	-0.0	0.0	1.0
116_O-418	1.0	1.0	-0.0	0.0	1.0
117_O-418	1.0	1.0	-0.0	0.0	1.0
118_O-418	1.0	1.0	-0.0	0.0	1.0
119_O-418	1.0	1.0	-0.0	0.0	1.0
11_O-418	1.0	1.0	-0.0	0.0	1.0
120_O-418	1.0	1.0	-0.0	0.0	1.0
121_O-418	1.0	1.0	-0.0	0.0	1.0
122_O-418	1.0	1.0	-0.0	0.0	1.0
123_O-418	1.0	1.0	-0.0	0.0	1.0
124_O-418	1.0	1.0	-0.0	0.0	1.0
125_O-418	1.0	1.0	-0.0	0.0	1.0
126_O-418	1.0	1.0	-0.0	0.0	1.0
127_O-418	1.0	1.0	-0.0	0.0	1.0
128_O-418	1.0	1.0	-0.0	0.0	1.0
129_O-418	1.0	1.0	-0.0	0.0	1.0
12_O-418	1.0	1.0	-0.0	0.0	1.0
130_O-418	1.0	1.0	-0.0	0.0	1.0
131_O-418	1.0	1.0	-0.0	0.0	1.0
132_O-418	1.0	1.0	-0.0	0.0	1.0
133_O-418	1.0	1.0	-0.0	0.0	1.0
134_O-418	1.0	1.0	-0.0	0.0	1.0
135_O-418	1.0	1.0	-0.0	0.0	1.0
136_O-418	1.0	1.0	-0.0	0.0	1.0
137_O-418	1.0	1.0	-0.0	0.0	1.0
138_O-418	1.0	1.0	-0.0	0.0	1.0
139_O-418	1.0	1.0	-0.0	0.0	1.0
13_O-418	1.0	1.0	-0.0	0.0	1.0
140_O-418	1.0	1.0	-0.0	0.0	1.0
141_O-418	1.0	1.0	-0.0	0.0	1.0
142_O-418	1.0	1.0	-0.0	0.0	1.0
143_O-418	1.0	1.0	-0.0	0.0	1.0
144_O-418	1.0	1.0	-0.0	0.0	1.0
145_O-418	1.0	1.0	-0.0	0.0	1.0
146_O-418	1.0	1.0	-0.0	0.0	1.0
147_O-418	1.0	1.0	-0.0	0.0	1.0
148_O-418	1.0	1.0	-0.0	0.0	1.0
149_O-418	1.0	1.0	-0.0	0.0	1.0
14_O-418	1.0	1.0	-0.0	0.0	1.0
150_O-418	1.0	1.0	-0.0	0.0	1.0
151_O-418	1.0	1.0	-0.0	0.0	1.0
152_O-418	1.0	1.0	-0.0	0.0	1.0
153_O-418	1.0	1.0	-0.0	0.0	1.0
154_O-418	1.0	1.0	-0.0	0.0	1.0
155_O-418	1.0	1.0	-0.0	0.0	1.0
156_O-418	1.0	1.0	-0.0	0.0	1.0
157_O-418	1.0	1.0	-0.0	0.0	1.0
158_O-418	1.0	1.0	-0.0	0.0	1.0
159_O-418	1.0	1.0	-0.0	0.0	1.0
15_O-418	1.0	1.0	-0.0	0.0	1.0
160_O-418	1.0	1.0	-0.0	0.0	1.0
161_O-418	1.0	1.0	-0.0	0.0	1.0
162_O-418	1.0	1.0	-0.0	0.0	1.0
163_O-418	1.0	1.0	-0.0	0.0	1.0
164_O-418	1.0	1.0	-0.0	0.0	1.0
165_O-418	1.0	1.0	-0.0	0.0	1.0
166_O-418	1.0	1.0	-0.0	0.0	1.0
167_O-418	1.0	1.0	-0.0	0.0	1.0
168_O-418	1.0	1.0	-0.0	0.0	1.0
169_O-418	1.0	1.0	-0.0	0.0	1.0
16_O-418	1.0	1.0	-0.0	0.0	1.0
170_O-418	1.0	1.0	-0.0	0.0	1.0
171_O-418	1.0	1.0	-0.0	0.0	1.0
172_O-418	1.0	1.0	-0.0	0.0	1.0
173_O-418	1.0	1.0	-0.0	0.0	1.0
174_O-418	1.0	1.0	-0.0	0.0	1.0
175_O-418	1.0	1.0	-0.0	0.0	1.0
176_O-418	1.0	1.0	-0.0	0.0	1.0
177_O-418	1.0	1.0	-0.0	0.0	1.0
178_O-418	1.0	1.0	-0.0	0.0	1.0
179_O-418	1.0	1.0	-0.0	0.0	1.0
17_O-418	1.0	1.0	-0.0	0.0	1.0
180_O-418	1.0	1.0	-0.0	0.0	1.0
181_O-418	1.0	1.0	-0.0	0.0	1.0
182_O-418	1.0	1.0	-0.0	0.0	1.0
183_O-418	1.0	1.0	-0.0	0.0	1.0
184_O-418	1.0	1.0	-0.0	0.0	1.0
185_O-418	1.0	1.0	-0.0	0.0	1.0
186_O-418	1.0	1.0	-0.0	0.0	1.0
187_O-418	1.0	1.0	-0.0	0.0	1.0
188_O-418	1.0	1.0	-0.0	0.0	1.0
189_O-418	1.0	1.0	-0.0	0.0	1.0
18_O-418	1.0	1.0	-0.0	0.0	1.0
190_O-418	1.0	1.0	-0.0	0.0	1.0
191_O-418	1.0	1.0	-0.0	0.0	1.0
192_O-418	1.0	1.0	-0.0	0.0	1.0
193_O-418	1.0	1.0	-0.0	0.0	1.0
194_O-418	1.0	1.0	-0.0	0.0	1.0
195_O-418	1.0	1.0	-0.0	0.0	1.0
196_O-418	1.0	1.0	-0.0	0.0	1.0
197_O-418	1.0	1.0	-0.0	0.0	1.0
198_O-418	1.0	1.0	-0.0	0.0	1.0
199_O-418	1.0	1.0	-0.0	0.0	1.0
19_O-418	1.0	1.0	-0.0	0.0	1.0
1_O-418	1.0	1.0	-0.0	0.0	1.0
200_O-418	1.0	1.0	-0.0	0.0	1.0
201_O-418	1.0	1.0	-0.0	0.0	1.0
202_O-418	1.0	1.0	-0.0	0.0	1.0
203_O-418	1.0	1.0	-0.0	0.0	1.0
204_O-418	1.0	1.0	-0.0	0.0	1.0
205_O-418	1.0	1.0	-0.0	0.0	1.0
206_O-418	1.0	1.0	-0.0	0.0	1.0
207_O-418	1.0	1.0	-0.0	0.0	1.0
208_O-418	1.0	1.0	-0.0	0.0	1.0
209_O-418	1.0	1.0	-0.0	0.0	1.0
20_O-418	1.0	1.0	-0.0	0.0	1.0
210_O-418	1.0	1.0	-0.0	0.0	1.0
211_O-418	1.0	1.0	-0.0	0.0	1.0
212_O-418	1.0	1.0	-0.0	0.0	1.0
213_O-418	1.0	1.0	-0.0	0.0	1.0
214_O-418	1.0	1.0	-0.0	0.0	1.0
215_O-418	1.0	1.0	-0.0	0.0	1.0
216_O-418	1.0	1.0	-0.0	0.0	1.0
217_O-418	1.0	1.0	-0.0	0.0	1.0
218_O-418	1.0	1.0	-0.0	0.0	1.0
219_O-418	1.0	1.0	-0.0	0.0	1.0
21_O-418	1.0	1.0	-0.0	0.0	1.0
220_O-418	1.0	1.0	-0.0	0.0	1.0
221_O-418	1.0	1.0	-0.0	0.0	1.0
222_O-418	1.0	1.0	-0.0	0.0	1.0
223_O-418	1.0	1.0	-0.0	0.0	1.0
224_O-418	1.0	1.0	-0.0	0.0	1.0
225_O-418	1.0	1.0	-0.0	0.0	1.0
226_O-418	1.0	1.0	-0.0	0.0	1.0
227_O-418	1.0	1.0	-0.0	0.0	1.0
228_O-418	1.0	1.0	-0.0	0.0	1.0
229_O-418	1.0	1.0	-0.0	0.0	1.0
22_O-418	1.0	1.0	-0.0	0.0	1.0
230_O-418	1.0	1.0	-0.0	0.0	1.0
231_O-418	1.0	1.0	-0.0	0.0	1.0
232_O-418	1.0	1.0	-0.0	0.0	1.0
233_O-418	1.0	1.0	-0.0	0.0	1.0
234_O-418	1.0	1.0	-0.0	0.0	1.0
235_O-418	1.0	1.0	-0.0	0.0	1.0
236_O-418	1.0	1.0	-0.0	0.0	1.0
237_O-418	1.0	1.0	-0.0	0.0	1.0
238_O-418	1.0	1.0	-0.0	0.0	1.0
239_O-418	1.0	1.0	-0.0	0.0	1.0
23_O-418	1.0	1.0	-0.0	0.0	1.0
240_O-418	1.0	1.0	-0.0	0.0	1.0
241_O-418	1.0	1.0	-0.0	0.0	1.0
242_O-418	1.0	1.0	-0.0	0.0	1.0
243_O-418	1.0	1.0	-0.0	0.0	1.0
244_O-418	1.0	1.0	-0.0	0.0	1.0
245_O-418	1.0	1.0	-0.0	0.0	1.0
246_O-418	1.0	1.0	-0.0	0.0	1.0
247_O-418	1.0	1.0	-0.0	0.0	1.0
248_O-418	1.0	1.0	-0.0	0.0	1.0
249_O-418	1.0	1.0	-0.0	0.0	1.0
24_O-418	1.0	1.0	-0.0	0.0	1.0
250_O-418	1.0	1.0	-0.0	0.0	1.0
251_O-418	1.0	1.0	-0.0	0.0	1.0
252_O-418	1.0	1.0	-0.0	0.0	1.0
253_O-418	1.0	1.0	-0.0	0.0	1.0
254_O-418	1.0	1.0	-0.0	0.0	1.0
255_O-418	1.0	1.0	-0.0	0.0	1.0
256_O-418	1.0	1.0	-0.0	0.0	1.0
257_O-418	1.0	1.0	-0.0	0.0	1.0
258_O-418	1.0	1.0	-0.0	0.0	1.0
259_O-418	1.0	1.0	-0.0	0.0	1.0
25_O-418	1.0	1.0	-0.0	0.0	1.0
260_O-418	1.0	1.0	-0.0	0.0	1.0
261_O-418	1.0	1.0	-0.0	0.0	1.0
262_O-418	1.0	1.0	-0.0	0.0	1.0
263_O-418	1.0	1.0	-0.0	0.0	1.0
264_O-418	1.0	1.0	-0.0	0.0	1.0
265_O-418	1.0	1.0	-0.0	0.0	1.0
266_O-418	1.0	1.0	-0.0	0.0	1.0
267_O-418	1.0	1.0	-0.0	0.0	1.0
268_O-418	1.0	1.0	-0.0	0.0	1.0
269_O-418	1.0	1.0	-0.0	0.0	1.0
26_O-418	1.0	1.0	-0.0	0.0	1.0
270_O-418	1.0	1.0	-0.0	0.0	1.0
271_O-418	1.0	1.0	-0.0	0.0	1.0
272_O-418	1.0	1.0	-0.0	0.0	1.0
273_O-418	1.0	1.0	-0.0	0.0	1.0
274_O-418	1.0	1.0	-0.0	0.0	1.0
275_O-418	1.0	1.0	-0.0	0.0	1.0
276_O-418	1.0	1.0	-0.0	0.0	1.0
277_O-418	1.0	1.0	-0.0	0.0	1.0
278_O-418	1.0	1.0	-0.0	0.0	1.0
279_O-418	1.0	1.0	-0.0	0.0	1.0
27_O-418	1.0	1.0	-0.0	0.0	1.0
280_O-418	1.0	1.0	-0.0	0.0	1.0
281_O-418	1.0	1.0	-0.0	0.0	1.0
282_O-418	1.0	1.0	-0.0	0.0	1.0
283_O-418	1.0	1.0	-0.0	0.0	1.0
284_O-418	1.0	1.0	-0.0	0.0	1.0
285_O-418	1.0	1.0	-0.0	0.0	1.0
286_O-418	1.0	1.0	-0.0	0.0	1.0
287_O-418	1.0	1.0	-0.0	0.0	1.0
288_O-418	1.0	1.0	-0.0	0.0	1.0
289_O-418	1.0	1.0	-0.0	0.0	1.0
28_O-418	1.0	1.0	-0.0	0.0	1.0
290_O-418	1.0	1.0	-0.0	0.0	1.0
291_O-418	1.0	1.0	-0.0	0.0	1.0
292_O-418	1.0	1.0	-0.0	0.0	1.0
293_O-418	1.0	1.0	-0.0	0.0	1.0
294_O-418	1.0	1.0	-0.0	0.0	1.0
295_O-418	1.0	1.0	-0.0	0.0	1.0
296_O-418	1.0	1.0	-0.0	0.0	1.0
297_O-418	1.0	1.0	-0.0	0.0	1.0
298_O-418	1.0	1.0	-0.0	0.0	1.0
299_O-418	1.0	1.0	-0.0	0.0	1.0
29_O-418	1.0	1.0	-0.0	0.0	1.0
2_O-418	1.0	1.0	-0.0	0.0	1.0
300_O-418	1.0	1.0	-0.0	0.0	1.0
301_O-418	1.0	1.0	-0.0	0.0	1.0
302_O-418	1.0	1.0	-0.0	0.0	1.0
303_O-418	1.0	1.0	-0.0	0.0	1.0
304_O-418	1.0	1.0	-0.0	0.0	1.0
305_O-418	1.0	1.0	-0.0	0.0	1.0
306_O-418	1.0	1.0	-0.0	0.0	1.0
307_O-418	1.0	1.0	-0.0	0.0	1.0
308_O-418	1.0	1.0	-0.0	0.0	1.0
309_O-418	1.0	1.0	-0.0	0.0	1.0
30_O-418	1.0	1.0	-0.0	0.0	1.0
310_O-418	1.0	1.0	-0.0	0.0	1.0
311_O-418	1.0	1.0	-0.0	0.0	1.0
312_O-418	1.0	1.0	-0.0	0.0	1.0
313_O-418	1.0	1.0	-0.0	0.0	1.0
314_O-418	1.0	1.0	-0.0	0.0	1.0
315_O-418	1.0	1.0	-0.0	0.0	1.0
316_O-418	1.0	1.0	-0.0	0.0	1.0
317_O-418	1.0	1.0	-0.0	0.0	1.0
318_O-418	1.0	1.0	-0.0	0.0	1.0
319_O-418	1.0	1.0	-0.0	0.0	1.0
31_O-418	1.0	1.0	-0.0	0.0	1.0
320_O-418	1.0	1.0	-0.0	0.0	1.0
321_O-418	1.0	1.0	-0.0	0.0	1.0
322_O-418	1.0	1.0	-0.0	0.0	1.0
323_O-418	1.0	1.0	-0.0	0.0	1.0
324_O-418	1.0	1.0	-0.0	0.0	1.0
325_O-418	1.0	1.0	-0.0	0.0	1.0
326_O-418	1.0	1.0	-0.0	0.0	1.0
327_O-418	1.0	1.0	-0.0	0.0	1.0
328_O-418	1.0	1.0	-0.0	0.0	1.0
329_O-418	1.0	1.0	-0.0	0.0	1.0
32_O-418	1.0	1.0	-0.0	0.0	1.0
330_O-418	1.0	1.0	-0.0	0.0	1.0
331_O-418	1.0	1.0	-0.0	0.0	1.0
332_O-418	1.0	1.0	-0.0	0.0	1.0
333_O-418	1.0	1.0	-0.0	0.0	1.0
334_O-418	1.0	1.0	-0.0	0.0	1.0
335_O-418	1.0	1.0	-0.0	0.0	1.0
336_O-418	1.0	1.0	-0.0	0.0	1.0
337_O-418	1.0	1.0	-0.0	0.0	1.0
338_O-418	1.0	1.0	-0.0	0.0	1.0
339_O-418	1.0	1.0	-0.0	0.0	1.0
33_O-418	1.0	1.0	-0.0	0.0	1.0
340_O-418	1.0	1.0	-0.0	0.0	1.0
341_O-418	1.0	1.0	-0.0	0.0	1.0
342_O-418	1.0	1.0	-0.0	0.0	1.0
343_O-418	1.0	1.0	-0.0	0.0	1.0
344_O-418	1.0	1.0	-0.0	0.0	1.0
345_O-418	1.0	1.0	-0.0	0.0	1.0
346_O-418	1.0	1.0	-0.0	0.0	1.0
347_O-418	1.0	1.0	-0.0	0.0	1.0
348_O-418	1.0	1.0	-0.0	0.0	1.0
349_O-418	1.0	1.0	-0.0	0.0	1.0
34_O-418	1.0	1.0	-0.0	0.0	1.0
350_O-418	1.0	1.0	-0.0	0.0	1.0
351_O-418	1.0	1.0	-0.0	0.0	1.0
352_O-418	1.0	1.0	-0.0	0.0	1.0
353_O-418	1.0	1.0	-0.0	0.0	1.0
354_O-418	1.0	1.0	-0.0	0.0	1.0
355_O-418	1.0	1.0	-0.0	0.0	1.0
356_O-418	1.0	1.0	-0.0	0.0	1.0
357_O-418	1.0	1.0	-0.0	0.0	1.0
358_O-418	1.0	1.0	-0.0	0.0	1.0
359_O-418	1.0	1.0	-0.0	0.0	1.0
35_O-418	1.0	1.0	-0.0	0.0	1.0
360_O-418	1.0	1.0	-0.0	0.0	1.0
361_O-418	1.0	1.0	-0.0	0.0	1.0
362_O-418	1.0	1.0	-0.0	0.0	1.0
363_O-418	1.0	1.0	-0.0	0.0	1.0
364_O-418	1.0	1.0	-0.0	0.0	1.0
365_O-418	1.0	1.0	-0.0	0.0	1.0
366_O-418	1.0	1.0	-0.0	0.0	1.0
367_O-418	1.0	1.0	-0.0	0.0	1.0
368_O-418	1.0	1.0	-0.0	0.0	1.0
369_O-418	1.0	1.0	-0.0	0.0	1.0
36_O-418	1.0	1.0	-0.0	0.0	1.0
370_O-418	1.0	1.0	-0.0	0.0	1.0
371_O-418	1.0	1.0	-0.0	0.0	1.0
372_O-418	1.0	1.0	-0.0	0.0	1.0
373_O-418	1.0	1.0	-0.0	0.0	1.0
374_O-418	1.0	1.0	-0.0	0.0	1.0
375_O-418	1.0	1.0	-0.0	0.0	1.0
376_O-418	1.0	1.0	-0.0	0.0	1.0
377_O-418	1.0	1.0	-0.0	0.0	1.0
378_O-418	1.0	1.0	-0.0	0.0	1.0
379_O-418	1.0	1.0	-0.0	0.0	1.0
37_O-418	1.0	1.0	-0.0	0.0	1.0
380_O-418	1.0	1.0	-0.0	0.0	1.0
381_O-418	1.0	1.0	-0.0	0.0	1.0
382_O-418	1.0	1.0	-0.0	0.0	1.0
383_O-418	1.0	1.0	-0.0	0.0	1.0
384_O-418	1.0	1.0	-0.0	0.0	1.0
385_O-418	1.0	1.0	-0.0	0.0	1.0
386_O-418	1.0	1.0	-0.0	0.0	1.0
387_O-418	1.0	1.0	-0.0	0.0	1.0
388_O-418	1.0	1.0	-0.0	0.0	1.0
389_O-418	1.0	1.0	-0.0	0.0	1.0
38_O-418	1.0	1.0	-0.0	0.0	1.0
390_O-418	1.0	1.0	-0.0	0.0	1.0
391_O-418	1.0	1.0	-0.0	0.0	1.0
392_O-418	1.0	1.0	-0.0	0.0	1.0
393_O-418	1.0	1.0	-0.0	0.0	1.0
394_O-418	1.0	1.0	-0.0	0.0	1.0
395_O-418	1.0	1.0	-0.0	0.0	1.0
396_O-418	1.0	1.0	-0.0	0.0	1.0
397_O-418	1.0	1.0	-0.0	0.0	1.0
398_O-418	1.0	1.0	-0.0	0.0	1.0
399_O-418	1.0	1.0	-0.0	0.0	1.0
39_O-418	1.0	1.0	-0.0	0.0	1.0
3_O-418	1.0	1.0	-0.0	0.0	1.0
400_O-418	1.0	1.0	-0.0	0.0	1.0
401_O-418	1.0	1.0	-0.0	0.0	1.0
402_O-418	1.0	1.0	-0.0	0.0	1.0
403_O-418	1.0	1.0	-0.0	0.0	1.0
404_O-418	1.0	1.0	-0.0	0.0	1.0
405_O-418	1.0	1.0	-0.0	0.0	1.0
406_O-418	1.0	1.0	-0.0	0.0	1.0
407_O-418	1.0	1.0	-0.0	0.0	1.0
408_O-418	1.0	1.0	-0.0	0.0	1.0
409_O-418	1.0	1.0	-0.0	0.0	1.0
40_O-418	1.0	1.0	-0.0	0.0	1.0
410_O-418	1.0	1.0	-0.0	0.0	1.0
411_O-418	1.0	1.0	-0.0	0.0	1.0
412_O-418	1.0	1.0	-0.0	0.0	1.0
413_O-418	1.0	1.0	-0.0	0.0	1.0
414_O-418	1.0	1.0	-0.0	0.0	1.0
415_O-418	1.0	1.0	-0.0	0.0	1.0
416_O-418	1.0	1.0	-0.0	0.0	1.0
417_O-418	1.0	1.0	-0.0	0.0	1.0
418_O-418	1.0	1.0	-0.0	0.0	1.0
419_O-418	1.0	1.0	-0.0	0.0	1.0
41_O-418	1.0	1.0	-0.0	0.0	1.0
420_O-418	1.0	1.0	-0.0	0.0	1.0
421_O-418	1.0	1.0	-0.0	0.0	1.0
422_O-418	1.0	1.0	-0.0	0.0	1.0
423_O-418	1.0	1.0	-0.0	0.0	1.0
424_O-418	1.0	1.0	-0.0	0.0	1.0
425_O-418	1.0	1.0	-0.0	0.0	1.0
426_O-418	1.0	1.0	-0.0	0.0	1.0
427_O-418	1.0	1.0	-0.0	0.0	1.0
428_O-418	1.0	1.0	-0.0	0.0	1.0
429_O-418	1.0	1.0	-0.0	0.0	1.0
42_O-418	1.0	1.0	-0.0	0.0	1.0
430_O-418	1.0	1.0	-0.0	0.0	1.0
431_O-418	1.0	1.0	-0.0	0.0	1.0
432_O-418	1.0	1.0	-0.0	0.0	1.0
433_O-418	1.0	1.0	-0.0	0.0	1.0
434_O-418	1.0	1.0	-0.0	0.0	1.0
435_O-418	1.0	1.0	-0.0	0.0	1.0
436_O-418	1.0	1.0	-0.0	0.0	1.0
437_O-418	1.0	1.0	-0.0	0.0	1.0
438_O-418	1.0	1.0	-0.0	0.0	1.0
439_O-418	1.0	1.0	-0.0	0.0	1.0
43_O-418	1.0	1.0	-0.0	0.0	1.0
440_O-418	1.0	1.0	-0.0	0.0	1.0
441_O-418	1.0	1.0	-0.0	0.0	1.0
442_O-418	1.0	1.0	-0.0	0.0	1.0
443_O-418	1.0	1.0	-0.0	0.0	1.0
444_O-418	1.0	1.0	-0.0	0.0	1.0
445_O-418	1.0	1.0	-0.0	0.0	1.0
446_O-418	1.0	1.0	-0.0	0.0	1.0
447_O-418	1.0	1.0	-0.0	0.0	1.0
448_O-418	1.0	1.0	-0.0	0.0	1.0
449_O-418	1.0	1.0	-0.0	0.0	1.0
44_O-418	1.0	1.0	-0.0	0.0	1.0
450_O-418	1.0	1.0	-0.0	0.0	1.0
451_O-418	1.0	1.0	-0.0	0.0	1.0
452_O-418	1.0	1.0	-0.0	0.0	1.0
453_O-418	1.0	1.0	-0.0	0.0	1.0
454_O-418	1.0	1.0	-0.0	0.0	1.0
455_O-418	1.0	1.0	-0.0	0.0	1.0
456_O-418	1.0	1.0	-0.0	0.0	1.0
457_O-418	1.0	1.0	-0.0	0.0	1.0
458_O-418	1.0	1.0	-0.0	0.0	1.0
459_O-418	1.0	1.0	-0.0	0.0	1.0
45_O-418	1.0	1.0	-0.0	0.0	1.0
460_O-418	1.0	1.0	-0.0	0.0	1.0
461_O-418	1.0	1.0	-0.0	0.0	1.0
462_O-418	1.0	1.0	-0.0	0.0	1.0
463_O-418	1.0	1.0	-0.0	0.0	1.0
464_O-418	1.0	1.0	-0.0	0.0	1.0
465_O-418	1.0	1.0	-0.0	0.0	1.0
466_O-418	1.0	1.0	-0.0	0.0	1.0
467_O-418	1.0	1.0	-0.0	0.0	1.0
468_O-418	1.0	1.0	-0.0	0.0	1.0
469_O-418	1.0	1.0	-0.0	0.0	1.0
46_O-418	1.0	1.0	-0.0	0.0	1.0
470_O-418	1.0	1.0	-0.0	0.0	1.0
471_O-418	1.0	1.0	-0.0	0.0	1.0
472_O-418	1.0	1.0	-0.0	0.0	1.0
473_O-418	1.0	1.0	-0.0	0.0	1.0
474_O-418	1.0	1.0	-0.0	0.0	1.0
475_O-418	1.0	1.0	-0.0	0.0	1.0
476_O-418	1.0	1.0	-0.0	0.0	1.0
477_O-418	1.0	1.0	-0.0	0.0	1.0
478_O-418	1.0	1.0	-0.0	0.0	1.0
479_O-418	1.0	1.0	-0.0	0.0	1.0
47_O-418	1.0	1.0	-0.0	0.0	1.0
480_O-418	1.0	1.0	-0.0	0.0	1.0
481_O-418	1.0	1.0	-0.0	0.0	1.0
482_O-418	1.0	1.0	-0.0	0.0	1.0
483_O-418	1.0	1.0	-0.0	0.0	1.0
484_O-418	1.0	1.0	-0.0	0.0	1.0
485_O-418	1.0	1.0	-0.0	0.0	1.0
486_O-418	1.0	1.0	-0.0	0.0	1.0
487_O-418	1.0	1.0	-0.0	0.0	1.0
488_O-418	1.0	1.0	-0.0	0.0	1.0
489_O-418	1.0	1.0	-0.0	0.0	1.0
48_O-418	1.0	1.0	-0.0	0.0	1.0
490_O-418	1.0	1.0	-0.0	0.0	1.0
491_O-418	1.0	1.0	-0.0	0.0	1.0
492_O-418	1.0	1.0	-0.0	0.0	1.0
493_O-418	1.0	1.0	-0.0	0.0	1.0
494_O-418	1.0	1.0	-0.0	0.0	1.0
495_O-418	1.0	1.0	-0.0	0.0	1.0
496_O-418	1.0	1.0	-0.0	0.0	1.0
497_O-418	1.0	1.0	-0.0	0.0	1.0
498_O-418	1.0	1.0	-0.0	0.0	1.0
499_O-418	1.0	1.0	-0.0	0.0	1.0
49_O-418	1.0	1.0	-0.0	0.0	1.0
4_O-418	1.0	1.0	-0.0	0.0	1.0
500_O-418	1.0	1.0	-0.0	0.0	1.0
501_O-418	1.0	1.0	-0.0	0.0	1.0
502_O-418	1.0	1.0	-0.0	0.0	1.0
503_O-418	1.0	1.0	-0.0	0.0	1.0
504_O-418	1.0	1.0	-0.0	0.0	1.0
505_O-418	1.0	1.0	-0.0	0.0	1.0
506_O-418	1.0	1.0	-0.0	0.0	1.0
507_O-418	1.0	1.0	-0.0	0.0	1.0
508_O-418	1.0	1.0	-0.0	0.0	1.0
509_O-418	1.0	1.0	-0.0	0.0	1.0
50_O-418	1.0	1.0	-0.0	0.0	1.0
510_O-418	1.0	1.0	-0.0	0.0	1.0
511_O-418	1.0	1.0	-0.0	0.0	1.0
512_O-418	1.0	1.0	-0.0	0.0	1.0
513_O-418	1.0	1.0	-0.0	0.0	1.0
514_O-418	1.0	1.0	-0.0	0.0	1.0
515_O-418	1.0	1.0	-0.0	0.0	1.0
516_O-418	1.0	1.0	-0.0	0.0	1.0
517_O-418	1.0	1.0	-0.0	0.0	1.0
518_O-418	1.0	1.0	-0.0	0.0	1.0
519_O-418	1.0	1.0	-0.0	0.0	1.0
51_O-418	1.0	1.0	-0.0	0.0	1.0
520_O-418	1.0	1.0	-0.0	0.0	1.0
521_O-418	1.0	1.0	-0.0	0.0	1.0
522_O-418	1.0	1.0	-0.0	0.0	1.0
523_O-418	1.0	1.0	-0.0	0.0	1.0
524_O-418	1.0	1.0	-0.0	0.0	1.0
525_O-418	1.0	1.0	-0.0	0.0	1.0
526_O-418	1.0	1.0	-0.0	0.0	1.0
527_O-418	1.0	1.0	-0.0	0.0	1.0
528_O-418	1.0	1.0	-0.0	0.0	1.0
529_O-418	1.0	1.0	-0.0	0.0	1.0
52_O-418	1.0	1.0	-0.0	0.0	1.0
530_O-418	1.0	1.0	-0.0	0.0	1.0
531_O-418	1.0	1.0	-0.0	0.0	1.0
532_O-418	1.0	1.0	-0.0	0.0	1.0
533_O-418	1.0	1.0	-0.0	0.0	1.0
534_O-418	1.0	1.0	-0.0	0.0	1.0
535_O-418	1.0	1.0	-0.0	0.0	1.0
536_O-418	1.0	1.0	-0.0	0.0	1.0
537_O-418	1.0	1.0	-0.0	0.0	1.0
538_O-418	1.0	1.0	-0.0	0.0	1.0
539_O-418	1.0	1.0	-0.0	0.0	1.0
53_O-418	1.0	1.0	-0.0	0.0	1.0
540_O-418	1.0	1.0	-0.0	0.0	1.0
541_O-418	1.0	1.0	-0.0	0.0	1.0
542_O-418	1.0	1.0	-0.0	0.0	1.0
543_O-418	1.0	1.0	-0.0	0.0	1.0
544_O-418	1.0	1.0	-0.0	0.0	1.0
545_O-418	1.0	1.0	-0.0	0.0	1.0
546_O-418	1.0	1.0	-0.0	0.0	1.0
547_O-418	1.0	1.0	-0.0	0.0	1.0
548_O-418	1.0	1.0	-0.0	0.0	1.0
549_O-418	1.0	1.0	-0.0	0.0	1.0
54_O-418	1.0	1.0	-0.0	0.0	1.0
550_O-418	1.0	1.0	-0.0	0.0	1.0
551_O-418	1.0	1.0	-0.0	0.0	1.0
552_O-418	1.0	1.0	-0.0	0.0	1.0
553_O-418	1.0	1.0	-0.0	0.0	1.0
554_O-418	1.0	1.0	-0.0	0.0	1.0
555_O-418	1.0	1.0	-0.0	0.0	1.0
556_O-418	1.0	1.0	-0.0	0.0	1.0
557_O-418	1.0	1.0	-0.0	0.0	1.0
558_O-418	1.0	1.0	-0.0	0.0	1.0
559_O-418	1.0	1.0	-0.0	0.0	1.0
55_O-418	1.0	1.0	-0.0	0.0	1.0
560_O-418	1.0	1.0	-0.0	0.0	1.0
561_O-418	1.0	1.0	-0.0	0.0	1.0
562_O-418	1.0	1.0	-0.0	0.0	1.0
563_O-418	1.0	1.0	-0.0	0.0	1.0
564_O-418	1.0	1.0	-0.0	0.0	1.0
565_O-418	1.0	1.0	-0.0	0.0	1.0
566_O-418	1.0	1.0	-0.0	0.0	1.0
567_O-418	1.0	1.0	-0.0	0.0	1.0
568_O-418	1.0	1.0	-0.0	0.0	1.0
569_O-418	1.0	1.0	-0.0	0.0	1.0
56_O-418	1.0	1.0	-0.0	0.0	1.0
570_O-418	1.0	1.0	-0.0	0.0	1.0
571_O-418	1.0	1.0	-0.0	0.0	1.0
572_O-418	1.0	1.0	-0.0	0.0	1.0
573_O-418	1.0	1.0	-0.0	0.0	1.0
574_O-418	1.0	1.0	-0.0	0.0	1.0
575_O-418	1.0	1.0	-0.0	0.0	1.0
576_O-418	1.0	1.0	-0.0	0.0	1.0
577_O-418	1.0	1.0	-0.0	0.0	1.0
578_O-418	1.0	1.0	-0.0	0.0	1.0
579_O-418	1.0	1.0	-0.0	0.0	1.0
57_O-418	1.0	1.0	-0.0	0.0	1.0
580_O-418	1.0	1.0	-0.0	0.0	1.0
581_O-418	1.0	1.0	-0.0	0.0	1.0
582_O-418	1.0	1.0	-0.0	0.0	1.0
583_O-418	1.0	1.0	-0.0	0.0	1.0
584_O-418	1.0	1.0	-0.0	0.0	1.0
585_O-418	1.0	1.0	-0.0	0.0	1.0
586_O-418	1.0	1.0	-0.0	0.0	1.0
587_O-418	1.0	1.0	-0.0	0.0	1.0
588_O-418	1.0	1.0	-0.0	0.0	1.0
589_O-418	1.0	1.0	-0.0	0.0	1.0
58_O-418	1.0	1.0	-0.0	0.0	1.0
590_O-418	1.0	1.0	-0.0	0.0	1.0
591_O-418	1.0	1.0	-0.0	0.0	1.0
592_O-418	1.0	1.0	-0.0	0.0	1.0
593_O-418	1.0	1.0	-0.0	0.0	1.0
594_O-418	1.0	1.0	-0.0	0.0	1.0
595_O-418	1.0	1.0	-0.0	0.0	1.0
596_O-418	1.0	1.0	-0.0	0.0	1.0
597_O-418	1.0	1.0	-0.0	0.0	1.0
598_O-418	1.0	1.0	-0.0	0.0	1.0
599_O-418	1.0	1.0	-0.0	0.0	1.0
59_O-418	1.0	1.0	-0.0	0.0	1.0
5_O-418	1.0	1.0	-0.0	0.0	1.0
600_O-418	1.0	1.0	-0.0	0.0	1.0
601_O-418	1.0	1.0	-0.0	0.0	1.0
602_O-418	1.0	1.0	-0.0	0.0	1.0
603_O-418	1.0	1.0	-0.0	0.0	1.0
604_O-418	1.0	1.0	-0.0	0.0	1.0
605_O-418	1.0	1.0	-0.0	0.0	1.0
606_O-418	1.0	1.0	-0.0	0.0	1.0
607_O-418	1.0	1.0	-0.0	0.0	1.0
608_O-418	1.0	1.0	-0.0	0.0	1.0
609_O-418	1.0	1.0	-0.0	0.0	1.0
60_O-418	1.0	1.0	-0.0	0.0	1.0
610_O-418	1.0	1.0	-0.0	0.0	1.0
611_O-418	1.0	1.0	-0.0	0.0	1.0
612_O-418	1.0	1.0	-0.0	0.0	1.0
613_O-418	1.0	1.0	-0.0	0.0	1.0
614_O-418	1.0	1.0	-0.0	0.0	1.0
615_O-418	1.0	1.0	-0.0	0.0	1.0
616_O-418	1.0	1.0	-0.0	0.0	1.0
617_O-418	1.0	1.0	-0.0	0.0	1.0
618_O-418	1.0	1.0	-0.0	0.0	1.0
619_O-418	1.0	1.0	-0.0	0.0	1.0
61_O-418	1.0	1.0	-0.0	0.0	1.0
620_O-418	1.0	1.0	-0.0	0.0	1.0
621_O-418	1.0	1.0	-0.0	0.0	1.0
622_O-418	1.0	1.0	-0.0	0.0	1.0
623_O-418	1.0	1.0	-0.0	0.0	1.0
624_O-418	1.0	1.0	-0.0	0.0	1.0
625_O-418	1.0	1.0	-0.0	0.0	1.0
626_O-418	1.0	1.0	-0.0	0.0	1.0
627_O-418	1.0	1.0	-0.0	0.0	1.0
628_O-418	1.0	1.0	-0.0	0.0	1.0
629_O-418	1.0	1.0	-0.0	0.0	1.0
62_O-418	1.0	1.0	-0.0	0.0	1.0
630_O-418	1.0	1.0	-0.0	0.0	1.0
631_O-418	1.0	1.0	-0.0	0.0	1.0
632_O-418	1.0	1.0	-0.0	0.0	1.0
633_O-418	1.0	1.0	-0.0	0.0	1.0
634_O-418	1.0	1.0	-0.0	0.0	1.0
635_O-418	1.0	1.0	-0.0	0.0	1.0
636_O-418	1.0	1.0	-0.0	0.0	1.0
637_O-418	1.0	1.0	-0.0	0.0	1.0
638_O-418	1.0	1.0	-0.0	0.0	1.0
639_O-418	1.0	1.0	-0.0	0.0	1.0
63_O-418	1.0	1.0	-0.0	0.0	1.0
640_O-418	1.0	1.0	-0.0	0.0	1.0
641_O-418	1.0	1.0	-0.0	0.0	1.0
642_O-418	1.0	1.0	-0.0	0.0	1.0
643_O-418	1.0	1.0	-0.0	0.0	1.0
644_O-418	1.0	1.0	-0.0	0.0	1.0
645_O-418	1.0	1.0	-0.0	0.0	1.0
646_O-418	1.0	1.0	-0.0	0.0	1.0
647_O-418	1.0	1.0	-0.0	0.0	1.0
648_O-418	1.0	1.0	-0.0	0.0	1.0
649_O-418	1.0	1.0	-0.0	0.0	1.0
64_O-418	1.0	1.0	-0.0	0.0	1.0
650_O-418	1.0	1.0	-0.0	0.0	1.0
651_O-418	1.0	1.0	-0.0	0.0	1.0
652_O-418	1.0	1.0	-0.0	0.0	1.0
653_O-418	1.0	1.0	-0.0	0.0	1.0
654_O-418	1.0	1.0	-0.0	0.0	1.0
655_O-418	1.0	1.0	-0.0	0.0	1.0
656_O-418	1.0	1.0	-0.0	0.0	1.0
657_O-418	1.0	1.0	-0.0	0.0	1.0
658_O-418	1.0	1.0	-0.0	0.0	1.0
659_O-418	1.0	1.0	-0.0	0.0	1.0
65_O-418	1.0	1.0	-0.0	0.0	1.0
660_O-418	1.0	1.0	-0.0	0.0	1.0
661_O-418	1.0	1.0	-0.0	0.0	1.0
662_O-418	1.0	1.0	-0.0	0.0	1.0
663_O-418	1.0	1.0	-0.0	0.0	1.0
664_O-418	1.0	1.0	-0.0	0.0	1.0
665_O-418	1.0	1.0	-0.0	0.0	1.0
666_O-418	1.0	1.0	-0.0	0.0	1.0
667_O-418	1.0	1.0	-0.0	0.0	1.0
668_O-418	1.0	1.0	-0.0	0.0	1.0
669_O-418	1.0	1.0	-0.0	0.0	1.0
66_O-418	1.0	1.0	-0.0	0.0	1.0
670_O-418	1.0	1.0	-0.0	0.0	1.0
671_O-418	1.0	1.0	-0.0	0.0	1.0
672_O-418	1.0	1.0	-0.0	0.0	1.0
673_O-418	1.0	1.0	-0.0	0.0	1.0
674_O-418	1.0	1.0	-0.0	0.0	1.0
675_O-418	1.0	1.0	-0.0	0.0	1.0
676_O-418	1.0	1.0	-0.0	0.0	1.0
677_O-418	1.0	1.0	-0.0	0.0	1.0
678_O-418	1.0	1.0	-0.0	0.0	1.0
679_O-418	1.0	1.0	-0.0	0.0	1.0
67_O-418	1.0	1.0	-0.0	0.0	1.0
680_O-418	1.0	1.0	-0.0	0.0	1.0
681_O-418	1.0	1.0	-0.0	0.0	1.0
682_O-418	1.0	1.0	-0.0	0.0	1.0
683_O-418	1.0	1.0	-0.0	0.0	1.0
684_O-418	1.0	1.0	-0.0	0.0	1.0
685_O-418	1.0	1.0	-0.0	0.0	1.0
686_O-418	1.0	1.0	-0.0	0.0	1.0
687_O-418	1.0	1.0	-0.0	0.0	1.0
688_O-418	1.0	1.0	-0.0	0.0	1.0
689_O-418	1.0	1.0	-0.0	0.0	1.0
68_O-418	1.0	1.0	-0.0	0.0	1.0
690_O-418	1.0	1.0	-0.0	0.0	1.0
691_O-418	1.0	1.0	-0.0	0.0	1.0
692_O-418	1.0	1.0	-0.0	0.0	1.0
693_O-418	1.0	1.0	-0.0	0.0	1.0
694_O-418	1.0	1.0	-0.0	0.0	1.0
695_O-418	1.0	1.0	-0.0	0.0	1.0
696_O-418	1.0	1.0	-0.0	0.0	1.0
697_O-418	1.0	1.0	-0.0	0.0	1.0
698_O-418	1.0	1.0	-0.0	0.0	1.0
699_O-418	1.0	1.0	-0.0	0.0	1.0
69_O-418	1.0	1.0	-0.0	0.0	1.0
6_O-418	1.0	1.0	-0.0	0.0	1.0
700_O-418	1.0	1.0	-0.0	0.0	1.0
701_O-418	1.0	1.0	-0.0	0.0	1.0
702_O-418	1.0	1.0	-0.0	0.0	1.0
703_O-418	1.0	1.0	-0.0	0.0	1.0
704_O-418	1.0	1.0	-0.0	0.0	1.0
705_O-418	1.0	1.0	-0.0	0.0	1.0
706_O-418	1.0	1.0	-0.0	0.0	1.0
707_O-418	1.0	1.0	-0.0	0.0	1.0
708_O-418	1.0	1.0	-0.0	0.0	1.0
709_O-418	1.0	1.0	-0.0	0.0	1.0
70_O-418	1.0	1.0	-0.0	0.0	1.0
710_O-418	1.0	1.0	-0.0	0.0	1.0
711_O-418	1.0	1.0	-0.0	0.0	1.0
712_O-418	1.0	1.0	-0.0	0.0	1.0
713_O-418	1.0	1.0	-0.0	0.0	1.0
714_O-418	1.0	1.0	-0.0	0.0	1.0
715_O-418	1.0	1.0	-0.0	0.0	1.0
716_O-418	1.0	1.0	-0.0	0.0	1.0
717_O-418	1.0	1.0	-0.0	0.0	1.0
718_O-418	1.0	1.0	-0.0	0.0	1.0
719_O-418	1.0	1.0	-0.0	0.0	1.0
71_O-418	1.0	1.0	-0.0	0.0	1.0
720_O-418	1.0	1.0	-0.0	0.0	1.0
721_O-418	1.0	1.0	-0.0	0.0	1.0
722_O-418	1.0	1.0	-0.0	0.0	1.0
723_O-418	1.0	1.0	-0.0	0.0	1.0
724_O-418	1.0	1.0	-0.0	0.0	1.0
725_O-418	1.0	1.0	-0.0	0.0	1.0
726_O-418	1.0	1.0	-0.0	0.0	1.0
727_O-418	1.0	1.0	-0.0	0.0	1.0
728_O-418	1.0	1.0	-0.0	0.0	1.0
729_O-418	1.0	1.0	-0.0	0.0	1.0
72_O-418	1.0	1.0	-0.0	0.0	1.0
730_O-418	1.0	1.0	-0.0	0.0	1.0
731_O-418	1.0	1.0	-0.0	0.0	1.0
732_O-418	1.0	1.0	-0.0	0.0	1.0
733_O-418	1.0	1.0	-0.0	0.0	1.0
734_O-418	1.0	1.0	-0.0	0.0	1.0
735_O-418	1.0	1.0	-0.0	0.0	1.0
736_O-418	1.0	1.0	-0.0	0.0	1.0
737_O-418	1.0	1.0	-0.0	0.0	1.0
738_O-418	1.0	1.0	-0.0	0.0	1.0
739_O-418	1.0	1.0	-0.0	0.0	1.0
73_O-418	1.0	1.0	-0.0	0.0	1.0
740_O-418	1.0	1.0	-0.0	0.0	1.0
741_O-418	1.0	1.0	-0.0	0.0	1.0
742_O-418	1.0	1.0	-0.0	0.0	1.0
743_O-418	1.0	1.0	-0.0	0.0	1.0
744_O-418	1.0	1.0	-0.0	0.0	1.0
745_O-418	1.0	1.0	-0.0	0.0	1.0
746_O-418	1.0	1.0	-0.0	0.0	1.0
747_O-418	1.0	1.0	-0.0	0.0	1.0
748_O-418	1.0	1.0	-0.0	0.0	1.0
749_O-418	1.0	1.0	-0.0	0.0	1.0
74_O-418	1.0	1.0	-0.0	0.0	1.0
750_O-418	1.0	1.0	-0.0	0.0	1.0
751_O-418	1.0	1.0	-0.0	0.0	1.0
752_O-418	1.0	1.0	-0.0	0.0	1.0
753_O-418	1.0	1.0	-0.0	0.0	1.0
754_O-418	1.0	1.0	-0.0	0.0	1.0
755_O-418	1.0	1.0	-0.0	0.0	1.0
756_O-418	1.0	1.0	-0.0	0.0	1.0
757_O-418	1.0	1.0	-0.0	0.0	1.0
758_O-418	1.0	1.0	-0.0	0.0	1.0
759_O-418	1.0	1.0	-0.0	0.0	1.0
75_O-418	1.0	1.0	-0.0	0.0	1.0
760_O-418	1.0	1.0	-0.0	0.0	1.0
761_O-418	1.0	1.0	-0.0	0.0	1.0
762_O-418	1.0	1.0	-0.0	0.0	1.0
763_O-418	1.0	1.0	-0.0	0.0	1.0
764_O-418	1.0	1.0	-0.0	0.0	1.0
765_O-418	1.0	1.0	-0.0	0.0	1.0
766_O-418	1.0	1.0	-0.0	0.0	1.0
767_O-418	1.0	1.0	-0.0	0.0	1.0
768_O-418	1.0	1.0	-0.0	0.0	1.0
769_O-418	1.0	1.0	-0.0	0.0	1.0
76_O-418	1.0	1.0	-0.0	0.0	1.0
770_O-418	1.0	1.0	-0.0	0.0	1.0
771_O-418	1.0	1.0	-0.0	0.0	1.0
772_O-418	1.0	1.0	-0.0	0.0	1.0
773_O-418	1.0	1.0	-0.0	0.0	1.0
774_O-418	1.0	1.0	-0.0	0.0	1.0
775_O-418	1.0	1.0	-0.0	0.0	1.0
776_O-418	1.0	1.0	-0.0	0.0	1.0
777_O-418	1.0	1.0	-0.0	0.0	1.0
778_O-418	1.0	1.0	-0.0	0.0	1.0
779_O-418	1.0	1.0	-0.0	0.0	1.0
77_O-418	1.0	1.0	-0.0	0.0	1.0
780_O-418	1.0	1.0	-0.0	0.0	1.0
781_O-418	1.0	1.0	-0.0	0.0	1.0
782_O-418	1.0	1.0	-0.0	0.0	1.0
783_O-418	1.0	1.0	-0.0	0.0	1.0
784_O-418	1.0	1.0	-0.0	0.0	1.0
785_O-418	1.0	1.0	-0.0	0.0	1.0
786_O-418	1.0	1.0	-0.0	0.0	1.0
787_O-418	1.0	1.0	-0.0	0.0	1.0
788_O-418	1.0	1.0	-0.0	0.0	1.0
789_O-418	1.0	1.0	-0.0	0.0	1.0
78_O-418	1.0	1.0	-0.0	0.0	1.0
790_O-418	1.0	1.0	-0.0	0.0	1.0
791_O-418	1.0	1.0	-0.0	0.0	1.0
792_O-418	1.0	1.0	-0.0	0.0	1.0
793_O-418	1.0	1.0	-0.0	0.0	1.0
794_O-418	1.0	1.0	-0.0	0.0	1.0
795_O-418	1.0	1.0	-0.0	0.0	1.0
796_O-418	1.0	1.0	-0.0	0.0	1.0
797_O-418	1.0	1.0	-0.0	0.0	1.0
798_O-418	1.0	1.0	-0.0	0.0	1.0
799_O-418	1.0	1.0	-0.0	0.0	1.0
79_O-418	1.0	1.0	-0.0	0.0	1.0
7_O-418	1.0	1.0	-0.0	0.0	1.0
800_O-418	1.0	1.0	-0.0	0.0	1.0
801_O-418	1.0	1.0	-0.0	0.0	1.0
802_O-418	1.0	1.0	-0.0	0.0	1.0
803_O-418	1.0	1.0	-0.0	0.0	1.0
804_O-418	1.0	1.0	-0.0	0.0	1.0
805_O-418	1.0	1.0	-0.0	0.0	1.0
806_O-418	1.0	1.0	-0.0	0.0	1.0
807_O-418	1.0	1.0	-0.0	0.0	1.0
808_O-418	1.0	1.0	-0.0	0.0	1.0
809_O-418	1.0	1.0	-0.0	0.0	1.0
80_O-418	1.0	1.0	-0.0	0.0	1.0
810_O-418	1.0	1.0	-0.0	0.0	1.0
811_O-418	1.0	1.0	-0.0	0.0	1.0
812_O-418	1.0	1.0	-0.0	0.0	1.0
813_O-418	1.0	1.0	-0.0	0.0	1.0
814_O-418	1.0	1.0	-0.0	0.0	1.0
815_O-418	1.0	1.0	-0.0	0.0	1.0
816_O-418	1.0	1.0	-0.0	0.0	1.0
817_O-418	1.0	1.0	-0.0	0.0	1.0
818_O-418	1.0	1.0	-0.0	0.0	1.0
819_O-418	1.0	1.0	-0.0	0.0	1.0
81_O-418	1.0	1.0	-0.0	0.0	1.0
820_O-418	1.0	1.0	-0.0	0.0	1.0
821_O-418	1.0	1.0	-0.0	0.0	1.0
822_O-418	1.0	1.0	-0.0	0.0	1.0
823_O-418	1.0	1.0	-0.0	0.0	1.0
824_O-418	1.0	1.0	-0.0	0.0	1.0
825_O-418	1.0	1.0	-0.0	0.0	1.0
826_O-418	1.0	1.0	-0.0	0.0	1.0
827_O-418	1.0	1.0	-0.0	0.0	1.0
828_O-418	1.0	1.0	-0.0	0.0	1.0
829_O-418	1.0	1.0	-0.0	0.0	1.0
82_O-418	1.0	1.0	-0.0	0.0	1.0
830_O-418	1.0	1.0	-0.0	0.0	1.0
831_O-418	1.0	1.0	-0.0	0.0	1.0
832_O-418	1.0	1.0	-0.0	0.0	1.0
833_O-418	1.0	1.0	-0.0	0.0	1.0
834_O-418	1.0	1.0	-0.0	0.0	1.0
835_O-418	1.0	1.0	-0.0	0.0	1.0
836_O-418	1.0	1.0	-0.0	0.0	1.0
837_O-418	1.0	1.0	-0.0	0.0	1.0
838_O-418	1.0	1.0	-0.0	0.0	1.0
839_O-418	1.0	1.0	-0.0	0.0	1.0
83_O-418	1.0	1.0	-0.0	0.0	1.0
840_O-418	1.0	1.0	-0.0	0.0	1.0
841_O-418	1.0	1.0	-0.0	0.0	1.0
842_O-418	1.0	1.0	-0.0	0.0	1.0
843_O-418	1.0	1.0	-0.0	0.0	1.0
844_O-418	1.0	1.0	-0.0	0.0	1.0
845_O-418	1.0	1.0	-0.0	0.0	1.0
846_O-418	1.0	1.0	-0.0	0.0	1.0
847_O-418	1.0	1.0	-0.0	0.0	1.0
848_O-418	1.0	1.0	-0.0	0.0	1.0
849_O-418	1.0	1.0	-0.0	0.0	1.0
84_O-418	1.0	1.0	-0.0	0.0	1.0
850_O-418	1.0	1.0	-0.0	0.0	1.0
851_O-418	1.0	1.0	-0.0	0.0	1.0
852_O-418	1.0	1.0	-0.0	0.0	1.0
853_O-418	1.0	1.0	-0.0	0.0	1.0
854_O-418	1.0	1.0	-0.0	0.0	1.0
855_O-418	1.0	1.0	-0.0	0.0	1.0
856_O-418	1.0	1.0	-0.0	0.0	1.0
857_O-418	1.0	1.0	-0.0	0.0	1.0
858_O-418	1.0	1.0	-0.0	0.0	1.0
859_O-418	1.0	1.0	-0.0	0.0	1.0
85_O-418	1.0	1.0	-0.0	0.0	1.0
860_O-418	1.0	1.0	-0.0	0.0	1.0
861_O-418	1.0	1.0	-0.0	0.0	1.0
862_O-418	1.0	1.0	-0.0	0.0	1.0
863_O-418	1.0	1.0	-0.0	0.0	1.0
864_O-418	1.0	1.0	-0.0	0.0	1.0
865_O-418	1.0	1.0	-0.0	0.0	1.0
866_O-418	1.0	1.0	-0.0	0.0	1.0
867_O-418	1.0	1.0	-0.0	0.0	1.0
868_O-418	1.0	1.0	-0.0	0.0	1.0
869_O-418	1.0	1.0	-0.0	0.0	1.0
86_O-418	1.0	1.0	-0.0	0.0	1.0
870_O-418	1.0	1.0	-0.0	0.0	1.0
871_O-418	1.0	1.0	-0.0	0.0	1.0
872_O-418	1.0	1.0	-0.0	0.0	1.0
873_O-418	1.0	1.0	-0.0	0.0	1.0
874_O-418	1.0	1.0	-0.0	0.0	1.0
875_O-418	1.0	1.0	-0.0	0.0	1.0
876_O-418	1.0	1.0	-0.0	0.0	1.0
877_O-418	1.0	1.0	-0.0	0.0	1.0
878_O-418	1.0	1.0	-0.0	0.0	1.0
879_O-418	1.0	1.0	-0.0	0.0	1.0
87_O-418	1.0	1.0	-0.0	0.0	1.0
880_O-418	1.0	1.0	-0.0	0.0	1.0
881_O-418	1.0	1.0	-0.0	0.0	1.0
882_O-418	1.0	1.0	-0.0	0.0	1.0
883_O-418	1.0	1.0	-0.0	0.0	1.0
884_O-418	1.0	1.0	-0.0	0.0	1.0
885_O-418	1.0	1.0	-0.0	0.0	1.0
886_O-418	1.0	1.0	-0.0	0.0	1.0
887_O-418	1.0	1.0	-0.0	0.0	1.0
888_O-418	1.0	1.0	-0.0	0.0	1.0
889_O-418	1.0	1.0	-0.0	0.0	1.0
88_O-418	1.0	1.0	-0.0	0.0	1.0
890_O-418	1.0	1.0	-0.0	0.0	1.0
891_O-418	1.0	1.0	-0.0	0.0	1.0
892_O-418	1.0	1.0	-0.0	0.0	1.0
893_O-418	1.0	1.0	-0.0	0.0	1.0
894_O-418	1.0	1.0	-0.0	0.0	1.0
895_O-418	1.0	1.0	-0.0	0.0	1.0
896_O-418	1.0	1.0	-0.0	0.0	1.0
897_O-418	1.0	1.0	-0.0	0.0	1.0
898_O-418	1.0	1.0	-0.0	0.0	1.0
899_O-418	1.0	1.0	-0.0	0.0	1.0
89_O-418	1.0	1.0	-0.0	0.0	1.0
8_O-418	1.0	1.0	-0.0	0.0	1.0
900_O-418	1.0	1.0	-0.0	0.0	1.0
901_O-418	1.0	1.0	-0.0	0.0	1.0
902_O-418	1.0	1.0	-0.0	0.0	1.0
903_O-418	1.0	1.0	-0.0	0.0	1.0
904_O-418	1.0	1.0	-0.0	0.0	1.0
905_O-418	1.0	1.0	-0.0	0.0	1.0
906_O-418	1.0	1.0	-0.0	0.0	1.0
907_O-418	1.0	1.0	-0.0	0.0	1.0
908_O-418	1.0	1.0	-0.0	0.0	1.0
909_O-418	1.0	1.0	-0.0	0.0	1.0
90_O-418	1.0	1.0	-0.0	0.0	1.0
910_O-418	1.0	1.0	-0.0	0.0	1.0
911_O-418	1.0	1.0	-0.0	0.0	1.0
912_O-418	1.0	1.0	-0.0	0.0	1.0
913_O-418	1.0	1.0	-0.0	0.0	1.0
914_O-418	1.0	1.0	-0.0	0.0	1.0
915_O-418	1.0	1.0	-0.0	0.0	1.0
916_O-418	1.0	1.0	-0.0	0.0	1.0
917_O-418	1.0	1.0	-0.0	0.0	1.0
918_O-418	1.0	1.0	-0.0	0.0	1.0
919_O-418	1.0	1.0	-0.0	0.0	1.0
91_O-418	1.0	1.0	-0.0	0.0	1.0
920_O-418	1.0	1.0	-0.0	0.0	1.0
921_O-418	1.0	1.0	-0.0	0.0	1.0
922_O-418	1.0	1.0	-0.0	0.0	1.0
923_O-418	1.0	1.0	-0.0	0.0	1.0
924_O-418	1.0	1.0	-0.0	0.0	1.0
925_O-418	1.0	1.0	-0.0	0.0	1.0
926_O-418	1.0	1.0	-0.0	0.0	1.0
927_O-418	1.0	1.0	-0.0	0.0	1.0
928_O-418	1.0	1.0	-0.0	0.0	1.0
929_O-418	1.0	1.0	-0.0	0.0	1.0
92_O-418	1.0	1.0	-0.0	0.0	1.0
930_O-418	1.0	1.0	-0.0	0.0	1.0
931_O-418	1.0	1.0	-0.0	0.0	1.0
932_O-418	1.0	1.0	-0.0	0.0	1.0
933_O-418	1.0	1.0	-0.0	0.0	1.0
934_O-418	1.0	1.0	-0.0	0.0	1.0
935_O-418	1.0	1.0	-0.0	0.0	1.0
936_O-418	1.0	1.0	-0.0	0.0	1.0
937_O-418	1.0	1.0	-0.0	0.0	1.0
938_O-418	1.0	1.0	-0.0	0.0	1.0
939_O-418	1.0	1.0	-0.0	0.0	1.0
93_O-418	1.0	1.0	-0.0	0.0	1.0
940_O-418	1.0	1.0	-0.0	0.0	1.0
941_O-418	1.0	1.0	-0.0	0.0	1.0
942_O-418	1.0	1.0	-0.0	0.0	1.0
943_O-418	1.0	1.0	-0.0	0.0	1.0
944_O-418	1.0	1.0	-0.0	0.0	1.0
945_O-418	1.0	1.0	-0.0	0.0	1.0
946_O-418	1.0	1.0	-0.0	0.0	1.0
947_O-418	1.0	1.0	-0.0	0.0	1.0
948_O-418	1.0	1.0	-0.0	0.0	1.0
949_O-418	1.0	1.0	-0.0	0.0	1.0
94_O-418	1.0	1.0	-0.0	0.0	1.0
950_O-418	1.0	1.0	-0.0	0.0	1.0
951_O-418	1.0	1.0	-0.0	0.0	1.0
952_O-418	1.0	1.0	-0.0	0.0	1.0
953_O-418	1.0	1.0	-0.0	0.0	1.0
954_O-418	1.0	1.0	-0.0	0.0	1.0
955_O-418	1.0	1.0	-0.0	0.0	1.0
956_O-418	1.0	1.0	-0.0	0.0	1.0
957_O-418	1.0	1.0	-0.0	0.0	1.0
958_O-418	1.0	1.0	-0.0	0.0	1.0
959_O-418	1.0	1.0	-0.0	0.0	1.0
95_O-418	1.0	1.0	-0.0	0.0	1.0
960_O-418	1.0	1.0	-0.0	0.0	1.0
961_O-418	1.0	1.0	-0.0	0.0	1.0
962_O-418	1.0	1.0	-0.0	0.0	1.0
963_O-418	1.0	1.0	-0.0	0.0	1.0
964_O-418	1.0	1.0	-0.0	0.0	1.0
965_O-418	1.0	1.0	-0.0	0.0	1.0
966_O-418	1.0	1.0	-0.0	0.0	1.0
967_O-418	1.0	1.0	-0.0	0.0	1.0
968_O-418	1.0	1.0	-0.0	0.0	1.0
969_O-418	1.0	1.0	-0.0	0.0	1.0
96_O-418	1.0	1.0	-0.0	0.0	1.0
970_O-418	1.0	1.0	-0.0	0.0	1.0
971_O-418	1.0	1.0	-0.0	0.0	1.0
972_O-418	1.0	1.0	-0.0	0.0	1.0
973_O-418	1.0	1.0	-0.0	0.0	1.0
974_O-418	1.0	1.0	-0.0	0.0	1.0
975_O-418	1.0	1.0	-0.0	0.0	1.0
976_O-418	1.0	1.0	-0.0	0.0	1.0
977_O-418	1.0	1.0	-0.0	0.0	1.0
978_O-418	1.0	1.0	-0.0	0.0	1.0
979_O-418	1.0	1.0	-0.0	0.0	1.0
97_O-418	1.0	1.0	-0.0	0.0	1.0
980_O-418	1.0	1.0	-0.0	0.0	1.0
981_O-418	1.0	1.0	-0.0	0.0	1.0
982_O-418	1.0	1.0	-0.0	0.0	1.0
983_O-418	1.0	1.0	-0.0	0.0	1.0
984_O-418	1.0	1.0	-0.0	0.0	1.0
985_O-418	1.0	1.0	-0.0	0.0	1.0
986_O-418	1.0	1.0	-0.0	0.0	1.0
987_O-418	1.0	1.0	-0.0	0.0	1.0
988_O-418	1.0	1.0	-0.0	0.0	1.0
989_O-418	1.0	1.0	-0.0	0.0	1.0
98_O-418	1.0	1.0	-0.0	0.0	1.0
990_O-418	1.0	1.0	-0.0	0.0	1.0
991_O-418	1.0	1.0	-0.0	0.0	1.0
992_O-418	1.0	1.0	-0.0	0.0	1.0
993_O-418	1.0	1.0	-0.0	0.0	1.0
994_O-418	1.0	1.0	-0.0	0.0	1.0
995_O-418	1.0	1.0	-0.0	0.0	1.0
996_O-418	1.0	1.0	-0.0	0.0	1.0
997_O-418	1.0	1.0	-0.0	0.0	1.0
998_O-418	1.0	1.0	-0.0	0.0	1.0
999_O-418	1.0	1.0	-0.0	0.0	1.0
99_O-418	1.0	1.0	-0.0	0.0	1.0
9_O-418	1.0	1.0	-0.0	0.0	1.0
