	chao1	observed_otus	shannon	simpson	goods_coverage
1000_H-314	4.0	4.0	1.606690272689575	0.6280180702664754	1.0
100_H-314	4.0	4.0	1.5716142371715482	0.6189275378061933	1.0
101_H-314	4.0	4.0	1.595225555028896	0.621226458288819	1.0
102_H-314	4.0	4.0	1.56396694881688	0.6086020387707979	1.0
103_H-314	4.0	4.0	1.6031061873608843	0.62727215767086	1.0
104_H-314	4.0	4.0	1.5586632793489097	0.6130460189919649	1.0
105_H-314	4.0	4.0	1.5840461287986256	0.6247790682994572	1.0
106_H-314	4.0	4.0	1.5448933690548392	0.6107085463842221	1.0
107_H-314	4.0	4.0	1.5288021332014656	0.6045334065885113	1.0
108_H-314	4.0	4.0	1.593794924732082	0.621420353951819	1.0
109_H-314	4.0	4.0	1.5785822890286147	0.6203591836734694	1.0
10_H-314	4.0	4.0	1.541536233166477	0.6084862939258544	1.0
110_H-314	4.0	4.0	1.564823953080115	0.614945215485756	1.0
111_H-314	4.0	4.0	1.5342172441022255	0.6047847494003282	1.0
112_H-314	4.0	4.0	1.5189519754817724	0.6006678942604788	1.0
113_H-314	4.0	4.0	1.6052070944802963	0.6265805301848965	1.0
114_H-314	4.0	4.0	1.567690846845618	0.6109104938271606	1.0
115_H-314	4.0	4.0	1.6114429552584557	0.6306504799465338	1.0
116_H-314	4.0	4.0	1.6279946639231422	0.6303672876205575	1.0
117_H-314	4.0	4.0	1.5981318752957538	0.6230662413210734	1.0
118_H-314	4.0	4.0	1.5932587451843012	0.6184107861802066	1.0
119_H-314	4.0	4.0	1.5776578702233273	0.6181592403214025	1.0
11_H-314	4.0	4.0	1.5964589727460115	0.623712469866316	1.0
120_H-314	4.0	4.0	1.6326007169243033	0.6297026890544123	1.0
121_H-314	4.0	4.0	1.542777937179581	0.6082407524302487	1.0
122_H-314	4.0	4.0	1.5760785626437648	0.6183875446398741	1.0
123_H-314	4.0	4.0	1.5764388941668155	0.6186285714285714	1.0
124_H-314	4.0	4.0	1.562142618666403	0.6123390532683661	1.0
125_H-314	4.0	4.0	1.5768387932621262	0.6204875165228529	1.0
126_H-314	4.0	4.0	1.5923231718026005	0.61731941651505	1.0
127_H-314	4.0	4.0	1.5917077358199148	0.6225142045454546	1.0
128_H-314	4.0	4.0	1.5535664486631156	0.6144996167535611	1.0
129_H-314	4.0	4.0	1.5615421740918387	0.61273056396492	1.0
12_H-314	4.0	4.0	1.5648692536430415	0.6157935570922584	1.0
130_H-314	4.0	4.0	1.6008979356248834	0.6248523732005491	1.0
131_H-314	4.0	4.0	1.5598642329452745	0.6132527084908037	1.0
132_H-314	4.0	4.0	1.5845536738184103	0.6207991209059552	1.0
133_H-314	4.0	4.0	1.5846572689515472	0.6225614364374756	1.0
134_H-314	4.0	4.0	1.62475174469709	0.629946096085493	1.0
135_H-314	4.0	4.0	1.5644637227010778	0.6121654582511945	1.0
136_H-314	4.0	4.0	1.5834804910289229	0.6129239034217515	1.0
137_H-314	4.0	4.0	1.5857057400132009	0.6235914076720136	1.0
138_H-314	4.0	4.0	1.616762435828833	0.6253619799182	1.0
139_H-314	4.0	4.0	1.6105835854194859	0.6294591304890609	1.0
13_H-314	4.0	4.0	1.5834269156951364	0.6208612873191148	1.0
140_H-314	4.0	4.0	1.5819082629621768	0.6150351823574098	1.0
141_H-314	4.0	4.0	1.5746341663414283	0.6169859319952813	1.0
142_H-314	4.0	4.0	1.567453632350075	0.6188623025459304	1.0
143_H-314	4.0	4.0	1.570414786840007	0.613509854069505	1.0
144_H-314	4.0	4.0	1.5514006698440002	0.6131859647116017	1.0
145_H-314	4.0	4.0	1.5414475165779788	0.6114632878391695	1.0
146_H-314	4.0	4.0	1.612860396092103	0.625272763340607	1.0
147_H-314	4.0	4.0	1.577759706588901	0.6172434085773861	1.0
148_H-314	4.0	4.0	1.5886198430289311	0.6201610393946984	1.0
149_H-314	4.0	4.0	1.5487147882284402	0.6058179012345679	1.0
14_H-314	4.0	4.0	1.6027516692139794	0.6209706666666668	1.0
150_H-314	4.0	4.0	1.5439897645863652	0.6110598148679789	1.0
151_H-314	4.0	4.0	1.5580830703652007	0.6151433691756272	1.0
152_H-314	4.0	4.0	1.5685237794087035	0.6095152354570638	1.0
153_H-314	4.0	4.0	1.5879038632118194	0.6215169383743786	1.0
154_H-314	4.0	4.0	1.5892083273813324	0.6196279766549109	1.0
155_H-314	4.0	4.0	1.59543213696944	0.619280687656756	1.0
156_H-314	4.0	4.0	1.584876026193572	0.623256310857422	1.0
157_H-314	4.0	4.0	1.6305295005683142	0.6329750006998685	1.0
158_H-314	4.0	4.0	1.6484885067780093	0.636960232199414	1.0
159_H-314	4.0	4.0	1.6068089539827057	0.6273266562228541	1.0
15_H-314	4.0	4.0	1.5176438412963862	0.6004638671875	1.0
160_H-314	4.0	4.0	1.6165877637706687	0.6308360688641559	1.0
161_H-314	4.0	4.0	1.4993407679965502	0.5962758189783568	1.0
162_H-314	4.0	4.0	1.5962425492865358	0.6211596967439659	1.0
163_H-314	4.0	4.0	1.5480224713915824	0.6109245749519245	1.0
164_H-314	4.0	4.0	1.5954869661603654	0.6213836881766165	1.0
165_H-314	4.0	4.0	1.6156464625090623	0.6332682152559446	1.0
166_H-314	4.0	4.0	1.6183038087693231	0.6281852563705127	1.0
167_H-314	4.0	4.0	1.5523487979623678	0.6101617777777777	1.0
168_H-314	4.0	4.0	1.5982408273860944	0.6240456967100565	1.0
169_H-314	4.0	4.0	1.5319106165631757	0.6031359999999999	1.0
16_H-314	4.0	4.0	1.5372944023827642	0.6019128888888889	1.0
170_H-314	4.0	4.0	1.558671889249693	0.6183326265552114	1.0
171_H-314	4.0	4.0	1.5818171873506328	0.6189058171745152	1.0
172_H-314	4.0	4.0	1.5631119425522655	0.6092515555555555	1.0
173_H-314	4.0	4.0	1.57916417709862	0.6180188166661901	1.0
174_H-314	4.0	4.0	1.5053517149100606	0.60041271410525	1.0
175_H-314	4.0	4.0	1.6126940637679552	0.6300861163621088	1.0
176_H-314	4.0	4.0	1.5615791105897028	0.6179470820041283	1.0
177_H-314	4.0	4.0	1.5583157349608836	0.6129465834200486	1.0
178_H-314	4.0	4.0	1.5734210738587548	0.6134977659702935	1.0
179_H-314	4.0	4.0	1.5611438076172983	0.6120360110803323	1.0
17_H-314	4.0	4.0	1.521993669032755	0.6045603426555808	1.0
180_H-314	4.0	4.0	1.5894320042920926	0.621024784970575	1.0
181_H-314	4.0	4.0	1.5357473466427423	0.5999365164221993	1.0
182_H-314	4.0	4.0	1.5587315455175013	0.6142287439134554	1.0
183_H-314	4.0	4.0	1.6094903421301285	0.632538046422616	1.0
184_H-314	4.0	4.0	1.557548035748785	0.6116722872445943	1.0
185_H-314	4.0	4.0	1.572682803323352	0.6172872257420181	1.0
186_H-314	4.0	4.0	1.5874050310594474	0.6225430685628397	1.0
187_H-314	4.0	4.0	1.5178887908309129	0.6049062380955803	1.0
188_H-314	4.0	4.0	1.6026155166607947	0.6228802653779062	1.0
189_H-314	4.0	4.0	1.58308767680969	0.6162903031034899	1.0
18_H-314	4.0	4.0	1.5941671736635574	0.6263671235928461	1.0
190_H-314	4.0	4.0	1.5530435661017423	0.6119467394801058	1.0
191_H-314	4.0	4.0	1.522591716288506	0.5977847771761766	1.0
192_H-314	4.0	4.0	1.6205742631197657	0.6329125079868685	1.0
193_H-314	4.0	4.0	1.5996749098525511	0.6220913530594657	1.0
194_H-314	4.0	4.0	1.5115347437492526	0.5963038714390065	1.0
195_H-314	4.0	4.0	1.5448514710853594	0.6017134296682376	1.0
196_H-314	4.0	4.0	1.560855068407181	0.6141774616575003	1.0
197_H-314	4.0	4.0	1.5031862353860026	0.5896363826047878	1.0
198_H-314	4.0	4.0	1.54127974703134	0.6102052204104408	1.0
199_H-314	4.0	4.0	1.5874892731855375	0.623452227549532	1.0
19_H-314	4.0	4.0	1.5307070871849378	0.6002091415078429	1.0
1_H-314	4.0	4.0	1.615027264391901	0.6276467352484791	1.0
200_H-314	4.0	4.0	1.5822111476320204	0.6195342222222223	1.0
201_H-314	4.0	4.0	1.5616198779897013	0.6155151060236442	1.0
202_H-314	4.0	4.0	1.6009414543907718	0.6233462413089124	1.0
203_H-314	4.0	4.0	1.6091899395249412	0.6283558690966098	1.0
204_H-314	4.0	4.0	1.5888084635770077	0.6228508897555101	1.0
205_H-314	4.0	4.0	1.5709707980168541	0.6167393031353711	1.0
206_H-314	4.0	4.0	1.6019100758608962	0.6192522087822503	1.0
207_H-314	4.0	4.0	1.6005827334426015	0.6251614152892562	1.0
208_H-314	4.0	4.0	1.6035131079300746	0.627518082473805	1.0
209_H-314	4.0	4.0	1.6204710945952614	0.6345448563105394	1.0
20_H-314	4.0	4.0	1.5520716635744551	0.6094796694316342	1.0
210_H-314	4.0	4.0	1.5977013699171705	0.6231593983838417	1.0
211_H-314	4.0	4.0	1.577515107519791	0.6114849821466077	1.0
212_H-314	4.0	4.0	1.5845121167991116	0.6206935293598377	1.0
213_H-314	4.0	4.0	1.5605494437360012	0.6151054159828304	1.0
214_H-314	4.0	4.0	1.5647396824001059	0.6158682787470666	1.0
215_H-314	4.0	4.0	1.6538063390553257	0.6407960675412557	1.0
216_H-314	4.0	4.0	1.611900922900632	0.6245134515367993	1.0
217_H-314	4.0	4.0	1.5692775377642267	0.6158920670439767	1.0
218_H-314	4.0	4.0	1.5728136557007075	0.615989699498343	1.0
219_H-314	4.0	4.0	1.5487364625212228	0.6080496712929147	1.0
21_H-314	4.0	4.0	1.6038611698526473	0.623008950784981	1.0
220_H-314	4.0	4.0	1.6226447961845458	0.6303303508412449	1.0
221_H-314	4.0	4.0	1.5769053465392022	0.6168617337829796	1.0
222_H-314	4.0	4.0	1.572099874559033	0.6140476874461362	1.0
223_H-314	4.0	4.0	1.6146110084741199	0.6319836734693878	1.0
224_H-314	4.0	4.0	1.5309143174757902	0.6015314421741718	1.0
225_H-314	4.0	4.0	1.579629924408774	0.6203820082678853	1.0
226_H-314	4.0	4.0	1.6212072457554068	0.6337808641975309	1.0
227_H-314	4.0	4.0	1.565563360794857	0.6168656141701964	1.0
228_H-314	4.0	4.0	1.5890920886080913	0.6228027684501769	1.0
229_H-314	4.0	4.0	1.5184188537712862	0.6021692625258022	1.0
22_H-314	4.0	4.0	1.5687255432385794	0.6175761560376944	1.0
230_H-314	4.0	4.0	1.6290405295872148	0.6330067059775696	1.0
231_H-314	4.0	4.0	1.5826174757547682	0.6172316705750214	1.0
232_H-314	4.0	4.0	1.6296692752772053	0.6379765444886232	1.0
233_H-314	4.0	4.0	1.5174611069247759	0.6011692429647246	1.0
234_H-314	4.0	4.0	1.5932910187480118	0.6187904610912934	1.0
235_H-314	4.0	4.0	1.5776536405712263	0.6188405467143259	1.0
236_H-314	4.0	4.0	1.5999134917239595	0.6264629693205581	1.0
237_H-314	4.0	4.0	1.5828863318443793	0.6207477865190099	1.0
238_H-314	4.0	4.0	1.598163122592614	0.6255258244273145	1.0
239_H-314	4.0	4.0	1.557635579351228	0.6122448979591837	1.0
23_H-314	4.0	4.0	1.558627027117906	0.6143668805260303	1.0
240_H-314	4.0	4.0	1.5734710601691964	0.6194320865601143	1.0
241_H-314	4.0	4.0	1.597686645791831	0.6188258223924004	1.0
242_H-314	4.0	4.0	1.5475367370700355	0.607500260815832	1.0
243_H-314	4.0	4.0	1.561403478294847	0.6162739271110559	1.0
244_H-314	4.0	4.0	1.5936311938054013	0.6239512898573947	1.0
245_H-314	4.0	4.0	1.6022354473021363	0.6292015617926663	1.0
246_H-314	4.0	4.0	1.5723724643689052	0.6155785644904623	1.0
247_H-314	4.0	4.0	1.5929822435641114	0.6267729702290303	1.0
248_H-314	4.0	4.0	1.6068491838870151	0.6267600430209932	1.0
249_H-314	4.0	4.0	1.5921546644021936	0.6258364539384312	1.0
24_H-314	4.0	4.0	1.6135200090062585	0.6281850018113754	1.0
250_H-314	4.0	4.0	1.6169512763573395	0.6311577040441313	1.0
251_H-314	4.0	4.0	1.5259479000350684	0.6009457777777778	1.0
252_H-314	4.0	4.0	1.528343284338129	0.605078361901114	1.0
253_H-314	4.0	4.0	1.5990107074270465	0.6272555692184506	1.0
254_H-314	4.0	4.0	1.6019659171202345	0.623912079871103	1.0
255_H-314	4.0	4.0	1.6013544378037896	0.625048380119755	1.0
256_H-314	4.0	4.0	1.5287154307235207	0.6034767664749817	1.0
257_H-314	4.0	4.0	1.598789818179836	0.6253064074251151	1.0
258_H-314	4.0	4.0	1.621489325579826	0.6294044321329639	1.0
259_H-314	4.0	4.0	1.619778729259984	0.633511420273226	1.0
25_H-314	4.0	4.0	1.545992330569148	0.6091366035830691	1.0
260_H-314	4.0	4.0	1.5875906974766942	0.6220275144434868	1.0
261_H-314	4.0	4.0	1.6106556739420523	0.628925974092022	1.0
262_H-314	4.0	4.0	1.6307912928498876	0.6337715357689626	1.0
263_H-314	4.0	4.0	1.5853758525950896	0.6205956120486035	1.0
264_H-314	4.0	4.0	1.5744983552701404	0.6142753019575177	1.0
265_H-314	4.0	4.0	1.5539005968428978	0.6102941176470589	1.0
266_H-314	4.0	4.0	1.531103185103252	0.6094245133544591	1.0
267_H-314	4.0	4.0	1.554584313636602	0.6070413993424623	1.0
268_H-314	4.0	4.0	1.4651113168081726	0.5829534945171092	1.0
269_H-314	4.0	4.0	1.5557760568976837	0.6085144003047531	1.0
26_H-314	4.0	4.0	1.5792580150005064	0.616208359784824	1.0
270_H-314	4.0	4.0	1.610463212077919	0.6328585598095616	1.0
271_H-314	4.0	4.0	1.495110706080759	0.5889792231255646	1.0
272_H-314	4.0	4.0	1.5967590507423504	0.624130612244898	1.0
273_H-314	4.0	4.0	1.5192920205135552	0.6025122581932305	1.0
274_H-314	4.0	4.0	1.5275835779363531	0.603299038623714	1.0
275_H-314	4.0	4.0	1.5727131999780235	0.6188483789447303	1.0
276_H-314	4.0	4.0	1.5663918584476206	0.6121515391729422	1.0
277_H-314	4.0	4.0	1.6218814311729597	0.6310433638475966	1.0
278_H-314	4.0	4.0	1.587155079791463	0.6206770940054186	1.0
279_H-314	4.0	4.0	1.5307236467017846	0.6018131314672934	1.0
27_H-314	4.0	4.0	1.5652420092387238	0.6129217949069379	1.0
280_H-314	4.0	4.0	1.5854161524031785	0.6185548641758724	1.0
281_H-314	4.0	4.0	1.5918573005060288	0.6208744090036351	1.0
282_H-314	4.0	4.0	1.4927558735907926	0.5853670280637835	1.0
283_H-314	4.0	4.0	1.626813599741604	0.6373487822784003	1.0
284_H-314	4.0	4.0	1.5960939571684933	0.6166650707012673	1.0
285_H-314	4.0	4.0	1.5721552144742832	0.6104431092479713	1.0
286_H-314	4.0	4.0	1.6219754156522816	0.6278932637925736	1.0
287_H-314	4.0	4.0	1.587380851236342	0.6216025748141905	1.0
288_H-314	4.0	4.0	1.5533541053713575	0.6143441546256334	1.0
289_H-314	4.0	4.0	1.5647689124997863	0.6162957621403629	1.0
28_H-314	4.0	4.0	1.575868515801234	0.6120069426947734	1.0
290_H-314	4.0	4.0	1.5450858423690117	0.608219934467201	1.0
291_H-314	4.0	4.0	1.5659828695251008	0.6130793720047175	1.0
292_H-314	4.0	4.0	1.5995095777478805	0.6236118285123967	1.0
293_H-314	4.0	4.0	1.5953215848588755	0.6195118801652892	1.0
294_H-314	4.0	4.0	1.5405293914537201	0.6082082939508506	1.0
295_H-314	4.0	4.0	1.521634278138417	0.6014596589179517	1.0
296_H-314	4.0	4.0	1.6012749596692424	0.6264613412289002	1.0
297_H-314	4.0	4.0	1.6076612723564216	0.6273897541752673	1.0
298_H-314	4.0	4.0	1.6020720659976793	0.6220758506616257	1.0
299_H-314	4.0	4.0	1.5573392899070528	0.6136578449905482	1.0
29_H-314	4.0	4.0	1.5793849203587325	0.6184722222222223	1.0
2_H-314	4.0	4.0	1.5925438095768227	0.6233500227583068	1.0
300_H-314	4.0	4.0	1.602669261163354	0.6222222222222222	1.0
301_H-314	4.0	4.0	1.5927687438650413	0.62654492330168	1.0
302_H-314	4.0	4.0	1.5631743388106067	0.609781217814675	1.0
303_H-314	4.0	4.0	1.5968207041011835	0.6231620710176553	1.0
304_H-314	4.0	4.0	1.626455935246503	0.6334651181220228	1.0
305_H-314	4.0	4.0	1.618916458869464	0.6258897710199424	1.0
306_H-314	4.0	4.0	1.5642900607966028	0.6171728030099435	1.0
307_H-314	4.0	4.0	1.5741885349353024	0.6197612435762393	1.0
308_H-314	4.0	4.0	1.5799282566654458	0.6202510072329894	1.0
309_H-314	4.0	4.0	1.604064878638559	0.6220598977355734	1.0
30_H-314	4.0	4.0	1.6202983592865337	0.6308587606165461	1.0
310_H-314	4.0	4.0	1.584648233077825	0.6214678178963893	1.0
311_H-314	4.0	4.0	1.5659063949144105	0.6155569234978284	1.0
312_H-314	4.0	4.0	1.5388799026469004	0.606237995060825	1.0
313_H-314	4.0	4.0	1.5825219653597775	0.6192261959206073	1.0
314_H-314	4.0	4.0	1.5971119819761057	0.6207380727084033	1.0
315_H-314	4.0	4.0	1.6047777583413656	0.625015780835753	1.0
316_H-314	4.0	4.0	1.5366939030763669	0.6091366035830691	1.0
317_H-314	4.0	4.0	1.602199255166061	0.623821892393321	1.0
318_H-314	4.0	4.0	1.6139130301549194	0.6283278743596203	1.0
319_H-314	4.0	4.0	1.5549987044850917	0.6124353983106801	1.0
31_H-314	4.0	4.0	1.5617222875388383	0.6072113034504698	1.0
320_H-314	4.0	4.0	1.594024647887896	0.6230950773107956	1.0
321_H-314	4.0	4.0	1.6301786620563126	0.6341152186151248	1.0
322_H-314	4.0	4.0	1.5893707880377	0.620223537146614	1.0
323_H-314	4.0	4.0	1.6274954888300688	0.6323973277674754	1.0
324_H-314	4.0	4.0	1.5943425004858072	0.621241720338207	1.0
325_H-314	4.0	4.0	1.594130219763558	0.6246898629489603	1.0
326_H-314	4.0	4.0	1.5840934081570792	0.6232572902201944	1.0
327_H-314	4.0	4.0	1.6041472239254475	0.6305365444214875	1.0
328_H-314	4.0	4.0	1.547867996249642	0.6051091403147302	1.0
329_H-314	4.0	4.0	1.6073074037888164	0.6329544357742651	1.0
32_H-314	4.0	4.0	1.5955827420175737	0.6223576430175717	1.0
330_H-314	4.0	4.0	1.5902015763272566	0.6182677212896994	1.0
331_H-314	4.0	4.0	1.5935168117406835	0.6208159210515514	1.0
332_H-314	4.0	4.0	1.5347378316566802	0.6037895151587642	1.0
333_H-314	4.0	4.0	1.6075117834790809	0.6304893301923711	1.0
334_H-314	4.0	4.0	1.622969315723337	0.6293215983448412	1.0
335_H-314	4.0	4.0	1.5710968957136382	0.6188563000850037	1.0
336_H-314	4.0	4.0	1.5971293170246714	0.6255727916924139	1.0
337_H-314	4.0	4.0	1.6111630092222073	0.6316986423172941	1.0
338_H-314	4.0	4.0	1.544736305368831	0.6131564838683616	1.0
339_H-314	4.0	4.0	1.606405721746275	0.625	1.0
33_H-314	4.0	4.0	1.5885655706663617	0.6169538202619658	1.0
340_H-314	4.0	4.0	1.6600102116457682	0.6410808782135485	1.0
341_H-314	4.0	4.0	1.5748272903323475	0.6152812271731192	1.0
342_H-314	4.0	4.0	1.5687450661342806	0.6143918372066135	1.0
343_H-314	4.0	4.0	1.5567072432133684	0.6136721095827733	1.0
344_H-314	4.0	4.0	1.5916287346657005	0.6210764577449273	1.0
345_H-314	4.0	4.0	1.5683403463807746	0.6139158808132239	1.0
346_H-314	4.0	4.0	1.5649678987416664	0.6194202018045829	1.0
347_H-314	4.0	4.0	1.5575203978196586	0.6124597741736151	1.0
348_H-314	4.0	4.0	1.5237461494771405	0.5972022684310018	1.0
349_H-314	4.0	4.0	1.5836875903123158	0.6201638725934724	1.0
34_H-314	4.0	4.0	1.5740703650508818	0.6153244444444445	1.0
350_H-314	4.0	4.0	1.619484149336688	0.6281095278348026	1.0
351_H-314	4.0	4.0	1.6117437075917798	0.6252966913552003	1.0
352_H-314	4.0	4.0	1.5772874565818304	0.6163715753300253	1.0
353_H-314	4.0	4.0	1.5643538753554576	0.6154359447862757	1.0
354_H-314	4.0	4.0	1.5878468423077383	0.6206891946931608	1.0
355_H-314	4.0	4.0	1.589440578458771	0.6207411388814237	1.0
356_H-314	4.0	4.0	1.5661417273374758	0.6120846500047878	1.0
357_H-314	4.0	4.0	1.5754781159888211	0.6179902199090623	1.0
358_H-314	4.0	4.0	1.5524819949852782	0.614025974025974	1.0
359_H-314	4.0	4.0	1.5701576359761038	0.613186323483961	1.0
35_H-314	4.0	4.0	1.5230926606440476	0.6074826423328704	1.0
360_H-314	4.0	4.0	1.6162567155060434	0.6302851115780383	1.0
361_H-314	4.0	4.0	1.598613898156	0.627245288289197	1.0
362_H-314	4.0	4.0	1.6150608993517213	0.6233607718630351	1.0
363_H-314	4.0	4.0	1.5709341068787315	0.6159730212259472	1.0
364_H-314	4.0	4.0	1.5823422249835588	0.6202128918623513	1.0
365_H-314	4.0	4.0	1.5796069297894115	0.6165544363965596	1.0
366_H-314	4.0	4.0	1.6179289136758659	0.6302783747457396	1.0
367_H-314	4.0	4.0	1.5464280240207475	0.6053337163650292	1.0
368_H-314	4.0	4.0	1.479953331428003	0.5858041790636435	1.0
369_H-314	4.0	4.0	1.5863118766956734	0.6120666487503359	1.0
36_H-314	4.0	4.0	1.55539231915301	0.615545130418465	1.0
370_H-314	4.0	4.0	1.5557672389783523	0.610859158478206	1.0
371_H-314	4.0	4.0	1.5947688467211103	0.6240168987139972	1.0
372_H-314	4.0	4.0	1.5538383868214407	0.6075685176031197	1.0
373_H-314	4.0	4.0	1.6205603603480212	0.6317594321459449	1.0
374_H-314	4.0	4.0	1.570593707515569	0.6117775589560768	1.0
375_H-314	4.0	4.0	1.554292825340985	0.6074883620785663	1.0
376_H-314	4.0	4.0	1.6378615889275658	0.6360116873630387	1.0
377_H-314	4.0	4.0	1.5430634989989065	0.6153649565082465	1.0
378_H-314	4.0	4.0	1.6007552516530064	0.6219590366594426	1.0
379_H-314	4.0	4.0	1.5523761197838084	0.6141619571683522	1.0
37_H-314	4.0	4.0	1.5838120085909202	0.6229933039004973	1.0
380_H-314	4.0	4.0	1.5610540549535237	0.6187271581600504	1.0
381_H-314	4.0	4.0	1.5615421740918387	0.61273056396492	1.0
382_H-314	4.0	4.0	1.6010791839354488	0.6226775510204081	1.0
383_H-314	4.0	4.0	1.5758455850484185	0.6214901387874361	1.0
384_H-314	4.0	4.0	1.5454532377769028	0.6028621219281664	1.0
385_H-314	4.0	4.0	1.5941599011097172	0.6268597500495934	1.0
386_H-314	4.0	4.0	1.5756390733807204	0.6130374109461905	1.0
387_H-314	4.0	4.0	1.6305168757531585	0.6338757184935229	1.0
388_H-314	4.0	4.0	1.5639544818108309	0.6151199196597354	1.0
389_H-314	4.0	4.0	1.555393646752217	0.6147095632001465	1.0
38_H-314	4.0	4.0	1.5525429711496783	0.6087495045580658	1.0
390_H-314	4.0	4.0	1.557971416965606	0.6134953922495274	1.0
391_H-314	4.0	4.0	1.612929027040005	0.6283225054366721	1.0
392_H-314	4.0	4.0	1.5490432337467512	0.6029577851713928	1.0
393_H-314	4.0	4.0	1.5828232453386732	0.6167230868871395	1.0
394_H-314	4.0	4.0	1.5695477965271216	0.6204677949611217	1.0
395_H-314	4.0	4.0	1.634749228201938	0.6373265157048941	1.0
396_H-314	4.0	4.0	1.564645661489609	0.6114785711145031	1.0
397_H-314	4.0	4.0	1.5169091950245417	0.5935547462327508	1.0
398_H-314	4.0	4.0	1.610912173062773	0.6281660899653979	1.0
399_H-314	4.0	4.0	1.556856466362973	0.6064036152018658	1.0
39_H-314	4.0	4.0	1.5651071075721752	0.6162729003464311	1.0
3_H-314	4.0	4.0	1.5470883826201045	0.6112366297616814	1.0
400_H-314	4.0	4.0	1.56031933411895	0.6167765024804867	1.0
401_H-314	4.0	4.0	1.5940510369650296	0.6230853994490357	1.0
402_H-314	4.0	4.0	1.5884327113547752	0.6256816326530612	1.0
403_H-314	4.0	4.0	1.588251532470196	0.624025799516259	1.0
404_H-314	4.0	4.0	1.5642672320730902	0.6159483401203618	1.0
405_H-314	4.0	4.0	1.574795447009468	0.6170321594830656	1.0
406_H-314	4.0	4.0	1.5521513847824626	0.6093890369666417	1.0
407_H-314	4.0	4.0	1.5500492505456143	0.6104147804436397	1.0
408_H-314	4.0	4.0	1.587735995891155	0.6219143903087483	1.0
409_H-314	4.0	4.0	1.615383370607034	0.6299115835168694	1.0
40_H-314	4.0	4.0	1.5357676170903196	0.6071199006771214	1.0
410_H-314	4.0	4.0	1.6143419853391594	0.6290561080878214	1.0
411_H-314	4.0	4.0	1.617620384694185	0.628974897727357	1.0
412_H-314	4.0	4.0	1.6201838493085297	0.6324137523629489	1.0
413_H-314	4.0	4.0	1.5531524254040119	0.6127978982923625	1.0
414_H-314	4.0	4.0	1.6458389830351423	0.6375263270351943	1.0
415_H-314	4.0	4.0	1.5255477320917625	0.6072856544691752	1.0
416_H-314	4.0	4.0	1.585979576574178	0.6206577777777778	1.0
417_H-314	4.0	4.0	1.5787223207878194	0.6218372553102873	1.0
418_H-314	4.0	4.0	1.5384139060661408	0.6090299886153699	1.0
419_H-314	4.0	4.0	1.5344748077235324	0.6020798625572679	1.0
41_H-314	4.0	4.0	1.6003556940573544	0.6266512345679012	1.0
420_H-314	4.0	4.0	1.6252739685406659	0.6320794590025359	1.0
421_H-314	4.0	4.0	1.5195909403770298	0.6087796681369461	1.0
422_H-314	4.0	4.0	1.6146612168404437	0.6325714285714286	1.0
423_H-314	4.0	4.0	1.6295613787181495	0.634412868960044	1.0
424_H-314	4.0	4.0	1.6240697766761878	0.63569011250343	1.0
425_H-314	4.0	4.0	1.5773655257600647	0.6137917043787647	1.0
426_H-314	4.0	4.0	1.6067857314979694	0.6273325703525134	1.0
427_H-314	4.0	4.0	1.581796878529825	0.621679201578541	1.0
428_H-314	4.0	4.0	1.5865097007831355	0.6239093666944079	1.0
429_H-314	4.0	4.0	1.5538090861630482	0.6055849905646684	1.0
42_H-314	4.0	4.0	1.517094347292223	0.6001171664968019	1.0
430_H-314	4.0	4.0	1.603171108958992	0.6224237019421324	1.0
431_H-314	4.0	4.0	1.5877488955399863	0.6205873295820385	1.0
432_H-314	4.0	4.0	1.5774869604651294	0.6182362122788762	1.0
433_H-314	4.0	4.0	1.5643799488146832	0.6185846887774717	1.0
434_H-314	4.0	4.0	1.5752183647004327	0.6191131537082397	1.0
435_H-314	4.0	4.0	1.5632277297204724	0.6120083102493075	1.0
436_H-314	4.0	4.0	1.572988653007368	0.619384736142978	1.0
437_H-314	4.0	4.0	1.5426188172199624	0.6083051563820795	1.0
438_H-314	4.0	4.0	1.6113026972872986	0.626779742553208	1.0
439_H-314	4.0	4.0	1.5812959203598365	0.613442168401992	1.0
43_H-314	4.0	4.0	1.560426550519004	0.6104054180581131	1.0
440_H-314	4.0	4.0	1.5376252118122589	0.6027765712185504	1.0
441_H-314	4.0	4.0	1.6250807829472262	0.6325346968590211	1.0
442_H-314	4.0	4.0	1.6109659112271122	0.6283919234505135	1.0
443_H-314	4.0	4.0	1.602167815773431	0.6269176216705389	1.0
444_H-314	4.0	4.0	1.6275751833496208	0.6336574074074074	1.0
445_H-314	4.0	4.0	1.5741820710582934	0.6210400046248121	1.0
446_H-314	4.0	4.0	1.598985833023063	0.6241666666666668	1.0
447_H-314	4.0	4.0	1.5722391199985095	0.6093770643413926	1.0
448_H-314	4.0	4.0	1.6370032492498983	0.6386221382062591	1.0
449_H-314	4.0	4.0	1.5472260648579903	0.6084977777777778	1.0
44_H-314	4.0	4.0	1.5542042115990866	0.6131354908827437	1.0
450_H-314	4.0	4.0	1.553014265937832	0.6127313670566267	1.0
451_H-314	4.0	4.0	1.5785247695380036	0.616809076505206	1.0
452_H-314	4.0	4.0	1.524366148610068	0.599501601993592	1.0
453_H-314	4.0	4.0	1.591564169934331	0.6241729678638941	1.0
454_H-314	4.0	4.0	1.5526687739669045	0.6131528341625714	1.0
455_H-314	4.0	4.0	1.625314365827535	0.6322695498039457	1.0
456_H-314	4.0	4.0	1.5716334975229438	0.61609723667476	1.0
457_H-314	4.0	4.0	1.5187119554408457	0.602211804500784	1.0
458_H-314	4.0	4.0	1.5940066701776265	0.6254386411025784	1.0
459_H-314	4.0	4.0	1.5467781516234906	0.6063456632653061	1.0
45_H-314	4.0	4.0	1.5759531278249355	0.6169907407407407	1.0
460_H-314	4.0	4.0	1.5922234048083113	0.6249306122448979	1.0
461_H-314	4.0	4.0	1.5540239861973306	0.6097793899317063	1.0
462_H-314	4.0	4.0	1.5674353152853937	0.6194324917089755	1.0
463_H-314	4.0	4.0	1.5417066030994533	0.6084741257088846	1.0
464_H-314	4.0	4.0	1.5797125538959487	0.6170879999999999	1.0
465_H-314	4.0	4.0	1.5552868752327609	0.6119390581717452	1.0
466_H-314	4.0	4.0	1.640716439169367	0.6381308053241406	1.0
467_H-314	4.0	4.0	1.537636191354487	0.6019821890261419	1.0
468_H-314	4.0	4.0	1.5681517346238647	0.6194592576358959	1.0
469_H-314	4.0	4.0	1.6165382547012743	0.6287617927829567	1.0
46_H-314	4.0	4.0	1.5867815774473768	0.621099465496133	1.0
470_H-314	4.0	4.0	1.530322430578272	0.6001380959098368	1.0
471_H-314	4.0	4.0	1.5818952607724253	0.6167084364646456	1.0
472_H-314	4.0	4.0	1.5470600648664943	0.6078793890101171	1.0
473_H-314	4.0	4.0	1.6018140226819815	0.6229158329998666	1.0
474_H-314	4.0	4.0	1.581872988006899	0.6179896804238053	1.0
475_H-314	4.0	4.0	1.571032856884317	0.6157992674858224	1.0
476_H-314	4.0	4.0	1.6063262984598596	0.6169167382730738	1.0
477_H-314	4.0	4.0	1.5732991317373315	0.6095234819102003	1.0
478_H-314	4.0	4.0	1.626118339833003	0.6350319595460441	1.0
479_H-314	4.0	4.0	1.5902954062315424	0.6213470595338728	1.0
47_H-314	4.0	4.0	1.5190988128668133	0.607857439889835	1.0
480_H-314	4.0	4.0	1.5668604398159076	0.6169293135386185	1.0
481_H-314	4.0	4.0	1.5832575785616514	0.6179413333333333	1.0
482_H-314	4.0	4.0	1.5888753931663975	0.6127777777777778	1.0
483_H-314	4.0	4.0	1.5820901641493765	0.6176860825102226	1.0
484_H-314	4.0	4.0	1.5606997492348498	0.6131359762396694	1.0
485_H-314	4.0	4.0	1.585093705893391	0.6248358870447526	1.0
486_H-314	4.0	4.0	1.535209495928836	0.6027847626196285	1.0
487_H-314	4.0	4.0	1.566888105512741	0.6127538349159971	1.0
488_H-314	4.0	4.0	1.635190080230812	0.6379224376731302	1.0
489_H-314	4.0	4.0	1.5758491879541912	0.6145176734797914	1.0
48_H-314	4.0	4.0	1.5560149385479205	0.6159378281873555	1.0
490_H-314	4.0	4.0	1.5529996201803957	0.6104684895087433	1.0
491_H-314	4.0	4.0	1.6058978575060903	0.6278504977459828	1.0
492_H-314	4.0	4.0	1.6000045092937554	0.6197126721835	1.0
493_H-314	4.0	4.0	1.5930114308759304	0.6155360198588435	1.0
494_H-314	4.0	4.0	1.5760534599326268	0.6232512429182565	1.0
495_H-314	4.0	4.0	1.544315448164545	0.6061971830985915	1.0
496_H-314	4.0	4.0	1.5808141917580354	0.6196775006298816	1.0
497_H-314	4.0	4.0	1.5887579095543611	0.624584487534626	1.0
498_H-314	4.0	4.0	1.5800746769737368	0.6179054462021495	1.0
499_H-314	4.0	4.0	1.5068276409961323	0.6003104769454355	1.0
49_H-314	4.0	4.0	1.5814697837648493	0.6245224244698817	1.0
4_H-314	4.0	4.0	1.560319577105393	0.6132067291016302	1.0
500_H-314	4.0	4.0	1.5240183640052674	0.5960225871001343	1.0
501_H-314	4.0	4.0	1.6052627541310192	0.6295890455434615	1.0
502_H-314	4.0	4.0	1.6155745050206496	0.6312713916019701	1.0
503_H-314	4.0	4.0	1.5509497818491904	0.6136344663767654	1.0
504_H-314	4.0	4.0	1.5984111952553275	0.6202039009798235	1.0
505_H-314	4.0	4.0	1.5920815235853634	0.6247901601239669	1.0
506_H-314	4.0	4.0	1.5964467144281025	0.6251441753171857	1.0
507_H-314	4.0	4.0	1.590648388595301	0.6172773149392338	1.0
508_H-314	4.0	4.0	1.5561896148255863	0.6186232890299543	1.0
509_H-314	4.0	4.0	1.5730865445950657	0.6163777969293626	1.0
50_H-314	4.0	4.0	1.5661905077650031	0.6159747690776749	1.0
510_H-314	4.0	4.0	1.5646745356641931	0.6149631222192362	1.0
511_H-314	4.0	4.0	1.5902633917339084	0.6176226499409492	1.0
512_H-314	4.0	4.0	1.6393601835844758	0.6361882716049383	1.0
513_H-314	4.0	4.0	1.583746827704883	0.620525803888959	1.0
514_H-314	4.0	4.0	1.617935526014705	0.6318263459060286	1.0
515_H-314	4.0	4.0	1.5867691144368823	0.6189228748358041	1.0
516_H-314	4.0	4.0	1.602169138576772	0.6257903750781244	1.0
517_H-314	4.0	4.0	1.545339613998816	0.6078825021132713	1.0
518_H-314	4.0	4.0	1.580332274752704	0.6199307479224376	1.0
519_H-314	4.0	4.0	1.626718234973903	0.6335670528214854	1.0
51_H-314	4.0	4.0	1.5363470717583438	0.6106642407992595	1.0
520_H-314	4.0	4.0	1.60698727480679	0.625834647584524	1.0
521_H-314	4.0	4.0	1.551237907454212	0.6061381296716875	1.0
522_H-314	4.0	4.0	1.6117976448778133	0.6307096291930511	1.0
523_H-314	4.0	4.0	1.5664370651658246	0.6131409499054821	1.0
524_H-314	4.0	4.0	1.558526175196372	0.6148002045437942	1.0
525_H-314	4.0	4.0	1.5950390627521864	0.6243372048983715	1.0
526_H-314	4.0	4.0	1.6012980555414371	0.6267834913339079	1.0
527_H-314	4.0	4.0	1.5891362240773916	0.6217955555555554	1.0
528_H-314	4.0	4.0	1.5245429797743002	0.5997231435541789	1.0
529_H-314	4.0	4.0	1.6133433018316738	0.6292622222222222	1.0
52_H-314	4.0	4.0	1.5813093324077316	0.6174844928088321	1.0
530_H-314	4.0	4.0	1.602068545617627	0.6270041661406387	1.0
531_H-314	4.0	4.0	1.6332724261001301	0.6331520809821826	1.0
532_H-314	4.0	4.0	1.5592795918855245	0.6124025283553876	1.0
533_H-314	4.0	4.0	1.5790654492966296	0.6182856048937966	1.0
534_H-314	4.0	4.0	1.6431562782290965	0.6390254148288175	1.0
535_H-314	4.0	4.0	1.6396653283131943	0.6391184573002755	1.0
536_H-314	4.0	4.0	1.6019432521363188	0.6247901601239669	1.0
537_H-314	4.0	4.0	1.6012794110145763	0.6275665030991736	1.0
538_H-314	4.0	4.0	1.58681168929573	0.6215356339763717	1.0
539_H-314	4.0	4.0	1.5714651376487139	0.614760063831634	1.0
53_H-314	4.0	4.0	1.5796703471964744	0.6226487747110236	1.0
540_H-314	4.0	4.0	1.5578836467495845	0.6095505617977529	1.0
541_H-314	4.0	4.0	1.6117240882259305	0.6318918918918919	1.0
542_H-314	4.0	4.0	1.5554958244616324	0.6119431009588925	1.0
543_H-314	4.0	4.0	1.5473754272319902	0.6109992055148505	1.0
544_H-314	4.0	4.0	1.5220019960129694	0.6035488575595527	1.0
545_H-314	4.0	4.0	1.5489350443331742	0.6070471111111111	1.0
546_H-314	4.0	4.0	1.5682095622392769	0.6115628393222394	1.0
547_H-314	4.0	4.0	1.6342277637638145	0.6343362036450015	1.0
548_H-314	4.0	4.0	1.5907272361000178	0.6249266887096363	1.0
549_H-314	4.0	4.0	1.5844419256991158	0.6248611111111111	1.0
54_H-314	4.0	4.0	1.5890033456670558	0.6185463883663292	1.0
550_H-314	4.0	4.0	1.5599630597660112	0.6104019505898383	1.0
551_H-314	4.0	4.0	1.5460740022312565	0.6070014488979695	1.0
552_H-314	4.0	4.0	1.6117165304688028	0.6291858503245732	1.0
553_H-314	4.0	4.0	1.548755610622872	0.6091252251994623	1.0
554_H-314	4.0	4.0	1.5453033469594861	0.6071664775377503	1.0
555_H-314	4.0	4.0	1.561210014018014	0.612930056710775	1.0
556_H-314	4.0	4.0	1.552298304109959	0.6093552866494744	1.0
557_H-314	4.0	4.0	1.5528577883960915	0.6071445437679205	1.0
558_H-314	4.0	4.0	1.573332023317326	0.6122884896215517	1.0
559_H-314	4.0	4.0	1.57663157270482	0.6156950913513555	1.0
55_H-314	4.0	4.0	1.5010135713837445	0.596270978654728	1.0
560_H-314	4.0	4.0	1.5716866447361664	0.6189458441531317	1.0
561_H-314	4.0	4.0	1.598745214344211	0.624362375025505	1.0
562_H-314	4.0	4.0	1.5638940674504482	0.6082927795382527	1.0
563_H-314	4.0	4.0	1.6037835564582112	0.6227906829945713	1.0
564_H-314	4.0	4.0	1.5506001011222583	0.609110202552979	1.0
565_H-314	4.0	4.0	1.5388087113152844	0.6081120210262159	1.0
566_H-314	4.0	4.0	1.5526009894507666	0.6098918950850662	1.0
567_H-314	4.0	4.0	1.563581343274073	0.613688888888889	1.0
568_H-314	4.0	4.0	1.5943479991392913	0.6274346154772128	1.0
569_H-314	4.0	4.0	1.5821373287807652	0.6177782372400756	1.0
56_H-314	4.0	4.0	1.5859712922906086	0.6170518663194444	1.0
570_H-314	4.0	4.0	1.6079887080346464	0.6259751643535427	1.0
571_H-314	4.0	4.0	1.5544378351336492	0.614610670587987	1.0
572_H-314	4.0	4.0	1.5947161713248563	0.6246185717085189	1.0
573_H-314	4.0	4.0	1.5718307922180654	0.6155876643058296	1.0
574_H-314	4.0	4.0	1.5945483358966102	0.6251697530864198	1.0
575_H-314	4.0	4.0	1.60153637171823	0.6250161415289256	1.0
576_H-314	4.0	4.0	1.5477215093495524	0.609634938086334	1.0
577_H-314	4.0	4.0	1.6201231974462713	0.6278955912288386	1.0
578_H-314	4.0	4.0	1.548166185440206	0.6104006337709371	1.0
579_H-314	4.0	4.0	1.5787732759238027	0.6200434911004322	1.0
57_H-314	4.0	4.0	1.5819473310941117	0.6207573333333334	1.0
580_H-314	4.0	4.0	1.5290270609303647	0.6030804478654206	1.0
581_H-314	4.0	4.0	1.5893445015845569	0.6209182322304168	1.0
582_H-314	4.0	4.0	1.5773712739792363	0.6149440168224153	1.0
583_H-314	4.0	4.0	1.5658114671995091	0.6175602029584687	1.0
584_H-314	4.0	4.0	1.5736554336244593	0.6169527974949325	1.0
585_H-314	4.0	4.0	1.5972639414545111	0.6262952014094181	1.0
586_H-314	4.0	4.0	1.5949160322038156	0.6263255902032572	1.0
587_H-314	4.0	4.0	1.499462360299945	0.5966100217231785	1.0
588_H-314	4.0	4.0	1.5785415192731036	0.6214397610409006	1.0
589_H-314	4.0	4.0	1.5580370286809464	0.6173278140910674	1.0
58_H-314	4.0	4.0	1.5820735931238241	0.6162206793019328	1.0
590_H-314	4.0	4.0	1.5896894063160647	0.6205185605934045	1.0
591_H-314	4.0	4.0	1.5725616910188742	0.6168373698506111	1.0
592_H-314	4.0	4.0	1.5935982163003113	0.6256055056710774	1.0
593_H-314	4.0	4.0	1.5793581794771958	0.6181981828198104	1.0
594_H-314	4.0	4.0	1.641001526519426	0.6354708175803403	1.0
595_H-314	4.0	4.0	1.5832776496071452	0.6195818243549118	1.0
596_H-314	4.0	4.0	1.4834744879153836	0.5918527838943064	1.0
597_H-314	4.0	4.0	1.6028110128384059	0.6263390044108381	1.0
598_H-314	4.0	4.0	1.5984528330250825	0.621105095198824	1.0
599_H-314	4.0	4.0	1.5663251958986364	0.6138612307668165	1.0
59_H-314	4.0	4.0	1.5690352323362748	0.6118177659719604	1.0
5_H-314	4.0	4.0	1.60950080168255	0.6317152375353434	1.0
600_H-314	4.0	4.0	1.5848634888993396	0.6135072314049587	1.0
601_H-314	4.0	4.0	1.6166378422179328	0.6282731500265284	1.0
602_H-314	4.0	4.0	1.5639322779935323	0.6181404444444445	1.0
603_H-314	4.0	4.0	1.5938752032395975	0.6202825098683524	1.0
604_H-314	4.0	4.0	1.5826857194981203	0.6202597402597403	1.0
605_H-314	4.0	4.0	1.5784755014092835	0.6189597117202268	1.0
606_H-314	4.0	4.0	1.587922317771564	0.6193503389251749	1.0
607_H-314	4.0	4.0	1.5531512337270796	0.6070524691358025	1.0
608_H-314	4.0	4.0	1.560210890017839	0.6119992077863288	1.0
609_H-314	4.0	4.0	1.6495769046260227	0.6383020408163266	1.0
60_H-314	4.0	4.0	1.6061959140440951	0.6300540599499622	1.0
610_H-314	4.0	4.0	1.57458649374435	0.6188499468501951	1.0
611_H-314	4.0	4.0	1.5419276879383264	0.6129834730420933	1.0
612_H-314	4.0	4.0	1.5981592642813274	0.6260161126433444	1.0
613_H-314	4.0	4.0	1.5338118587326919	0.6028372308098824	1.0
614_H-314	4.0	4.0	1.615999979727143	0.6309998647917794	1.0
615_H-314	4.0	4.0	1.5733470558039016	0.61939501236226	1.0
616_H-314	4.0	4.0	1.6065148993595195	0.6263013791238508	1.0
617_H-314	4.0	4.0	1.5701917180623164	0.6093080985010393	1.0
618_H-314	4.0	4.0	1.6043093454158261	0.6264716031747306	1.0
619_H-314	4.0	4.0	1.5737071573963441	0.6161537098298677	1.0
61_H-314	4.0	4.0	1.5837930236221465	0.6216400825670858	1.0
620_H-314	4.0	4.0	1.5958057078615804	0.6180043642134497	1.0
621_H-314	4.0	4.0	1.5866473064975393	0.6191286691152319	1.0
622_H-314	4.0	4.0	1.521693619645267	0.6023520818115413	1.0
623_H-314	4.0	4.0	1.578296151256006	0.6158070500927644	1.0
624_H-314	4.0	4.0	1.5646887434263395	0.6163053978988045	1.0
625_H-314	4.0	4.0	1.6220080281551985	0.6318044731105736	1.0
626_H-314	4.0	4.0	1.578409152214626	0.616887361285537	1.0
627_H-314	4.0	4.0	1.5847151711316148	0.6183327611497769	1.0
628_H-314	4.0	4.0	1.6079818658477678	0.6257142857142857	1.0
629_H-314	4.0	4.0	1.6212418302963474	0.6338867979038433	1.0
62_H-314	4.0	4.0	1.5725064742137338	0.6166012320852884	1.0
630_H-314	4.0	4.0	1.5128527478255434	0.6032563906480856	1.0
631_H-314	4.0	4.0	1.6120564739870626	0.6290371455266281	1.0
632_H-314	4.0	4.0	1.582967876370262	0.6140673056824628	1.0
633_H-314	4.0	4.0	1.546272982268801	0.6009740839276152	1.0
634_H-314	4.0	4.0	1.5753092190352755	0.6128785572689677	1.0
635_H-314	4.0	4.0	1.6070141561295197	0.6230308238887057	1.0
636_H-314	4.0	4.0	1.5818333300556326	0.6176093525838651	1.0
637_H-314	4.0	4.0	1.565381294738691	0.6165902222222222	1.0
638_H-314	4.0	4.0	1.581665366741227	0.6162852056934194	1.0
639_H-314	4.0	4.0	1.5352357562217476	0.60507738657845	1.0
63_H-314	4.0	4.0	1.5654541152777668	0.6155491200712854	1.0
640_H-314	4.0	4.0	1.612424053494263	0.6280058436815195	1.0
641_H-314	4.0	4.0	1.5982362151464788	0.6243616124135605	1.0
642_H-314	4.0	4.0	1.564880607296975	0.6127382906198712	1.0
643_H-314	4.0	4.0	1.5559027791935633	0.6119738147193017	1.0
644_H-314	4.0	4.0	1.589103772490723	0.6220577110920161	1.0
645_H-314	4.0	4.0	1.5791394754006531	0.6224960389316433	1.0
646_H-314	4.0	4.0	1.5867125214925033	0.6184011870054145	1.0
647_H-314	4.0	4.0	1.5903655883526664	0.6236367048226683	1.0
648_H-314	4.0	4.0	1.5236564419664371	0.6036770402892562	1.0
649_H-314	4.0	4.0	1.573076617336171	0.6164317205934271	1.0
64_H-314	4.0	4.0	1.5875186849831162	0.6199556817827159	1.0
650_H-314	4.0	4.0	1.6200629517250678	0.6303707058482875	1.0
651_H-314	4.0	4.0	1.6200078704310878	0.6299520010816658	1.0
652_H-314	4.0	4.0	1.5926878251768688	0.6232130198487713	1.0
653_H-314	4.0	4.0	1.5927602107888645	0.6226875939414961	1.0
654_H-314	4.0	4.0	1.6118226806090872	0.6329098887065758	1.0
655_H-314	4.0	4.0	1.6109770230249691	0.6290402143144442	1.0
656_H-314	4.0	4.0	1.5937137204607066	0.6238130021913806	1.0
657_H-314	4.0	4.0	1.5405943070866237	0.6080553096669821	1.0
658_H-314	4.0	4.0	1.6303227727127438	0.6313113480686392	1.0
659_H-314	4.0	4.0	1.471763662106875	0.5855285247703061	1.0
65_H-314	4.0	4.0	1.601574777568426	0.623273588538299	1.0
660_H-314	4.0	4.0	1.6148142462913873	0.6300655718336484	1.0
661_H-314	4.0	4.0	1.5725504623819266	0.6186956911224581	1.0
662_H-314	4.0	4.0	1.6112301614600875	0.6298057898371365	1.0
663_H-314	4.0	4.0	1.5732306767604032	0.6143608473338202	1.0
664_H-314	4.0	4.0	1.58023041487696	0.6186320309357065	1.0
665_H-314	4.0	4.0	1.604236496292219	0.6251193847635974	1.0
666_H-314	4.0	4.0	1.5940087305880353	0.6231067633665037	1.0
667_H-314	4.0	4.0	1.5990099118345726	0.6244765731100045	1.0
668_H-314	4.0	4.0	1.5675085011566892	0.6188139123847999	1.0
669_H-314	4.0	4.0	1.584254942777663	0.618966049382716	1.0
66_H-314	4.0	4.0	1.619902548000738	0.6295078773711252	1.0
670_H-314	4.0	4.0	1.5770348916744912	0.6174224127520831	1.0
671_H-314	4.0	4.0	1.6436050553744874	0.6397704936986935	1.0
672_H-314	4.0	4.0	1.558305025916727	0.6114724245577523	1.0
673_H-314	4.0	4.0	1.6024909367165672	0.6287670089322981	1.0
674_H-314	4.0	4.0	1.5710165763500257	0.6144307191420091	1.0
675_H-314	4.0	4.0	1.604481670546279	0.6272721263798003	1.0
676_H-314	4.0	4.0	1.5811274697396267	0.6182627761848543	1.0
677_H-314	4.0	4.0	1.560450919027455	0.6045724444444445	1.0
678_H-314	4.0	4.0	1.5640971843375608	0.6082064614684088	1.0
679_H-314	4.0	4.0	1.59670021815254	0.6242403223675519	1.0
67_H-314	4.0	4.0	1.5678333003816716	0.6188409309567351	1.0
680_H-314	4.0	4.0	1.6025787377522371	0.6231182222222222	1.0
681_H-314	4.0	4.0	1.6026301938038034	0.6256498109640831	1.0
682_H-314	4.0	4.0	1.6009517962219655	0.6252717063156623	1.0
683_H-314	4.0	4.0	1.647334419953338	0.6381084470429952	1.0
684_H-314	4.0	4.0	1.4634180744580159	0.588435234521884	1.0
685_H-314	4.0	4.0	1.5588559424283055	0.6126591975485971	1.0
686_H-314	4.0	4.0	1.595290142544917	0.624210958212347	1.0
687_H-314	4.0	4.0	1.6043117755277496	0.6249508126127598	1.0
688_H-314	4.0	4.0	1.6134912816356448	0.6267987815552676	1.0
689_H-314	4.0	4.0	1.5413650992508026	0.60739350722462	1.0
68_H-314	4.0	4.0	1.572605558817372	0.6196761763115197	1.0
690_H-314	4.0	4.0	1.5758130161396458	0.6150525689347353	1.0
691_H-314	4.0	4.0	1.5699327382121573	0.6176697530864197	1.0
692_H-314	4.0	4.0	1.5773391268380583	0.6204938271604938	1.0
693_H-314	4.0	4.0	1.5806471157537978	0.619343690926276	1.0
694_H-314	4.0	4.0	1.6114736430463834	0.6288400368743201	1.0
695_H-314	4.0	4.0	1.5957008541215632	0.6228779990946129	1.0
696_H-314	4.0	4.0	1.5774384439530096	0.6192846665210199	1.0
697_H-314	4.0	4.0	1.56017745469136	0.6088970051132213	1.0
698_H-314	4.0	4.0	1.5844173632035332	0.6190865231637155	1.0
699_H-314	4.0	4.0	1.574330326205875	0.6157831869834711	1.0
69_H-314	4.0	4.0	1.6025462316072427	0.6259107238460284	1.0
6_H-314	4.0	4.0	1.5506152124077106	0.6138721312521944	1.0
700_H-314	4.0	4.0	1.601699526727857	0.6264224491831708	1.0
701_H-314	4.0	4.0	1.5846479126206117	0.6203678819911016	1.0
702_H-314	4.0	4.0	1.6053540909798605	0.6226198878340126	1.0
703_H-314	4.0	4.0	1.590888882479695	0.6275771604938272	1.0
704_H-314	4.0	4.0	1.6165913973388648	0.6319217777777777	1.0
705_H-314	4.0	4.0	1.5775257237198812	0.6200037530493525	1.0
706_H-314	4.0	4.0	1.5328426107479585	0.6078375703071646	1.0
707_H-314	4.0	4.0	1.5820268910279984	0.6182468955441929	1.0
708_H-314	4.0	4.0	1.5843732823405041	0.6201155051643406	1.0
709_H-314	4.0	4.0	1.6041744258535906	0.6237667648488661	1.0
70_H-314	4.0	4.0	1.5525157998722694	0.6166651736391053	1.0
710_H-314	4.0	4.0	1.6015370181913726	0.6264662243498222	1.0
711_H-314	4.0	4.0	1.5424615949573186	0.6109023061021772	1.0
712_H-314	4.0	4.0	1.5818046386759397	0.6188500774793388	1.0
713_H-314	4.0	4.0	1.61210499347103	0.6277444545043005	1.0
714_H-314	4.0	4.0	1.5511013781816645	0.6084786855918839	1.0
715_H-314	4.0	4.0	1.561611066654469	0.6102609509171707	1.0
716_H-314	4.0	4.0	1.5797556852319763	0.6212856099342585	1.0
717_H-314	4.0	4.0	1.5950390627521864	0.6243372048983715	1.0
718_H-314	4.0	4.0	1.611606434811743	0.63307560066108	1.0
719_H-314	4.0	4.0	1.5844359579055578	0.6235371466140696	1.0
71_H-314	4.0	4.0	1.5626412220946713	0.6172530864197531	1.0
720_H-314	4.0	4.0	1.5967723680021146	0.6232920526992934	1.0
721_H-314	4.0	4.0	1.580867154796935	0.6207751980482992	1.0
722_H-314	4.0	4.0	1.5722835630643854	0.6153359144812136	1.0
723_H-314	4.0	4.0	1.5729120557005116	0.6188477263506132	1.0
724_H-314	4.0	4.0	1.5437886277575077	0.6090734863944258	1.0
725_H-314	4.0	4.0	1.5984173504263144	0.6209142857142858	1.0
726_H-314	4.0	4.0	1.6190339722547447	0.6311770839319875	1.0
727_H-314	4.0	4.0	1.5933224562793409	0.6207141415055589	1.0
728_H-314	4.0	4.0	1.5802744338802877	0.6149100865332613	1.0
729_H-314	4.0	4.0	1.5596276401353253	0.6083577473958334	1.0
72_H-314	4.0	4.0	1.5536146941149427	0.6135746065872376	1.0
730_H-314	4.0	4.0	1.6266623921986112	0.6333877551020408	1.0
731_H-314	4.0	4.0	1.5787242924202427	0.621165693127773	1.0
732_H-314	4.0	4.0	1.5354261302995889	0.6043460311503096	1.0
733_H-314	4.0	4.0	1.5649903148760513	0.6184785498571808	1.0
734_H-314	4.0	4.0	1.6129125391743264	0.6244693415046763	1.0
735_H-314	4.0	4.0	1.6042061780186894	0.6249553659988097	1.0
736_H-314	4.0	4.0	1.5590643339007786	0.6079639889196675	1.0
737_H-314	4.0	4.0	1.611382244575892	0.6247354258892027	1.0
738_H-314	4.0	4.0	1.5983777187947403	0.6251140646697084	1.0
739_H-314	4.0	4.0	1.5269296135811825	0.6058580585242983	1.0
73_H-314	4.0	4.0	1.5615170032496748	0.6161898893005369	1.0
740_H-314	4.0	4.0	1.618759310108361	0.6315614521910047	1.0
741_H-314	4.0	4.0	1.553450915554521	0.6078238001314924	1.0
742_H-314	4.0	4.0	1.6001411520936004	0.6247604345863776	1.0
743_H-314	4.0	4.0	1.5652393829436029	0.6174883221815427	1.0
744_H-314	4.0	4.0	1.55724103858947	0.6144577500421656	1.0
745_H-314	4.0	4.0	1.5687983844533662	0.6109204859773817	1.0
746_H-314	4.0	4.0	1.5805586757026207	0.6217337264423634	1.0
747_H-314	4.0	4.0	1.5596893502423093	0.616386287432073	1.0
748_H-314	4.0	4.0	1.569181671661732	0.6167248947415569	1.0
749_H-314	4.0	4.0	1.5662767754018114	0.6185314580907164	1.0
74_H-314	4.0	4.0	1.5530403642703725	0.6144430645855148	1.0
750_H-314	4.0	4.0	1.602444751733037	0.6235602867817265	1.0
751_H-314	4.0	4.0	1.6066436401232187	0.6248	1.0
752_H-314	4.0	4.0	1.5552501014689184	0.6100117246704224	1.0
753_H-314	4.0	4.0	1.5665989124842323	0.6147428411953496	1.0
754_H-314	4.0	4.0	1.6072479911961348	0.623871439006574	1.0
755_H-314	4.0	4.0	1.6312399323721845	0.6343422547658124	1.0
756_H-314	4.0	4.0	1.5730337950492383	0.611319037418889	1.0
757_H-314	4.0	4.0	1.567795181788983	0.6152287018417442	1.0
758_H-314	4.0	4.0	1.5827550780657247	0.6192695398100804	1.0
759_H-314	4.0	4.0	1.5937711579244886	0.6220102123085192	1.0
75_H-314	4.0	4.0	1.5586626313157115	0.6127856101118133	1.0
760_H-314	4.0	4.0	1.5528334940926896	0.6127830533235938	1.0
761_H-314	4.0	4.0	1.627533061162635	0.6332451165721487	1.0
762_H-314	4.0	4.0	1.6214709848813422	0.632282996432818	1.0
763_H-314	4.0	4.0	1.5439431218466586	0.6124098975023471	1.0
764_H-314	4.0	4.0	1.5596438513695503	0.6163670362582537	1.0
765_H-314	4.0	4.0	1.547997049037644	0.6045013850415513	1.0
766_H-314	4.0	4.0	1.5762868096276603	0.616684505007788	1.0
767_H-314	4.0	4.0	1.4924749099100982	0.5958618741614293	1.0
768_H-314	4.0	4.0	1.4983907581071834	0.6010366626444763	1.0
769_H-314	4.0	4.0	1.5957657277235355	0.6196564424586403	1.0
76_H-314	4.0	4.0	1.5651390088802555	0.6098180529300568	1.0
770_H-314	4.0	4.0	1.5887456690109638	0.6196434603115031	1.0
771_H-314	4.0	4.0	1.5735676933776979	0.6127746141110262	1.0
772_H-314	4.0	4.0	1.6237010845251814	0.6283126014061655	1.0
773_H-314	4.0	4.0	1.603258810552995	0.6250125296535134	1.0
774_H-314	4.0	4.0	1.6339885413699398	0.6326425517305951	1.0
775_H-314	4.0	4.0	1.5539887878015757	0.6108262182423989	1.0
776_H-314	4.0	4.0	1.603973089114916	0.6271125854328119	1.0
777_H-314	4.0	4.0	1.5678524922905295	0.6171708621073736	1.0
778_H-314	4.0	4.0	1.5466271998710963	0.6090708914778886	1.0
779_H-314	4.0	4.0	1.5901275527608854	0.6179602182607441	1.0
77_H-314	4.0	4.0	1.5734690905785473	0.6181945073465539	1.0
780_H-314	4.0	4.0	1.5873074038888215	0.6193783043408199	1.0
781_H-314	4.0	4.0	1.5964153884993384	0.6256827190162604	1.0
782_H-314	4.0	4.0	1.5852567483753355	0.61692923553719	1.0
783_H-314	4.0	4.0	1.5896789454380793	0.6173453310458318	1.0
784_H-314	4.0	4.0	1.5993433447626644	0.6202341876025754	1.0
785_H-314	4.0	4.0	1.6304994515355922	0.632635899057709	1.0
786_H-314	4.0	4.0	1.5421511193040325	0.6083201287345752	1.0
787_H-314	4.0	4.0	1.5260974402606442	0.603313664356206	1.0
788_H-314	4.0	4.0	1.6171887249552246	0.6285321821036107	1.0
789_H-314	4.0	4.0	1.5589603174699924	0.610039579395085	1.0
78_H-314	4.0	4.0	1.5680877971799299	0.6140367810288887	1.0
790_H-314	4.0	4.0	1.5990382901834097	0.6262188365650969	1.0
791_H-314	4.0	4.0	1.6059649946689631	0.6294446161476039	1.0
792_H-314	4.0	4.0	1.5640037499027677	0.6132716049382716	1.0
793_H-314	4.0	4.0	1.5678470956852493	0.6147586838224076	1.0
794_H-314	4.0	4.0	1.5570795091697727	0.6126855199756476	1.0
795_H-314	4.0	4.0	1.5158199596838522	0.5906223570580613	1.0
796_H-314	4.0	4.0	1.6089226656189106	0.6290359280967289	1.0
797_H-314	4.0	4.0	1.5253826965095885	0.6026924070247934	1.0
798_H-314	4.0	4.0	1.585264437739917	0.6193081840387857	1.0
799_H-314	4.0	4.0	1.5506130747446063	0.6072302626645488	1.0
79_H-314	4.0	4.0	1.5739192368047548	0.6177528070786833	1.0
7_H-314	4.0	4.0	1.5893663993711156	0.6234237410124779	1.0
800_H-314	4.0	4.0	1.5707328315783355	0.6136674810062015	1.0
801_H-314	4.0	4.0	1.614132225952299	0.6280775228335933	1.0
802_H-314	4.0	4.0	1.6372919155930465	0.6340417823934308	1.0
803_H-314	4.0	4.0	1.5611217501906542	0.6185085466438032	1.0
804_H-314	4.0	4.0	1.5599491497774296	0.6157857242529066	1.0
805_H-314	4.0	4.0	1.610429138211574	0.629623784875647	1.0
806_H-314	4.0	4.0	1.565563360794857	0.6168656141701964	1.0
807_H-314	4.0	4.0	1.5311579918296403	0.5978453333333333	1.0
808_H-314	4.0	4.0	1.612408365670733	0.6241749598166957	1.0
809_H-314	4.0	4.0	1.5748995244686168	0.6118373384856901	1.0
80_H-314	4.0	4.0	1.601099206659342	0.6240432098765432	1.0
810_H-314	4.0	4.0	1.5771988897472822	0.6173465941077125	1.0
811_H-314	4.0	4.0	1.5868859102403465	0.6202207669650261	1.0
812_H-314	4.0	4.0	1.5671022705607986	0.6191956417240827	1.0
813_H-314	4.0	4.0	1.6240853890949605	0.6323264249065379	1.0
814_H-314	4.0	4.0	1.602528744747501	0.6271706516842472	1.0
815_H-314	4.0	4.0	1.6047002586347618	0.6208212988647087	1.0
816_H-314	4.0	4.0	1.5907182046500288	0.6241664812271237	1.0
817_H-314	4.0	4.0	1.635420875299407	0.6378002324380165	1.0
818_H-314	4.0	4.0	1.556444248520569	0.6068668252080857	1.0
819_H-314	4.0	4.0	1.5712995073196911	0.6161017428700769	1.0
81_H-314	4.0	4.0	1.6236609119966097	0.6326365484876415	1.0
820_H-314	4.0	4.0	1.6165012382928483	0.6300168887220867	1.0
821_H-314	4.0	4.0	1.6017261719863296	0.6259861373660995	1.0
822_H-314	4.0	4.0	1.533056701819675	0.6008796296296297	1.0
823_H-314	4.0	4.0	1.6112766018413114	0.6306431427612099	1.0
824_H-314	4.0	4.0	1.5839407088856547	0.6190287231769482	1.0
825_H-314	4.0	4.0	1.5847210239139127	0.6225141634871083	1.0
826_H-314	4.0	4.0	1.574745413820561	0.6153450963718821	1.0
827_H-314	4.0	4.0	1.6340289934883403	0.6362954451147499	1.0
828_H-314	4.0	4.0	1.5976546670031213	0.623520922401285	1.0
829_H-314	4.0	4.0	1.5761455942614062	0.6168170638030431	1.0
82_H-314	4.0	4.0	1.6131145766497603	0.6260664819944599	1.0
830_H-314	4.0	4.0	1.5408587047233082	0.6130536317601457	1.0
831_H-314	4.0	4.0	1.5494773575049299	0.6088396231318073	1.0
832_H-314	4.0	4.0	1.5450446503639164	0.6096274541052903	1.0
833_H-314	4.0	4.0	1.6020889786847794	0.6273585991513264	1.0
834_H-314	4.0	4.0	1.5597421244345488	0.6129734891843983	1.0
835_H-314	4.0	4.0	1.5655049230939377	0.6088715697691779	1.0
836_H-314	4.0	4.0	1.535423257352395	0.6051736593047135	1.0
837_H-314	4.0	4.0	1.5824265641240278	0.6195019260055541	1.0
838_H-314	4.0	4.0	1.6003379383925276	0.6244346372084097	1.0
839_H-314	4.0	4.0	1.5834934002450467	0.6189693842074048	1.0
83_H-314	4.0	4.0	1.4808942957578872	0.5949909953908611	1.0
840_H-314	4.0	4.0	1.5930111013305837	0.6181733640412377	1.0
841_H-314	4.0	4.0	1.5771973073310708	0.6167893333333334	1.0
842_H-314	4.0	4.0	1.5954979947512362	0.6255326704545454	1.0
843_H-314	4.0	4.0	1.5644443493060411	0.6155874114351623	1.0
844_H-314	4.0	4.0	1.5693923421045468	0.6189979358228561	1.0
845_H-314	4.0	4.0	1.5746876950468152	0.6190985740196859	1.0
846_H-314	4.0	4.0	1.5564791328210976	0.6056334958333637	1.0
847_H-314	4.0	4.0	1.6222432173363717	0.6267966578551454	1.0
848_H-314	4.0	4.0	1.5965268902485725	0.6243691958553556	1.0
849_H-314	4.0	4.0	1.5842504223677243	0.6182917611489039	1.0
84_H-314	4.0	4.0	1.5969123768174638	0.6264367816091954	1.0
850_H-314	4.0	4.0	1.626403942825785	0.6329398358064025	1.0
851_H-314	4.0	4.0	1.578535857807287	0.614271122602062	1.0
852_H-314	4.0	4.0	1.5799040242250273	0.6187377777777778	1.0
853_H-314	4.0	4.0	1.599234371836486	0.6285260860940289	1.0
854_H-314	4.0	4.0	1.5758061488825754	0.6172668513388735	1.0
855_H-314	4.0	4.0	1.552335003548006	0.6102519439148208	1.0
856_H-314	4.0	4.0	1.6100400773624293	0.6304542117526892	1.0
857_H-314	4.0	4.0	1.5396460998203763	0.6013878743608473	1.0
858_H-314	4.0	4.0	1.5618801877003547	0.6067607599729747	1.0
859_H-314	4.0	4.0	1.6043230991177628	0.6266691686995685	1.0
85_H-314	4.0	4.0	1.5578078733394984	0.6093769726044691	1.0
860_H-314	4.0	4.0	1.6219825334110678	0.6304109992939224	1.0
861_H-314	4.0	4.0	1.5938316471500558	0.6238096599845577	1.0
862_H-314	4.0	4.0	1.5941468561268506	0.621737243474487	1.0
863_H-314	4.0	4.0	1.6272277567723044	0.637400349750823	1.0
864_H-314	4.0	4.0	1.5503370125805522	0.6045579423133296	1.0
865_H-314	4.0	4.0	1.6012069867712648	0.6232414203531045	1.0
866_H-314	4.0	4.0	1.6213122409111755	0.6299515691050084	1.0
867_H-314	4.0	4.0	1.6073713740222733	0.6300462962962963	1.0
868_H-314	4.0	4.0	1.6409573190466333	0.6372922763027196	1.0
869_H-314	4.0	4.0	1.5603566582440163	0.6148146952479339	1.0
86_H-314	4.0	4.0	1.5692039389285375	0.6116571533225481	1.0
870_H-314	4.0	4.0	1.5793521125700107	0.6158920670439767	1.0
871_H-314	4.0	4.0	1.5249266506284895	0.6090045336484853	1.0
872_H-314	4.0	4.0	1.609234268088345	0.6283818938605619	1.0
873_H-314	4.0	4.0	1.5685811855622822	0.616718695802983	1.0
874_H-314	4.0	4.0	1.6053233844494008	0.6245688471047892	1.0
875_H-314	4.0	4.0	1.6152554511332915	0.6313517728225229	1.0
876_H-314	4.0	4.0	1.5962856919312705	0.6266087371972887	1.0
877_H-314	4.0	4.0	1.626260813876008	0.635074203469796	1.0
878_H-314	4.0	4.0	1.60389424227084	0.624438788641368	1.0
879_H-314	4.0	4.0	1.6253456936744306	0.6328954458180605	1.0
87_H-314	4.0	4.0	1.593303166932674	0.6185595299586777	1.0
880_H-314	4.0	4.0	1.5723079501011028	0.6156217716942148	1.0
881_H-314	4.0	4.0	1.580839093866809	0.6184419961923786	1.0
882_H-314	4.0	4.0	1.5959596409287586	0.6250230111768573	1.0
883_H-314	4.0	4.0	1.584047722971103	0.6167624037369019	1.0
884_H-314	4.0	4.0	1.5827873862035535	0.618073833073718	1.0
885_H-314	4.0	4.0	1.595788763950825	0.6250343274564728	1.0
886_H-314	4.0	4.0	1.5194162530063753	0.5993388479652215	1.0
887_H-314	4.0	4.0	1.5763742329638415	0.6108696273842547	1.0
888_H-314	4.0	4.0	1.5931582441143841	0.6203591836734694	1.0
889_H-314	4.0	4.0	1.583845183137276	0.6231244092627599	1.0
88_H-314	4.0	4.0	1.6011041840235603	0.625872899926954	1.0
890_H-314	4.0	4.0	1.602407473913938	0.626617969320672	1.0
891_H-314	4.0	4.0	1.5760221002739172	0.6191089801872045	1.0
892_H-314	4.0	4.0	1.5615137540270196	0.6122312037701695	1.0
893_H-314	4.0	4.0	1.6003887112129704	0.6260941828254848	1.0
894_H-314	4.0	4.0	1.6214096402768805	0.6322621452033724	1.0
895_H-314	4.0	4.0	1.581088040337035	0.6209590165821318	1.0
896_H-314	4.0	4.0	1.5604813625326908	0.6122663139963631	1.0
897_H-314	4.0	4.0	1.490615547033718	0.594983091275726	1.0
898_H-314	4.0	4.0	1.579594509237769	0.621044205021996	1.0
899_H-314	4.0	4.0	1.564754369684544	0.621358024691358	1.0
89_H-314	4.0	4.0	1.5636904475623128	0.6137941117090524	1.0
8_H-314	4.0	4.0	1.5689767983368885	0.6162725127226907	1.0
900_H-314	4.0	4.0	1.5547622609827316	0.6145228603728039	1.0
901_H-314	4.0	4.0	1.6008449635302633	0.6234850382108083	1.0
902_H-314	4.0	4.0	1.591817791723497	0.6215913394773387	1.0
903_H-314	4.0	4.0	1.5773314893913226	0.618246375665749	1.0
904_H-314	4.0	4.0	1.5983599962753368	0.6241349480968859	1.0
905_H-314	4.0	4.0	1.5705792192139483	0.6120661157024794	1.0
906_H-314	4.0	4.0	1.5893554105605572	0.6220820831002389	1.0
907_H-314	4.0	4.0	1.567559574242272	0.6119965316411016	1.0
908_H-314	4.0	4.0	1.6005381065993103	0.6271056245684004	1.0
909_H-314	4.0	4.0	1.573284640002301	0.609713972107438	1.0
90_H-314	4.0	4.0	1.5410785302994323	0.6024540292049756	1.0
910_H-314	4.0	4.0	1.566797435129649	0.613819855358317	1.0
911_H-314	4.0	4.0	1.6053860399303799	0.6268061172029067	1.0
912_H-314	4.0	4.0	1.5404120298250925	0.6010956902848794	1.0
913_H-314	4.0	4.0	1.5982621857729895	0.6245084096174776	1.0
914_H-314	4.0	4.0	1.5607937235403724	0.6203633217993079	1.0
915_H-314	4.0	4.0	1.5541274138159227	0.6161920000000001	1.0
916_H-314	4.0	4.0	1.5007472030965199	0.5907047504180258	1.0
917_H-314	4.0	4.0	1.5135478062420218	0.5937552206889638	1.0
918_H-314	4.0	4.0	1.6054497865834985	0.6250141466727026	1.0
919_H-314	4.0	4.0	1.5423868671954066	0.6101756143217216	1.0
91_H-314	4.0	4.0	1.5798614177659178	0.6190054047870972	1.0
920_H-314	4.0	4.0	1.5841405842206435	0.6261922483713293	1.0
921_H-314	4.0	4.0	1.5998115569844862	0.6255303280822351	1.0
922_H-314	4.0	4.0	1.5835520396625489	0.6232181020997201	1.0
923_H-314	4.0	4.0	1.632850434939475	0.634045133901497	1.0
924_H-314	4.0	4.0	1.600681718686562	0.6274441802087463	1.0
925_H-314	4.0	4.0	1.5450339755757678	0.6040064056735966	1.0
926_H-314	4.0	4.0	1.5936418490486117	0.6268288898421883	1.0
927_H-314	4.0	4.0	1.5943566990390825	0.6263402480333697	1.0
928_H-314	4.0	4.0	1.614652844012623	0.6334359005839427	1.0
929_H-314	4.0	4.0	1.5460780329699286	0.6061628357438016	1.0
92_H-314	4.0	4.0	1.5881236858581584	0.6240759058725531	1.0
930_H-314	4.0	4.0	1.6143970694885048	0.6273471959672338	1.0
931_H-314	4.0	4.0	1.5325548681372876	0.6050247656050867	1.0
932_H-314	4.0	4.0	1.5870965353778292	0.6169314267668422	1.0
933_H-314	4.0	4.0	1.6146423239112313	0.630235457063712	1.0
934_H-314	4.0	4.0	1.5798888720359658	0.620563928050559	1.0
935_H-314	4.0	4.0	1.5862559292050598	0.625578101514626	1.0
936_H-314	4.0	4.0	1.577005626007532	0.6096260633270321	1.0
937_H-314	4.0	4.0	1.6328665633942125	0.6326110691190057	1.0
938_H-314	4.0	4.0	1.5469592734478324	0.6111831554392615	1.0
939_H-314	4.0	4.0	1.5602762244567956	0.6137090931046976	1.0
93_H-314	4.0	4.0	1.5943631531800646	0.6247091412742383	1.0
940_H-314	4.0	4.0	1.596634092454346	0.6205139616792382	1.0
941_H-314	4.0	4.0	1.5003125924948302	0.5973167816228496	1.0
942_H-314	4.0	4.0	1.5455604327486308	0.6119509532207945	1.0
943_H-314	4.0	4.0	1.5866762440353523	0.6134414061132313	1.0
944_H-314	4.0	4.0	1.6138649007203054	0.6264149689807241	1.0
945_H-314	4.0	4.0	1.6069772470296815	0.6231303312834755	1.0
946_H-314	4.0	4.0	1.6030588662294991	0.6234665547520661	1.0
947_H-314	4.0	4.0	1.5791443665118883	0.6193975532599871	1.0
948_H-314	4.0	4.0	1.638807309785761	0.6368572287747669	1.0
949_H-314	4.0	4.0	1.5566137770861268	0.6126222678420481	1.0
94_H-314	4.0	4.0	1.5885253426947215	0.6198005315178119	1.0
950_H-314	4.0	4.0	1.5820839228226355	0.618943055997393	1.0
951_H-314	4.0	4.0	1.5745074732901285	0.6110771954458044	1.0
952_H-314	4.0	4.0	1.611517087468813	0.62203154536862	1.0
953_H-314	4.0	4.0	1.549361093457437	0.6045795985355384	1.0
954_H-314	4.0	4.0	1.628267727870211	0.6302796555301062	1.0
955_H-314	4.0	4.0	1.623239749428409	0.6308704709001389	1.0
956_H-314	4.0	4.0	1.528536278235174	0.5997016776937618	1.0
957_H-314	4.0	4.0	1.6253960315141625	0.6276808802879046	1.0
958_H-314	4.0	4.0	1.587169170175471	0.6214553890296389	1.0
959_H-314	4.0	4.0	1.5593877526532183	0.6092633131684047	1.0
95_H-314	4.0	4.0	1.6349937206123144	0.6375622948583168	1.0
960_H-314	4.0	4.0	1.5475854713469979	0.6110372784711446	1.0
961_H-314	4.0	4.0	1.5184820119938613	0.601256963690826	1.0
962_H-314	4.0	4.0	1.5809298449918106	0.6176818550567875	1.0
963_H-314	4.0	4.0	1.572754110572416	0.6178958209793701	1.0
964_H-314	4.0	4.0	1.5589518301939207	0.6084722222222222	1.0
965_H-314	4.0	4.0	1.5554471885099388	0.6145152139508496	1.0
966_H-314	4.0	4.0	1.5897965574364972	0.6215656303101311	1.0
967_H-314	4.0	4.0	1.569289119279154	0.6181714285714286	1.0
968_H-314	4.0	4.0	1.6194972357493902	0.6316266151430986	1.0
969_H-314	4.0	4.0	1.587169170175471	0.6214553890296389	1.0
96_H-314	4.0	4.0	1.6213540107700626	0.6276754775731773	1.0
970_H-314	4.0	4.0	1.5719770640169666	0.6157368888888888	1.0
971_H-314	4.0	4.0	1.5771355281892125	0.6190349240202613	1.0
972_H-314	4.0	4.0	1.602369865651144	0.6259083296796498	1.0
973_H-314	4.0	4.0	1.5553421813281199	0.6140222642302038	1.0
974_H-314	4.0	4.0	1.5588841797025657	0.6131944444444445	1.0
975_H-314	4.0	4.0	1.57720333279517	0.6227158551950501	1.0
976_H-314	4.0	4.0	1.597339831222027	0.6244853011586708	1.0
977_H-314	4.0	4.0	1.4582249761751447	0.5859722222222222	1.0
978_H-314	4.0	4.0	1.5840387722821114	0.6192242141143796	1.0
979_H-314	4.0	4.0	1.5904776838882566	0.6233967768716878	1.0
97_H-314	4.0	4.0	1.586212270437659	0.6167451523545706	1.0
980_H-314	4.0	4.0	1.6014535883696042	0.6282622630566832	1.0
981_H-314	4.0	4.0	1.56464127505999	0.6132213294375457	1.0
982_H-314	4.0	4.0	1.5399416558277974	0.6041666666666666	1.0
983_H-314	4.0	4.0	1.528741185674086	0.6009853816121622	1.0
984_H-314	4.0	4.0	1.599203674382323	0.6243704803719008	1.0
985_H-314	4.0	4.0	1.576453293055766	0.6147938961553705	1.0
986_H-314	4.0	4.0	1.5743966831752894	0.6163703470660906	1.0
987_H-314	4.0	4.0	1.586619508827269	0.6202042779538253	1.0
988_H-314	4.0	4.0	1.5461225975794621	0.6113366502854003	1.0
989_H-314	4.0	4.0	1.6021143544644172	0.6233028966177627	1.0
98_H-314	4.0	4.0	1.582752736222999	0.6164301111391058	1.0
990_H-314	4.0	4.0	1.5941112341242583	0.6223828249548304	1.0
991_H-314	4.0	4.0	1.6103567229327844	0.6298152397053496	1.0
992_H-314	4.0	4.0	1.524854727934652	0.5982077229766352	1.0
993_H-314	4.0	4.0	1.553979016949666	0.6083210728836577	1.0
994_H-314	4.0	4.0	1.6144189127282171	0.6266994586082906	1.0
995_H-314	4.0	4.0	1.578831936871285	0.61840450229643	1.0
996_H-314	4.0	4.0	1.5443032458913453	0.6080995555555555	1.0
997_H-314	4.0	4.0	1.6482107757782238	0.6341591149267272	1.0
998_H-314	4.0	4.0	1.5970929176518107	0.6250114465370411	1.0
999_H-314	4.0	4.0	1.6335578291813517	0.6357091257376157	1.0
99_H-314	4.0	4.0	1.6254876095186495	0.6332572244584109	1.0
9_H-314	4.0	4.0	1.554906354778019	0.6102749198853095	1.0
