	chao1	observed_otus	shannon	simpson	goods_coverage
1000_H-118	2.0	2.0	0.007311817651311553	0.0012039122795628465	1.0
100_H-118	3.0	3.0	0.006012712269018265	0.0008909566815618053	0.9998514557338086
101_H-118	4.5	4.0	0.008078362192248867	0.0011817273427847663	0.999704448056746
102_H-118	3.0	3.0	0.009443366377305716	0.0015052980488093892	0.9998493749058593
103_H-118	4.0	4.0	0.018118387018811473	0.0029338818917503673	1.0
104_H-118	2.0	2.0	0.007124008027925666	0.0011689066721385366	1.0
105_H-118	2.0	2.0	0.00728379814587325	0.0011986810193105324	1.0
106_H-118	3.0	3.0	0.006063409161714306	0.0008993703305957279	0.9998500524816314
107_H-118	3.0	3.0	0.006030314247615348	0.0008938768348507597	0.9998509687034277
108_H-118	3.0	3.0	0.00977470616284026	0.0015307366845062065	1.0
109_H-118	4.0	4.0	0.011736912501228932	0.0018022972231550582	0.9998497144574692
10_H-118	2.0	2.0	0.0021741895742282873	0.0003082138931249645	0.999845869297164
110_H-118	5.0	4.0	0.011611745803498422	0.0018130988056326292	0.9996976111279104
111_H-118	2.0	2.0	0.00566159306485704	0.0009013067117875639	1.0
112_H-118	2.0	2.0	0.0071935802857552725	0.0011818580592579675	1.0
113_H-118	3.0	3.0	0.007938615012443138	0.0012082764470755514	1.0
114_H-118	2.0	2.0	0.007226542056402039	0.0011880007683322535	1.0
115_H-118	2.0	2.0	0.005674426092775158	0.0009036142732099517	1.0
116_H-118	2.0	2.0	0.005648071815684302	0.0008988762227628566	1.0
117_H-118	2.0	2.0	0.00401257510464951	0.0006116207378732419	1.0
118_H-118	3.0	3.0	0.007862513692954994	0.0011952784089765967	1.0
119_H-118	3.0	3.0	0.012705979653333728	0.0021324726704008423	0.9998475377344107
11_H-118	3.0	3.0	0.006081325589130276	0.0009023459886671192	0.9998495561907628
120_H-118	3.0	3.0	0.007773605248774	0.001180114829894885	1.0
121_H-118	3.0	3.0	0.012704116865711523	0.0020785156172380415	1.0
122_H-118	4.5	4.0	0.008022186454157504	0.0011725475357109438	0.9997067448680352
123_H-118	3.0	3.0	0.007920316430671913	0.001224880079176316	0.9998468137254902
124_H-118	2.0	2.0	0.0055179437291174175	0.0008755287974853143	1.0
125_H-118	5.0	4.0	0.013169307220747202	0.0021089314243624147	0.9996984773104176
126_H-118	1.0	1.0	-0.0	0.0	1.0
127_H-118	3.0	3.0	0.009453447235080287	0.0015071129714534504	0.9998491931835319
128_H-118	4.0	4.0	0.009901011171644696	0.0014811738989426448	0.9998518079430943
129_H-118	3.0	3.0	0.006035133634121166	0.0008946765654104238	0.9998508353221957
12_H-118	4.0	3.0	0.00415504673026929	0.0005859517771606981	0.9997069597069597
130_H-118	2.0	2.0	0.0021838612400108975	0.0003097413585280151	0.9998451053283767
131_H-118	2.0	2.0	0.008851691068727931	0.0014958854745599215	1.0
132_H-118	3.0	3.0	0.011377829829745662	0.001825464318825909	1.0
133_H-118	3.0	3.0	0.014081133061097664	0.0023472435155178495	1.0
134_H-118	5.0	4.0	0.012989344000072763	0.002076401813032258	0.9997031319578448
135_H-118	4.0	4.0	0.01648039323465962	0.0026680696316776498	0.9998516320474777
136_H-118	2.0	2.0	0.003905861329192585	0.0005933837186895552	1.0
137_H-118	3.0	3.0	0.00769754751796409	0.0011861953724208174	0.9998516540572615
138_H-118	2.0	2.0	0.005524371147942069	0.0008766801353208287	1.0
139_H-118	4.5	4.0	0.008198738683923675	0.0012014264891133664	0.9996995192307693
13_H-118	2.0	2.0	0.008796219325723274	0.0014852212204201631	1.0
140_H-118	3.0	3.0	0.006179358185966541	0.0009186484485573798	0.9998468371879308
141_H-118	3.0	3.0	0.011173288797754729	0.001832852763055448	0.9998471415469276
142_H-118	3.0	3.0	0.006173449890989575	0.0009176649353023203	0.9998470012239902
143_H-118	2.0	2.0	0.0056503206173803035	0.0008992803935625737	1.0
144_H-118	3.0	3.0	0.006196304833033426	0.0009214701385727997	0.9998463665693655
145_H-118	2.0	2.0	0.002135226823597259	0.00030206916694797137	0.9998489425981874
146_H-118	3.0	3.0	0.007740422389380796	0.001193628724243223	0.999850723988655
147_H-118	4.0	3.0	0.004298415174104152	0.0006085038094810757	0.9996956786366403
148_H-118	4.0	3.0	0.004305474144822048	0.0006096166716239582	0.9996951219512196
149_H-118	2.0	2.0	0.00392557541136099	0.0005967476717410047	1.0
14_H-118	2.0	2.0	0.0021817378461301685	0.00030940593318673493	0.9998452730929909
150_H-118	4.5	4.0	0.008360649168456595	0.001227982435752617	0.9996928746928747
151_H-118	5.0	4.0	0.011723463161252484	0.0018327597287315367	0.9996943298181262
152_H-118	3.0	3.0	0.006038351066332567	0.0008952105145912936	0.9998507462686567
153_H-118	2.0	2.0	0.003925053932353673	0.0005966586580825606	1.0
154_H-118	2.0	2.0	0.0021439527047524584	0.00030344408343907503	0.9998482549317147
155_H-118	2.0	2.0	0.007185155758967945	0.0011802887593013178	1.0
156_H-118	2.0	2.0	0.003974184598820287	0.0006050521303417877	1.0
157_H-118	2.0	2.0	0.002121991062802	0.0002999849939988586	0.9998499849984999
158_H-118	3.0	3.0	0.009540444814606187	0.001489468973283281	1.0
159_H-118	3.0	3.0	0.006119977612921878	0.0009087695133149776	0.9998484848484849
15_H-118	2.0	2.0	0.002088813260542464	0.00029476786389737164	0.9998525943396226
160_H-118	2.0	2.0	0.0020709983003541557	0.0002919707966955176	0.9998539932836911
161_H-118	3.0	3.0	0.0077349913353922635	0.0011735365188937363	1.0
162_H-118	2.0	2.0	0.004110626965735541	0.0006284367014639525	1.0
163_H-118	2.0	2.0	0.003920367184215753	0.0005958587285477268	1.0
164_H-118	3.0	3.0	0.007836122893558947	0.0012102413772936416	0.9998486453761163
165_H-118	3.0	3.0	0.01120307487786639	0.0017938104766864749	1.0
166_H-118	3.0	3.0	0.007645153223304473	0.0011771194657067552	0.9998527896363903
167_H-118	4.0	3.0	0.004206004603271483	0.000593956463207479	0.999702955591861
168_H-118	3.0	3.0	0.009383017105167108	0.0014618168797321252	1.0
169_H-118	3.0	3.0	0.0060512569924765615	0.0008973526998565795	0.9998503889886295
16_H-118	3.0	3.0	0.014704790984029147	0.002432671737006342	1.0
170_H-118	3.0	3.0	0.007762049345990273	0.0011973804460538862	0.9998502545672358
171_H-118	2.0	2.0	0.003916211077778216	0.000595149478587409	1.0
172_H-118	2.0	2.0	0.003899679106039708	0.0005923292831242488	1.0
173_H-118	2.0	2.0	0.0021375464228613602	0.00030243459160028685	0.9998487598306111
174_H-118	2.0	2.0	0.005680486458412512	0.0009047042779182224	1.0
175_H-118	2.0	2.0	0.0021254272284697024	0.000300525913573102	0.9998497144574692
176_H-118	3.0	3.0	0.007980488812031568	0.0012154357849496478	1.0
177_H-118	2.0	2.0	0.0020974235242066084	0.00029612081080010455	0.9998519176662224
178_H-118	2.0	2.0	0.004030134760778268	0.0006146280918868374	1.0
179_H-118	2.0	2.0	0.0021753936089294445	0.00030840400191656236	0.9998457742134484
17_H-118	3.0	3.0	0.007722881307678425	0.0011714743673665318	1.0
180_H-118	3.0	3.0	0.006099353848844065	0.0009053414026344297	0.9998490566037735
181_H-118	2.0	2.0	0.010318109986785451	0.0017814712681236688	1.0
182_H-118	3.0	3.0	0.007539198369214883	0.0011402506465301165	1.0
183_H-118	4.0	3.0	0.004306653008484468	0.0006098025445131494	0.9996950289722476
184_H-118	2.0	2.0	0.0039302753031721345	0.0005975499914430138	1.0
185_H-118	3.0	3.0	0.009222400979903709	0.001465587437910476	0.9998533509312216
186_H-118	2.0	2.0	0.0021655020143916803	0.0003068425825265564	0.9998465551634188
187_H-118	2.0	2.0	0.00391051157247728	0.0005941770122910306	1.0
188_H-118	3.0	3.0	0.011154391197271173	0.001785005088682734	1.0
189_H-118	5.0	4.0	0.01262043761367304	0.002009925353415154	0.9997126436781609
18_H-118	2.0	2.0	0.002163118263638612	0.0003064664347265378	0.9998467432950191
190_H-118	2.0	2.0	0.005697986447512591	0.0009078527405932402	1.0
191_H-118	3.0	3.0	0.006081325589130276	0.0009023459886671192	0.9998495561907628
192_H-118	2.0	2.0	0.00209853996027098	0.00029629628979122025	0.9998518299007261
193_H-118	2.0	2.0	0.003965639846915657	0.0006035913136346327	1.0
194_H-118	4.0	4.0	0.011740471607470113	0.001783590331949525	1.0
195_H-118	2.0	2.0	0.0021568870647164454	0.0003054834203950474	0.9998472349526428
196_H-118	2.0	2.0	0.005585132173644485	0.0008875737895368552	1.0
197_H-118	4.5	4.0	0.00812347030711739	0.0011891046281835571	0.9997026022304832
198_H-118	2.0	2.0	0.003982768258012737	0.0006065200351645927	1.0
199_H-118	4.0	3.0	0.004145227948128215	0.0005844108127405212	0.9997077305275464
19_H-118	2.0	2.0	0.00725886968644653	0.00119402942465352	1.0
1_H-118	2.0	2.0	0.010372086003366265	0.0017921132538356588	1.0
200_H-118	3.0	3.0	0.009413572124421147	0.0014671787447042561	1.0
201_H-118	5.0	4.0	0.0097492566155632	0.0014743604487718054	0.9997049712346954
202_H-118	3.0	3.0	0.007740049002511408	0.0011743978929859011	1.0
203_H-118	2.0	2.0	0.0021092087006397177	0.0002979737716914954	0.9998509909104455
204_H-118	2.0	2.0	0.0021545231813632935	0.0003051105954905431	0.9998474214220323
205_H-118	3.0	3.0	0.007750185278745262	0.0011761244402305193	1.0
206_H-118	1.0	1.0	-0.0	0.0	1.0
207_H-118	2.0	2.0	0.002107516593391324	0.000297707644488332	0.9998511240136966
208_H-118	2.0	2.0	0.003848951484016941	0.0005836859272014827	1.0
209_H-118	4.0	4.0	0.011626666382105922	0.0017832810491839046	0.9998513011152417
20_H-118	3.0	3.0	0.01133968151005578	0.0018185482910216821	1.0
210_H-118	3.0	3.0	0.009463550859930947	0.0015089322758465862	0.9998490110221954
211_H-118	2.0	2.0	0.005651070638420513	0.0008994151979442311	1.0
212_H-118	3.0	3.0	0.006109234963084056	0.0009069836621519167	0.999848782700741
213_H-118	4.0	3.0	0.004264636673587688	0.000603181753035309	0.9996983408748115
214_H-118	3.0	3.0	0.006120805618430103	0.0009089071778201063	0.9998484618881649
215_H-118	3.0	3.0	0.010734590839295014	0.00175152550638491	0.9998539293017821
216_H-118	4.5	4.0	0.00805282190546867	0.0011775527047858114	0.9997054925636872
217_H-118	1.0	1.0	-0.0	0.0	1.0
218_H-118	2.0	2.0	0.005672156976182513	0.0009032061982872097	1.0
219_H-118	3.0	3.0	0.00766722796980733	0.0011809422676887227	0.9998523113277211
21_H-118	2.0	2.0	0.0038971092628278933	0.0005918910401683242	1.0
220_H-118	2.0	2.0	0.0020896432660554355	0.00029489825368700373	0.9998525291254977
221_H-118	2.0	2.0	0.002139580419253436	0.0003027550642076271	0.9998485995457986
222_H-118	4.0	4.0	0.014546222267945903	0.0023279905845507987	0.999854376001165
223_H-118	2.0	2.0	0.0039507793442784935	0.0006010517864041276	1.0
224_H-118	3.0	3.0	0.009859122632474076	0.0015456422990216545	1.0
225_H-118	7.0	4.0	0.00617243928066013	0.0008694391386405709	0.9995651543701985
226_H-118	2.0	2.0	0.002119992016269817	0.00029967035587152857	0.9998501423647534
227_H-118	2.0	2.0	0.0021265752161528403	0.00030070665385273365	0.9998496240601503
228_H-118	4.0	4.0	0.015117803329304255	0.002408322039666566	0.9998493522145224
229_H-118	1.0	1.0	-0.0	0.0	1.0
22_H-118	4.0	3.0	0.004228004880336661	0.0005974161450452709	0.9997012249775918
230_H-118	2.0	2.0	0.0039752554229346634	0.0006052352297576391	1.0
231_H-118	7.0	4.0	0.006451098014507572	0.0009132419244526346	0.9995432399512789
232_H-118	4.5	4.0	0.008358354315305247	0.0012276055663016372	0.9996929689898679
233_H-118	2.0	2.0	0.0021111864364063136	0.0002982848554065054	0.9998508353221957
234_H-118	4.5	4.0	0.008215296043120017	0.001204139022119688	0.9996988405360638
235_H-118	2.0	2.0	0.002071541694246431	0.0002920560685368834	0.9998539506353147
236_H-118	1.0	1.0	-0.0	0.0	1.0
237_H-118	2.0	2.0	0.002121419502695737	0.0002998950299921699	0.9998500299940012
238_H-118	3.0	3.0	0.0061861251204940425	0.0009197750483082023	0.9998466492869191
239_H-118	3.0	3.0	0.007845619173494326	0.0012118913931407072	0.9998484389208852
23_H-118	2.0	2.0	0.004100880751774069	0.0006267627086997685	1.0
240_H-118	3.0	3.0	0.006235656086833346	0.0009280262762342284	0.9998452730929909
241_H-118	2.0	2.0	0.008933930193728528	0.0015117149324477275	1.0
242_H-118	2.0	2.0	0.002140162308127228	0.00030284675259339977	0.9998485536877177
243_H-118	3.0	3.0	0.01415979987546361	0.0023621444213021148	1.0
244_H-118	2.0	2.0	0.0055322483952701725	0.0008780914448143218	1.0
245_H-118	4.0	4.0	0.009996197491792912	0.0014971400733998497	0.999850209706411
246_H-118	2.0	2.0	0.003919847162494192	0.0005957699798699867	1.0
247_H-118	2.0	2.0	0.008906730637152955	0.001506476998757833	1.0
248_H-118	2.0	2.0	0.003880746415278627	0.0005891015688888057	1.0
249_H-118	2.0	2.0	0.0021410357650640394	0.00030298438934805993	0.9998484848484849
24_H-118	4.0	4.0	0.010066151393361257	0.0015088869489370271	0.9998490338164251
250_H-118	4.0	4.0	0.01169628568881522	0.0017952866721645533	0.9998502994011976
251_H-118	3.0	3.0	0.007921394410358502	0.0012250676492497892	0.9998467902558603
252_H-118	3.0	3.0	0.00614241686980311	0.0009125011523729576	0.9998478624676708
253_H-118	2.0	2.0	0.010258094834723626	0.001769649106085236	1.0
254_H-118	3.0	3.0	0.0060642211336459865	0.0008995051619550276	0.9998500299940012
255_H-118	3.0	3.0	0.0060715391966274495	0.000900720465868754	0.9998498273013966
256_H-118	3.0	3.0	0.0060214997169461566	0.0008924143693855857	0.99985121261717
257_H-118	2.0	2.0	0.0038665472351539333	0.0005866822610152145	1.0
258_H-118	3.0	3.0	0.007560131865251572	0.0011624102894127741	0.9998546300334351
259_H-118	3.0	3.0	0.009756153690418358	0.0015274632838980784	1.0
25_H-118	2.0	2.0	0.007431232303674024	0.0012262411080583568	1.0
260_H-118	3.0	3.0	0.011188274882094972	0.0017911330170152784	1.0
261_H-118	2.0	2.0	0.0021225629464906555	0.0003000750119976914	0.9998499399759904
262_H-118	4.0	4.0	0.011952739341695173	0.0018395965810676929	0.9998466022396073
263_H-118	2.0	2.0	0.002146878005573691	0.00030390517456413413	0.9998480243161094
264_H-118	2.0	2.0	0.0038935174734655875	0.0005912785883492866	1.0
265_H-118	2.0	2.0	0.0021077984132193304	0.00029775196600545506	0.9998511018463371
266_H-118	3.0	3.0	0.007928948944446498	0.0012263822499906096	0.9998466257668711
267_H-118	7.0	4.0	0.006437898712466618	0.0009111616471050299	0.9995442807230746
268_H-118	1.0	1.0	-0.0	0.0	1.0
269_H-118	2.0	2.0	0.003964574475175337	0.0006034092073734509	1.0
26_H-118	3.0	3.0	0.00591934520159465	0.0008754862797692997	0.9998540359071668
270_H-118	3.0	3.0	0.0060271058221515825	0.000893344474960589	0.9998510574918081
271_H-118	3.0	3.0	0.011198630535985757	0.0017930063986630884	1.0
272_H-118	2.0	2.0	0.002088260308135653	0.00029468100140972453	0.9998526377836723
273_H-118	2.0	2.0	0.0020786331665535976	0.0002931691523031521	0.9998533939305088
274_H-118	2.0	2.0	0.005605700980268422	0.0008912654199950687	1.0
275_H-118	7.0	4.0	0.006428255222562701	0.0009096421237163588	0.9995450409463148
276_H-118	4.0	3.0	0.004256566596784727	0.0006019110369597236	0.9996989765201686
277_H-118	3.0	3.0	0.005946487875594077	0.0008799803417530727	0.9998532863849765
278_H-118	2.0	2.0	0.0021681903396990553	0.0003072668540144985	0.9998463429625076
279_H-118	2.0	2.0	0.003870592958311751	0.0005873714617903314	1.0
27_H-118	2.0	2.0	0.0020982607342425446	0.00029625240054853563	0.9998518518518519
280_H-118	3.0	3.0	0.014293627134650775	0.0023875229304580747	1.0
281_H-118	2.0	2.0	0.0020960297323165326	0.00029590175413662934	0.9998520272269902
282_H-118	3.0	3.0	0.0060343298399549074	0.0008945431776234969	0.9998508575689784
283_H-118	1.0	1.0	-0.0	0.0	1.0
284_H-118	5.0	4.0	0.01137549043174286	0.0017716091675744616	0.999704535381888
285_H-118	2.0	2.0	0.005712529129825853	0.0009104702208546644	1.0
286_H-118	4.0	3.0	0.004340538082756839	0.0006151479872430476	0.9996923550223042
287_H-118	4.0	3.0	0.004198165596153326	0.0005927242798092758	0.9997035719579073
288_H-118	4.0	4.0	0.011854189387934831	0.0018225533762623591	0.9998480243161094
289_H-118	7.0	4.0	0.006276317938958322	0.0008857395153039072	0.9995569994093325
28_H-118	3.0	3.0	0.009186630128286634	0.0014591718087189065	0.9998539932836911
290_H-118	4.0	3.0	0.004084683678938331	0.0005749191252597541	0.9997124784358827
291_H-118	4.0	3.0	0.004198724507393812	0.0005928121233396144	0.9997035280166024
292_H-118	3.0	3.0	0.007827702088944245	0.0012087784639344124	0.999848828420257
293_H-118	2.0	2.0	0.0072237042394151015	0.0011874717495126141	1.0
294_H-118	2.0	2.0	0.005689602695524529	0.0009063442245758058	1.0
295_H-118	4.0	4.0	0.011707194474411535	0.00179716875741609	0.9998501423647534
296_H-118	2.0	2.0	0.002121419502695737	0.0002998950299921699	0.9998500299940012
297_H-118	3.0	3.0	0.009506747098266261	0.0015167135741187554	0.9998482319016543
298_H-118	2.0	2.0	0.007457432893511707	0.0012311475784567705	1.0
299_H-118	2.0	2.0	0.003904313837288208	0.0005931197580071323	1.0
29_H-118	3.0	3.0	0.007799422264238289	0.0012038671358641784	0.9998494429388738
2_H-118	2.0	2.0	0.005618267466593726	0.0008935217872461099	1.0
300_H-118	3.0	3.0	0.008035220566952439	0.0012448936707660785	0.9998443095126888
301_H-118	3.0	3.0	0.008072279915074783	0.001231147782892239	1.0
302_H-118	2.0	2.0	0.002093247976755187	0.0002954646116617443	0.9998522458628841
303_H-118	4.5	4.0	0.008352622977671115	0.001226664403937816	0.9996932044792146
304_H-118	2.0	2.0	0.003909994302504257	0.0005940887638273828	1.0
305_H-118	3.0	3.0	0.009493999126385648	0.001514416638779048	0.9998484618881649
306_H-118	3.0	3.0	0.00934871889448708	0.0014882718311600707	0.9998510796723753
307_H-118	2.0	2.0	0.003883803410460691	0.0005896225902330965	1.0
308_H-118	3.0	3.0	0.009263298773316136	0.0014729270264882688	0.999852616064849
309_H-118	4.0	4.0	0.011478032919167899	0.001757683107904029	0.9998534369045874
30_H-118	2.0	2.0	0.00562271692099143	0.0008943208822791426	1.0
310_H-118	1.0	1.0	-0.0	0.0	1.0
311_H-118	2.0	2.0	0.002184772595757975	0.0003098853349814412	0.9998450333178367
312_H-118	3.0	3.0	0.009420767283960862	0.001501230411857346	0.9998497821841671
313_H-118	2.0	2.0	0.010425292880445008	0.0018026123229915036	1.0
314_H-118	4.5	4.0	0.008293503618207541	0.0012169611863585006	0.9996956323238472
315_H-118	3.0	3.0	0.006054492554465077	0.0008978898490444864	0.9998502994011976
316_H-118	2.0	2.0	0.0020940816888622396	0.0002955956187258302	0.9998521803399852
317_H-118	3.0	3.0	0.00795681061731039	0.0012113867879479656	1.0
318_H-118	2.0	2.0	0.0021326235866645734	0.0003016591183240269	0.9998491476844169
319_H-118	2.0	2.0	0.007285723228167107	0.0011990403359041224	1.0
31_H-118	2.0	2.0	0.008808866435666614	0.0014876516600690337	1.0
320_H-118	2.0	2.0	0.00903235266862964	0.001530689443363098	1.0
321_H-118	3.0	3.0	0.00796585970890452	0.0012328077961792916	0.9998458217699661
322_H-118	2.0	2.0	0.0039968003867473	0.0006089206316015616	1.0
323_H-118	2.0	2.0	0.002104983772149287	0.0002973093438072283	0.9998513232233125
324_H-118	3.0	3.0	0.006012712269018265	0.0008909566815618053	0.9998514557338086
325_H-118	2.0	2.0	0.005753513329521291	0.0009178520323023243	1.0
326_H-118	3.0	3.0	0.0059652519675169975	0.0008830887443274094	0.9998527679623086
327_H-118	3.0	3.0	0.005980195525141352	0.0008855651807385678	0.9998523549387273
328_H-118	2.0	2.0	0.003878202790881701	0.0005886680873090633	1.0
329_H-118	2.0	2.0	0.008963695377563934	0.0015174498079839616	1.0
32_H-118	2.0	2.0	0.0021248537226673083	0.0003004356248845763	0.9998497596153846
330_H-118	2.0	2.0	0.0038746476147280056	0.0005880622837368676	1.0
331_H-118	2.0	2.0	0.0021381271500831426	0.00030252608595149333	0.9998487140695915
332_H-118	3.0	3.0	0.006065845764524157	0.0008997749459913607	0.9998499849984999
333_H-118	2.0	2.0	0.003961381977059519	0.0006028635473001032	1.0
334_H-118	3.0	3.0	0.0076053588301443235	0.0011702319532178596	0.9998536513976292
335_H-118	3.0	3.0	0.013020177961889322	0.0021372165784154795	1.0
336_H-118	3.0	3.0	0.007652162451525541	0.001178333124429165	0.9998526377836723
337_H-118	2.0	2.0	0.007279951209306453	0.0011979630317948686	1.0
338_H-118	2.0	2.0	0.0021165742670307417	0.00029913250901092425	0.999850411368736
339_H-118	3.0	3.0	0.012779159084822488	0.0020690807385799204	1.0
33_H-118	3.0	3.0	0.00786042170647225	0.0011949213431280414	1.0
340_H-118	2.0	2.0	0.0057714929558256535	0.000921092834849313	1.0
341_H-118	3.0	3.0	0.006091965066493732	0.0009041136055668586	0.9998492613807658
342_H-118	4.0	4.0	0.011980512862446292	0.0018444032695238421	0.9998462011688711
343_H-118	3.0	3.0	0.005954291126561872	0.0008812728462354036	0.9998530708198649
344_H-118	2.0	2.0	0.005726378950058844	0.0009129638996654421	1.0
345_H-118	2.0	2.0	0.0021117522194955556	0.0002983738558066662	0.9998507908087139
346_H-118	2.0	2.0	0.005472689205462008	0.0008674279124436524	1.0
347_H-118	2.0	2.0	0.002161036999072632	0.000306138061093586	0.9998469075321494
348_H-118	4.0	3.0	0.004324417695836132	0.0006126043018311877	0.9996936274509803
349_H-118	2.0	2.0	0.003909477176743046	0.0005940005415732141	1.0
34_H-118	4.0	4.0	0.011617449769403907	0.0017816924206294216	0.9998514336651315
350_H-118	2.0	2.0	0.0021168586373482567	0.00029917725583139543	0.9998503889886295
351_H-118	3.0	3.0	0.007836122893558947	0.0012102413772936416	0.9998486453761163
352_H-118	3.0	3.0	0.006105113738747756	0.0009062986638361803	0.9998488969477184
353_H-118	4.0	3.0	0.00413437518471219	0.0005827081082263597	0.9997085822526592
354_H-118	3.0	3.0	0.00603111691593919	0.0008940100239763771	0.9998509464897898
355_H-118	3.0	3.0	0.00764815551930312	0.0011776392988910311	0.9998527245949926
356_H-118	3.0	3.0	0.011318436293055746	0.0018146981573439191	1.0
357_H-118	2.0	2.0	0.0037937616356891	0.0005743000244062824	1.0
358_H-118	1.0	1.0	-0.0	0.0	1.0
359_H-118	2.0	2.0	0.003926618807653642	0.0005969257787592497	1.0
35_H-118	3.0	3.0	0.009588639388965906	0.00149794732559283	1.0
360_H-118	2.0	2.0	0.005537273556730266	0.0008789919191385387	1.0
361_H-118	3.0	3.0	0.009593742420316027	0.0014988454018852737	1.0
362_H-118	4.0	3.0	0.004363441148196221	0.000618763985541948	0.9996905461859817
363_H-118	3.0	3.0	0.00794288843554974	0.0012090068541782406	1.0
364_H-118	2.0	2.0	0.004019689226651809	0.0006128389189823391	1.0
365_H-118	1.0	1.0	-0.0	0.0	1.0
366_H-118	3.0	3.0	0.009556811790131145	0.0015257385933220569	0.9998473282442748
367_H-118	2.0	2.0	0.003973649414767348	0.0006049606221720794	1.0
368_H-118	3.0	3.0	0.010927701608128	0.00178726467168977	0.9998509464897898
369_H-118	3.0	3.0	0.006078875878474274	0.000901939058171819	0.9998496240601503
36_H-118	3.0	3.0	0.012501831508477878	0.0020935679801673546	0.9998503218081125
370_H-118	1.0	1.0	-0.0	0.0	1.0
371_H-118	4.0	3.0	0.0042348229209850305	0.0005984887855806642	0.9997006884166417
372_H-118	3.0	3.0	0.006078059769902185	0.0009018034962224863	0.9998496466696737
373_H-118	3.0	3.0	0.010930575232472282	0.0017877972158406585	0.999850902042642
374_H-118	3.0	3.0	0.006023100340735285	0.0008926799161482757	0.9998511683286203
375_H-118	1.0	1.0	-0.0	0.0	1.0
376_H-118	3.0	3.0	0.009714025876177004	0.0015200335410372467	1.0
377_H-118	3.0	3.0	0.01277749022918104	0.0020687749914466425	1.0
378_H-118	3.0	3.0	0.006087049672291468	0.0009032969226303589	0.9998493975903614
379_H-118	2.0	2.0	0.0021027377370358407	0.0002969561924119901	0.9998514998514999
37_H-118	3.0	3.0	0.011167624171019165	0.0017873979733831202	1.0
380_H-118	2.0	2.0	0.003899679106039708	0.0005923292831242488	1.0
381_H-118	2.0	2.0	0.0038280580362837786	0.0005801304805299612	1.0
382_H-118	2.0	2.0	0.008903195802901163	0.0015057964648230726	1.0
383_H-118	4.0	4.0	0.013363768986199015	0.0021005239473708137	0.9998498498498498
384_H-118	3.0	3.0	0.007899314402729743	0.0012015617864695738	1.0
385_H-118	2.0	2.0	0.0021765990453506997	0.0003085943453742246	0.9998456790123457
386_H-118	2.0	2.0	0.005675939903074921	0.000903886528077047	1.0
387_H-118	3.0	3.0	0.005996804063174003	0.0008883185041889119	0.9998518957345972
388_H-118	3.0	3.0	0.007835409077576032	0.0011906531334592296	1.0
389_H-118	2.0	2.0	0.002082472816022272	0.00029377202656233337	0.9998530924048773
38_H-118	3.0	3.0	0.007669241434512727	0.0011812910267342547	0.999852267690944
390_H-118	3.0	3.0	0.007808824895599263	0.001205499804769361	0.9998492386552088
391_H-118	2.0	2.0	0.00398707476257058	0.0006072566617603137	1.0
392_H-118	4.0	4.0	0.00962409697923811	0.0014348434036977054	0.9998564455928797
393_H-118	2.0	2.0	0.0038295424959407906	0.0005803830039117219	1.0
394_H-118	2.0	2.0	0.0021188514790644645	0.0002994908588107581	0.9998502321401828
395_H-118	3.0	3.0	0.00915822376587823	0.0014540796059049343	0.9998545031281827
396_H-118	3.0	3.0	0.006134085861183009	0.0009111154959807743	0.9998480935743582
397_H-118	3.0	3.0	0.006102643812674535	0.0009058881612722391	0.9998489654130795
398_H-118	3.0	3.0	0.005998390895397007	0.0008885816186556816	0.9998518518518519
399_H-118	4.5	4.0	0.008260913988703454	0.0012116161616162469	0.9996969696969698
39_H-118	2.0	2.0	0.007345939705570243	0.0012102869995249677	1.0
3_H-118	2.0	2.0	0.00566159306485704	0.0009013067117875639	1.0
400_H-118	2.0	2.0	0.003979008102357884	0.0006058769513312967	1.0
401_H-118	2.0	2.0	0.003836983031904795	0.0005816489256198487	1.0
402_H-118	4.0	3.0	0.004169315982417352	0.0005881920160732967	0.9997058390939844
403_H-118	2.0	2.0	0.005631638204339929	0.0008959233679113332	1.0
404_H-118	2.0	2.0	0.003922448726207146	0.000596213987824834	1.0
405_H-118	3.0	3.0	0.007855196870027146	0.001194029611140568	1.0
406_H-118	3.0	3.0	0.007794208892871948	0.0012029620070649338	0.9998495561907628
407_H-118	2.0	2.0	0.0021787119394780837	0.00030892801239845724	0.999845512127298
408_H-118	2.0	2.0	0.003883803410460691	0.0005896225902330965	1.0
409_H-118	2.0	2.0	0.002188121081149958	0.0003104143957484151	0.999844768705371
40_H-118	4.0	3.0	0.0042138744205375556	0.0005951937803202467	0.9997023366572406
410_H-118	2.0	2.0	0.004040083464443035	0.0006163327611554692	1.0
411_H-118	4.0	3.0	0.004252543575620971	0.0006012776845614187	0.9996992933393475
412_H-118	3.0	3.0	0.014476290372521673	0.0024222215542308856	1.0
413_H-118	2.0	2.0	0.0021234213793523177	0.0003002101403368762	0.9998498723915328
414_H-118	3.0	3.0	0.006133254068652628	0.00091097716176336	0.9998481166464156
415_H-118	2.0	2.0	0.005749620364060743	0.0009171505253888768	1.0
416_H-118	4.0	3.0	0.004261174136734437	0.0006026365040489035	0.9996986136226642
417_H-118	4.0	4.0	0.010115188426886006	0.001517127975318222	0.9998482088646024
418_H-118	2.0	2.0	0.002148637214643577	0.00030418250246722067	0.9998478856099787
419_H-118	3.0	3.0	0.007838231081847748	0.0012106076590751025	0.9998485995457986
41_H-118	2.0	2.0	0.008829645058323496	0.0014916459470717403	1.0
420_H-118	2.0	2.0	0.0020943597479204353	0.00029563931356779705	0.9998521584861029
421_H-118	7.0	4.0	0.006272158799585078	0.0008850862188286568	0.9995573262505534
422_H-118	4.0	3.0	0.004167114016286831	0.0005878462496192727	0.9997060120535058
423_H-118	3.0	3.0	0.006084595105257743	0.0009028891341924528	0.9998494656028902
424_H-118	3.0	3.0	0.006054492554465077	0.0008978898490444864	0.9998502994011976
425_H-118	3.0	3.0	0.00601750207271622	0.0008917511931497701	0.9998513232233125
426_H-118	4.0	3.0	0.004248528533608074	0.0006006456636342694	0.99969960949234
427_H-118	1.0	1.0	-0.0	0.0	1.0
428_H-118	2.0	2.0	0.003916211077778216	0.000595149478587409	1.0
429_H-118	2.0	2.0	0.002102457336544756	0.00029691210746873864	0.9998515219005196
42_H-118	2.0	2.0	0.0021260010595376354	0.0003006162565462045	0.9998496692723993
430_H-118	5.0	4.0	0.011302897860944896	0.0017588852726303505	0.9997066588442358
431_H-118	2.0	2.0	0.00388329355880494	0.0005895356893506065	1.0
432_H-118	2.0	2.0	0.0021257141033278848	0.00030057107827108354	0.9998496918683301
433_H-118	3.0	3.0	0.009528501873825762	0.0015206343961303714	0.9998478393183201
434_H-118	4.0	4.0	0.009886636623917045	0.001478764561335999	0.9998520491196923
435_H-118	3.0	3.0	0.007915197550083996	0.001204274931049465	1.0
436_H-118	4.0	3.0	0.004124120187215658	0.0005810997036355126	0.999709386806161
437_H-118	3.0	3.0	0.011238764282130137	0.0018002691568723694	1.0
438_H-118	4.5	4.0	0.008104073516016132	0.0011859316857866231	0.9997033961144891
439_H-118	2.0	2.0	0.005726378950058844	0.0009129638996654421	1.0
43_H-118	2.0	2.0	0.004042301324105032	0.0006167128614600337	1.0
440_H-118	3.0	3.0	0.009537922415672768	0.0014890254019981342	1.0
441_H-118	4.0	3.0	0.004176489282632473	0.0005893185715740712	0.9997052755673446
442_H-118	2.0	2.0	0.005596131307571005	0.0008895476370645028	1.0
443_H-118	4.0	3.0	0.004302529949374577	0.0006091524847604557	0.9996953541507997
444_H-118	3.0	3.0	0.00949026286207596	0.0014806474622770516	1.0
445_H-118	2.0	2.0	0.007167439032543906	0.0011769894403599324	1.0
446_H-118	2.0	2.0	0.0038620064372289977	0.0005859088408539659	1.0
447_H-118	3.0	3.0	0.006078875878474274	0.000901939058171819	0.9998496240601503
448_H-118	4.0	4.0	0.011308642761092684	0.0017285663465256285	0.9998558662438743
449_H-118	3.0	3.0	0.009454708941500438	0.0015073401445506729	0.9998491704374057
44_H-118	2.0	2.0	0.005717137865755122	0.0009112999321327919	1.0
450_H-118	4.0	3.0	0.004225737321063035	0.0005970594521069739	0.9997014034040012
451_H-118	2.0	2.0	0.007426216049942122	0.0012253020360828426	1.0
452_H-118	2.0	2.0	0.00896728133429128	0.001518140918377986	1.0
453_H-118	3.0	3.0	0.007837176838152219	0.0012104244904747041	0.9998486224644263
454_H-118	2.0	2.0	0.0038177006786706924	0.0005783689510259205	1.0
455_H-118	2.0	2.0	0.0038645277141515135	0.0005863382667847805	1.0
456_H-118	5.0	4.0	0.011591533377758945	0.0018095445173568203	0.9996982043156782
457_H-118	2.0	2.0	0.0073264002272672366	0.0012066360610165638	1.0
458_H-118	2.0	2.0	0.005646573664839164	0.0008986069773353478	1.0
459_H-118	2.0	2.0	0.002167891290675581	0.0003072196548068451	0.9998463665693655
45_H-118	3.0	3.0	0.0076490767734124655	0.001158916194076931	1.0
460_H-118	4.0	3.0	0.004325607484396491	0.0006127920013291321	0.9996935335580754
461_H-118	4.5	4.0	0.008046463354840688	0.0011765136498332884	0.9997057525378844
462_H-118	2.0	2.0	0.0021211338438986626	0.0002998500682207528	0.9998500524816314
463_H-118	3.0	3.0	0.007787962542728973	0.0012018776474637116	0.9998496918683301
464_H-118	2.0	2.0	0.003952895082634673	0.0006014132668898942	1.0
465_H-118	2.0	2.0	0.0055968662107259625	0.0008896795390935797	1.0
466_H-118	3.0	3.0	0.009248820569008076	0.0014703282041041987	0.9998528762689421
467_H-118	2.0	2.0	0.007315700328039174	0.001204637418189325	1.0
468_H-118	3.0	3.0	0.006048832709040771	0.000896950259537066	0.9998504561088679
469_H-118	2.0	2.0	0.007180484482113428	0.001179418725439696	1.0
46_H-118	1.0	1.0	-0.0	0.0	1.0
470_H-118	4.5	4.0	0.008380209091364235	0.0012311951930810139	0.9996920708237106
471_H-118	2.0	2.0	0.00575039851180063	0.0009172907409733533	1.0
472_H-118	2.0	2.0	0.003969907376323691	0.0006043208391866006	1.0
473_H-118	1.0	1.0	-0.0	0.0	1.0
474_H-118	3.0	3.0	0.007840340467064999	0.0012109741626351589	0.9998485536877177
475_H-118	2.0	2.0	0.005728694155396821	0.0009133808414460987	1.0
476_H-118	2.0	2.0	0.005785647017234717	0.0009236451230196785	1.0
477_H-118	2.0	2.0	0.0038700867549970094	0.000587285223152767	1.0
478_H-118	2.0	2.0	0.007182352221374435	0.0011797665850188377	1.0
479_H-118	4.0	3.0	0.004218949944530279	0.0005959919243250233	0.9997019374068554
47_H-118	4.5	4.0	0.008032722667737883	0.0011742686426845506	0.9997063142437592
480_H-118	2.0	2.0	0.0038544633654309613	0.0005846243288532005	1.0
481_H-118	2.0	2.0	0.0021832541131081872	0.0003096454485282951	0.9998451532982348
482_H-118	2.0	2.0	0.0021436606351353353	0.0003033980512683332	0.9998482779547868
483_H-118	1.0	1.0	-0.0	0.0	1.0
484_H-118	3.0	3.0	0.007594491837270949	0.0011683519947424115	0.999853886616014
485_H-118	2.0	2.0	0.003965639846915657	0.0006035913136346327	1.0
486_H-118	3.0	3.0	0.006014307978136799	0.0008912213614054032	0.999851411589896
487_H-118	2.0	2.0	0.0021109036642518873	0.00029824037511372303	0.9998508575689784
488_H-118	4.0	3.0	0.004284369914948314	0.000606290230108053	0.9996967859308672
489_H-118	2.0	2.0	0.0020935258033125555	0.0002955082677782439	0.999852224028373
48_H-118	1.0	1.0	-0.0	0.0	1.0
490_H-118	2.0	2.0	0.0039449733534636265	0.0006000599519517813	1.0
491_H-118	2.0	2.0	0.0021536381276494178	0.0003049710206590728	0.9998474912307458
492_H-118	2.0	2.0	0.003937085016786995	0.0005987127138644688	1.0
493_H-118	1.0	1.0	-0.0	0.0	1.0
494_H-118	2.0	2.0	0.005621974828286543	0.0008941876005319482	1.0
495_H-118	4.0	4.0	0.009988191712338864	0.0014957964236879118	0.9998503442083209
496_H-118	2.0	2.0	0.0057186758575996765	0.0009115768387122358	1.0
497_H-118	3.0	3.0	0.007836122893558947	0.0012102413772936416	0.9998486453761163
498_H-118	3.0	3.0	0.013048297359741638	0.002142449578903194	1.0
499_H-118	3.0	3.0	0.00775482620952128	0.001196127254388446	0.999850411368736
49_H-118	4.0	3.0	0.004197606841169498	0.0005926364623086711	0.9997036158861885
4_H-118	3.0	3.0	0.006120805618430103	0.0009089071778201063	0.9998484618881649
500_H-118	2.0	2.0	0.005737974791325731	0.0009150524238017432	1.0
501_H-118	3.0	3.0	0.014428247076396453	0.002413088695185417	1.0
502_H-118	2.0	2.0	0.0055459105929078385	0.0008805398937408171	1.0
503_H-118	2.0	2.0	0.0021332015074249765	0.00030175014400413147	0.9998491021578392
504_H-118	3.0	3.0	0.006161668913086139	0.000915704213041213	0.9998473282442748
505_H-118	2.0	2.0	0.007439273247080675	0.0012277466208669985	1.0
506_H-118	3.0	3.0	0.007691463389383762	0.0011851410160742537	0.9998517859789536
507_H-118	1.0	1.0	-0.0	0.0	1.0
508_H-118	3.0	3.0	0.012856427997336549	0.0020832434692115154	1.0
509_H-118	2.0	2.0	0.0038899326550001882	0.0005906674026736614	1.0
50_H-118	4.0	4.0	0.01021339093421259	0.001533647825004758	0.9998465551634188
510_H-118	2.0	2.0	0.0057063963460429155	0.0009093662865187202	1.0
511_H-118	3.0	3.0	0.006110885093499333	0.0009072579514974866	0.9998487369535622
512_H-118	4.0	4.0	0.011763637521300024	0.001806910724094779	0.9998493295163478
513_H-118	4.0	3.0	0.004233684977365229	0.0005983097447535002	0.9997007779772591
514_H-118	4.0	4.0	0.015216167473966823	0.002449524375916279	0.9998467667790377
515_H-118	3.0	3.0	0.009216418747002388	0.0014645142514729814	0.9998534583821805
516_H-118	2.0	2.0	0.0020866032941348686	0.0002944207208368521	0.9998527679623086
517_H-118	2.0	2.0	0.0056079142787579285	0.0008916627740140903	1.0
518_H-118	3.0	3.0	0.007778612792328376	0.0012002547685511233	0.9998498949264485
519_H-118	3.0	3.0	0.007922632750591494	0.00120554526273553	1.0
51_H-118	1.0	1.0	-0.0	0.0	1.0
520_H-118	4.0	3.0	0.004217820940801701	0.0005958143740562027	0.9997020262216925
521_H-118	2.0	2.0	0.004006576161781961	0.0006105937455269661	1.0
522_H-118	2.0	2.0	0.0072123765171616715	0.0011853603773159804	1.0
523_H-118	2.0	2.0	0.005677454566956508	0.0009041589470517586	1.0
524_H-118	2.0	2.0	0.005558195234126296	0.0008827422142292374	1.0
525_H-118	4.0	3.0	0.004284369914948314	0.000606290230108053	0.9996967859308672
526_H-118	3.0	3.0	0.006086231251657368	0.0009031609522289763	0.9998494202680319
527_H-118	2.0	2.0	0.0021619284542438023	0.00030627870644450716	0.9998468371879308
528_H-118	4.0	3.0	0.004299589980373552	0.0006086890042604765	0.9996955859969558
529_H-118	5.0	4.0	0.009952188908131267	0.0015088413673598478	0.9996980676328503
52_H-118	4.0	3.0	0.004184243425740518	0.0005905366212077823	0.9997046662728883
530_H-118	5.0	4.0	0.009719884191824804	0.0014693777475726089	0.9997059688326962
531_H-118	4.5	4.0	0.008122390145020603	0.0011889279082534232	0.999702646446625
532_H-118	2.0	2.0	0.003968839586557316	0.0006041382925232597	1.0
533_H-118	3.0	3.0	0.011450288209018293	0.0018386098860451172	1.0
534_H-118	3.0	3.0	0.007866809198411952	0.0012155742521784418	0.9998479781088476
535_H-118	2.0	2.0	0.00890790957642817	0.0015067039801175408	1.0
536_H-118	4.0	4.0	0.010101516614334687	0.0015148297852850545	0.9998484389208852
537_H-118	3.0	3.0	0.0112671893059141	0.0018054153575093324	1.0
538_H-118	2.0	2.0	0.005689602695524529	0.0009063442245758058	1.0
539_H-118	4.0	3.0	0.004299589980373552	0.0006086890042604765	0.9996955859969558
53_H-118	3.0	3.0	0.007882446261736958	0.0011986812079868292	1.0
540_H-118	2.0	2.0	0.003972044773833787	0.0006046862636635009	1.0
541_H-118	4.0	3.0	0.004221209857540154	0.0005963473425073529	0.9997017596182524
542_H-118	5.0	4.0	0.011642987545845893	0.0018185942882974482	0.9996966939642099
543_H-118	7.0	4.0	0.006357312348314148	0.0008984725159492113	0.9995506291192331
544_H-118	3.0	3.0	0.005979407057358976	0.0008854344957609506	0.9998523767345734
545_H-118	2.0	2.0	0.0021439527047524584	0.00030344408343907503	0.9998482549317147
546_H-118	4.5	4.0	0.008305936100560057	0.0012190009666864787	0.9996951219512196
547_H-118	1.0	1.0	-0.0	0.0	1.0
548_H-118	2.0	2.0	0.003948665991768864	0.0006006907401943096	1.0
549_H-118	3.0	3.0	0.009491453865327168	0.0015139580863017255	0.9998485078018482
54_H-118	3.0	3.0	0.009500368593884383	0.001515564236161393	0.9998483469821049
550_H-118	2.0	2.0	0.002172986938760747	0.00030802401856555583	0.9998459642637092
551_H-118	4.0	3.0	0.00426290466664191	0.0006029090052662722	0.9996984773104176
552_H-118	3.0	3.0	0.009299704683439101	0.001479464453503887	0.9998519615099926
553_H-118	5.0	4.0	0.009999251650980865	0.0015168517754527988	0.9996964638033086
554_H-118	2.0	2.0	0.005610129424393764	0.0008920604824971257	1.0
555_H-118	2.0	2.0	0.0020723573468318566	0.00029218406972986166	0.999853886616014
556_H-118	2.0	2.0	0.0021559999701917824	0.0003053435043312014	0.9998473049320507
557_H-118	4.0	3.0	0.004298415174104152	0.0006085038094810757	0.9996956786366403
558_H-118	2.0	2.0	0.003991391095943513	0.0006079950798170142	1.0
559_H-118	3.0	3.0	0.007845619173494326	0.0012118913931407072	0.9998484389208852
55_H-118	4.5	4.0	0.007972014654888867	0.0011643559607596998	0.9997087944088526
560_H-118	3.0	3.0	0.009717959040264674	0.0015207270076226242	1.0
561_H-118	2.0	2.0	0.012260612427028101	0.0021698672481418324	1.0
562_H-118	4.0	3.0	0.004207126972241294	0.0005941329077390201	0.9997028673302629
563_H-118	2.0	2.0	0.007434245500497017	0.0012268052424779796	1.0
564_H-118	2.0	2.0	0.0021035794100370117	0.00029708852582532863	0.9998514336651315
565_H-118	3.0	3.0	0.0060936053890281675	0.0009043861614774773	0.9998492159227985
566_H-118	3.0	3.0	0.007912779230123393	0.00122356869519602	0.9998469778117827
567_H-118	3.0	3.0	0.007870893389222538	0.0011967088088895572	1.0
568_H-118	2.0	2.0	0.002169088007005515	0.0003074085386929326	0.9998462720983858
569_H-118	1.0	1.0	-0.0	0.0	1.0
56_H-118	4.0	3.0	0.0043507528972080555	0.0006167604326465792	0.999691548426897
570_H-118	5.0	4.0	0.010081031786978719	0.0015307836022002697	0.9996936743758615
571_H-118	3.0	3.0	0.006139915066583825	0.0009120850131126845	0.9998479318734793
572_H-118	2.0	2.0	0.0021047027421919337	0.00029726515395411823	0.9998513453248105
573_H-118	2.0	2.0	0.005566174803823011	0.0008841731250099905	1.0
574_H-118	3.0	3.0	0.005969962486216238	0.000883869279246996	0.9998526377836723
575_H-118	3.0	3.0	0.007698780733886462	0.001167371729980271	1.0
576_H-118	4.0	3.0	0.00416271740378908	0.0005871559348245015	0.9997063573630891
577_H-118	3.0	3.0	0.011578874859293806	0.0018482855952599575	1.0
578_H-118	3.0	3.0	0.012973016126006718	0.002128443619420217	1.0
579_H-118	3.0	3.0	0.007932213957942403	0.0012071824896729977	1.0
57_H-118	4.5	4.0	0.008100850187182915	0.0011854045075870845	0.9997035280166024
580_H-118	2.0	2.0	0.0021326235866645734	0.0003016591183240269	0.9998491476844169
581_H-118	4.0	3.0	0.004265214337799653	0.000603272723805448	0.9996982953688339
582_H-118	2.0	2.0	0.005507976860777862	0.0008737438261039454	1.0
583_H-118	2.0	2.0	0.002140162308127228	0.00030284675259339977	0.9998485536877177
584_H-118	3.0	3.0	0.011126821147322325	0.001824215346568625	0.9998478624676708
585_H-118	2.0	2.0	0.005645076353382531	0.0008983378931568531	1.0
586_H-118	2.0	2.0	0.0056661153610686864	0.0009021197982510554	1.0
587_H-118	2.0	2.0	0.008856347211020469	0.0014967810792869685	1.0
588_H-118	2.0	2.0	0.002105546068602355	0.00029739776293880027	0.9998512790005949
589_H-118	2.0	2.0	0.0021123183211874817	0.00029846290933410735	0.9998507462686567
58_H-118	2.0	2.0	0.003929752507263769	0.0005974607382863706	1.0
590_H-118	3.0	3.0	0.00947656033024991	0.0014782398357719995	1.0
591_H-118	4.5	4.0	0.008021134431751077	0.00117237570245865	0.9997067878610174
592_H-118	2.0	2.0	0.00903235266862964	0.001530689443363098	1.0
593_H-118	2.0	2.0	0.003979544809192415	0.0006059687369457389	1.0
594_H-118	3.0	3.0	0.007723007722280697	0.0011906087921389474	0.9998511018463371
595_H-118	3.0	3.0	0.007792125602127864	0.0012026003365226412	0.9998496014438262
596_H-118	3.0	3.0	0.011000025196975682	0.0018006741691977135	0.9998498273013966
597_H-118	2.0	2.0	0.0071739554816115225	0.0011782028306923653	1.0
598_H-118	2.0	2.0	0.004011482979575571	0.0006114337551084148	1.0
599_H-118	3.0	3.0	0.005980195525141352	0.0008855651807385678	0.9998523549387273
59_H-118	5.0	4.0	0.009695760290903577	0.001465286934686838	0.9997067878610174
5_H-118	4.0	4.0	0.012079634901867364	0.0018615706978064583	0.999844768705371
600_H-118	2.0	2.0	0.003963509706633565	0.0006032272109632864	1.0
601_H-118	2.0	2.0	0.0073942809721605236	0.0012193258684434216	1.0
602_H-118	2.0	2.0	0.002087155325192502	0.0002945074299249839	0.9998527245949926
603_H-118	2.0	2.0	0.0021457068795690207	0.00030372057006267106	0.9998481166464156
604_H-118	4.0	3.0	0.004284953209106653	0.0006063821409951764	0.999696739954511
605_H-118	4.0	3.0	0.004216128624646981	0.0005955482469149898	0.9997021593447506
606_H-118	4.0	4.0	0.013262806550626538	0.0020504656068742744	1.0
607_H-118	3.0	3.0	0.007797336033142237	0.001203504920945453	0.9998494882600842
608_H-118	4.0	3.0	0.004206004603271483	0.000593956463207479	0.999702955591861
609_H-118	3.0	3.0	0.011264476008377104	0.0017917125159295777	1.0
60_H-118	3.0	3.0	0.009362358962077336	0.0014581931415579286	1.0
610_H-118	2.0	2.0	0.0021237076857339447	0.0003002552101651901	0.9998498498498498
611_H-118	2.0	2.0	0.003989771316938755	0.0006077179626944318	1.0
612_H-118	2.0	2.0	0.0021248537226673083	0.0003004356248845763	0.9998497596153846
613_H-118	2.0	2.0	0.003952895082634673	0.0006014132668898942	1.0
614_H-118	4.0	4.0	0.013505869959886877	0.0021257199997940512	0.9998480474092083
615_H-118	2.0	2.0	0.0021145859194622654	0.00029881965566125324	0.9998505678421996
616_H-118	3.0	3.0	0.006177668887019729	0.0009183672297164991	0.9998468840912571
617_H-118	3.0	3.0	0.007839285624775417	0.0012107908831202607	0.9998485766202302
618_H-118	3.0	3.0	0.009723208491895001	0.0015216526146035747	1.0
619_H-118	2.0	2.0	0.003901222727357999	0.000592592540537229	1.0
61_H-118	4.5	4.0	0.008397548006645036	0.0012340439719555896	0.9996913580246913
620_H-118	4.0	4.0	0.010098786921649007	0.001514370982552693	0.9998484848484849
621_H-118	2.0	2.0	0.0040815337470782795	0.0006234413358912061	1.0
622_H-118	3.0	3.0	0.007693490304832023	0.0011854922598679707	0.9998517420311341
623_H-118	3.0	3.0	0.006125778609321165	0.0009097340415166189	0.9998483239799788
624_H-118	3.0	3.0	0.013003571072362205	0.002110248443000007	1.0
625_H-118	4.0	4.0	0.009982862024931392	0.00149490199629565	0.9998504337421478
626_H-118	3.0	3.0	0.012893493361910814	0.0021136618256153428	1.0
627_H-118	3.0	3.0	0.00618273970376772	0.0009192114032384735	0.9998467432950191
628_H-118	3.0	3.0	0.006039961137120282	0.0008954777282513815	0.9998507017020006
629_H-118	2.0	2.0	0.002147464072294504	0.0003039975609939738	0.9998479781088476
62_H-118	2.0	2.0	0.0021646074613847354	0.00030670141894706404	0.9998466257668711
630_H-118	2.0	2.0	0.0020988192643631976	0.00029634019203994555	0.9998518079430943
631_H-118	2.0	2.0	0.0020623445331235083	0.0002906131877014051	0.9998546722860049
632_H-118	2.0	2.0	0.008841233695037757	0.0014938742773378255	1.0
633_H-118	2.0	2.0	0.003995717292462448	0.0006087352958781267	1.0
634_H-118	2.0	2.0	0.003918807555147231	0.0005955925618015279	1.0
635_H-118	4.0	4.0	0.00980643138050385	0.0014653299213660542	0.9998533939305088
636_H-118	3.0	3.0	0.007895608034580913	0.0012205817646593342	0.9998473515493818
637_H-118	2.0	2.0	0.005602752784883783	0.000890736165205297	1.0
638_H-118	2.0	2.0	0.002085224557278576	0.0002942041713311916	0.9998528762689421
639_H-118	1.0	1.0	-0.0	0.0	1.0
63_H-118	2.0	2.0	0.002152753837392376	0.00030483157346816725	0.9998475609756098
640_H-118	2.0	2.0	0.00560348952656974	0.0008908684199657735	1.0
641_H-118	3.0	3.0	0.007760349575958572	0.001177856071533534	1.0
642_H-118	3.0	3.0	0.006073982684909165	0.0009011262972679068	0.9998497596153846
643_H-118	2.0	2.0	0.003951836914968438	0.0006012324723134732	1.0
644_H-118	7.0	4.0	0.006434388474317041	0.0009106085061251212	0.9995445574616669
645_H-118	1.0	1.0	-0.0	0.0	1.0
646_H-118	4.0	3.0	0.0042223407679129075	0.0005965252106105989	0.9997016706443914
647_H-118	3.0	3.0	0.006150771739138596	0.0009138910298940317	0.9998476306567119
648_H-118	2.0	2.0	0.0020778123182313485	0.00029304028674737026	0.9998534583821805
649_H-118	3.0	3.0	0.006082142621328326	0.0009024817137761598	0.9998495335540174
64_H-118	3.0	3.0	0.0060642211336459865	0.0008995051619550276	0.9998500299940012
650_H-118	4.0	3.0	0.004336346611433165	0.0006144864870581968	0.9996926859250154
651_H-118	2.0	2.0	0.008827331193219956	0.001491201078510862	1.0
652_H-118	2.0	2.0	0.0021326235866645734	0.0003016591183240269	0.9998491476844169
653_H-118	3.0	3.0	0.012462485931596427	0.002086081096336012	0.9998508575689784
654_H-118	4.0	3.0	0.0041959315130905145	0.000592373165868576	0.9997037475929492
655_H-118	2.0	2.0	0.003975791063127883	0.0006053268210286511	1.0
656_H-118	3.0	3.0	0.007974597352712127	0.0012343294868109034	0.9998456313677061
657_H-118	3.0	3.0	0.009239194962931544	0.001468600744687465	0.9998530492285085
658_H-118	2.0	2.0	0.002089089852093718	0.0002948113143470543	0.9998525726079905
659_H-118	3.0	3.0	0.009519049198746932	0.0014857070198220912	1.0
65_H-118	4.0	3.0	0.004264636673587688	0.000603181753035309	0.9996983408748115
660_H-118	3.0	3.0	0.007884550625897635	0.0011990405247502833	1.0
661_H-118	4.0	3.0	0.004285536670118002	0.0006064740797532275	0.9996966939642099
662_H-118	3.0	3.0	0.007819300352353327	0.0012073190829802183	0.9998490110221954
663_H-118	2.0	2.0	0.005695697381890615	0.000907440829356343	1.0
664_H-118	3.0	3.0	0.009510268646126882	0.0014841634978254303	1.0
665_H-118	4.0	3.0	0.004086267050978987	0.0005751671311863271	0.9997123543794045
666_H-118	2.0	2.0	0.007312787911529779	0.0012040934823631666	1.0
667_H-118	2.0	2.0	0.008693050565702682	0.0014654153903155276	1.0
668_H-118	2.0	2.0	0.005664607081156459	0.0009018486064786835	1.0
669_H-118	3.0	3.0	0.008018590713173183	0.0012419946378876556	0.9998446722584654
66_H-118	3.0	3.0	0.006023900988604818	0.0008928127488004867	0.9998511461744567
670_H-118	2.0	2.0	0.005606438541338533	0.0008913978319791127	1.0
671_H-118	4.0	3.0	0.004314332182800937	0.0006110134865808803	0.999694423223835
672_H-118	2.0	2.0	0.0039555431169533	0.000601865729392026	1.0
673_H-118	2.0	2.0	0.0038635187871555988	0.0005861664208979267	1.0
674_H-118	3.0	3.0	0.00590165012329122	0.0008725579488102486	0.9998545242944429
675_H-118	3.0	3.0	0.006087868324682015	0.0009034329339783209	0.9998493749058593
676_H-118	3.0	3.0	0.011330566103703239	0.0018168962350779694	1.0
677_H-118	3.0	3.0	0.006069911353915669	0.0009004501146195887	0.9998498723915328
678_H-118	3.0	3.0	0.011200801284372662	0.0017802825672389444	1.0
679_H-118	2.0	2.0	0.003996258762245899	0.0006088279496350157	1.0
67_H-118	1.0	1.0	-0.0	0.0	1.0
680_H-118	2.0	2.0	0.003997884100174273	0.000609106080213806	1.0
681_H-118	2.0	2.0	0.00395660337809737	0.0006020469050753707	1.0
682_H-118	2.0	2.0	0.0021228490097656293	0.00030012004125912206	0.9998499174546001
683_H-118	4.0	4.0	0.011868621657715414	0.0018250480608882347	0.9998478161619236
684_H-118	2.0	2.0	0.003924532599355631	0.0005965696709757662	1.0
685_H-118	2.0	2.0	0.003958725698801873	0.0006024095838681465	1.0
686_H-118	3.0	3.0	0.007922632750591494	0.00120554526273553	1.0
687_H-118	3.0	3.0	0.007768501268491686	0.0011792450522064568	1.0
688_H-118	4.0	4.0	0.013394564991955465	0.002093032084265034	0.9998503889886295
689_H-118	2.0	2.0	0.003974719934854154	0.0006051436661995702	1.0
68_H-118	4.0	3.0	0.004284953209106653	0.0006063821409951764	0.999696739954511
690_H-118	2.0	2.0	0.003975791063127883	0.0006053268210286511	1.0
691_H-118	5.0	4.0	0.011563669224383873	0.0018046461383244283	0.999699021820918
692_H-118	2.0	2.0	0.0021533432794515125	0.00030492452408847903	0.9998475144861239
693_H-118	2.0	2.0	0.008623114583699708	0.0014520102688395653	1.0
694_H-118	3.0	3.0	0.006036741898924127	0.0008949434603583439	0.9998507908087139
695_H-118	4.0	4.0	0.01160978102044206	0.0017803707240423572	0.9998515439429929
696_H-118	2.0	2.0	0.013515949302411638	0.0024264447061186356	1.0
697_H-118	3.0	3.0	0.010937766293766905	0.001789129965702685	0.9998507908087139
698_H-118	3.0	3.0	0.01101023142682429	0.001802567572893543	0.9998496692723993
699_H-118	3.0	3.0	0.007576779951017419	0.0011652886938495755	0.9998542698921598
69_H-118	3.0	3.0	0.007615266417671162	0.0011719462640362721	0.9998534369045874
6_H-118	2.0	2.0	0.002132334749605942	0.00030161362607472597	0.9998491704374057
700_H-118	3.0	3.0	0.005990465562153773	0.0008872676026751014	0.9998520710059171
701_H-118	2.0	2.0	0.007390309512726068	0.0012185829438668971	1.0
702_H-118	2.0	2.0	0.0021454143077364557	0.0003036744539746117	0.9998481397114655
703_H-118	7.0	4.0	0.006155609217614947	0.000866801430051023	0.9995664739884393
704_H-118	3.0	3.0	0.005937929126136145	0.0008785629586759436	0.9998535227772082
705_H-118	3.0	3.0	0.00769754751796409	0.0011861953724208174	0.9998516540572615
706_H-118	4.0	3.0	0.004229139618772851	0.0005975946513826491	0.9997011356843993
707_H-118	4.0	3.0	0.004216692571530907	0.0005956369295430086	0.9997021149836163
708_H-118	3.0	3.0	0.01271077896206728	0.002079750700478389	1.0
709_H-118	3.0	3.0	0.005986511156432119	0.0008866120509622988	0.9998521803399852
70_H-118	3.0	3.0	0.0060464104695803185	0.0008965481800247144	0.9998505231689088
710_H-118	2.0	2.0	0.00721709182957043	0.001186239202599415	1.0
711_H-118	3.0	3.0	0.006110885093499333	0.0009072579514974866	0.9998487369535622
712_H-118	3.0	3.0	0.007744532004685888	0.001194341524250131	0.9998506348020911
713_H-118	2.0	2.0	0.007320559815445435	0.001205545070797731	1.0
714_H-118	2.0	2.0	0.003864023181243544	0.0005862523312483159	1.0
715_H-118	3.0	3.0	0.006083777379292043	0.0009027532865204524	0.9998494882600842
716_H-118	3.0	3.0	0.008092239923056865	0.0012345676363787472	1.0
717_H-118	3.0	3.0	0.00603111691593919	0.0008940100239763771	0.9998509464897898
718_H-118	1.0	1.0	-0.0	0.0	1.0
719_H-118	2.0	2.0	0.008768758760057208	0.001479945910356939	1.0
71_H-118	2.0	2.0	0.0021265752161528403	0.00030070665385273365	0.9998496240601503
720_H-118	4.5	4.0	0.008273243802402762	0.0012136380485409104	0.9996964638033086
721_H-118	3.0	3.0	0.006159989779356864	0.0009154247936298265	0.9998473748473748
722_H-118	3.0	3.0	0.0061100599109983385	0.0009071207860901209	0.9998487598306111
723_H-118	2.0	2.0	0.007318615200794432	0.0012051818456715324	1.0
724_H-118	3.0	3.0	0.011095976662630484	0.0017744471033901421	1.0
725_H-118	2.0	2.0	0.007255050555317737	0.0011933169971038993	1.0
726_H-118	3.0	3.0	0.005952728752181095	0.0008810140416817269	0.9998531139835488
727_H-118	4.0	3.0	0.0042325476758866935	0.0005981308110160066	0.9997008674842955
728_H-118	3.0	3.0	0.008084465344426686	0.0012332354381743293	1.0
729_H-118	2.0	2.0	0.0038349959111303464	0.0005813108068422057	1.0
72_H-118	2.0	2.0	0.003857476864856183	0.0005851374571992363	1.0
730_H-118	4.0	4.0	0.013453337055304132	0.002116400905426863	0.9998487140695915
731_H-118	3.0	3.0	0.007890258145515552	0.001219651337275085	0.9998474679682733
732_H-118	2.0	2.0	0.003964574475175337	0.0006034092073734509	1.0
733_H-118	3.0	3.0	0.005994425471238736	0.0008879241245211	0.9998519615099926
734_H-118	2.0	2.0	0.0021202773521128188	0.0002997152637602696	0.9998501199040767
735_H-118	2.0	2.0	0.005670645296620612	0.0009029343530413403	1.0
736_H-118	2.0	2.0	0.004009300608384624	0.0006110601323521259	1.0
737_H-118	2.0	2.0	0.00395766423854089	0.0006022281898678816	1.0
738_H-118	3.0	3.0	0.00963992902339339	0.0015069768101727554	1.0
739_H-118	3.0	3.0	0.006095246641804132	0.0009046588817682721	0.9998491704374057
73_H-118	3.0	3.0	0.00596839144341787	0.0008836089476768061	0.9998526812021213
740_H-118	2.0	2.0	0.005685040715902418	0.0009055235087422897	1.0
741_H-118	2.0	2.0	0.0021188514790644645	0.0002994908588107581	0.9998502321401828
742_H-118	5.0	4.0	0.00986732749190131	0.0014944104702274696	0.999700956937799
743_H-118	3.0	3.0	0.013041255467126445	0.002141138927803099	1.0
744_H-118	4.0	3.0	0.004381702697421376	0.0006216488899716266	0.9996891030623348
745_H-118	1.0	1.0	-0.0	0.0	1.0
746_H-118	3.0	3.0	0.009723208491895001	0.0015216526146035747	1.0
747_H-118	3.0	3.0	0.0058718985243736725	0.0008676370360236607	0.9998553450021698
748_H-118	2.0	2.0	0.0021004967301211665	0.0002966038789855574	0.9998516760605162
749_H-118	4.0	3.0	0.004180362577707383	0.0005899269676507002	0.9997049712346954
74_H-118	3.0	3.0	0.011061237171261395	0.0017681720508283538	1.0
750_H-118	3.0	3.0	0.01594946422978559	0.0027167954353271018	1.0
751_H-118	4.0	4.0	0.009993527397143178	0.001496691922025395	0.9998502545672358
752_H-118	3.0	3.0	0.005946487875594077	0.0008799803417530727	0.9998532863849765
753_H-118	3.0	3.0	0.009387891835305502	0.0014626721429985556	1.0
754_H-118	4.0	3.0	0.004269841575924121	0.0006040014790028581	0.9996979308261592
755_H-118	2.0	2.0	0.003909994302504257	0.0005940887638273828	1.0
756_H-118	3.0	3.0	0.007798379001514139	0.0012036860011553907	0.9998494656028902
757_H-118	3.0	3.0	0.011051325493962915	0.001753487952739885	1.0
758_H-118	3.0	3.0	0.006049640576280889	0.00089708436619651	0.9998504337421478
759_H-118	4.0	4.0	0.010244228944421103	0.0015388399082374438	0.9998460354118552
75_H-118	3.0	3.0	0.005997597368796284	0.000888450041942046	0.9998518737964746
760_H-118	4.0	4.0	0.0131710817335271	0.002066419537057551	0.9998522895125553
761_H-118	3.0	3.0	0.009646380985878132	0.001508113155575308	1.0
762_H-118	2.0	2.0	0.005697986447512591	0.0009078527405932402	1.0
763_H-118	3.0	3.0	0.007716881084032062	0.001189546578926004	0.999851234751562
764_H-118	4.0	3.0	0.004226870781283238	0.0005972377453185018	0.9997013142174432
765_H-118	3.0	3.0	0.00813247380986142	0.0012414646592946443	1.0
766_H-118	1.0	1.0	-0.0	0.0	1.0
767_H-118	3.0	3.0	0.0059960109784363315	0.0008881870053792928	0.9998519176662224
768_H-118	3.0	3.0	0.0077775753926131045	0.001200074719168498	0.9998499174546001
769_H-118	3.0	3.0	0.006069911353915669	0.0009004501146195887	0.9998498723915328
76_H-118	3.0	3.0	0.009235590814859859	0.0014679539934354668	0.9998531139835488
770_H-118	4.0	4.0	0.010178584243450646	0.0015277900966974567	0.9998471415469276
771_H-118	3.0	3.0	0.007898257914692907	0.001201381344766994	1.0
772_H-118	2.0	2.0	0.0021222769641810833	0.00030002999624634263	0.9998499624906226
773_H-118	1.0	1.0	-0.0	0.0	1.0
774_H-118	3.0	3.0	0.007675288526464159	0.0011823385409240883	0.9998521366257578
775_H-118	3.0	3.0	0.007944103710228492	0.0012290199337384733	0.9998462957270212
776_H-118	3.0	3.0	0.011399311638858777	0.001829360320843354	1.0
777_H-118	4.0	4.0	0.01188375228101121	0.0018080451463062808	1.0
778_H-118	3.0	3.0	0.009664495076413683	0.0015113040590697402	1.0
779_H-118	1.0	1.0	-0.0	0.0	1.0
77_H-118	3.0	3.0	0.0060585421330208574	0.0008985621905203134	0.9998501872659176
780_H-118	3.0	3.0	0.007763082381443206	0.0011975596878306405	0.9998502321401828
781_H-118	3.0	3.0	0.007797174899084599	0.0011841323891588207	1.0
782_H-118	1.0	1.0	-0.0	0.0	1.0
783_H-118	2.0	2.0	0.003981155845815506	0.0006062442607221996	1.0
784_H-118	3.0	3.0	0.006038351066332567	0.0008952105145912936	0.9998507462686567
785_H-118	3.0	3.0	0.007775501468538286	0.0011997147824089893	0.9998499624906226
786_H-118	3.0	3.0	0.01098693227931354	0.0017982456298181182	0.9998500299940012
787_H-118	1.0	1.0	-0.0	0.0	1.0
788_H-118	4.0	4.0	0.014796091874138474	0.0023732252272330445	0.9998515439429929
789_H-118	2.0	2.0	0.003930798245716807	0.0005976392712705447	1.0
78_H-118	3.0	3.0	0.011169096549980542	0.0017876642455415537	1.0
790_H-118	1.0	1.0	-0.0	0.0	1.0
791_H-118	2.0	2.0	0.0020940816888622396	0.0002955956187258302	0.9998521803399852
792_H-118	4.0	3.0	0.004247382840925932	0.0006004653301949769	0.9996996996996997
793_H-118	3.0	3.0	0.00607072516039005	0.0009005852699546235	0.9998498498498498
794_H-118	2.0	2.0	0.010339628716620527	0.0017857128596083793	1.0
795_H-118	3.0	3.0	0.006162508841429432	0.0009158439867230639	0.9998473049320507
796_H-118	2.0	2.0	0.0021462922747631065	0.0003038128442707233	0.9998480704952902
797_H-118	1.0	1.0	-0.0	0.0	1.0
798_H-118	4.0	3.0	0.00413491640539611	0.0005827930077751953	0.9997085397843194
799_H-118	2.0	2.0	0.003927140725064229	0.0005970148721434754	1.0
79_H-118	4.0	4.0	0.015141711283634923	0.0023794017675640156	1.0
7_H-118	3.0	3.0	0.009379631000261176	0.0014938298913445003	0.9998505231689088
800_H-118	3.0	3.0	0.00608295988468212	0.0009026174797209796	0.999849510910459
801_H-118	3.0	3.0	0.007878241083327455	0.0011979632201322143	1.0
802_H-118	4.0	3.0	0.00422460449912673	0.0005968812653152078	0.9997014925373134
803_H-118	2.0	2.0	0.0021123183211874817	0.00029846290933410735	0.9998507462686567
804_H-118	3.0	3.0	0.007589563113987332	0.0011674994634802704	0.9998539932836911
805_H-118	3.0	3.0	0.00793114817319581	0.001207000355998633	1.0
806_H-118	2.0	2.0	0.003995717292462448	0.0006087352958781267	1.0
807_H-118	2.0	2.0	0.003948138025948116	0.0006006005464056496	1.0
808_H-118	2.0	2.0	0.00565482390124473	0.0009000898265321133	1.0
809_H-118	2.0	2.0	0.0038894211059237863	0.0005905801935639499	1.0
80_H-118	3.0	3.0	0.007790043485750865	0.001202238883387663	0.9998496466696737
810_H-118	3.0	3.0	0.00949654583021307	0.001514875469115995	0.9998484159466424
811_H-118	3.0	3.0	0.006105113738747756	0.0009062986638361803	0.9998488969477184
812_H-118	2.0	2.0	0.003905861329192585	0.0005933837186895552	1.0
813_H-118	4.0	4.0	0.011835003839904858	0.0018192377197425724	0.9998483009708737
814_H-118	4.0	4.0	0.009811564544011138	0.001466189301573606	0.9998533079067038
815_H-118	2.0	2.0	0.003912582095719267	0.0005945302684786657	1.0
816_H-118	3.0	3.0	0.007816154603638582	0.0012067727232101255	0.9998490793842438
817_H-118	3.0	3.0	0.005903951859847131	0.0008729387936080579	0.9998544607771794
818_H-118	2.0	2.0	0.007083850782869596	0.0011614397936958731	1.0
819_H-118	3.0	3.0	0.011145587609849647	0.0017834133884642167	1.0
81_H-118	3.0	3.0	0.006094425899085577	0.0009045225010659852	0.9998491931835319
820_H-118	2.0	2.0	0.0039017375540605437	0.0005926803450171381	1.0
821_H-118	3.0	3.0	0.0060642211336459865	0.0008995051619550276	0.9998500299940012
822_H-118	2.0	2.0	0.003949722370049979	0.0006008712090637136	1.0
823_H-118	3.0	3.0	0.007821399002484977	0.0012076835977555822	0.9998489654130795
824_H-118	2.0	2.0	0.004086068651344621	0.0006242196644985487	1.0
825_H-118	2.0	2.0	0.00397311438262918	0.0006048691416773444	1.0
826_H-118	3.0	3.0	0.011338161199337645	0.0018182727397614284	1.0
827_H-118	2.0	2.0	0.007295364816653766	0.0012008401549830072	1.0
828_H-118	2.0	2.0	0.005681244965917039	0.0009048407134342185	1.0
829_H-118	3.0	3.0	0.0077858836905664065	0.0011822075404592791	1.0
82_H-118	2.0	2.0	0.007278029353192529	0.0011976043604859932	1.0
830_H-118	2.0	2.0	0.0055705375066584925	0.0008849555787964203	1.0
831_H-118	3.0	3.0	0.009312929046932596	0.001449527013773766	1.0
832_H-118	3.0	3.0	0.007733241621024398	0.0011923833693763264	0.9998508798091261
833_H-118	2.0	2.0	0.003996258762245899	0.0006088279496350157	1.0
834_H-118	2.0	2.0	0.004004943366474735	0.0006103142550029084	1.0
835_H-118	2.0	2.0	0.0021346477497477794	0.00030197794872277584	0.9998489882210813
836_H-118	3.0	3.0	0.007865653874292148	0.001195814408047502	1.0
837_H-118	2.0	2.0	0.0021413270838217015	0.0003030302960715936	0.9998484618881649
838_H-118	3.0	3.0	0.006235656086833346	0.0009280262762342284	0.9998452730929909
839_H-118	2.0	2.0	0.008792776790091937	0.0014845597508925668	1.0
83_H-118	2.0	2.0	0.0039619136836771835	0.0006029544221022309	1.0
840_H-118	3.0	3.0	0.012426648863661554	0.002079265006382447	0.9998513453248105
841_H-118	2.0	2.0	0.0021168586373482567	0.00029917725583139543	0.9998503889886295
842_H-118	2.0	2.0	0.003907410114589634	0.0005936479144217355	1.0
843_H-118	1.0	1.0	-0.0	0.0	1.0
844_H-118	2.0	2.0	0.003958725698801873	0.0006024095838681465	1.0
845_H-118	3.0	3.0	0.006098531941306658	0.0009052048160851367	0.9998490793842438
846_H-118	3.0	3.0	0.008005402669945611	0.0012196978693164162	1.0
847_H-118	3.0	3.0	0.015871674496377428	0.002701707702980616	1.0
848_H-118	2.0	2.0	0.005697986447512591	0.0009078527405932402	1.0
849_H-118	2.0	2.0	0.0021268624166286	0.0003007518728963543	0.9998496014438262
84_H-118	3.0	3.0	0.007915197550083996	0.001204274931049465	1.0
850_H-118	2.0	2.0	0.0039507793442784935	0.0006010517864041276	1.0
851_H-118	3.0	3.0	0.0076793255120961084	0.0011830379164243787	0.9998520491196923
852_H-118	3.0	3.0	0.009354884084675259	0.0014893801319738609	0.9998509687034277
853_H-118	2.0	2.0	0.007269394272672133	0.0011959929938367697	1.0
854_H-118	4.0	3.0	0.0043125575133987635	0.000610733611740244	0.9996945632254124
855_H-118	2.0	2.0	0.0021128847417554884	0.0002985520160352362	0.9998507017020006
856_H-118	2.0	2.0	0.007194517634977997	0.0011820326835534356	1.0
857_H-118	3.0	3.0	0.0096437991072693	0.0015076584118280945	1.0
858_H-118	2.0	2.0	0.003942866540868787	0.0005997000959736543	1.0
859_H-118	4.0	3.0	0.004096855899335217	0.0005768259878521365	0.9997115245925284
85_H-118	3.0	3.0	0.005962115966308094	0.0008825691531320068	0.9998528546203649
860_H-118	3.0	3.0	0.006055302014198838	0.000898024236835715	0.999850276987573
861_H-118	2.0	2.0	0.002103860124992019	0.00029713266317688003	0.999851411589896
862_H-118	2.0	2.0	0.0021063901051349937	0.000297530490289466	0.99985121261717
863_H-118	4.0	4.0	0.013722842814741915	0.002130665278418098	1.0
864_H-118	3.0	3.0	0.006073982684909165	0.0009011262972679068	0.9998497596153846
865_H-118	2.0	2.0	0.0020783594747746754	0.00029312618452670414	0.9998534154206977
866_H-118	2.0	2.0	0.007116670909682962	0.001167541925058968	1.0
867_H-118	3.0	3.0	0.00929239933367595	0.0014781523297141552	0.9998520928856678
868_H-118	2.0	2.0	0.003935511337626755	0.0005984439918687023	1.0
869_H-118	4.0	3.0	0.004309603136556932	0.0006102677230015452	0.9996947962765146
86_H-118	4.5	4.0	0.008336619140517072	0.0012240368102325316	0.9996938619317313
870_H-118	2.0	2.0	0.002171785700045982	0.0003078343778057935	0.9998460591133005
871_H-118	3.0	3.0	0.008009751114423053	0.0012404540010620968	0.9998448650325783
872_H-118	4.0	3.0	0.004187575895506658	0.0005910601852091579	0.9997044043748152
873_H-118	4.0	4.0	0.009744006040020237	0.001454883689394837	0.9998544395924308
874_H-118	2.0	2.0	0.004093460574982659	0.0006254886018013384	1.0
875_H-118	2.0	2.0	0.0020988192643631976	0.00029634019203994555	0.9998518079430943
876_H-118	2.0	2.0	0.003943919650600768	0.0005998799699951096	1.0
877_H-118	2.0	2.0	0.007534119511087705	0.001245523414832972	1.0
878_H-118	1.0	1.0	-0.0	0.0	1.0
879_H-118	3.0	3.0	0.007915197550083996	0.001204274931049465	1.0
87_H-118	3.0	3.0	0.006112536162668867	0.0009075324067939761	0.9998486911786957
880_H-118	3.0	3.0	0.007890870830428423	0.0012001197687093734	1.0
881_H-118	3.0	3.0	0.006105937515256049	0.0009064355807117952	0.9998488741121354
882_H-118	3.0	3.0	0.00963606221658623	0.0015062958245335434	1.0
883_H-118	2.0	2.0	0.007520707736219859	0.0012430075988218992	1.0
884_H-118	3.0	3.0	0.007987741803328913	0.0012366190793231535	0.9998453448809156
885_H-118	4.0	3.0	0.004319072144226987	0.0006117610750763225	0.9996940492580695
886_H-118	2.0	2.0	0.005402162379440288	0.000854822468012495	1.0
887_H-118	2.0	2.0	0.002161036999072632	0.000306138061093586	0.9998469075321494
888_H-118	2.0	2.0	0.002114018540618232	0.00029873038915106953	0.9998506124887959
889_H-118	2.0	2.0	0.008756233290371897	0.0014775405635498728	1.0
88_H-118	2.0	2.0	0.0039571337333743845	0.0006021375338269852	1.0
890_H-118	1.0	1.0	-0.0	0.0	1.0
891_H-118	2.0	2.0	0.002121991062802	0.0002999849939988586	0.9998499849984999
892_H-118	2.0	2.0	0.0039022525239962432	0.0005927681755211189	1.0
893_H-118	3.0	3.0	0.008236082790460784	0.001259247318494694	1.0
894_H-118	2.0	2.0	0.002158367260883481	0.00030571689899927534	0.9998471181776487
895_H-118	4.0	3.0	0.004279127763902799	0.0006054642842202584	0.9996971990915973
896_H-118	1.0	1.0	-0.0	0.0	1.0
897_H-118	4.0	3.0	0.004189800641065089	0.0005914097439447819	0.9997042295178941
898_H-118	2.0	2.0	0.007265563415375054	0.001195278221903573	1.0
899_H-118	3.0	3.0	0.00796804222564762	0.0012331878669877838	0.9998457742134484
89_H-118	3.0	3.0	0.006074797641190463	0.0009012616556811626	0.9998497370398197
8_H-118	3.0	3.0	0.00766018961565801	0.0011797232310702954	0.9998524638536441
900_H-118	3.0	3.0	0.011054200363536612	0.001810727464468087	0.9998489882210813
901_H-118	2.0	2.0	0.002135516484291355	0.0003021147967297022	0.9998489197764012
902_H-118	1.0	1.0	-0.0	0.0	1.0
903_H-118	2.0	2.0	0.003946555020995909	0.000600330127478399	1.0
904_H-118	2.0	2.0	0.002136385961881068	0.0003022517688240356	0.9998488512696493
905_H-118	4.0	4.0	0.009958952373907865	0.001490890274605472	0.9998508353221957
906_H-118	3.0	3.0	0.005979407057358976	0.0008854344957609506	0.9998523767345734
907_H-118	1.0	1.0	-0.0	0.0	1.0
908_H-118	2.0	2.0	0.002085500151546832	0.0002942474557448005	0.9998528546203649
909_H-118	3.0	3.0	0.009155864942160823	0.0014536568595040489	0.9998545454545454
90_H-118	3.0	3.0	0.005939483333017736	0.0008788203249739945	0.9998534798534798
910_H-118	2.0	2.0	0.003966172759148619	0.0006036824079906911	1.0
911_H-118	3.0	3.0	0.01119418991892608	0.001792203041174445	1.0
912_H-118	4.0	4.0	0.009643865628663296	0.001438145023549442	0.9998561151079137
913_H-118	4.0	3.0	0.004265214337799653	0.000603272723805448	0.9996982953688339
914_H-118	5.0	4.0	0.0098752184255739	0.00149575162997595	0.9997006884166417
915_H-118	1.0	1.0	-0.0	0.0	1.0
916_H-118	2.0	2.0	0.0038620064372289977	0.0005859088408539659	1.0
917_H-118	3.0	3.0	0.005937929126136145	0.0008785629586759436	0.9998535227772082
918_H-118	2.0	2.0	0.008923265944619374	0.0015096609742892841	1.0
919_H-118	2.0	2.0	0.003953953847792094	0.0006015941702310901	1.0
91_H-118	4.0	4.0	0.013799370748574801	0.002144043686968855	1.0
920_H-118	2.0	2.0	0.0020954727601455304	0.0002958142221911597	0.9998520710059171
921_H-118	2.0	2.0	0.005693410258523524	0.0009070292917348066	1.0
922_H-118	3.0	3.0	0.006078059769902185	0.0009018034962224863	0.9998496466696737
923_H-118	3.0	3.0	0.00770771032530922	0.0011879568080959135	0.9998514336651315
924_H-118	2.0	2.0	0.003979008102357884	0.0006058769513312967	1.0
925_H-118	2.0	2.0	0.00402353093428777	0.0006134968747530944	1.0
926_H-118	3.0	3.0	0.006023900988604818	0.0008928127488004867	0.9998511461744567
927_H-118	2.0	2.0	0.0039376098713353085	0.0005988023415002264	1.0
928_H-118	3.0	3.0	0.009714414458968675	0.0015541941085842614	0.9998444790046657
929_H-118	3.0	3.0	0.014200781920150871	0.0024315618927908123	0.9998478624676708
92_H-118	1.0	1.0	-0.0	0.0	1.0
930_H-118	2.0	2.0	0.007143344354244234	0.0011725043598473928	1.0
931_H-118	3.0	3.0	0.011167624171019165	0.0017873979733831202	1.0
932_H-118	2.0	2.0	0.0039022525239962432	0.0005927681755211189	1.0
933_H-118	2.0	2.0	0.003973649414767348	0.0006049606221720794	1.0
934_H-118	4.0	3.0	0.004229139618772851	0.0005975946513826491	0.9997011356843993
935_H-118	2.0	2.0	0.00711117855645597	0.0011665204542550267	1.0
936_H-118	2.0	2.0	0.005734104001252619	0.0009143551881718448	1.0
937_H-118	3.0	3.0	0.009794666651048868	0.0015342595042689977	1.0
938_H-118	2.0	2.0	0.003965639846915657	0.0006035913136346327	1.0
939_H-118	3.0	3.0	0.007696779505619754	0.0011670311402554034	1.0
93_H-118	3.0	3.0	0.011004396843125357	0.0018014851406480403	0.9998497596153846
940_H-118	4.0	3.0	0.004193142418541333	0.0005919348579830341	0.9997039668442865
941_H-118	3.0	3.0	0.013037737535992132	0.0021404842034151716	1.0
942_H-118	2.0	2.0	0.0021086443478794616	0.00029788500977345755	0.9998510353046328
943_H-118	2.0	2.0	0.005648071815684302	0.0008988762227628566	1.0
944_H-118	4.0	3.0	0.004217256676893002	0.0005957256385860088	0.9997020706092656
945_H-118	3.0	3.0	0.011160268425337674	0.0017860678015403364	1.0
946_H-118	2.0	2.0	0.007109349764839193	0.0011661803610596433	1.0
947_H-118	3.0	3.0	0.012995678468685172	0.0021326586283402227	1.0
948_H-118	2.0	2.0	0.0021188514790644645	0.0002994908588107581	0.9998502321401828
949_H-118	3.0	3.0	0.006026304277262897	0.0008932114840527472	0.9998510796723753
94_H-118	4.0	3.0	0.004291380473195341	0.0006073950030192066	0.9996962332928311
950_H-118	2.0	2.0	0.0021480504752195814	0.0003040900036110905	0.9998479318734793
951_H-118	3.0	3.0	0.0077097462843962175	0.0011883097231700779	0.9998513895080993
952_H-118	2.0	2.0	0.005694934791753368	0.000907303608661536	1.0
953_H-118	3.0	3.0	0.007760349575958572	0.001177856071533534	1.0
954_H-118	3.0	3.0	0.007816154603638582	0.0012067727232101255	0.9998490793842438
955_H-118	2.0	2.0	0.005769141055940309	0.0009206688242107131	1.0
956_H-118	4.0	4.0	0.01183819688203826	0.0018197894911359258	0.9998482549317147
957_H-118	3.0	3.0	0.00921522328407642	0.0014642998027614151	0.9998534798534798
958_H-118	3.0	3.0	0.006078059769902185	0.0009018034962224863	0.9998496466696737
959_H-118	3.0	3.0	0.006175980560234231	0.0009180861829974907	0.9998469309658656
95_H-118	3.0	3.0	0.009617891727204194	0.001536758640998337	0.9998462248193142
960_H-118	2.0	2.0	0.002085224557278576	0.0002942041713311916	0.9998528762689421
961_H-118	2.0	2.0	0.005764443326687211	0.0009198219729760204	1.0
962_H-118	4.5	4.0	0.008375598096907105	0.0012304377387020171	0.9996922603477458
963_H-118	3.0	3.0	0.009693105625524674	0.0015163457081295295	1.0
964_H-118	2.0	2.0	0.0038873763268319705	0.0005902316144934527	1.0
965_H-118	2.0	2.0	0.0022143639979684956	0.00031456432062126893	0.9998426930942268
966_H-118	4.0	4.0	0.01000823153876173	0.0014991600802439775	0.999850007499625
967_H-118	3.0	3.0	0.0076682345627596925	0.0011811166214662494	0.9998522895125553
968_H-118	2.0	2.0	0.0021294508923185044	0.0003011594571056264	0.9998493975903614
969_H-118	3.0	3.0	0.009436934785686878	0.0014712801422323007	1.0
96_H-118	3.0	3.0	0.006075612827731022	0.0009013970547647743	0.9998497144574692
970_H-118	3.0	3.0	0.0092307899021903	0.00146709254402011	0.9998532002348797
971_H-118	4.0	4.0	0.015229514338908475	0.0024284260096751886	0.9998480935743582
972_H-118	4.0	3.0	0.00414577215739117	0.0005844962092124151	0.9997076878105817
973_H-118	2.0	2.0	0.00565482390124473	0.0009000898265321133	1.0
974_H-118	3.0	3.0	0.01143943476382435	0.0018366400493987634	1.0
975_H-118	2.0	2.0	0.003907926664117029	0.0005937360319530072	1.0
976_H-118	2.0	2.0	0.003996258762245899	0.0006088279496350157	1.0
977_H-118	3.0	3.0	0.0061541203912760176	0.0009144481671415905	0.9998475377344107
978_H-118	3.0	3.0	0.006164189421601983	0.0009161236621365587	0.999847258286238
979_H-118	3.0	3.0	0.006097710266934889	0.0009050682707424373	0.9998491021578392
97_H-118	2.0	2.0	0.0021225629464906555	0.0003000750119976914	0.9998499399759904
980_H-118	2.0	2.0	0.007301162744687889	0.001201922642320774	1.0
981_H-118	2.0	2.0	0.002112601491594767	0.00029850745603487994	0.999850723988655
982_H-118	3.0	3.0	0.0077319600773788945	0.0011730203006837803	1.0
983_H-118	4.5	4.0	0.008220830811225353	0.0012050459237264999	0.9996986136226642
984_H-118	4.0	3.0	0.004268683777986638	0.0006038191251900304	0.9996980220443907
985_H-118	2.0	2.0	0.0021294508923185044	0.0003011594571056264	0.9998493975903614
986_H-118	3.0	3.0	0.007877190527548431	0.0011977838575424338	1.0
987_H-118	4.0	4.0	0.01512860732519904	0.0023900200437071417	1.0
988_H-118	1.0	1.0	-0.0	0.0	1.0
989_H-118	4.0	4.0	0.016358765485690166	0.002636072905007225	0.9998534154206977
98_H-118	3.0	3.0	0.005954291126561872	0.0008812728462354036	0.9998530708198649
990_H-118	2.0	2.0	0.0071683691867842495	0.0011771626287977455	1.0
991_H-118	3.0	3.0	0.007746588538927816	0.0011946982435963038	0.9998505901688332
992_H-118	3.0	3.0	0.009398879546802583	0.001464600149255979	1.0
993_H-118	3.0	3.0	0.007632171948419528	0.001174872148298034	0.9998530708198649
994_H-118	2.0	2.0	0.0020954727601455304	0.0002958142221911597	0.9998520710059171
995_H-118	2.0	2.0	0.002081923382765591	0.0002936857499062917	0.999853135555882
996_H-118	2.0	2.0	0.003926618807653642	0.0005969257787592497	1.0
997_H-118	3.0	3.0	0.00590548740109812	0.000873192874890294	0.999854418401514
998_H-118	3.0	3.0	0.006079692217803115	0.000902074660883434	0.9998496014438262
999_H-118	2.0	2.0	0.003921928122319146	0.0005961251332968764	1.0
99_H-118	2.0	2.0	0.007412208594720095	0.0012226802699748518	1.0
9_H-118	2.0	2.0	0.0038680633363821445	0.0005869405216871737	1.0
