	chao1	observed_otus	shannon	simpson	goods_coverage
1000_OMC-125	3.0	3.0	1.357620350038121	0.5689561925365062	1.0
100_OMC-125	3.0	3.0	1.1451145405142986	0.4522569444444444	1.0
101_OMC-125	3.0	3.0	1.3108562983864118	0.5631999999999999	1.0
102_OMC-125	3.0	3.0	1.121640762186858	0.4609375	1.0
103_OMC-125	2.0	2.0	0.8672816222000259	0.41086419753086423	1.0
104_OMC-125	3.0	3.0	1.2408931545490722	0.5327783558792923	1.0
105_OMC-125	3.0	3.0	1.3485878960124225	0.578512396694215	1.0
106_OMC-125	3.0	3.0	1.236032213759607	0.5443786982248522	1.0
107_OMC-125	3.0	3.0	1.2210477851797181	0.5259515570934256	1.0
108_OMC-125	3.0	3.0	1.0064630247287516	0.4418402777777778	0.9791666666666666
109_OMC-125	3.0	3.0	1.091145346559676	0.49980776624375234	0.9803921568627451
10_OMC-125	3.0	3.0	1.1282468200554612	0.47828673408685307	1.0
110_OMC-125	3.0	3.0	1.3049201523582004	0.56375	1.0
111_OMC-125	3.0	3.0	1.114287970621908	0.48135332564398303	1.0
112_OMC-125	2.0	2.0	0.869137580612638	0.4120707596253901	1.0
113_OMC-125	3.0	3.0	0.991258081577138	0.42871900826446274	0.9772727272727273
114_OMC-125	3.0	3.0	1.2197484934607568	0.5413223140495869	1.0
115_OMC-125	3.0	3.0	1.2342496730246098	0.5344098423683199	1.0
116_OMC-125	3.0	3.0	1.3298762291251114	0.5725308641975309	1.0
117_OMC-125	3.0	3.0	1.1747579731719544	0.5105462412114657	1.0
118_OMC-125	2.0	2.0	0.8739810481273579	0.4152249134948096	1.0
119_OMC-125	2.0	2.0	0.9011701959974223	0.43307555026769773	1.0
11_OMC-125	2.0	2.0	0.7706290693639406	0.34963579604578565	1.0
120_OMC-125	3.0	3.0	1.2710621404256968	0.5556018325697626	1.0
121_OMC-125	3.0	3.0	1.3185404758454657	0.5362499999999999	1.0
122_OMC-125	3.0	3.0	1.0331737299469321	0.40790842872008326	1.0
123_OMC-125	2.0	2.0	0.8631205685666311	0.40816326530612246	1.0
124_OMC-125	3.0	3.0	1.299185985885623	0.5378071833648392	1.0
125_OMC-125	3.0	3.0	1.2287923792501958	0.5088275237664102	1.0
126_OMC-125	3.0	3.0	1.3317607101149556	0.5639958376690947	1.0
127_OMC-125	3.0	3.0	1.3049201523582004	0.56375	1.0
128_OMC-125	2.0	2.0	0.7592757847892834	0.34265318262938727	1.0
129_OMC-125	3.0	3.0	1.1280180176532146	0.5158730158730158	0.9761904761904762
12_OMC-125	2.0	2.0	0.4854607607459134	0.18836565096952906	1.0
130_OMC-125	3.0	3.0	1.2121008114080496	0.5214497041420119	1.0
131_OMC-125	3.0	3.0	1.2280179245569254	0.5322448979591837	1.0
132_OMC-125	3.0	3.0	1.210810026106033	0.5263157894736843	1.0
133_OMC-125	3.0	3.0	1.3103095268418943	0.5353086419753086	1.0
134_OMC-125	3.0	3.0	1.121640762186858	0.4609375	1.0
135_OMC-125	3.0	3.0	1.2143150341343767	0.48876953125	1.0
136_OMC-125	3.0	3.0	1.4152689500270956	0.5864197530864197	1.0
137_OMC-125	3.0	3.0	1.3298762291251114	0.5725308641975309	1.0
138_OMC-125	2.0	2.0	0.9321115676166747	0.45368620037807184	1.0
139_OMC-125	3.0	3.0	1.4689800860827833	0.6191135734072022	1.0
13_OMC-125	3.0	3.0	1.2400362501086653	0.547008547008547	1.0
140_OMC-125	2.0	2.0	0.9837082626231858	0.48875	1.0
141_OMC-125	3.0	3.0	1.1059008672649948	0.444297520661157	1.0
142_OMC-125	3.0	3.0	1.312962257132801	0.56	1.0
143_OMC-125	3.0	3.0	1.3377953166251793	0.5626346568174823	1.0
144_OMC-125	3.0	3.0	1.5200907086043647	0.6369612856099343	1.0
145_OMC-125	3.0	3.0	1.0360822790616302	0.45827160493827157	0.9777777777777777
146_OMC-125	3.0	3.0	1.1338503439755059	0.4614512471655329	1.0
147_OMC-125	3.0	3.0	1.1869852938983247	0.4730864197530864	1.0
148_OMC-125	2.0	2.0	0.8672816222000259	0.41086419753086423	1.0
149_OMC-125	3.0	3.0	1.283474826759087	0.5288531775018261	1.0
14_OMC-125	3.0	3.0	1.1178896056701053	0.5090702947845805	0.9761904761904762
150_OMC-125	3.0	3.0	1.2604408810349512	0.5452653485952134	1.0
151_OMC-125	3.0	3.0	1.18647414751418	0.4967901234567901	1.0
152_OMC-125	3.0	3.0	1.2475562489182657	0.5390625	1.0
153_OMC-125	2.0	2.0	0.9940302114769566	0.49586776859504145	1.0
154_OMC-125	3.0	3.0	1.332266499136719	0.5667928610059492	1.0
155_OMC-125	3.0	3.0	1.3291641289759726	0.5568130375735627	1.0
156_OMC-125	3.0	3.0	0.7703437707962479	0.2866666666666666	0.9666666666666667
157_OMC-125	2.0	2.0	0.9252253278054431	0.44907197827071077	1.0
158_OMC-125	3.0	3.0	1.1392781631244115	0.5025510204081634	0.9642857142857143
159_OMC-125	3.0	3.0	0.857571890716308	0.3130165289256197	1.0
15_OMC-125	3.0	3.0	1.2391385894060905	0.5469692617064061	1.0
160_OMC-125	3.0	3.0	1.3612504026603245	0.5785667324128864	1.0
161_OMC-125	3.0	3.0	1.2256186891151253	0.5110803324099723	1.0
162_OMC-125	2.0	2.0	0.9902246902198684	0.49323958896700915	1.0
163_OMC-125	3.0	3.0	1.324596001420316	0.5564348188254894	1.0
164_OMC-125	3.0	3.0	1.1780791131518513	0.4838921761998686	1.0
165_OMC-125	3.0	3.0	1.136477334576122	0.5044444444444445	0.9666666666666667
166_OMC-125	3.0	3.0	1.4183203709705836	0.5977777777777777	1.0
167_OMC-125	3.0	3.0	1.236032213759607	0.5443786982248522	1.0
168_OMC-125	3.0	3.0	1.152889910971706	0.48794740686632576	1.0
169_OMC-125	3.0	3.0	1.0664857211782814	0.4750566893424035	0.9761904761904762
16_OMC-125	3.0	3.0	1.1425171113097465	0.49839999999999995	1.0
170_OMC-125	3.0	3.0	1.41048574481679	0.5910493827160495	1.0
171_OMC-125	3.0	3.0	1.1103746838736355	0.505137912385073	0.9767441860465116
172_OMC-125	3.0	3.0	1.0377724203178629	0.43621399176954734	1.0
173_OMC-125	3.0	3.0	1.4443701762527377	0.6075147125396106	1.0
174_OMC-125	2.0	2.0	0.712064054890548	0.31409875074360494	1.0
175_OMC-125	2.0	2.0	0.672294817075638	0.2906574394463668	1.0
176_OMC-125	3.0	3.0	1.2733306660180939	0.5226843100189036	1.0
177_OMC-125	2.0	2.0	0.978070970973496	0.48487712665406424	1.0
178_OMC-125	3.0	3.0	0.9510456605801273	0.3807999999999999	0.96
179_OMC-125	3.0	3.0	1.091145346559676	0.49980776624375234	0.9803921568627451
17_OMC-125	3.0	3.0	1.389640911570547	0.5910493827160493	1.0
180_OMC-125	3.0	3.0	1.4671774218401734	0.6122448979591837	1.0
181_OMC-125	3.0	3.0	1.2090947583763867	0.4996347699050401	1.0
182_OMC-125	3.0	3.0	1.1820320942909508	0.4995408631772268	1.0
183_OMC-125	3.0	3.0	1.2326602568158207	0.537037037037037	1.0
184_OMC-125	3.0	3.0	1.2839465152590124	0.5416171224732462	1.0
185_OMC-125	3.0	3.0	1.0582741989496858	0.4136000000000001	1.0
186_OMC-125	2.0	2.0	0.8739810481273579	0.4152249134948096	1.0
187_OMC-125	3.0	3.0	1.1669527240200814	0.5131195335276968	1.0
188_OMC-125	3.0	3.0	1.2343888840832413	0.5325987144168962	1.0
189_OMC-125	3.0	3.0	1.2072100267448116	0.5330578512396694	1.0
18_OMC-125	3.0	3.0	1.4543637930792856	0.6073469387755103	1.0
190_OMC-125	3.0	3.0	0.9384475979809812	0.3998334027488546	0.9795918367346939
191_OMC-125	2.0	2.0	0.9649567669505686	0.47590719809637116	1.0
192_OMC-125	3.0	3.0	1.0993503889353484	0.5069419722321111	0.9811320754716981
193_OMC-125	3.0	3.0	1.0731311864451212	0.4185903354878424	1.0
194_OMC-125	3.0	3.0	1.402081402756032	0.5951557093425606	1.0
195_OMC-125	3.0	3.0	1.3047153842038743	0.54931640625	1.0
196_OMC-125	3.0	3.0	1.204893007245432	0.5381091211995002	1.0
197_OMC-125	3.0	3.0	1.2088301752949477	0.5368620037807184	1.0
198_OMC-125	3.0	3.0	0.9791405645056199	0.42447916666666663	0.9791666666666666
199_OMC-125	3.0	3.0	1.3485878960124225	0.578512396694215	1.0
19_OMC-125	3.0	3.0	0.924463686699577	0.3964296706678979	0.9824561403508771
1_OMC-125	2.0	2.0	0.8974271930876951	0.43060361399461744	1.0
200_OMC-125	3.0	3.0	0.7349933316162832	0.2593694229625223	1.0
201_OMC-125	3.0	3.0	1.152889910971706	0.48794740686632576	1.0
202_OMC-125	3.0	3.0	1.2622604540594544	0.5351742274819198	1.0
203_OMC-125	3.0	3.0	1.0582741989496858	0.4136000000000001	1.0
204_OMC-125	3.0	3.0	1.36775429077692	0.5820451843043994	1.0
205_OMC-125	2.0	2.0	0.9656361333706097	0.4763705103969753	1.0
206_OMC-125	2.0	2.0	0.8418521897563208	0.3944485025566107	1.0
207_OMC-125	3.0	3.0	0.6338054550605168	0.22375	0.975
208_OMC-125	3.0	3.0	1.1791248764739934	0.5075608152531229	1.0
209_OMC-125	3.0	3.0	1.1488835401005122	0.5208163265306123	0.9714285714285714
20_OMC-125	3.0	3.0	1.1961754130549362	0.5258264462809916	1.0
210_OMC-125	3.0	3.0	1.058007288292942	0.4815051020408163	0.9821428571428571
211_OMC-125	3.0	3.0	1.0420399429347815	0.4591836734693878	0.9761904761904762
212_OMC-125	2.0	2.0	0.940285958670631	0.4591836734693877	1.0
213_OMC-125	3.0	3.0	1.3686749682993518	0.5848	1.0
214_OMC-125	3.0	3.0	1.2427303803729568	0.5470914127423823	1.0
215_OMC-125	2.0	2.0	0.9819407868640977	0.48753462603878117	1.0
216_OMC-125	3.0	3.0	0.8465229039914256	0.34314169307378894	0.9787234042553191
217_OMC-125	2.0	2.0	0.9709505944546688	0.48	1.0
218_OMC-125	3.0	3.0	1.1955408106806318	0.5211183819155265	1.0
219_OMC-125	2.0	2.0	0.775512658133148	0.3526530612244898	1.0
21_OMC-125	3.0	3.0	1.2621161952677333	0.5441975308641975	1.0
220_OMC-125	3.0	3.0	1.0937623721807688	0.4492702029191884	1.0
221_OMC-125	3.0	3.0	1.1334671399860885	0.4936562860438293	1.0
222_OMC-125	3.0	3.0	1.180764852170432	0.5054784514243974	1.0
223_OMC-125	3.0	3.0	1.1700333844140454	0.5266666666666666	0.9666666666666667
224_OMC-125	2.0	2.0	0.9865446300055644	0.4907024793388429	1.0
225_OMC-125	2.0	2.0	0.954434002924965	0.46875	1.0
226_OMC-125	2.0	2.0	0.46899559358928117	0.17999999999999994	1.0
227_OMC-125	2.0	2.0	0.995252549439679	0.4967129291453616	1.0
228_OMC-125	3.0	3.0	1.4836591643979626	0.6228373702422145	1.0
229_OMC-125	2.0	2.0	0.7219280948873623	0.31999999999999984	1.0
22_OMC-125	3.0	3.0	1.3298072579086149	0.5608	1.0
230_OMC-125	3.0	3.0	0.9901165555366106	0.40880102040816335	1.0
231_OMC-125	3.0	3.0	1.2389012566026307	0.5207100591715976	1.0
232_OMC-125	3.0	3.0	1.2353480179777263	0.5229591836734694	1.0
233_OMC-125	2.0	2.0	0.9440870182837795	0.46174739701222267	1.0
234_OMC-125	3.0	3.0	1.139796781207107	0.4555247768544167	1.0
235_OMC-125	2.0	2.0	0.954434002924965	0.46875	1.0
236_OMC-125	3.0	3.0	1.1956217818146277	0.5355029585798816	1.0
237_OMC-125	3.0	3.0	1.1386769915269095	0.4723032069970845	1.0
238_OMC-125	3.0	3.0	1.0872033369264704	0.4886621315192744	0.9761904761904762
239_OMC-125	3.0	3.0	1.2494354985047271	0.52875	1.0
23_OMC-125	3.0	3.0	1.1431558784658322	0.4965277777777778	1.0
240_OMC-125	3.0	3.0	1.0949143184120975	0.4387755102040817	1.0
241_OMC-125	2.0	2.0	0.8203636429576731	0.3807463493780423	1.0
242_OMC-125	2.0	2.0	0.9182958340544894	0.4444444444444444	1.0
243_OMC-125	3.0	3.0	1.3441279814912652	0.5664819944598337	1.0
244_OMC-125	3.0	3.0	1.1251424121652285	0.5127900059488399	0.975609756097561
245_OMC-125	2.0	2.0	0.9774178175281716	0.4844290657439446	1.0
246_OMC-125	3.0	3.0	1.25866329959714	0.521484375	1.0
247_OMC-125	3.0	3.0	1.2612796872684704	0.5519031141868512	1.0
248_OMC-125	2.0	2.0	0.9494520153879485	0.46537396121883656	1.0
249_OMC-125	2.0	2.0	0.8904916402194913	0.42603550295857995	1.0
24_OMC-125	3.0	3.0	1.0488412604661608	0.43083900226757366	1.0
250_OMC-125	3.0	3.0	1.2833970266917707	0.5234979179060084	1.0
251_OMC-125	3.0	3.0	1.1955408106806318	0.5211183819155265	1.0
252_OMC-125	3.0	3.0	1.1818189193726576	0.5028571428571429	1.0
253_OMC-125	3.0	3.0	1.3821022532543101	0.5864197530864197	1.0
254_OMC-125	3.0	3.0	1.1759545428254794	0.5213379469434833	1.0
255_OMC-125	3.0	3.0	1.1657916905685306	0.48137888581101884	1.0
256_OMC-125	3.0	3.0	1.295461844238322	0.54	1.0
257_OMC-125	2.0	2.0	0.998363672593813	0.4988662131519275	1.0
258_OMC-125	3.0	3.0	1.3851115573275241	0.5671487603305785	1.0
259_OMC-125	2.0	2.0	0.7219280948873623	0.31999999999999984	1.0
25_OMC-125	3.0	3.0	1.0494298516573752	0.4678638941398866	0.9782608695652174
260_OMC-125	3.0	3.0	1.1065213189351428	0.4794238683127572	1.0
261_OMC-125	3.0	3.0	1.1696355299995806	0.5124490719782707	1.0
262_OMC-125	2.0	2.0	0.8631205685666311	0.40816326530612246	1.0
263_OMC-125	3.0	3.0	1.1423941064130356	0.4767397154940407	1.0
264_OMC-125	3.0	3.0	1.2484577639970085	0.5059171597633136	1.0
265_OMC-125	3.0	3.0	1.2059525340802855	0.48066627007733487	1.0
266_OMC-125	3.0	3.0	1.086943753557998	0.48625000000000007	0.975
267_OMC-125	3.0	3.0	1.1770225546116342	0.475206611570248	1.0
268_OMC-125	3.0	3.0	0.8954863760864648	0.3655489809335962	0.9743589743589743
269_OMC-125	3.0	3.0	1.1261846801618565	0.438207333635129	1.0
26_OMC-125	2.0	2.0	0.9182958340544894	0.4444444444444444	1.0
270_OMC-125	3.0	3.0	1.327888151005378	0.563189747241011	1.0
271_OMC-125	3.0	3.0	1.3560392339090797	0.5718336483931947	1.0
272_OMC-125	3.0	3.0	1.1271693809645407	0.4663999999999999	1.0
273_OMC-125	2.0	2.0	0.9886994082884974	0.4921875	1.0
274_OMC-125	3.0	3.0	1.266037468657218	0.5495699411498416	1.0
275_OMC-125	2.0	2.0	0.9256859869821298	0.4493801652892562	1.0
276_OMC-125	2.0	2.0	0.8631205685666311	0.40816326530612246	1.0
277_OMC-125	3.0	3.0	1.2677702161044206	0.526077097505669	1.0
278_OMC-125	3.0	3.0	1.2538013905715866	0.5322359396433471	1.0
279_OMC-125	3.0	3.0	1.236032213759607	0.5443786982248522	1.0
27_OMC-125	3.0	3.0	1.3779630390761746	0.5872576177285319	1.0
280_OMC-125	2.0	2.0	0.8554508105601307	0.4032	1.0
281_OMC-125	3.0	3.0	1.124850241441707	0.4700826446280991	1.0
282_OMC-125	3.0	3.0	1.2183368243391808	0.5102880658436213	1.0
283_OMC-125	3.0	3.0	1.3610156764620027	0.5778834720570749	1.0
284_OMC-125	3.0	3.0	1.09720820621356	0.433641975308642	1.0
285_OMC-125	3.0	3.0	1.1221136771091087	0.43827160493827166	1.0
286_OMC-125	3.0	3.0	1.2145219973448835	0.5161290322580645	1.0
287_OMC-125	3.0	3.0	1.1696355299995806	0.5124490719782707	1.0
288_OMC-125	3.0	3.0	1.1058104407448337	0.5061113626075147	0.9787234042553191
289_OMC-125	3.0	3.0	1.1988517621721415	0.49123814995690895	1.0
28_OMC-125	2.0	2.0	0.6500224216483541	0.2777777777777777	1.0
290_OMC-125	2.0	2.0	0.9892452969285004	0.49256395002974407	1.0
291_OMC-125	3.0	3.0	1.3351374375367715	0.5616319444444444	1.0
292_OMC-125	3.0	3.0	1.1387631951151622	0.45351239669421484	1.0
293_OMC-125	3.0	3.0	0.8710241897828374	0.34527089072543615	0.9696969696969697
294_OMC-125	3.0	3.0	0.9691869476068812	0.4189920866305705	0.9795918367346939
295_OMC-125	3.0	3.0	1.364991774066721	0.560546875	1.0
296_OMC-125	2.0	2.0	0.8812908992306927	0.42000000000000004	1.0
297_OMC-125	3.0	3.0	1.1431558784658322	0.4965277777777778	1.0
298_OMC-125	3.0	3.0	1.3122643070969315	0.566732412886259	1.0
299_OMC-125	3.0	3.0	1.4406454496153465	0.605	1.0
29_OMC-125	2.0	2.0	0.6997722217733069	0.3067932797662527	1.0
2_OMC-125	2.0	2.0	0.8418521897563208	0.3944485025566107	1.0
300_OMC-125	3.0	3.0	1.3335410506649712	0.5570370370370371	1.0
301_OMC-125	3.0	3.0	1.3416320637123618	0.5761245674740485	1.0
302_OMC-125	3.0	3.0	1.1503665874295381	0.47829861111111116	1.0
303_OMC-125	3.0	3.0	1.2406705316766884	0.5123966942148761	1.0
304_OMC-125	3.0	3.0	0.9133533657970414	0.3526077097505669	1.0
305_OMC-125	3.0	3.0	1.04004747814315	0.46265278406518795	0.9787234042553191
306_OMC-125	3.0	3.0	1.1848606772967432	0.49323958896700915	1.0
307_OMC-125	2.0	2.0	0.9819407868640977	0.48753462603878117	1.0
308_OMC-125	2.0	2.0	0.9852281360342515	0.48979591836734704	1.0
309_OMC-125	3.0	3.0	1.1622189237596123	0.47735537190082644	1.0
30_OMC-125	3.0	3.0	1.2665298255862099	0.527892561983471	1.0
310_OMC-125	2.0	2.0	0.7131467486384921	0.31474480151228734	1.0
311_OMC-125	2.0	2.0	0.9886994082884974	0.4921875	1.0
312_OMC-125	2.0	2.0	0.7568336324184034	0.3411570247933884	1.0
313_OMC-125	3.0	3.0	1.2342496730246098	0.5344098423683199	1.0
314_OMC-125	2.0	2.0	0.7382848661434506	0.32986111111111116	1.0
315_OMC-125	3.0	3.0	1.1964209471916636	0.53125	1.0
316_OMC-125	3.0	3.0	1.3244831920045916	0.5599112426035503	1.0
317_OMC-125	3.0	3.0	1.2197484934607568	0.5413223140495869	1.0
318_OMC-125	3.0	3.0	1.0969880637381757	0.4521604938271605	1.0
319_OMC-125	3.0	3.0	1.0064630247287516	0.4418402777777778	0.9791666666666666
31_OMC-125	3.0	3.0	1.2009102795095283	0.526077097505669	1.0
320_OMC-125	3.0	3.0	1.1339874769112017	0.5187388459250446	0.975609756097561
321_OMC-125	2.0	2.0	0.6997722217733069	0.3067932797662527	1.0
322_OMC-125	3.0	3.0	1.3249692858267144	0.5444234404536862	1.0
323_OMC-125	3.0	3.0	1.1284992368853686	0.455678177287291	1.0
324_OMC-125	3.0	3.0	1.1567796494470395	0.4600000000000001	1.0
325_OMC-125	3.0	3.0	1.0577422381270594	0.4467455621301776	0.9615384615384616
326_OMC-125	3.0	3.0	1.0994839817876885	0.46875	1.0
327_OMC-125	2.0	2.0	0.8112781244591328	0.375	1.0
328_OMC-125	3.0	3.0	1.3402140889071492	0.5687091017251635	1.0
329_OMC-125	2.0	2.0	0.8856128713989709	0.42283163265306123	1.0
32_OMC-125	3.0	3.0	1.1282468200554612	0.47828673408685307	1.0
330_OMC-125	3.0	3.0	1.210810026106033	0.5263157894736843	1.0
331_OMC-125	3.0	3.0	1.1766912610488998	0.4968	1.0
332_OMC-125	3.0	3.0	1.2532256180852692	0.5485714285714287	1.0
333_OMC-125	3.0	3.0	1.2090634198693218	0.5133544590312358	1.0
334_OMC-125	2.0	2.0	0.978070970973496	0.48487712665406424	1.0
335_OMC-125	3.0	3.0	1.0666086069294727	0.4245867768595042	1.0
336_OMC-125	3.0	3.0	1.3420192178195207	0.5743801652892562	1.0
337_OMC-125	3.0	3.0	1.0794391616491377	0.470703125	0.96875
338_OMC-125	3.0	3.0	1.392684473603616	0.5876951331496786	1.0
339_OMC-125	3.0	3.0	1.3312172971736653	0.5601577909270217	1.0
33_OMC-125	2.0	2.0	0.8541802051521676	0.40237966468361286	1.0
340_OMC-125	3.0	3.0	1.0813247795573495	0.44411979547114677	1.0
341_OMC-125	3.0	3.0	1.0910862444927814	0.4732461355529133	1.0
342_OMC-125	3.0	3.0	1.4520860837970972	0.6120416478044364	1.0
343_OMC-125	3.0	3.0	1.1401156785146092	0.46153846153846156	1.0
344_OMC-125	3.0	3.0	1.0335148506204577	0.3970370370370371	1.0
345_OMC-125	3.0	3.0	1.2701904796519512	0.5364431486880467	1.0
346_OMC-125	3.0	3.0	1.1492297615162819	0.46124763705103977	1.0
347_OMC-125	3.0	3.0	1.2343888840832413	0.5325987144168962	1.0
348_OMC-125	3.0	3.0	1.157488464391172	0.4678819444444444	1.0
349_OMC-125	2.0	2.0	0.9852281360342515	0.48979591836734704	1.0
34_OMC-125	3.0	3.0	1.1162041568149241	0.4866115702479339	1.0
350_OMC-125	2.0	2.0	0.9352691398683567	0.4558071585098612	1.0
351_OMC-125	3.0	3.0	1.136667851043432	0.5126530612244897	0.9714285714285714
352_OMC-125	2.0	2.0	0.9456603046006401	0.4628099173553719	1.0
353_OMC-125	3.0	3.0	1.133382493901513	0.5216942148760331	0.9772727272727273
354_OMC-125	3.0	3.0	1.4612994229140754	0.6133044889129259	1.0
355_OMC-125	3.0	3.0	1.297586287347347	0.5390625	1.0
356_OMC-125	3.0	3.0	1.0843365498332873	0.45238095238095233	1.0
357_OMC-125	3.0	3.0	1.4183203709705836	0.5977777777777777	1.0
358_OMC-125	2.0	2.0	0.8739810481273579	0.4152249134948096	1.0
359_OMC-125	3.0	3.0	1.0104072215944042	0.4140625	1.0
35_OMC-125	3.0	3.0	1.1434574388216352	0.49432892249527405	1.0
360_OMC-125	3.0	3.0	1.1791248764739934	0.5075608152531229	1.0
361_OMC-125	2.0	2.0	0.9182958340544894	0.4444444444444444	1.0
362_OMC-125	3.0	3.0	1.268074413216111	0.5228382648664177	1.0
363_OMC-125	3.0	3.0	1.1104488100045833	0.43699296917252584	1.0
364_OMC-125	3.0	3.0	1.1349753504258682	0.5052029136316336	1.0
365_OMC-125	3.0	3.0	1.1743424870103538	0.47687446136167766	1.0
366_OMC-125	3.0	3.0	1.3615419333359278	0.5695999999999999	1.0
367_OMC-125	3.0	3.0	1.2408931545490722	0.5327783558792923	1.0
368_OMC-125	3.0	3.0	1.1077843849525173	0.4821428571428571	1.0
369_OMC-125	2.0	2.0	0.7950402793845223	0.3648	1.0
36_OMC-125	3.0	3.0	1.4612994229140754	0.6133044889129259	1.0
370_OMC-125	3.0	3.0	1.1901486291326555	0.4727891156462585	1.0
371_OMC-125	3.0	3.0	1.1892851881396038	0.49755817293881077	1.0
372_OMC-125	3.0	3.0	1.1545221624411652	0.4975662520281233	1.0
373_OMC-125	2.0	2.0	0.8779620013943912	0.4178232286340394	1.0
374_OMC-125	3.0	3.0	0.9790231724570174	0.4005486968449933	1.0
375_OMC-125	3.0	3.0	1.1546947117521666	0.4949434860202261	1.0
376_OMC-125	3.0	3.0	1.3377780971924957	0.5746691871455576	1.0
377_OMC-125	2.0	2.0	0.9426831892554923	0.4608	1.0
378_OMC-125	3.0	3.0	1.0860486123130382	0.46639231824417016	0.962962962962963
379_OMC-125	2.0	2.0	0.9034535552068337	0.4345857854232684	1.0
37_OMC-125	3.0	3.0	1.0713702041610322	0.44564629529475397	1.0
380_OMC-125	2.0	2.0	0.7219280948873623	0.31999999999999984	1.0
381_OMC-125	3.0	3.0	1.2516291673878228	0.5493827160493827	1.0
382_OMC-125	3.0	3.0	1.014097655573916	0.3984375	1.0
383_OMC-125	3.0	3.0	1.1050139971135324	0.45983379501385047	1.0
384_OMC-125	3.0	3.0	1.180671362788246	0.4844290657439446	1.0
385_OMC-125	3.0	3.0	1.1642421924875017	0.5136485966935793	1.0
386_OMC-125	3.0	3.0	1.3195212983796365	0.5486968449931413	1.0
387_OMC-125	3.0	3.0	1.2115551708989194	0.5068411659726353	1.0
388_OMC-125	3.0	3.0	1.2130604396700206	0.5340136054421769	1.0
389_OMC-125	2.0	2.0	0.8453509366224364	0.39669421487603307	1.0
38_OMC-125	3.0	3.0	1.1988283991916022	0.5030991735537189	1.0
390_OMC-125	3.0	3.0	1.1464524861615177	0.46707818930041145	1.0
391_OMC-125	2.0	2.0	0.9709505944546688	0.48	1.0
392_OMC-125	3.0	3.0	1.3180945160030577	0.5436179981634527	1.0
393_OMC-125	3.0	3.0	1.2036908806058486	0.5200876552227902	1.0
394_OMC-125	3.0	3.0	1.31320354360109	0.5463842220598977	1.0
395_OMC-125	3.0	3.0	1.2843256354899717	0.5344098423683199	1.0
396_OMC-125	2.0	2.0	0.8314743880097293	0.38781163434903054	1.0
397_OMC-125	3.0	3.0	1.2309595631140104	0.5244444444444445	1.0
398_OMC-125	3.0	3.0	1.2366493562676988	0.5223081499107673	1.0
399_OMC-125	3.0	3.0	1.2528404674681515	0.5396975425330814	1.0
39_OMC-125	3.0	3.0	1.1411535278793057	0.485	1.0
3_OMC-125	2.0	2.0	0.7219280948873623	0.31999999999999984	1.0
400_OMC-125	3.0	3.0	1.288763817696861	0.5566893424036281	1.0
401_OMC-125	2.0	2.0	0.6892019851173655	0.30055401662049874	1.0
402_OMC-125	2.0	2.0	0.964078764808229	0.47530864197530853	1.0
403_OMC-125	3.0	3.0	1.4670340276877456	0.61375	1.0
404_OMC-125	3.0	3.0	1.2814430108997072	0.5459438677431757	1.0
405_OMC-125	2.0	2.0	0.8631205685666311	0.40816326530612246	1.0
406_OMC-125	3.0	3.0	1.194545119186222	0.5287460389316433	1.0
407_OMC-125	3.0	3.0	1.0172684567358263	0.45192307692307687	0.9807692307692307
408_OMC-125	3.0	3.0	1.3609640474436813	0.58	1.0
409_OMC-125	3.0	3.0	1.3977584759698873	0.5942857142857143	1.0
40_OMC-125	3.0	3.0	1.1796779956857995	0.5214493960849647	1.0
410_OMC-125	3.0	3.0	1.1287997673232604	0.5128205128205129	0.9743589743589743
411_OMC-125	3.0	3.0	1.1487361244596448	0.5249307479224377	0.9736842105263158
412_OMC-125	3.0	3.0	1.2283491776835571	0.5425342058298632	1.0
413_OMC-125	2.0	2.0	0.9340680553754911	0.45499999999999996	1.0
414_OMC-125	3.0	3.0	1.2072100267448116	0.5330578512396694	1.0
415_OMC-125	3.0	3.0	1.2481445810265563	0.508400292184076	1.0
416_OMC-125	3.0	3.0	1.2927558742508514	0.5526315789473684	1.0
417_OMC-125	3.0	3.0	1.2664238727153472	0.5512152777777777	1.0
418_OMC-125	3.0	3.0	1.1433201021277661	0.49173553719008267	1.0
419_OMC-125	3.0	3.0	1.2697816169827234	0.5547688463140359	1.0
41_OMC-125	2.0	2.0	0.995252549439679	0.4967129291453616	1.0
420_OMC-125	3.0	3.0	1.0309521179065686	0.41224635101459595	1.0
421_OMC-125	2.0	2.0	0.9564574047992596	0.47012345679012346	1.0
422_OMC-125	3.0	3.0	1.264088612112315	0.5103969754253308	1.0
423_OMC-125	3.0	3.0	1.122607968400632	0.44791666666666663	1.0
424_OMC-125	3.0	3.0	1.0872033369264704	0.4886621315192744	0.9761904761904762
425_OMC-125	2.0	2.0	0.9709505944546688	0.48	1.0
426_OMC-125	2.0	2.0	0.8112781244591328	0.375	1.0
427_OMC-125	3.0	3.0	1.3312172971736653	0.5601577909270217	1.0
428_OMC-125	3.0	3.0	0.9469603906550578	0.3601134215500944	1.0
429_OMC-125	3.0	3.0	1.2047306077587603	0.5300162249864793	1.0
42_OMC-125	3.0	3.0	1.1873969449665476	0.5022907122032486	1.0
430_OMC-125	3.0	3.0	1.3508774745753187	0.57375	1.0
431_OMC-125	3.0	3.0	1.4060075793123286	0.585	1.0
432_OMC-125	2.0	2.0	0.9440870182837795	0.46174739701222267	1.0
433_OMC-125	3.0	3.0	1.123087582630798	0.4973985431841832	0.967741935483871
434_OMC-125	3.0	3.0	0.9932789152593068	0.4271267102914932	0.975609756097561
435_OMC-125	2.0	2.0	0.9736680645496202	0.481859410430839	1.0
436_OMC-125	3.0	3.0	0.9998535293186834	0.41388429752066114	1.0
437_OMC-125	3.0	3.0	0.8359922814745508	0.33767361111111116	0.9791666666666666
438_OMC-125	3.0	3.0	1.1542238918616847	0.4917817225509532	1.0
439_OMC-125	3.0	3.0	0.9995246444084435	0.4357277882797732	0.9782608695652174
43_OMC-125	3.0	3.0	1.4153413978136882	0.599609375	1.0
440_OMC-125	3.0	3.0	1.1247565656140777	0.47337278106508873	1.0
441_OMC-125	3.0	3.0	1.221192234575385	0.5408328826392644	1.0
442_OMC-125	3.0	3.0	0.9753966142437857	0.42843951985226225	0.9824561403508771
443_OMC-125	3.0	3.0	1.0214779079324177	0.45231153685964176	0.9795918367346939
444_OMC-125	3.0	3.0	1.1791248764739934	0.5075608152531229	1.0
445_OMC-125	3.0	3.0	1.2582658857615796	0.540289256198347	1.0
446_OMC-125	3.0	3.0	1.18647414751418	0.4967901234567901	1.0
447_OMC-125	3.0	3.0	1.1791248764739934	0.5075608152531229	1.0
448_OMC-125	3.0	3.0	0.9580540683392955	0.368179925031237	1.0
449_OMC-125	3.0	3.0	1.0683112379159179	0.47830578512396693	0.9772727272727273
44_OMC-125	3.0	3.0	1.1126004781126004	0.47813411078717216	1.0
450_OMC-125	2.0	2.0	0.8418521897563208	0.3944485025566107	1.0
451_OMC-125	3.0	3.0	1.1864386410510046	0.49190082644628097	1.0
452_OMC-125	2.0	2.0	0.976020648236615	0.48347107438016523	1.0
453_OMC-125	3.0	3.0	0.7981943390667416	0.3088642659279779	0.9736842105263158
454_OMC-125	3.0	3.0	1.2556344380844573	0.5367805478608803	1.0
455_OMC-125	3.0	3.0	1.1883763717345073	0.515	1.0
456_OMC-125	3.0	3.0	1.065337482592785	0.4296	1.0
457_OMC-125	3.0	3.0	1.2980413872772287	0.538781163434903	1.0
458_OMC-125	3.0	3.0	1.2722595663292235	0.5414201183431954	1.0
459_OMC-125	3.0	3.0	1.2834068429024	0.5416326530612244	1.0
45_OMC-125	3.0	3.0	1.3851115573275241	0.5671487603305785	1.0
460_OMC-125	2.0	2.0	0.9709505944546688	0.48	1.0
461_OMC-125	3.0	3.0	1.3258713458747464	0.5685830692621097	1.0
462_OMC-125	3.0	3.0	1.198892336661554	0.5044444444444445	1.0
463_OMC-125	2.0	2.0	0.9798687566511527	0.48611111111111105	1.0
464_OMC-125	3.0	3.0	0.9293550115186284	0.3698224852071006	0.9615384615384616
465_OMC-125	3.0	3.0	1.333708310157909	0.5730612244897959	1.0
466_OMC-125	3.0	3.0	1.2419389116382147	0.5299586776859504	1.0
467_OMC-125	3.0	3.0	1.4256132384104512	0.5931336742147553	1.0
468_OMC-125	3.0	3.0	1.2175388265365092	0.5199652777777779	1.0
469_OMC-125	2.0	2.0	0.9052002969560479	0.4357422570309719	1.0
46_OMC-125	3.0	3.0	1.082588477233369	0.4622781065088757	1.0
470_OMC-125	3.0	3.0	1.3080457817145257	0.5653257386970452	1.0
471_OMC-125	3.0	3.0	0.9828401803140903	0.3802625622453599	1.0
472_OMC-125	3.0	3.0	1.0629143697559045	0.45619074978454466	1.0
473_OMC-125	3.0	3.0	1.320755238197283	0.5572320499479708	1.0
474_OMC-125	3.0	3.0	1.2423708743932151	0.5028571428571429	1.0
475_OMC-125	2.0	2.0	0.6136190195993708	0.25711662075298425	1.0
476_OMC-125	3.0	3.0	1.2285807198683132	0.5154859380562478	1.0
477_OMC-125	3.0	3.0	1.309691097339382	0.5650887573964497	1.0
478_OMC-125	3.0	3.0	1.2747900666170138	0.556640625	1.0
479_OMC-125	2.0	2.0	0.9656361333706097	0.4763705103969753	1.0
47_OMC-125	3.0	3.0	1.2970892603744264	0.55875	1.0
480_OMC-125	2.0	2.0	0.7401470427139037	0.33098972417523	1.0
481_OMC-125	3.0	3.0	1.2345222832358067	0.5031236984589755	1.0
482_OMC-125	3.0	3.0	0.9293550115186284	0.3698224852071006	1.0
483_OMC-125	3.0	3.0	1.2815531082029132	0.5330160618679358	1.0
484_OMC-125	3.0	3.0	1.1549362194690045	0.4523456790123457	1.0
485_OMC-125	3.0	3.0	1.1105522511832788	0.45111111111111124	1.0
486_OMC-125	3.0	3.0	1.0975596723589818	0.45925044616299815	1.0
487_OMC-125	3.0	3.0	1.1211774609034908	0.4801512287334593	1.0
488_OMC-125	3.0	3.0	1.119732514718548	0.4542996214169821	1.0
489_OMC-125	2.0	2.0	0.8960382325345574	0.4296875	1.0
48_OMC-125	3.0	3.0	1.333777225669864	0.569214876033058	1.0
490_OMC-125	2.0	2.0	0.8886466698980794	0.4248229904206581	1.0
491_OMC-125	3.0	3.0	1.2529007737565314	0.5354245538128718	1.0
492_OMC-125	3.0	3.0	1.2958363892911637	0.5612244897959184	1.0
493_OMC-125	3.0	3.0	1.0957663204772514	0.4954029204975663	0.9767441860465116
494_OMC-125	3.0	3.0	1.386331357389136	0.5862628447809627	1.0
495_OMC-125	3.0	3.0	1.285207571715559	0.5495562130177516	1.0
496_OMC-125	3.0	3.0	1.2506472668030135	0.5325255102040816	1.0
497_OMC-125	3.0	3.0	1.2730009199061239	0.5142439737034331	1.0
498_OMC-125	3.0	3.0	1.2576262380747258	0.5353955978584176	1.0
499_OMC-125	2.0	2.0	0.9182958340544894	0.4444444444444444	1.0
49_OMC-125	3.0	3.0	1.0106475539723159	0.39026063100137165	1.0
4_OMC-125	3.0	3.0	1.3015742892816131	0.5519848771266541	1.0
500_OMC-125	3.0	3.0	1.101958186869069	0.4481665912177456	1.0
501_OMC-125	3.0	3.0	1.0408520829727552	0.4027777777777778	1.0
502_OMC-125	3.0	3.0	1.208525923602211	0.5353086419753086	1.0
503_OMC-125	3.0	3.0	1.351233275645195	0.5770975056689343	1.0
504_OMC-125	3.0	3.0	1.3615419333359278	0.5695999999999999	1.0
505_OMC-125	3.0	3.0	1.3787834934861756	0.5714285714285714	1.0
506_OMC-125	3.0	3.0	1.1668750678823046	0.50125	1.0
507_OMC-125	3.0	3.0	1.2997367636952524	0.537037037037037	1.0
508_OMC-125	3.0	3.0	1.038106747375295	0.4059504132231405	1.0
509_OMC-125	3.0	3.0	1.2000794795953018	0.4885215794306704	1.0
50_OMC-125	3.0	3.0	1.0414727634685106	0.3966942148760332	1.0
510_OMC-125	3.0	3.0	1.1242592373746327	0.4946492271105827	0.9655172413793104
511_OMC-125	3.0	3.0	0.9855636061042875	0.3983703033046627	1.0
512_OMC-125	3.0	3.0	1.4787069142481561	0.6152433425160698	1.0
513_OMC-125	3.0	3.0	0.9486196756851625	0.40538194444444453	0.9791666666666666
514_OMC-125	3.0	3.0	1.3551502080773128	0.5637500000000001	1.0
515_OMC-125	3.0	3.0	1.3589949469954952	0.5749207786328656	1.0
516_OMC-125	3.0	3.0	1.2729055953200563	0.5511111111111111	1.0
517_OMC-125	3.0	3.0	0.9469919020221362	0.4019753086419754	0.9777777777777777
518_OMC-125	2.0	2.0	0.8112781244591328	0.375	1.0
519_OMC-125	3.0	3.0	1.3655637951140525	0.5746938775510204	1.0
51_OMC-125	2.0	2.0	0.9517626756348312	0.46693877551020413	1.0
520_OMC-125	3.0	3.0	1.3161988218813212	0.5453061224489797	1.0
521_OMC-125	2.0	2.0	0.7335379291086666	0.32698961937716264	1.0
522_OMC-125	2.0	2.0	0.9940302114769566	0.49586776859504145	1.0
523_OMC-125	2.0	2.0	0.6665783579949205	0.2873345935727789	1.0
524_OMC-125	3.0	3.0	1.1456857149614637	0.4711289859235852	1.0
525_OMC-125	3.0	3.0	1.389640911570547	0.5910493827160493	1.0
526_OMC-125	3.0	3.0	1.1242592373746327	0.4946492271105827	0.9655172413793104
527_OMC-125	2.0	2.0	0.7401470427139037	0.33098972417523	1.0
528_OMC-125	3.0	3.0	1.034986808381895	0.4370575561711296	1.0
529_OMC-125	3.0	3.0	1.309691097339382	0.5650887573964497	1.0
52_OMC-125	3.0	3.0	1.1546947117521666	0.4949434860202261	1.0
530_OMC-125	3.0	3.0	1.090652803252992	0.45867768595041325	1.0
531_OMC-125	3.0	3.0	1.2682650449469535	0.5451595457003786	1.0
532_OMC-125	3.0	3.0	1.1110353358017644	0.46624999999999994	1.0
533_OMC-125	3.0	3.0	1.199635708654101	0.5207100591715976	1.0
534_OMC-125	3.0	3.0	1.0867618230381284	0.49243856332703206	0.9782608695652174
535_OMC-125	3.0	3.0	0.9735200604764283	0.3729338842975207	1.0
536_OMC-125	2.0	2.0	0.9474351361840307	0.46400951814396196	1.0
537_OMC-125	2.0	2.0	0.9992492479956566	0.49947970863683666	1.0
538_OMC-125	3.0	3.0	1.2646726793957221	0.5293005671077504	1.0
539_OMC-125	3.0	3.0	1.1409008646502679	0.4679752066115703	1.0
53_OMC-125	2.0	2.0	0.7568336324184034	0.3411570247933884	1.0
540_OMC-125	3.0	3.0	1.0119209285947934	0.430795847750865	0.9705882352941176
541_OMC-125	2.0	2.0	0.9059282160429994	0.4362244897959183	1.0
542_OMC-125	3.0	3.0	1.110268542511689	0.4744228157537348	1.0
543_OMC-125	3.0	3.0	1.0570289955349563	0.4794238683127572	0.9814814814814815
544_OMC-125	3.0	3.0	0.7533347247815687	0.26337448559670773	1.0
545_OMC-125	2.0	2.0	0.974024864435752	0.48210372534696855	1.0
546_OMC-125	3.0	3.0	1.2556344380844573	0.5367805478608803	1.0
547_OMC-125	3.0	3.0	1.2171795419761775	0.4985123966942149	1.0
548_OMC-125	3.0	3.0	1.0924226683166836	0.4989587671803415	0.9795918367346939
549_OMC-125	2.0	2.0	0.9736680645496202	0.481859410430839	1.0
54_OMC-125	3.0	3.0	1.2769435597232495	0.5306971904266389	1.0
550_OMC-125	2.0	2.0	0.9996437496778561	0.49975308641975313	1.0
551_OMC-125	3.0	3.0	1.1211774609034908	0.4801512287334593	1.0
552_OMC-125	3.0	3.0	1.2244687599090465	0.5429962141698216	1.0
553_OMC-125	3.0	3.0	1.2339557062686486	0.5235262303948081	1.0
554_OMC-125	2.0	2.0	0.8698926856041563	0.4125619834710743	1.0
555_OMC-125	3.0	3.0	0.9327931047282927	0.3915630070308276	0.9767441860465116
556_OMC-125	2.0	2.0	0.7889406572966208	0.3609917355371901	1.0
557_OMC-125	3.0	3.0	1.1657840518150735	0.5034013605442177	0.9523809523809523
558_OMC-125	2.0	2.0	0.45868581620054033	0.17481789802289294	1.0
559_OMC-125	3.0	3.0	0.9589870088868838	0.4110457220461746	0.9787234042553191
55_OMC-125	3.0	3.0	1.3242294895389195	0.5644132653061225	1.0
560_OMC-125	3.0	3.0	1.280898379604652	0.5547520661157025	1.0
561_OMC-125	2.0	2.0	0.9967916319816367	0.49777777777777776	1.0
562_OMC-125	3.0	3.0	1.2674626659936306	0.5083102493074791	1.0
563_OMC-125	3.0	3.0	1.211321350134393	0.5094645754461872	1.0
564_OMC-125	3.0	3.0	1.0368902807106741	0.45375	0.975
565_OMC-125	3.0	3.0	1.0406014912311534	0.43521722414455966	1.0
566_OMC-125	3.0	3.0	1.2145404077952504	0.5406427221172022	1.0
567_OMC-125	2.0	2.0	0.9275265884316759	0.45061224489795915	1.0
568_OMC-125	3.0	3.0	1.2445659687102855	0.5276033057851239	1.0
569_OMC-125	3.0	3.0	1.2597218324096136	0.5312	1.0
56_OMC-125	3.0	3.0	1.5309436156485987	0.6424747174301011	1.0
570_OMC-125	3.0	3.0	1.187257484034542	0.4997736532367587	1.0
571_OMC-125	3.0	3.0	1.167267423822269	0.49537037037037046	1.0
572_OMC-125	3.0	3.0	1.0369678910772295	0.4178232286340394	1.0
573_OMC-125	3.0	3.0	0.9510456605801273	0.3807999999999999	1.0
574_OMC-125	2.0	2.0	0.8926230133850988	0.42743764172335597	1.0
575_OMC-125	3.0	3.0	1.1645495091974547	0.4881299458558934	1.0
576_OMC-125	3.0	3.0	1.198892336661554	0.5044444444444445	1.0
577_OMC-125	2.0	2.0	0.9837082626231858	0.48875	1.0
578_OMC-125	3.0	3.0	1.5052408149441479	0.6328125	1.0
579_OMC-125	3.0	3.0	1.4262454053391447	0.5989171178675552	1.0
57_OMC-125	3.0	3.0	1.17379555750862	0.4725651577503429	1.0
580_OMC-125	3.0	3.0	1.0957663204772514	0.4954029204975663	0.9767441860465116
581_OMC-125	3.0	3.0	1.0487103552642416	0.4602235371466141	0.9743589743589743
582_OMC-125	3.0	3.0	1.2566918714553124	0.5051652892561984	1.0
583_OMC-125	3.0	3.0	1.2104354468056115	0.511604938271605	1.0
584_OMC-125	3.0	3.0	1.4406454496153465	0.605	1.0
585_OMC-125	3.0	3.0	1.2805767575096108	0.5560493827160495	1.0
586_OMC-125	3.0	3.0	1.3059062414952043	0.5609418282548477	1.0
587_OMC-125	3.0	3.0	1.2529007737565314	0.5354245538128718	1.0
588_OMC-125	3.0	3.0	1.2487636811095608	0.5493060628195763	1.0
589_OMC-125	3.0	3.0	1.4365455520910289	0.6074380165289256	1.0
58_OMC-125	3.0	3.0	1.0639993696997976	0.47124999999999995	0.975
590_OMC-125	2.0	2.0	0.9666186325481027	0.4770408163265307	1.0
591_OMC-125	3.0	3.0	1.1747579731719544	0.5105462412114657	1.0
592_OMC-125	3.0	3.0	1.2481445810265563	0.508400292184076	1.0
593_OMC-125	3.0	3.0	1.101958186869069	0.4481665912177456	1.0
594_OMC-125	3.0	3.0	1.297586287347347	0.5390625	1.0
595_OMC-125	3.0	3.0	1.121640762186858	0.4609375	1.0
596_OMC-125	3.0	3.0	1.3297455265134746	0.5447530864197531	1.0
597_OMC-125	3.0	3.0	1.1727148802435863	0.4659735349716446	1.0
598_OMC-125	3.0	3.0	1.3695904139084136	0.5748299319727891	1.0
599_OMC-125	3.0	3.0	1.3246093559171521	0.5649382716049383	1.0
59_OMC-125	2.0	2.0	0.8238116333123173	0.38293444328824133	1.0
5_OMC-125	3.0	3.0	1.288566309628944	0.5581395348837209	1.0
600_OMC-125	3.0	3.0	1.2353473971998952	0.5405405405405405	1.0
601_OMC-125	3.0	3.0	1.2353473971998952	0.5405405405405405	1.0
602_OMC-125	3.0	3.0	1.286571709784646	0.5314622000905387	1.0
603_OMC-125	3.0	3.0	1.277360085207081	0.5240054869684498	1.0
604_OMC-125	3.0	3.0	1.1742723537471602	0.4905482041587902	1.0
605_OMC-125	2.0	2.0	0.8849636363831529	0.42240587695133147	1.0
606_OMC-125	3.0	3.0	1.1538687240687704	0.499753086419753	1.0
607_OMC-125	3.0	3.0	1.181899057917561	0.5165289256198347	1.0
608_OMC-125	3.0	3.0	1.2259737926440315	0.5303254437869824	1.0
609_OMC-125	3.0	3.0	1.3517308856338408	0.5758477096966091	1.0
60_OMC-125	3.0	3.0	1.065337482592785	0.4296	1.0
610_OMC-125	3.0	3.0	1.3603880779263118	0.5596707818930042	1.0
611_OMC-125	3.0	3.0	1.1696355299995806	0.5124490719782707	1.0
612_OMC-125	2.0	2.0	0.8418521897563208	0.3944485025566107	1.0
613_OMC-125	3.0	3.0	1.259756468731008	0.5496	1.0
614_OMC-125	3.0	3.0	1.1941737342569119	0.5123456790123456	1.0
615_OMC-125	3.0	3.0	1.3882590357355855	0.5855999999999999	1.0
616_OMC-125	2.0	2.0	0.9561550236844027	0.4699181203275187	1.0
617_OMC-125	3.0	3.0	1.2256186891151253	0.5110803324099723	1.0
618_OMC-125	3.0	3.0	1.185876443710733	0.4698042482299042	1.0
619_OMC-125	3.0	3.0	1.0934665971042636	0.507325481183568	0.9830508474576272
61_OMC-125	3.0	3.0	1.1991801505660866	0.5367166474432911	1.0
620_OMC-125	3.0	3.0	1.1559368506327257	0.46952908587257614	1.0
621_OMC-125	3.0	3.0	1.1331344929633766	0.4955500177999288	1.0
622_OMC-125	3.0	3.0	1.0462142562183354	0.43259259259259264	1.0
623_OMC-125	2.0	2.0	0.9994730201859837	0.4996347699050402	1.0
624_OMC-125	2.0	2.0	0.7219280948873623	0.31999999999999984	1.0
625_OMC-125	2.0	2.0	0.9108783787500366	0.43950850661625707	1.0
626_OMC-125	3.0	3.0	1.0087600267079522	0.4070294784580498	1.0
627_OMC-125	3.0	3.0	1.3000872313303804	0.5361570247933884	1.0
628_OMC-125	3.0	3.0	0.9768372377388188	0.3967704728950404	1.0
629_OMC-125	2.0	2.0	0.9993375041688846	0.4995408631772268	1.0
62_OMC-125	3.0	3.0	1.2165082932664202	0.5026041666666667	1.0
630_OMC-125	2.0	2.0	0.9474351361840307	0.46400951814396196	1.0
631_OMC-125	3.0	3.0	1.2717822215997983	0.5546875	1.0
632_OMC-125	3.0	3.0	1.136477334576122	0.5044444444444445	0.9666666666666667
633_OMC-125	2.0	2.0	0.9895875212220555	0.4927999999999999	1.0
634_OMC-125	3.0	3.0	1.2487636811095608	0.5493060628195763	1.0
635_OMC-125	2.0	2.0	0.9879565014919159	0.491675338189386	1.0
636_OMC-125	3.0	3.0	1.1769802288912379	0.4992603550295859	1.0
637_OMC-125	2.0	2.0	0.7424875695421236	0.3324099722991689	1.0
638_OMC-125	3.0	3.0	1.1820320942909508	0.4995408631772268	1.0
639_OMC-125	3.0	3.0	1.133483606931675	0.49146189087880054	1.0
63_OMC-125	2.0	2.0	0.9972943816462349	0.4981257809246147	1.0
640_OMC-125	3.0	3.0	1.236032213759607	0.5443786982248522	1.0
641_OMC-125	3.0	3.0	1.1330978558822473	0.4889090086011769	1.0
642_OMC-125	3.0	3.0	1.062412253213859	0.43783462224866154	1.0
643_OMC-125	3.0	3.0	1.1103017440293748	0.4602194787379972	1.0
644_OMC-125	3.0	3.0	1.150185480458198	0.5231481481481481	0.9722222222222222
645_OMC-125	3.0	3.0	1.1836960119917215	0.48109640831758027	1.0
646_OMC-125	3.0	3.0	1.1167390421411905	0.4906636024130997	1.0
647_OMC-125	3.0	3.0	1.1242106465296637	0.5154958677685951	0.9772727272727273
648_OMC-125	3.0	3.0	1.369076934423499	0.5706771860618014	1.0
649_OMC-125	3.0	3.0	1.0666152167384504	0.446124763705104	1.0
64_OMC-125	2.0	2.0	0.787126586201269	0.3598615916955018	1.0
650_OMC-125	3.0	3.0	1.0994839817876885	0.46875	0.9583333333333334
651_OMC-125	2.0	2.0	0.9733854352299557	0.4816659121774559	1.0
652_OMC-125	3.0	3.0	1.247424124433455	0.5326991676575505	1.0
653_OMC-125	3.0	3.0	0.760658476840993	0.27087442472057854	1.0
654_OMC-125	3.0	3.0	1.198794450194632	0.505671077504726	1.0
655_OMC-125	2.0	2.0	0.9736680645496202	0.481859410430839	1.0
656_OMC-125	3.0	3.0	1.3101781007050755	0.56143273635985	1.0
657_OMC-125	3.0	3.0	1.4836591643979626	0.6228373702422145	1.0
658_OMC-125	2.0	2.0	0.9961344835095797	0.4973230220107079	1.0
659_OMC-125	3.0	3.0	1.2309595631140104	0.5244444444444445	1.0
65_OMC-125	3.0	3.0	1.2457873952707117	0.5294784580498866	1.0
660_OMC-125	3.0	3.0	1.0867618230381284	0.49243856332703206	0.9782608695652174
661_OMC-125	3.0	3.0	1.0663355526659644	0.4273426889995472	1.0
662_OMC-125	3.0	3.0	1.2363864108712896	0.5429362880886427	1.0
663_OMC-125	3.0	3.0	1.1762495186563748	0.47980008329862556	1.0
664_OMC-125	2.0	2.0	0.9474351361840307	0.46400951814396196	1.0
665_OMC-125	2.0	2.0	0.8865408928220898	0.4234404536862004	1.0
666_OMC-125	3.0	3.0	1.0261042488657175	0.45274102079395084	0.9782608695652174
667_OMC-125	3.0	3.0	1.198794450194632	0.505671077504726	1.0
668_OMC-125	3.0	3.0	1.2056790882462356	0.49469387755102046	1.0
669_OMC-125	3.0	3.0	1.0099463861557338	0.4414814814814815	0.9777777777777777
66_OMC-125	3.0	3.0	1.4033871686492405	0.5952380952380952	1.0
670_OMC-125	3.0	3.0	1.1433201021277661	0.49173553719008267	1.0
671_OMC-125	3.0	3.0	1.3291641289759726	0.5568130375735627	1.0
672_OMC-125	2.0	2.0	0.9629004147713268	0.47450572320499484	1.0
673_OMC-125	2.0	2.0	0.74959525725948	0.33673469387755106	1.0
674_OMC-125	3.0	3.0	1.4269608142719166	0.5888	1.0
675_OMC-125	3.0	3.0	1.4296417623947575	0.5966935793925413	1.0
676_OMC-125	3.0	3.0	1.242730380372957	0.5470914127423823	1.0
677_OMC-125	3.0	3.0	1.4171326567191829	0.6006944444444444	1.0
678_OMC-125	3.0	3.0	1.0683112379159179	0.47830578512396693	0.9772727272727273
679_OMC-125	3.0	3.0	1.2175388265365092	0.5199652777777779	1.0
67_OMC-125	3.0	3.0	1.429598335135886	0.6052631578947368	1.0
680_OMC-125	3.0	3.0	1.2211922345753847	0.5408328826392644	1.0
681_OMC-125	3.0	3.0	1.1883763717345073	0.515	1.0
682_OMC-125	2.0	2.0	0.8485481782946158	0.39874999999999994	1.0
683_OMC-125	3.0	3.0	1.1315404488325582	0.47115384615384615	1.0
684_OMC-125	3.0	3.0	1.2532256180852692	0.5485714285714287	1.0
685_OMC-125	3.0	3.0	1.0976475616486776	0.4747107438016529	1.0
686_OMC-125	3.0	3.0	1.1198402387845785	0.4674945215485756	1.0
687_OMC-125	3.0	3.0	1.025223033245723	0.44735276621058884	0.975609756097561
688_OMC-125	2.0	2.0	0.8497511372532974	0.3995243757431628	1.0
689_OMC-125	3.0	3.0	1.0414727634685106	0.3966942148760332	1.0
68_OMC-125	3.0	3.0	1.3747515140233362	0.5859375	1.0
690_OMC-125	3.0	3.0	1.0119209285947934	0.430795847750865	0.9705882352941176
691_OMC-125	3.0	3.0	1.3390681656745114	0.5713305898491083	1.0
692_OMC-125	3.0	3.0	1.0924271307510727	0.4404938271604938	1.0
693_OMC-125	3.0	3.0	1.3402140889071492	0.5687091017251635	1.0
694_OMC-125	3.0	3.0	1.1500617154483042	0.5244704163623083	0.972972972972973
695_OMC-125	3.0	3.0	1.2280179245569254	0.5322448979591837	1.0
696_OMC-125	3.0	3.0	1.2390862236496192	0.5090702947845804	1.0
697_OMC-125	3.0	3.0	1.4158209991620065	0.5945303210463733	1.0
698_OMC-125	2.0	2.0	0.8721617883411699	0.41403926234384303	1.0
699_OMC-125	3.0	3.0	1.279798638034158	0.5577523413111343	1.0
69_OMC-125	3.0	3.0	1.1770225546116342	0.475206611570248	1.0
6_OMC-125	3.0	3.0	1.1103746838736355	0.505137912385073	0.9767441860465116
700_OMC-125	2.0	2.0	0.8485481782946158	0.39874999999999994	1.0
701_OMC-125	2.0	2.0	0.9321115676166747	0.45368620037807184	1.0
702_OMC-125	2.0	2.0	0.9824740868386409	0.48790123456790124	1.0
703_OMC-125	2.0	2.0	0.9935704757706079	0.4955500177999288	1.0
704_OMC-125	2.0	2.0	0.6420642892306891	0.2732194918783839	1.0
705_OMC-125	3.0	3.0	1.2109140124124573	0.5036160420775805	1.0
706_OMC-125	3.0	3.0	1.1321993681628737	0.4859259259259259	1.0
707_OMC-125	3.0	3.0	1.1047107971810746	0.4548816568047338	1.0
708_OMC-125	3.0	3.0	1.0366162081401569	0.4067063277447269	1.0
709_OMC-125	3.0	3.0	1.3371116355547854	0.5522861023087371	1.0
70_OMC-125	3.0	3.0	1.3902887273555327	0.5699432892249526	1.0
710_OMC-125	3.0	3.0	1.4321149667327746	0.6035694970254192	1.0
711_OMC-125	2.0	2.0	0.8366407419411673	0.3911111111111112	1.0
712_OMC-125	3.0	3.0	1.1172521142623568	0.5147569444444444	0.9791666666666666
713_OMC-125	3.0	3.0	0.964086328331568	0.3975026014568157	0.967741935483871
714_OMC-125	3.0	3.0	1.1150103233894515	0.5036160420775805	0.9743589743589743
715_OMC-125	3.0	3.0	1.29528774777982	0.5624661979448351	1.0
716_OMC-125	3.0	3.0	1.3000872313303804	0.5361570247933884	1.0
717_OMC-125	3.0	3.0	1.237978259087945	0.5302457466918714	1.0
718_OMC-125	2.0	2.0	0.8980587934501658	0.43102040816326526	1.0
719_OMC-125	3.0	3.0	1.1296938769174603	0.5181179015684154	0.9767441860465116
71_OMC-125	3.0	3.0	1.132283121813043	0.45520000000000005	1.0
720_OMC-125	3.0	3.0	1.2576262380747258	0.5353955978584176	1.0
721_OMC-125	2.0	2.0	0.8485481782946158	0.39874999999999994	1.0
722_OMC-125	3.0	3.0	1.0910862444927814	0.4732461355529133	1.0
723_OMC-125	3.0	3.0	1.110268542511689	0.4744228157537348	1.0
724_OMC-125	2.0	2.0	0.8841151220488478	0.42184964845862627	1.0
725_OMC-125	3.0	3.0	1.5309436156485987	0.6424747174301011	1.0
726_OMC-125	3.0	3.0	1.2101879804885398	0.5306365258774538	1.0
727_OMC-125	3.0	3.0	1.1271018129100785	0.507716049382716	0.9722222222222222
728_OMC-125	3.0	3.0	1.1500617154483042	0.5244704163623083	0.972972972972973
729_OMC-125	2.0	2.0	0.997772472089982	0.4984567901234568	1.0
72_OMC-125	3.0	3.0	0.9680134322563785	0.42247933884297517	0.9818181818181818
730_OMC-125	3.0	3.0	1.142610782439526	0.4886621315192743	1.0
731_OMC-125	3.0	3.0	1.2495490535693046	0.5127999999999999	1.0
732_OMC-125	3.0	3.0	1.0663355526659644	0.4273426889995472	1.0
733_OMC-125	3.0	3.0	1.1082106711262956	0.5137174211248285	0.9814814814814815
734_OMC-125	3.0	3.0	1.3891452268462234	0.5825115055884287	1.0
735_OMC-125	3.0	3.0	1.2568963663909194	0.5154577883472056	1.0
736_OMC-125	3.0	3.0	1.241754961703308	0.5441322314049588	1.0
737_OMC-125	3.0	3.0	1.3555396315506085	0.5597846981930026	1.0
738_OMC-125	3.0	3.0	1.1024888923155898	0.4728	1.0
739_OMC-125	3.0	3.0	1.3259461584145587	0.5714285714285714	1.0
73_OMC-125	3.0	3.0	1.0434356963218767	0.4340277777777777	1.0
740_OMC-125	3.0	3.0	1.2092299048006614	0.5219478737997256	1.0
741_OMC-125	2.0	2.0	0.9011701959974223	0.43307555026769773	1.0
742_OMC-125	3.0	3.0	1.3121150015431662	0.5306365258774539	1.0
743_OMC-125	3.0	3.0	1.2401872986523066	0.5192	1.0
744_OMC-125	3.0	3.0	0.7942556838305387	0.3104380746349378	0.9767441860465116
745_OMC-125	3.0	3.0	1.1818189193726576	0.5028571428571429	1.0
746_OMC-125	3.0	3.0	1.1528558972372205	0.501584427342689	1.0
747_OMC-125	3.0	3.0	1.4108269483726474	0.5980841316118284	1.0
748_OMC-125	2.0	2.0	0.8944518845341284	0.428641975308642	1.0
749_OMC-125	3.0	3.0	1.3854839520814966	0.5902118334550767	1.0
74_OMC-125	3.0	3.0	1.2150555335295832	0.5382231404958678	1.0
750_OMC-125	3.0	3.0	1.3026227503285146	0.5639500297441999	1.0
751_OMC-125	2.0	2.0	0.7088356733321961	0.31217481789802304	1.0
752_OMC-125	2.0	2.0	0.9011701959974223	0.43307555026769773	1.0
753_OMC-125	3.0	3.0	1.1338561386815236	0.46717971933001357	1.0
754_OMC-125	3.0	3.0	0.9672976815182371	0.42390011890606427	0.9827586206896551
755_OMC-125	2.0	2.0	0.9867867202680318	0.49086924762600437	1.0
756_OMC-125	2.0	2.0	0.9871377743721862	0.49111111111111116	1.0
757_OMC-125	3.0	3.0	1.0867618230381284	0.49243856332703206	0.9782608695652174
758_OMC-125	3.0	3.0	1.3060830034799225	0.5627876397107168	1.0
759_OMC-125	3.0	3.0	1.0848053847442471	0.4314128943758573	1.0
75_OMC-125	3.0	3.0	1.0783220795483648	0.4575999999999999	1.0
760_OMC-125	3.0	3.0	1.199635708654101	0.5207100591715976	1.0
761_OMC-125	3.0	3.0	1.392684473603616	0.5876951331496786	1.0
762_OMC-125	3.0	3.0	1.3885719846912992	0.5812854442344045	1.0
763_OMC-125	3.0	3.0	1.1358407435506985	0.46611111111111114	1.0
764_OMC-125	3.0	3.0	0.9780155566622415	0.38062283737024216	1.0
765_OMC-125	3.0	3.0	1.2954618442383217	0.54	1.0
766_OMC-125	3.0	3.0	1.4329831210560051	0.5983379501385042	1.0
767_OMC-125	2.0	2.0	0.9709505944546688	0.48	1.0
768_OMC-125	3.0	3.0	1.2317244869447	0.4954648526077098	1.0
769_OMC-125	3.0	3.0	1.082588477233369	0.4622781065088757	1.0
76_OMC-125	3.0	3.0	1.0198645706633793	0.4243503025987897	1.0
770_OMC-125	3.0	3.0	1.522932040689616	0.6392644672796106	1.0
771_OMC-125	2.0	2.0	0.7765557854444601	0.35329861111111116	1.0
772_OMC-125	3.0	3.0	1.1302781873214733	0.5069204152249135	0.9705882352941176
773_OMC-125	3.0	3.0	1.2029818627477793	0.5355902777777777	1.0
774_OMC-125	3.0	3.0	1.0777689060383437	0.48350459707950244	0.9767441860465116
775_OMC-125	3.0	3.0	1.1766912610488998	0.4968	1.0
776_OMC-125	3.0	3.0	1.0321699338758672	0.4281549354435652	1.0
777_OMC-125	3.0	3.0	1.2287897403971189	0.54125	1.0
778_OMC-125	3.0	3.0	1.1965094976219797	0.5103806228373702	1.0
779_OMC-125	3.0	3.0	1.0184246951950873	0.42602040816326525	1.0
77_OMC-125	3.0	3.0	0.9766540865156162	0.42729766803840874	0.9814814814814815
780_OMC-125	3.0	3.0	1.4491855863520857	0.60375	1.0
781_OMC-125	2.0	2.0	0.787126586201269	0.3598615916955018	1.0
782_OMC-125	3.0	3.0	1.4110366014200177	0.5984533016061868	1.0
783_OMC-125	3.0	3.0	1.0818693433811708	0.45005202913631626	1.0
784_OMC-125	3.0	3.0	1.2592132677783114	0.550557477893118	1.0
785_OMC-125	3.0	3.0	0.9996551889197437	0.41124260355029596	1.0
786_OMC-125	3.0	3.0	1.1606225598887527	0.5078125	1.0
787_OMC-125	3.0	3.0	1.0714880977824275	0.4890260631001372	0.9814814814814815
788_OMC-125	3.0	3.0	1.2057959968013854	0.5262500000000001	1.0
789_OMC-125	3.0	3.0	1.0205126594534393	0.4473140495867769	0.9772727272727273
78_OMC-125	2.0	2.0	0.9932338197397066	0.49531737773152973	1.0
790_OMC-125	3.0	3.0	1.0541188237496093	0.47439999999999993	0.98
791_OMC-125	3.0	3.0	1.053639632706768	0.44694214876033056	1.0
792_OMC-125	3.0	3.0	1.194545119186222	0.5287460389316433	1.0
793_OMC-125	3.0	3.0	1.1287997673232604	0.5128205128205129	0.9743589743589743
794_OMC-125	3.0	3.0	0.9486196756851625	0.40538194444444453	0.9791666666666666
795_OMC-125	3.0	3.0	1.2527927289647427	0.5233137166138524	1.0
796_OMC-125	3.0	3.0	0.9855636061042875	0.3983703033046627	1.0
797_OMC-125	2.0	2.0	0.9824740868386409	0.48790123456790124	1.0
798_OMC-125	3.0	3.0	1.0360822790616302	0.45827160493827157	0.9777777777777777
799_OMC-125	2.0	2.0	0.8812908992306927	0.42000000000000004	1.0
79_OMC-125	3.0	3.0	1.1484747421966308	0.5055179779280883	1.0
7_OMC-125	3.0	3.0	1.3312172971736653	0.5601577909270217	1.0
800_OMC-125	3.0	3.0	0.9771064011533366	0.4355536332179931	0.9852941176470589
801_OMC-125	3.0	3.0	1.2273864548329312	0.5056790123456789	1.0
802_OMC-125	2.0	2.0	0.8739810481273579	0.4152249134948096	1.0
803_OMC-125	3.0	3.0	1.3821022532543101	0.5864197530864197	1.0
804_OMC-125	3.0	3.0	1.2838868242312453	0.5535714285714286	1.0
805_OMC-125	3.0	3.0	1.4552137931890252	0.6079714455681142	1.0
806_OMC-125	3.0	3.0	1.0097689304697302	0.41906721536351177	1.0
807_OMC-125	3.0	3.0	1.309691097339382	0.5650887573964497	1.0
808_OMC-125	2.0	2.0	0.9503376699710266	0.4659735349716446	1.0
809_OMC-125	3.0	3.0	1.0220891834324926	0.4200995925758261	1.0
80_OMC-125	3.0	3.0	1.0860486123130382	0.46639231824417016	1.0
810_OMC-125	3.0	3.0	1.1146785798141055	0.4546313799621928	1.0
811_OMC-125	3.0	3.0	1.1796779956857995	0.5214493960849647	1.0
812_OMC-125	3.0	3.0	1.2621161952677333	0.5441975308641975	1.0
813_OMC-125	3.0	3.0	1.2074545796212388	0.5262855501292731	1.0
814_OMC-125	3.0	3.0	1.2605844989232258	0.5263157894736843	1.0
815_OMC-125	3.0	3.0	1.2096228500969421	0.4905805459438678	1.0
816_OMC-125	3.0	3.0	1.371243784771062	0.5831024930747922	1.0
817_OMC-125	3.0	3.0	1.4294732983598408	0.6044444444444443	1.0
818_OMC-125	3.0	3.0	1.1380977138239694	0.5226757369614513	0.9761904761904762
819_OMC-125	3.0	3.0	1.2795860624386364	0.5215794306703397	1.0
81_OMC-125	3.0	3.0	1.1434574388216352	0.49432892249527405	1.0
820_OMC-125	3.0	3.0	1.152889910971706	0.48794740686632576	1.0
821_OMC-125	3.0	3.0	1.3609640474436813	0.58	1.0
822_OMC-125	3.0	3.0	1.2806721295208872	0.5416666666666666	1.0
823_OMC-125	3.0	3.0	1.1449531285355221	0.5072329947676208	1.0
824_OMC-125	2.0	2.0	1.0	0.5	1.0
825_OMC-125	3.0	3.0	1.2375162684597314	0.5067281814686659	1.0
826_OMC-125	3.0	3.0	1.300168991505199	0.5346020761245674	1.0
827_OMC-125	2.0	2.0	0.6789538995185759	0.2945430637738331	1.0
828_OMC-125	3.0	3.0	1.062412253213859	0.43783462224866154	1.0
829_OMC-125	2.0	2.0	0.7219280948873623	0.31999999999999984	1.0
82_OMC-125	3.0	3.0	1.0863128407412879	0.44290657439446357	1.0
830_OMC-125	3.0	3.0	1.1571135559553705	0.4890260631001372	1.0
831_OMC-125	3.0	3.0	1.211321350134393	0.5094645754461872	1.0
832_OMC-125	3.0	3.0	1.2897001922180322	0.5548696844993141	1.0
833_OMC-125	3.0	3.0	1.2733306660180939	0.5226843100189036	1.0
834_OMC-125	3.0	3.0	1.180764852170432	0.5054784514243974	1.0
835_OMC-125	3.0	3.0	1.1546480910321482	0.5215794306703398	0.9696969696969697
836_OMC-125	3.0	3.0	1.241232277914974	0.5151228733459357	1.0
837_OMC-125	3.0	3.0	1.133184253783444	0.45155709342560546	1.0
838_OMC-125	2.0	2.0	0.6500224216483541	0.2777777777777777	1.0
839_OMC-125	3.0	3.0	1.3376096930071162	0.5609934258582907	1.0
83_OMC-125	2.0	2.0	0.8314743880097293	0.38781163434903054	1.0
840_OMC-125	3.0	3.0	1.2638091738835462	0.5408163265306123	1.0
841_OMC-125	2.0	2.0	0.7219280948873623	0.31999999999999984	1.0
842_OMC-125	3.0	3.0	0.7025645142191264	0.24251278305332347	1.0
843_OMC-125	3.0	3.0	1.216975244899342	0.4921875	1.0
844_OMC-125	3.0	3.0	0.9218871368165115	0.3480902777777778	1.0
845_OMC-125	3.0	3.0	1.2666984164171151	0.5346968590211834	1.0
846_OMC-125	3.0	3.0	1.1503665874295381	0.47829861111111116	1.0
847_OMC-125	3.0	3.0	1.4513341775402913	0.6112500000000001	1.0
848_OMC-125	3.0	3.0	1.0672855587034376	0.4658304498269896	1.0
849_OMC-125	3.0	3.0	1.3390681656745114	0.5713305898491083	1.0
84_OMC-125	2.0	2.0	0.9684610087601623	0.47829861111111116	1.0
850_OMC-125	3.0	3.0	1.03042646114729	0.39485766758494034	1.0
851_OMC-125	3.0	3.0	0.9035239700887411	0.37301587301587313	0.9761904761904762
852_OMC-125	3.0	3.0	1.370340221409059	0.5613399728383884	1.0
853_OMC-125	3.0	3.0	1.2665298255862099	0.527892561983471	1.0
854_OMC-125	3.0	3.0	1.4153413978136882	0.599609375	1.0
855_OMC-125	3.0	3.0	1.3830302055439916	0.5785639958376692	1.0
856_OMC-125	3.0	3.0	1.167267423822269	0.49537037037037046	1.0
857_OMC-125	2.0	2.0	0.8366407419411673	0.3911111111111112	1.0
858_OMC-125	2.0	2.0	0.9865446300055644	0.4907024793388429	1.0
859_OMC-125	3.0	3.0	1.115520093581932	0.47165532879818595	1.0
85_OMC-125	3.0	3.0	1.1344959754516843	0.5213628988642509	0.9767441860465116
860_OMC-125	3.0	3.0	1.1991801505660864	0.5367166474432911	1.0
861_OMC-125	3.0	3.0	0.7085966983474103	0.25778546712802775	0.9705882352941176
862_OMC-125	3.0	3.0	1.0307258562601609	0.4574652777777778	0.9791666666666666
863_OMC-125	3.0	3.0	1.37928048729106	0.5813148788927336	1.0
864_OMC-125	3.0	3.0	1.2494354985047271	0.52875	1.0
865_OMC-125	3.0	3.0	1.41048574481679	0.5910493827160495	1.0
866_OMC-125	3.0	3.0	1.2638091738835462	0.5408163265306123	1.0
867_OMC-125	2.0	2.0	0.9788698505067782	0.4854253420582987	1.0
868_OMC-125	3.0	3.0	1.2487636811095608	0.5493060628195763	1.0
869_OMC-125	3.0	3.0	1.4757401069235818	0.6190828402366864	1.0
86_OMC-125	3.0	3.0	1.2016700538875293	0.5321361058601134	1.0
870_OMC-125	3.0	3.0	1.12087997015458	0.50875	0.975
871_OMC-125	3.0	3.0	1.1965094976219797	0.5103806228373702	1.0
872_OMC-125	3.0	3.0	1.1092800210442264	0.4930795847750864	0.9705882352941176
873_OMC-125	3.0	3.0	1.0666086069294727	0.4245867768595042	1.0
874_OMC-125	3.0	3.0	1.374262712715408	0.5712198685171658	1.0
875_OMC-125	3.0	3.0	1.142610782439526	0.4886621315192743	1.0
876_OMC-125	3.0	3.0	1.3704165065672542	0.5630165289256197	1.0
877_OMC-125	3.0	3.0	1.252760079229674	0.5277008310249307	1.0
878_OMC-125	2.0	2.0	0.9852281360342515	0.48979591836734704	1.0
879_OMC-125	2.0	2.0	0.8112781244591328	0.375	1.0
87_OMC-125	3.0	3.0	1.1700333844140454	0.5266666666666666	0.9666666666666667
880_OMC-125	2.0	2.0	0.8756633923230396	0.41632231404958675	1.0
881_OMC-125	3.0	3.0	1.2390862236496192	0.5090702947845804	1.0
882_OMC-125	3.0	3.0	1.1150103233894515	0.5036160420775805	0.9743589743589743
883_OMC-125	3.0	3.0	1.062067947414275	0.4464806330695543	1.0
884_OMC-125	3.0	3.0	1.1625633078480364	0.5066162570888468	1.0
885_OMC-125	3.0	3.0	1.1867716669431863	0.5328925619834712	1.0
886_OMC-125	3.0	3.0	1.2885663096289437	0.5581395348837209	1.0
887_OMC-125	3.0	3.0	1.3006979255585032	0.5473228772309355	1.0
888_OMC-125	3.0	3.0	1.219992733146053	0.5189035916824196	1.0
889_OMC-125	2.0	2.0	0.8960382325345574	0.4296875	1.0
88_OMC-125	3.0	3.0	1.1870353909486826	0.5044213763936947	1.0
890_OMC-125	3.0	3.0	1.1818189193726576	0.5028571428571429	1.0
891_OMC-125	3.0	3.0	1.056234784155701	0.4614197530864198	0.9722222222222222
892_OMC-125	2.0	2.0	0.9474351361840307	0.46400951814396196	1.0
893_OMC-125	3.0	3.0	0.9557047234094591	0.3734385272846811	1.0
894_OMC-125	3.0	3.0	1.2361602543738117	0.5049999999999999	1.0
895_OMC-125	2.0	2.0	0.9494520153879485	0.46537396121883656	1.0
896_OMC-125	3.0	3.0	1.305239410639012	0.547293277810827	1.0
897_OMC-125	2.0	2.0	0.8524051786494786	0.4012345679012346	1.0
898_OMC-125	3.0	3.0	1.325011210824177	0.5694444444444444	1.0
899_OMC-125	3.0	3.0	1.0696174156505	0.4810964083175804	0.9782608695652174
89_OMC-125	3.0	3.0	1.2828816032182169	0.5215029425079221	1.0
8_OMC-125	3.0	3.0	1.1898011817445777	0.5281132861307789	1.0
900_OMC-125	3.0	3.0	1.4004741768389406	0.5839002267573695	1.0
901_OMC-125	2.0	2.0	0.8974271930876951	0.43060361399461744	1.0
902_OMC-125	3.0	3.0	1.3663146570363986	0.5703125	1.0
903_OMC-125	3.0	3.0	1.1961754130549362	0.5258264462809916	1.0
904_OMC-125	3.0	3.0	0.9122182043958142	0.3460306158775365	1.0
905_OMC-125	3.0	3.0	1.1883763717345073	0.515	0.95
906_OMC-125	2.0	2.0	0.9252253278054431	0.44907197827071077	1.0
907_OMC-125	3.0	3.0	1.0056659577324911	0.39001189060642094	1.0
908_OMC-125	3.0	3.0	1.1848606772967432	0.49323958896700915	1.0
909_OMC-125	3.0	3.0	1.2568444503863057	0.5318047337278107	1.0
90_OMC-125	3.0	3.0	1.1924417442814614	0.49039999999999995	1.0
910_OMC-125	3.0	3.0	1.3056888309771235	0.5559076505205975	1.0
911_OMC-125	3.0	3.0	1.1547717145751626	0.5262345679012346	0.9722222222222222
912_OMC-125	3.0	3.0	1.0488412604661608	0.43083900226757366	1.0
913_OMC-125	3.0	3.0	1.3090909691036434	0.5434710743801653	1.0
914_OMC-125	3.0	3.0	1.1405350241251078	0.44734693877551013	1.0
915_OMC-125	3.0	3.0	1.0762976257251988	0.44500000000000006	1.0
916_OMC-125	3.0	3.0	1.016227811064734	0.44726120416478043	0.9787234042553191
917_OMC-125	2.0	2.0	1.0	0.5	1.0
918_OMC-125	3.0	3.0	1.3335410506649712	0.5570370370370371	1.0
919_OMC-125	3.0	3.0	1.2158931279866505	0.5312294543063774	1.0
91_OMC-125	3.0	3.0	1.3328204045850196	0.5536332179930796	1.0
920_OMC-125	3.0	3.0	1.08711428776426	0.49070247933884303	0.9772727272727273
921_OMC-125	2.0	2.0	0.7962699368824384	0.3655692729766804	1.0
922_OMC-125	3.0	3.0	1.1340236941835193	0.48324514991181655	1.0
923_OMC-125	3.0	3.0	0.9447134568057424	0.3979591836734694	0.9761904761904762
924_OMC-125	3.0	3.0	1.1762495186563748	0.47980008329862556	1.0
925_OMC-125	3.0	3.0	1.1121224600265909	0.4309715120525931	1.0
926_OMC-125	2.0	2.0	0.8485481782946158	0.39874999999999994	1.0
927_OMC-125	3.0	3.0	1.3923995655377883	0.5782272456870909	1.0
928_OMC-125	3.0	3.0	1.1769280792542194	0.46759259259259256	1.0
929_OMC-125	3.0	3.0	1.3274222983154556	0.5498866213151927	1.0
92_OMC-125	3.0	3.0	1.2661297225027102	0.5183471074380166	1.0
930_OMC-125	3.0	3.0	1.1097264452999542	0.4414827155351937	1.0
931_OMC-125	3.0	3.0	1.0476800123541878	0.4414382342470631	1.0
932_OMC-125	3.0	3.0	1.2390862236496192	0.5090702947845804	1.0
933_OMC-125	3.0	3.0	1.366990818470265	0.58375	1.0
934_OMC-125	3.0	3.0	1.1818189193726576	0.5028571428571429	1.0
935_OMC-125	3.0	3.0	1.1122129250331756	0.5094517958412099	0.9782608695652174
936_OMC-125	2.0	2.0	0.8631205685666311	0.40816326530612246	1.0
937_OMC-125	3.0	3.0	1.0596290442551406	0.4864724245577523	0.9838709677419355
938_OMC-125	3.0	3.0	1.2922669208691813	0.5408163265306123	1.0
939_OMC-125	3.0	3.0	1.2411893031759689	0.5146198830409358	1.0
93_OMC-125	3.0	3.0	1.242730380372957	0.5470914127423823	1.0
940_OMC-125	3.0	3.0	1.2024308936043158	0.4890260631001372	1.0
941_OMC-125	2.0	2.0	0.8453509366224364	0.39669421487603307	1.0
942_OMC-125	3.0	3.0	1.37928048729106	0.5813148788927336	1.0
943_OMC-125	2.0	2.0	0.7897492536625224	0.36149584487534625	1.0
944_OMC-125	3.0	3.0	1.141619525334138	0.5	1.0
945_OMC-125	3.0	3.0	0.855789718806775	0.3103221564760027	1.0
946_OMC-125	3.0	3.0	1.1914646443679557	0.5213628988642509	1.0
947_OMC-125	3.0	3.0	1.2957378005380122	0.5562130177514794	1.0
948_OMC-125	3.0	3.0	1.1898011817445777	0.5281132861307789	1.0
949_OMC-125	3.0	3.0	0.8804205959894107	0.32593933906745143	1.0
94_OMC-125	3.0	3.0	1.0683112379159179	0.47830578512396693	0.9772727272727273
950_OMC-125	3.0	3.0	1.300194642888527	0.5355029585798816	1.0
951_OMC-125	2.0	2.0	0.7424875695421236	0.3324099722991689	1.0
952_OMC-125	3.0	3.0	1.1730442045439498	0.468113083497699	1.0
953_OMC-125	3.0	3.0	1.1492297615162819	0.46124763705103977	1.0
954_OMC-125	3.0	3.0	1.0520440502629658	0.47135416666666663	0.9791666666666666
955_OMC-125	3.0	3.0	1.2799749139041574	0.5486968449931413	1.0
956_OMC-125	3.0	3.0	1.2109044217348004	0.4948347107438017	1.0
957_OMC-125	3.0	3.0	1.1126004781126004	0.47813411078717216	1.0
958_OMC-125	3.0	3.0	1.115094213584732	0.5159554017685505	0.9803921568627451
959_OMC-125	3.0	3.0	1.2740022896699967	0.5271999999999999	1.0
95_OMC-125	3.0	3.0	1.3589949469954952	0.5749207786328656	1.0
960_OMC-125	3.0	3.0	1.3497042626097349	0.5586011342155008	1.0
961_OMC-125	3.0	3.0	1.0406014912311534	0.43521722414455966	1.0
962_OMC-125	3.0	3.0	0.9976267918964661	0.4045368620037808	1.0
963_OMC-125	3.0	3.0	1.1820320942909508	0.4995408631772268	1.0
964_OMC-125	3.0	3.0	0.991258081577138	0.42871900826446274	0.9772727272727273
965_OMC-125	2.0	2.0	0.995252549439679	0.4967129291453616	1.0
966_OMC-125	3.0	3.0	1.1200518545806424	0.44905805459438675	1.0
967_OMC-125	3.0	3.0	1.0924822922334698	0.46751249519415605	1.0
968_OMC-125	2.0	2.0	0.996485989886783	0.49756625202812343	1.0
969_OMC-125	3.0	3.0	0.9682127699741065	0.36560000000000004	1.0
96_OMC-125	3.0	3.0	1.1681609198076495	0.481859410430839	1.0
970_OMC-125	3.0	3.0	1.114287970621908	0.48135332564398303	1.0
971_OMC-125	3.0	3.0	1.2494354985047271	0.52875	1.0
972_OMC-125	2.0	2.0	0.9684610087601623	0.47829861111111116	1.0
973_OMC-125	3.0	3.0	1.2993633238421214	0.5634920634920635	1.0
974_OMC-125	3.0	3.0	1.3421389558735093	0.5714285714285714	1.0
975_OMC-125	3.0	3.0	0.9147323370350413	0.38454861111111116	0.9791666666666666
976_OMC-125	2.0	2.0	0.9774178175281716	0.4844290657439446	1.0
977_OMC-125	3.0	3.0	1.2057959968013854	0.5262500000000001	1.0
978_OMC-125	3.0	3.0	1.2165082932664202	0.5026041666666667	1.0
979_OMC-125	3.0	3.0	0.8395006050955122	0.3168402777777777	1.0
97_OMC-125	2.0	2.0	0.7717094696953632	0.3503025987896047	1.0
980_OMC-125	3.0	3.0	1.3689955935892812	0.585	1.0
981_OMC-125	3.0	3.0	1.1671297479065408	0.5004309106578569	1.0
982_OMC-125	3.0	3.0	1.1883763717345073	0.515	1.0
983_OMC-125	3.0	3.0	1.1096153217888278	0.490234375	0.96875
984_OMC-125	3.0	3.0	1.3914372992027793	0.5901639344262295	1.0
985_OMC-125	3.0	3.0	1.0355818111935686	0.4240129799891834	1.0
986_OMC-125	3.0	3.0	1.1071323362387913	0.47012345679012346	1.0
987_OMC-125	3.0	3.0	1.3652012719730533	0.564629529475392	1.0
988_OMC-125	3.0	3.0	1.055754026510504	0.4770710059171598	0.9807692307692307
989_OMC-125	3.0	3.0	1.0562901796690893	0.46944294213088145	0.9767441860465116
98_OMC-125	3.0	3.0	1.3376096930071162	0.5609934258582907	1.0
990_OMC-125	2.0	2.0	0.9456603046006401	0.4628099173553719	1.0
991_OMC-125	3.0	3.0	1.167436723286701	0.4986149584487536	1.0
992_OMC-125	3.0	3.0	1.1796779956857995	0.5214493960849647	1.0
993_OMC-125	3.0	3.0	1.0529815751302694	0.4177777777777778	1.0
994_OMC-125	3.0	3.0	0.961953090787684	0.39413961505314565	1.0
995_OMC-125	3.0	3.0	0.9707450578356165	0.3808864265927978	1.0
996_OMC-125	3.0	3.0	1.3663255298464625	0.5767901234567901	1.0
997_OMC-125	3.0	3.0	1.295461844238322	0.54	1.0
998_OMC-125	2.0	2.0	0.9456603046006401	0.4628099173553719	1.0
999_OMC-125	3.0	3.0	1.1363836745395337	0.5166204986149584	0.9736842105263158
99_OMC-125	3.0	3.0	1.3000872313303804	0.5361570247933884	1.0
9_OMC-125	3.0	3.0	1.1941737342569119	0.5123456790123456	1.0
