	chao1	observed_otus	shannon	simpson	goods_coverage
1000_H-120	6.0	6.0	0.8632248161604448	0.25657191414709013	1.0
100_H-120	6.0	6.0	0.9671562800377089	0.28155854650135104	1.0
101_H-120	6.0	6.0	0.8754877122985568	0.2717579838791958	0.9949494949494949
102_H-120	6.0	6.0	0.9125425915003458	0.2782260586726715	1.0
103_H-120	6.0	6.0	1.067334089923061	0.32786172839506167	1.0
104_H-120	4.0	4.0	0.43303644263334595	0.1312019217020789	0.9946524064171123
105_H-120	6.0	6.0	0.9274947044940558	0.2753282050037612	1.0
106_H-120	6.0	6.0	0.7701354826207293	0.21181015700455952	1.0
107_H-120	6.0	6.0	0.885129220451239	0.2586520947176685	1.0
108_H-120	5.0	5.0	0.8408425586837001	0.25650443832262015	1.0
109_H-120	5.0	5.0	0.762001019458074	0.24011140809954856	0.995260663507109
10_H-120	5.0	5.0	0.8858818993201278	0.27759042518018917	1.0
110_H-120	5.0	5.0	0.8827490913399131	0.27067901234567915	1.0
111_H-120	6.5	6.0	0.7907109661621429	0.24074611699811288	0.9879518072289156
112_H-120	6.0	6.0	0.9834522282737609	0.2940696909927679	1.0
113_H-120	4.0	4.0	0.5392535848823127	0.1571723090277779	1.0
114_H-120	6.0	6.0	0.6639210363962534	0.1904556932966025	0.9962121212121212
115_H-120	6.0	6.0	0.6196438324272826	0.1653313224620604	1.0
116_H-120	5.0	5.0	0.7134495435829584	0.21240629446367498	1.0
117_H-120	6.0	6.0	0.8632058636738333	0.24541711596902271	1.0
118_H-120	5.0	5.0	0.9989116151485543	0.31295071083537473	1.0
119_H-120	6.0	6.0	0.9423799085051644	0.2921761998685074	0.9948717948717949
11_H-120	6.0	6.0	1.024706492065929	0.3100302598789605	1.0
120_H-120	6.0	6.0	0.833489505815312	0.2559241706161136	0.995260663507109
121_H-120	6.0	6.0	0.9706218328440062	0.2893398080702969	1.0
122_H-120	6.0	6.0	0.7520427362894317	0.22056106521692964	0.9953917050691244
123_H-120	5.0	5.0	0.8379348800729504	0.2492965126433656	1.0
124_H-120	6.0	6.0	0.9690716016837355	0.28678134902670893	1.0
125_H-120	6.0	6.0	1.0078179453646252	0.3026546556122449	1.0
126_H-120	6.0	6.0	0.6075361933889112	0.16532043787862705	1.0
127_H-120	6.0	6.0	1.0224635422541302	0.304784556902886	1.0
128_H-120	6.5	6.0	0.5409433357151484	0.14782331665448534	0.9913419913419913
129_H-120	7.0	6.0	0.8485978666527753	0.2612968612436274	0.9909502262443439
12_H-120	5.0	5.0	0.5524678842145272	0.15108536917403026	1.0
130_H-120	6.0	6.0	1.1070909452943807	0.3390006410060743	1.0
131_H-120	5.0	5.0	0.7823045475888639	0.22807949835264107	1.0
132_H-120	6.0	6.0	0.8427987170236363	0.24341385405268923	1.0
133_H-120	6.0	6.0	0.7406304471269725	0.21100154983041708	0.995260663507109
134_H-120	5.0	5.0	0.7247574008675439	0.21701805327610146	1.0
135_H-120	6.0	6.0	0.929467066035918	0.2818457265496783	0.9943820224719101
136_H-120	6.0	6.0	0.8097849451402959	0.23462516252983756	1.0
137_H-120	6.0	6.0	0.8836668653090002	0.25593251571425624	1.0
138_H-120	6.0	6.0	0.8012345727639932	0.2234287012954217	1.0
139_H-120	6.0	6.0	0.9718080280539856	0.29480229591836726	1.0
13_H-120	5.0	5.0	0.8675874754070699	0.2597490839379748	1.0
140_H-120	6.0	6.0	0.8717574583470677	0.2523732486798327	1.0
141_H-120	6.0	6.0	0.7840124399517608	0.22440581170739915	1.0
142_H-120	6.0	6.0	1.0082910077090927	0.30346875294561226	0.9951456310679612
143_H-120	6.0	6.0	0.8321045948336682	0.233185595567867	1.0
144_H-120	6.333333333333333	6.0	0.5111714635713931	0.13612528344671204	0.9880952380952381
145_H-120	6.0	6.0	0.9947949513210612	0.2948960302457465	1.0
146_H-120	5.0	5.0	0.6590875347044732	0.18786097037176042	1.0
147_H-120	6.0	6.0	1.039356013511347	0.31091130340724715	1.0
148_H-120	5.0	5.0	0.8772384625308978	0.2632500000000001	1.0
149_H-120	6.0	6.0	0.8609177464225276	0.2494229625223081	1.0
14_H-120	6.0	6.0	0.9373454312814751	0.27142108481090055	1.0
150_H-120	4.0	4.0	0.6228434229378955	0.1879160502958579	1.0
151_H-120	4.0	4.0	0.6000322405490287	0.18689903846153832	1.0
152_H-120	6.0	6.0	0.9641774368279065	0.2782116962011143	1.0
153_H-120	7.0	6.0	0.8442787487128564	0.2583219954648527	0.9904761904761905
154_H-120	6.0	6.0	0.6101880541789925	0.16467469068260254	1.0
155_H-120	5.0	5.0	0.5416108853009592	0.14710884353741482	1.0
156_H-120	5.0	5.0	0.7846345835321857	0.233490566037736	1.0
157_H-120	6.0	6.0	0.862228846645439	0.24889244980676795	0.9951456310679612
158_H-120	5.0	5.0	0.5243269378450717	0.15146082169642172	0.9949748743718593
159_H-120	5.0	5.0	0.8053417448656607	0.24210858585858586	1.0
15_H-120	6.0	6.0	0.575388348778741	0.15928888888888904	0.9955555555555555
160_H-120	6.0	6.0	0.8205161446029988	0.24759700961196163	1.0
161_H-120	5.0	5.0	0.8856986638278728	0.285034028885245	1.0
162_H-120	6.0	6.0	0.8740404539649073	0.25232352156082416	0.9950738916256158
163_H-120	6.0	6.0	1.0268011315696504	0.3026736317750006	1.0
164_H-120	5.0	5.0	0.6623536053482125	0.19551246537396128	0.9947368421052631
165_H-120	6.0	6.0	0.7208673525993163	0.20049786007511572	1.0
166_H-120	6.0	6.0	0.8750897106742586	0.26948245092207024	1.0
167_H-120	6.0	6.0	0.784036759085721	0.22716726786228392	1.0
168_H-120	5.0	5.0	0.9026513634389506	0.2809573361082205	1.0
169_H-120	6.0	6.0	0.8159529297907678	0.23345100363317794	1.0
16_H-120	6.0	6.0	0.7409643205720015	0.20685185185185184	0.9944444444444445
170_H-120	6.0	6.0	0.9531547660203027	0.2994473376554362	1.0
171_H-120	6.0	6.0	0.9113206753627514	0.26940923494794033	1.0
172_H-120	4.0	4.0	0.6189955935892812	0.18625000000000003	1.0
173_H-120	5.0	5.0	0.7833449406765718	0.24395883917215866	0.9946236559139785
174_H-120	5.0	5.0	0.6798108494482114	0.20262296449198303	1.0
175_H-120	4.0	4.0	0.5390231789613029	0.15533454264923585	1.0
176_H-120	5.0	5.0	0.8405615477297772	0.26075044271442427	1.0
177_H-120	6.0	6.0	0.733359647910739	0.20261665404066243	1.0
178_H-120	5.0	5.0	0.6114233454845662	0.1734995274102079	1.0
179_H-120	5.0	5.0	0.6521707236621792	0.1861835103091507	1.0
17_H-120	6.0	6.0	1.2255169795709424	0.38390138857949063	1.0
180_H-120	6.0	6.0	0.8281258323511584	0.24389765709244204	0.995049504950495
181_H-120	5.0	5.0	0.8644697962423165	0.2638194444444445	1.0
182_H-120	6.0	6.0	0.9104094326696823	0.273195779689286	1.0
183_H-120	5.0	5.0	0.5361472524003413	0.14814991076740025	0.9951219512195122
184_H-120	4.0	4.0	0.7859497746792202	0.2603837899255145	1.0
185_H-120	6.0	6.0	0.8562743413044289	0.25507258246145637	0.995475113122172
186_H-120	5.0	5.0	0.8518773377049397	0.2535388486945581	1.0
187_H-120	6.0	6.0	0.9296952712364206	0.2671313799621928	1.0
188_H-120	6.0	6.0	0.7481399006469227	0.20947975002029062	0.9954954954954955
189_H-120	6.0	6.0	0.8511616488615521	0.24918500892326	1.0
18_H-120	6.0	6.0	0.9176445613665789	0.2717975303987181	1.0
190_H-120	6.0	6.0	0.7535622740257881	0.21984604341476688	0.9950248756218906
191_H-120	6.0	6.0	0.8980037098721868	0.2650409398362408	1.0
192_H-120	5.0	5.0	0.8625348749461114	0.268607212692755	1.0
193_H-120	5.0	5.0	0.6848048088144698	0.19345288650537495	1.0
194_H-120	6.0	6.0	0.8068286619710249	0.235165390118677	1.0
195_H-120	6.0	6.0	0.8876204022048813	0.2635969459892544	1.0
196_H-120	6.0	6.0	0.6273445540859125	0.1760019535423215	0.994475138121547
197_H-120	6.0	6.0	0.7664306210451827	0.2177008842752789	1.0
198_H-120	6.0	6.0	0.9473419937876971	0.2791322314049588	1.0
199_H-120	6.0	6.0	0.7372578480907758	0.20351239669421495	1.0
19_H-120	6.0	6.0	0.8655376979274085	0.2599022633744855	1.0
1_H-120	5.0	5.0	0.9388448793285766	0.2973136936106191	1.0
200_H-120	6.0	6.0	0.6604735386588182	0.1792290249433105	1.0
201_H-120	5.0	5.0	0.6555836693398098	0.18617910693237572	1.0
202_H-120	5.0	5.0	0.7232056703502963	0.23113845321795568	0.9941860465116279
203_H-120	6.0	6.0	0.9136184760816425	0.25978510139400657	1.0
204_H-120	6.0	6.0	0.7749956337924767	0.22200788751714673	1.0
205_H-120	6.0	6.0	0.5928645385026564	0.1651084903414235	0.9960159362549801
206_H-120	6.0	6.0	0.7070589460473793	0.19617258668173143	1.0
207_H-120	5.0	5.0	0.8877296553990511	0.27514000486973456	1.0
208_H-120	6.0	6.0	0.7535520792099991	0.21470746108427252	0.9951690821256038
209_H-120	5.0	5.0	0.7886141308539099	0.23721444500665279	1.0
20_H-120	5.0	5.0	0.6177727078027635	0.17215863105561324	1.0
210_H-120	6.0	6.0	0.7895312862277902	0.2217881944444443	1.0
211_H-120	6.0	6.0	0.9694647615785695	0.28341611534517086	1.0
212_H-120	6.0	6.0	0.829005387009655	0.23401788244994726	1.0
213_H-120	5.0	5.0	0.6238055174120996	0.17737184723150423	1.0
214_H-120	6.0	6.0	0.8047785068103954	0.23677631741788552	0.9950248756218906
215_H-120	5.0	5.0	0.7433364816086312	0.21796186719263655	1.0
216_H-120	5.0	5.0	0.7097611951112331	0.20326331087329885	1.0
217_H-120	6.0	6.0	0.7014022255283151	0.2001314924391846	0.9948717948717949
218_H-120	6.0	6.0	0.8925142561017828	0.25499260355029574	1.0
219_H-120	6.0	6.0	0.8453992103638824	0.24403628117913823	1.0
21_H-120	5.0	5.0	0.5685306042089292	0.1642473371665566	0.9951456310679612
220_H-120	6.0	6.0	0.6634713275062417	0.18430856892395353	0.9957264957264957
221_H-120	6.0	6.0	0.7996441916937923	0.2359443086406633	0.9948453608247423
222_H-120	6.0	6.0	0.7672266043096275	0.2139195745730652	1.0
223_H-120	6.0	6.0	0.6913379200178403	0.19330728724307777	0.9950738916256158
224_H-120	6.0	6.0	0.8238692588684214	0.25611076896939833	1.0
225_H-120	6.0	6.0	0.8734731832713329	0.2532909045122592	1.0
226_H-120	6.0	6.0	0.9062621062250413	0.2664840445982315	1.0
227_H-120	5.0	5.0	0.685040981620091	0.20608621711458674	0.9949238578680203
228_H-120	5.0	5.0	0.5470472727551546	0.15758693489286313	0.9950738916256158
229_H-120	5.0	5.0	0.7752869222175764	0.24007653969384113	0.9952830188679245
22_H-120	5.0	5.0	0.8785485091807186	0.2698779434759271	1.0
230_H-120	5.0	5.0	0.774851603456372	0.234493408447482	1.0
231_H-120	6.0	6.0	0.760271636657822	0.21450037565740032	1.0
232_H-120	6.0	6.0	0.7757144437161244	0.2211995032507854	1.0
233_H-120	5.0	5.0	0.7890439597842583	0.23927797153360364	1.0
234_H-120	5.0	5.0	1.089284588986464	0.3510010564559769	1.0
235_H-120	6.0	6.0	1.0008112488219352	0.29467260155090846	1.0
236_H-120	6.0	6.0	0.796537437547487	0.22922550914226258	0.9953917050691244
237_H-120	6.0	6.0	1.0050558439452388	0.2987301587301585	1.0
238_H-120	5.0	5.0	0.6778203440879329	0.19522892393356361	1.0
239_H-120	5.0	5.0	0.7734399478567816	0.2315365305852819	1.0
23_H-120	6.0	6.0	0.8923181881982781	0.25809896760412954	1.0
240_H-120	6.0	6.0	0.7178594123027601	0.20124799999999998	1.0
241_H-120	5.0	5.0	0.6730586537200194	0.19100474043241988	1.0
242_H-120	5.0	5.0	0.6304770949525245	0.18529244325635486	1.0
243_H-120	7.0	6.0	0.6376385911676093	0.17903588293224904	0.9899497487437185
244_H-120	6.0	6.0	1.065203004316541	0.3237917851191061	1.0
245_H-120	5.0	5.0	0.7702278127920718	0.22696565959842385	1.0
246_H-120	6.0	6.0	0.9054322633738656	0.26630434782608703	0.9945652173913043
247_H-120	7.0	6.0	0.759101647300437	0.2276046793800508	0.9904306220095693
248_H-120	6.0	6.0	0.8887022297714066	0.25163398692810457	1.0
249_H-120	6.0	6.0	0.7904437668859071	0.22714288692896312	1.0
24_H-120	6.0	6.0	0.819304300534495	0.23732085839459416	1.0
250_H-120	3.0	3.0	0.6583514224564077	0.22569444444444442	1.0
251_H-120	5.0	5.0	0.5218800344924369	0.14006192345749946	1.0
252_H-120	6.0	6.0	0.8109450007081647	0.2267877739331028	1.0
253_H-120	6.0	6.0	0.7983390195783974	0.23866528419266664	0.9951456310679612
254_H-120	6.0	6.0	0.8642907936505544	0.24826837754157483	1.0
255_H-120	5.0	5.0	0.5996744841960258	0.17553836319954153	0.9953051643192489
256_H-120	6.0	6.0	0.9160513672117734	0.2663852416326308	1.0
257_H-120	6.0	6.0	0.6923717699534038	0.1928629681059757	1.0
258_H-120	4.0	4.0	0.8233973856775627	0.2655369209761562	1.0
259_H-120	5.0	5.0	0.6744035798196573	0.19422743055555547	1.0
25_H-120	5.0	5.0	1.0038841446237083	0.3168274229983148	1.0
260_H-120	6.0	6.0	0.8974367011786258	0.2765773124427612	0.9950248756218906
261_H-120	6.0	6.0	0.7294011209199909	0.20375733273928864	1.0
262_H-120	6.0	6.0	1.0227252030848633	0.3029132942253905	1.0
263_H-120	5.0	5.0	0.7738037222483252	0.23039822226711448	1.0
264_H-120	5.0	5.0	0.6669116796797262	0.19582948599569083	0.9956140350877193
265_H-120	6.0	6.0	0.8647687790224644	0.2544802867383511	0.9946236559139785
266_H-120	4.0	4.0	0.8717332002094627	0.29054462021494976	1.0
267_H-120	5.0	5.0	0.9184213614382631	0.27768385460693157	1.0
268_H-120	6.0	6.0	0.7803092182459614	0.2344800890308223	0.9959839357429718
269_H-120	6.0	6.0	0.9708732104716001	0.2795970396772356	1.0
26_H-120	5.0	5.0	0.6128708232935349	0.18026091624075236	0.9951690821256038
270_H-120	6.5	6.0	0.7550685393093172	0.23441548544429203	0.9876543209876543
271_H-120	5.0	5.0	0.6949473547148786	0.20470914127423823	1.0
272_H-120	6.0	6.0	1.0113419324697688	0.29777655078680787	1.0
273_H-120	5.0	5.0	0.7736315081507612	0.23261003385657109	1.0
274_H-120	5.0	5.0	0.6350320561631596	0.18152884783325884	1.0
275_H-120	6.0	6.0	0.8000817365165783	0.23423557406305773	1.0
276_H-120	6.0	6.0	1.0199827744367282	0.3048067791657534	1.0
277_H-120	6.0	6.0	0.8254289264574635	0.23988994672023756	0.9953271028037384
278_H-120	5.0	5.0	0.8491078692019516	0.26825379955361894	0.9948453608247423
279_H-120	6.0	6.0	0.862350123441491	0.2575175861269292	0.9949238578680203
27_H-120	5.0	5.0	0.6556272134862503	0.19151287966166852	1.0
280_H-120	5.0	5.0	1.0121353129732418	0.3182870370370372	1.0
281_H-120	6.0	6.0	0.7485553082392014	0.21595772556555148	0.9953271028037384
282_H-120	6.0	6.0	0.9406594406497527	0.2829721613505398	1.0
283_H-120	6.0	6.0	0.8240396192090931	0.2317907069009778	1.0
284_H-120	6.0	6.0	0.8831787651702284	0.25320184089414854	1.0
285_H-120	5.0	5.0	0.8151133985084379	0.24091339901694975	1.0
286_H-120	6.0	6.0	0.9237934362390288	0.2674452133794696	1.0
287_H-120	5.0	5.0	0.6233707890313315	0.18594999999999984	0.995
288_H-120	5.0	5.0	0.5911483194351674	0.16852082591669637	1.0
289_H-120	6.0	6.0	0.6469839918823549	0.17716020832914403	0.9955156950672646
28_H-120	5.0	5.0	0.8831327006530658	0.27531614547593375	1.0
290_H-120	6.0	6.0	0.9072207422683825	0.2616598079561042	1.0
291_H-120	5.0	5.0	0.7837881570350866	0.23008897569444442	1.0
292_H-120	5.0	5.0	0.8862996887436665	0.27552420145012746	1.0
293_H-120	5.0	5.0	0.8955647734587983	0.27014182817257004	1.0
294_H-120	6.0	6.0	0.8918390030002961	0.2619242097967873	1.0
295_H-120	6.0	6.0	0.8483208404584184	0.2437754640108647	1.0
296_H-120	6.0	6.0	0.9758400128982113	0.3049292689839985	1.0
297_H-120	5.0	5.0	0.592834426723244	0.16782668365846487	0.995049504950495
298_H-120	6.0	6.0	0.8070123467388955	0.23245984784446327	0.9945054945054945
299_H-120	5.0	5.0	0.6503394766846686	0.19233662549443065	0.9950738916256158
29_H-120	5.0	5.0	0.807773615998867	0.24278259405773928	1.0
2_H-120	5.0	5.0	0.656754375725508	0.18987391338397686	1.0
300_H-120	6.0	6.0	1.0381034548617905	0.3098965814421142	1.0
301_H-120	7.0	6.0	0.6535764453106264	0.18363129565551717	0.9901960784313726
302_H-120	5.0	5.0	0.6491302597180735	0.18298631766805462	1.0
303_H-120	6.0	6.0	0.8570562473164872	0.24239669421487609	1.0
304_H-120	5.0	5.0	0.8108214418560731	0.24700725798850032	1.0
305_H-120	6.0	6.0	0.8765844140518404	0.25536185208522943	1.0
306_H-120	6.0	6.0	0.7010774691431703	0.1970691568047337	1.0
307_H-120	6.0	6.0	0.8466342896228748	0.2526237524664703	0.9946524064171123
308_H-120	6.0	6.0	0.8044786901828436	0.23271867431971183	1.0
309_H-120	5.0	5.0	0.8645754726738893	0.26549738416952096	1.0
30_H-120	6.0	6.0	0.7095326315050839	0.19428622285510855	1.0
310_H-120	5.0	5.0	0.9849796500494055	0.3218082947812677	1.0
311_H-120	6.0	6.0	0.6876505792789701	0.19281663516068048	0.9945652173913043
312_H-120	5.0	5.0	0.7893989930712155	0.25685871056241416	0.9953703703703703
313_H-120	6.0	6.0	0.8482928764445656	0.23904400887573962	1.0
314_H-120	6.0	6.0	0.7730485860694409	0.22545071323723131	0.9938650306748467
315_H-120	6.0	6.0	0.8158912475007446	0.240230588715437	0.9949494949494949
316_H-120	6.0	6.0	0.8924128349538019	0.25777981838587904	1.0
317_H-120	6.0	6.0	0.9372732035751263	0.2725116108122557	1.0
318_H-120	5.0	5.0	0.8412109779434785	0.2522550953320184	1.0
319_H-120	6.0	6.0	0.9475035629453737	0.274971361829249	1.0
31_H-120	5.0	5.0	0.7508195164798473	0.21899777633027095	1.0
320_H-120	5.0	5.0	0.573074863631531	0.1614572907432298	0.9946524064171123
321_H-120	5.0	5.0	1.015185712789559	0.3249069174995102	1.0
322_H-120	6.0	6.0	0.769436992593581	0.22402020149965218	0.9949238578680203
323_H-120	6.0	6.0	0.8668354110327052	0.2623424673372644	0.9946236559139785
324_H-120	5.0	5.0	0.7640113773742522	0.22733552981188243	1.0
325_H-120	5.0	5.0	0.5762560984315329	0.16794232823068722	0.9952830188679245
326_H-120	6.0	6.0	0.5976193228401897	0.16089999999999982	0.995
327_H-120	6.0	6.0	0.8604695795700132	0.25144992598704174	1.0
328_H-120	6.0	6.0	1.0883609816505235	0.3237385916180826	1.0
329_H-120	6.0	6.0	0.8326468812772803	0.2432536978025015	1.0
32_H-120	5.0	5.0	0.6151924671895106	0.17317623991176623	1.0
330_H-120	5.0	5.0	0.8195476005536724	0.24614999999999998	1.0
331_H-120	6.0	6.0	0.9369271699633933	0.2826414446711544	0.9956331877729258
332_H-120	5.0	5.0	0.7781593812041836	0.24213151927437626	1.0
333_H-120	5.0	5.0	0.7634383769890422	0.22203392952531809	1.0
334_H-120	6.0	6.0	0.6840464785410136	0.1882740779744052	1.0
335_H-120	6.0	6.0	0.8521869007578433	0.24078287327649994	1.0
336_H-120	5.0	5.0	0.6568833150120669	0.18358518518518507	1.0
337_H-120	6.0	6.0	1.015623646907165	0.30334146957326824	1.0
338_H-120	5.0	5.0	0.6761154561935002	0.20567602040816335	0.9955357142857143
339_H-120	6.0	6.0	0.9387322429552913	0.27565404492348533	1.0
33_H-120	6.0	6.0	0.7564745040206942	0.22030622863089044	1.0
340_H-120	5.0	5.0	0.5338184861089033	0.1468806461898181	0.9948453608247423
341_H-120	6.0	6.0	0.7029809454765688	0.21163456790123458	1.0
342_H-120	6.0	6.0	0.9682997062027751	0.2862396694214875	1.0
343_H-120	6.0	6.0	0.7143943494792936	0.20954545454545448	0.9954545454545455
344_H-120	6.0	6.0	1.0314827738932915	0.310314354248201	0.9943820224719101
345_H-120	6.0	6.0	0.852026993085494	0.24584190672153639	1.0
346_H-120	6.0	6.0	0.8625697626799097	0.25491309284653685	1.0
347_H-120	6.0	6.0	0.8246256958298753	0.2435055386726792	1.0
348_H-120	5.0	5.0	0.48728392521770436	0.13229095186746398	0.995049504950495
349_H-120	5.0	5.0	0.7009749706502819	0.20487534626038784	1.0
34_H-120	6.0	6.0	0.9154827440689296	0.2683256976259891	1.0
350_H-120	6.0	6.0	0.9472930928867592	0.2752665771223377	1.0
351_H-120	6.0	6.0	0.8873466328935748	0.26273036946458217	1.0
352_H-120	5.0	5.0	0.9282522802889416	0.2920710059171596	1.0
353_H-120	6.0	6.0	1.0615848531880632	0.3196998377501351	1.0
354_H-120	5.0	5.0	0.45306442035018085	0.12099722991689732	1.0
355_H-120	4.0	4.0	0.6074718264795407	0.19070290286318858	1.0
356_H-120	6.0	6.0	0.7877015611327043	0.22770975056689335	1.0
357_H-120	6.0	6.0	0.5816663364181306	0.15575626035613432	0.9951690821256038
358_H-120	5.0	5.0	0.8188709823352897	0.2520982986767486	1.0
359_H-120	6.0	6.0	0.6943187433467525	0.18969671201814053	1.0
35_H-120	5.0	5.0	0.7131099563482199	0.20727704843820727	1.0
360_H-120	6.0	6.0	0.8772489354384888	0.2482204952274265	1.0
361_H-120	5.0	5.0	0.677159930168167	0.19202337472607733	1.0
362_H-120	6.0	6.0	0.9174540712711717	0.26679544484625206	1.0
363_H-120	5.0	5.0	0.9333018620751582	0.2910803324099722	1.0
364_H-120	6.0	6.0	0.7936870415178584	0.21861783929257994	1.0
365_H-120	6.0	6.0	0.7233715098026634	0.20040452111838192	0.9951219512195122
366_H-120	6.0	6.0	0.8946778129176413	0.26890717455621305	1.0
367_H-120	6.0	6.0	0.7844586153306338	0.22199999999999998	1.0
368_H-120	5.0	5.0	0.7665319150756222	0.2310245436282644	1.0
369_H-120	4.0	4.0	0.8853666697031923	0.2909213067943227	1.0
36_H-120	6.0	6.0	0.997212778356091	0.2932409972299169	1.0
370_H-120	6.0	6.0	1.0078422374462703	0.30092155009451804	1.0
371_H-120	5.0	5.0	0.8422176330514013	0.26211122673141407	0.9946236559139785
372_H-120	6.0	6.0	0.9523153677371902	0.31023531861724285	1.0
373_H-120	6.0	6.0	0.9529823692169858	0.2921652546073893	0.9953271028037384
374_H-120	5.0	5.0	0.7275391596288917	0.21329511834319548	1.0
375_H-120	5.0	5.0	0.8324738750474077	0.26340830449827	1.0
376_H-120	6.0	6.0	1.0369089574862165	0.3080327652265822	1.0
377_H-120	6.0	6.0	0.7372497606094547	0.21027739398448309	0.9948453608247423
378_H-120	5.0	5.0	0.6748779925498624	0.1939025585726889	1.0
379_H-120	6.0	6.0	0.7925903137596374	0.22878466536014386	1.0
37_H-120	5.0	5.0	0.7620288040579156	0.22758242618842495	1.0
380_H-120	6.0	6.0	1.1037871178023955	0.33217713030408136	1.0
381_H-120	5.0	5.0	0.577072086523609	0.16400134668798938	1.0
382_H-120	5.0	5.0	0.6737289035508534	0.1963081740360092	1.0
383_H-120	6.0	6.0	1.0282137193741425	0.30080807590574865	1.0
384_H-120	6.0	6.0	0.69430423209115	0.1917906008328376	0.9951219512195122
385_H-120	5.0	5.0	0.607134852708625	0.1837841854934602	0.9956896551724138
386_H-120	6.0	6.0	0.8729657091036561	0.2545653761869978	1.0
387_H-120	6.0	6.0	1.0028381238508501	0.2971339219313135	1.0
388_H-120	6.0	6.0	0.788457932828002	0.22938368055555558	1.0
389_H-120	5.0	5.0	0.9502101797179441	0.3026769634626538	1.0
38_H-120	6.0	6.0	0.8854655023201496	0.2549702541914548	1.0
390_H-120	6.0	6.0	0.865327230549903	0.25943289224952737	1.0
391_H-120	6.0	6.0	0.9042795334169422	0.2675629110145842	1.0
392_H-120	6.0	6.0	0.7549637416172975	0.21639500297441983	0.9951219512195122
393_H-120	6.0	6.0	0.9913939325995338	0.2934317407633853	1.0
394_H-120	6.0	6.0	0.8133890540398108	0.22771724623261902	1.0
395_H-120	6.0	6.0	1.0037861663626069	0.2996214169821526	1.0
396_H-120	5.0	5.0	0.789897059588355	0.23279621629368763	1.0
397_H-120	6.0	6.0	0.8677314572486471	0.2543423984536499	1.0
398_H-120	6.0	6.0	0.5639217679302567	0.15174999999999994	0.995
399_H-120	5.0	5.0	0.7021757638142696	0.20032317232946095	1.0
39_H-120	5.0	5.0	0.6957686219381767	0.21236837453599633	0.9949748743718593
3_H-120	5.0	5.0	0.7197579185751406	0.21129667855132306	1.0
400_H-120	6.0	6.0	0.9838423097192696	0.2894896030245747	1.0
401_H-120	6.0	6.0	0.7208360082991686	0.21189112140566313	1.0
402_H-120	6.0	6.0	0.6918711315258591	0.19569999999999987	0.995
403_H-120	6.0	6.0	0.8592721322904706	0.25094688999242476	1.0
404_H-120	5.0	5.0	0.6129818403281228	0.1759351098767883	1.0
405_H-120	5.0	5.0	0.6759753624939366	0.1919642857142857	1.0
406_H-120	6.0	6.0	0.9938204709179993	0.2921487283877453	1.0
407_H-120	5.0	5.0	0.8556949330612142	0.2611329578063557	1.0
408_H-120	6.0	6.0	1.0654407550667693	0.3241687453743044	0.9947643979057592
409_H-120	5.0	5.0	0.7597611880137991	0.2289496527777778	1.0
40_H-120	5.0	5.0	0.8532768804300683	0.2667521347954488	1.0
410_H-120	6.0	6.0	0.79197378791768	0.22358410819949293	1.0
411_H-120	6.0	6.0	0.9325270489261777	0.28295501874219076	1.0
412_H-120	6.0	6.0	0.812351318910511	0.23053809171597628	1.0
413_H-120	5.0	5.0	0.8133950582180727	0.2491245018717546	1.0
414_H-120	5.0	5.0	0.7370319553909178	0.2157407407407409	1.0
415_H-120	6.0	6.0	0.9128740030057964	0.2686293811954855	1.0
416_H-120	6.0	6.0	0.6379863594877873	0.17157024793388453	1.0
417_H-120	5.0	5.0	0.9062526668515393	0.27692307692307694	1.0
418_H-120	5.0	5.0	0.8704196800772233	0.2665950013437248	1.0
419_H-120	6.0	6.0	1.0120067540154714	0.2960253348913614	1.0
41_H-120	6.0	6.0	0.9343959682832742	0.26721975308641965	1.0
420_H-120	6.0	6.0	0.8837828276544949	0.25973516978808	0.9947089947089947
421_H-120	5.0	5.0	0.8215562647158514	0.24585894923353657	1.0
422_H-120	7.0	6.0	0.7013125831542416	0.2069720404521117	0.9902439024390244
423_H-120	5.0	5.0	0.782456597349367	0.2394247710353805	1.0
424_H-120	6.0	6.0	1.0052204595505538	0.3046905036524413	1.0
425_H-120	5.0	5.0	0.6421911881017945	0.19169423440453692	0.9945652173913043
426_H-120	5.0	5.0	0.7499506885937673	0.2226933477555434	1.0
427_H-120	6.0	6.0	0.7973486390417323	0.22571200425871707	1.0
428_H-120	6.0	6.0	0.7041647930792176	0.203795700647879	0.9952153110047847
429_H-120	6.0	6.0	0.6743246059460484	0.19119000657462182	0.9948717948717949
42_H-120	5.0	5.0	0.9435337106203655	0.2937415119963783	1.0
430_H-120	6.0	6.0	0.9131950858255282	0.2682215743440234	1.0
431_H-120	6.0	6.0	0.919241211744432	0.2708096777011094	1.0
432_H-120	5.0	5.0	0.997569861425717	0.30679012345679024	1.0
433_H-120	6.0	6.0	0.6939469266404283	0.19537414965986366	1.0
434_H-120	6.0	6.0	0.7875824536444613	0.2213492438563327	1.0
435_H-120	6.0	6.0	0.8029017825391297	0.23084275032326962	1.0
436_H-120	6.0	6.0	0.9262079675730004	0.2811957963473113	0.9949494949494949
437_H-120	6.0	6.0	0.7332122556740369	0.20754658094316658	0.994413407821229
438_H-120	5.0	5.0	0.7724513848687056	0.2324203148754156	1.0
439_H-120	5.0	5.0	0.98986964990858	0.3062658821913419	1.0
43_H-120	6.0	6.0	0.8919890733601074	0.2624007864794923	1.0
440_H-120	6.0	6.0	0.7217104064053586	0.2044999999999999	0.995
441_H-120	6.0	6.0	0.7635628667538438	0.2116304665214167	1.0
442_H-120	6.0	6.0	0.7174008494581161	0.20093233371780062	1.0
443_H-120	6.0	6.0	1.0282161395184914	0.3041846284974349	1.0
444_H-120	6.0	6.0	0.6691715313350566	0.18635332921047199	1.0
445_H-120	5.0	5.0	0.6560087287355952	0.19490836304497416	0.995433789954338
446_H-120	5.0	5.0	0.6211173534702804	0.175076893502499	1.0
447_H-120	6.0	6.0	0.8790662435723808	0.25355795610425225	1.0
448_H-120	5.0	5.0	0.719711347127173	0.21412627551020402	1.0
449_H-120	6.0	6.0	0.8113649654831531	0.24016398862659527	0.9953051643192489
44_H-120	6.0	6.0	0.7394806808997246	0.20515949835872394	1.0
450_H-120	5.0	5.0	0.675069914053396	0.19862085459183665	1.0
451_H-120	5.0	5.0	1.0307784637899882	0.32356309870887123	1.0
452_H-120	5.0	5.0	0.7194129908956047	0.22067901234567888	0.9953703703703703
453_H-120	6.0	6.0	1.0308405155598577	0.3164278111927922	1.0
454_H-120	6.0	6.0	0.8051839097123358	0.23934808869597257	0.995475113122172
455_H-120	6.0	6.0	0.780311400855575	0.21415146056856438	1.0
456_H-120	6.0	6.0	0.8633959939567286	0.25566106647187736	0.9945945945945946
457_H-120	6.0	6.0	0.7499509996092096	0.2156790123456791	0.9944444444444445
458_H-120	5.0	5.0	0.8233856293173897	0.24452406706327734	1.0
459_H-120	5.0	5.0	0.9077216744434484	0.2805155894010798	1.0
45_H-120	4.0	4.0	0.5940480865347969	0.1768273062547957	1.0
460_H-120	5.0	5.0	0.6625835960251967	0.19212129743208184	1.0
461_H-120	6.0	6.0	0.8922956237826443	0.2567816840277778	1.0
462_H-120	5.0	5.0	0.5905327775571863	0.17109734993015158	1.0
463_H-120	6.0	6.0	0.8767045990544005	0.26562466818152863	0.9953917050691244
464_H-120	6.0	6.0	0.7607676678098995	0.21501175177802878	1.0
465_H-120	5.0	5.0	0.7110454267937476	0.21579112928593902	1.0
466_H-120	6.0	6.0	0.7846627489137118	0.22841018786663692	1.0
467_H-120	5.0	5.0	0.6934277105791148	0.21992653810835627	1.0
468_H-120	6.0	6.0	0.9096895875092631	0.26385000000000014	1.0
469_H-120	5.0	5.0	0.7645186255498888	0.2355715299558161	0.9952153110047847
46_H-120	6.0	6.0	0.7517849104467439	0.21070251886491675	1.0
470_H-120	6.0	6.0	0.7393825702754648	0.21218532986111105	0.9947916666666666
471_H-120	5.0	5.0	0.9509410568178601	0.30097337006427904	1.0
472_H-120	4.0	4.0	0.442337944424861	0.12686390532544378	1.0
473_H-120	6.0	6.0	0.7929778766091965	0.23615397805212612	1.0
474_H-120	7.0	6.0	0.6646005429809709	0.18790067467316163	0.9894179894179894
475_H-120	6.0	6.0	0.8494273385838744	0.25077046276298864	1.0
476_H-120	4.0	4.0	0.5076050255561935	0.14944613273208507	1.0
477_H-120	4.0	4.0	0.5562594916826811	0.16449701628830493	1.0
478_H-120	5.0	5.0	0.7619091484368535	0.2237251390328966	1.0
479_H-120	6.0	6.0	0.8796657357461412	0.2639381320642473	1.0
47_H-120	6.0	6.0	0.8674419592634874	0.25395411004678103	0.9950248756218906
480_H-120	5.0	5.0	0.9627202882151965	0.29745962178394614	1.0
481_H-120	5.0	5.0	0.6252035641241778	0.17977757371696756	0.9949494949494949
482_H-120	5.0	5.0	0.8579453023117769	0.2612027796047929	1.0
483_H-120	6.0	6.0	0.9731207011573376	0.2935437212360289	1.0
484_H-120	6.0	6.0	0.7964369473539378	0.22917530864197544	1.0
485_H-120	5.0	5.0	0.6730705360650274	0.18981078383486583	1.0
486_H-120	5.0	5.0	0.6609829838658666	0.192810545249537	1.0
487_H-120	6.0	6.0	0.9169920945005692	0.26766929651545046	1.0
488_H-120	5.0	5.0	0.6993355221235057	0.20584634220997855	1.0
489_H-120	6.0	6.0	0.8268907136931755	0.25635555555555567	0.9955555555555555
48_H-120	6.0	6.0	0.6790360489070206	0.18438291553847497	1.0
490_H-120	6.0	6.0	0.8934006563630836	0.26505138215367374	1.0
491_H-120	6.0	6.0	0.8737546338164173	0.25203232303623	1.0
492_H-120	6.0	6.0	0.8598705050198796	0.25327032136105865	1.0
493_H-120	6.0	6.0	0.6244663572642134	0.1733905174851541	0.9951456310679612
494_H-120	6.0	6.0	0.8958075840976302	0.26477720964207463	0.9945945945945946
495_H-120	6.0	6.0	0.7031944440583111	0.19595000000000007	1.0
496_H-120	6.0	6.0	0.8092447150827576	0.2446502835538753	0.9956521739130435
497_H-120	6.0	6.0	0.7963529395891765	0.22290809327846361	1.0
498_H-120	6.0	6.0	0.802880553194081	0.2274432290379822	1.0
499_H-120	5.0	5.0	0.6450919983336493	0.1866000000000001	1.0
49_H-120	6.0	6.0	0.8585965947979942	0.24756703773717015	1.0
4_H-120	5.0	5.0	0.8595010112437188	0.25937109537692626	1.0
500_H-120	6.0	6.0	0.981074906392288	0.2974074074074071	1.0
501_H-120	6.0	6.0	0.972458079503853	0.28738126910779715	0.9951690821256038
502_H-120	5.0	5.0	0.8702027760360875	0.27265306122448985	1.0
503_H-120	6.0	6.0	0.7282997314546219	0.2001770095793418	1.0
504_H-120	5.0	5.0	0.7843117679718643	0.23006687242798363	1.0
505_H-120	6.0	6.0	0.8941810483134887	0.26171984856679276	1.0
506_H-120	6.0	6.0	0.8133510268232406	0.23145448329948326	1.0
507_H-120	6.0	6.0	0.7568304500308037	0.20812517673673292	1.0
508_H-120	6.0	6.0	0.9357442514328809	0.2741046831955922	1.0
509_H-120	4.0	4.0	0.39066794979639147	0.10494069208901102	1.0
50_H-120	6.0	6.0	0.9651436114972561	0.2948897595012726	1.0
510_H-120	6.0	6.0	0.8032516367964767	0.2291236301249957	0.9940828402366864
511_H-120	6.0	6.0	0.7268497708865514	0.2004045211183818	1.0
512_H-120	3.0	3.0	0.36289704784028	0.1186997808619431	0.9954954954954955
513_H-120	5.0	5.0	0.7236700736862262	0.20824870799734574	1.0
514_H-120	5.0	5.0	0.7358845974457329	0.21164204370575546	1.0
515_H-120	6.0	6.0	0.7540541519146059	0.2206884835099493	0.9953917050691244
516_H-120	6.0	6.0	0.8671237000691993	0.2539210383991348	1.0
517_H-120	6.0	6.0	0.9043343884004743	0.2613364435238994	1.0
518_H-120	5.0	5.0	0.8585200655798643	0.27924149338374293	0.9945652173913043
519_H-120	6.0	6.0	1.1610973283806625	0.35308801775147924	1.0
51_H-120	5.0	5.0	0.828176410538393	0.2432319866722198	1.0
520_H-120	6.0	6.0	0.5991830540874659	0.15813614540466403	1.0
521_H-120	6.0	6.0	0.986065924941672	0.28543302580069163	1.0
522_H-120	6.0	6.0	0.8884544000040541	0.25061615789167235	1.0
523_H-120	6.0	6.0	0.7144781426298659	0.2048354289940829	1.0
524_H-120	6.0	6.0	0.9487103265324838	0.2842368395255369	1.0
525_H-120	6.0	6.0	0.9634734069743734	0.29168975069252057	1.0
526_H-120	6.0	6.0	1.0293588216518992	0.30306377383300453	1.0
527_H-120	6.0	6.0	0.791524257737591	0.23717656944784837	0.9940828402366864
528_H-120	5.0	5.0	0.589925890126915	0.16629757785467136	0.9941176470588236
529_H-120	6.0	6.0	0.7847646576121284	0.22484475250586222	0.9949238578680203
52_H-120	6.0	6.0	0.6050889334884133	0.16653326122228218	0.9953488372093023
530_H-120	5.0	5.0	0.8447843766919025	0.25537109375	1.0
531_H-120	6.0	6.0	1.1043094712451047	0.33999999999999986	1.0
532_H-120	5.0	5.0	0.5971345674591034	0.17411572472126102	1.0
533_H-120	6.0	6.0	0.8985206669488031	0.2563542667481876	1.0
534_H-120	6.0	6.0	0.7024546394234668	0.20218606019017749	0.995049504950495
535_H-120	5.0	5.0	0.669472743999031	0.19536049714003245	1.0
536_H-120	6.0	6.0	0.8431608667036466	0.23972554785409228	1.0
537_H-120	6.0	6.0	0.7578681089641961	0.21261813735954505	1.0
538_H-120	6.0	6.0	1.1064990232278131	0.3250283553875237	1.0
539_H-120	5.0	5.0	1.0223708616712153	0.319486881644403	1.0
53_H-120	5.0	5.0	0.9830264339658638	0.31429362880886413	1.0
540_H-120	6.0	6.0	0.9105078833901634	0.2720638367717986	1.0
541_H-120	6.0	6.0	0.8352377745398641	0.25864183876611213	0.9955156950672646
542_H-120	6.0	6.0	0.7404488598794678	0.2165803320980325	0.995475113122172
543_H-120	6.0	6.0	0.7921947356093172	0.22429069657837686	1.0
544_H-120	6.0	6.0	0.7562841978683633	0.21267361111111116	1.0
545_H-120	5.0	5.0	0.6105290139238656	0.17176455870394702	1.0
546_H-120	6.0	6.0	0.8844027599595208	0.27005275119367833	1.0
547_H-120	6.0	6.0	0.7068792479968842	0.19569160997732415	1.0
548_H-120	6.0	6.0	0.5734686515429345	0.1552662721893493	1.0
549_H-120	6.0	6.0	0.7056870359380799	0.19981948461014187	0.9957081545064378
54_H-120	5.0	5.0	0.5539131282715088	0.15113487289918548	1.0
550_H-120	7.0	6.0	0.7936392524312855	0.2348454963839579	0.9897435897435898
551_H-120	6.0	6.0	0.674398475849932	0.18639839916668943	1.0
552_H-120	6.0	6.0	0.8639010777037344	0.2577224139382208	1.0
553_H-120	6.0	6.0	0.6465303138009179	0.17904958677685956	1.0
554_H-120	6.0	6.0	0.9439700412473173	0.2756577082635471	1.0
555_H-120	6.0	6.0	0.9745492058505053	0.2797455508527015	1.0
556_H-120	5.0	5.0	0.6892803796731491	0.1983824095794965	1.0
557_H-120	6.0	6.0	0.8889989278182474	0.25587528297043083	1.0
558_H-120	6.0	6.0	0.9859759312145532	0.29326371583402555	1.0
559_H-120	5.0	5.0	0.8570825562890008	0.2670776643990931	1.0
55_H-120	5.0	5.0	0.7961798226729315	0.236901906324959	1.0
560_H-120	6.0	6.0	0.7854939861057679	0.22740484429065744	0.9941176470588236
561_H-120	6.0	6.0	0.7254375892088057	0.20478074236175414	0.9954128440366973
562_H-120	6.0	6.0	0.7689054687563418	0.22511453561016248	0.9948979591836735
563_H-120	6.0	6.0	0.7673963407746197	0.2136999999999999	1.0
564_H-120	6.0	6.0	1.00948043227333	0.305632078359351	1.0
565_H-120	6.0	6.0	0.6834581342855267	0.19236260532083882	1.0
566_H-120	6.0	6.0	1.0545619004900755	0.3259707175051091	1.0
567_H-120	6.0	6.0	0.9056078866032349	0.25736723820105545	1.0
568_H-120	6.0	6.0	0.9100750248914126	0.26308931137024294	1.0
569_H-120	6.333333333333333	6.0	0.565440599547289	0.1625364431486881	0.9897959183673469
56_H-120	6.0	6.0	0.8214367646204936	0.23370867582261856	1.0
570_H-120	5.0	5.0	0.7635606665374425	0.22051598700636255	1.0
571_H-120	5.0	5.0	0.6754288587912061	0.20546712802768174	1.0
572_H-120	4.0	4.0	0.440743603707451	0.12197231833910038	1.0
573_H-120	6.0	6.0	0.6964192105975177	0.19578156954915893	0.994475138121547
574_H-120	5.0	5.0	0.6759357912667397	0.1907814120086716	1.0
575_H-120	7.0	6.0	0.6753842211219556	0.19425330812854436	0.991304347826087
576_H-120	5.0	5.0	0.8320299700913432	0.2578875171467765	1.0
577_H-120	5.0	5.0	0.9304365259588975	0.2942034373302068	1.0
578_H-120	5.0	5.0	0.7063101567907327	0.20443671161374521	1.0
579_H-120	5.0	5.0	0.5994398608446072	0.17146490923806212	1.0
57_H-120	4.0	4.0	0.48240444146966754	0.138231690074465	1.0
580_H-120	6.0	6.0	0.7431561348252779	0.20763656030286637	1.0
581_H-120	5.0	5.0	0.7607850892838344	0.23528148406668636	1.0
582_H-120	5.0	5.0	0.8457997233511728	0.2598821769787246	1.0
583_H-120	6.0	6.0	0.8798546945671498	0.25613004576190157	1.0
584_H-120	6.0	6.0	0.6550811780385721	0.18731256152560605	0.9952153110047847
585_H-120	6.0	6.0	0.7437282018424133	0.206865971201195	1.0
586_H-120	5.0	5.0	0.8684362391502156	0.26383172142117617	1.0
587_H-120	6.0	6.0	0.8543931988196608	0.24397741321126654	1.0
588_H-120	6.5	6.0	0.5472506551870043	0.14926268861454062	0.9907407407407407
589_H-120	6.0	6.0	0.8054215445357833	0.2264160766347355	1.0
58_H-120	5.0	5.0	0.4854827405878902	0.1306925207756232	1.0
590_H-120	6.0	6.0	0.7440686114098367	0.21460459183673475	0.9955357142857143
591_H-120	5.0	5.0	0.8895918682388105	0.27277828792980297	1.0
592_H-120	6.0	6.0	0.778211828416332	0.2274418110319909	0.9948453608247423
593_H-120	6.0	6.0	1.017018096408266	0.3057958477508649	1.0
594_H-120	6.0	6.0	0.7918309234489447	0.23452991452991456	0.9948717948717949
595_H-120	5.0	5.0	0.8169940803722132	0.24924526023427118	1.0
596_H-120	6.0	6.0	0.7960206430283306	0.227183382270863	1.0
597_H-120	6.0	6.0	0.927381782825805	0.2776816326530611	1.0
598_H-120	5.0	5.0	0.5148093823465448	0.14152331371661397	1.0
599_H-120	5.0	5.0	0.49069593627529595	0.134731149882665	0.9949494949494949
59_H-120	5.0	5.0	0.47447742597336556	0.12538212944361948	1.0
5_H-120	6.0	6.0	0.9917770339108718	0.29671995195744805	1.0
600_H-120	4.0	4.0	0.40577727005457226	0.11886621900826444	0.9943181818181818
601_H-120	6.0	6.0	1.0533303391593725	0.31551360139775286	1.0
602_H-120	5.0	5.0	0.5668668787093465	0.1575355632449058	1.0
603_H-120	5.0	5.0	0.8796183336541974	0.2666864872900253	1.0
604_H-120	6.0	6.0	0.9569289534999839	0.29196168263223643	0.9948979591836735
605_H-120	6.0	6.0	0.8657331991304279	0.25072087658592834	1.0
606_H-120	6.0	6.0	0.8864945395040126	0.26295	0.995
607_H-120	6.0	6.0	0.8600368752474613	0.24893649849015842	1.0
608_H-120	6.0	6.0	0.8027589918409439	0.23560090702947833	0.9952380952380953
609_H-120	6.0	6.0	0.7843213899181435	0.23216264268597486	0.9949238578680203
60_H-120	6.0	6.0	0.594398604203742	0.15950138504155142	0.9947368421052631
610_H-120	5.0	5.0	0.6808450928978002	0.19737781858993975	1.0
611_H-120	6.0	6.0	0.823830208550564	0.2439956866973827	0.995049504950495
612_H-120	6.0	6.0	0.976149376224752	0.29277938757929356	1.0
613_H-120	5.0	5.0	0.7696554738029915	0.22862222222222228	1.0
614_H-120	4.0	4.0	0.6246140614975382	0.188822180422067	1.0
615_H-120	5.0	5.0	0.7570753777956385	0.22173921052146828	1.0
616_H-120	5.0	5.0	0.6655723300981639	0.19505000000000017	1.0
617_H-120	6.0	6.0	0.7942204969547517	0.2339506172839505	0.9944444444444445
618_H-120	6.0	6.0	0.8335483971973112	0.2508087442407607	1.0
619_H-120	6.0	6.0	1.1304257689198438	0.34339555765595464	1.0
61_H-120	6.0	6.0	0.8505768446948915	0.255057591983609	1.0
620_H-120	6.0	6.0	0.9716979378282913	0.28810443962673205	1.0
621_H-120	5.0	5.0	0.7914559700164838	0.25878442545109226	1.0
622_H-120	5.0	5.0	0.5878806787168123	0.16379975396676472	1.0
623_H-120	6.0	6.0	0.8664586571297858	0.24445450430058857	1.0
624_H-120	6.0	6.0	0.8014907085035534	0.23376033057851242	0.9954545454545455
625_H-120	5.0	5.0	0.6006736033370262	0.1745382716049384	1.0
626_H-120	5.0	5.0	0.7704579771624315	0.23052345546298791	1.0
627_H-120	6.0	6.0	0.7946745171407106	0.23852389480629677	1.0
628_H-120	5.0	5.0	0.8411819179857243	0.2565834740726841	1.0
629_H-120	6.0	6.0	0.8165559972701922	0.22719008264462814	1.0
62_H-120	6.0	6.0	0.8142205634868468	0.24296917252568973	1.0
630_H-120	5.0	5.0	0.8046056290717923	0.2660637699159698	0.9955947136563876
631_H-120	5.0	5.0	0.4440220104761566	0.11755518533944176	0.9948979591836735
632_H-120	6.0	6.0	0.9203770043429376	0.28085852909733844	1.0
633_H-120	6.0	6.0	0.8912449734452306	0.26075614366729694	1.0
634_H-120	6.0	6.0	0.7994157192818842	0.22552844453261056	1.0
635_H-120	5.0	5.0	0.7884151752100172	0.2433552345413338	1.0
636_H-120	6.0	6.0	0.8460053527932637	0.2721431213017752	0.9951923076923077
637_H-120	6.0	6.0	0.8549936972013588	0.24375440520009384	1.0
638_H-120	6.0	6.0	0.8878318992183141	0.2558286074354126	1.0
639_H-120	4.0	4.0	0.5807194413941916	0.17592719497820786	1.0
63_H-120	6.0	6.0	0.7208783649829361	0.20335035384753197	0.994535519125683
640_H-120	6.0	6.0	0.8896652481707817	0.272992	0.996
641_H-120	6.0	6.0	1.140609926416953	0.338967009194159	1.0
642_H-120	6.0	6.0	0.9824008118528915	0.2929639889196676	0.9947368421052631
643_H-120	6.0	6.0	1.0958818933227754	0.3353269404256741	1.0
644_H-120	5.0	5.0	0.677583646851199	0.19565	1.0
645_H-120	6.0	6.0	0.8408865282696094	0.24937587162755437	0.995850622406639
646_H-120	6.0	5.0	0.5252961407520412	0.15269539810080346	0.9891891891891892
647_H-120	6.0	6.0	0.8424770846227303	0.2382812500000001	1.0
648_H-120	5.0	5.0	0.6923692108171154	0.20497356070419837	0.9953917050691244
649_H-120	6.0	6.0	0.7782589812244779	0.22386652841926646	0.9951456310679612
64_H-120	6.0	6.0	1.0684981522762025	0.3225725366274058	1.0
650_H-120	6.0	6.0	0.8291095325798834	0.23764705882352954	1.0
651_H-120	4.0	4.0	0.7201656717558199	0.23073262226701374	1.0
652_H-120	6.0	6.0	0.7705471282806953	0.21883569123249758	0.9950738916256158
653_H-120	5.0	5.0	0.7776481128133506	0.22987528344671193	1.0
654_H-120	6.0	6.0	1.0415773635298424	0.3076656260839402	1.0
655_H-120	6.0	6.0	0.6728031559261175	0.1893860561914672	0.9953917050691244
656_H-120	4.0	4.0	0.37627884399378914	0.10093293672255277	1.0
657_H-120	6.0	6.0	0.8783630667703282	0.2565746064662079	1.0
658_H-120	6.0	6.0	0.6539456891466873	0.17949041690866374	0.9949748743718593
659_H-120	6.0	6.0	0.874226751572694	0.25081295525494274	1.0
65_H-120	6.0	6.0	0.863003413400354	0.24991689750692514	1.0
660_H-120	6.0	6.0	0.776722285796553	0.21594255152935515	1.0
661_H-120	6.0	6.0	1.0661944807858224	0.3183584564738495	1.0
662_H-120	6.0	6.0	0.7672681754850796	0.2172216847164571	1.0
663_H-120	6.0	6.0	1.0744403868837662	0.3278632865550023	1.0
664_H-120	6.0	6.0	0.7415959080513621	0.21043711602287984	1.0
665_H-120	4.0	4.0	0.6785874829669802	0.2065980081484834	1.0
666_H-120	6.0	6.0	0.8687673452059256	0.2551308744794766	1.0
667_H-120	6.0	5.0	0.5488517565141069	0.1604186788257227	0.990521327014218
668_H-120	5.0	5.0	0.7748596153499705	0.23323002929770187	1.0
669_H-120	6.0	6.0	0.5731184250035978	0.1526729123001943	0.9949748743718593
66_H-120	5.0	5.0	1.0680673501042683	0.33046179232691886	1.0
670_H-120	4.0	4.0	0.6837189215075836	0.22012182314639772	1.0
671_H-120	5.0	5.0	0.8012567411004482	0.23944160997732422	1.0
672_H-120	6.0	6.0	0.6498874489394164	0.18145122164218197	1.0
673_H-120	4.0	4.0	0.6857522909897676	0.21903204570069446	1.0
674_H-120	6.0	6.0	0.7676806849432665	0.21213992321941522	1.0
675_H-120	6.0	6.0	0.8266187433658253	0.23913043478260887	1.0
676_H-120	6.0	6.0	0.8224537636078433	0.23002818250474288	1.0
677_H-120	6.0	6.0	0.6713087459307134	0.18718749999999995	0.9958333333333333
678_H-120	5.0	5.0	0.6328079404979147	0.17707977236622496	1.0
679_H-120	5.0	5.0	0.7414598102873515	0.22632674297606659	0.9946236559139785
67_H-120	6.0	6.0	0.7789939060764829	0.21766972094960424	1.0
680_H-120	6.0	6.0	0.9078051499052002	0.26594084423305586	1.0
681_H-120	5.0	5.0	0.7261652890138518	0.2167916186082276	1.0
682_H-120	6.0	6.0	1.0192617672918778	0.301392020390158	1.0
683_H-120	6.0	6.0	0.9153892380283329	0.2740292195309497	1.0
684_H-120	5.0	5.0	0.6787490023072414	0.20495227426544382	0.9951690821256038
685_H-120	5.0	5.0	0.7606464858511145	0.22303948080043245	1.0
686_H-120	6.0	6.0	0.7363910546144953	0.20570637119113566	1.0
687_H-120	6.0	6.0	0.6895387470859471	0.1964197530864198	0.9944444444444445
688_H-120	6.0	6.0	0.7396664737887843	0.21495899707795252	0.9951456310679612
689_H-120	5.0	5.0	0.8835890205768012	0.2712791026486946	1.0
68_H-120	6.0	6.0	0.7599004147378674	0.21207466918714546	1.0
690_H-120	6.0	6.0	0.8215915363404203	0.23181232797151585	1.0
691_H-120	6.0	6.0	0.8946630832004484	0.25260308204914605	1.0
692_H-120	6.0	6.0	0.9060190203146824	0.2683575487808292	0.9947089947089947
693_H-120	5.0	5.0	0.6631348167075098	0.19044148271553518	1.0
694_H-120	6.0	6.0	0.8185292729399706	0.2393658834832737	1.0
695_H-120	6.0	6.0	0.8454205437823828	0.25671239794630096	1.0
696_H-120	6.5	6.0	0.8899130940565797	0.2846639645583938	0.9902912621359223
697_H-120	6.0	6.0	0.9281765618774278	0.2726506663337599	1.0
698_H-120	6.0	6.0	0.902583430289327	0.2715122703863557	0.995433789954338
699_H-120	5.0	5.0	0.867277073626033	0.2652231531187528	1.0
69_H-120	5.0	5.0	0.8190135266056155	0.2433227704843821	1.0
6_H-120	6.5	6.0	0.6898836165913521	0.20515555555555565	0.9911111111111112
700_H-120	6.0	6.0	0.6521578866931875	0.17612891955629317	1.0
701_H-120	6.0	6.0	0.8006029794808952	0.229252993292278	1.0
702_H-120	6.0	6.0	0.8188970867430936	0.23852893455922142	1.0
703_H-120	5.0	5.0	0.5886150759489208	0.16914211508806098	1.0
704_H-120	5.0	5.0	0.6191113407860074	0.1802148352445928	0.9939759036144579
705_H-120	5.0	5.0	0.5311417051156809	0.14989617496943453	1.0
706_H-120	5.0	5.0	0.8197126615275759	0.2603140803832845	0.995475113122172
707_H-120	6.0	6.0	0.7969330147046398	0.2316600346903378	1.0
708_H-120	6.0	6.0	0.6514433132381041	0.18078280811152037	1.0
709_H-120	6.0	6.0	1.1230386504712098	0.3518326706538808	0.9942196531791907
70_H-120	6.0	6.0	0.9265806846293603	0.28167051134179166	0.9950980392156863
710_H-120	6.0	6.0	0.6228720171840981	0.17039973738036895	0.9949748743718593
711_H-120	6.0	6.0	1.0883302772145502	0.33268078889700514	1.0
712_H-120	6.0	6.0	0.6617852416185729	0.1799867219157072	1.0
713_H-120	5.0	5.0	0.7962770445372179	0.24782672218569646	1.0
714_H-120	6.0	6.0	0.7907386845430405	0.22589546022490636	1.0
715_H-120	6.0	6.0	0.8083713601909022	0.2365013296334837	0.9946236559139785
716_H-120	5.0	5.0	0.6387722445913513	0.18214163237311398	1.0
717_H-120	7.0	6.0	0.6283768516524769	0.17800618332957963	0.9909502262443439
718_H-120	6.0	6.0	1.0083874457312938	0.2975778546712804	1.0
719_H-120	5.0	5.0	0.5002611982694728	0.13669953977646288	1.0
71_H-120	6.0	6.0	1.0312594801728532	0.3097803215217573	1.0
720_H-120	5.0	5.0	0.6752149163982128	0.1923298731257207	1.0
721_H-120	5.0	5.0	0.7115942489415514	0.21305679012345669	1.0
722_H-120	6.0	6.0	0.6217625882826819	0.1690548237807048	1.0
723_H-120	4.0	4.0	0.5533025927141515	0.1655813953488372	1.0
724_H-120	6.0	6.0	0.6760918154044776	0.18181818181818177	1.0
725_H-120	5.0	5.0	0.6126289066254004	0.18186021931562968	0.9942528735632183
726_H-120	5.0	5.0	0.5969066695901805	0.17155918367346934	0.9942857142857143
727_H-120	5.0	5.0	0.528706024192324	0.14818201832376499	0.9958847736625515
728_H-120	6.0	6.0	0.9103759199796003	0.282069970845481	0.9948979591836735
729_H-120	5.0	5.0	0.6761504170246423	0.20294999999999996	1.0
72_H-120	5.0	5.0	0.7732183988476372	0.23668639053254437	1.0
730_H-120	5.0	5.0	0.9242527605727411	0.285388975520408	1.0
731_H-120	6.0	6.0	0.8526834077703644	0.24076338544851084	1.0
732_H-120	6.0	6.0	0.8371938892175146	0.2374841022083477	1.0
733_H-120	6.0	5.0	0.5560732973777467	0.163271021494084	0.9903381642512077
734_H-120	6.0	6.0	0.7837587582458432	0.2257913369429405	0.9948979591836735
735_H-120	6.0	6.0	0.6907626505042144	0.19263471144648758	1.0
736_H-120	6.0	6.0	0.7549887074392123	0.2136649408284026	1.0
737_H-120	5.0	5.0	0.6374604297154839	0.18240631163708088	1.0
738_H-120	6.0	6.0	0.7454963789669407	0.2168778060567932	0.9946524064171123
739_H-120	6.0	6.0	0.9991437611833829	0.2992871484094386	1.0
73_H-120	5.0	5.0	0.5557655919128247	0.15719915417147257	1.0
740_H-120	6.0	6.0	0.74758248598002	0.21272656693242553	0.994535519125683
741_H-120	6.0	6.0	0.8283239767246103	0.23007329055813586	1.0
742_H-120	6.0	6.0	0.8678145183072095	0.26068661666790416	1.0
743_H-120	6.0	6.0	1.0828906909836218	0.32158730158730164	1.0
744_H-120	6.0	6.0	1.0395550354203773	0.3108481262327416	1.0
745_H-120	6.0	6.0	0.9368511623786988	0.2836992969172525	1.0
746_H-120	5.0	5.0	0.6812553193704001	0.2010056959772163	1.0
747_H-120	6.0	6.0	0.8064020513315997	0.23780892437008583	1.0
748_H-120	6.0	6.0	0.9253003847163753	0.2644000000000001	1.0
749_H-120	6.0	6.0	0.7263972199657522	0.20552570664061653	1.0
74_H-120	6.5	6.0	0.7198020593511184	0.21474400267979077	0.9898477157360406
750_H-120	6.0	6.0	0.812976177370662	0.23873134516805128	1.0
751_H-120	6.0	6.0	0.7315382576901654	0.21220773985487773	0.9959016393442623
752_H-120	5.0	5.0	0.8072991243203812	0.25003985969387743	1.0
753_H-120	6.0	6.0	0.9269745435542095	0.2730064079743679	1.0
754_H-120	6.0	6.0	0.9660906300003937	0.2779981789802288	1.0
755_H-120	6.0	6.0	0.8093080871224911	0.23513979168298216	1.0
756_H-120	6.0	6.0	0.5960390510081262	0.16392958412098313	0.9945652173913043
757_H-120	6.0	6.0	0.8047116381411544	0.23023834019204392	1.0
758_H-120	5.0	5.0	0.7354476885067205	0.22201424948677706	1.0
759_H-120	5.0	5.0	0.7450313290026107	0.23340673167662784	0.9946524064171123
75_H-120	6.0	6.0	0.84955533684575	0.24766355140186924	1.0
760_H-120	6.0	6.0	0.7184326782145997	0.20200241600294822	1.0
761_H-120	6.0	6.0	0.6061671198734282	0.16248342005917749	1.0
762_H-120	5.0	5.0	0.4473210059774013	0.1198224852071007	0.9951923076923077
763_H-120	6.0	6.0	0.817126446034368	0.2315548809055301	1.0
764_H-120	5.0	5.0	0.5346685067889257	0.14673322404170286	1.0
765_H-120	5.0	5.0	0.6664278804758247	0.20332819878285902	1.0
766_H-120	4.0	4.0	0.6417199611836505	0.20591318019040972	0.9953271028037384
767_H-120	5.0	5.0	0.8923978931020916	0.2771814220427251	1.0
768_H-120	5.0	5.0	1.033829135195817	0.3256363359244019	1.0
769_H-120	6.0	6.0	0.609551158627336	0.164818820984316	0.9941860465116279
76_H-120	6.0	6.0	0.786946044828072	0.2220408163265305	1.0
770_H-120	6.0	6.0	0.8979527196600752	0.2659555555555555	0.9955555555555555
771_H-120	6.0	6.0	0.792270994510409	0.22563010585368848	1.0
772_H-120	6.0	6.0	0.789975630569435	0.22209999999999985	1.0
773_H-120	5.0	5.0	0.7836340623213149	0.23952409280190368	1.0
774_H-120	6.0	6.0	0.8546964976096441	0.2411160335564143	1.0
775_H-120	6.0	6.0	0.920289966083224	0.27284071180555547	1.0
776_H-120	6.0	6.0	1.0862459957573185	0.3389520061384619	1.0
777_H-120	5.0	5.0	0.7995695725048406	0.24639135152842895	1.0
778_H-120	5.0	5.0	0.7386582915496123	0.22604955206692745	0.9958847736625515
779_H-120	5.0	5.0	0.692926406376457	0.20337596668649616	1.0
77_H-120	6.0	6.0	0.744815764943719	0.21392592592592596	0.9955555555555555
780_H-120	6.0	6.0	0.6994411491831037	0.1902961562696912	1.0
781_H-120	6.0	6.0	0.8969404730346847	0.27070247933884295	0.9954545454545455
782_H-120	6.0	6.0	0.8278937347938632	0.2378029336734695	1.0
783_H-120	6.0	6.0	0.5978425463839779	0.1665361422194378	0.995575221238938
784_H-120	6.0	6.0	1.1163226743314165	0.3492420925335168	1.0
785_H-120	6.0	6.0	0.7013718041753096	0.19589999999999996	1.0
786_H-120	6.0	6.0	0.9265690031170861	0.26881698807536836	1.0
787_H-120	3.0	3.0	0.3902753746786213	0.12021415823914317	1.0
788_H-120	6.0	6.0	0.9148892252951943	0.2750153678027457	1.0
789_H-120	6.0	6.0	0.9084371441211081	0.2695972871958614	1.0
78_H-120	6.0	6.0	0.9706332743679222	0.2932306130371167	0.994535519125683
790_H-120	6.0	6.0	1.0024865530799438	0.2945444772910507	1.0
791_H-120	5.0	5.0	0.674265464084708	0.19625767026085206	1.0
792_H-120	6.0	6.0	1.0654599436150638	0.32112648981161096	1.0
793_H-120	5.0	5.0	0.8650737247700424	0.2624565334080141	1.0
794_H-120	6.0	6.0	0.6880278099125556	0.2015677994654208	0.995260663507109
795_H-120	6.0	6.0	0.7810071626917223	0.22664248034861656	1.0
796_H-120	6.0	6.0	0.8567033865268181	0.25315663153501	0.9961389961389961
797_H-120	6.0	6.0	0.8474464768152687	0.26150014326963344	0.9953051643192489
798_H-120	5.0	5.0	0.6570571283746303	0.1926680547293279	1.0
799_H-120	6.0	6.0	0.797313397572777	0.23065012367029303	1.0
79_H-120	5.0	5.0	0.6729591036245925	0.19380452896774825	1.0
7_H-120	6.0	6.0	0.7859466532985054	0.22116062338476006	1.0
800_H-120	6.0	6.0	0.9149018019328867	0.26852551720276596	1.0
801_H-120	6.0	6.0	0.8318303309005092	0.23626640738940208	1.0
802_H-120	6.0	6.0	0.9318295862640824	0.2836486618958928	1.0
803_H-120	5.0	5.0	0.3687146074897651	0.0928681559037613	0.9940119760479041
804_H-120	6.0	6.0	0.70990853963231	0.20108108108108103	0.9945945945945946
805_H-120	6.0	6.0	0.9856194357781238	0.2881090886345157	1.0
806_H-120	6.0	6.0	0.8424231520943344	0.24190082644628108	1.0
807_H-120	6.0	6.0	0.6113979119211544	0.17704999999999993	0.995
808_H-120	6.0	6.0	0.7539178840544177	0.21782662869348535	0.9952830188679245
809_H-120	4.0	4.0	0.26082917044445075	0.06631162220755948	0.9951456310679612
80_H-120	6.0	6.0	0.7601026504609074	0.21331929214074785	0.9952153110047847
810_H-120	6.0	6.0	0.7314890875081344	0.2082986255726781	0.9948979591836735
811_H-120	5.0	5.0	0.7794165602943433	0.22890522511819011	1.0
812_H-120	6.0	6.0	0.823789413556259	0.2394383980202519	0.9949748743718593
813_H-120	6.0	6.0	0.5221635506886826	0.14232638888888882	0.9958333333333333
814_H-120	5.0	5.0	0.7028931694593716	0.2022093572778828	1.0
815_H-120	4.0	4.0	0.6517740125935886	0.2000292184075968	1.0
816_H-120	6.0	6.0	0.8090472624875451	0.2410346854791301	0.9947089947089947
817_H-120	5.0	5.0	0.6333229867504468	0.18187388066735777	0.9951456310679612
818_H-120	6.0	6.0	0.9719607367416274	0.2872781379530236	1.0
819_H-120	6.0	6.0	0.7959846339157559	0.22429069657837664	1.0
81_H-120	6.0	6.0	0.8281567710406207	0.24359963269054163	0.9939393939393939
820_H-120	6.0	6.0	1.0135017430707391	0.2966803132787469	1.0
821_H-120	6.0	6.0	0.8145872977385571	0.2341887735486351	1.0
822_H-120	5.0	5.0	0.6456695973540988	0.18047176737208337	1.0
823_H-120	5.0	5.0	0.8307087829073637	0.25015094795314563	1.0
824_H-120	6.0	6.0	0.8264859662437986	0.2348500624739691	1.0
825_H-120	7.0	6.0	0.6314701320847854	0.17819821050474693	0.9917355371900827
826_H-120	6.0	6.0	0.6707644882620647	0.1786703601108034	1.0
827_H-120	4.0	4.0	0.6498331146493028	0.20125334111992088	1.0
828_H-120	6.0	6.0	0.8902118302897714	0.26958231480497397	0.9948453608247423
829_H-120	6.0	6.0	1.0066161541713168	0.3005502663988121	1.0
82_H-120	6.0	6.0	0.7417247324997068	0.2103311913000495	1.0
830_H-120	6.0	6.0	0.870135150272869	0.2486435576667143	1.0
831_H-120	6.0	6.0	0.9606819919033768	0.28795834816660715	0.9952830188679245
832_H-120	6.0	6.0	0.7174732823791666	0.19921764539541875	1.0
833_H-120	6.0	6.0	0.7310458652577287	0.21699143391006792	0.9950738916256158
834_H-120	6.0	6.0	0.9881022455574902	0.2988608356459468	1.0
835_H-120	6.0	6.0	0.8396592175781773	0.24654492330167999	1.0
836_H-120	6.0	6.0	0.9442203524901115	0.27479167134610627	1.0
837_H-120	6.0	6.0	0.8742647274396071	0.2501844140392623	1.0
838_H-120	6.0	6.0	0.9440794108759637	0.27990505876633587	0.9946524064171123
839_H-120	5.0	5.0	0.6067639246914148	0.18008452080103632	1.0
83_H-120	6.0	6.0	0.8689515593336851	0.25495	1.0
840_H-120	6.0	6.0	0.8336662821575566	0.23966680549770936	1.0
841_H-120	6.0	6.0	0.8651704095639235	0.24587349190723662	1.0
842_H-120	6.0	6.0	0.8817681227268396	0.25382716049382703	1.0
843_H-120	5.0	5.0	0.7790909649222965	0.24216049382716043	0.9944444444444445
844_H-120	6.0	6.0	0.945936901987183	0.2802222878466536	1.0
845_H-120	5.0	5.0	0.674265464084708	0.19625767026085206	1.0
846_H-120	6.0	6.0	1.0096221847012814	0.306278182448838	0.9946236559139785
847_H-120	6.0	6.0	0.9039357449113378	0.26334432136934127	1.0
848_H-120	5.0	5.0	1.0424330680686704	0.32697303592224314	1.0
849_H-120	6.0	6.0	0.815300424696008	0.2447850949018766	0.9948186528497409
84_H-120	6.0	6.0	0.8519690465131399	0.2479735360218177	1.0
850_H-120	5.0	5.0	0.6798191872130935	0.20766051518646678	0.9950980392156863
851_H-120	6.0	6.0	0.8035695601563996	0.2292022474691221	1.0
852_H-120	5.0	5.0	0.6863959695529666	0.2054253800285547	0.9947089947089947
853_H-120	5.0	5.0	0.5279506369064345	0.14930747922437682	0.9947368421052631
854_H-120	5.0	5.0	0.9276849560506524	0.28233022984576417	1.0
855_H-120	6.0	6.0	0.7650192492589099	0.21873862505763286	0.9950738916256158
856_H-120	6.0	6.0	0.8831952655837526	0.2594552224181855	1.0
857_H-120	6.0	6.0	0.7835615655198555	0.22416804961131986	1.0
858_H-120	5.0	5.0	0.6515844259156918	0.1838235294117646	1.0
859_H-120	5.0	5.0	0.7022176264126209	0.2050958309133608	1.0
85_H-120	6.0	6.0	0.5984824995045275	0.15977161658682948	1.0
860_H-120	6.0	6.0	0.7921087235546805	0.2209455287390265	1.0
861_H-120	6.0	6.0	0.7677612537812577	0.21904269895105666	1.0
862_H-120	6.0	6.0	0.8872426571109132	0.2606738683127572	1.0
863_H-120	6.0	6.0	0.9321287479530991	0.26763744713571713	1.0
864_H-120	6.0	6.0	0.8274322459181637	0.2310267857142857	1.0
865_H-120	6.0	6.0	0.7769554297611103	0.22216250111977076	0.994535519125683
866_H-120	6.0	6.0	0.9001958161898743	0.27045021342854836	1.0
867_H-120	5.0	5.0	0.5894246558843533	0.16166258427817493	1.0
868_H-120	6.0	6.0	1.0005971567273133	0.30471655328798164	1.0
869_H-120	5.0	5.0	0.7869885477690771	0.24538845486111105	0.9947916666666666
86_H-120	6.0	6.0	0.7776575287888008	0.22708557984511335	1.0
870_H-120	6.0	6.0	0.7877899847239213	0.23248066627007724	0.9951219512195122
871_H-120	5.0	5.0	0.5292801364249519	0.14285000000000003	1.0
872_H-120	5.0	5.0	0.44801343952561595	0.11882086167800454	0.9952380952380953
873_H-120	6.0	6.0	0.7646539242962946	0.22293643505764738	0.9949494949494949
874_H-120	6.0	6.0	0.771073578087418	0.21229609110495518	1.0
875_H-120	6.0	6.0	0.9028981313953195	0.2612577550880244	1.0
876_H-120	6.0	6.0	0.9230681399562994	0.2776163265306122	0.9942857142857143
877_H-120	4.0	4.0	0.5960748680244119	0.18102857142857154	1.0
878_H-120	5.0	5.0	0.6989574343356676	0.204431197931629	1.0
879_H-120	5.0	5.0	0.6898861627311065	0.19746480896294183	1.0
87_H-120	6.0	6.0	0.921514860130466	0.27276328683722206	0.995433789954338
880_H-120	5.0	5.0	0.7171241620743222	0.21693663225347115	0.9952830188679245
881_H-120	6.0	6.0	1.0671039668139735	0.3183965858862978	1.0
882_H-120	5.0	5.0	0.9557217916242619	0.2933848436493941	1.0
883_H-120	6.0	6.0	0.8982036271261289	0.2666741627780589	1.0
884_H-120	6.0	6.0	0.9664469487209996	0.28976635037241105	1.0
885_H-120	6.0	6.0	0.8754408241036922	0.25376762275158005	1.0
886_H-120	5.0	5.0	0.6101127167289087	0.174248060367733	0.9948453608247423
887_H-120	5.0	5.0	0.9604627738914147	0.2921173607355326	1.0
888_H-120	5.0	5.0	0.6881003852416153	0.19713171223970982	1.0
889_H-120	5.0	5.0	0.6719345614979007	0.1947520661157024	1.0
88_H-120	6.0	6.0	0.8533990672194306	0.25682429834678977	1.0
890_H-120	5.0	5.0	0.6344666095660659	0.17800554016620496	1.0
891_H-120	6.0	6.0	0.9848998851636444	0.28249095781563305	1.0
892_H-120	5.0	5.0	0.6101401296052139	0.17027144723472198	1.0
893_H-120	4.0	4.0	0.6854635144908646	0.20927467300832336	1.0
894_H-120	5.0	5.0	0.6667766830323546	0.19259847032114452	1.0
895_H-120	6.0	6.0	1.041487942174742	0.3212370562130179	1.0
896_H-120	4.0	4.0	0.6314472139712015	0.19238100351687304	1.0
897_H-120	4.0	4.0	0.5990517974643901	0.19649670482136672	0.9946236559139785
898_H-120	5.0	5.0	0.6138588467611046	0.17800453514739223	1.0
899_H-120	6.0	6.0	0.9457992088192522	0.2714289250266083	1.0
89_H-120	5.0	5.0	0.9779227412013258	0.3004345414201183	1.0
8_H-120	5.0	5.0	0.7133639245699566	0.22038424744897966	0.9955357142857143
900_H-120	6.0	6.0	1.0283340354859436	0.3016942148760331	1.0
901_H-120	5.0	5.0	0.6457212424798205	0.1920588472173751	1.0
902_H-120	5.0	5.0	0.5467023186706493	0.15826879717674736	0.995049504950495
903_H-120	5.0	5.0	0.4965337402366281	0.1349679601281596	0.9952830188679245
904_H-120	6.0	6.0	0.8382806881697442	0.24716938637620023	1.0
905_H-120	6.0	6.0	0.8948874251290955	0.26193618171984845	1.0
906_H-120	6.0	6.0	0.7654197055663201	0.21934124105479869	1.0
907_H-120	6.0	6.0	0.7023134498589759	0.19496437628305763	1.0
908_H-120	5.0	5.0	0.5646221853570318	0.15827028577575375	1.0
909_H-120	6.0	6.0	0.8908778519308702	0.2561372617268277	1.0
90_H-120	5.0	5.0	0.8094117369804256	0.24311926605504586	1.0
910_H-120	6.0	6.0	0.8471933769189892	0.2396017230421581	1.0
911_H-120	6.0	6.0	1.057572562099692	0.3219685020262564	1.0
912_H-120	6.0	6.0	0.7453549894360861	0.21125379864719152	0.995049504950495
913_H-120	6.5	6.0	0.6957904840420494	0.20341746165921992	0.989010989010989
914_H-120	5.0	5.0	0.7909571570778035	0.23135955089730953	1.0
915_H-120	5.0	5.0	0.6840458430681063	0.19785759294265914	1.0
916_H-120	6.0	6.0	1.0160141159059073	0.3118632226513225	1.0
917_H-120	6.0	6.0	0.7918266941890955	0.2260668973471741	1.0
918_H-120	6.0	6.0	0.7572083289836099	0.20823902218198287	1.0
919_H-120	5.0	5.0	0.6045070751743882	0.1783057851239669	0.9954545454545455
91_H-120	6.0	6.0	0.6953492649954388	0.19340814506539827	0.9956896551724138
920_H-120	6.0	6.0	0.7614820625889879	0.2248768851954448	1.0
921_H-120	5.0	5.0	0.8336525870296483	0.25402024215415187	1.0
922_H-120	6.0	6.0	0.6751895086730303	0.19149744338933528	0.9945945945945946
923_H-120	5.0	5.0	0.9173186227935345	0.2909772962683017	1.0
924_H-120	6.0	6.0	0.8562642875798402	0.248074543572132	1.0
925_H-120	6.0	6.0	0.7934470973959202	0.22583748302399276	1.0
926_H-120	6.0	6.0	0.9034324304327662	0.25951557093425615	1.0
927_H-120	5.0	5.0	0.6742055731898043	0.19656065088757402	1.0
928_H-120	6.0	6.0	0.7604047775619497	0.21375510539733	1.0
929_H-120	5.0	5.0	0.797856392070949	0.24855510204081632	0.9942857142857143
92_H-120	6.0	6.0	0.8366020249414958	0.25894813732651567	1.0
930_H-120	6.0	6.0	0.7640019059882951	0.22491349480968859	0.9950980392156863
931_H-120	5.0	5.0	0.7988080952536089	0.23523987478463426	1.0
932_H-120	5.0	5.0	0.629060042318557	0.18035999419364201	1.0
933_H-120	5.0	5.0	0.41631721219962303	0.10716049382716042	1.0
934_H-120	6.0	6.0	0.8051779149902981	0.24585901189574333	0.995475113122172
935_H-120	5.0	5.0	0.651203136428335	0.18518294891921272	1.0
936_H-120	6.0	6.0	0.8215682177729885	0.23411983761179456	0.994475138121547
937_H-120	6.0	6.0	0.9368984770222945	0.278408950273508	0.9950248756218906
938_H-120	6.0	6.0	0.814381522754299	0.22797689789620734	1.0
939_H-120	5.0	5.0	0.6937797536790496	0.20291576941164824	1.0
93_H-120	6.0	6.0	0.542656254182794	0.14101239669421495	0.9943181818181818
940_H-120	6.0	6.0	0.8587882163684301	0.2485154114431145	1.0
941_H-120	6.0	6.0	0.9263797998866257	0.27586913462195206	1.0
942_H-120	6.0	6.0	0.8183524730996542	0.22897904216816767	1.0
943_H-120	6.0	6.0	0.9009093545182867	0.27561023429075593	0.995049504950495
944_H-120	4.0	4.0	0.5915180449389034	0.17476979247765045	1.0
945_H-120	6.0	6.0	0.9314829236673713	0.27766617171805397	1.0
946_H-120	6.0	6.0	0.906817013739787	0.27385400293746287	0.9949238578680203
947_H-120	4.0	4.0	0.7781031702951443	0.24969738155407828	1.0
948_H-120	6.0	6.0	0.877305703489579	0.2530440499671269	1.0
949_H-120	6.0	6.0	0.8659952121534633	0.2614000000000001	1.0
94_H-120	6.0	6.0	0.8534574287400281	0.25402024215415187	0.9948186528497409
950_H-120	6.5	6.0	0.5176500551352266	0.14184644947156966	0.9906542056074766
951_H-120	6.0	6.0	0.8560785802885592	0.25269568004395493	0.9952153110047847
952_H-120	6.0	6.0	0.8867636323878214	0.2586518595041323	1.0
953_H-120	5.0	5.0	0.6730245108129334	0.2005526623445637	0.9948453608247423
954_H-120	5.0	5.0	0.83958816655595	0.2631612170180533	0.9943820224719101
955_H-120	5.0	5.0	0.7793924974781384	0.23691752958579881	1.0
956_H-120	5.0	5.0	0.6070755118095306	0.17896133047648188	0.9949494949494949
957_H-120	6.0	6.0	0.8047761760178327	0.23541950113378673	1.0
958_H-120	6.0	6.0	0.8431048083566123	0.2389385506268623	1.0
959_H-120	6.0	6.0	0.819585883285124	0.22979629217098596	1.0
95_H-120	6.0	6.0	1.0155421434706096	0.3029142328194324	1.0
960_H-120	6.0	6.0	1.0123804208517806	0.2962806424344885	1.0
961_H-120	6.0	6.0	0.7186930424310134	0.20123873129229208	0.9953051643192489
962_H-120	5.0	5.0	0.6466962270522112	0.18215665944009785	1.0
963_H-120	6.0	6.0	0.6942172776753331	0.18859458345733837	1.0
964_H-120	6.0	6.0	0.8251160372116243	0.23193073350603277	1.0
965_H-120	6.0	6.0	0.9611286789159145	0.2804201347602059	1.0
966_H-120	6.0	6.0	0.7715761151587622	0.2220982142857143	1.0
967_H-120	6.0	6.0	1.0501623099970154	0.3093060628195763	1.0
968_H-120	6.0	6.0	0.8547595020969597	0.2521811587099305	1.0
969_H-120	6.0	6.0	0.8412129499138521	0.2548855984009004	1.0
96_H-120	6.0	6.0	0.7710589752262988	0.22339557188042036	0.9949494949494949
970_H-120	6.0	6.0	0.8237789323535473	0.23996052739782348	0.9947643979057592
971_H-120	6.0	6.0	0.9741214030741101	0.2854224520412396	1.0
972_H-120	6.0	6.0	0.8666272043036436	0.25987648269777486	0.995049504950495
973_H-120	6.0	6.0	0.8258982792606994	0.24095041322314048	1.0
974_H-120	5.0	5.0	0.9739691054390083	0.29805384087791487	1.0
975_H-120	5.0	5.0	0.941946469685832	0.2888973742728149	1.0
976_H-120	6.0	6.0	0.743132984602908	0.20685185185185184	1.0
977_H-120	5.0	5.0	0.6413039692035328	0.19808021038790258	0.9948717948717949
978_H-120	6.0	6.0	0.8581993803190431	0.2519994712142243	0.9959349593495935
979_H-120	6.0	6.0	0.8717439289471176	0.24824088022730317	1.0
97_H-120	6.0	6.0	0.7401519239691909	0.21293758320933498	0.995575221238938
980_H-120	6.0	6.0	0.8972002307888155	0.2552731206057328	1.0
981_H-120	6.0	6.0	0.8423017534675337	0.23660956847493497	1.0
982_H-120	4.0	4.0	0.4497105133361512	0.13047866205305647	0.9950980392156863
983_H-120	6.0	6.0	0.9132948605033605	0.2668204536716646	1.0
984_H-120	6.0	6.0	0.99268811207591	0.2969385233934547	1.0
985_H-120	6.0	6.0	1.0104301622099663	0.3111032549683087	1.0
986_H-120	5.0	5.0	0.9474688438451258	0.3084871203383315	1.0
987_H-120	6.0	6.0	0.9454342499038705	0.2807504860988359	1.0
988_H-120	6.0	6.0	1.1819990915538598	0.3610819389017247	1.0
989_H-120	6.0	6.0	0.6676969576696277	0.18401576316801238	0.9950980392156863
98_H-120	5.0	5.0	0.819690106591534	0.24611791440474684	1.0
990_H-120	5.0	5.0	0.6652919070375028	0.19004755976890408	1.0
991_H-120	5.0	5.0	0.7859315585065247	0.2311206664875034	1.0
992_H-120	5.0	5.0	0.6757302183131434	0.1945179584120983	1.0
993_H-120	6.0	6.0	0.8709095627786764	0.24836230238448764	1.0
994_H-120	3.0	3.0	0.5253529987715482	0.1706302021403091	1.0
995_H-120	5.0	5.0	0.7523730723183234	0.22781614316477317	1.0
996_H-120	6.0	6.0	0.7150120331652998	0.20506656804733747	0.9951923076923077
997_H-120	6.0	6.0	0.8153426672294783	0.23155732922588623	1.0
998_H-120	6.0	6.0	0.821334790236362	0.23263267037421054	1.0
999_H-120	6.0	6.0	0.9466351407924211	0.2767793777614982	1.0
99_H-120	6.0	6.0	0.9637270942802114	0.28377914951989036	1.0
9_H-120	5.0	5.0	0.9712177124828055	0.30165128848278533	1.0
