	chao1	observed_otus	shannon	simpson	goods_coverage
1000_OMC-124	1.0	1.0	-0.0	0.0	1.0
100_OMC-124	2.0	2.0	0.6500224216483541	0.2777777777777777	0.8333333333333334
101_OMC-124	2.0	2.0	0.7219280948873623	0.31999999999999984	0.8
102_OMC-124	2.0	2.0	0.5435644431995964	0.21875	0.875
103_OMC-124	2.0	2.0	0.8631205685666311	0.40816326530612246	1.0
104_OMC-124	1.0	1.0	-0.0	0.0	1.0
105_OMC-124	2.0	2.0	0.8812908992306927	0.42000000000000004	1.0
106_OMC-124	1.0	1.0	-0.0	0.0	1.0
107_OMC-124	2.0	2.0	0.7642045065086203	0.345679012345679	1.0
108_OMC-124	2.0	2.0	0.8631205685666311	0.40816326530612246	1.0
109_OMC-124	2.0	2.0	0.9182958340544894	0.4444444444444444	1.0
10_OMC-124	2.0	2.0	0.7642045065086203	0.345679012345679	1.0
110_OMC-124	1.0	1.0	-0.0	0.0	1.0
111_OMC-124	2.0	2.0	0.8112781244591328	0.375	1.0
112_OMC-124	2.0	2.0	0.9709505944546688	0.48	1.0
113_OMC-124	2.0	2.0	0.9182958340544894	0.4444444444444444	1.0
114_OMC-124	2.0	2.0	0.954434002924965	0.46875	1.0
115_OMC-124	1.0	1.0	-0.0	0.0	1.0
116_OMC-124	2.0	2.0	0.8112781244591328	0.375	1.0
117_OMC-124	1.0	1.0	-0.0	0.0	1.0
118_OMC-124	2.0	2.0	0.8631205685666311	0.40816326530612246	1.0
119_OMC-124	2.0	2.0	0.8631205685666311	0.40816326530612246	1.0
11_OMC-124	2.0	2.0	0.9182958340544894	0.4444444444444444	1.0
120_OMC-124	1.0	1.0	-0.0	0.0	1.0
121_OMC-124	2.0	2.0	0.6500224216483541	0.2777777777777777	0.8333333333333334
122_OMC-124	2.0	2.0	0.6500224216483541	0.2777777777777777	0.8333333333333334
123_OMC-124	2.0	2.0	0.9182958340544894	0.4444444444444444	0.6666666666666667
124_OMC-124	2.0	2.0	0.9709505944546688	0.48	1.0
125_OMC-124	1.0	1.0	-0.0	0.0	1.0
126_OMC-124	2.0	2.0	0.9182958340544894	0.4444444444444444	1.0
127_OMC-124	2.0	2.0	0.7642045065086203	0.345679012345679	1.0
128_OMC-124	1.0	1.0	-0.0	0.0	1.0
129_OMC-124	2.0	2.0	0.43949698692151334	0.16528925619834722	0.9090909090909091
12_OMC-124	2.0	2.0	0.5435644431995964	0.21875	0.875
130_OMC-124	2.0	2.0	0.8112781244591328	0.375	1.0
131_OMC-124	2.0	2.0	0.7219280948873623	0.31999999999999984	0.8
132_OMC-124	2.0	2.0	0.8631205685666311	0.40816326530612246	1.0
133_OMC-124	2.0	2.0	0.9182958340544894	0.4444444444444444	1.0
134_OMC-124	2.0	2.0	0.6500224216483541	0.2777777777777777	0.8333333333333334
135_OMC-124	2.0	2.0	0.9709505944546688	0.48	1.0
136_OMC-124	2.0	2.0	0.43949698692151334	0.16528925619834722	0.9090909090909091
137_OMC-124	2.0	2.0	0.9709505944546688	0.48	1.0
138_OMC-124	2.0	2.0	0.8631205685666311	0.40816326530612246	1.0
139_OMC-124	2.0	2.0	0.9182958340544894	0.4444444444444444	1.0
13_OMC-124	2.0	2.0	0.7642045065086203	0.345679012345679	1.0
140_OMC-124	2.0	2.0	0.9182958340544894	0.4444444444444444	0.6666666666666667
141_OMC-124	2.0	2.0	0.6500224216483541	0.2777777777777777	0.8333333333333334
142_OMC-124	2.0	2.0	0.6840384356390417	0.2975206611570247	1.0
143_OMC-124	2.0	2.0	0.9852281360342515	0.48979591836734704	1.0
144_OMC-124	2.0	2.0	0.8112781244591328	0.375	1.0
145_OMC-124	2.0	2.0	0.4138168503036338	0.1527777777777779	0.9166666666666666
146_OMC-124	2.0	2.0	0.8812908992306927	0.42000000000000004	1.0
147_OMC-124	2.0	2.0	0.954434002924965	0.46875	1.0
148_OMC-124	2.0	2.0	1.0	0.5	1.0
149_OMC-124	2.0	2.0	0.7219280948873623	0.31999999999999984	1.0
14_OMC-124	2.0	2.0	0.7219280948873623	0.31999999999999984	1.0
150_OMC-124	2.0	2.0	0.8112781244591328	0.375	1.0
151_OMC-124	2.0	2.0	0.8112781244591328	0.375	1.0
152_OMC-124	2.0	2.0	0.5435644431995964	0.21875	0.875
153_OMC-124	2.0	2.0	0.954434002924965	0.46875	1.0
154_OMC-124	2.0	2.0	0.5435644431995964	0.21875	0.875
155_OMC-124	2.0	2.0	0.5916727785823274	0.24489795918367352	0.8571428571428572
156_OMC-124	2.0	2.0	0.9852281360342515	0.48979591836734704	1.0
157_OMC-124	2.0	2.0	0.9456603046006401	0.4628099173553719	1.0
158_OMC-124	2.0	2.0	0.7219280948873623	0.31999999999999984	0.8
159_OMC-124	2.0	2.0	0.5435644431995964	0.21875	0.875
15_OMC-124	1.0	1.0	-0.0	0.0	0.0
160_OMC-124	2.0	2.0	0.5032583347756457	0.19753086419753085	0.8888888888888888
161_OMC-124	1.0	1.0	-0.0	0.0	1.0
162_OMC-124	2.0	2.0	0.7642045065086203	0.345679012345679	1.0
163_OMC-124	2.0	2.0	1.0	0.5	1.0
164_OMC-124	1.0	1.0	-0.0	0.0	1.0
165_OMC-124	2.0	2.0	0.6840384356390417	0.2975206611570247	1.0
166_OMC-124	2.0	2.0	0.7219280948873623	0.31999999999999984	1.0
167_OMC-124	2.0	2.0	0.8112781244591328	0.375	1.0
168_OMC-124	2.0	2.0	0.7642045065086203	0.345679012345679	1.0
169_OMC-124	1.0	1.0	-0.0	0.0	1.0
16_OMC-124	2.0	2.0	0.7642045065086203	0.345679012345679	1.0
170_OMC-124	2.0	2.0	0.8631205685666311	0.40816326530612246	1.0
171_OMC-124	2.0	2.0	0.8112781244591328	0.375	1.0
172_OMC-124	2.0	2.0	0.5435644431995964	0.21875	0.875
173_OMC-124	2.0	2.0	0.8631205685666311	0.40816326530612246	1.0
174_OMC-124	2.0	2.0	0.7219280948873623	0.31999999999999984	0.8
175_OMC-124	2.0	2.0	0.8112781244591328	0.375	1.0
176_OMC-124	2.0	2.0	1.0	0.5	1.0
177_OMC-124	2.0	2.0	0.8812908992306927	0.42000000000000004	1.0
178_OMC-124	2.0	2.0	0.8631205685666311	0.40816326530612246	1.0
179_OMC-124	2.0	2.0	0.46899559358928117	0.17999999999999994	0.9
17_OMC-124	2.0	2.0	0.46899559358928117	0.17999999999999994	0.9
180_OMC-124	2.0	2.0	0.6500224216483541	0.2777777777777777	0.8333333333333334
181_OMC-124	2.0	2.0	0.7219280948873623	0.31999999999999984	0.8
182_OMC-124	2.0	2.0	0.8112781244591328	0.375	1.0
183_OMC-124	2.0	2.0	0.43949698692151334	0.16528925619834722	0.9090909090909091
184_OMC-124	2.0	2.0	0.5435644431995964	0.21875	0.875
185_OMC-124	1.0	1.0	-0.0	0.0	1.0
186_OMC-124	2.0	2.0	0.8112781244591328	0.375	1.0
187_OMC-124	2.0	2.0	0.9709505944546688	0.48	1.0
188_OMC-124	2.0	2.0	0.9182958340544894	0.4444444444444444	1.0
189_OMC-124	2.0	2.0	0.9182958340544894	0.4444444444444444	1.0
18_OMC-124	1.0	1.0	-0.0	0.0	1.0
190_OMC-124	2.0	2.0	0.9182958340544894	0.4444444444444444	1.0
191_OMC-124	2.0	2.0	1.0	0.5	1.0
192_OMC-124	2.0	2.0	0.8631205685666311	0.40816326530612246	1.0
193_OMC-124	1.0	1.0	-0.0	0.0	1.0
194_OMC-124	2.0	2.0	0.9182958340544894	0.4444444444444444	1.0
195_OMC-124	2.0	2.0	0.5435644431995964	0.21875	0.875
196_OMC-124	2.0	2.0	0.5435644431995964	0.21875	0.875
197_OMC-124	2.0	2.0	0.5032583347756457	0.19753086419753085	0.8888888888888888
198_OMC-124	2.0	2.0	0.9182958340544894	0.4444444444444444	0.6666666666666667
199_OMC-124	1.0	1.0	-0.0	0.0	1.0
19_OMC-124	2.0	2.0	0.7219280948873623	0.31999999999999984	0.8
1_OMC-124	2.0	2.0	0.8812908992306927	0.42000000000000004	1.0
200_OMC-124	1.0	1.0	-0.0	0.0	1.0
201_OMC-124	2.0	2.0	1.0	0.5	1.0
202_OMC-124	1.0	1.0	-0.0	0.0	1.0
203_OMC-124	2.0	2.0	0.6840384356390417	0.2975206611570247	1.0
204_OMC-124	2.0	2.0	0.7642045065086203	0.345679012345679	1.0
205_OMC-124	2.0	2.0	0.7642045065086203	0.345679012345679	1.0
206_OMC-124	2.0	2.0	0.5435644431995964	0.21875	0.875
207_OMC-124	2.0	2.0	0.5032583347756457	0.19753086419753085	0.8888888888888888
208_OMC-124	2.0	2.0	0.8812908992306927	0.42000000000000004	1.0
209_OMC-124	2.0	2.0	0.6500224216483541	0.2777777777777777	0.8333333333333334
20_OMC-124	2.0	2.0	0.6840384356390417	0.2975206611570247	1.0
210_OMC-124	2.0	2.0	0.9182958340544894	0.4444444444444444	1.0
211_OMC-124	2.0	2.0	1.0	0.5	1.0
212_OMC-124	2.0	2.0	0.9910760598382222	0.49382716049382713	1.0
213_OMC-124	2.0	2.0	0.8112781244591328	0.375	1.0
214_OMC-124	2.0	2.0	0.7219280948873623	0.31999999999999984	0.8
215_OMC-124	2.0	2.0	0.8631205685666311	0.40816326530612246	1.0
216_OMC-124	1.0	1.0	-0.0	0.0	1.0
217_OMC-124	2.0	2.0	0.8631205685666311	0.40816326530612246	1.0
218_OMC-124	2.0	2.0	1.0	0.5	1.0
219_OMC-124	2.0	2.0	0.9182958340544894	0.4444444444444444	1.0
21_OMC-124	2.0	2.0	0.3912435636292556	0.14201183431952646	0.9230769230769231
220_OMC-124	2.0	2.0	0.9182958340544894	0.4444444444444444	1.0
221_OMC-124	2.0	2.0	0.7219280948873623	0.31999999999999984	1.0
222_OMC-124	2.0	2.0	0.7219280948873623	0.31999999999999984	1.0
223_OMC-124	2.0	2.0	0.5916727785823274	0.24489795918367352	0.8571428571428572
224_OMC-124	2.0	2.0	0.954434002924965	0.46875	1.0
225_OMC-124	1.0	1.0	-0.0	0.0	1.0
226_OMC-124	2.0	2.0	0.9709505944546688	0.48	1.0
227_OMC-124	2.0	2.0	0.7642045065086203	0.345679012345679	1.0
228_OMC-124	2.0	2.0	0.7642045065086203	0.345679012345679	1.0
229_OMC-124	2.0	2.0	0.3912435636292556	0.14201183431952646	0.9230769230769231
22_OMC-124	2.0	2.0	0.46899559358928117	0.17999999999999994	0.9
230_OMC-124	2.0	2.0	0.6500224216483541	0.2777777777777777	0.8333333333333334
231_OMC-124	2.0	2.0	0.7219280948873623	0.31999999999999984	0.8
232_OMC-124	2.0	2.0	0.5032583347756457	0.19753086419753085	0.8888888888888888
233_OMC-124	2.0	2.0	0.7219280948873623	0.31999999999999984	1.0
234_OMC-124	2.0	2.0	0.7642045065086203	0.345679012345679	1.0
235_OMC-124	2.0	2.0	0.8812908992306927	0.42000000000000004	1.0
236_OMC-124	2.0	2.0	0.6500224216483541	0.2777777777777777	0.8333333333333334
237_OMC-124	2.0	2.0	0.7219280948873623	0.31999999999999984	0.8
238_OMC-124	2.0	2.0	0.8631205685666311	0.40816326530612246	1.0
239_OMC-124	2.0	2.0	0.9910760598382222	0.49382716049382713	1.0
23_OMC-124	2.0	2.0	0.8812908992306927	0.42000000000000004	1.0
240_OMC-124	2.0	2.0	0.7219280948873623	0.31999999999999984	0.8
241_OMC-124	2.0	2.0	0.9709505944546688	0.48	1.0
242_OMC-124	1.0	1.0	-0.0	0.0	1.0
243_OMC-124	2.0	2.0	0.8453509366224364	0.39669421487603307	1.0
244_OMC-124	2.0	2.0	0.7793498372920851	0.3550295857988165	1.0
245_OMC-124	2.0	2.0	1.0	0.5	1.0
246_OMC-124	2.0	2.0	0.7642045065086203	0.345679012345679	1.0
247_OMC-124	2.0	2.0	0.9182958340544894	0.4444444444444444	1.0
248_OMC-124	2.0	2.0	0.6500224216483541	0.2777777777777777	0.8333333333333334
249_OMC-124	1.0	1.0	-0.0	0.0	1.0
24_OMC-124	1.0	1.0	-0.0	0.0	1.0
250_OMC-124	2.0	2.0	0.5435644431995964	0.21875	0.875
251_OMC-124	2.0	2.0	0.8112781244591328	0.375	1.0
252_OMC-124	2.0	2.0	0.9182958340544894	0.4444444444444444	1.0
253_OMC-124	2.0	2.0	0.6840384356390417	0.2975206611570247	1.0
254_OMC-124	2.0	2.0	0.954434002924965	0.46875	1.0
255_OMC-124	2.0	2.0	0.9182958340544894	0.4444444444444444	1.0
256_OMC-124	2.0	2.0	0.9709505944546688	0.48	1.0
257_OMC-124	2.0	2.0	0.9852281360342515	0.48979591836734704	1.0
258_OMC-124	2.0	2.0	0.7219280948873623	0.31999999999999984	1.0
259_OMC-124	2.0	2.0	0.7642045065086203	0.345679012345679	1.0
25_OMC-124	2.0	2.0	0.9709505944546688	0.48	1.0
260_OMC-124	2.0	2.0	0.8631205685666311	0.40816326530612246	1.0
261_OMC-124	2.0	2.0	0.5916727785823274	0.24489795918367352	0.8571428571428572
262_OMC-124	2.0	2.0	0.5032583347756457	0.19753086419753085	0.8888888888888888
263_OMC-124	2.0	2.0	0.9182958340544894	0.4444444444444444	1.0
264_OMC-124	2.0	2.0	0.8112781244591328	0.375	1.0
265_OMC-124	2.0	2.0	0.8631205685666311	0.40816326530612246	1.0
266_OMC-124	2.0	2.0	0.4138168503036338	0.1527777777777779	0.9166666666666666
267_OMC-124	2.0	2.0	0.5916727785823274	0.24489795918367352	0.8571428571428572
268_OMC-124	2.0	2.0	0.7642045065086203	0.345679012345679	1.0
269_OMC-124	2.0	2.0	0.6500224216483541	0.2777777777777777	0.8333333333333334
26_OMC-124	2.0	2.0	0.8631205685666311	0.40816326530612246	1.0
270_OMC-124	1.0	1.0	-0.0	0.0	1.0
271_OMC-124	2.0	2.0	0.9182958340544894	0.4444444444444444	1.0
272_OMC-124	2.0	2.0	0.5916727785823274	0.24489795918367352	0.8571428571428572
273_OMC-124	2.0	2.0	0.9709505944546688	0.48	1.0
274_OMC-124	2.0	2.0	0.8112781244591328	0.375	1.0
275_OMC-124	2.0	2.0	0.8812908992306927	0.42000000000000004	1.0
276_OMC-124	2.0	2.0	0.954434002924965	0.46875	1.0
277_OMC-124	2.0	2.0	0.5435644431995964	0.21875	0.875
278_OMC-124	2.0	2.0	0.9182958340544894	0.4444444444444444	1.0
279_OMC-124	2.0	2.0	0.5032583347756457	0.19753086419753085	0.8888888888888888
27_OMC-124	2.0	2.0	1.0	0.5	1.0
280_OMC-124	2.0	2.0	0.7793498372920851	0.3550295857988165	1.0
281_OMC-124	2.0	2.0	0.6840384356390417	0.2975206611570247	1.0
282_OMC-124	1.0	1.0	-0.0	0.0	1.0
283_OMC-124	1.0	1.0	-0.0	0.0	1.0
284_OMC-124	2.0	2.0	0.5916727785823274	0.24489795918367352	0.8571428571428572
285_OMC-124	2.0	2.0	0.8112781244591328	0.375	1.0
286_OMC-124	2.0	2.0	0.7793498372920851	0.3550295857988165	1.0
287_OMC-124	2.0	2.0	0.5435644431995964	0.21875	0.875
288_OMC-124	2.0	2.0	0.8904916402194913	0.42603550295857995	1.0
289_OMC-124	2.0	2.0	1.0	0.5	1.0
28_OMC-124	2.0	2.0	0.8631205685666311	0.40816326530612246	1.0
290_OMC-124	2.0	2.0	0.8631205685666311	0.40816326530612246	1.0
291_OMC-124	1.0	1.0	-0.0	0.0	1.0
292_OMC-124	1.0	1.0	-0.0	0.0	1.0
293_OMC-124	2.0	2.0	0.9182958340544894	0.4444444444444444	1.0
294_OMC-124	2.0	2.0	0.9182958340544894	0.4444444444444444	1.0
295_OMC-124	2.0	2.0	0.9910760598382222	0.49382716049382713	1.0
296_OMC-124	2.0	2.0	0.5916727785823274	0.24489795918367352	0.8571428571428572
297_OMC-124	2.0	2.0	0.9709505944546688	0.48	1.0
298_OMC-124	2.0	2.0	0.9456603046006401	0.4628099173553719	1.0
299_OMC-124	2.0	2.0	0.9182958340544894	0.4444444444444444	1.0
29_OMC-124	2.0	2.0	0.5916727785823274	0.24489795918367352	0.8571428571428572
2_OMC-124	2.0	2.0	0.6500224216483541	0.2777777777777777	0.8333333333333334
300_OMC-124	2.0	2.0	0.7219280948873623	0.31999999999999984	0.8
301_OMC-124	2.0	2.0	0.8812908992306927	0.42000000000000004	1.0
302_OMC-124	2.0	2.0	0.9182958340544894	0.4444444444444444	1.0
303_OMC-124	2.0	2.0	0.7642045065086203	0.345679012345679	1.0
304_OMC-124	2.0	2.0	0.6500224216483541	0.2777777777777777	0.8333333333333334
305_OMC-124	2.0	2.0	0.7219280948873623	0.31999999999999984	1.0
306_OMC-124	2.0	2.0	0.9182958340544894	0.4444444444444444	1.0
307_OMC-124	2.0	2.0	1.0	0.5	1.0
308_OMC-124	2.0	2.0	0.8812908992306927	0.42000000000000004	1.0
309_OMC-124	1.0	1.0	-0.0	0.0	1.0
30_OMC-124	1.0	1.0	-0.0	0.0	1.0
310_OMC-124	2.0	2.0	0.5916727785823274	0.24489795918367352	0.8571428571428572
311_OMC-124	2.0	2.0	0.8112781244591328	0.375	1.0
312_OMC-124	2.0	2.0	0.8631205685666311	0.40816326530612246	1.0
313_OMC-124	2.0	2.0	0.8112781244591328	0.375	1.0
314_OMC-124	2.0	2.0	0.9182958340544894	0.4444444444444444	1.0
315_OMC-124	2.0	2.0	0.8631205685666311	0.40816326530612246	1.0
316_OMC-124	2.0	2.0	0.43949698692151334	0.16528925619834722	0.9090909090909091
317_OMC-124	1.0	1.0	-0.0	0.0	1.0
318_OMC-124	2.0	2.0	0.9852281360342515	0.48979591836734704	1.0
319_OMC-124	2.0	2.0	0.8904916402194913	0.42603550295857995	1.0
31_OMC-124	2.0	2.0	0.5435644431995964	0.21875	0.875
320_OMC-124	2.0	2.0	0.7219280948873623	0.31999999999999984	0.8
321_OMC-124	2.0	2.0	0.5435644431995964	0.21875	0.875
322_OMC-124	2.0	2.0	0.6500224216483541	0.2777777777777777	0.8333333333333334
323_OMC-124	2.0	2.0	0.7642045065086203	0.345679012345679	1.0
324_OMC-124	2.0	2.0	0.8812908992306927	0.42000000000000004	1.0
325_OMC-124	2.0	2.0	0.7219280948873623	0.31999999999999984	1.0
326_OMC-124	2.0	2.0	0.5435644431995964	0.21875	0.875
327_OMC-124	2.0	2.0	0.5916727785823274	0.24489795918367352	0.8571428571428572
328_OMC-124	2.0	2.0	0.5435644431995964	0.21875	0.875
329_OMC-124	2.0	2.0	0.9182958340544894	0.4444444444444444	1.0
32_OMC-124	2.0	2.0	0.954434002924965	0.46875	1.0
330_OMC-124	2.0	2.0	0.5435644431995964	0.21875	0.875
331_OMC-124	2.0	2.0	0.5916727785823274	0.24489795918367352	0.8571428571428572
332_OMC-124	2.0	2.0	1.0	0.5	1.0
333_OMC-124	2.0	2.0	0.8631205685666311	0.40816326530612246	1.0
334_OMC-124	2.0	2.0	0.8631205685666311	0.40816326530612246	1.0
335_OMC-124	2.0	2.0	0.8631205685666311	0.40816326530612246	1.0
336_OMC-124	2.0	2.0	0.7642045065086203	0.345679012345679	1.0
337_OMC-124	2.0	2.0	0.9852281360342515	0.48979591836734704	1.0
338_OMC-124	1.0	1.0	-0.0	0.0	1.0
339_OMC-124	2.0	2.0	0.8112781244591328	0.375	1.0
33_OMC-124	2.0	2.0	0.8112781244591328	0.375	1.0
340_OMC-124	2.0	2.0	0.954434002924965	0.46875	1.0
341_OMC-124	2.0	2.0	0.46899559358928117	0.17999999999999994	0.9
342_OMC-124	2.0	2.0	0.8112781244591328	0.375	1.0
343_OMC-124	2.0	2.0	0.6500224216483541	0.2777777777777777	0.8333333333333334
344_OMC-124	1.0	1.0	-0.0	0.0	1.0
345_OMC-124	1.0	1.0	-0.0	0.0	1.0
346_OMC-124	2.0	2.0	0.5916727785823274	0.24489795918367352	0.8571428571428572
347_OMC-124	2.0	2.0	0.46899559358928117	0.17999999999999994	0.9
348_OMC-124	2.0	2.0	0.9709505944546688	0.48	1.0
349_OMC-124	2.0	2.0	0.8631205685666311	0.40816326530612246	1.0
34_OMC-124	2.0	2.0	0.954434002924965	0.46875	1.0
350_OMC-124	2.0	2.0	0.9182958340544894	0.4444444444444444	1.0
351_OMC-124	2.0	2.0	0.8112781244591328	0.375	1.0
352_OMC-124	2.0	2.0	0.8631205685666311	0.40816326530612246	1.0
353_OMC-124	2.0	2.0	0.954434002924965	0.46875	1.0
354_OMC-124	2.0	2.0	0.6840384356390417	0.2975206611570247	1.0
355_OMC-124	2.0	2.0	0.9182958340544894	0.4444444444444444	0.6666666666666667
356_OMC-124	2.0	2.0	0.7219280948873623	0.31999999999999984	0.8
357_OMC-124	2.0	2.0	0.5435644431995964	0.21875	0.875
358_OMC-124	2.0	2.0	0.46899559358928117	0.17999999999999994	0.9
359_OMC-124	1.0	1.0	-0.0	0.0	1.0
35_OMC-124	2.0	2.0	0.5435644431995964	0.21875	0.875
360_OMC-124	2.0	2.0	0.46899559358928117	0.17999999999999994	0.9
361_OMC-124	2.0	2.0	0.7219280948873623	0.31999999999999984	0.8
362_OMC-124	2.0	2.0	0.74959525725948	0.33673469387755106	1.0
363_OMC-124	2.0	2.0	0.7219280948873623	0.31999999999999984	1.0
364_OMC-124	1.0	1.0	-0.0	0.0	1.0
365_OMC-124	1.0	1.0	-0.0	0.0	1.0
366_OMC-124	2.0	2.0	0.5916727785823274	0.24489795918367352	0.8571428571428572
367_OMC-124	2.0	2.0	0.8631205685666311	0.40816326530612246	1.0
368_OMC-124	2.0	2.0	0.9456603046006401	0.4628099173553719	1.0
369_OMC-124	2.0	2.0	0.6500224216483541	0.2777777777777777	0.8333333333333334
36_OMC-124	2.0	2.0	0.7219280948873623	0.31999999999999984	0.8
370_OMC-124	2.0	2.0	0.6500224216483541	0.2777777777777777	1.0
371_OMC-124	2.0	2.0	0.8112781244591328	0.375	0.75
372_OMC-124	2.0	2.0	0.9182958340544894	0.4444444444444444	1.0
373_OMC-124	2.0	2.0	0.7219280948873623	0.31999999999999984	0.8
374_OMC-124	2.0	2.0	0.6500224216483541	0.2777777777777777	0.8333333333333334
375_OMC-124	2.0	2.0	0.7219280948873623	0.31999999999999984	1.0
376_OMC-124	2.0	2.0	0.9182958340544894	0.4444444444444444	1.0
377_OMC-124	2.0	2.0	0.6840384356390417	0.2975206611570247	1.0
378_OMC-124	2.0	2.0	0.5916727785823274	0.24489795918367352	0.8571428571428572
379_OMC-124	2.0	2.0	0.8631205685666311	0.40816326530612246	1.0
37_OMC-124	1.0	1.0	-0.0	0.0	1.0
380_OMC-124	2.0	2.0	0.8453509366224364	0.39669421487603307	1.0
381_OMC-124	1.0	1.0	-0.0	0.0	1.0
382_OMC-124	2.0	2.0	0.5916727785823274	0.24489795918367352	0.8571428571428572
383_OMC-124	2.0	2.0	0.5916727785823274	0.24489795918367352	0.8571428571428572
384_OMC-124	2.0	2.0	0.8112781244591328	0.375	0.75
385_OMC-124	2.0	2.0	0.8112781244591328	0.375	1.0
386_OMC-124	2.0	2.0	0.7219280948873623	0.31999999999999984	0.8
387_OMC-124	2.0	2.0	0.9182958340544894	0.4444444444444444	1.0
388_OMC-124	2.0	2.0	0.7642045065086203	0.345679012345679	1.0
389_OMC-124	2.0	2.0	0.7642045065086203	0.345679012345679	1.0
38_OMC-124	2.0	2.0	0.6500224216483541	0.2777777777777777	0.8333333333333334
390_OMC-124	2.0	2.0	0.5435644431995964	0.21875	0.875
391_OMC-124	2.0	2.0	0.8112781244591328	0.375	0.75
392_OMC-124	1.0	1.0	-0.0	0.0	1.0
393_OMC-124	2.0	2.0	0.8112781244591328	0.375	1.0
394_OMC-124	2.0	2.0	0.5435644431995964	0.21875	0.875
395_OMC-124	2.0	2.0	0.9852281360342515	0.48979591836734704	1.0
396_OMC-124	1.0	1.0	-0.0	0.0	1.0
397_OMC-124	2.0	2.0	0.7642045065086203	0.345679012345679	1.0
398_OMC-124	2.0	2.0	0.7219280948873623	0.31999999999999984	1.0
399_OMC-124	2.0	2.0	0.8112781244591328	0.375	1.0
39_OMC-124	2.0	2.0	0.5916727785823274	0.24489795918367352	0.8571428571428572
3_OMC-124	2.0	2.0	0.6840384356390417	0.2975206611570247	1.0
400_OMC-124	2.0	2.0	0.5916727785823274	0.24489795918367352	0.8571428571428572
401_OMC-124	2.0	2.0	0.5032583347756457	0.19753086419753085	0.8888888888888888
402_OMC-124	2.0	2.0	0.8812908992306927	0.42000000000000004	1.0
403_OMC-124	2.0	2.0	0.9940302114769566	0.49586776859504145	1.0
404_OMC-124	1.0	1.0	-0.0	0.0	1.0
405_OMC-124	1.0	1.0	-0.0	0.0	1.0
406_OMC-124	2.0	2.0	0.6500224216483541	0.2777777777777777	0.8333333333333334
407_OMC-124	2.0	2.0	0.9182958340544894	0.4444444444444444	1.0
408_OMC-124	1.0	1.0	-0.0	0.0	1.0
409_OMC-124	2.0	2.0	0.6840384356390417	0.2975206611570247	1.0
40_OMC-124	2.0	2.0	0.8453509366224364	0.39669421487603307	1.0
410_OMC-124	2.0	2.0	0.8812908992306927	0.42000000000000004	1.0
411_OMC-124	1.0	1.0	-0.0	0.0	1.0
412_OMC-124	2.0	2.0	0.7642045065086203	0.345679012345679	1.0
413_OMC-124	2.0	2.0	0.8112781244591328	0.375	1.0
414_OMC-124	2.0	2.0	0.9456603046006401	0.4628099173553719	1.0
415_OMC-124	2.0	2.0	0.9182958340544894	0.4444444444444444	1.0
416_OMC-124	2.0	2.0	0.9182958340544894	0.4444444444444444	1.0
417_OMC-124	2.0	2.0	0.9182958340544894	0.4444444444444444	1.0
418_OMC-124	2.0	2.0	0.5916727785823274	0.24489795918367352	0.8571428571428572
419_OMC-124	1.0	1.0	-0.0	0.0	1.0
41_OMC-124	1.0	1.0	-0.0	0.0	1.0
420_OMC-124	2.0	2.0	0.5032583347756457	0.19753086419753085	0.8888888888888888
421_OMC-124	2.0	2.0	0.954434002924965	0.46875	1.0
422_OMC-124	2.0	2.0	0.954434002924965	0.46875	1.0
423_OMC-124	2.0	2.0	0.7642045065086203	0.345679012345679	1.0
424_OMC-124	2.0	2.0	0.43949698692151334	0.16528925619834722	0.9090909090909091
425_OMC-124	2.0	2.0	0.954434002924965	0.46875	1.0
426_OMC-124	2.0	2.0	0.9709505944546688	0.48	1.0
427_OMC-124	2.0	2.0	0.9910760598382222	0.49382716049382713	1.0
428_OMC-124	2.0	2.0	0.8631205685666311	0.40816326530612246	1.0
429_OMC-124	2.0	2.0	0.8453509366224364	0.39669421487603307	1.0
42_OMC-124	2.0	2.0	0.46899559358928117	0.17999999999999994	0.9
430_OMC-124	2.0	2.0	0.8112781244591328	0.375	1.0
431_OMC-124	2.0	2.0	0.5435644431995964	0.21875	0.875
432_OMC-124	2.0	2.0	0.3912435636292556	0.14201183431952646	0.9230769230769231
433_OMC-124	2.0	2.0	0.7642045065086203	0.345679012345679	1.0
434_OMC-124	2.0	2.0	0.7219280948873623	0.31999999999999984	0.8
435_OMC-124	2.0	2.0	0.8112781244591328	0.375	1.0
436_OMC-124	2.0	2.0	0.8631205685666311	0.40816326530612246	1.0
437_OMC-124	2.0	2.0	1.0	0.5	1.0
438_OMC-124	2.0	2.0	0.954434002924965	0.46875	1.0
439_OMC-124	2.0	2.0	0.5435644431995964	0.21875	0.875
43_OMC-124	2.0	2.0	0.954434002924965	0.46875	1.0
440_OMC-124	2.0	2.0	0.9709505944546688	0.48	1.0
441_OMC-124	2.0	2.0	0.5032583347756457	0.19753086419753085	0.8888888888888888
442_OMC-124	2.0	2.0	0.6500224216483541	0.2777777777777777	0.8333333333333334
443_OMC-124	2.0	2.0	0.5435644431995964	0.21875	0.875
444_OMC-124	2.0	2.0	0.6840384356390417	0.2975206611570247	1.0
445_OMC-124	2.0	2.0	0.7219280948873623	0.31999999999999984	0.8
446_OMC-124	1.0	1.0	-0.0	0.0	1.0
447_OMC-124	2.0	2.0	0.9182958340544894	0.4444444444444444	1.0
448_OMC-124	2.0	2.0	0.8112781244591328	0.375	1.0
449_OMC-124	2.0	2.0	0.954434002924965	0.46875	1.0
44_OMC-124	2.0	2.0	0.7642045065086203	0.345679012345679	1.0
450_OMC-124	2.0	2.0	0.5032583347756457	0.19753086419753085	0.8888888888888888
451_OMC-124	2.0	2.0	0.8453509366224364	0.39669421487603307	1.0
452_OMC-124	2.0	2.0	0.5916727785823274	0.24489795918367352	0.8571428571428572
453_OMC-124	2.0	2.0	0.8112781244591328	0.375	0.75
454_OMC-124	2.0	2.0	0.7219280948873623	0.31999999999999984	1.0
455_OMC-124	2.0	2.0	0.9182958340544894	0.4444444444444444	1.0
456_OMC-124	2.0	2.0	0.6500224216483541	0.2777777777777777	0.8333333333333334
457_OMC-124	1.0	1.0	-0.0	0.0	1.0
458_OMC-124	2.0	2.0	0.8812908992306927	0.42000000000000004	1.0
459_OMC-124	2.0	2.0	0.5435644431995964	0.21875	0.875
45_OMC-124	2.0	2.0	0.7219280948873623	0.31999999999999984	1.0
460_OMC-124	2.0	2.0	0.7219280948873623	0.31999999999999984	0.8
461_OMC-124	2.0	2.0	0.7642045065086203	0.345679012345679	1.0
462_OMC-124	2.0	2.0	0.8631205685666311	0.40816326530612246	1.0
463_OMC-124	2.0	2.0	0.954434002924965	0.46875	1.0
464_OMC-124	2.0	2.0	0.5435644431995964	0.21875	0.875
465_OMC-124	2.0	2.0	0.7219280948873623	0.31999999999999984	1.0
466_OMC-124	2.0	2.0	0.8453509366224364	0.39669421487603307	1.0
467_OMC-124	2.0	2.0	0.8812908992306927	0.42000000000000004	1.0
468_OMC-124	2.0	2.0	0.8631205685666311	0.40816326530612246	1.0
469_OMC-124	2.0	2.0	0.5435644431995964	0.21875	0.875
46_OMC-124	1.0	1.0	-0.0	0.0	1.0
470_OMC-124	2.0	2.0	0.8112781244591328	0.375	0.75
471_OMC-124	2.0	2.0	0.954434002924965	0.46875	1.0
472_OMC-124	2.0	2.0	0.9709505944546688	0.48	1.0
473_OMC-124	2.0	2.0	0.5916727785823274	0.24489795918367352	0.8571428571428572
474_OMC-124	2.0	2.0	0.5032583347756457	0.19753086419753085	0.8888888888888888
475_OMC-124	2.0	2.0	0.7219280948873623	0.31999999999999984	0.8
476_OMC-124	1.0	1.0	-0.0	0.0	1.0
477_OMC-124	2.0	2.0	0.8112781244591328	0.375	1.0
478_OMC-124	2.0	2.0	0.954434002924965	0.46875	1.0
479_OMC-124	2.0	2.0	0.9182958340544894	0.4444444444444444	1.0
47_OMC-124	2.0	2.0	0.8112781244591328	0.375	1.0
480_OMC-124	2.0	2.0	0.8631205685666311	0.40816326530612246	1.0
481_OMC-124	1.0	1.0	-0.0	0.0	1.0
482_OMC-124	1.0	1.0	-0.0	0.0	1.0
483_OMC-124	2.0	2.0	0.8631205685666311	0.40816326530612246	1.0
484_OMC-124	2.0	2.0	0.5916727785823274	0.24489795918367352	0.8571428571428572
485_OMC-124	2.0	2.0	0.7642045065086203	0.345679012345679	1.0
486_OMC-124	2.0	2.0	0.9182958340544894	0.4444444444444444	1.0
487_OMC-124	2.0	2.0	0.7793498372920851	0.3550295857988165	1.0
488_OMC-124	2.0	2.0	0.8453509366224364	0.39669421487603307	1.0
489_OMC-124	1.0	1.0	-0.0	0.0	1.0
48_OMC-124	2.0	2.0	0.5032583347756457	0.19753086419753085	0.8888888888888888
490_OMC-124	2.0	2.0	0.9182958340544894	0.4444444444444444	1.0
491_OMC-124	2.0	2.0	0.5916727785823274	0.24489795918367352	0.8571428571428572
492_OMC-124	2.0	2.0	0.7642045065086203	0.345679012345679	1.0
493_OMC-124	2.0	2.0	0.5916727785823274	0.24489795918367352	0.8571428571428572
494_OMC-124	2.0	2.0	0.6193821946787638	0.2603550295857988	1.0
495_OMC-124	2.0	2.0	0.8112781244591328	0.375	0.75
496_OMC-124	2.0	2.0	0.5435644431995964	0.21875	0.875
497_OMC-124	2.0	2.0	0.9852281360342515	0.48979591836734704	1.0
498_OMC-124	2.0	2.0	0.6500224216483541	0.2777777777777777	0.8333333333333334
499_OMC-124	2.0	2.0	0.5916727785823274	0.24489795918367352	0.8571428571428572
49_OMC-124	2.0	2.0	0.8112781244591328	0.375	1.0
4_OMC-124	2.0	2.0	0.9709505944546688	0.48	1.0
500_OMC-124	2.0	2.0	0.5916727785823274	0.24489795918367352	0.8571428571428572
501_OMC-124	2.0	2.0	0.8631205685666311	0.40816326530612246	1.0
502_OMC-124	2.0	2.0	0.9709505944546688	0.48	1.0
503_OMC-124	2.0	2.0	0.9182958340544894	0.4444444444444444	1.0
504_OMC-124	2.0	2.0	0.9852281360342515	0.48979591836734704	1.0
505_OMC-124	2.0	2.0	0.9182958340544894	0.4444444444444444	1.0
506_OMC-124	2.0	2.0	0.9182958340544894	0.4444444444444444	1.0
507_OMC-124	2.0	2.0	0.8112781244591328	0.375	1.0
508_OMC-124	2.0	2.0	0.8112781244591328	0.375	0.75
509_OMC-124	2.0	2.0	1.0	0.5	1.0
50_OMC-124	2.0	2.0	0.7219280948873623	0.31999999999999984	0.8
510_OMC-124	2.0	2.0	0.6500224216483541	0.2777777777777777	0.8333333333333334
511_OMC-124	2.0	2.0	0.954434002924965	0.46875	1.0
512_OMC-124	1.0	1.0	-0.0	0.0	1.0
513_OMC-124	2.0	2.0	0.954434002924965	0.46875	1.0
514_OMC-124	2.0	2.0	0.5032583347756457	0.19753086419753085	0.8888888888888888
515_OMC-124	2.0	2.0	0.8112781244591328	0.375	1.0
516_OMC-124	2.0	2.0	0.5916727785823274	0.24489795918367352	0.8571428571428572
517_OMC-124	2.0	2.0	0.46899559358928117	0.17999999999999994	0.9
518_OMC-124	2.0	2.0	0.954434002924965	0.46875	1.0
519_OMC-124	2.0	2.0	0.9940302114769566	0.49586776859504145	1.0
51_OMC-124	2.0	2.0	0.9709505944546688	0.48	1.0
520_OMC-124	1.0	1.0	-0.0	0.0	1.0
521_OMC-124	2.0	2.0	0.7642045065086203	0.345679012345679	1.0
522_OMC-124	2.0	2.0	0.9709505944546688	0.48	1.0
523_OMC-124	2.0	2.0	0.8631205685666311	0.40816326530612246	1.0
524_OMC-124	1.0	1.0	-0.0	0.0	1.0
525_OMC-124	2.0	2.0	0.5435644431995964	0.21875	0.875
526_OMC-124	2.0	2.0	0.8631205685666311	0.40816326530612246	1.0
527_OMC-124	2.0	2.0	0.8631205685666311	0.40816326530612246	1.0
528_OMC-124	2.0	2.0	0.8112781244591328	0.375	1.0
529_OMC-124	2.0	2.0	0.9182958340544894	0.4444444444444444	1.0
52_OMC-124	2.0	2.0	0.5032583347756457	0.19753086419753085	0.8888888888888888
530_OMC-124	2.0	2.0	0.8112781244591328	0.375	1.0
531_OMC-124	2.0	2.0	0.6500224216483541	0.2777777777777777	1.0
532_OMC-124	2.0	2.0	0.9182958340544894	0.4444444444444444	1.0
533_OMC-124	2.0	2.0	0.5032583347756457	0.19753086419753085	0.8888888888888888
534_OMC-124	2.0	2.0	0.9182958340544894	0.4444444444444444	1.0
535_OMC-124	2.0	2.0	0.9456603046006401	0.4628099173553719	1.0
536_OMC-124	2.0	2.0	0.46899559358928117	0.17999999999999994	0.9
537_OMC-124	2.0	2.0	0.9709505944546688	0.48	1.0
538_OMC-124	2.0	2.0	0.46899559358928117	0.17999999999999994	0.9
539_OMC-124	2.0	2.0	0.43949698692151334	0.16528925619834722	0.9090909090909091
53_OMC-124	1.0	1.0	-0.0	0.0	1.0
540_OMC-124	2.0	2.0	0.5916727785823274	0.24489795918367352	0.8571428571428572
541_OMC-124	2.0	2.0	0.7642045065086203	0.345679012345679	1.0
542_OMC-124	2.0	2.0	0.6193821946787638	0.2603550295857988	1.0
543_OMC-124	2.0	2.0	0.9709505944546688	0.48	1.0
544_OMC-124	2.0	2.0	0.6840384356390417	0.2975206611570247	1.0
545_OMC-124	2.0	2.0	0.954434002924965	0.46875	1.0
546_OMC-124	2.0	2.0	0.5032583347756457	0.19753086419753085	0.8888888888888888
547_OMC-124	2.0	2.0	0.9852281360342515	0.48979591836734704	1.0
548_OMC-124	2.0	2.0	0.7219280948873623	0.31999999999999984	1.0
549_OMC-124	2.0	2.0	0.6500224216483541	0.2777777777777777	0.8333333333333334
54_OMC-124	2.0	2.0	0.8453509366224364	0.39669421487603307	1.0
550_OMC-124	2.0	2.0	0.5435644431995964	0.21875	0.875
551_OMC-124	1.0	1.0	-0.0	0.0	1.0
552_OMC-124	1.0	1.0	-0.0	0.0	1.0
553_OMC-124	2.0	2.0	0.5916727785823274	0.24489795918367352	1.0
554_OMC-124	2.0	2.0	0.6500224216483541	0.2777777777777777	0.8333333333333334
555_OMC-124	2.0	2.0	0.6500224216483541	0.2777777777777777	0.8333333333333334
556_OMC-124	2.0	2.0	0.8812908992306927	0.42000000000000004	1.0
557_OMC-124	2.0	2.0	0.9182958340544894	0.4444444444444444	1.0
558_OMC-124	2.0	2.0	1.0	0.5	1.0
559_OMC-124	2.0	2.0	0.940285958670631	0.4591836734693877	1.0
55_OMC-124	2.0	2.0	0.7642045065086203	0.345679012345679	1.0
560_OMC-124	2.0	2.0	0.5032583347756457	0.19753086419753085	0.8888888888888888
561_OMC-124	2.0	2.0	0.8112781244591328	0.375	1.0
562_OMC-124	2.0	2.0	0.7219280948873623	0.31999999999999984	0.8
563_OMC-124	2.0	2.0	0.7219280948873623	0.31999999999999984	1.0
564_OMC-124	2.0	2.0	0.7219280948873623	0.31999999999999984	0.8
565_OMC-124	2.0	2.0	0.9709505944546688	0.48	1.0
566_OMC-124	2.0	2.0	0.7642045065086203	0.345679012345679	1.0
567_OMC-124	2.0	2.0	0.6193821946787638	0.2603550295857988	1.0
568_OMC-124	2.0	2.0	0.5916727785823274	0.24489795918367352	1.0
569_OMC-124	2.0	2.0	0.8631205685666311	0.40816326530612246	1.0
56_OMC-124	2.0	2.0	0.8812908992306927	0.42000000000000004	1.0
570_OMC-124	1.0	1.0	-0.0	0.0	1.0
571_OMC-124	2.0	2.0	0.5032583347756457	0.19753086419753085	0.8888888888888888
572_OMC-124	2.0	2.0	0.6840384356390417	0.2975206611570247	1.0
573_OMC-124	1.0	1.0	-0.0	0.0	1.0
574_OMC-124	2.0	2.0	0.9182958340544894	0.4444444444444444	1.0
575_OMC-124	2.0	2.0	0.6500224216483541	0.2777777777777777	0.8333333333333334
576_OMC-124	2.0	2.0	0.7219280948873623	0.31999999999999984	1.0
577_OMC-124	2.0	2.0	0.7642045065086203	0.345679012345679	1.0
578_OMC-124	2.0	2.0	0.7219280948873623	0.31999999999999984	0.8
579_OMC-124	2.0	2.0	0.8112781244591328	0.375	1.0
57_OMC-124	2.0	2.0	0.5916727785823274	0.24489795918367352	0.8571428571428572
580_OMC-124	2.0	2.0	0.9709505944546688	0.48	1.0
581_OMC-124	2.0	2.0	0.4138168503036338	0.1527777777777779	0.9166666666666666
582_OMC-124	2.0	2.0	0.8112781244591328	0.375	1.0
583_OMC-124	2.0	2.0	0.9456603046006401	0.4628099173553719	1.0
584_OMC-124	2.0	2.0	0.8453509366224364	0.39669421487603307	1.0
585_OMC-124	2.0	2.0	0.6500224216483541	0.2777777777777777	0.8333333333333334
586_OMC-124	2.0	2.0	0.954434002924965	0.46875	1.0
587_OMC-124	2.0	2.0	0.8112781244591328	0.375	0.75
588_OMC-124	2.0	2.0	0.5032583347756457	0.19753086419753085	0.8888888888888888
589_OMC-124	2.0	2.0	0.5435644431995964	0.21875	0.875
58_OMC-124	2.0	2.0	0.9910760598382222	0.49382716049382713	1.0
590_OMC-124	2.0	2.0	0.7642045065086203	0.345679012345679	1.0
591_OMC-124	2.0	2.0	0.74959525725948	0.33673469387755106	1.0
592_OMC-124	2.0	2.0	0.5916727785823274	0.24489795918367352	0.8571428571428572
593_OMC-124	2.0	2.0	0.9182958340544894	0.4444444444444444	1.0
594_OMC-124	2.0	2.0	0.74959525725948	0.33673469387755106	1.0
595_OMC-124	2.0	2.0	0.8631205685666311	0.40816326530612246	1.0
596_OMC-124	1.0	1.0	-0.0	0.0	1.0
597_OMC-124	2.0	2.0	0.7642045065086203	0.345679012345679	1.0
598_OMC-124	2.0	2.0	0.9852281360342515	0.48979591836734704	1.0
599_OMC-124	2.0	2.0	0.8812908992306927	0.42000000000000004	1.0
59_OMC-124	1.0	1.0	-0.0	0.0	1.0
5_OMC-124	2.0	2.0	0.8112781244591328	0.375	1.0
600_OMC-124	2.0	2.0	0.9709505944546688	0.48	1.0
601_OMC-124	2.0	2.0	0.954434002924965	0.46875	1.0
602_OMC-124	2.0	2.0	0.5032583347756457	0.19753086419753085	0.8888888888888888
603_OMC-124	2.0	2.0	0.7219280948873623	0.31999999999999984	1.0
604_OMC-124	2.0	2.0	0.7219280948873623	0.31999999999999984	0.8
605_OMC-124	2.0	2.0	0.7642045065086203	0.345679012345679	1.0
606_OMC-124	1.0	1.0	-0.0	0.0	1.0
607_OMC-124	2.0	2.0	0.9182958340544894	0.4444444444444444	1.0
608_OMC-124	2.0	2.0	0.8112781244591328	0.375	0.75
609_OMC-124	2.0	2.0	0.43949698692151334	0.16528925619834722	0.9090909090909091
60_OMC-124	2.0	2.0	0.8112781244591328	0.375	1.0
610_OMC-124	1.0	1.0	-0.0	0.0	1.0
611_OMC-124	2.0	2.0	0.6500224216483541	0.2777777777777777	0.8333333333333334
612_OMC-124	2.0	2.0	0.7219280948873623	0.31999999999999984	1.0
613_OMC-124	2.0	2.0	0.6840384356390417	0.2975206611570247	1.0
614_OMC-124	1.0	1.0	-0.0	0.0	1.0
615_OMC-124	2.0	2.0	0.6500224216483541	0.2777777777777777	0.8333333333333334
616_OMC-124	2.0	2.0	0.5435644431995964	0.21875	0.875
617_OMC-124	1.0	1.0	-0.0	0.0	1.0
618_OMC-124	2.0	2.0	0.8112781244591328	0.375	1.0
619_OMC-124	2.0	2.0	0.954434002924965	0.46875	1.0
61_OMC-124	2.0	2.0	0.961236604722876	0.47337278106508873	1.0
620_OMC-124	2.0	2.0	0.9182958340544894	0.4444444444444444	1.0
621_OMC-124	2.0	2.0	0.954434002924965	0.46875	1.0
622_OMC-124	2.0	2.0	0.9182958340544894	0.4444444444444444	1.0
623_OMC-124	2.0	2.0	0.8112781244591328	0.375	1.0
624_OMC-124	2.0	2.0	0.9852281360342515	0.48979591836734704	1.0
625_OMC-124	2.0	2.0	0.7642045065086203	0.345679012345679	1.0
626_OMC-124	2.0	2.0	0.8812908992306927	0.42000000000000004	1.0
627_OMC-124	2.0	2.0	0.9852281360342515	0.48979591836734704	1.0
628_OMC-124	2.0	2.0	0.8112781244591328	0.375	1.0
629_OMC-124	2.0	2.0	0.8112781244591328	0.375	1.0
62_OMC-124	2.0	2.0	0.8631205685666311	0.40816326530612246	1.0
630_OMC-124	2.0	2.0	0.8453509366224364	0.39669421487603307	1.0
631_OMC-124	2.0	2.0	0.6840384356390417	0.2975206611570247	1.0
632_OMC-124	2.0	2.0	0.5032583347756457	0.19753086419753085	0.8888888888888888
633_OMC-124	2.0	2.0	0.9182958340544894	0.4444444444444444	1.0
634_OMC-124	2.0	2.0	0.6500224216483541	0.2777777777777777	0.8333333333333334
635_OMC-124	2.0	2.0	0.8112781244591328	0.375	0.75
636_OMC-124	2.0	2.0	0.6840384356390417	0.2975206611570247	1.0
637_OMC-124	2.0	2.0	0.940285958670631	0.4591836734693877	1.0
638_OMC-124	2.0	2.0	0.8112781244591328	0.375	0.75
639_OMC-124	2.0	2.0	0.5032583347756457	0.19753086419753085	0.8888888888888888
63_OMC-124	2.0	2.0	0.5435644431995964	0.21875	0.875
640_OMC-124	1.0	1.0	-0.0	0.0	1.0
641_OMC-124	2.0	2.0	0.7642045065086203	0.345679012345679	1.0
642_OMC-124	2.0	2.0	0.5435644431995964	0.21875	0.875
643_OMC-124	2.0	2.0	0.5435644431995964	0.21875	0.875
644_OMC-124	1.0	1.0	-0.0	0.0	1.0
645_OMC-124	2.0	2.0	0.5032583347756457	0.19753086419753085	0.8888888888888888
646_OMC-124	1.0	1.0	-0.0	0.0	1.0
647_OMC-124	2.0	2.0	0.5916727785823274	0.24489795918367352	0.8571428571428572
648_OMC-124	2.0	2.0	0.6500224216483541	0.2777777777777777	0.8333333333333334
649_OMC-124	2.0	2.0	0.8812908992306927	0.42000000000000004	1.0
64_OMC-124	2.0	2.0	0.8453509366224364	0.39669421487603307	1.0
650_OMC-124	2.0	2.0	0.8812908992306927	0.42000000000000004	1.0
651_OMC-124	1.0	1.0	-0.0	0.0	1.0
652_OMC-124	2.0	2.0	0.6840384356390417	0.2975206611570247	1.0
653_OMC-124	2.0	2.0	0.9182958340544894	0.4444444444444444	1.0
654_OMC-124	2.0	2.0	0.6500224216483541	0.2777777777777777	1.0
655_OMC-124	2.0	2.0	0.5032583347756457	0.19753086419753085	0.8888888888888888
656_OMC-124	2.0	2.0	0.8812908992306927	0.42000000000000004	1.0
657_OMC-124	2.0	2.0	0.5032583347756457	0.19753086419753085	0.8888888888888888
658_OMC-124	2.0	2.0	0.7219280948873623	0.31999999999999984	1.0
659_OMC-124	2.0	2.0	0.5435644431995964	0.21875	0.875
65_OMC-124	2.0	2.0	0.8812908992306927	0.42000000000000004	1.0
660_OMC-124	2.0	2.0	0.8812908992306927	0.42000000000000004	1.0
661_OMC-124	1.0	1.0	-0.0	0.0	1.0
662_OMC-124	2.0	2.0	0.9852281360342515	0.48979591836734704	1.0
663_OMC-124	2.0	2.0	0.9709505944546688	0.48	1.0
664_OMC-124	2.0	2.0	0.9182958340544894	0.4444444444444444	1.0
665_OMC-124	2.0	2.0	0.7219280948873623	0.31999999999999984	1.0
666_OMC-124	2.0	2.0	0.4138168503036338	0.1527777777777779	0.9166666666666666
667_OMC-124	2.0	2.0	0.7642045065086203	0.345679012345679	1.0
668_OMC-124	2.0	2.0	0.9910760598382222	0.49382716049382713	1.0
669_OMC-124	2.0	2.0	0.7642045065086203	0.345679012345679	1.0
66_OMC-124	2.0	2.0	0.5916727785823274	0.24489795918367352	0.8571428571428572
670_OMC-124	2.0	2.0	0.8112781244591328	0.375	1.0
671_OMC-124	2.0	2.0	0.9709505944546688	0.48	1.0
672_OMC-124	2.0	2.0	0.5435644431995964	0.21875	0.875
673_OMC-124	2.0	2.0	0.5435644431995964	0.21875	0.875
674_OMC-124	2.0	2.0	0.5916727785823274	0.24489795918367352	0.8571428571428572
675_OMC-124	1.0	1.0	-0.0	0.0	1.0
676_OMC-124	2.0	2.0	0.7642045065086203	0.345679012345679	1.0
677_OMC-124	1.0	1.0	-0.0	0.0	1.0
678_OMC-124	1.0	1.0	-0.0	0.0	1.0
679_OMC-124	2.0	2.0	0.8112781244591328	0.375	1.0
67_OMC-124	2.0	2.0	0.7642045065086203	0.345679012345679	1.0
680_OMC-124	2.0	2.0	0.7219280948873623	0.31999999999999984	1.0
681_OMC-124	2.0	2.0	0.9940302114769566	0.49586776859504145	1.0
682_OMC-124	2.0	2.0	0.954434002924965	0.46875	1.0
683_OMC-124	2.0	2.0	0.8812908992306927	0.42000000000000004	1.0
684_OMC-124	1.0	1.0	-0.0	0.0	1.0
685_OMC-124	2.0	2.0	0.8453509366224364	0.39669421487603307	1.0
686_OMC-124	2.0	2.0	0.5916727785823274	0.24489795918367352	0.8571428571428572
687_OMC-124	2.0	2.0	0.8112781244591328	0.375	1.0
688_OMC-124	2.0	2.0	0.46899559358928117	0.17999999999999994	0.9
689_OMC-124	2.0	2.0	0.9182958340544894	0.4444444444444444	1.0
68_OMC-124	2.0	2.0	0.9709505944546688	0.48	1.0
690_OMC-124	2.0	2.0	0.9182958340544894	0.4444444444444444	1.0
691_OMC-124	2.0	2.0	0.8112781244591328	0.375	1.0
692_OMC-124	2.0	2.0	0.9852281360342515	0.48979591836734704	1.0
693_OMC-124	2.0	2.0	0.9709505944546688	0.48	1.0
694_OMC-124	2.0	2.0	0.7642045065086203	0.345679012345679	1.0
695_OMC-124	1.0	1.0	-0.0	0.0	1.0
696_OMC-124	2.0	2.0	0.6500224216483541	0.2777777777777777	0.8333333333333334
697_OMC-124	2.0	2.0	0.6500224216483541	0.2777777777777777	0.8333333333333334
698_OMC-124	2.0	2.0	0.5916727785823274	0.24489795918367352	0.8571428571428572
699_OMC-124	2.0	2.0	0.9910760598382222	0.49382716049382713	1.0
69_OMC-124	2.0	2.0	0.9182958340544894	0.4444444444444444	1.0
6_OMC-124	2.0	2.0	0.8112781244591328	0.375	0.75
700_OMC-124	2.0	2.0	0.6193821946787638	0.2603550295857988	1.0
701_OMC-124	2.0	2.0	0.7219280948873623	0.31999999999999984	1.0
702_OMC-124	2.0	2.0	0.6500224216483541	0.2777777777777777	0.8333333333333334
703_OMC-124	2.0	2.0	0.8112781244591328	0.375	1.0
704_OMC-124	2.0	2.0	0.5032583347756457	0.19753086419753085	0.8888888888888888
705_OMC-124	2.0	2.0	0.5435644431995964	0.21875	0.875
706_OMC-124	1.0	1.0	-0.0	0.0	1.0
707_OMC-124	2.0	2.0	0.8631205685666311	0.40816326530612246	1.0
708_OMC-124	1.0	1.0	-0.0	0.0	1.0
709_OMC-124	2.0	2.0	0.9709505944546688	0.48	1.0
70_OMC-124	2.0	2.0	0.6500224216483541	0.2777777777777777	0.8333333333333334
710_OMC-124	2.0	2.0	0.6500224216483541	0.2777777777777777	1.0
711_OMC-124	2.0	2.0	0.954434002924965	0.46875	1.0
712_OMC-124	1.0	1.0	-0.0	0.0	1.0
713_OMC-124	2.0	2.0	0.8112781244591328	0.375	1.0
714_OMC-124	2.0	2.0	0.9852281360342515	0.48979591836734704	1.0
715_OMC-124	2.0	2.0	0.9709505944546688	0.48	1.0
716_OMC-124	2.0	2.0	0.8112781244591328	0.375	1.0
717_OMC-124	2.0	2.0	1.0	0.5	1.0
718_OMC-124	2.0	2.0	0.7793498372920851	0.3550295857988165	1.0
719_OMC-124	2.0	2.0	0.8631205685666311	0.40816326530612246	1.0
71_OMC-124	2.0	2.0	0.5916727785823274	0.24489795918367352	0.8571428571428572
720_OMC-124	1.0	1.0	-0.0	0.0	1.0
721_OMC-124	2.0	2.0	0.7219280948873623	0.31999999999999984	0.8
722_OMC-124	2.0	2.0	0.954434002924965	0.46875	1.0
723_OMC-124	2.0	2.0	0.8453509366224364	0.39669421487603307	1.0
724_OMC-124	2.0	2.0	0.7642045065086203	0.345679012345679	1.0
725_OMC-124	2.0	2.0	0.6840384356390417	0.2975206611570247	1.0
726_OMC-124	2.0	2.0	0.7219280948873623	0.31999999999999984	1.0
727_OMC-124	2.0	2.0	0.7793498372920851	0.3550295857988165	1.0
728_OMC-124	2.0	2.0	0.5916727785823274	0.24489795918367352	0.8571428571428572
729_OMC-124	2.0	2.0	0.6840384356390417	0.2975206611570247	1.0
72_OMC-124	2.0	2.0	0.5032583347756457	0.19753086419753085	0.8888888888888888
730_OMC-124	2.0	2.0	0.5916727785823274	0.24489795918367352	0.8571428571428572
731_OMC-124	1.0	1.0	-0.0	0.0	1.0
732_OMC-124	2.0	2.0	0.954434002924965	0.46875	1.0
733_OMC-124	2.0	2.0	0.9852281360342515	0.48979591836734704	1.0
734_OMC-124	2.0	2.0	0.954434002924965	0.46875	1.0
735_OMC-124	2.0	2.0	0.6500224216483541	0.2777777777777777	0.8333333333333334
736_OMC-124	2.0	2.0	0.954434002924965	0.46875	1.0
737_OMC-124	2.0	2.0	0.8112781244591328	0.375	1.0
738_OMC-124	2.0	2.0	0.5435644431995964	0.21875	0.875
739_OMC-124	2.0	2.0	0.8631205685666311	0.40816326530612246	1.0
73_OMC-124	2.0	2.0	0.9182958340544894	0.4444444444444444	0.6666666666666667
740_OMC-124	2.0	2.0	0.9910760598382222	0.49382716049382713	1.0
741_OMC-124	2.0	2.0	0.7642045065086203	0.345679012345679	1.0
742_OMC-124	1.0	1.0	-0.0	0.0	1.0
743_OMC-124	2.0	2.0	0.5435644431995964	0.21875	0.875
744_OMC-124	2.0	2.0	0.9709505944546688	0.48	1.0
745_OMC-124	2.0	2.0	0.7642045065086203	0.345679012345679	1.0
746_OMC-124	2.0	2.0	0.7219280948873623	0.31999999999999984	1.0
747_OMC-124	2.0	2.0	0.8112781244591328	0.375	1.0
748_OMC-124	2.0	2.0	0.8812908992306927	0.42000000000000004	1.0
749_OMC-124	2.0	2.0	0.954434002924965	0.46875	1.0
74_OMC-124	2.0	2.0	0.9182958340544894	0.4444444444444444	1.0
750_OMC-124	2.0	2.0	0.43949698692151334	0.16528925619834722	0.9090909090909091
751_OMC-124	2.0	2.0	0.7642045065086203	0.345679012345679	1.0
752_OMC-124	2.0	2.0	0.46899559358928117	0.17999999999999994	0.9
753_OMC-124	2.0	2.0	0.7219280948873623	0.31999999999999984	1.0
754_OMC-124	2.0	2.0	0.7642045065086203	0.345679012345679	1.0
755_OMC-124	2.0	2.0	0.9709505944546688	0.48	1.0
756_OMC-124	1.0	1.0	-0.0	0.0	1.0
757_OMC-124	2.0	2.0	0.5435644431995964	0.21875	0.875
758_OMC-124	2.0	2.0	0.5435644431995964	0.21875	0.875
759_OMC-124	2.0	2.0	0.5032583347756457	0.19753086419753085	0.8888888888888888
75_OMC-124	2.0	2.0	0.8112781244591328	0.375	1.0
760_OMC-124	2.0	2.0	0.6500224216483541	0.2777777777777777	0.8333333333333334
761_OMC-124	1.0	1.0	-0.0	0.0	1.0
762_OMC-124	2.0	2.0	0.9182958340544894	0.4444444444444444	1.0
763_OMC-124	1.0	1.0	-0.0	0.0	1.0
764_OMC-124	2.0	2.0	0.9852281360342515	0.48979591836734704	1.0
765_OMC-124	2.0	2.0	0.7642045065086203	0.345679012345679	1.0
766_OMC-124	2.0	2.0	0.9910760598382222	0.49382716049382713	1.0
767_OMC-124	2.0	2.0	0.8631205685666311	0.40816326530612246	1.0
768_OMC-124	2.0	2.0	0.9182958340544894	0.4444444444444444	1.0
769_OMC-124	2.0	2.0	0.9709505944546688	0.48	1.0
76_OMC-124	2.0	2.0	0.8631205685666311	0.40816326530612246	1.0
770_OMC-124	2.0	2.0	0.9182958340544894	0.4444444444444444	1.0
771_OMC-124	1.0	1.0	-0.0	0.0	1.0
772_OMC-124	2.0	2.0	0.8631205685666311	0.40816326530612246	1.0
773_OMC-124	2.0	2.0	0.9182958340544894	0.4444444444444444	1.0
774_OMC-124	2.0	2.0	0.9182958340544894	0.4444444444444444	1.0
775_OMC-124	2.0	2.0	0.6500224216483541	0.2777777777777777	0.8333333333333334
776_OMC-124	1.0	1.0	-0.0	0.0	1.0
777_OMC-124	2.0	2.0	0.46899559358928117	0.17999999999999994	0.9
778_OMC-124	2.0	2.0	0.46899559358928117	0.17999999999999994	0.9
779_OMC-124	2.0	2.0	0.9182958340544894	0.4444444444444444	1.0
77_OMC-124	2.0	2.0	0.7219280948873623	0.31999999999999984	0.8
780_OMC-124	2.0	2.0	0.954434002924965	0.46875	1.0
781_OMC-124	2.0	2.0	0.9910760598382222	0.49382716049382713	1.0
782_OMC-124	2.0	2.0	0.9852281360342515	0.48979591836734704	1.0
783_OMC-124	2.0	2.0	0.8812908992306927	0.42000000000000004	1.0
784_OMC-124	2.0	2.0	0.6500224216483541	0.2777777777777777	0.8333333333333334
785_OMC-124	2.0	2.0	0.6840384356390417	0.2975206611570247	1.0
786_OMC-124	2.0	2.0	0.9852281360342515	0.48979591836734704	1.0
787_OMC-124	2.0	2.0	0.7642045065086203	0.345679012345679	1.0
788_OMC-124	2.0	2.0	0.8631205685666311	0.40816326530612246	1.0
789_OMC-124	2.0	2.0	0.43949698692151334	0.16528925619834722	0.9090909090909091
78_OMC-124	2.0	2.0	0.8631205685666311	0.40816326530612246	1.0
790_OMC-124	2.0	2.0	0.7642045065086203	0.345679012345679	1.0
791_OMC-124	2.0	2.0	0.8453509366224364	0.39669421487603307	1.0
792_OMC-124	2.0	2.0	0.9709505944546688	0.48	1.0
793_OMC-124	2.0	2.0	0.8112781244591328	0.375	0.75
794_OMC-124	2.0	2.0	0.8812908992306927	0.42000000000000004	1.0
795_OMC-124	1.0	1.0	-0.0	0.0	1.0
796_OMC-124	2.0	2.0	0.5435644431995964	0.21875	0.875
797_OMC-124	2.0	2.0	0.8631205685666311	0.40816326530612246	1.0
798_OMC-124	2.0	2.0	0.6500224216483541	0.2777777777777777	0.8333333333333334
799_OMC-124	2.0	2.0	0.7219280948873623	0.31999999999999984	1.0
79_OMC-124	2.0	2.0	0.8112781244591328	0.375	1.0
7_OMC-124	2.0	2.0	0.6500224216483541	0.2777777777777777	1.0
800_OMC-124	2.0	2.0	0.9182958340544894	0.4444444444444444	1.0
801_OMC-124	2.0	2.0	0.8112781244591328	0.375	0.75
802_OMC-124	2.0	2.0	0.9182958340544894	0.4444444444444444	1.0
803_OMC-124	2.0	2.0	0.8112781244591328	0.375	1.0
804_OMC-124	1.0	1.0	-0.0	0.0	1.0
805_OMC-124	2.0	2.0	0.7219280948873623	0.31999999999999984	0.8
806_OMC-124	1.0	1.0	-0.0	0.0	1.0
807_OMC-124	2.0	2.0	0.8112781244591328	0.375	1.0
808_OMC-124	2.0	2.0	0.9910760598382222	0.49382716049382713	1.0
809_OMC-124	2.0	2.0	1.0	0.5	1.0
80_OMC-124	2.0	2.0	0.8112781244591328	0.375	1.0
810_OMC-124	2.0	2.0	0.5916727785823274	0.24489795918367352	0.8571428571428572
811_OMC-124	2.0	2.0	0.6840384356390417	0.2975206611570247	1.0
812_OMC-124	2.0	2.0	0.9182958340544894	0.4444444444444444	0.6666666666666667
813_OMC-124	2.0	2.0	0.961236604722876	0.47337278106508873	1.0
814_OMC-124	2.0	2.0	0.7642045065086203	0.345679012345679	1.0
815_OMC-124	2.0	2.0	0.7642045065086203	0.345679012345679	1.0
816_OMC-124	2.0	2.0	0.5916727785823274	0.24489795918367352	0.8571428571428572
817_OMC-124	1.0	1.0	-0.0	0.0	1.0
818_OMC-124	2.0	2.0	1.0	0.5	1.0
819_OMC-124	2.0	2.0	0.8112781244591328	0.375	1.0
81_OMC-124	2.0	2.0	0.8631205685666311	0.40816326530612246	1.0
820_OMC-124	2.0	2.0	1.0	0.5	1.0
821_OMC-124	2.0	2.0	0.954434002924965	0.46875	1.0
822_OMC-124	1.0	1.0	-0.0	0.0	1.0
823_OMC-124	2.0	2.0	0.9910760598382222	0.49382716049382713	1.0
824_OMC-124	2.0	2.0	0.6500224216483541	0.2777777777777777	0.8333333333333334
825_OMC-124	2.0	2.0	0.6500224216483541	0.2777777777777777	0.8333333333333334
826_OMC-124	2.0	2.0	0.9852281360342515	0.48979591836734704	1.0
827_OMC-124	2.0	2.0	0.4138168503036338	0.1527777777777779	0.9166666666666666
828_OMC-124	2.0	2.0	0.8631205685666311	0.40816326530612246	1.0
829_OMC-124	3.0	2.0	1.0	0.5	0.0
82_OMC-124	2.0	2.0	0.8812908992306927	0.42000000000000004	1.0
830_OMC-124	2.0	2.0	0.5435644431995964	0.21875	0.875
831_OMC-124	2.0	2.0	0.7642045065086203	0.345679012345679	1.0
832_OMC-124	1.0	1.0	-0.0	0.0	1.0
833_OMC-124	2.0	2.0	0.7219280948873623	0.31999999999999984	0.8
834_OMC-124	2.0	2.0	0.5916727785823274	0.24489795918367352	0.8571428571428572
835_OMC-124	2.0	2.0	0.7219280948873623	0.31999999999999984	1.0
836_OMC-124	2.0	2.0	0.954434002924965	0.46875	1.0
837_OMC-124	2.0	2.0	0.5916727785823274	0.24489795918367352	0.8571428571428572
838_OMC-124	2.0	2.0	1.0	0.5	1.0
839_OMC-124	2.0	2.0	0.7219280948873623	0.31999999999999984	1.0
83_OMC-124	2.0	2.0	0.9709505944546688	0.48	1.0
840_OMC-124	2.0	2.0	0.6500224216483541	0.2777777777777777	0.8333333333333334
841_OMC-124	2.0	2.0	0.7219280948873623	0.31999999999999984	1.0
842_OMC-124	2.0	2.0	0.954434002924965	0.46875	1.0
843_OMC-124	1.0	1.0	-0.0	0.0	1.0
844_OMC-124	1.0	1.0	-0.0	0.0	1.0
845_OMC-124	2.0	2.0	0.9940302114769566	0.49586776859504145	1.0
846_OMC-124	2.0	2.0	0.8112781244591328	0.375	0.75
847_OMC-124	2.0	2.0	0.9709505944546688	0.48	1.0
848_OMC-124	2.0	2.0	0.6500224216483541	0.2777777777777777	0.8333333333333334
849_OMC-124	2.0	2.0	0.6193821946787638	0.2603550295857988	1.0
84_OMC-124	2.0	2.0	0.7642045065086203	0.345679012345679	1.0
850_OMC-124	2.0	2.0	0.8812908992306927	0.42000000000000004	1.0
851_OMC-124	2.0	2.0	0.8631205685666311	0.40816326530612246	1.0
852_OMC-124	2.0	2.0	0.8631205685666311	0.40816326530612246	1.0
853_OMC-124	1.0	1.0	-0.0	0.0	1.0
854_OMC-124	2.0	2.0	0.8112781244591328	0.375	1.0
855_OMC-124	2.0	2.0	0.7793498372920851	0.3550295857988165	1.0
856_OMC-124	2.0	2.0	0.954434002924965	0.46875	1.0
857_OMC-124	1.0	1.0	-0.0	0.0	1.0
858_OMC-124	1.0	1.0	-0.0	0.0	1.0
859_OMC-124	2.0	2.0	0.8631205685666311	0.40816326530612246	1.0
85_OMC-124	2.0	2.0	0.5916727785823274	0.24489795918367352	1.0
860_OMC-124	2.0	2.0	1.0	0.5	1.0
861_OMC-124	2.0	2.0	0.7219280948873623	0.31999999999999984	0.8
862_OMC-124	2.0	2.0	0.9709505944546688	0.48	1.0
863_OMC-124	2.0	2.0	0.7642045065086203	0.345679012345679	1.0
864_OMC-124	1.0	1.0	-0.0	0.0	1.0
865_OMC-124	2.0	2.0	0.8112781244591328	0.375	1.0
866_OMC-124	2.0	2.0	0.5435644431995964	0.21875	0.875
867_OMC-124	2.0	2.0	0.8112781244591328	0.375	1.0
868_OMC-124	2.0	2.0	0.8453509366224364	0.39669421487603307	1.0
869_OMC-124	2.0	2.0	0.7642045065086203	0.345679012345679	1.0
86_OMC-124	2.0	2.0	0.8112781244591328	0.375	1.0
870_OMC-124	2.0	2.0	0.9182958340544894	0.4444444444444444	1.0
871_OMC-124	2.0	2.0	0.8631205685666311	0.40816326530612246	1.0
872_OMC-124	2.0	2.0	0.5032583347756457	0.19753086419753085	0.8888888888888888
873_OMC-124	2.0	2.0	0.7219280948873623	0.31999999999999984	1.0
874_OMC-124	2.0	2.0	0.5435644431995964	0.21875	0.875
875_OMC-124	2.0	2.0	0.954434002924965	0.46875	1.0
876_OMC-124	2.0	2.0	0.8112781244591328	0.375	1.0
877_OMC-124	2.0	2.0	0.5916727785823274	0.24489795918367352	0.8571428571428572
878_OMC-124	2.0	2.0	0.5032583347756457	0.19753086419753085	0.8888888888888888
879_OMC-124	2.0	2.0	0.5916727785823274	0.24489795918367352	0.8571428571428572
87_OMC-124	2.0	2.0	0.8631205685666311	0.40816326530612246	1.0
880_OMC-124	2.0	2.0	0.8631205685666311	0.40816326530612246	1.0
881_OMC-124	1.0	1.0	-0.0	0.0	1.0
882_OMC-124	1.0	1.0	-0.0	0.0	1.0
883_OMC-124	2.0	2.0	0.7219280948873623	0.31999999999999984	0.8
884_OMC-124	2.0	2.0	0.6500224216483541	0.2777777777777777	0.8333333333333334
885_OMC-124	2.0	2.0	0.954434002924965	0.46875	1.0
886_OMC-124	2.0	2.0	0.8112781244591328	0.375	0.75
887_OMC-124	3.0	2.0	1.0	0.5	0.0
888_OMC-124	1.0	1.0	-0.0	0.0	1.0
889_OMC-124	2.0	2.0	0.8631205685666311	0.40816326530612246	1.0
88_OMC-124	2.0	2.0	0.8631205685666311	0.40816326530612246	1.0
890_OMC-124	2.0	2.0	0.961236604722876	0.47337278106508873	1.0
891_OMC-124	2.0	2.0	0.7642045065086203	0.345679012345679	1.0
892_OMC-124	2.0	2.0	0.9182958340544894	0.4444444444444444	0.6666666666666667
893_OMC-124	1.0	1.0	-0.0	0.0	1.0
894_OMC-124	2.0	2.0	0.7219280948873623	0.31999999999999984	0.8
895_OMC-124	2.0	2.0	0.7642045065086203	0.345679012345679	1.0
896_OMC-124	2.0	2.0	1.0	0.5	1.0
897_OMC-124	2.0	2.0	0.9709505944546688	0.48	1.0
898_OMC-124	2.0	2.0	0.6840384356390417	0.2975206611570247	1.0
899_OMC-124	2.0	2.0	0.6500224216483541	0.2777777777777777	0.8333333333333334
89_OMC-124	2.0	2.0	0.8631205685666311	0.40816326530612246	1.0
8_OMC-124	2.0	2.0	0.9182958340544894	0.4444444444444444	1.0
900_OMC-124	2.0	2.0	0.7219280948873623	0.31999999999999984	0.8
901_OMC-124	2.0	2.0	0.8112781244591328	0.375	1.0
902_OMC-124	2.0	2.0	1.0	0.5	1.0
903_OMC-124	2.0	2.0	0.9852281360342515	0.48979591836734704	1.0
904_OMC-124	2.0	2.0	0.5916727785823274	0.24489795918367352	0.8571428571428572
905_OMC-124	2.0	2.0	0.6500224216483541	0.2777777777777777	1.0
906_OMC-124	1.0	1.0	-0.0	0.0	1.0
907_OMC-124	2.0	2.0	0.9456603046006401	0.4628099173553719	1.0
908_OMC-124	2.0	2.0	0.7219280948873623	0.31999999999999984	0.8
909_OMC-124	2.0	2.0	0.5435644431995964	0.21875	0.875
90_OMC-124	2.0	2.0	0.8112781244591328	0.375	1.0
910_OMC-124	2.0	2.0	0.9182958340544894	0.4444444444444444	1.0
911_OMC-124	2.0	2.0	0.7219280948873623	0.31999999999999984	0.8
912_OMC-124	2.0	2.0	0.5916727785823274	0.24489795918367352	0.8571428571428572
913_OMC-124	2.0	2.0	0.6500224216483541	0.2777777777777777	0.8333333333333334
914_OMC-124	2.0	2.0	0.5916727785823274	0.24489795918367352	0.8571428571428572
915_OMC-124	2.0	2.0	0.8112781244591328	0.375	1.0
916_OMC-124	2.0	2.0	0.9182958340544894	0.4444444444444444	1.0
917_OMC-124	2.0	2.0	0.8112781244591328	0.375	0.75
918_OMC-124	2.0	2.0	0.8112781244591328	0.375	1.0
919_OMC-124	1.0	1.0	-0.0	0.0	1.0
91_OMC-124	2.0	2.0	0.9182958340544894	0.4444444444444444	1.0
920_OMC-124	2.0	2.0	0.9182958340544894	0.4444444444444444	1.0
921_OMC-124	2.0	2.0	0.7642045065086203	0.345679012345679	1.0
922_OMC-124	2.0	2.0	0.7219280948873623	0.31999999999999984	1.0
923_OMC-124	2.0	2.0	0.46899559358928117	0.17999999999999994	0.9
924_OMC-124	2.0	2.0	0.8453509366224364	0.39669421487603307	1.0
925_OMC-124	2.0	2.0	0.5435644431995964	0.21875	0.875
926_OMC-124	2.0	2.0	1.0	0.5	1.0
927_OMC-124	2.0	2.0	0.7642045065086203	0.345679012345679	1.0
928_OMC-124	2.0	2.0	0.7219280948873623	0.31999999999999984	1.0
929_OMC-124	2.0	2.0	0.7793498372920851	0.3550295857988165	1.0
92_OMC-124	2.0	2.0	0.954434002924965	0.46875	1.0
930_OMC-124	2.0	2.0	0.9182958340544894	0.4444444444444444	1.0
931_OMC-124	2.0	2.0	0.9709505944546688	0.48	1.0
932_OMC-124	2.0	2.0	0.8812908992306927	0.42000000000000004	1.0
933_OMC-124	2.0	2.0	0.8904916402194913	0.42603550295857995	1.0
934_OMC-124	2.0	2.0	0.5032583347756457	0.19753086419753085	0.8888888888888888
935_OMC-124	2.0	2.0	0.9182958340544894	0.4444444444444444	1.0
936_OMC-124	2.0	2.0	0.7219280948873623	0.31999999999999984	1.0
937_OMC-124	2.0	2.0	0.8112781244591328	0.375	1.0
938_OMC-124	2.0	2.0	0.8112781244591328	0.375	1.0
939_OMC-124	2.0	2.0	0.9182958340544894	0.4444444444444444	1.0
93_OMC-124	1.0	1.0	-0.0	0.0	1.0
940_OMC-124	2.0	2.0	0.9182958340544894	0.4444444444444444	0.6666666666666667
941_OMC-124	2.0	2.0	0.5916727785823274	0.24489795918367352	0.8571428571428572
942_OMC-124	2.0	2.0	0.5435644431995964	0.21875	0.875
943_OMC-124	2.0	2.0	0.8112781244591328	0.375	1.0
944_OMC-124	1.0	1.0	-0.0	0.0	1.0
945_OMC-124	2.0	2.0	0.5916727785823274	0.24489795918367352	0.8571428571428572
946_OMC-124	2.0	2.0	0.8112781244591328	0.375	0.75
947_OMC-124	2.0	2.0	0.8631205685666311	0.40816326530612246	1.0
948_OMC-124	2.0	2.0	0.954434002924965	0.46875	1.0
949_OMC-124	2.0	2.0	0.7219280948873623	0.31999999999999984	1.0
94_OMC-124	2.0	2.0	0.954434002924965	0.46875	1.0
950_OMC-124	2.0	2.0	0.9182958340544894	0.4444444444444444	0.6666666666666667
951_OMC-124	2.0	2.0	0.9182958340544894	0.4444444444444444	1.0
952_OMC-124	1.0	1.0	-0.0	0.0	1.0
953_OMC-124	2.0	2.0	0.9852281360342515	0.48979591836734704	1.0
954_OMC-124	2.0	2.0	0.8112781244591328	0.375	1.0
955_OMC-124	2.0	2.0	0.6500224216483541	0.2777777777777777	0.8333333333333334
956_OMC-124	2.0	2.0	0.6840384356390417	0.2975206611570247	1.0
957_OMC-124	1.0	1.0	-0.0	0.0	1.0
958_OMC-124	2.0	2.0	0.9709505944546688	0.48	1.0
959_OMC-124	2.0	2.0	0.5916727785823274	0.24489795918367352	0.8571428571428572
95_OMC-124	2.0	2.0	0.5435644431995964	0.21875	0.875
960_OMC-124	2.0	2.0	1.0	0.5	1.0
961_OMC-124	2.0	2.0	0.8812908992306927	0.42000000000000004	1.0
962_OMC-124	2.0	2.0	0.9910760598382222	0.49382716049382713	1.0
963_OMC-124	1.0	1.0	-0.0	0.0	1.0
964_OMC-124	2.0	2.0	0.954434002924965	0.46875	1.0
965_OMC-124	1.0	1.0	-0.0	0.0	1.0
966_OMC-124	2.0	2.0	0.8112781244591328	0.375	0.75
967_OMC-124	2.0	2.0	0.8112781244591328	0.375	1.0
968_OMC-124	2.0	2.0	0.9852281360342515	0.48979591836734704	1.0
969_OMC-124	2.0	2.0	0.8631205685666311	0.40816326530612246	1.0
96_OMC-124	2.0	2.0	0.46899559358928117	0.17999999999999994	0.9
970_OMC-124	1.0	1.0	-0.0	0.0	1.0
971_OMC-124	2.0	2.0	0.9852281360342515	0.48979591836734704	1.0
972_OMC-124	2.0	2.0	0.6840384356390417	0.2975206611570247	1.0
973_OMC-124	2.0	2.0	0.6840384356390417	0.2975206611570247	1.0
974_OMC-124	2.0	2.0	0.6500224216483541	0.2777777777777777	0.8333333333333334
975_OMC-124	2.0	2.0	0.8112781244591328	0.375	1.0
976_OMC-124	2.0	2.0	0.8112781244591328	0.375	1.0
977_OMC-124	2.0	2.0	0.9182958340544894	0.4444444444444444	1.0
978_OMC-124	2.0	2.0	0.8453509366224364	0.39669421487603307	1.0
979_OMC-124	2.0	2.0	0.954434002924965	0.46875	1.0
97_OMC-124	2.0	2.0	0.9182958340544894	0.4444444444444444	0.6666666666666667
980_OMC-124	2.0	2.0	0.6500224216483541	0.2777777777777777	0.8333333333333334
981_OMC-124	1.0	1.0	-0.0	0.0	1.0
982_OMC-124	2.0	2.0	0.8631205685666311	0.40816326530612246	1.0
983_OMC-124	2.0	2.0	0.6840384356390417	0.2975206611570247	1.0
984_OMC-124	2.0	2.0	0.7219280948873623	0.31999999999999984	0.8
985_OMC-124	2.0	2.0	0.9182958340544894	0.4444444444444444	1.0
986_OMC-124	2.0	2.0	0.8112781244591328	0.375	0.75
987_OMC-124	2.0	2.0	0.6500224216483541	0.2777777777777777	1.0
988_OMC-124	2.0	2.0	0.8112781244591328	0.375	1.0
989_OMC-124	1.0	1.0	-0.0	0.0	1.0
98_OMC-124	2.0	2.0	0.9709505944546688	0.48	1.0
990_OMC-124	2.0	2.0	0.5916727785823274	0.24489795918367352	0.8571428571428572
991_OMC-124	2.0	2.0	0.6500224216483541	0.2777777777777777	0.8333333333333334
992_OMC-124	2.0	2.0	0.7219280948873623	0.31999999999999984	1.0
993_OMC-124	2.0	2.0	0.8453509366224364	0.39669421487603307	1.0
994_OMC-124	2.0	2.0	0.9910760598382222	0.49382716049382713	1.0
995_OMC-124	2.0	2.0	0.9910760598382222	0.49382716049382713	1.0
996_OMC-124	2.0	2.0	0.7219280948873623	0.31999999999999984	1.0
997_OMC-124	2.0	2.0	0.9709505944546688	0.48	1.0
998_OMC-124	2.0	2.0	0.8112781244591328	0.375	1.0
999_OMC-124	2.0	2.0	0.5916727785823274	0.24489795918367352	0.8571428571428572
99_OMC-124	1.0	1.0	-0.0	0.0	1.0
9_OMC-124	2.0	2.0	0.954434002924965	0.46875	1.0
