	chao1	observed_otus	shannon	simpson	goods_coverage
1000_OMC-288	5.0	5.0	1.7330560311815868	0.6683832161185412	1.0
100_OMC-288	5.0	5.0	1.7311299740282076	0.667003358501048	1.0
101_OMC-288	5.0	5.0	1.7140234644276495	0.6551173611020605	1.0
102_OMC-288	5.0	5.0	1.7047326513355736	0.6631310167438724	1.0
103_OMC-288	5.0	5.0	1.7484296323791857	0.6658383766464934	1.0
104_OMC-288	5.0	5.0	1.7248030522551139	0.6623338842975207	1.0
105_OMC-288	5.0	5.0	1.7015461635830709	0.66311955062623	1.0
106_OMC-288	5.0	5.0	1.7037313660899198	0.6581840175882694	1.0
107_OMC-288	5.0	5.0	1.7816112291720647	0.6747404844290656	1.0
108_OMC-288	5.0	5.0	1.7301215269004362	0.6660649994037048	1.0
109_OMC-288	5.0	5.0	1.7353134070790435	0.6659378181533402	1.0
10_OMC-288	5.0	5.0	1.7311135393973986	0.6687256083562902	1.0
110_OMC-288	5.0	5.0	1.7255567290944873	0.6599983166400134	1.0
111_OMC-288	5.0	5.0	1.7623514639265305	0.6748901254534324	1.0
112_OMC-288	5.0	5.0	1.6732498124835034	0.6540880091822019	1.0
113_OMC-288	5.0	5.0	1.699282585843709	0.6560955127693611	1.0
114_OMC-288	5.0	5.0	1.6724694217079619	0.6601206964780372	1.0
115_OMC-288	5.0	5.0	1.7186125600534792	0.6594246735707583	1.0
116_OMC-288	5.0	5.0	1.7430272825886277	0.6596666546766119	1.0
117_OMC-288	5.0	5.0	1.6713794600860505	0.6554819792602771	1.0
118_OMC-288	5.0	5.0	1.7107489303466754	0.6589328325723418	1.0
119_OMC-288	5.0	5.0	1.7678307564861633	0.6772606955986458	1.0
11_OMC-288	5.0	5.0	1.7462815074638045	0.6738935183740278	1.0
120_OMC-288	5.0	5.0	1.6915000268105056	0.6569537440512039	1.0
121_OMC-288	5.0	5.0	1.6808428798563078	0.6642314049586777	1.0
122_OMC-288	5.0	5.0	1.698704957475719	0.6514930180330811	1.0
123_OMC-288	5.0	5.0	1.7719063714814158	0.6718491312238513	1.0
124_OMC-288	5.0	5.0	1.6900754261796138	0.6593467496114473	1.0
125_OMC-288	5.0	5.0	1.768200354672671	0.6660179083002531	1.0
126_OMC-288	5.0	5.0	1.7322458334593567	0.6685553719008265	1.0
127_OMC-288	5.0	5.0	1.7247699929139926	0.6607195994885695	1.0
128_OMC-288	5.0	5.0	1.726265727454372	0.6597130102040816	1.0
129_OMC-288	5.0	5.0	1.7429552008117273	0.6713007193249043	1.0
12_OMC-288	5.0	5.0	1.6821000182353705	0.65260826446281	1.0
130_OMC-288	5.0	5.0	1.713816948442131	0.6685014448878492	1.0
131_OMC-288	5.0	5.0	1.690121574566986	0.6619155211827432	1.0
132_OMC-288	5.0	5.0	1.7230864248129865	0.6606063842773438	1.0
133_OMC-288	5.0	5.0	1.7930287683463968	0.6817653769996082	1.0
134_OMC-288	5.0	5.0	1.6850118740393016	0.6442421844083894	1.0
135_OMC-288	5.0	5.0	1.7199846320710868	0.662094669679981	1.0
136_OMC-288	5.0	5.0	1.732564500819286	0.662724159055469	1.0
137_OMC-288	5.0	5.0	1.7063833992642086	0.6587125046619426	1.0
138_OMC-288	5.0	5.0	1.7843232605955783	0.6754109499920484	1.0
139_OMC-288	5.0	5.0	1.7074869206921095	0.6539937474003408	1.0
13_OMC-288	5.0	5.0	1.728375556905896	0.6631603223174917	1.0
140_OMC-288	5.0	5.0	1.7632044199778427	0.6703042864812896	1.0
141_OMC-288	5.0	5.0	1.7280356998281663	0.652237094188638	1.0
142_OMC-288	5.0	5.0	1.7795811868882896	0.6776680529300567	1.0
143_OMC-288	5.0	5.0	1.7381979716829286	0.6689967968914095	1.0
144_OMC-288	5.0	5.0	1.691825318299861	0.650295296482663	1.0
145_OMC-288	5.0	5.0	1.7345639952126402	0.6664523217920064	1.0
146_OMC-288	5.0	5.0	1.700255835870061	0.6536324815853843	1.0
147_OMC-288	5.0	5.0	1.7620075450140016	0.6782436490544599	1.0
148_OMC-288	5.0	5.0	1.7780609276604644	0.6756826446280991	1.0
149_OMC-288	5.0	5.0	1.7583225672069942	0.6745408163265307	1.0
14_OMC-288	5.0	5.0	1.6791749031762557	0.6569525422731182	1.0
150_OMC-288	5.0	5.0	1.7311820376647138	0.6651742611831426	1.0
151_OMC-288	5.0	5.0	1.7614299496609933	0.6746653458224621	1.0
152_OMC-288	5.0	5.0	1.7344861872350221	0.664582399629892	1.0
153_OMC-288	5.0	5.0	1.773894405349361	0.6757253863942531	1.0
154_OMC-288	5.0	5.0	1.7130860970646606	0.6590977119526826	1.0
155_OMC-288	5.0	5.0	1.7368230949684376	0.6623797265719062	1.0
156_OMC-288	5.0	5.0	1.7374761520271413	0.6617807400376656	1.0
157_OMC-288	5.0	5.0	1.7207495623025388	0.6522942692841562	1.0
158_OMC-288	5.0	5.0	1.7811510663321453	0.6759177432703503	1.0
159_OMC-288	5.0	5.0	1.7695853171437355	0.679118493260163	1.0
15_OMC-288	5.0	5.0	1.7085001156859116	0.6573199181535012	1.0
160_OMC-288	5.0	5.0	1.726371387017237	0.6677229515617926	1.0
161_OMC-288	5.0	5.0	1.6761395785499138	0.6533290816326531	1.0
162_OMC-288	5.0	5.0	1.7403475811980258	0.6620228412080817	1.0
163_OMC-288	5.0	5.0	1.8172756113409976	0.6839107908076719	1.0
164_OMC-288	5.0	5.0	1.718186072964138	0.6601866744342143	1.0
165_OMC-288	5.0	5.0	1.7440746532997338	0.6684374051116271	1.0
166_OMC-288	5.0	5.0	1.7331084685624272	0.6576975375153685	1.0
167_OMC-288	5.0	5.0	1.6863629668669635	0.6540645501973537	1.0
168_OMC-288	5.0	5.0	1.722204964764429	0.6606017867109613	1.0
169_OMC-288	5.0	5.0	1.6811352377047928	0.6519998582917065	1.0
16_OMC-288	5.0	5.0	1.7148977010039734	0.6660037282083595	1.0
170_OMC-288	5.0	5.0	1.7488089006748344	0.6604174910961614	1.0
171_OMC-288	5.0	5.0	1.7797985701790768	0.6786785855980956	1.0
172_OMC-288	5.0	5.0	1.730982772559252	0.6655784154664384	1.0
173_OMC-288	5.0	5.0	1.7421465764517696	0.6679552335640139	1.0
174_OMC-288	5.0	5.0	1.6972922808290927	0.6563867511694583	1.0
175_OMC-288	5.0	5.0	1.709241482255382	0.6642838123580546	1.0
176_OMC-288	5.0	5.0	1.7383933358735424	0.6696387088994578	1.0
177_OMC-288	5.0	5.0	1.6731083298659095	0.6514584646082755	1.0
178_OMC-288	5.0	5.0	1.6793378964841106	0.6452492386074496	1.0
179_OMC-288	5.0	5.0	1.797016115525015	0.6825983471074379	1.0
17_OMC-288	5.0	5.0	1.802898912141203	0.678013007823546	1.0
180_OMC-288	5.0	5.0	1.7299069551496271	0.6640850408332926	1.0
181_OMC-288	5.0	5.0	1.6461018764976452	0.6476429752066115	1.0
182_OMC-288	5.0	5.0	1.7701219348845354	0.6688013694472434	1.0
183_OMC-288	5.0	5.0	1.6815458424838465	0.6646501574512196	1.0
184_OMC-288	5.0	5.0	1.767334909639287	0.6706183405861007	1.0
185_OMC-288	5.0	5.0	1.7536142889637791	0.6660941828254847	1.0
186_OMC-288	5.0	5.0	1.7331264216202242	0.6560220813842361	1.0
187_OMC-288	5.0	5.0	1.7273887581468637	0.6659168350469973	1.0
188_OMC-288	5.0	5.0	1.7724615414261204	0.6766598079561043	1.0
189_OMC-288	5.0	5.0	1.70929692465231	0.6627808172209717	1.0
18_OMC-288	5.0	5.0	1.7771777860955777	0.6719898655744592	1.0
190_OMC-288	5.0	5.0	1.745390322983606	0.6683932574308836	1.0
191_OMC-288	5.0	5.0	1.7265005810572343	0.6596227709190672	1.0
192_OMC-288	5.0	5.0	1.7277085790633995	0.6675763984751966	1.0
193_OMC-288	5.0	5.0	1.7564161391796576	0.6686000950655824	1.0
194_OMC-288	5.0	5.0	1.6708890523917537	0.6469003256244603	1.0
195_OMC-288	5.0	5.0	1.7390765140723916	0.6626277812081458	1.0
196_OMC-288	5.0	5.0	1.6651506852180922	0.6552180582949814	1.0
197_OMC-288	5.0	5.0	1.7239537078380571	0.670296242188134	1.0
198_OMC-288	5.0	5.0	1.6881636644162323	0.6486203440730454	1.0
199_OMC-288	5.0	5.0	1.7517853372016796	0.6675333963884776	1.0
19_OMC-288	5.0	5.0	1.679397294063781	0.6448552772432974	1.0
1_OMC-288	5.0	5.0	1.735873647441956	0.6703239350722462	1.0
200_OMC-288	5.0	5.0	1.740043677614756	0.6606008015007435	1.0
201_OMC-288	5.0	5.0	1.7064038674655768	0.662813091379344	1.0
202_OMC-288	5.0	5.0	1.6942863182704055	0.6547560200550808	1.0
203_OMC-288	5.0	5.0	1.737945267811339	0.6674022610826464	1.0
204_OMC-288	5.0	5.0	1.7314076356368553	0.6559477929260411	1.0
205_OMC-288	5.0	5.0	1.7107395309151365	0.6502944444444445	1.0
206_OMC-288	5.0	5.0	1.718112785473461	0.6665198040761253	1.0
207_OMC-288	5.0	5.0	1.7628630112748527	0.6749259432624597	1.0
208_OMC-288	5.0	5.0	1.7236161622011468	0.6590523925131178	1.0
209_OMC-288	5.0	5.0	1.7282081797382454	0.6632546847829108	1.0
20_OMC-288	5.0	5.0	1.7923749256328882	0.6802716514254976	1.0
210_OMC-288	5.0	5.0	1.7720787853906892	0.6754406966813298	1.0
211_OMC-288	5.0	5.0	1.723162886030507	0.6689638346440114	1.0
212_OMC-288	5.0	5.0	1.726043734456928	0.6628328781740827	1.0
213_OMC-288	5.0	5.0	1.7193611014825643	0.6632404481470842	1.0
214_OMC-288	5.0	5.0	1.7918549884059451	0.6804487326154832	1.0
215_OMC-288	5.0	5.0	1.7567435866884318	0.6681579897155885	1.0
216_OMC-288	5.0	5.0	1.7338795216835774	0.6672764049994382	1.0
217_OMC-288	5.0	5.0	1.7145329483007612	0.6528641327854671	1.0
218_OMC-288	5.0	5.0	1.6873744395379124	0.6590741517153638	1.0
219_OMC-288	5.0	5.0	1.7075216165663794	0.6565823402978018	1.0
21_OMC-288	5.0	5.0	1.6622364348781447	0.655662207815924	1.0
220_OMC-288	5.0	5.0	1.7409168390301986	0.664997809625133	1.0
221_OMC-288	5.0	5.0	1.737654785861076	0.6630267885094141	1.0
222_OMC-288	5.0	5.0	1.7459417083603905	0.6696069586911245	1.0
223_OMC-288	5.0	5.0	1.6762168637711374	0.6442333477406308	1.0
224_OMC-288	5.0	5.0	1.754702542346712	0.6703810151781404	1.0
225_OMC-288	5.0	5.0	1.778210727504056	0.6774837784304351	1.0
226_OMC-288	5.0	5.0	1.7591071444605473	0.6683579799808863	1.0
227_OMC-288	5.0	5.0	1.733067896921754	0.6623482401425707	1.0
228_OMC-288	5.0	5.0	1.7610462710353196	0.6692117519259824	1.0
229_OMC-288	5.0	5.0	1.708947913476962	0.6582809917355372	1.0
22_OMC-288	5.0	5.0	1.7129645015325625	0.6597285304249657	1.0
230_OMC-288	5.0	5.0	1.7222639771360635	0.6679373361532908	1.0
231_OMC-288	5.0	5.0	1.704345151847756	0.660473183146385	1.0
232_OMC-288	5.0	5.0	1.7144341685966644	0.6618514405675865	1.0
233_OMC-288	5.0	5.0	1.7620629843045332	0.6683960253609675	1.0
234_OMC-288	5.0	5.0	1.7212256648982	0.6627635818870485	1.0
235_OMC-288	5.0	5.0	1.75592427096683	0.6680004379547513	1.0
236_OMC-288	5.0	5.0	1.6798302061802073	0.65670112167396	1.0
237_OMC-288	5.0	5.0	1.7102805525732778	0.6600986764821051	1.0
238_OMC-288	5.0	5.0	1.7715144354358086	0.6707356925967785	1.0
239_OMC-288	5.0	5.0	1.7053847219690526	0.6586182089130407	1.0
23_OMC-288	5.0	5.0	1.7419104834030597	0.6692209892068932	1.0
240_OMC-288	5.0	5.0	1.7061029157820098	0.6550754078177901	1.0
241_OMC-288	5.0	5.0	1.7290700781869226	0.6621818181818182	1.0
242_OMC-288	5.0	5.0	1.737322230507209	0.6740916619222607	1.0
243_OMC-288	5.0	5.0	1.7431480165452966	0.6732417808287852	1.0
244_OMC-288	5.0	5.0	1.6981198456213642	0.6610452534741322	1.0
245_OMC-288	5.0	5.0	1.7481966312680914	0.6644385696954302	1.0
246_OMC-288	5.0	5.0	1.7340834579272733	0.6668999277326697	1.0
247_OMC-288	5.0	5.0	1.7499694427568302	0.6640800983955446	1.0
248_OMC-288	5.0	5.0	1.762504519305229	0.6768156974367514	1.0
249_OMC-288	5.0	5.0	1.7196273845309447	0.6618572533974327	1.0
24_OMC-288	5.0	5.0	1.7018845679255892	0.6635283425232255	1.0
250_OMC-288	5.0	5.0	1.7780639141833352	0.6793955804000349	1.0
251_OMC-288	5.0	5.0	1.7167890206362464	0.6621799653973747	1.0
252_OMC-288	5.0	5.0	1.739959712622291	0.6679196211376223	1.0
253_OMC-288	5.0	5.0	1.738416736486747	0.6700358351334141	1.0
254_OMC-288	5.0	5.0	1.8185154902349752	0.6870593370387449	1.0
255_OMC-288	5.0	5.0	1.7664353818101097	0.6722937216532128	1.0
256_OMC-288	5.0	5.0	1.694989362750245	0.6478638941398867	1.0
257_OMC-288	5.0	5.0	1.7531198894847484	0.6690647482014389	1.0
258_OMC-288	5.0	5.0	1.6741049802286796	0.6527555620183219	1.0
259_OMC-288	5.0	5.0	1.723191579581536	0.6644277964350296	1.0
25_OMC-288	5.0	5.0	1.7300098802856454	0.6650646150659857	1.0
260_OMC-288	5.0	5.0	1.7200133084963247	0.6658660238147418	1.0
261_OMC-288	5.0	5.0	1.7051414179268765	0.6528986941036803	1.0
262_OMC-288	5.0	5.0	1.7142153650399046	0.6595107817195676	1.0
263_OMC-288	5.0	5.0	1.7935009431005062	0.6801221708826062	1.0
264_OMC-288	5.0	5.0	1.6910643063634165	0.6475089281223279	1.0
265_OMC-288	5.0	5.0	1.7354702582634767	0.6688184394860717	1.0
266_OMC-288	5.0	5.0	1.7028102269276575	0.6575470657633962	1.0
267_OMC-288	5.0	5.0	1.6898520993078272	0.6501077392426389	1.0
268_OMC-288	5.0	5.0	1.7504427283662511	0.6667463894137303	1.0
269_OMC-288	5.0	5.0	1.66680880549633	0.6523157001557731	1.0
26_OMC-288	5.0	5.0	1.7302438339048163	0.6610958787947312	1.0
270_OMC-288	5.0	5.0	1.7315736538932094	0.6728921607016993	1.0
271_OMC-288	5.0	5.0	1.800869878407192	0.6812797882863786	1.0
272_OMC-288	5.0	5.0	1.779669114140111	0.6790661535286333	1.0
273_OMC-288	5.0	5.0	1.758592496654271	0.6730735686779643	1.0
274_OMC-288	5.0	5.0	1.7690933427334756	0.6667836165713839	1.0
275_OMC-288	5.0	5.0	1.739176273381976	0.672375853694535	1.0
276_OMC-288	5.0	5.0	1.755029606223296	0.6649984610649431	1.0
277_OMC-288	5.0	5.0	1.71215008774727	0.6598511141290679	1.0
278_OMC-288	5.0	5.0	1.7526362134697682	0.6757147186287288	1.0
279_OMC-288	5.0	5.0	1.7157976881106536	0.6588790026106879	1.0
27_OMC-288	5.0	5.0	1.7250834386382758	0.6685439231563638	1.0
280_OMC-288	5.0	5.0	1.7128923437354253	0.6646370773914436	1.0
281_OMC-288	5.0	5.0	1.7243501029569803	0.660952976480182	1.0
282_OMC-288	5.0	5.0	1.7182309943059042	0.663742725805663	1.0
283_OMC-288	5.0	5.0	1.6892435254329243	0.6547942040071554	1.0
284_OMC-288	5.0	5.0	1.7171626376328473	0.6575777087240933	1.0
285_OMC-288	5.0	5.0	1.714197145433607	0.654290860678205	1.0
286_OMC-288	5.0	5.0	1.749158955268771	0.6674776859504132	1.0
287_OMC-288	5.0	5.0	1.7122906404128428	0.6712530019230711	1.0
288_OMC-288	5.0	5.0	1.6956687877177974	0.6617095139801088	1.0
289_OMC-288	5.0	5.0	1.7255463029105922	0.6629619834710743	1.0
28_OMC-288	5.0	5.0	1.729819865236418	0.6606340094436818	1.0
290_OMC-288	5.0	5.0	1.6921845824266117	0.6557795319484994	1.0
291_OMC-288	5.0	5.0	1.760586919282638	0.6723049254358328	1.0
292_OMC-288	5.0	5.0	1.7704815274162744	0.6750545454545455	1.0
293_OMC-288	5.0	5.0	1.7213875832831507	0.6592144802403987	1.0
294_OMC-288	5.0	5.0	1.7334120647313096	0.6643759189245957	1.0
295_OMC-288	5.0	5.0	1.7698378455582036	0.677967366346842	1.0
296_OMC-288	5.0	5.0	1.7461164172641004	0.6661328875626865	1.0
297_OMC-288	5.0	5.0	1.6979989127588213	0.6594211091638871	1.0
298_OMC-288	5.0	5.0	1.6994921619743333	0.6586260764545264	1.0
299_OMC-288	5.0	5.0	1.7223527092696809	0.6735553077169938	1.0
29_OMC-288	5.0	5.0	1.7178745046058037	0.6641200951248514	1.0
2_OMC-288	5.0	5.0	1.7402403501307602	0.6673367262715142	1.0
300_OMC-288	5.0	5.0	1.7585067483079833	0.6752463647210013	1.0
301_OMC-288	5.0	5.0	1.7107723920453994	0.6633739130434783	1.0
302_OMC-288	5.0	5.0	1.7194570849263624	0.6587872494016033	1.0
303_OMC-288	5.0	5.0	1.7120884855305214	0.6595088981410069	1.0
304_OMC-288	5.0	5.0	1.7521929041760336	0.6682429069188651	1.0
305_OMC-288	5.0	5.0	1.7088726855397285	0.6679066142345981	1.0
306_OMC-288	5.0	5.0	1.7142334183965975	0.6576181405895691	1.0
307_OMC-288	5.0	5.0	1.7402368468498541	0.6598584609871898	1.0
308_OMC-288	5.0	5.0	1.7652955170092821	0.6740185241868744	1.0
309_OMC-288	5.0	5.0	1.6569638415995152	0.6535962350189276	1.0
30_OMC-288	5.0	5.0	1.7361257350344188	0.6674442997685185	1.0
310_OMC-288	5.0	5.0	1.6966307686600075	0.6630611141157383	1.0
311_OMC-288	5.0	5.0	1.7208771510909064	0.6579204666965328	1.0
312_OMC-288	5.0	5.0	1.7525290515542888	0.6665393065240233	1.0
313_OMC-288	5.0	5.0	1.7502672618717825	0.6625012433641196	1.0
314_OMC-288	5.0	5.0	1.706245312338692	0.6449464922711058	1.0
315_OMC-288	5.0	5.0	1.7702092653733281	0.6803157086751044	1.0
316_OMC-288	5.0	5.0	1.7436993429026164	0.6700046198604053	1.0
317_OMC-288	5.0	5.0	1.7595295200582444	0.6651864399020304	1.0
318_OMC-288	5.0	5.0	1.749700350894506	0.657299639998602	1.0
319_OMC-288	5.0	5.0	1.7243775165235844	0.6628766044907626	1.0
31_OMC-288	5.0	5.0	1.7465853574275005	0.674877742282245	1.0
320_OMC-288	5.0	5.0	1.750182328767009	0.6668118426823619	1.0
321_OMC-288	5.0	5.0	1.7088051733595764	0.6581058673469389	1.0
322_OMC-288	5.0	5.0	1.7493933665072467	0.6701160050351926	1.0
323_OMC-288	5.0	5.0	1.7185837664575165	0.650438556477994	1.0
324_OMC-288	5.0	5.0	1.6936279413843753	0.6598066165123457	1.0
325_OMC-288	5.0	5.0	1.741825809626661	0.6631570028109239	1.0
326_OMC-288	5.0	5.0	1.7595794575149157	0.6690367277096376	1.0
327_OMC-288	5.0	5.0	1.7040779498986196	0.658818084727661	1.0
328_OMC-288	5.0	5.0	1.7665654737658056	0.6721904756376806	1.0
329_OMC-288	5.0	5.0	1.7873832150752478	0.673057688148789	1.0
32_OMC-288	5.0	5.0	1.7444535811866428	0.6682744399007374	1.0
330_OMC-288	5.0	5.0	1.7290254864608168	0.6691795304100274	1.0
331_OMC-288	5.0	5.0	1.7164355198144492	0.6682907082652634	1.0
332_OMC-288	5.0	5.0	1.706034075584101	0.6634077404067262	1.0
333_OMC-288	5.0	5.0	1.748242547842594	0.6725089179548156	1.0
334_OMC-288	5.0	5.0	1.7650064114265844	0.6789462867544516	1.0
335_OMC-288	5.0	5.0	1.727910272886426	0.6613812207469673	1.0
336_OMC-288	5.0	5.0	1.689317969366637	0.6552420497492848	1.0
337_OMC-288	5.0	5.0	1.7276889311857988	0.6638153452932098	1.0
338_OMC-288	5.0	5.0	1.736439666337787	0.6687560065577478	1.0
339_OMC-288	5.0	5.0	1.741108440935341	0.6641421234598726	1.0
33_OMC-288	5.0	5.0	1.7236150532170753	0.6647509578544062	1.0
340_OMC-288	5.0	5.0	1.708974706328802	0.657302479338843	1.0
341_OMC-288	5.0	5.0	1.6801249049106521	0.6552455641603765	1.0
342_OMC-288	5.0	5.0	1.6892610375294264	0.6527318315479942	1.0
343_OMC-288	5.0	5.0	1.7437175435946612	0.65776627530194	1.0
344_OMC-288	5.0	5.0	1.735136522705833	0.6577268368053706	1.0
345_OMC-288	5.0	5.0	1.713152163229531	0.6572307652779383	1.0
346_OMC-288	5.0	5.0	1.6556139431357486	0.6440854542619301	1.0
347_OMC-288	5.0	5.0	1.678162397075171	0.6490186603345482	1.0
348_OMC-288	5.0	5.0	1.7318493572163747	0.6608585448688333	1.0
349_OMC-288	5.0	5.0	1.7292045880827667	0.6604534338026307	1.0
34_OMC-288	5.0	5.0	1.723451439106164	0.6611449676823637	1.0
350_OMC-288	5.0	5.0	1.7563039804465796	0.6626127756738694	1.0
351_OMC-288	5.0	5.0	1.6733004306603418	0.6419797319627751	1.0
352_OMC-288	5.0	5.0	1.8064576371687153	0.6821108688862317	1.0
353_OMC-288	5.0	5.0	1.7344906803780251	0.6623093414631902	1.0
354_OMC-288	5.0	5.0	1.7579611934597172	0.6739941663419184	1.0
355_OMC-288	5.0	5.0	1.7741142575193938	0.67499721541546	1.0
356_OMC-288	5.0	5.0	1.723515559718452	0.6566152379089443	1.0
357_OMC-288	5.0	5.0	1.7124961169176847	0.6561001545976672	1.0
358_OMC-288	5.0	5.0	1.7310314024889495	0.6634453726752596	1.0
359_OMC-288	5.0	5.0	1.7682428438028353	0.6702674394025914	1.0
35_OMC-288	5.0	5.0	1.7611241437510927	0.6738992585848075	1.0
360_OMC-288	5.0	5.0	1.7259860032966887	0.6649034013605442	1.0
361_OMC-288	5.0	5.0	1.7097302927008147	0.6566510481497154	1.0
362_OMC-288	5.0	5.0	1.7565240073033548	0.6700044127259034	1.0
363_OMC-288	5.0	5.0	1.752864763674739	0.6662249719275	1.0
364_OMC-288	5.0	5.0	1.7537313843101134	0.6692096948057363	1.0
365_OMC-288	5.0	5.0	1.7124890871928775	0.6633228668755402	1.0
366_OMC-288	5.0	5.0	1.7632964565293865	0.6692199642932157	1.0
367_OMC-288	5.0	5.0	1.6884798358149318	0.6531653477717618	1.0
368_OMC-288	5.0	5.0	1.762903828143087	0.668584038339283	1.0
369_OMC-288	5.0	5.0	1.7355042324370462	0.6656184634518627	1.0
36_OMC-288	5.0	5.0	1.7792744497366433	0.6751133721303683	1.0
370_OMC-288	5.0	5.0	1.7605462682857584	0.6689933510519298	1.0
371_OMC-288	5.0	5.0	1.7620322080063724	0.6716765983515259	1.0
372_OMC-288	5.0	5.0	1.700413628997539	0.6590911320464734	1.0
373_OMC-288	5.0	5.0	1.7718615203401347	0.675094214876033	1.0
374_OMC-288	5.0	5.0	1.6967994794790668	0.6660427484603308	1.0
375_OMC-288	5.0	5.0	1.7448748429476986	0.6682657913563101	1.0
376_OMC-288	5.0	5.0	1.724124565981343	0.6628440103418558	1.0
377_OMC-288	5.0	5.0	1.7345699066824338	0.6719124620384678	1.0
378_OMC-288	5.0	5.0	1.7172556490495177	0.6559415718733768	1.0
379_OMC-288	5.0	5.0	1.7762227696909016	0.6713637836086817	1.0
37_OMC-288	5.0	5.0	1.7552932727994952	0.6764211766686306	1.0
380_OMC-288	5.0	5.0	1.769408459562178	0.6685440126157648	1.0
381_OMC-288	5.0	5.0	1.6807956198758902	0.6465651039474791	1.0
382_OMC-288	5.0	5.0	1.7391194805273316	0.6702923611413032	1.0
383_OMC-288	5.0	5.0	1.7243078272868657	0.6601488527766768	1.0
384_OMC-288	5.0	5.0	1.725579489535686	0.6603428578246695	1.0
385_OMC-288	5.0	5.0	1.7201029800041614	0.657748315367235	1.0
386_OMC-288	5.0	5.0	1.7636206271858779	0.6714545870760316	1.0
387_OMC-288	5.0	5.0	1.695933252571503	0.6540936512496409	1.0
388_OMC-288	5.0	5.0	1.7136836445219295	0.6595103441688268	1.0
389_OMC-288	5.0	5.0	1.7032444875039114	0.652983727242018	1.0
38_OMC-288	5.0	5.0	1.7542861088246893	0.665274113972252	1.0
390_OMC-288	5.0	5.0	1.738524820459493	0.6732569340215885	1.0
391_OMC-288	5.0	5.0	1.7041086935078018	0.6708757723118142	1.0
392_OMC-288	5.0	5.0	1.7671873258633162	0.6713823977896233	1.0
393_OMC-288	5.0	5.0	1.715516584555896	0.6588346601116177	1.0
394_OMC-288	5.0	5.0	1.7338705139333828	0.6652549142454383	1.0
395_OMC-288	5.0	5.0	1.7208183044832404	0.66090300688095	1.0
396_OMC-288	5.0	5.0	1.7599072780510918	0.66784522665735	1.0
397_OMC-288	5.0	5.0	1.6955931187879916	0.6570482162468558	1.0
398_OMC-288	5.0	5.0	1.7249749656028937	0.662446167378985	1.0
399_OMC-288	5.0	5.0	1.7347705253302808	0.664040371599113	1.0
39_OMC-288	5.0	5.0	1.7412602764747438	0.6677551020408163	1.0
3_OMC-288	5.0	5.0	1.7472132037694157	0.6732231439471902	1.0
400_OMC-288	5.0	5.0	1.7030297721562337	0.6594126691175817	1.0
401_OMC-288	5.0	5.0	1.7103314228298043	0.6570835756114145	1.0
402_OMC-288	5.0	5.0	1.7256411831784544	0.6632808860825009	1.0
403_OMC-288	5.0	5.0	1.7477067579054546	0.6699429199352889	1.0
404_OMC-288	5.0	5.0	1.715164908184496	0.6650304325921488	1.0
405_OMC-288	5.0	5.0	1.8022207586173251	0.6745231498747936	1.0
406_OMC-288	5.0	5.0	1.64301716934875	0.6440064691209122	1.0
407_OMC-288	5.0	5.0	1.7485679204111597	0.6695206611570248	1.0
408_OMC-288	5.0	5.0	1.6920129446550187	0.6532206632653061	1.0
409_OMC-288	5.0	5.0	1.744682889644801	0.669138752362949	1.0
40_OMC-288	5.0	5.0	1.763529788751973	0.6679310039133244	1.0
410_OMC-288	5.0	5.0	1.7080295682962556	0.6571945796526651	1.0
411_OMC-288	5.0	5.0	1.7746797875459452	0.6664854630421824	1.0
412_OMC-288	5.0	5.0	1.7830656184065345	0.6773775234917697	1.0
413_OMC-288	5.0	5.0	1.689987902871277	0.653238052107198	1.0
414_OMC-288	5.0	5.0	1.7115530081790518	0.6609551676254711	1.0
415_OMC-288	5.0	5.0	1.737111282343806	0.6596191547434076	1.0
416_OMC-288	5.0	5.0	1.8239939610440226	0.688243171431608	1.0
417_OMC-288	5.0	5.0	1.773260735521236	0.6789569173966783	1.0
418_OMC-288	5.0	5.0	1.7359050228809785	0.6668925165588075	1.0
419_OMC-288	5.0	5.0	1.7292348145350454	0.6666980893864152	1.0
41_OMC-288	5.0	5.0	1.7125471653204045	0.6519467176816522	1.0
420_OMC-288	5.0	5.0	1.7899595471453211	0.6751594387755102	1.0
421_OMC-288	5.0	5.0	1.6743593935738765	0.6479693006500118	1.0
422_OMC-288	5.0	5.0	1.801838441026663	0.6864385907299682	1.0
423_OMC-288	5.0	5.0	1.7423480327616097	0.66018823748675	1.0
424_OMC-288	5.0	5.0	1.7679966806316423	0.673084064552409	1.0
425_OMC-288	5.0	5.0	1.7727820752388825	0.6768843736264522	1.0
426_OMC-288	5.0	5.0	1.7138810873602548	0.6537315689981096	1.0
427_OMC-288	5.0	5.0	1.7264172256656645	0.6624068944290551	1.0
428_OMC-288	5.0	5.0	1.7969216367408303	0.6747885345789524	1.0
429_OMC-288	5.0	5.0	1.7011459505951914	0.6579021658727635	1.0
42_OMC-288	5.0	5.0	1.7769109186188383	0.6704448717818272	1.0
430_OMC-288	5.0	5.0	1.692297604451582	0.6519280239524903	1.0
431_OMC-288	5.0	5.0	1.77395684046932	0.6703601108033241	1.0
432_OMC-288	5.0	5.0	1.7183380260781482	0.6608312642904235	1.0
433_OMC-288	5.0	5.0	1.7277205492789713	0.6664659132509063	1.0
434_OMC-288	5.0	5.0	1.6992006383105693	0.660564803804994	1.0
435_OMC-288	5.0	5.0	1.7127744232333082	0.6523136091820987	1.0
436_OMC-288	5.0	5.0	1.730336704795169	0.6642591192855744	1.0
437_OMC-288	5.0	5.0	1.7694252244780113	0.674146657538266	1.0
438_OMC-288	5.0	5.0	1.7295986364677491	0.671312699274013	1.0
439_OMC-288	5.0	5.0	1.757676515848201	0.6671559889552969	1.0
43_OMC-288	5.0	5.0	1.6623684482950722	0.6469171497892232	1.0
440_OMC-288	5.0	5.0	1.7633595554208419	0.6651593052373594	1.0
441_OMC-288	5.0	5.0	1.7348568997523521	0.6611774015807252	1.0
442_OMC-288	5.0	5.0	1.689528399279364	0.6687363109757283	1.0
443_OMC-288	5.0	5.0	1.7812283250607872	0.6805806995480992	1.0
444_OMC-288	5.0	5.0	1.7854444337308775	0.6754987541514461	1.0
445_OMC-288	5.0	5.0	1.718311977871731	0.6667664419726775	1.0
446_OMC-288	5.0	5.0	1.67303532460695	0.6440948644434383	1.0
447_OMC-288	5.0	5.0	1.672829794623751	0.6551808912582164	1.0
448_OMC-288	5.0	5.0	1.717529948651332	0.6540966051288477	1.0
449_OMC-288	5.0	5.0	1.6797876968762335	0.6576450996950982	1.0
44_OMC-288	5.0	5.0	1.7361464295572506	0.6594846894823401	1.0
450_OMC-288	5.0	5.0	1.7289856288686816	0.6678875810822724	1.0
451_OMC-288	5.0	5.0	1.6958662796891273	0.6573528876154864	1.0
452_OMC-288	5.0	5.0	1.707837334464926	0.6565544004877917	1.0
453_OMC-288	5.0	5.0	1.7501168192537206	0.6704311226848745	1.0
454_OMC-288	5.0	5.0	1.776433781611695	0.6739812854313231	1.0
455_OMC-288	5.0	5.0	1.6457994872416857	0.6557844330817304	1.0
456_OMC-288	5.0	5.0	1.725285401408768	0.6573103959013706	1.0
457_OMC-288	5.0	5.0	1.7172693943938788	0.6608367212762818	1.0
458_OMC-288	5.0	5.0	1.73008672372662	0.6585793063029464	1.0
459_OMC-288	5.0	5.0	1.7011502629990223	0.644266405637659	1.0
45_OMC-288	5.0	5.0	1.7280049717489436	0.6689635409633038	1.0
460_OMC-288	5.0	5.0	1.7769323786328612	0.6754942720483781	1.0
461_OMC-288	5.0	5.0	1.6993194971217531	0.6505817830730489	1.0
462_OMC-288	5.0	5.0	1.7445018412054243	0.6672053591210625	1.0
463_OMC-288	5.0	5.0	1.7664185451447882	0.670473748616048	1.0
464_OMC-288	5.0	5.0	1.704855473472224	0.66019890260631	1.0
465_OMC-288	5.0	5.0	1.6715194950595362	0.6475636363636363	1.0
466_OMC-288	5.0	5.0	1.7575041432603529	0.6638531391733936	1.0
467_OMC-288	5.0	5.0	1.7124377328525922	0.6564862948960303	1.0
468_OMC-288	5.0	5.0	1.6915581971545355	0.6632383735086438	1.0
469_OMC-288	5.0	5.0	1.721533887635643	0.6553551753397246	1.0
46_OMC-288	5.0	5.0	1.7636447110661362	0.6723244228930905	1.0
470_OMC-288	5.0	5.0	1.7130568462060705	0.6575518389941828	1.0
471_OMC-288	5.0	5.0	1.7538993689196847	0.6709940240720478	1.0
472_OMC-288	5.0	5.0	1.7076613461429537	0.6645066332782781	1.0
473_OMC-288	5.0	5.0	1.6950140056761185	0.6602451099748397	1.0
474_OMC-288	5.0	5.0	1.7816903551133156	0.6770794542507652	1.0
475_OMC-288	5.0	5.0	1.7254907491189604	0.6658160863566269	1.0
476_OMC-288	5.0	5.0	1.6772681554867843	0.6524751282581904	1.0
477_OMC-288	5.0	5.0	1.7300989837063778	0.6576612056290695	1.0
478_OMC-288	5.0	5.0	1.792024681432568	0.6760538412636314	1.0
479_OMC-288	5.0	5.0	1.7131521438777317	0.6600255102040817	1.0
47_OMC-288	5.0	5.0	1.7744006074425294	0.6752026523212611	1.0
480_OMC-288	5.0	5.0	1.7614332301107407	0.6657917355371901	1.0
481_OMC-288	5.0	5.0	1.7702805226127862	0.6722938986972486	1.0
482_OMC-288	5.0	5.0	1.7156214970421597	0.6601577503429356	1.0
483_OMC-288	5.0	5.0	1.79153236936948	0.6808196597353497	1.0
484_OMC-288	5.0	5.0	1.7282929084436578	0.6646595805802931	1.0
485_OMC-288	5.0	5.0	1.7582256931879863	0.6784542333260282	1.0
486_OMC-288	5.0	5.0	1.6985815321756657	0.6564335500039158	1.0
487_OMC-288	5.0	5.0	1.7092285772271838	0.6578990051903114	1.0
488_OMC-288	5.0	5.0	1.7542086530665866	0.6758826588449207	1.0
489_OMC-288	5.0	5.0	1.7541102901162642	0.674683882945634	1.0
48_OMC-288	5.0	5.0	1.6946993296003012	0.671578947368421	1.0
490_OMC-288	5.0	5.0	1.7131726010992658	0.6631818239384	1.0
491_OMC-288	5.0	5.0	1.7442836439996836	0.6643456378602179	1.0
492_OMC-288	5.0	5.0	1.7498889307881538	0.6668263038548753	1.0
493_OMC-288	5.0	5.0	1.7087529280397538	0.6597997189452179	1.0
494_OMC-288	5.0	5.0	1.6757979766308642	0.6491062128087548	1.0
495_OMC-288	5.0	5.0	1.7320467476774168	0.6597540919414207	1.0
496_OMC-288	5.0	5.0	1.7983529827052638	0.6785198314900023	1.0
497_OMC-288	5.0	5.0	1.7562288010901814	0.6688609727880892	1.0
498_OMC-288	5.0	5.0	1.7380772798538684	0.6631062785161674	1.0
499_OMC-288	5.0	5.0	1.7066402668369072	0.6596106385213192	1.0
49_OMC-288	5.0	5.0	1.7691188354336147	0.6721586310556134	1.0
4_OMC-288	5.0	5.0	1.7623363189767887	0.6759905851797743	1.0
500_OMC-288	5.0	5.0	1.7286228717818888	0.6561246936957006	1.0
501_OMC-288	5.0	5.0	1.716991107542929	0.6595636363636364	1.0
502_OMC-288	5.0	5.0	1.7641959200869675	0.6685434566522788	1.0
503_OMC-288	5.0	5.0	1.7193058196007822	0.6647299866558024	1.0
504_OMC-288	5.0	5.0	1.7084887840953318	0.6570992182721777	1.0
505_OMC-288	5.0	5.0	1.7389451010945267	0.6595530099373195	1.0
506_OMC-288	5.0	5.0	1.7605737886810162	0.6710631001371742	1.0
507_OMC-288	5.0	5.0	1.7858418380171537	0.6741811050256081	1.0
508_OMC-288	5.0	5.0	1.719359426672584	0.6576415143877337	1.0
509_OMC-288	5.0	5.0	1.7210552607999676	0.6604755790458559	1.0
50_OMC-288	5.0	5.0	1.7169033293104679	0.6506104252400549	1.0
510_OMC-288	5.0	5.0	1.7432700225278484	0.6697453219514953	1.0
511_OMC-288	5.0	5.0	1.6643585149261841	0.6459128222915944	1.0
512_OMC-288	5.0	5.0	1.7356366338997369	0.6694011940907028	1.0
513_OMC-288	5.0	5.0	1.761812715905963	0.6642209660396998	1.0
514_OMC-288	5.0	5.0	1.6803703828501608	0.65599173553719	1.0
515_OMC-288	5.0	5.0	1.7547894218312499	0.6726592759936578	1.0
516_OMC-288	5.0	5.0	1.745097201232908	0.6721387610712745	1.0
517_OMC-288	5.0	5.0	1.7639146318225705	0.6652741060596439	1.0
518_OMC-288	5.0	5.0	1.734934966624124	0.6625191973929003	1.0
519_OMC-288	5.0	5.0	1.7503731665239637	0.6712395853997223	1.0
51_OMC-288	5.0	5.0	1.7465588965387633	0.6645019503646333	1.0
520_OMC-288	5.0	5.0	1.7057266899638988	0.6575220610264979	1.0
521_OMC-288	5.0	5.0	1.762116756468969	0.6715354285654838	1.0
522_OMC-288	5.0	5.0	1.754916133585335	0.6683986088593356	1.0
523_OMC-288	5.0	5.0	1.7310348480696356	0.6670128291181723	1.0
524_OMC-288	5.0	5.0	1.7377487432418157	0.6657441605703258	1.0
525_OMC-288	5.0	5.0	1.7407116027436838	0.6683454051607063	1.0
526_OMC-288	5.0	5.0	1.7522180317387697	0.6705817541560297	1.0
527_OMC-288	5.0	5.0	1.7351359646210376	0.6617559487954399	1.0
528_OMC-288	5.0	5.0	1.7217753987240434	0.668731136101292	1.0
529_OMC-288	5.0	5.0	1.7264095605517147	0.668819817770381	1.0
52_OMC-288	5.0	5.0	1.7722870092769583	0.6736387868122768	1.0
530_OMC-288	5.0	5.0	1.7076824796493257	0.6685253772290809	1.0
531_OMC-288	5.0	5.0	1.7388061036317615	0.6650447454643259	1.0
532_OMC-288	5.0	5.0	1.7750069900067051	0.675204934664394	1.0
533_OMC-288	5.0	5.0	1.7304126333939345	0.665565515016342	1.0
534_OMC-288	5.0	5.0	1.7570351234670523	0.6692101163865705	1.0
535_OMC-288	5.0	5.0	1.7590769936558799	0.6706616445360936	1.0
536_OMC-288	5.0	5.0	1.73346346756656	0.6645670855189193	1.0
537_OMC-288	5.0	5.0	1.7095816680240836	0.6566799261395093	1.0
538_OMC-288	5.0	5.0	1.6994312032034364	0.6498620896278428	1.0
539_OMC-288	5.0	5.0	1.7648603206190774	0.6693175705413468	1.0
53_OMC-288	5.0	5.0	1.7144828428132208	0.6551679849635836	1.0
540_OMC-288	5.0	5.0	1.7534595334770475	0.6727005540290978	1.0
541_OMC-288	5.0	5.0	1.7533935417450208	0.6697563484126208	1.0
542_OMC-288	5.0	5.0	1.6958367363434466	0.6558909318501199	1.0
543_OMC-288	5.0	5.0	1.7543199479885079	0.6692029549454628	1.0
544_OMC-288	5.0	5.0	1.6851324243107706	0.6482973692091105	1.0
545_OMC-288	5.0	5.0	1.739292617437229	0.6592432387612112	1.0
546_OMC-288	5.0	5.0	1.791121637379183	0.6813298543893611	1.0
547_OMC-288	5.0	5.0	1.7255376105354825	0.6606371181951143	1.0
548_OMC-288	5.0	5.0	1.7452862320089957	0.6712797691818672	1.0
549_OMC-288	5.0	5.0	1.7673185738515589	0.6716669513842108	1.0
54_OMC-288	5.0	5.0	1.7651228460188386	0.6730448958528805	1.0
550_OMC-288	5.0	5.0	1.7624228135043871	0.6706710743801654	1.0
551_OMC-288	5.0	5.0	1.7035150278296727	0.6464943059402894	1.0
552_OMC-288	5.0	5.0	1.7388970993877837	0.6622133947518245	1.0
553_OMC-288	5.0	5.0	1.6873179453366371	0.6594584154723215	1.0
554_OMC-288	5.0	5.0	1.7032820846493388	0.6631876900138616	1.0
555_OMC-288	5.0	5.0	1.714012326819269	0.6581737486644201	1.0
556_OMC-288	5.0	5.0	1.7000107689159922	0.6590845701031987	1.0
557_OMC-288	5.0	5.0	1.7562287723082437	0.6658026684796465	1.0
558_OMC-288	5.0	5.0	1.725135184991527	0.665346952085138	1.0
559_OMC-288	5.0	5.0	1.7535319565881013	0.6686672822406894	1.0
55_OMC-288	5.0	5.0	1.6888883270400707	0.6646138896863731	1.0
560_OMC-288	5.0	5.0	1.7602220060625449	0.6672638001820648	1.0
561_OMC-288	5.0	5.0	1.730578774536714	0.6666367242022636	1.0
562_OMC-288	5.0	5.0	1.7251062563009674	0.6605841635171419	1.0
563_OMC-288	5.0	5.0	1.70551586269091	0.6582691479367405	1.0
564_OMC-288	5.0	5.0	1.7933344332473626	0.6792422393356619	1.0
565_OMC-288	5.0	5.0	1.7746148991029196	0.6691286830239278	1.0
566_OMC-288	5.0	5.0	1.6912543351030143	0.6515809787382694	1.0
567_OMC-288	5.0	5.0	1.7138243496948666	0.6612688266652865	1.0
568_OMC-288	5.0	5.0	1.741371438621977	0.671763244270322	1.0
569_OMC-288	5.0	5.0	1.7196159833572706	0.6621772209690355	1.0
56_OMC-288	5.0	5.0	1.7527973442279285	0.6739759412998997	1.0
570_OMC-288	5.0	5.0	1.7097750034766597	0.6639828009115258	1.0
571_OMC-288	5.0	5.0	1.7238581344102353	0.6631696643342258	1.0
572_OMC-288	5.0	5.0	1.7734846698565014	0.672988546679826	1.0
573_OMC-288	5.0	5.0	1.7109768353210235	0.6654813505589923	1.0
574_OMC-288	5.0	5.0	1.7805785284274875	0.6783158774584922	1.0
575_OMC-288	5.0	5.0	1.7685270829714392	0.674705098770829	1.0
576_OMC-288	5.0	5.0	1.6898913871950678	0.6580899037246177	1.0
577_OMC-288	5.0	5.0	1.6946236553442504	0.6473723607089894	1.0
578_OMC-288	5.0	5.0	1.7210781532654207	0.6675418122260697	1.0
579_OMC-288	5.0	5.0	1.7065971997957685	0.6603642236578302	1.0
57_OMC-288	5.0	5.0	1.7202256278482848	0.6590376483406886	1.0
580_OMC-288	5.0	5.0	1.735678647312461	0.6637306076493273	1.0
581_OMC-288	5.0	5.0	1.7300120262113188	0.6673445106775607	1.0
582_OMC-288	5.0	5.0	1.6972516369124142	0.6542974601635156	1.0
583_OMC-288	5.0	5.0	1.759561839789031	0.6730861123685932	1.0
584_OMC-288	5.0	5.0	1.7487747638603923	0.6701911476217755	1.0
585_OMC-288	5.0	5.0	1.753959894825219	0.6722489989750355	1.0
586_OMC-288	5.0	5.0	1.6754412377053685	0.6565156642522003	1.0
587_OMC-288	5.0	5.0	1.6888998837174534	0.6548089707064066	1.0
588_OMC-288	5.0	5.0	1.778750536642591	0.6722214045637358	1.0
589_OMC-288	5.0	5.0	1.7037177514787025	0.6601060516791516	1.0
58_OMC-288	5.0	5.0	1.730286276772609	0.6641627620374289	1.0
590_OMC-288	5.0	5.0	1.786174919859942	0.675066175894745	1.0
591_OMC-288	5.0	5.0	1.7059538899607702	0.6545641069788797	1.0
592_OMC-288	5.0	5.0	1.7628782160848155	0.6713130694229847	1.0
593_OMC-288	5.0	5.0	1.7752704175871437	0.6714060356652949	1.0
594_OMC-288	5.0	5.0	1.755810890011953	0.6680013308725461	1.0
595_OMC-288	5.0	5.0	1.741989567219135	0.6650965073529411	1.0
596_OMC-288	5.0	5.0	1.7359182157102995	0.6651709278942832	1.0
597_OMC-288	5.0	5.0	1.8087808194378951	0.6839962966080296	1.0
598_OMC-288	5.0	5.0	1.6873585208225135	0.6631898894114083	1.0
599_OMC-288	5.0	5.0	1.6834242705951472	0.6546251991456077	1.0
59_OMC-288	5.0	5.0	1.7519782948372553	0.665687074829932	1.0
5_OMC-288	5.0	5.0	1.7208740601037795	0.6615454238861297	1.0
600_OMC-288	5.0	5.0	1.7274525565000074	0.6648849052126249	1.0
601_OMC-288	5.0	5.0	1.7820694740948104	0.676128261456045	1.0
602_OMC-288	5.0	5.0	1.7161047789279922	0.6636409382355328	1.0
603_OMC-288	5.0	5.0	1.7486751477919056	0.658165595463138	1.0
604_OMC-288	5.0	5.0	1.717707744661761	0.6666247933884297	1.0
605_OMC-288	5.0	5.0	1.7479774027931574	0.6669229775717946	1.0
606_OMC-288	5.0	5.0	1.7325700200969025	0.6672128414922631	1.0
607_OMC-288	5.0	5.0	1.7594171879865659	0.6707103508984755	1.0
608_OMC-288	5.0	5.0	1.7070048233345718	0.6583313281240106	1.0
609_OMC-288	5.0	5.0	1.7520841526094264	0.6662900738576414	1.0
60_OMC-288	5.0	5.0	1.7883363014513982	0.6830294247876665	1.0
610_OMC-288	5.0	5.0	1.7212336995283497	0.6612110621129668	1.0
611_OMC-288	5.0	5.0	1.692099965505241	0.6547821672788079	1.0
612_OMC-288	5.0	5.0	1.7125512124258704	0.6554773495199846	1.0
613_OMC-288	5.0	5.0	1.7126716080181037	0.657069970845481	1.0
614_OMC-288	5.0	5.0	1.7114128182398238	0.6612875860118768	1.0
615_OMC-288	5.0	5.0	1.7023549521520003	0.6577071518588532	1.0
616_OMC-288	5.0	5.0	1.743099557062554	0.673428940974369	1.0
617_OMC-288	5.0	5.0	1.7612651288708518	0.664346016646849	1.0
618_OMC-288	5.0	5.0	1.7596656939260673	0.6706726267027932	1.0
619_OMC-288	5.0	5.0	1.734263056922149	0.6645826140241191	1.0
61_OMC-288	5.0	5.0	1.7678386189578943	0.6723209709340826	1.0
620_OMC-288	5.0	5.0	1.709561530597567	0.655364985859323	1.0
621_OMC-288	5.0	5.0	1.7464954492965825	0.6682479896779575	1.0
622_OMC-288	5.0	5.0	1.7460904958914352	0.6655628601574548	1.0
623_OMC-288	5.0	5.0	1.7561190437827905	0.666482292748515	1.0
624_OMC-288	5.0	5.0	1.7169281866815718	0.6580539575481055	1.0
625_OMC-288	5.0	5.0	1.7181595500359397	0.665155911871173	1.0
626_OMC-288	5.0	5.0	1.7030857689732226	0.6579046115625485	1.0
627_OMC-288	5.0	5.0	1.7086870140266357	0.6654112144168962	1.0
628_OMC-288	5.0	5.0	1.8195640479657322	0.6846228114704331	1.0
629_OMC-288	5.0	5.0	1.7639113147051446	0.6790872858838826	1.0
62_OMC-288	5.0	5.0	1.7913505432592214	0.6751303155006858	1.0
630_OMC-288	5.0	5.0	1.7165439291960631	0.654190232114328	1.0
631_OMC-288	5.0	5.0	1.7559305509218053	0.6628225254598881	1.0
632_OMC-288	5.0	5.0	1.7333288793395263	0.6616862003780719	1.0
633_OMC-288	5.0	5.0	1.7427542726613108	0.6713481048616183	1.0
634_OMC-288	5.0	5.0	1.6961628217145492	0.6567449508537511	1.0
635_OMC-288	5.0	5.0	1.7153651714473113	0.66492459218221	1.0
636_OMC-288	5.0	5.0	1.7316207733084648	0.6542615769913843	1.0
637_OMC-288	5.0	5.0	1.7432708301592175	0.6736079674060661	1.0
638_OMC-288	5.0	5.0	1.6977336293546221	0.66140589569161	1.0
639_OMC-288	5.0	5.0	1.765395849557101	0.6749369880277253	1.0
63_OMC-288	5.0	5.0	1.721505668864783	0.663751318886454	1.0
640_OMC-288	5.0	5.0	1.7454857243233932	0.6596570644718793	1.0
641_OMC-288	5.0	5.0	1.7559171246238285	0.6689516468399653	1.0
642_OMC-288	5.0	5.0	1.724555582306405	0.6684805405344125	1.0
643_OMC-288	5.0	5.0	1.6831005271831825	0.6463347963466879	1.0
644_OMC-288	5.0	5.0	1.735355672018921	0.6659801461136575	1.0
645_OMC-288	5.0	5.0	1.7406230997409637	0.6620012435121106	1.0
646_OMC-288	5.0	5.0	1.690368861125069	0.653079698835046	1.0
647_OMC-288	5.0	5.0	1.737533813833754	0.6600293374114417	1.0
648_OMC-288	5.0	5.0	1.7089626295405425	0.6620214243205713	1.0
649_OMC-288	5.0	5.0	1.742957825482652	0.6675635855111188	1.0
64_OMC-288	5.0	5.0	1.7242627438298646	0.6705102040816326	1.0
650_OMC-288	5.0	5.0	1.758168427150048	0.6666714312770466	1.0
651_OMC-288	5.0	5.0	1.7467606403601945	0.6679803929441779	1.0
652_OMC-288	5.0	5.0	1.741325667948508	0.6617329951103791	1.0
653_OMC-288	5.0	5.0	1.7054821649605425	0.6661710640138407	1.0
654_OMC-288	5.0	5.0	1.7597749411005006	0.6798277053004731	1.0
655_OMC-288	5.0	5.0	1.7615853236041463	0.6703465024364692	1.0
656_OMC-288	5.0	5.0	1.757548817208916	0.6712961451247166	1.0
657_OMC-288	5.0	5.0	1.7619973218401508	0.6749893441312803	1.0
658_OMC-288	5.0	5.0	1.7292031061482567	0.6686779785621895	1.0
659_OMC-288	5.0	5.0	1.7443167212563657	0.6687423410943577	1.0
65_OMC-288	5.0	5.0	1.7872568369952957	0.6780615034885951	1.0
660_OMC-288	5.0	5.0	1.7516276582992367	0.6683723971826858	1.0
661_OMC-288	5.0	5.0	1.771788218705542	0.6773439138078419	1.0
662_OMC-288	5.0	5.0	1.7594012158157493	0.6779365739155949	1.0
663_OMC-288	5.0	5.0	1.7256737308934964	0.6640133796086716	1.0
664_OMC-288	5.0	5.0	1.783096328097168	0.6797963818623227	1.0
665_OMC-288	5.0	5.0	1.757857612145482	0.6695682599269479	1.0
666_OMC-288	5.0	5.0	1.683888668250155	0.6522045728901478	1.0
667_OMC-288	5.0	5.0	1.6962387469989737	0.6527425738865512	1.0
668_OMC-288	5.0	5.0	1.7651001380045244	0.6760616906897362	1.0
669_OMC-288	5.0	5.0	1.7036437113942995	0.6557139214995933	1.0
66_OMC-288	5.0	5.0	1.716853444719963	0.6624251159857664	1.0
670_OMC-288	5.0	5.0	1.7034475019156272	0.6534666463979215	1.0
671_OMC-288	5.0	5.0	1.6875360426064452	0.6575098861882716	1.0
672_OMC-288	5.0	5.0	1.6969489719617568	0.6535980301631271	1.0
673_OMC-288	5.0	5.0	1.7203089677239207	0.6656565689836331	1.0
674_OMC-288	5.0	5.0	1.6901739381432066	0.6404899810964083	1.0
675_OMC-288	5.0	5.0	1.7350006537840752	0.6646473184934723	1.0
676_OMC-288	5.0	5.0	1.7377264778392836	0.6665336860589453	1.0
677_OMC-288	5.0	5.0	1.7498281509107814	0.6666118436080882	1.0
678_OMC-288	5.0	5.0	1.689138553466944	0.6597980644463668	1.0
679_OMC-288	5.0	5.0	1.7073812406006539	0.6536210532006921	1.0
67_OMC-288	5.0	5.0	1.7386437126380685	0.6589575511188941	1.0
680_OMC-288	5.0	5.0	1.6796990143442014	0.6457238299349863	1.0
681_OMC-288	5.0	5.0	1.7167769584789945	0.6574171605292931	1.0
682_OMC-288	5.0	5.0	1.7003770127824425	0.6590780519866976	1.0
683_OMC-288	5.0	5.0	1.731708101438787	0.6537629757785468	1.0
684_OMC-288	5.0	5.0	1.7870173584004192	0.6817381656804733	1.0
685_OMC-288	5.0	5.0	1.7261823939079821	0.6656704021137376	1.0
686_OMC-288	5.0	5.0	1.7744445709178975	0.675359904310308	1.0
687_OMC-288	5.0	5.0	1.722735183350953	0.6602897456165335	1.0
688_OMC-288	5.0	5.0	1.7277665706721654	0.6667013056873197	1.0
689_OMC-288	5.0	5.0	1.7520669475322104	0.6794728270370904	1.0
68_OMC-288	5.0	5.0	1.7009453953120275	0.6577777777777778	1.0
690_OMC-288	5.0	5.0	1.6939809304818438	0.6554801784361586	1.0
691_OMC-288	5.0	5.0	1.7456855788674368	0.6734068748542542	1.0
692_OMC-288	5.0	5.0	1.7066671257694688	0.6540034159722581	1.0
693_OMC-288	5.0	5.0	1.7455651743229943	0.6705743591080295	1.0
694_OMC-288	5.0	5.0	1.7333571545939588	0.6629437251058197	1.0
695_OMC-288	5.0	5.0	1.7467130150029413	0.6718471037492562	1.0
696_OMC-288	5.0	5.0	1.7086241889281595	0.6502884572382642	1.0
697_OMC-288	5.0	5.0	1.6846497850501874	0.6518180884015208	1.0
698_OMC-288	5.0	5.0	1.763662363902133	0.6694142648760123	1.0
699_OMC-288	5.0	5.0	1.7068526428274353	0.664495655568246	1.0
69_OMC-288	5.0	5.0	1.7185147388819468	0.6548125132405903	1.0
6_OMC-288	5.0	5.0	1.6990089329653066	0.6614987244897959	1.0
700_OMC-288	5.0	5.0	1.7558756995481952	0.6705306732492078	1.0
701_OMC-288	5.0	5.0	1.7667270288125327	0.6692861032661694	1.0
702_OMC-288	5.0	5.0	1.7434477066314102	0.6649596461587406	1.0
703_OMC-288	5.0	5.0	1.7109311778864007	0.6559158261098457	1.0
704_OMC-288	5.0	5.0	1.7214165890043471	0.6612818059338008	1.0
705_OMC-288	5.0	5.0	1.71045588717338	0.6668942029623758	1.0
706_OMC-288	5.0	5.0	1.6841368960369507	0.6471947873799726	1.0
707_OMC-288	5.0	5.0	1.7729773390439263	0.6776533113112047	1.0
708_OMC-288	5.0	5.0	1.8075311950094117	0.679273622653124	1.0
709_OMC-288	5.0	5.0	1.7505260618265943	0.6674489121143208	1.0
70_OMC-288	5.0	5.0	1.720681626357468	0.6609223404150957	1.0
710_OMC-288	5.0	5.0	1.7474159220962981	0.6623910112675957	1.0
711_OMC-288	5.0	5.0	1.6773690419188023	0.6533882998686433	1.0
712_OMC-288	5.0	5.0	1.7172606820190588	0.6533383390804779	1.0
713_OMC-288	5.0	5.0	1.713392810631778	0.6538196116439343	1.0
714_OMC-288	5.0	5.0	1.6553698533396972	0.6516825183065398	1.0
715_OMC-288	5.0	5.0	1.7070086737716057	0.6593456543292019	1.0
716_OMC-288	5.0	5.0	1.7493890251903184	0.6602706431658489	1.0
717_OMC-288	5.0	5.0	1.77066404559694	0.6690370200908106	1.0
718_OMC-288	5.0	5.0	1.701913183809622	0.6566413223140497	1.0
719_OMC-288	5.0	5.0	1.7400793467856646	0.6667310458735148	1.0
71_OMC-288	5.0	5.0	1.7292862806044758	0.6655265984510148	1.0
720_OMC-288	5.0	5.0	1.716056794131796	0.6625514403292181	1.0
721_OMC-288	5.0	5.0	1.730366391950748	0.6687856759365087	1.0
722_OMC-288	5.0	5.0	1.7684876191432497	0.6678180737217598	1.0
723_OMC-288	5.0	5.0	1.7338129874136563	0.6710230790710097	1.0
724_OMC-288	5.0	5.0	1.7000436344289305	0.6572858321988007	1.0
725_OMC-288	5.0	5.0	1.738634300273954	0.6605560341451955	1.0
726_OMC-288	5.0	5.0	1.689336246950534	0.6575647794863888	1.0
727_OMC-288	5.0	5.0	1.7556804457018986	0.66676151144641	1.0
728_OMC-288	5.0	5.0	1.7751534424151427	0.676223530003521	1.0
729_OMC-288	5.0	5.0	1.721277843381935	0.662597577429956	1.0
72_OMC-288	5.0	5.0	1.753551367060551	0.6666026086094028	1.0
730_OMC-288	5.0	5.0	1.7426811928659234	0.6675275673869459	1.0
731_OMC-288	5.0	5.0	1.7222793178303981	0.6583091959589314	1.0
732_OMC-288	5.0	5.0	1.7295325403658641	0.666559780695136	1.0
733_OMC-288	5.0	5.0	1.7025132294559329	0.6552074099767475	1.0
734_OMC-288	5.0	5.0	1.7653676187723049	0.6673660714285714	1.0
735_OMC-288	5.0	5.0	1.7363183297869837	0.6669159288184652	1.0
736_OMC-288	5.0	5.0	1.7443416582253999	0.669004958677686	1.0
737_OMC-288	5.0	5.0	1.7193917360308977	0.6608442321246769	1.0
738_OMC-288	5.0	5.0	1.748946306427508	0.6738823784722222	1.0
739_OMC-288	5.0	5.0	1.7048865958138937	0.6492468733633947	1.0
73_OMC-288	5.0	5.0	1.746624114027014	0.6594392523364485	1.0
740_OMC-288	5.0	5.0	1.7097850525368574	0.6652199249717734	1.0
741_OMC-288	5.0	5.0	1.7376552245743138	0.6620909019673853	1.0
742_OMC-288	5.0	5.0	1.6995895684410522	0.6554417953690048	1.0
743_OMC-288	5.0	5.0	1.7144412924435524	0.6576984599114284	1.0
744_OMC-288	5.0	5.0	1.6929784919674857	0.6583057295171058	1.0
745_OMC-288	5.0	5.0	1.7038619923886003	0.6562239298248085	1.0
746_OMC-288	5.0	5.0	1.6771390692250636	0.6605679653803409	1.0
747_OMC-288	5.0	5.0	1.714882228396751	0.6665381996634164	1.0
748_OMC-288	5.0	5.0	1.706294360129259	0.6645444852211863	1.0
749_OMC-288	5.0	5.0	1.7173593648772856	0.6699199675099679	1.0
74_OMC-288	5.0	5.0	1.7426690601571189	0.6728457200572342	1.0
750_OMC-288	5.0	5.0	1.6569068835737468	0.6447939309688335	1.0
751_OMC-288	5.0	5.0	1.7710823926891903	0.6728029819233927	1.0
752_OMC-288	5.0	5.0	1.6761204614824867	0.653108508997347	1.0
753_OMC-288	5.0	5.0	1.7758708007396227	0.6757109064822023	1.0
754_OMC-288	5.0	5.0	1.6944301553598526	0.6533101045296167	1.0
755_OMC-288	5.0	5.0	1.737462217052137	0.6688612937261587	1.0
756_OMC-288	5.0	5.0	1.7273672672438989	0.665098856166865	1.0
757_OMC-288	5.0	5.0	1.7268420867262009	0.6598542836353469	1.0
758_OMC-288	5.0	5.0	1.712356685440692	0.6658681655852321	1.0
759_OMC-288	5.0	5.0	1.7581291401744958	0.6705991282003266	1.0
75_OMC-288	5.0	5.0	1.7323337269428958	0.6711628334383533	1.0
760_OMC-288	5.0	5.0	1.7554651448094418	0.6718250023828651	1.0
761_OMC-288	5.0	5.0	1.7958113281241603	0.6807925444435743	1.0
762_OMC-288	5.0	5.0	1.7242044335437703	0.6586576865846973	1.0
763_OMC-288	5.0	5.0	1.6889247975243122	0.6570649337010943	1.0
764_OMC-288	5.0	5.0	1.7556639803978777	0.6685777419451163	1.0
765_OMC-288	5.0	5.0	1.7468945196791181	0.663950768206707	1.0
766_OMC-288	5.0	5.0	1.7136344969017911	0.6674387677804898	1.0
767_OMC-288	5.0	5.0	1.7867484035717363	0.6798057545060476	1.0
768_OMC-288	5.0	5.0	1.6619278513021238	0.6510687115082718	1.0
769_OMC-288	5.0	5.0	1.7551846632688983	0.6666733754645842	1.0
76_OMC-288	5.0	5.0	1.7495536947375343	0.6686307013550694	1.0
770_OMC-288	5.0	5.0	1.7415382374120394	0.6595992251385178	1.0
771_OMC-288	5.0	5.0	1.7546382811528494	0.6669574830838084	1.0
772_OMC-288	5.0	5.0	1.7537916124390314	0.6711656563846835	1.0
773_OMC-288	5.0	5.0	1.6994619152587958	0.6635478979830857	1.0
774_OMC-288	5.0	5.0	1.7384672021993504	0.6669403616024974	1.0
775_OMC-288	5.0	5.0	1.6614285339298303	0.6529100460638683	1.0
776_OMC-288	5.0	5.0	1.7696427630366718	0.6785763338286157	1.0
777_OMC-288	5.0	5.0	1.747744790504254	0.6661603959467066	1.0
778_OMC-288	5.0	5.0	1.742544550820138	0.668530151773395	1.0
779_OMC-288	5.0	5.0	1.7260417415416158	0.6641454152205624	1.0
77_OMC-288	5.0	5.0	1.7288014431638223	0.6610468778504823	1.0
780_OMC-288	5.0	5.0	1.7729015925669962	0.6739993827905917	1.0
781_OMC-288	5.0	5.0	1.683274955082182	0.6601132986342209	1.0
782_OMC-288	5.0	5.0	1.6839971837405436	0.6554252400548697	1.0
783_OMC-288	5.0	5.0	1.759749117019594	0.6622507460450249	1.0
784_OMC-288	5.0	5.0	1.7300361310205914	0.6624223678419482	1.0
785_OMC-288	5.0	5.0	1.6531673000653508	0.6494450640408489	1.0
786_OMC-288	5.0	5.0	1.7356545566601453	0.6620823421280277	1.0
787_OMC-288	5.0	5.0	1.7214307645795046	0.6628260079476405	1.0
788_OMC-288	5.0	5.0	1.682804090481807	0.652600562283737	1.0
789_OMC-288	5.0	5.0	1.7382229068429966	0.6626258876539693	1.0
78_OMC-288	5.0	5.0	1.7437384135834706	0.6672225676974392	1.0
790_OMC-288	5.0	5.0	1.7550658834456194	0.6799073917379892	1.0
791_OMC-288	5.0	5.0	1.7429145729205135	0.6661438702638365	1.0
792_OMC-288	5.0	5.0	1.6751425672955562	0.6498636034203348	1.0
793_OMC-288	5.0	5.0	1.7947325295940517	0.6761312421128538	1.0
794_OMC-288	5.0	5.0	1.6608777034467939	0.6557491482914866	1.0
795_OMC-288	5.0	5.0	1.6827078695137696	0.6573525003584042	1.0
796_OMC-288	5.0	5.0	1.7252071970505658	0.6637230680838839	1.0
797_OMC-288	5.0	5.0	1.7672222379136608	0.677049429465179	1.0
798_OMC-288	5.0	5.0	1.6944429501239682	0.6515930560610161	1.0
799_OMC-288	5.0	5.0	1.7624551285292787	0.668085066674132	1.0
79_OMC-288	5.0	5.0	1.6935118669056035	0.6568065655768554	1.0
7_OMC-288	5.0	5.0	1.746737425007098	0.6679021653265411	1.0
800_OMC-288	5.0	5.0	1.7648987264900071	0.673731294508517	1.0
801_OMC-288	5.0	5.0	1.7553222266144644	0.6680068813616755	1.0
802_OMC-288	5.0	5.0	1.7485056809760753	0.6732921810699588	1.0
803_OMC-288	5.0	5.0	1.7364063222456898	0.6662906246273155	1.0
804_OMC-288	5.0	5.0	1.727076401583526	0.6686029720646922	1.0
805_OMC-288	5.0	5.0	1.6843991594872187	0.6597942386831275	1.0
806_OMC-288	5.0	5.0	1.7286451621742507	0.6661271740574065	1.0
807_OMC-288	5.0	5.0	1.7362561591305083	0.6670069441048463	1.0
808_OMC-288	5.0	5.0	1.7193213132987208	0.662965374228395	1.0
809_OMC-288	5.0	5.0	1.7562497728061015	0.6693874191056344	1.0
80_OMC-288	5.0	5.0	1.6885760092319335	0.6634996752394245	1.0
810_OMC-288	5.0	5.0	1.6636513072681902	0.639953545979905	1.0
811_OMC-288	5.0	5.0	1.7424450100716182	0.6627938917953777	1.0
812_OMC-288	5.0	5.0	1.7097046776433293	0.6598844141452398	1.0
813_OMC-288	5.0	5.0	1.668742255948072	0.6525024584648826	1.0
814_OMC-288	5.0	5.0	1.801945808769022	0.679390300709073	1.0
815_OMC-288	5.0	5.0	1.7375740614015767	0.6668403211669582	1.0
816_OMC-288	5.0	5.0	1.6947866250438668	0.6533830082548031	1.0
817_OMC-288	5.0	5.0	1.7224833669619628	0.6564867424242424	1.0
818_OMC-288	5.0	5.0	1.7876530736192497	0.6787272053310889	1.0
819_OMC-288	5.0	5.0	1.736082911532167	0.6735170782178186	1.0
81_OMC-288	5.0	5.0	1.7663090173250293	0.6728942684229262	1.0
820_OMC-288	5.0	5.0	1.7417507962130945	0.6646433470507545	1.0
821_OMC-288	5.0	5.0	1.75401440711488	0.6743176034585154	1.0
822_OMC-288	5.0	5.0	1.7135356853968935	0.6656705034955158	1.0
823_OMC-288	5.0	5.0	1.742308491486501	0.6720498167438272	1.0
824_OMC-288	5.0	5.0	1.7114835343106565	0.6553846819104217	1.0
825_OMC-288	5.0	5.0	1.7205519309368023	0.6644975515139905	1.0
826_OMC-288	5.0	5.0	1.737372696862835	0.6621813300236825	1.0
827_OMC-288	5.0	5.0	1.7844382497302866	0.6759405965494694	1.0
828_OMC-288	5.0	5.0	1.7834158412921917	0.6749234693877552	1.0
829_OMC-288	5.0	5.0	1.7456413726084534	0.6740806311027	1.0
82_OMC-288	5.0	5.0	1.7360584624118969	0.6657285646149881	1.0
830_OMC-288	5.0	5.0	1.7683715133229185	0.6818134027926159	1.0
831_OMC-288	5.0	5.0	1.7836822441220628	0.6810660880355406	1.0
832_OMC-288	5.0	5.0	1.7649224724584285	0.6689780521262003	1.0
833_OMC-288	5.0	5.0	1.6194672918689998	0.6404309401565524	1.0
834_OMC-288	5.0	5.0	1.7109002480024105	0.6580336495233925	1.0
835_OMC-288	5.0	5.0	1.7260477680207853	0.6682153814535899	1.0
836_OMC-288	5.0	5.0	1.758020256974676	0.6728447485680293	1.0
837_OMC-288	5.0	5.0	1.7416064340545154	0.6616391443047476	1.0
838_OMC-288	5.0	5.0	1.6856556821210251	0.6540749553837002	1.0
839_OMC-288	5.0	5.0	1.7350806278863828	0.6696322637353823	1.0
83_OMC-288	5.0	5.0	1.6907520131087106	0.6442191804407713	1.0
840_OMC-288	5.0	5.0	1.7455938826581285	0.6675060261707989	1.0
841_OMC-288	5.0	5.0	1.7665856451697317	0.6696188121912313	1.0
842_OMC-288	5.0	5.0	1.7293559420052633	0.660219628017412	1.0
843_OMC-288	5.0	5.0	1.7053161234200516	0.6684138179108696	1.0
844_OMC-288	5.0	5.0	1.7185106905500782	0.6549609665185263	1.0
845_OMC-288	5.0	5.0	1.7526575035114778	0.6703802038200337	1.0
846_OMC-288	5.0	5.0	1.770050571235039	0.6787588576908732	1.0
847_OMC-288	5.0	5.0	1.6950674361141032	0.6579417925966365	1.0
848_OMC-288	5.0	5.0	1.7818471204581925	0.6787227330088337	1.0
849_OMC-288	5.0	5.0	1.7678870077264155	0.6727603305785124	1.0
84_OMC-288	5.0	5.0	1.7294524226944	0.6665022166955018	1.0
850_OMC-288	5.0	5.0	1.7613076910197785	0.6726268260647241	1.0
851_OMC-288	5.0	5.0	1.7198085213612229	0.6606608380592313	1.0
852_OMC-288	5.0	5.0	1.744297539421277	0.670458490378893	1.0
853_OMC-288	5.0	5.0	1.7241824962460093	0.658660604602272	1.0
854_OMC-288	5.0	5.0	1.7476289456306593	0.6688756450463982	1.0
855_OMC-288	5.0	5.0	1.7376349270399913	0.6673974726821534	1.0
856_OMC-288	5.0	5.0	1.7624968882757515	0.6719411796480057	1.0
857_OMC-288	5.0	5.0	1.7404593652421936	0.6697063006922934	1.0
858_OMC-288	5.0	5.0	1.7866485754148058	0.6812504027485256	1.0
859_OMC-288	5.0	5.0	1.6920760073430807	0.6555871202045673	1.0
85_OMC-288	5.0	5.0	1.8000589221194012	0.6828841415780301	1.0
860_OMC-288	5.0	5.0	1.7476755615589377	0.6709972655420844	1.0
861_OMC-288	5.0	5.0	1.7743331683745214	0.6701672453420705	1.0
862_OMC-288	5.0	5.0	1.7606731443002297	0.675159063365651	1.0
863_OMC-288	5.0	5.0	1.6942557107533383	0.6475807335563054	1.0
864_OMC-288	5.0	5.0	1.7058767473538186	0.6565263168000615	1.0
865_OMC-288	5.0	5.0	1.747292762239733	0.6677283722343943	1.0
866_OMC-288	5.0	5.0	1.7637117765749728	0.6660244277719529	1.0
867_OMC-288	5.0	5.0	1.6805808219443295	0.6546207000629772	1.0
868_OMC-288	5.0	5.0	1.764825325446618	0.672607718260883	1.0
869_OMC-288	5.0	5.0	1.7473150803056168	0.6693663536250759	1.0
86_OMC-288	5.0	5.0	1.7420842577911857	0.6685367813572942	1.0
870_OMC-288	5.0	5.0	1.708738505060996	0.6613209184685578	1.0
871_OMC-288	5.0	5.0	1.7502571477656392	0.6673014366426475	1.0
872_OMC-288	5.0	5.0	1.731744613690547	0.6673928731907246	1.0
873_OMC-288	5.0	5.0	1.7095399217111467	0.6598183285246222	1.0
874_OMC-288	5.0	5.0	1.739081483314287	0.6591884050783574	1.0
875_OMC-288	5.0	5.0	1.6823135093810329	0.6603052364319881	1.0
876_OMC-288	5.0	5.0	1.7217973449399941	0.6600963231225794	1.0
877_OMC-288	5.0	5.0	1.75723477752276	0.676400531282239	1.0
878_OMC-288	5.0	5.0	1.7273142919937448	0.6594837957979256	1.0
879_OMC-288	5.0	5.0	1.749972910121711	0.6586180817298155	1.0
87_OMC-288	5.0	5.0	1.7407267421920696	0.6653761007687806	1.0
880_OMC-288	5.0	5.0	1.6473944192664838	0.6469944973360118	1.0
881_OMC-288	5.0	5.0	1.7240060470334704	0.6650105316717112	1.0
882_OMC-288	5.0	5.0	1.7492890821703964	0.667195020961648	1.0
883_OMC-288	5.0	5.0	1.7636447110661362	0.6723244228930905	1.0
884_OMC-288	5.0	5.0	1.6657248345076763	0.6357427362059709	1.0
885_OMC-288	5.0	5.0	1.7564783379678088	0.6763942215169307	1.0
886_OMC-288	5.0	5.0	1.77972374283417	0.6747402989554783	1.0
887_OMC-288	5.0	5.0	1.7347384195068432	0.6598440691104783	1.0
888_OMC-288	5.0	5.0	1.7791884143580956	0.6751664684898929	1.0
889_OMC-288	5.0	5.0	1.7130300825709979	0.6599374426078972	1.0
88_OMC-288	5.0	5.0	1.7305885435032196	0.6616803840877914	1.0
890_OMC-288	5.0	5.0	1.7135659639598089	0.6629935720844812	1.0
891_OMC-288	5.0	5.0	1.7362465794335302	0.6560898903442076	1.0
892_OMC-288	5.0	5.0	1.7588373711155563	0.6674926246053516	1.0
893_OMC-288	5.0	5.0	1.7122549740585236	0.6566849457327035	1.0
894_OMC-288	5.0	5.0	1.727048361017199	0.6627122818540063	1.0
895_OMC-288	5.0	5.0	1.7481081082419512	0.6727574750830565	1.0
896_OMC-288	5.0	5.0	1.750890186828175	0.6719337237323477	1.0
897_OMC-288	5.0	5.0	1.7080667212754854	0.6542746730083233	1.0
898_OMC-288	5.0	5.0	1.7224608431452715	0.6608880629859651	1.0
899_OMC-288	5.0	5.0	1.7516295987606834	0.6724556568611977	1.0
89_OMC-288	5.0	5.0	1.720733651317669	0.664772225420234	1.0
8_OMC-288	5.0	5.0	1.751352662971496	0.6724977397583268	1.0
900_OMC-288	5.0	5.0	1.784111286772316	0.67817927421771	1.0
901_OMC-288	5.0	5.0	1.7526946166719366	0.6686810565426708	1.0
902_OMC-288	5.0	5.0	1.7217197129694974	0.6606743801652892	1.0
903_OMC-288	5.0	5.0	1.7681786012035519	0.6760872681776121	1.0
904_OMC-288	5.0	5.0	1.7664143874336742	0.6655449758847998	1.0
905_OMC-288	5.0	5.0	1.7585989102743365	0.6698917341820987	1.0
906_OMC-288	5.0	5.0	1.7253404910744865	0.6625502903795977	1.0
907_OMC-288	5.0	5.0	1.7264119007850895	0.6572963331109326	1.0
908_OMC-288	5.0	5.0	1.6785847549347783	0.648460616050579	1.0
909_OMC-288	5.0	5.0	1.7504549718395641	0.6688853773795859	1.0
90_OMC-288	5.0	5.0	1.667682557142501	0.6460162638001812	1.0
910_OMC-288	5.0	5.0	1.7649412600619494	0.6715839572680788	1.0
911_OMC-288	5.0	5.0	1.6777225106402112	0.6524724107370492	1.0
912_OMC-288	5.0	5.0	1.7197723527829072	0.6550762731056092	1.0
913_OMC-288	5.0	5.0	1.7140862756004236	0.6572644754072443	1.0
914_OMC-288	5.0	5.0	1.6954510176183002	0.6639547391783881	1.0
915_OMC-288	5.0	5.0	1.7691399619543604	0.6771867729557957	1.0
916_OMC-288	5.0	5.0	1.6979376446343335	0.6627327032136106	1.0
917_OMC-288	5.0	5.0	1.6542287451641577	0.6502465540794211	1.0
918_OMC-288	5.0	5.0	1.7410802255820095	0.6569242299910238	1.0
919_OMC-288	5.0	5.0	1.7132079753275447	0.6689335616192333	1.0
91_OMC-288	5.0	5.0	1.6926112128212407	0.6590681089376921	1.0
920_OMC-288	5.0	5.0	1.7027324385957094	0.6604431348176005	1.0
921_OMC-288	5.0	5.0	1.6962775135339778	0.6521987178040864	1.0
922_OMC-288	5.0	5.0	1.7639435034793078	0.6673254657900033	1.0
923_OMC-288	5.0	5.0	1.7038436942135384	0.6569322008882448	1.0
924_OMC-288	5.0	5.0	1.7195626326245483	0.658858172135641	1.0
925_OMC-288	5.0	5.0	1.7389312018852159	0.6642731743307828	1.0
926_OMC-288	5.0	5.0	1.7517579669861565	0.6704072592552821	1.0
927_OMC-288	5.0	5.0	1.7555350271547334	0.673774649345272	1.0
928_OMC-288	5.0	5.0	1.7200324129657467	0.6602956916099774	1.0
929_OMC-288	5.0	5.0	1.7132058818602436	0.6572550789023093	1.0
92_OMC-288	5.0	5.0	1.770190233349386	0.672485725184649	1.0
930_OMC-288	5.0	5.0	1.7183689178443091	0.6619503817306014	1.0
931_OMC-288	5.0	5.0	1.7234223432346722	0.6637617571683505	1.0
932_OMC-288	5.0	5.0	1.7554819669930426	0.6699521397757423	1.0
933_OMC-288	5.0	5.0	1.6863340908691373	0.652012597318339	1.0
934_OMC-288	5.0	5.0	1.752208616644251	0.6594944820220718	1.0
935_OMC-288	5.0	5.0	1.7381499408252357	0.6678549612342392	1.0
936_OMC-288	5.0	5.0	1.6935335774740543	0.65316611249964	1.0
937_OMC-288	5.0	5.0	1.6727526398099073	0.6470208362744009	1.0
938_OMC-288	5.0	5.0	1.7025438827349162	0.6615256520667093	1.0
939_OMC-288	5.0	5.0	1.729155066529666	0.6634884353741497	1.0
93_OMC-288	5.0	5.0	1.7007832863611108	0.6589123022004368	1.0
940_OMC-288	5.0	5.0	1.6807314197721777	0.6575279940439	1.0
941_OMC-288	5.0	5.0	1.7121036155266254	0.6560998810939358	1.0
942_OMC-288	5.0	5.0	1.7350635308786189	0.6640334726022665	1.0
943_OMC-288	5.0	5.0	1.7586636629013401	0.6746652047928576	1.0
944_OMC-288	5.0	5.0	1.7012267921779527	0.6588242536164974	1.0
945_OMC-288	5.0	5.0	1.655466819016823	0.6337934323668448	1.0
946_OMC-288	5.0	5.0	1.7055551853277116	0.6528595041322314	1.0
947_OMC-288	5.0	5.0	1.698836660283523	0.6533888172029441	1.0
948_OMC-288	5.0	5.0	1.7244456522244247	0.6598091986080883	1.0
949_OMC-288	5.0	5.0	1.7119309563555782	0.6613391421081293	1.0
94_OMC-288	5.0	5.0	1.7642680352632707	0.667152383952951	1.0
950_OMC-288	5.0	5.0	1.7333470321652165	0.662781405686174	1.0
951_OMC-288	5.0	5.0	1.7759311687501034	0.6764001840864095	1.0
952_OMC-288	5.0	5.0	1.742142007808487	0.6680800660913534	1.0
953_OMC-288	5.0	5.0	1.6386049849976922	0.644131693899582	1.0
954_OMC-288	5.0	5.0	1.7521066955694558	0.6575069252077562	1.0
955_OMC-288	5.0	5.0	1.7448414252216589	0.6620190404373645	1.0
956_OMC-288	5.0	5.0	1.7282666926475136	0.6582709283872248	1.0
957_OMC-288	5.0	5.0	1.7356976660136778	0.6604263038548752	1.0
958_OMC-288	5.0	5.0	1.7635958155929312	0.6736603298207084	1.0
959_OMC-288	5.0	5.0	1.6939890760755838	0.6547384798425845	1.0
95_OMC-288	5.0	5.0	1.6915199028023993	0.6565139087184944	1.0
960_OMC-288	5.0	5.0	1.762498502728409	0.6724825209999498	1.0
961_OMC-288	5.0	5.0	1.738349363098869	0.6632121606685946	1.0
962_OMC-288	5.0	5.0	1.7819574919800918	0.6762374737710677	1.0
963_OMC-288	5.0	5.0	1.7283478107628785	0.6657054790847055	1.0
964_OMC-288	5.0	5.0	1.7162500493687123	0.662389086035192	1.0
965_OMC-288	5.0	5.0	1.697681972134035	0.6567811284564974	1.0
966_OMC-288	5.0	5.0	1.7076496430852566	0.6548926658187845	1.0
967_OMC-288	5.0	5.0	1.6717468507773539	0.6477008949536422	1.0
968_OMC-288	5.0	5.0	1.70691553586332	0.6629285343397373	1.0
969_OMC-288	5.0	5.0	1.7614200777106617	0.6735413685237016	1.0
96_OMC-288	5.0	5.0	1.746951343773364	0.6659085873659243	1.0
970_OMC-288	5.0	5.0	1.6909380616062173	0.6524216718181943	1.0
971_OMC-288	5.0	5.0	1.7571140619594738	0.6733419126127549	1.0
972_OMC-288	5.0	5.0	1.689990010798353	0.6447864442309372	1.0
973_OMC-288	5.0	5.0	1.7644208844416522	0.6728690561729951	1.0
974_OMC-288	5.0	5.0	1.7630965369012748	0.6697609776693564	1.0
975_OMC-288	5.0	5.0	1.6966578733936095	0.657689968920319	1.0
976_OMC-288	5.0	5.0	1.7573280751199396	0.6702833879407306	1.0
977_OMC-288	5.0	5.0	1.7675814171312767	0.6745717677652778	1.0
978_OMC-288	5.0	5.0	1.7270767101994218	0.6728120713305898	1.0
979_OMC-288	5.0	5.0	1.7621436224066003	0.6707561171552675	1.0
97_OMC-288	5.0	5.0	1.7576023928785762	0.6717619834710744	1.0
980_OMC-288	5.0	5.0	1.7815806261173734	0.6771820553825435	1.0
981_OMC-288	5.0	5.0	1.7569998373835283	0.6710929156283375	1.0
982_OMC-288	5.0	5.0	1.6485574247706254	0.6432835042813017	1.0
983_OMC-288	5.0	5.0	1.7611846336806551	0.6684585261658953	1.0
984_OMC-288	5.0	5.0	1.7196319641340798	0.6662402154700783	1.0
985_OMC-288	5.0	5.0	1.7759017247854159	0.6775404958677687	1.0
986_OMC-288	5.0	5.0	1.7378460279731505	0.6724670204324539	1.0
987_OMC-288	5.0	5.0	1.7176632961021494	0.6572897866629644	1.0
988_OMC-288	5.0	5.0	1.7245518998317533	0.6660383403475703	1.0
989_OMC-288	5.0	5.0	1.771129533714254	0.6750207834123918	1.0
98_OMC-288	5.0	5.0	1.7691453167445985	0.6723240142570728	1.0
990_OMC-288	5.0	5.0	1.7353573913499845	0.6530425613318029	1.0
991_OMC-288	5.0	5.0	1.7007398253899435	0.6565333236882716	1.0
992_OMC-288	5.0	5.0	1.732066859853961	0.6682342449464923	1.0
993_OMC-288	5.0	5.0	1.7306514616425652	0.6667572684789089	1.0
994_OMC-288	5.0	5.0	1.7496517120389934	0.6703322267491575	1.0
995_OMC-288	5.0	5.0	1.7061840272223843	0.652871012104955	1.0
996_OMC-288	5.0	5.0	1.7234621151931024	0.6642069369705366	1.0
997_OMC-288	5.0	5.0	1.6742581196807436	0.6503764520918858	1.0
998_OMC-288	5.0	5.0	1.70821370217834	0.657550379063047	1.0
999_OMC-288	5.0	5.0	1.7693608471754705	0.6702098752652554	1.0
99_OMC-288	5.0	5.0	1.6811434844997304	0.6539680328725145	1.0
9_OMC-288	5.0	5.0	1.6897685125339763	0.66429621266621	1.0
