	chao1	observed_otus	shannon	simpson	goods_coverage
1000_OMC-446	4.0	4.0	0.046267041032850655	0.009046561141549558	1.0
100_OMC-446	4.0	4.0	0.04244786472534454	0.008347861966232828	1.0
101_OMC-446	4.0	4.0	0.04331171136866307	0.008335850835241687	1.0
102_OMC-446	4.0	4.0	0.048369602470958395	0.009572440246037872	1.0
103_OMC-446	4.0	4.0	0.04405044828931491	0.008665384876504145	0.9998327479511624
104_OMC-446	4.0	4.0	0.04327934594582898	0.008254061913939958	1.0
105_OMC-446	4.0	4.0	0.041074824876172374	0.008043417205097603	0.9998318479905834
106_OMC-446	4.0	4.0	0.04596869140542904	0.008978872141047978	1.0
107_OMC-446	4.0	4.0	0.04562253068365299	0.008900437236305292	1.0
108_OMC-446	4.0	4.0	0.03292089436059136	0.006004915359095198	1.0
109_OMC-446	4.0	4.0	0.04184218133713245	0.007915981667682592	1.0
10_OMC-446	4.0	4.0	0.04448385748849495	0.008543400330184858	1.0
110_OMC-446	4.0	4.0	0.04578511737946616	0.008937263385613958	1.0
111_OMC-446	4.0	4.0	0.04181775271926426	0.008204042755617591	1.0
112_OMC-446	4.0	4.0	0.045789617814870835	0.008857511558197473	1.0
113_OMC-446	4.0	4.0	0.04692066597851578	0.009217973858636097	1.0
114_OMC-446	4.0	4.0	0.04644084251785851	0.009003719026037138	1.0
115_OMC-446	4.0	4.0	0.04454520927461089	0.008634788164090135	1.0
116_OMC-446	4.0	4.0	0.048962658058930415	0.009547514840538174	1.0
117_OMC-446	4.0	4.0	0.04647253025486934	0.008943360274248136	1.0
118_OMC-446	4.0	4.0	0.04038217906268652	0.007576072587107907	1.0
119_OMC-446	4.0	4.0	0.04287998791885816	0.00823969312519246	1.0
11_OMC-446	4.0	4.0	0.048287392007210626	0.009553519753715878	1.0
120_OMC-446	4.0	4.0	0.04127325902197944	0.008059680518166079	1.0
121_OMC-446	4.0	4.0	0.044654973941913055	0.008581467247677832	1.0
122_OMC-446	4.0	4.0	0.04055811842041863	0.0076816803167146785	1.0
123_OMC-446	4.0	4.0	0.04800874702286984	0.00948943528209123	1.0
124_OMC-446	4.0	4.0	0.04879642117262919	0.009582919026221548	1.0
125_OMC-446	4.0	4.0	0.03964316072045318	0.007671031856011257	1.0
126_OMC-446	4.0	4.0	0.0393403681853489	0.007393313869711093	1.0
127_OMC-446	4.0	4.0	0.049040614628087446	0.00963865656335905	1.0
128_OMC-446	4.0	4.0	0.04560957703113175	0.008897504250440669	1.0
129_OMC-446	4.0	4.0	0.04355920557799605	0.008315836744737792	1.0
12_OMC-446	4.0	4.0	0.04463094490226522	0.00889103203333097	1.0
130_OMC-446	4.0	4.0	0.03857764106247642	0.007228137408433644	1.0
131_OMC-446	4.0	4.0	0.0443086768203373	0.008641796332088836	0.9998332221480988
132_OMC-446	4.0	4.0	0.04219941890764124	0.008291108020944238	1.0
133_OMC-446	4.0	4.0	0.045603103152165085	0.008896038482265278	1.0
134_OMC-446	4.0	4.0	0.045472396799354366	0.008926756205118624	0.9998340799734527
135_OMC-446	4.0	4.0	0.04437221504248008	0.008656181719925882	0.9998329435349148
136_OMC-446	4.0	4.0	0.043836818935061514	0.008616565543766552	0.9998336936637285
137_OMC-446	4.0	4.0	0.04346815771710766	0.00837073905173924	1.0
138_OMC-446	4.0	4.0	0.04583740704243291	0.008949112199198805	1.0
139_OMC-446	4.0	4.0	0.037332866168145386	0.007268666156392101	0.9998342724560823
13_OMC-446	4.0	4.0	0.04635420120955533	0.008984245369307309	1.0
140_OMC-446	4.0	4.0	0.04516137273693588	0.009014217040715589	1.0
141_OMC-446	4.0	4.0	0.04816463513427463	0.009525278838958817	1.0
142_OMC-446	4.0	4.0	0.045040313258120565	0.008667287057357309	1.0
143_OMC-446	4.0	4.0	0.04831476226654795	0.009559818268594977	1.0
144_OMC-446	4.0	4.0	0.03824229727719323	0.00727993717675901	0.9998340524394291
145_OMC-446	4.0	4.0	0.036180355638216276	0.006669512605575578	1.0
146_OMC-446	4.0	4.0	0.042005981446894186	0.008083046909022062	0.9998310525426592
147_OMC-446	4.0	4.0	0.03925384868298448	0.007583769773012672	1.0
148_OMC-446	4.0	4.0	0.04908273903276311	0.009648276736059502	1.0
149_OMC-446	4.0	4.0	0.039797755976304645	0.007705726996681039	1.0
14_OMC-446	4.0	4.0	0.04051713670408583	0.007672711374305363	1.0
150_OMC-446	4.0	4.0	0.04047624323233053	0.007663763351110853	1.0
151_OMC-446	4.0	4.0	0.0462536931601524	0.009043531077644107	1.0
152_OMC-446	3.0	3.0	0.037403318223109175	0.0075172639390233	1.0
153_OMC-446	4.0	4.0	0.04052298582544724	0.007673991369315014	1.0
154_OMC-446	4.0	4.0	0.04439131450225447	0.008660506679896374	0.9998328597693464
155_OMC-446	4.0	4.0	0.04216137372098373	0.008057437803752121	1.0
156_OMC-446	4.0	4.0	0.0440188926702146	0.008658170897795303	0.9998328877005348
157_OMC-446	4.0	4.0	0.04873404811408133	0.00956869055329268	1.0
158_OMC-446	4.0	4.0	0.041142860486514034	0.007919672449594684	1.0
159_OMC-446	4.0	4.0	0.04197786471524395	0.008240549436348	1.0
15_OMC-446	4.0	4.0	0.04388745061399395	0.00838838263742614	1.0
160_OMC-446	4.0	4.0	0.037970612691685564	0.007276813490153855	1.0
161_OMC-446	4.0	4.0	0.04030197810966268	0.0076256498941777995	1.0
162_OMC-446	4.0	4.0	0.04447428228724274	0.008679298221986542	0.9998324958123953
163_OMC-446	4.0	4.0	0.03922595461140886	0.007577523513092599	1.0
164_OMC-446	4.0	4.0	0.04608319524657667	0.00892337648408037	1.0
165_OMC-446	4.0	4.0	0.04585451153607494	0.008872064043757844	1.0
166_OMC-446	4.0	4.0	0.04393079351731742	0.008638035508334974	0.9998332777592531
167_OMC-446	4.0	4.0	0.04608091679712351	0.009004324153988996	1.0
168_OMC-446	3.0	3.0	0.036409390601666355	0.007273629439794371	1.0
169_OMC-446	4.0	4.0	0.0411364527574771	0.008028674707511119	1.0
16_OMC-446	4.0	4.0	0.04555036405143211	0.008982349535399448	1.0
170_OMC-446	4.0	4.0	0.04255316772192811	0.008167016719268672	1.0
171_OMC-446	4.0	4.0	0.041870978131285215	0.008216175656671765	1.0
172_OMC-446	4.0	4.0	0.04577206487739063	0.008934306083053567	1.0
173_OMC-446	4.0	4.0	0.04569391656651356	0.00891660328517363	1.0
174_OMC-446	4.0	4.0	0.046513905489475746	0.00927329777523489	0.999833748960931
175_OMC-446	4.0	4.0	0.04847278760776251	0.009596196509972343	1.0
176_OMC-446	4.0	4.0	0.04157543904561855	0.008016222804016482	1.0
177_OMC-446	4.0	4.0	0.037301012722466255	0.007261468795228376	0.9998344370860928
178_OMC-446	4.0	4.0	0.04403760490883555	0.008615248601285042	1.0
179_OMC-446	4.0	4.0	0.04297785574977637	0.008261475930317008	1.0
17_OMC-446	4.0	4.0	0.043755721255629175	0.008598044385382142	0.9998340524394291
180_OMC-446	4.0	4.0	0.04023271930695552	0.007610510445443364	1.0
181_OMC-446	4.0	4.0	0.04584801332393726	0.008870606643766488	1.0
182_OMC-446	4.0	4.0	0.04093675015745651	0.007919562841577799	0.9998344644926337
183_OMC-446	4.0	4.0	0.0482668860682101	0.009548801311385802	1.0
184_OMC-446	4.0	4.0	0.04843145709469271	0.009586679869035386	1.0
185_OMC-446	4.0	4.0	0.040054970191566674	0.007571677015084988	1.0
186_OMC-446	4.0	4.0	0.04612066572733934	0.009013341702554745	1.0
187_OMC-446	4.0	4.0	0.04068425880839198	0.007641515918108244	1.0
188_OMC-446	4.0	4.0	0.044936863282947014	0.008644234387705674	1.0
189_OMC-446	4.0	4.0	0.03816147026183239	0.007319179233773787	1.0
18_OMC-446	4.0	4.0	0.04408205231980624	0.008672610886433563	0.9998326079678608
190_OMC-446	4.0	4.0	0.04376690440462282	0.008361729201387336	1.0
191_OMC-446	4.0	4.0	0.04627453052604458	0.00896634430283394	1.0
192_OMC-446	4.0	4.0	0.04604124102013057	0.008995324630655444	1.0
193_OMC-446	4.0	4.0	0.04203334789528171	0.008029134364794799	1.0
194_OMC-446	4.0	4.0	0.04487212774919317	0.008947009507266235	1.0
195_OMC-446	4.0	4.0	0.0411839274937091	0.008039432243485467	1.0
196_OMC-446	4.0	4.0	0.040439899430078065	0.007588570645182924	1.0
197_OMC-446	4.0	4.0	0.041737822881518956	0.007963859993156075	1.0
198_OMC-446	3.0	3.0	0.04012512228238243	0.00794999730556778	1.0
199_OMC-446	4.0	4.0	0.043949640155592704	0.008642342346729115	0.9998331943286072
19_OMC-446	4.0	4.0	0.041118205406358126	0.007960276964903312	0.9998336106489185
1_OMC-446	4.0	4.0	0.04516288727356856	0.008893589332349738	1.0
200_OMC-446	4.0	4.0	0.04341568521691856	0.008284147857486657	1.0
201_OMC-446	4.0	4.0	0.046692932524638305	0.008992507202808309	1.0
202_OMC-446	4.0	4.0	0.04622819090088863	0.008955934918554953	1.0
203_OMC-446	4.0	4.0	0.03928178515818643	0.007590026339080458	1.0
204_OMC-446	4.0	4.0	0.040284661056523646	0.007706630887649224	1.0
205_OMC-446	4.0	4.0	0.042283065569323736	0.008012441628694633	1.0
206_OMC-446	4.0	4.0	0.046162163134687746	0.008941106226021067	1.0
207_OMC-446	4.0	4.0	0.04040634460274886	0.007648472341578727	1.0
208_OMC-446	4.0	4.0	0.04640747802166374	0.008996219176028108	1.0
209_OMC-446	4.0	4.0	0.036826253171351596	0.0070027740181877185	1.0
20_OMC-446	4.0	4.0	0.043101015753599405	0.008214735464962986	1.0
210_OMC-446	4.0	4.0	0.04069930113333683	0.007712590803496733	1.0
211_OMC-446	4.0	4.0	0.046340902416399994	0.00898125689619389	1.0
212_OMC-446	4.0	4.0	0.045706921476672	0.008919548878131844	1.0
213_OMC-446	4.0	4.0	0.0426898256616535	0.008571863036072935	0.9998345192785041
214_OMC-446	4.0	4.0	0.0407633351801734	0.007605429758660631	1.0
215_OMC-446	4.0	4.0	0.04562253068365299	0.008900437236305292	1.0
216_OMC-446	4.0	4.0	0.048715394356461925	0.009652089008374443	1.0
217_OMC-446	4.0	4.0	0.029722767887340094	0.005298924597620491	0.9998340799734527
218_OMC-446	4.0	4.0	0.04043411947768605	0.0075873189841011435	1.0
219_OMC-446	4.0	4.0	0.043045417069524104	0.008276518538434474	1.0
21_OMC-446	4.0	4.0	0.04614720575725692	0.009019363442377304	1.0
220_OMC-446	4.0	4.0	0.040658014633501834	0.0077035495783659425	1.0
221_OMC-446	4.0	4.0	0.03949763884947281	0.0073630061616153375	1.0
222_OMC-446	4.0	4.0	0.043836608031272775	0.008377139455755467	1.0
223_OMC-446	4.0	4.0	0.037389933632138495	0.00700756614593856	0.9998326919859462
224_OMC-446	4.0	4.0	0.04383826590918909	0.008535411185070618	0.9998352824905288
225_OMC-446	4.0	4.0	0.04338665529001492	0.008352560812533771	1.0
226_OMC-446	4.0	4.0	0.04402791906572263	0.008419457575050027	1.0
227_OMC-446	4.0	4.0	0.0467467000500588	0.00900450306357059	1.0
228_OMC-446	4.0	4.0	0.04025001019419725	0.007614289669223839	1.0
229_OMC-446	3.0	3.0	0.032330700177338044	0.006301552578759084	1.0
22_OMC-446	4.0	4.0	0.03668875517670044	0.006972547931588857	1.0
230_OMC-446	4.0	4.0	0.04417220804068485	0.008551013517193451	1.0
231_OMC-446	4.0	4.0	0.04896765873990499	0.00971026177261014	1.0
232_OMC-446	4.0	4.0	0.04044052691077231	0.00801420129879471	0.9998324396782842
233_OMC-446	4.0	4.0	0.040663907233468924	0.007704839883946102	1.0
234_OMC-446	4.0	4.0	0.03804643471745714	0.007321559315549342	0.99983308295777
235_OMC-446	4.0	4.0	0.03756139055866851	0.006986750843940848	1.0
236_OMC-446	4.0	4.0	0.03679972590275974	0.00699694097398873	1.0
237_OMC-446	4.0	4.0	0.04617377845358795	0.009025393233617285	1.0
238_OMC-446	4.0	4.0	0.046168756844128266	0.008942586885216763	1.0
239_OMC-446	4.0	4.0	0.04206441097244256	0.007964580293297385	1.0
23_OMC-446	4.0	4.0	0.04879917305965182	0.009671402330633905	1.0
240_OMC-446	4.0	4.0	0.04123618820247428	0.007986767037996056	0.9998330550918197
241_OMC-446	4.0	4.0	0.047126866857582494	0.009181117028413621	1.0
242_OMC-446	4.0	4.0	0.04417847451994901	0.008552419881943774	1.0
243_OMC-446	4.0	4.0	0.038396130535006186	0.007313819511472031	0.9998332777592531
244_OMC-446	4.0	4.0	0.034128145196660124	0.00628199126615292	1.0
245_OMC-446	4.0	4.0	0.04252384785942512	0.008251054353030862	1.0
246_OMC-446	4.0	4.0	0.03152357764611235	0.005632240846265235	1.0
247_OMC-446	4.0	4.0	0.04225368913869209	0.00830350000000002	1.0
248_OMC-446	4.0	4.0	0.04634755079392583	0.008982750884194868	1.0
249_OMC-446	4.0	4.0	0.04600163818967096	0.008986343078563275	1.0
24_OMC-446	4.0	4.0	0.04399387962381841	0.008570580670039907	0.9998346013893483
250_OMC-446	4.0	4.0	0.04545931803408285	0.00896148072335079	1.0
251_OMC-446	4.0	4.0	0.04371004987519873	0.008349162918334985	1.0
252_OMC-446	4.0	4.0	0.04608976488050877	0.008924851276551071	1.0
253_OMC-446	4.0	4.0	0.037434120057118714	0.007291552222243092	0.999833748960931
254_OMC-446	4.0	4.0	0.04197786471524395	0.008240549436348	1.0
255_OMC-446	4.0	4.0	0.03559266180337738	0.006738888493565076	0.9998310525426592
256_OMC-446	4.0	4.0	0.04632051496654284	0.0090587017287872	1.0
257_OMC-446	4.0	4.0	0.04379311105757609	0.008606582708800103	0.9998338870431893
258_OMC-446	4.0	4.0	0.045965282964693176	0.008896913317796185	1.0
259_OMC-446	4.0	4.0	0.03739950746448042	0.006952056610595725	1.0
25_OMC-446	4.0	4.0	0.0339497457099496	0.0063336790264234555	1.0
260_OMC-446	4.0	4.0	0.043744147331319094	0.008665877706379943	1.0
261_OMC-446	4.0	4.0	0.04604784857832577	0.008996823301752777	1.0
262_OMC-446	4.0	4.0	0.03765923938325724	0.007007734097767893	1.0
263_OMC-446	4.0	4.0	0.040146502002114975	0.0075916704593324	1.0
264_OMC-446	4.0	4.0	0.04666655879790961	0.009308751232172452	0.9998331108144193
265_OMC-446	4.0	4.0	0.04557722726356653	0.008890180235710088	1.0
266_OMC-446	4.0	4.0	0.04290441023927909	0.008245128050593964	1.0
267_OMC-446	4.0	4.0	0.044097158124480694	0.008534173145790303	1.0
268_OMC-446	4.0	4.0	0.04296559619187684	0.008258746783363913	1.0
269_OMC-446	3.0	3.0	0.03298303196927371	0.0065983623515175616	0.9998345192785041
26_OMC-446	4.0	4.0	0.048465893949883994	0.009594609091288508	1.0
270_OMC-446	4.0	4.0	0.04629384634894802	0.008903546942978569	1.0
271_OMC-446	4.0	4.0	0.04282514607871312	0.008227490701196993	1.0
272_OMC-446	4.0	4.0	0.04118680290895141	0.007900775064610732	0.9998348745046235
273_OMC-446	4.0	4.0	0.03640147237519291	0.006909460140989254	1.0
274_OMC-446	4.0	4.0	0.03997236853455479	0.007637535447165833	1.0
275_OMC-446	4.0	4.0	0.03837201718471938	0.007263223104249872	1.0
276_OMC-446	4.0	4.0	0.04439768489414797	0.008661949293774507	0.9998328318288198
277_OMC-446	4.0	4.0	0.040359888392461074	0.007638312188942731	1.0
278_OMC-446	4.0	4.0	0.04371004987519873	0.008349162918334985	1.0
279_OMC-446	4.0	4.0	0.04309469521116368	0.008287493069301544	1.0
27_OMC-446	4.0	4.0	0.04352166793122061	0.0083075467292556	1.0
280_OMC-446	4.0	4.0	0.04543546887057316	0.008858097296117973	1.0
281_OMC-446	4.0	4.0	0.04471232559333793	0.00859423171593654	1.0
282_OMC-446	3.0	3.0	0.0379460714911581	0.00764468952172237	1.0
283_OMC-446	4.0	4.0	0.04578511737946616	0.008937263385613958	1.0
284_OMC-446	4.0	4.0	0.04584395222686373	0.008950595510294201	1.0
285_OMC-446	4.0	4.0	0.04614239407139169	0.008936667188838454	1.0
286_OMC-446	4.0	4.0	0.04608091679712351	0.009004324153988996	1.0
287_OMC-446	4.0	4.0	0.04090764322687425	0.00791303501909324	0.9998346013893483
288_OMC-446	4.0	4.0	0.041509635200181895	0.008001523758756401	1.0
289_OMC-446	4.0	4.0	0.0457264436819402	0.008923970918357615	1.0
28_OMC-446	4.0	4.0	0.043428125173943496	0.008286893822406882	1.0
290_OMC-446	4.0	4.0	0.04246006408603808	0.008350650332889953	1.0
291_OMC-446	4.0	4.0	0.037507602309472164	0.0069159723586796895	1.0
292_OMC-446	4.0	4.0	0.04299625909896439	0.008265573034364482	1.0
293_OMC-446	4.0	4.0	0.036104392692380485	0.006973976043508134	0.9998334443704198
294_OMC-446	4.0	4.0	0.0471016674925377	0.00932060030332027	0.9998329156223893
295_OMC-446	3.0	3.0	0.03923289719327372	0.007730103405484079	1.0
296_OMC-446	4.0	4.0	0.04613365584342578	0.009185081155833608	0.9998353367363741
297_OMC-446	4.0	4.0	0.04780702889007852	0.00944308623228829	1.0
298_OMC-446	4.0	4.0	0.04391281344148113	0.00855225644533375	0.9998349562634098
299_OMC-446	4.0	4.0	0.04280689873040984	0.008223431254016478	1.0
29_OMC-446	4.0	4.0	0.04429599250134042	0.008638924990112873	0.9998332777592531
2_OMC-446	4.0	4.0	0.03545145879141372	0.006680421344262499	1.0
300_OMC-446	4.0	4.0	0.04620175559635338	0.008949997543170385	1.0
301_OMC-446	4.0	4.0	0.036417018564161845	0.006912871841593948	1.0
302_OMC-446	4.0	4.0	0.04665989940232351	0.009307204141524639	0.999833138661772
303_OMC-446	4.0	4.0	0.03596020917257499	0.00694170216845269	0.9998342175066313
304_OMC-446	4.0	4.0	0.046283646028274644	0.009219862031282	0.9998347107438017
305_OMC-446	4.0	4.0	0.04596869140542904	0.008978872141047978	1.0
306_OMC-446	4.0	4.0	0.04883809813142001	0.00959242820612749	1.0
307_OMC-446	4.0	4.0	0.03933778571624148	0.007602570491855198	1.0
308_OMC-446	4.0	4.0	0.040043560004080735	0.0075691852366294166	1.0
309_OMC-446	4.0	4.0	0.034506271441792746	0.006293986946766639	1.0
30_OMC-446	4.0	4.0	0.042121291147018965	0.008273273652535496	1.0
310_OMC-446	4.0	4.0	0.045531992568997745	0.008799775895232287	1.0
311_OMC-446	4.0	4.0	0.0457004180328738	0.00891807583842752	1.0
312_OMC-446	4.0	4.0	0.03786149554616961	0.007388275931590194	0.9998315363881402
313_OMC-446	4.0	4.0	0.04715565021730168	0.00933302717580975	0.9998326919859462
314_OMC-446	4.0	4.0	0.034342993479067836	0.006563402816181951	0.9998354451209478
315_OMC-446	4.0	4.0	0.040215444258119196	0.00760673497127462	1.0
316_OMC-446	4.0	4.0	0.04352049487662894	0.008544359288086278	0.9998350923482849
317_OMC-446	4.0	4.0	0.04191218750518774	0.0080023629561915	1.0
318_OMC-446	4.0	4.0	0.04319305928508531	0.008235029829602003	1.0
319_OMC-446	4.0	4.0	0.04620836139441819	0.008951481148864904	1.0
31_OMC-446	4.0	4.0	0.047954777696567516	0.009477031106840061	1.0
320_OMC-446	4.0	4.0	0.045916081324179486	0.008966944444444236	1.0
321_OMC-446	4.0	4.0	0.04645420267077236	0.009006722468493877	1.0
322_OMC-446	3.0	3.0	0.043821497992904836	0.00885582047080613	1.0
323_OMC-446	4.0	4.0	0.046893726949868715	0.009272757133459875	0.9998337765957447
324_OMC-446	4.0	4.0	0.04145209099620277	0.007959732006875608	0.9998336383297288
325_OMC-446	4.0	4.0	0.034568523842301385	0.006613319163100262	0.9998341900182391
326_OMC-446	4.0	4.0	0.04087256194249885	0.007682353700383504	1.0
327_OMC-446	4.0	4.0	0.04639518093331148	0.009245739405148501	0.9998342449859108
328_OMC-446	4.0	4.0	0.0444145440338517	0.008527988234150241	1.0
329_OMC-446	4.0	4.0	0.03784004738366613	0.007046532554175422	1.0
32_OMC-446	4.0	4.0	0.04177976900430509	0.007973119849685628	1.0
330_OMC-446	4.0	4.0	0.04908273903276311	0.009648276736059502	1.0
331_OMC-446	4.0	4.0	0.045824322663555656	0.008946147051404063	1.0
332_OMC-446	4.0	4.0	0.04241131156959058	0.008339508027700449	1.0
333_OMC-446	4.0	4.0	0.04531075609543614	0.009048958969222087	1.0
334_OMC-446	4.0	4.0	0.04144615606237294	0.007958412294948758	0.9998336660013307
335_OMC-446	4.0	4.0	0.04111232519100734	0.007958957073126216	0.9998336383297288
336_OMC-446	4.0	4.0	0.04305772532128306	0.008279259445383214	1.0
337_OMC-446	4.0	4.0	0.04336056999120364	0.008407163142797214	0.9998312805803948
338_OMC-446	4.0	4.0	0.04396890213760368	0.008564934089201781	0.9998347107438017
339_OMC-446	4.0	4.0	0.033774813621141396	0.006323084289939995	0.9998331664998331
33_OMC-446	4.0	4.0	0.049024097588767086	0.009723284405728894	1.0
340_OMC-446	4.0	4.0	0.0403594712428804	0.007995512224850287	0.9998328318288198
341_OMC-446	4.0	4.0	0.044887148759497474	0.008877397640754237	0.9998349834983499
342_OMC-446	4.0	4.0	0.04331025184896066	0.00826088042370643	1.0
343_OMC-446	4.0	4.0	0.0414145250178937	0.008026834376829939	0.9998322147651006
344_OMC-446	4.0	4.0	0.04422636722752608	0.008623166653470071	0.999833582958895
345_OMC-446	4.0	4.0	0.04511823515870672	0.008684657409506746	1.0
346_OMC-446	4.0	4.0	0.04566793045698334	0.008910717931844059	1.0
347_OMC-446	4.0	4.0	0.03749300946222865	0.007304868040449053	0.9998334443704198
348_OMC-446	4.0	4.0	0.04608319524657667	0.00892337648408037	1.0
349_OMC-446	4.0	4.0	0.042013623353179895	0.008248706197096611	1.0
34_OMC-446	4.0	4.0	0.043174617029469016	0.008230962938819086	1.0
350_OMC-446	4.0	4.0	0.03667296047311248	0.006969077088311737	1.0
351_OMC-446	4.0	4.0	0.04251779826682945	0.008249692995921265	1.0
352_OMC-446	4.0	4.0	0.046070061978357994	0.008920428360855381	1.0
353_OMC-446	4.0	4.0	0.04071942462723501	0.00764913989802396	1.0
354_OMC-446	4.0	4.0	0.04314409397575696	0.008298496742583983	1.0
355_OMC-446	4.0	4.0	0.04437381225576406	0.008831415589547809	1.0
356_OMC-446	4.0	4.0	0.048604166830669614	0.009626457580071746	1.0
357_OMC-446	4.0	4.0	0.040933593452840845	0.007642071103478587	1.0
358_OMC-446	4.0	4.0	0.03990231222821171	0.007667979105379086	0.9998327759197324
359_OMC-446	4.0	4.0	0.03815498153552388	0.007260716417275881	0.9998344918901027
35_OMC-446	4.0	4.0	0.04316945970409787	0.008396541259551138	1.0
360_OMC-446	4.0	4.0	0.04776864070710578	0.009326374308482266	1.0
361_OMC-446	4.0	4.0	0.04378589101211361	0.00836592637250988	1.0
362_OMC-446	4.0	4.0	0.03801159137307235	0.0070833729817456614	1.0
363_OMC-446	4.0	4.0	0.044743903807248915	0.008679466567903638	1.0
364_OMC-446	4.0	4.0	0.0471016674925377	0.00932060030332027	0.9998329156223893
365_OMC-446	4.0	4.0	0.0394164736343089	0.0076202021257756325	1.0
366_OMC-446	4.0	4.0	0.03883011387557858	0.007626787256690637	0.9998336383297288
367_OMC-446	4.0	4.0	0.04281297933494173	0.008224783957912263	1.0
368_OMC-446	4.0	4.0	0.04866666537770332	0.009640858483318304	1.0
369_OMC-446	4.0	4.0	0.04168402403936858	0.007951986020219737	1.0
36_OMC-446	4.0	4.0	0.04032483938226372	0.007987529278106309	0.9998329993319973
370_OMC-446	4.0	4.0	0.04644084251785851	0.009003719026037138	1.0
371_OMC-446	3.0	3.0	0.03588410317329417	0.006941214447122479	1.0
372_OMC-446	4.0	4.0	0.045543847832323174	0.008980855683233924	1.0
373_OMC-446	4.0	4.0	0.04604784857832577	0.008996823301752777	1.0
374_OMC-446	4.0	4.0	0.04097757426856167	0.007928719907706716	0.9998342724560823
375_OMC-446	4.0	4.0	0.04661252839371845	0.008974573220038695	1.0
376_OMC-446	4.0	4.0	0.04023271930695552	0.007610510445443364	1.0
377_OMC-446	3.0	3.0	0.03240012109752044	0.006317266364546659	1.0
378_OMC-446	4.0	4.0	0.046561380257033685	0.009030822335739153	1.0
379_OMC-446	4.0	4.0	0.043509170720673285	0.008304787062512808	1.0
37_OMC-446	4.0	4.0	0.043446799381403924	0.008291016184740596	1.0
380_OMC-446	4.0	4.0	0.04124210633210538	0.00798809617041274	0.9998330272165638
381_OMC-446	4.0	4.0	0.0338129479837772	0.006304257751961195	1.0
382_OMC-446	4.0	4.0	0.045429047690398426	0.008856644481701648	1.0
383_OMC-446	4.0	4.0	0.04197191126750002	0.008239191544302416	1.0
384_OMC-446	4.0	4.0	0.040509396535172076	0.007603622853182723	1.0
385_OMC-446	4.0	4.0	0.046340902416399994	0.00898125689619389	1.0
386_OMC-446	4.0	4.0	0.04113585683760222	0.0079642392681597	0.9998335275511903
387_OMC-446	4.0	4.0	0.0445006033229083	0.008624763076661157	1.0
388_OMC-446	4.0	4.0	0.04636070720118712	0.009067828574767955	1.0
389_OMC-446	4.0	4.0	0.04017549958789042	0.007953119917841756	0.9998337213169272
38_OMC-446	4.0	4.0	0.03850127189711281	0.007336991283060312	0.9998327479511624
390_OMC-446	4.0	4.0	0.03983371503060074	0.007523381366207227	1.0
391_OMC-446	3.0	3.0	0.028796338248518374	0.005272185984836253	1.0
392_OMC-446	4.0	4.0	0.03862499578356731	0.007242795815208147	0.9998349290194783
393_OMC-446	4.0	4.0	0.04354042811999714	0.00831168966992002	1.0
394_OMC-446	4.0	4.0	0.04052193162966965	0.008032977945685804	0.9998320456835741
395_OMC-446	4.0	4.0	0.044158100195891725	0.008690002578108147	0.9998322710499832
396_OMC-446	4.0	4.0	0.04278573183922457	0.008310020778806826	1.0
397_OMC-446	4.0	4.0	0.04019818502542092	0.0076029632411400705	1.0
398_OMC-446	4.0	4.0	0.048096724840188	0.009509661467594688	1.0
399_OMC-446	4.0	4.0	0.03813955434507105	0.007314312483905794	1.0
39_OMC-446	4.0	4.0	0.044006283952241196	0.00865528866832499	0.9998329435349148
3_OMC-446	4.0	4.0	0.04288609071564387	0.008241051184715298	1.0
400_OMC-446	4.0	4.0	0.04078990539689132	0.00795021827386233	1.0
401_OMC-446	4.0	4.0	0.042873886976175266	0.008238335513185424	1.0
402_OMC-446	4.0	4.0	0.043735299080850325	0.008354743266989928	1.0
403_OMC-446	4.0	4.0	0.043430500618530696	0.008362339273056185	1.0
404_OMC-446	4.0	4.0	0.04107708158806951	0.007951046904967507	0.9998338042213728
405_OMC-446	4.0	4.0	0.04592265054552742	0.008968433673212317	1.0
406_OMC-446	4.0	4.0	0.04012930581213978	0.007587913649780398	1.0
407_OMC-446	4.0	4.0	0.04827371931118676	0.009550373607547957	1.0
408_OMC-446	4.0	4.0	0.04701422692327562	0.009300477062432977	0.9998332777592531
409_OMC-446	4.0	4.0	0.04728934840843917	0.009302188752093876	1.0
40_OMC-446	4.0	4.0	0.042922746481039484	0.008249208952092357	1.0
410_OMC-446	3.0	3.0	0.043895508808232446	0.008873282470666988	1.0
411_OMC-446	4.0	4.0	0.04610078210512955	0.009008830671734969	1.0
412_OMC-446	4.0	4.0	0.04352049487662894	0.008544359288086278	0.9998350923482849
413_OMC-446	4.0	4.0	0.040296327535681326	0.00770921399495017	1.0
414_OMC-446	4.0	4.0	0.043367893357351577	0.00834837704080127	1.0
415_OMC-446	4.0	4.0	0.03765923938325724	0.007007734097767893	1.0
416_OMC-446	4.0	4.0	0.048876241468954446	0.009689174230036346	1.0
417_OMC-446	4.0	4.0	0.0459029489053015	0.008963967470134504	1.0
418_OMC-446	4.0	4.0	0.04265629382842621	0.00824904454006714	0.9998344644926337
419_OMC-446	4.0	4.0	0.039769030119016835	0.00769927831250472	1.0
41_OMC-446	4.0	4.0	0.04037149175960509	0.0076408496956639205	1.0
420_OMC-446	4.0	4.0	0.03758734300961926	0.0070695726786423885	1.0
421_OMC-446	4.0	4.0	0.04221146607560947	0.008293858596633563	1.0
422_OMC-446	4.0	4.0	0.048928659850548	0.009613096309257219	1.0
423_OMC-446	4.0	4.0	0.04128071133279482	0.007921637208894494	0.9998344370860928
424_OMC-446	4.0	4.0	0.04476967985361204	0.008685265223460359	1.0
425_OMC-446	4.0	4.0	0.03948984268057361	0.007636647742278013	1.0
426_OMC-446	4.0	4.0	0.0441695748067465	0.008610316165715615	0.9998338318378198
427_OMC-446	4.0	4.0	0.04608940423903697	0.009067658122590472	0.9998314512051238
428_OMC-446	4.0	4.0	0.04855567541975914	0.00961528658637123	1.0
429_OMC-446	4.0	4.0	0.046419433497058266	0.008931526661042355	1.0
42_OMC-446	4.0	4.0	0.04039947672031504	0.007579817679837619	1.0
430_OMC-446	4.0	4.0	0.04222352059974933	0.008296610997912457	1.0
431_OMC-446	4.0	4.0	0.04475064749587091	0.008602762478197135	1.0
432_OMC-446	4.0	4.0	0.04658153490409306	0.00903535542598033	1.0
433_OMC-446	4.0	4.0	0.04101501385227712	0.007713269634129438	1.0
434_OMC-446	4.0	4.0	0.046340902416399994	0.00898125689619389	1.0
435_OMC-446	4.0	4.0	0.04199573589669684	0.008244625799290528	1.0
436_OMC-446	3.0	3.0	0.034698306866134704	0.006865829045025085	1.0
437_OMC-446	4.0	4.0	0.042596370370696066	0.008314054811541238	0.999833138661772
438_OMC-446	4.0	4.0	0.048089945073142334	0.009508102546588959	1.0
439_OMC-446	4.0	4.0	0.04631432926815088	0.008975285910346575	1.0
43_OMC-446	4.0	4.0	0.04473102767027454	0.008676570142693074	1.0
440_OMC-446	4.0	4.0	0.03923153003818087	0.0075787719418071164	1.0
441_OMC-446	4.0	4.0	0.0354463329685997	0.006679305838498739	1.0
442_OMC-446	4.0	4.0	0.04595222136790609	0.008893982651458243	1.0
443_OMC-446	4.0	4.0	0.04622157904573793	0.008954449836312106	1.0
444_OMC-446	4.0	4.0	0.04488606579498402	0.008711455343304864	1.0
445_OMC-446	4.0	4.0	0.04677732856723963	0.009079411060179954	1.0
446_OMC-446	4.0	4.0	0.04446149644548606	0.008676401909513798	0.9998325519089082
447_OMC-446	4.0	4.0	0.03894381271929529	0.007307364710446129	1.0
448_OMC-446	4.0	4.0	0.038520626078039036	0.007295739767119502	1.0
449_OMC-446	4.0	4.0	0.04444248745214208	0.008847331630886357	1.0
44_OMC-446	4.0	4.0	0.0426175374598068	0.008554940570233871	0.9998348472336912
450_OMC-446	3.0	3.0	0.040176585885549315	0.007961865315841754	1.0
451_OMC-446	4.0	4.0	0.04612501344487316	0.009114244968737695	1.0
452_OMC-446	4.0	4.0	0.04263738724399662	0.008185735364457436	1.0
453_OMC-446	4.0	4.0	0.03425465344438205	0.006241266070998508	1.0
454_OMC-446	4.0	4.0	0.040880262865584875	0.007999183454323822	0.9998327759197324
455_OMC-446	4.0	4.0	0.042445346314247186	0.008233391680561808	1.0
456_OMC-446	4.0	4.0	0.048604166830669614	0.009626457580071746	1.0
457_OMC-446	4.0	4.0	0.0487293361004549	0.009655302537087018	1.0
458_OMC-446	4.0	4.0	0.039501156129119856	0.007639184139553001	1.0
459_OMC-446	4.0	4.0	0.041036045532670616	0.00794183822479022	0.9998339973439575
45_OMC-446	3.0	3.0	0.03121150214112901	0.005759639802721539	1.0
460_OMC-446	4.0	4.0	0.03799732044994762	0.007310611111111198	0.9998333333333334
461_OMC-446	4.0	4.0	0.04105948397749725	0.00794709771415325	0.9998338870431893
462_OMC-446	4.0	4.0	0.0427780793391742	0.008276353032337869	0.9998339146321209
463_OMC-446	4.0	4.0	0.046320969502851556	0.008976777912380163	1.0
464_OMC-446	4.0	4.0	0.040094960526473815	0.007580411174100021	1.0
465_OMC-446	4.0	4.0	0.04677054778969332	0.009077884749805532	1.0
466_OMC-446	4.0	4.0	0.04318690999863638	0.008233673752877646	1.0
467_OMC-446	3.0	3.0	0.035147987671623845	0.006969506110580892	1.0
468_OMC-446	4.0	4.0	0.04610740794300704	0.009010333846887542	1.0
469_OMC-446	3.0	3.0	0.041717860060043827	0.008333724157082667	1.0
46_OMC-446	4.0	4.0	0.042287610248822584	0.008244142557490397	0.9998345466578424
470_OMC-446	4.0	4.0	0.04227085448059827	0.008009767580058225	1.0
471_OMC-446	4.0	4.0	0.04332881801276361	0.008264976939514668	1.0
472_OMC-446	4.0	4.0	0.04116531189101119	0.007970851879763097	0.9998333888703765
473_OMC-446	4.0	4.0	0.041351443258240035	0.007937356261357609	0.9998341074983411
474_OMC-446	4.0	4.0	0.0484934811727305	0.009600961919180251	1.0
475_OMC-446	4.0	4.0	0.04321221506641003	0.008313674591063025	1.0
476_OMC-446	4.0	4.0	0.04583740704243291	0.008949112199198805	1.0
477_OMC-446	4.0	4.0	0.045150787657899275	0.00869191562215399	1.0
478_OMC-446	4.0	4.0	0.04272801834134986	0.008205886506964077	1.0
479_OMC-446	3.0	3.0	0.03966105704909005	0.00793985412929954	1.0
47_OMC-446	4.0	4.0	0.04687370781240284	0.009268153201851925	0.9998338594450905
480_OMC-446	4.0	4.0	0.04170791635264169	0.007957258967342562	1.0
481_OMC-446	4.0	4.0	0.03786159950719423	0.007280370517036561	0.9998340248962656
482_OMC-446	4.0	4.0	0.037894078050202035	0.007287605420515653	0.9998338594450905
483_OMC-446	4.0	4.0	0.046893726949868715	0.009272757133459875	0.9998337765957447
484_OMC-446	4.0	4.0	0.042343156362626165	0.008210408120097212	1.0
485_OMC-446	4.0	4.0	0.0474823471132626	0.00940828988308584	0.9998313374936751
486_OMC-446	4.0	4.0	0.047154567324223136	0.009271387707682877	1.0
487_OMC-446	3.0	3.0	0.04052778054788385	0.008279174417864632	1.0
488_OMC-446	4.0	4.0	0.042091324288481606	0.008266434692465241	1.0
489_OMC-446	4.0	4.0	0.04299625909896439	0.008265573034364482	1.0
48_OMC-446	4.0	4.0	0.04038310224589341	0.007643388888888936	1.0
490_OMC-446	4.0	4.0	0.04891409251923661	0.009536526189177774	1.0
491_OMC-446	4.0	4.0	0.04196661731048981	0.008014387964389247	1.0
492_OMC-446	4.0	4.0	0.04675021805188706	0.009073308896086596	1.0
493_OMC-446	4.0	4.0	0.048631922752998935	0.009632852666675684	1.0
494_OMC-446	4.0	4.0	0.039600330960827185	0.0073352789897609405	1.0
495_OMC-446	4.0	4.0	0.038614665739744036	0.00729387393251435	0.999833748960931
496_OMC-446	4.0	4.0	0.04442254304763032	0.008599696700953618	0.9998340524394291
497_OMC-446	4.0	4.0	0.03935900177334912	0.007547204360305981	0.999835418038183
498_OMC-446	4.0	4.0	0.04266349789984538	0.008282490044279278	1.0
499_OMC-446	4.0	4.0	0.04040634460274886	0.007648472341578727	1.0
49_OMC-446	4.0	4.0	0.04954646489139106	0.00967976585115693	1.0
4_OMC-446	4.0	4.0	0.04390018093495536	0.008391198149928614	1.0
500_OMC-446	4.0	4.0	0.04652713725942471	0.009276369960545261	0.9998336936637285
501_OMC-446	4.0	4.0	0.04243943622190139	0.00814174934977474	1.0
502_OMC-446	4.0	4.0	0.04594237026853517	0.008972904328925502	1.0
503_OMC-446	4.0	4.0	0.0393303385834616	0.007628993275212381	0.9998336106489185
504_OMC-446	4.0	4.0	0.04874789405833309	0.009571848783596182	1.0
505_OMC-446	4.0	4.0	0.03900431677790878	0.0075279214192474075	1.0
506_OMC-446	4.0	4.0	0.0412998269695799	0.007867269643059838	1.0
507_OMC-446	4.0	4.0	0.04521970140219528	0.009027779890586896	1.0
508_OMC-446	4.0	4.0	0.04544831705192695	0.008861004355290358	1.0
509_OMC-446	4.0	4.0	0.037763203672316184	0.00736601256819569	0.9998320456835741
50_OMC-446	4.0	4.0	0.0431561915719782	0.008226900062900167	1.0
510_OMC-446	4.0	4.0	0.04347444068080289	0.008372140655711457	1.0
511_OMC-446	4.0	4.0	0.046545750447213714	0.008959682785856682	1.0
512_OMC-446	4.0	4.0	0.045583693293455144	0.008891644073903748	1.0
513_OMC-446	4.0	4.0	0.04323083343014191	0.008317823644719669	1.0
514_OMC-446	3.0	3.0	0.03500333465076992	0.0069361278759956235	1.0
515_OMC-446	3.0	3.0	0.039144134368229645	0.007938806967790701	1.0
516_OMC-446	4.0	4.0	0.04450280126528479	0.008547613301850165	1.0
517_OMC-446	4.0	4.0	0.048932454990682925	0.009702140325859365	1.0
518_OMC-446	4.0	4.0	0.04287998791885816	0.00823969312519246	1.0
519_OMC-446	4.0	4.0	0.04716685460599947	0.009190157180550607	1.0
51_OMC-446	4.0	4.0	0.039603289613652	0.007662087759872982	1.0
520_OMC-446	4.0	4.0	0.03863815922324193	0.00724122243937797	1.0
521_OMC-446	4.0	4.0	0.045040313258120565	0.008667287057357309	1.0
522_OMC-446	4.0	4.0	0.03831904915898228	0.007296839012150724	0.9998336660013307
523_OMC-446	4.0	4.0	0.03400381104982973	0.0063453126546437755	1.0
524_OMC-446	4.0	4.0	0.04585704859039263	0.008953563608101955	1.0
525_OMC-446	4.0	4.0	0.042602660258991745	0.008268792969154837	1.0
526_OMC-446	4.0	4.0	0.0448020252358771	0.008930733147043846	1.0
527_OMC-446	4.0	4.0	0.04414540607232333	0.008687099120544994	0.999832327297116
528_OMC-446	4.0	4.0	0.0413101515525665	0.007928179241637245	0.99983429991715
529_OMC-446	4.0	4.0	0.037313776144777086	0.006933693534505347	1.0
52_OMC-446	4.0	4.0	0.03874871248875675	0.007265135179592819	1.0
530_OMC-446	4.0	4.0	0.03817677056398578	0.00726551208581705	0.9998343822457767
531_OMC-446	4.0	4.0	0.03776865002382248	0.00736724590116844	0.9998320174701831
532_OMC-446	4.0	4.0	0.037816097993615835	0.006981499999999974	1.0
533_OMC-446	4.0	4.0	0.04578511737946616	0.008937263385613958	1.0
534_OMC-446	4.0	4.0	0.048631922752998935	0.009632852666675684	1.0
535_OMC-446	4.0	4.0	0.04376057944012901	0.00836033108005263	1.0
536_OMC-446	4.0	4.0	0.04634730150875871	0.009064784250043756	1.0
537_OMC-446	4.0	4.0	0.0395608829691644	0.0075920464014735956	0.9998344370860928
538_OMC-446	3.0	3.0	0.04167613444381067	0.008324012481775389	1.0
539_OMC-446	4.0	4.0	0.04583086385497562	0.008947629379650102	1.0
53_OMC-446	4.0	4.0	0.046030710103583186	0.008911595667540406	1.0
540_OMC-446	4.0	4.0	0.043347401172164284	0.00826907752016548	1.0
541_OMC-446	4.0	4.0	0.04145802774496539	0.007961052156555515	0.9998336106489185
542_OMC-446	4.0	4.0	0.03422155316462984	0.006301785022066575	1.0
543_OMC-446	4.0	4.0	0.03942774222299591	0.007622727608797453	1.0
544_OMC-446	4.0	4.0	0.039497452719112904	0.007313333333333505	1.0
545_OMC-446	4.0	4.0	0.04307004109077056	0.008282002168306657	1.0
546_OMC-446	4.0	4.0	0.0444870759901211	0.008682196468744907	0.9998324396782842
547_OMC-446	4.0	4.0	0.043880620194937055	0.008626571563634333	0.9998334998334998
548_OMC-446	4.0	4.0	0.03864055578084362	0.007367705087340082	0.9998320456835741
549_OMC-446	4.0	4.0	0.045538472211982046	0.00888140731812137	1.0
54_OMC-446	4.0	4.0	0.039580544558653896	0.007656986205767047	1.0
550_OMC-446	4.0	4.0	0.04911790185423293	0.00965630822792829	1.0
551_OMC-446	4.0	4.0	0.04890075648285215	0.009606727413222327	1.0
552_OMC-446	4.0	4.0	0.03863496377727211	0.007366471598844293	0.9998320738874895
553_OMC-446	4.0	4.0	0.04282514607871312	0.008227490701196993	1.0
554_OMC-446	4.0	4.0	0.03773982730033625	0.00696529072116292	1.0
555_OMC-446	4.0	4.0	0.0457004180328738	0.00891807583842752	1.0
556_OMC-446	4.0	4.0	0.04330012845605284	0.008494114485353421	0.9998360655737705
557_OMC-446	4.0	4.0	0.048130654367201736	0.009517463746678612	1.0
558_OMC-446	4.0	4.0	0.04315646256741425	0.008301252228014366	1.0
559_OMC-446	4.0	4.0	0.04048700100397997	0.008024920048646633	0.9998322147651006
55_OMC-446	4.0	4.0	0.043868096002567636	0.008623710330300849	0.9998335552596538
560_OMC-446	4.0	4.0	0.041018485446700795	0.007937898173996039	0.9998340799734527
561_OMC-446	4.0	4.0	0.027822461754153035	0.0049322461887268965	0.9998352824905288
562_OMC-446	4.0	4.0	0.04073417356369872	0.007965995586525443	0.9998334721065778
563_OMC-446	4.0	4.0	0.043045417069524104	0.008276518538434474	1.0
564_OMC-446	3.0	3.0	0.03607439778605025	0.00698391990034708	1.0
565_OMC-446	4.0	4.0	0.03806267344980476	0.007240405256328297	0.9998349562634098
566_OMC-446	4.0	4.0	0.048694497732687296	0.009647272724027545	1.0
567_OMC-446	4.0	4.0	0.04891470391236306	0.009609910806021471	1.0
568_OMC-446	4.0	4.0	0.04137507811152681	0.007942609817480961	0.9998339973439575
569_OMC-446	4.0	4.0	0.0490546475046816	0.009641861155327835	1.0
56_OMC-446	4.0	4.0	0.044673472687352	0.00872443961552083	0.9998316214850985
570_OMC-446	4.0	4.0	0.04106290662634224	0.007792286164513995	1.0
571_OMC-446	4.0	4.0	0.039642645571666954	0.007564688693029287	1.0
572_OMC-446	4.0	4.0	0.04154034463422644	0.00805512155190835	0.9998316214850985
573_OMC-446	4.0	4.0	0.04630105489772924	0.008972303393651182	1.0
574_OMC-446	4.0	4.0	0.03855685668425787	0.00734924602488396	0.9998324677500419
575_OMC-446	4.0	4.0	0.03581088315829225	0.006663343206533723	1.0
576_OMC-446	4.0	4.0	0.04198479412570441	0.008018404335402685	1.0
577_OMC-446	4.0	4.0	0.040493758219205186	0.007667595661354332	1.0
578_OMC-446	4.0	4.0	0.03812234770561456	0.007253534772962644	0.999834656084656
579_OMC-446	4.0	4.0	0.04628338990564764	0.009112030060002385	0.9998306233062331
57_OMC-446	4.0	4.0	0.04198002853098833	0.007946121610333812	1.0
580_OMC-446	4.0	4.0	0.04843145709469271	0.009586679869035386	1.0
581_OMC-446	4.0	4.0	0.04235053897461676	0.008325621890102664	1.0
582_OMC-446	4.0	4.0	0.03858313436150621	0.0072293250022718025	1.0
583_OMC-446	4.0	4.0	0.04324946893287316	0.008321976841681566	1.0
584_OMC-446	4.0	4.0	0.0376005899640443	0.007329203633932968	0.9998328877005348
585_OMC-446	4.0	4.0	0.04152943315994642	0.007917881472153443	1.0
586_OMC-446	4.0	4.0	0.04549334690191667	0.008871194105625424	1.0
587_OMC-446	4.0	4.0	0.04041797648676088	0.007651016604414473	1.0
588_OMC-446	4.0	4.0	0.04640747802166374	0.008996219176028108	1.0
589_OMC-446	4.0	4.0	0.048616696183888836	0.009541929505271218	1.0
58_OMC-446	4.0	4.0	0.045498290058643046	0.008970412614455747	1.0
590_OMC-446	4.0	4.0	0.0395691824919214	0.0076544379753680225	1.0
591_OMC-446	4.0	4.0	0.041487738742634984	0.007967659478882783	0.9998334721065778
592_OMC-446	4.0	4.0	0.04054640033701454	0.007679115622850952	1.0
593_OMC-446	4.0	4.0	0.04355294450502025	0.008314453926732912	1.0
594_OMC-446	4.0	4.0	0.0420733660429534	0.00826233674083976	1.0
595_OMC-446	4.0	4.0	0.04221146607560947	0.008293858596633563	1.0
596_OMC-446	4.0	4.0	0.04585704859039263	0.008953563608101955	1.0
597_OMC-446	4.0	4.0	0.04294109946437325	0.008253293895205682	1.0
598_OMC-446	4.0	4.0	0.036227585938869634	0.00667953612002925	1.0
599_OMC-446	4.0	4.0	0.04048207976519826	0.0076650403621447705	1.0
59_OMC-446	4.0	4.0	0.03937146798769795	0.00761011690570057	1.0
5_OMC-446	4.0	4.0	0.04097757426856167	0.007928719907706716	0.9998342724560823
600_OMC-446	4.0	4.0	0.04293497994163783	0.008251931798062162	1.0
601_OMC-446	4.0	4.0	0.03737646240844383	0.007123927711950695	1.0
602_OMC-446	4.0	4.0	0.03894738771489268	0.007312611111111256	0.9998333333333334
603_OMC-446	4.0	4.0	0.0403594712428804	0.007995512224850287	0.9998328318288198
604_OMC-446	4.0	4.0	0.03700236194711104	0.007041517372969763	1.0
605_OMC-446	4.0	4.0	0.04455797138367705	0.008637656756761869	1.0
606_OMC-446	4.0	4.0	0.04327317041274723	0.00825269956246466	1.0
607_OMC-446	4.0	4.0	0.04026726366216132	0.007551199567099487	1.0
608_OMC-446	4.0	4.0	0.0463941465573171	0.00899322273322789	1.0
609_OMC-446	3.0	3.0	0.040550746645508465	0.008284661548493277	1.0
60_OMC-446	4.0	4.0	0.04339082810580097	0.008278661383428587	1.0
610_OMC-446	4.0	4.0	0.04595552680912952	0.008975887243043212	1.0
611_OMC-446	4.0	4.0	0.04398763240984809	0.008569168326965415	0.9998346287415247
612_OMC-446	4.0	4.0	0.043175029659179735	0.008305388888888876	1.0
613_OMC-446	4.0	4.0	0.045745983717462205	0.008928397345323802	1.0
614_OMC-446	4.0	4.0	0.041348943827625655	0.00801209642732259	0.9998325238653492
615_OMC-446	4.0	4.0	0.04446149644548606	0.008676401909513798	0.9998325519089082
616_OMC-446	4.0	4.0	0.041922558256212814	0.008002866474652648	0.9998327479511624
617_OMC-446	4.0	4.0	0.03999442576731524	0.007688485034958337	0.999832327297116
618_OMC-446	4.0	4.0	0.044628302857832966	0.008653468147606702	1.0
619_OMC-446	4.0	4.0	0.039642645571666954	0.007564688693029287	1.0
61_OMC-446	4.0	4.0	0.04118890839590089	0.007976149880347894	0.9998332777592531
620_OMC-446	4.0	4.0	0.043107033576208494	0.008290241250991204	1.0
621_OMC-446	4.0	4.0	0.04165229594235295	0.008194576696676004	0.9998355263157894
622_OMC-446	4.0	4.0	0.04349959194243132	0.008377751768408492	1.0
623_OMC-446	4.0	4.0	0.04597527672683733	0.008980365334626317	1.0
624_OMC-446	4.0	4.0	0.04473537254461342	0.008669953353338755	0.9998326919859462
625_OMC-446	4.0	4.0	0.042861690649658425	0.008235621630835244	1.0
626_OMC-446	4.0	4.0	0.04637412118499026	0.009070874944967278	1.0
627_OMC-446	4.0	4.0	0.03630849178096899	0.006889060446404582	1.0
628_OMC-446	4.0	4.0	0.04401258734573294	0.008656729543155994	0.9998329156223893
629_OMC-446	4.0	4.0	0.046760004389505144	0.009330464631047697	0.9998327199732352
62_OMC-446	4.0	4.0	0.04153535633635159	0.007919187775388137	1.0
630_OMC-446	4.0	4.0	0.03875371943613202	0.007324227078519874	0.9998330550918197
631_OMC-446	4.0	4.0	0.04901958139979799	0.009633853667426195	1.0
632_OMC-446	4.0	4.0	0.040244278381693324	0.007968964249504107	0.9998333888703765
633_OMC-446	4.0	4.0	0.04259051496557858	0.008266058988599556	1.0
634_OMC-446	4.0	4.0	0.03987265108532216	0.007722544240775897	1.0
635_OMC-446	4.0	4.0	0.04020968942430283	0.007605477312167652	1.0
636_OMC-446	4.0	4.0	0.0459292217760729	0.008969923396717427	1.0
637_OMC-446	4.0	4.0	0.042693986388638604	0.008289355612420501	1.0
638_OMC-446	4.0	4.0	0.03749300946222865	0.007304868040449053	0.9998334443704198
639_OMC-446	4.0	4.0	0.04005283611918401	0.007655329834643676	1.0
63_OMC-446	4.0	4.0	0.043069730639417825	0.008374041381258301	1.0
640_OMC-446	4.0	4.0	0.04247578769350529	0.008127012647947573	1.0
641_OMC-446	4.0	4.0	0.04858917170692824	0.00953565452725813	1.0
642_OMC-446	4.0	4.0	0.04534282909215237	0.008934791453077628	1.0
643_OMC-446	3.0	3.0	0.04144528830692027	0.00827031625600294	1.0
644_OMC-446	4.0	4.0	0.03272154440501803	0.0059631394172248164	1.0
645_OMC-446	4.0	4.0	0.04514196561391608	0.009009705142125957	1.0
646_OMC-446	4.0	4.0	0.04063747165886172	0.0076313742210015745	1.0
647_OMC-446	4.0	4.0	0.04315646256741425	0.008301252228014366	1.0
648_OMC-446	4.0	4.0	0.040814797388964943	0.007892218112170002	0.9998350379412735
649_OMC-446	4.0	4.0	0.037975535316209834	0.007305755745336873	0.9998334443704198
64_OMC-446	4.0	4.0	0.04363448859147912	0.008332466509549108	1.0
650_OMC-446	4.0	4.0	0.03775914177036633	0.007257554461633897	0.9998345466578424
651_OMC-446	4.0	4.0	0.04100094140508077	0.007933962030642894	0.9998341625207297
652_OMC-446	4.0	4.0	0.042028202797511544	0.007956658938698569	1.0
653_OMC-446	4.0	4.0	0.03709028167760882	0.006961765522436547	1.0
654_OMC-446	4.0	4.0	0.04360936341255846	0.008326915869456553	1.0
655_OMC-446	4.0	4.0	0.03947288547951692	0.007632846302808027	1.0
656_OMC-446	4.0	4.0	0.043336661941690655	0.008341413393985198	1.0
657_OMC-446	4.0	4.0	0.040575742908773124	0.007901794323503464	1.0
658_OMC-446	4.0	4.0	0.04281640735027501	0.008316932083152206	1.0
659_OMC-446	4.0	4.0	0.0459292217760729	0.008969923396717427	1.0
65_OMC-446	4.0	4.0	0.04298398833031923	0.00826284118029319	1.0
660_OMC-446	4.0	4.0	0.041286595792523605	0.007922944751591277	0.9998344096704752
661_OMC-446	4.0	4.0	0.039732677728660785	0.007559071495708447	0.9998351738915444
662_OMC-446	3.0	3.0	0.038719341679631286	0.007707178872352172	1.0
663_OMC-446	4.0	4.0	0.045706921476672	0.008919548878131844	1.0
664_OMC-446	4.0	4.0	0.03548510220183324	0.0066378000060908215	0.9998336106489185
665_OMC-446	4.0	4.0	0.03743999902905557	0.007037589030518987	1.0
666_OMC-446	4.0	4.0	0.039090106101817006	0.0073390543960619725	1.0
667_OMC-446	4.0	4.0	0.0412302718867918	0.007985438347807183	0.99983308295777
668_OMC-446	4.0	4.0	0.04913902541516785	0.009661133544367262	1.0
669_OMC-446	3.0	3.0	0.027798691110241427	0.005377156425047991	0.9998315363881402
66_OMC-446	4.0	4.0	0.043716359259184275	0.00835055730652845	1.0
670_OMC-446	4.0	4.0	0.04910198639499951	0.009579050985372484	1.0
671_OMC-446	4.0	4.0	0.04618707707097405	0.009028411153566784	1.0
672_OMC-446	4.0	4.0	0.04537889776236651	0.008765494368782711	1.0
673_OMC-446	4.0	4.0	0.04434042160740288	0.008648983044477143	0.99983308295777
674_OMC-446	4.0	4.0	0.04003301483906185	0.007920312416497044	0.9998344096704752
675_OMC-446	4.0	4.0	0.040336129084317614	0.007566103742031816	1.0
676_OMC-446	4.0	4.0	0.04684038317461351	0.009260490133313648	0.9998339973439575
677_OMC-446	4.0	4.0	0.037496458425960506	0.006972831679726399	1.0
678_OMC-446	4.0	4.0	0.04652575688105645	0.008955225285996127	1.0
679_OMC-446	4.0	4.0	0.043376546855431575	0.00821538748846773	1.0
67_OMC-446	4.0	4.0	0.03472653807250768	0.006340192569516456	1.0
680_OMC-446	4.0	4.0	0.04329788383663884	0.00825815166842958	1.0
681_OMC-446	4.0	4.0	0.043243255192800305	0.008320591981944236	1.0
682_OMC-446	4.0	4.0	0.03938833223648725	0.007613895733357134	1.0
683_OMC-446	4.0	4.0	0.040619956042473204	0.007627578021332848	1.0
684_OMC-446	4.0	4.0	0.04125470070139591	0.00771124911754828	1.0
685_OMC-446	4.0	4.0	0.029293173591357392	0.005310463063716631	0.9998336936637285
686_OMC-446	4.0	4.0	0.043260824987086444	0.008249976208209997	1.0
687_OMC-446	4.0	4.0	0.04892168081737267	0.009611503293703638	1.0
688_OMC-446	4.0	4.0	0.043175029659179735	0.008305388888888876	1.0
689_OMC-446	4.0	4.0	0.04056750564747883	0.0076162120492325736	1.0
68_OMC-446	4.0	4.0	0.039422107068592095	0.007621464658074895	1.0
690_OMC-446	4.0	4.0	0.048611102633780566	0.00962805555555557	1.0
691_OMC-446	4.0	4.0	0.04321767513033794	0.008240458606282086	1.0
692_OMC-446	5.0	4.0	0.03966742812658239	0.007983757012940407	0.9996661101836394
693_OMC-446	4.0	4.0	0.043755721255629175	0.008598044385382142	0.9998340524394291
694_OMC-446	4.0	4.0	0.03770340439659259	0.007352473109062507	0.9998323554065381
695_OMC-446	4.0	4.0	0.04628778865290697	0.008969322858471518	1.0
696_OMC-446	4.0	4.0	0.04300853735019155	0.008268306695419558	1.0
697_OMC-446	4.0	4.0	0.04166016091980266	0.007946720056726697	1.0
698_OMC-446	4.0	4.0	0.03779604542569987	0.00703708747037235	1.0
699_OMC-446	4.0	4.0	0.04149368639892072	0.007968982259661583	0.9998334443704198
69_OMC-446	4.0	4.0	0.045984890238023525	0.008901312940374884	1.0
6_OMC-446	4.0	4.0	0.04022120084928394	0.007607993046385264	1.0
700_OMC-446	4.0	4.0	0.044208208723521845	0.008551612587001323	0.9998349834983499
701_OMC-446	4.0	4.0	0.04108295103929562	0.00795236417425882	0.9998337765957447
702_OMC-446	4.0	4.0	0.0427306340849189	0.008297609333326794	1.0
703_OMC-446	4.0	4.0	0.04037641668556888	0.007574825045123745	1.0
704_OMC-446	4.0	4.0	0.03982208363979628	0.007650125935077523	0.9998331664998331
705_OMC-446	4.0	4.0	0.0376005899640443	0.007329203633932968	0.9998328877005348
706_OMC-446	4.0	4.0	0.04316264970320805	0.008302630657047283	1.0
707_OMC-446	4.0	4.0	0.04658153490409306	0.00903535542598033	1.0
708_OMC-446	4.0	4.0	0.03167009614333665	0.005662255949632877	1.0
709_OMC-446	4.0	4.0	0.03937708769001119	0.0076113760980867085	1.0
70_OMC-446	4.0	4.0	0.039461589317178934	0.007630314111680581	1.0
710_OMC-446	4.0	4.0	0.042421254240068644	0.008227972215290591	1.0
711_OMC-446	4.0	4.0	0.026436531417903024	0.004656672811828466	1.0
712_OMC-446	4.0	4.0	0.0466266329077948	0.009299476395432715	0.9998332777592531
713_OMC-446	4.0	4.0	0.046021430499471376	0.008990831611570327	1.0
714_OMC-446	4.0	4.0	0.04879217972916944	0.00966978993560863	1.0
715_OMC-446	4.0	4.0	0.04255792955060382	0.00837302450391919	1.0
716_OMC-446	4.0	4.0	0.03808010953035117	0.007037652022632623	1.0
717_OMC-446	4.0	4.0	0.04372461518596046	0.008590942046208583	0.9998341900182391
718_OMC-446	4.0	4.0	0.04247837719087913	0.008354836377235775	1.0
719_OMC-446	4.0	4.0	0.03710126856437052	0.006888207467023899	1.0
71_OMC-446	4.0	4.0	0.04551912108445634	0.00887702734893936	1.0
720_OMC-446	4.0	4.0	0.04325568457997318	0.008323362162476089	1.0
721_OMC-446	4.0	4.0	0.04352166793122061	0.0083075467292556	1.0
722_OMC-446	4.0	4.0	0.046070061978357994	0.008920428360855381	1.0
723_OMC-446	4.0	4.0	0.03868229973674569	0.007250768620966297	1.0
724_OMC-446	4.0	4.0	0.04020412683905996	0.007959714059575851	0.999833582958895
725_OMC-446	4.0	4.0	0.04024424480391763	0.007613029510995406	1.0
726_OMC-446	4.0	4.0	0.04033721707498218	0.00771826852281754	1.0
727_OMC-446	4.0	4.0	0.049188389350436	0.009672411391750457	1.0
728_OMC-446	4.0	4.0	0.04375425642642847	0.00835893342617966	1.0
729_OMC-446	4.0	4.0	0.043045417069524104	0.008276518538434474	1.0
72_OMC-446	4.0	4.0	0.04456879749069909	0.008632531976557112	0.9998334166250208
730_OMC-446	4.0	4.0	0.03763744827683179	0.007003060267674055	1.0
731_OMC-446	4.0	4.0	0.049040614628087446	0.00963865656335905	1.0
732_OMC-446	4.0	4.0	0.04604381941432877	0.008914537954512802	1.0
733_OMC-446	4.0	4.0	0.048855196998282	0.009684320874281283	1.0
734_OMC-446	4.0	4.0	0.04637416469466945	0.008988731809794759	1.0
735_OMC-446	4.0	4.0	0.04448600577672626	0.00861394216486544	0.9998337765957447
736_OMC-446	4.0	4.0	0.045744308805489686	0.00884735319049168	1.0
737_OMC-446	4.0	4.0	0.04608091679712351	0.009004324153988996	1.0
738_OMC-446	4.0	4.0	0.04630105489772924	0.008972303393651182	1.0
739_OMC-446	4.0	4.0	0.04044568114452261	0.007589822719295425	1.0
73_OMC-446	4.0	4.0	0.042427274519227516	0.008229326412646065	1.0
740_OMC-446	4.0	4.0	0.041059555259158206	0.008011254979652271	1.0
741_OMC-446	4.0	4.0	0.04098024514098943	0.008021909607541566	0.999832299178266
742_OMC-446	4.0	4.0	0.04636085366424847	0.008985740351779015	1.0
743_OMC-446	4.0	4.0	0.04652713725942471	0.009276369960545261	0.9998336936637285
744_OMC-446	4.0	4.0	0.04325568457997318	0.008323362162476089	1.0
745_OMC-446	4.0	4.0	0.03975568556628546	0.007589650774053047	1.0
746_OMC-446	4.0	4.0	0.040507874714802286	0.007550502125353575	1.0
747_OMC-446	4.0	4.0	0.041265797007217955	0.007993417126777036	0.9998329156223893
748_OMC-446	4.0	4.0	0.04623480477696448	0.008957420493470702	1.0
749_OMC-446	4.0	4.0	0.031192708322939165	0.005703035362742304	1.0
74_OMC-446	3.0	3.0	0.028272526477283327	0.005359878869939938	1.0
750_OMC-446	4.0	4.0	0.044916860807657506	0.00895739811605789	1.0
751_OMC-446	4.0	4.0	0.04453883114806697	0.008633354582127994	1.0
752_OMC-446	4.0	4.0	0.04843145709469271	0.009586679869035386	1.0
753_OMC-446	4.0	4.0	0.039320967650335374	0.007598802894524526	1.0
754_OMC-446	4.0	4.0	0.04287170017388451	0.008614463551157692	0.9998336936637285
755_OMC-446	4.0	4.0	0.04919544999915844	0.00967402466253553	1.0
756_OMC-446	4.0	4.0	0.04904529805583892	0.009728176902881303	1.0
757_OMC-446	4.0	4.0	0.03992983829532577	0.007544357358063358	1.0
758_OMC-446	4.0	4.0	0.03855129049906149	0.0073480187088428295	0.9998324958123953
759_OMC-446	4.0	4.0	0.04253954304838166	0.008368820218877193	1.0
75_OMC-446	4.0	4.0	0.04892542073705633	0.009700517666433206	1.0
760_OMC-446	4.0	4.0	0.04253954304838166	0.008368820218877193	1.0
761_OMC-446	4.0	4.0	0.04463094490226522	0.00889103203333097	1.0
762_OMC-446	4.0	4.0	0.04507923825362115	0.008675963539146236	1.0
763_OMC-446	4.0	4.0	0.0450527449172483	0.008915504660421125	0.9998342724560823
764_OMC-446	4.0	4.0	0.03851510014828697	0.007294530255255172	1.0
765_OMC-446	4.0	4.0	0.04645420267077236	0.009006722468493877	1.0
766_OMC-446	4.0	4.0	0.04582204013508748	0.008864781828692547	1.0
767_OMC-446	4.0	4.0	0.03628636842572075	0.007014742866063295	0.9998324677500419
768_OMC-446	4.0	4.0	0.03981815136494037	0.0076034502662568615	1.0
769_OMC-446	4.0	4.0	0.03579219963696541	0.006643866719448943	0.9998334721065778
76_OMC-446	4.0	4.0	0.04308782382883376	0.00854338028487689	0.9998350923482849
770_OMC-446	4.0	4.0	0.040843763325809	0.007898711620486942	0.9998349017665511
771_OMC-446	4.0	4.0	0.04093092523250079	0.007918256415617053	0.9998344918901027
772_OMC-446	4.0	4.0	0.038396130535006186	0.007313819511472031	0.9998332777592531
773_OMC-446	4.0	4.0	0.03859028984988271	0.007356618539465232	0.999832299178266
774_OMC-446	4.0	4.0	0.043100863450878255	0.008288866932358419	1.0
775_OMC-446	4.0	4.0	0.039033438867222735	0.007263339645019684	1.0
776_OMC-446	4.0	4.0	0.046303286948408684	0.00922441809595309	0.9998346287415247
777_OMC-446	4.0	4.0	0.04647499114850588	0.009093788129599822	1.0
778_OMC-446	3.0	3.0	0.03779540722471806	0.00760928177506881	1.0
779_OMC-446	4.0	4.0	0.04228390380503996	0.008310400451864042	1.0
77_OMC-446	4.0	4.0	0.044251658432013216	0.00862889030165681	0.9998334721065778
780_OMC-446	4.0	4.0	0.04335979939890077	0.008271813501833591	1.0
781_OMC-446	4.0	4.0	0.042990122779757015	0.008264206881567926	1.0
782_OMC-446	4.0	4.0	0.04372898386108928	0.008353347480622442	1.0
783_OMC-446	4.0	4.0	0.042678371035485045	0.00804124853050614	1.0
784_OMC-446	4.0	4.0	0.0414758488893801	0.007965015234293715	0.9998335275511903
785_OMC-446	4.0	4.0	0.04508573273857366	0.008677411308589456	1.0
786_OMC-446	4.0	4.0	0.041024337024872216	0.007939211089813325	0.9998340524394291
787_OMC-446	4.0	4.0	0.04141650858740966	0.007951820293998768	0.9998338042213728
788_OMC-446	4.0	4.0	0.04029619682884335	0.00762438597327697	1.0
789_OMC-446	4.0	4.0	0.039501156129119856	0.007639184139553001	1.0
78_OMC-446	4.0	4.0	0.043490439259775804	0.008300650998379289	1.0
790_OMC-446	4.0	4.0	0.041271724219423	0.007994748473648117	0.9998328877005348
791_OMC-446	4.0	4.0	0.043794026234153974	0.008306833333333374	1.0
792_OMC-446	4.0	4.0	0.03757210259356797	0.006929665227912163	1.0
793_OMC-446	4.0	4.0	0.03882650200148884	0.007281968285670071	1.0
794_OMC-446	4.0	4.0	0.042922746481039484	0.008249208952092357	1.0
795_OMC-446	4.0	4.0	0.04639867172410236	0.009159014186442382	0.9998358233459202
796_OMC-446	4.0	4.0	0.041505587175088114	0.00797162913928151	0.9998333888703765
797_OMC-446	4.0	4.0	0.04590951411108541	0.00896545571016738	1.0
798_OMC-446	4.0	4.0	0.032353546666397746	0.005997242759845922	0.9998329993319973
799_OMC-446	4.0	4.0	0.0388633826992893	0.0076343818397242025	0.9998334721065778
79_OMC-446	4.0	4.0	0.04695392848624411	0.009225566697384502	1.0
7_OMC-446	4.0	4.0	0.04203334789528171	0.008029134364794799	1.0
800_OMC-446	4.0	4.0	0.03659944328444021	0.006952925402537891	1.0
801_OMC-446	4.0	4.0	0.04549334690191667	0.008871194105625424	1.0
802_OMC-446	4.0	4.0	0.0455578409301574	0.008885791611575988	1.0
803_OMC-446	4.0	4.0	0.0431874172002747	0.008308148953952599	1.0
804_OMC-446	4.0	4.0	0.03965391869372202	0.00756717750983027	1.0
805_OMC-446	4.0	4.0	0.03764834046992682	0.0070053964031605576	1.0
806_OMC-446	4.0	4.0	0.048403945272861494	0.009580345921030409	1.0
807_OMC-446	4.0	4.0	0.045997971683148106	0.008904248440262719	1.0
808_OMC-446	4.0	4.0	0.04502266925738808	0.008742210817633378	1.0
809_OMC-446	4.0	4.0	0.03938049806434075	0.007402020118289276	1.0
80_OMC-446	4.0	4.0	0.04662170501446612	0.009210229963004357	0.9998349017665511
810_OMC-446	4.0	4.0	0.04083924507279745	0.00798986300951754	0.9998329714381159
811_OMC-446	4.0	4.0	0.04355920557799605	0.008315836744737792	1.0
812_OMC-446	4.0	4.0	0.04279851011478576	0.008428067138446127	1.0
813_OMC-446	4.0	4.0	0.041438427857402794	0.008032207082969367	0.9998321020819342
814_OMC-446	4.0	4.0	0.040921368824132484	0.00800852566949184	0.9998325799430772
815_OMC-446	4.0	4.0	0.04342190424456518	0.008285520612434039	1.0
816_OMC-446	4.0	4.0	0.046746630506150695	0.009327356517265017	0.9998327759197324
817_OMC-446	4.0	4.0	0.0465412442321771	0.009026293791712936	1.0
818_OMC-446	4.0	4.0	0.04292886228081663	0.008250570150431957	1.0
819_OMC-446	4.0	4.0	0.04648094762683521	0.00901273536863545	1.0
81_OMC-446	4.0	4.0	0.04318122248114064	0.008306768692153743	1.0
820_OMC-446	4.0	4.0	0.04327434297243191	0.008327520893505747	1.0
821_OMC-446	4.0	4.0	0.04851419364533071	0.009605732063606376	1.0
822_OMC-446	4.0	4.0	0.040491998393068114	0.007599854205892487	1.0
823_OMC-446	4.0	4.0	0.049047629993272224	0.009640258593031859	1.0
824_OMC-446	4.0	4.0	0.04079994176450508	0.007734636670551409	1.0
825_OMC-446	4.0	4.0	0.046635371872966666	0.009047465944694189	1.0
826_OMC-446	4.0	4.0	0.04834902179661628	0.009567703100634262	1.0
827_OMC-446	3.0	3.0	0.03626540321796976	0.007240117676852842	1.0
828_OMC-446	4.0	4.0	0.040927248318115075	0.008009862053279138	0.9998325519089082
829_OMC-446	4.0	4.0	0.037566812389090695	0.006987913283097336	1.0
82_OMC-446	4.0	4.0	0.042320222445609484	0.008318696148036375	1.0
830_OMC-446	4.0	4.0	0.04145039033355373	0.008034896134049396	0.9998320456835741
831_OMC-446	4.0	4.0	0.041960009786073456	0.00823647710228681	1.0
832_OMC-446	4.0	4.0	0.04406940489093904	0.008669719036789814	0.9998326639892905
833_OMC-446	4.0	4.0	0.04887985127491663	0.009601956276506174	1.0
834_OMC-446	4.0	4.0	0.03364359373823786	0.0062678633161014075	1.0
835_OMC-446	4.0	4.0	0.04512474164842972	0.008686108082126776	1.0
836_OMC-446	4.0	4.0	0.03709586719782306	0.0070901970354150246	0.9998306806637318
837_OMC-446	4.0	4.0	0.04544831705192695	0.008861004355290358	1.0
838_OMC-446	4.0	4.0	0.045935795016760435	0.008971413615206258	1.0
839_OMC-446	4.0	4.0	0.04583086385497562	0.008947629379650102	1.0
83_OMC-446	4.0	4.0	0.04911790185423293	0.00965630822792829	1.0
840_OMC-446	4.0	4.0	0.0448020252358771	0.008930733147043846	1.0
841_OMC-446	4.0	4.0	0.046608436780476464	0.009041406630031723	1.0
842_OMC-446	3.0	3.0	0.032119777164654355	0.006253847399945611	1.0
843_OMC-446	4.0	4.0	0.03644046977385953	0.00666890358383232	1.0
844_OMC-446	4.0	4.0	0.043372205196955546	0.008274551294585097	1.0
845_OMC-446	4.0	4.0	0.04033637627028567	0.007990188488587235	0.9998329435349148
846_OMC-446	4.0	4.0	0.03798689203867365	0.007280425612506636	1.0
847_OMC-446	4.0	4.0	0.04894960972904907	0.009617878525771784	1.0
848_OMC-446	4.0	4.0	0.03453242216212039	0.006355931250368263	0.999832327297116
849_OMC-446	4.0	4.0	0.04040634460274886	0.007648472341578727	1.0
84_OMC-446	4.0	4.0	0.039820768598158154	0.0077108937269146915	1.0
850_OMC-446	4.0	4.0	0.04670285533887004	0.009062649822462188	1.0
851_OMC-446	4.0	4.0	0.036308895935032386	0.0066412227105979715	1.0
852_OMC-446	4.0	4.0	0.043100843050767834	0.008381059629163135	1.0
853_OMC-446	4.0	4.0	0.037732277521561185	0.007251573985209814	0.9998346834187469
854_OMC-446	4.0	4.0	0.048834171903024706	0.009679472378152587	1.0
855_OMC-446	4.0	4.0	0.049167220399387396	0.009667574806141	1.0
856_OMC-446	4.0	4.0	0.03798064622372223	0.007016489482588817	1.0
857_OMC-446	4.0	4.0	0.04090764322687425	0.00791303501909324	0.9998346013893483
858_OMC-446	4.0	4.0	0.03858471335934975	0.007355388760013737	0.999832327297116
859_OMC-446	4.0	4.0	0.03807942389150322	0.00730096223233645	1.0
85_OMC-446	4.0	4.0	0.04301467928396396	0.008269674204126387	1.0
860_OMC-446	4.0	4.0	0.03860358740086187	0.0072914565453833236	0.9998338042213728
861_OMC-446	4.0	4.0	0.04177976900430509	0.007973119849685628	1.0
862_OMC-446	4.0	4.0	0.04008484199537496	0.007511740665429367	1.0
863_OMC-446	4.0	4.0	0.04518209368943721	0.008897985660493046	1.0
864_OMC-446	4.0	4.0	0.048130654367201736	0.009517463746678612	1.0
865_OMC-446	4.0	4.0	0.04452550433983167	0.008690902834129655	0.9998322710499832
866_OMC-446	4.0	4.0	0.041030190386583815	0.007940524440006258	0.9998340248962656
867_OMC-446	4.0	4.0	0.040470408494422544	0.007662486765507515	1.0
868_OMC-446	4.0	4.0	0.04652783054822316	0.009023277284660791	1.0
869_OMC-446	4.0	4.0	0.040054970191566674	0.007571677015084988	1.0
86_OMC-446	4.0	4.0	0.04049779600316788	0.007601110006504763	1.0
870_OMC-446	4.0	4.0	0.043293018560542885	0.008331683782348054	1.0
871_OMC-446	4.0	4.0	0.035510642675952164	0.0066433120886632	0.9998334721065778
872_OMC-446	4.0	4.0	0.04572491996155903	0.008843006733558756	1.0
873_OMC-446	4.0	4.0	0.04048207976519826	0.0076650403621447705	1.0
874_OMC-446	4.0	4.0	0.0464475215680306	0.00900522049684005	1.0
875_OMC-446	4.0	4.0	0.037361948411937365	0.006944010810601697	1.0
876_OMC-446	4.0	4.0	0.046036395170298054	0.009162539003075176	0.9998357424441524
877_OMC-446	4.0	4.0	0.04062761506383971	0.007913518749987247	1.0
878_OMC-446	4.0	4.0	0.04315005348167051	0.008225546662091854	1.0
879_OMC-446	3.0	3.0	0.044291498516191075	0.008877179797187607	1.0
87_OMC-446	3.0	3.0	0.0382953262310582	0.007726872184601441	1.0
880_OMC-446	4.0	4.0	0.043384618573432045	0.008277290900218337	1.0
881_OMC-446	4.0	4.0	0.04156499928565538	0.007925725762304547	1.0
882_OMC-446	4.0	4.0	0.043596277236989056	0.008515085859121307	1.0
883_OMC-446	4.0	4.0	0.04872236416164193	0.009653695505304816	1.0
884_OMC-446	4.0	4.0	0.04067184803531325	0.0077078737377304085	0.9998319327731092
885_OMC-446	4.0	4.0	0.040936950948679905	0.007764664814799538	1.0
886_OMC-446	4.0	4.0	0.043174617029469016	0.008230962938819086	1.0
887_OMC-446	4.0	4.0	0.043712353526454785	0.008288931274770706	1.0
888_OMC-446	4.0	4.0	0.04346815771710766	0.00837073905173924	1.0
889_OMC-446	4.0	4.0	0.049129953822917745	0.009585383230392597	1.0
88_OMC-446	4.0	4.0	0.04850038322810494	0.00960255144083888	1.0
890_OMC-446	4.0	4.0	0.045863599771366344	0.008955048395304144	1.0
891_OMC-446	4.0	4.0	0.03766469136200003	0.007008903530229871	1.0
892_OMC-446	4.0	4.0	0.04397888450388687	0.008507644456924646	1.0
893_OMC-446	4.0	4.0	0.04016839158174704	0.007680894702434493	1.0
894_OMC-446	4.0	4.0	0.0426554806135925	0.008189757671551057	1.0
895_OMC-446	4.0	4.0	0.042982870624051615	0.008354452671765156	1.0
896_OMC-446	4.0	4.0	0.04305772532128306	0.008279259445383214	1.0
897_OMC-446	4.0	4.0	0.04327434297243191	0.008327520893505747	1.0
898_OMC-446	4.0	4.0	0.043336661941690655	0.008341413393985198	1.0
899_OMC-446	4.0	4.0	0.04344304524158655	0.008365137325585748	1.0
89_OMC-446	4.0	4.0	0.045962108099842434	0.008977379443935951	1.0
8_OMC-446	4.0	4.0	0.036970208589321214	0.00703444127213082	1.0
900_OMC-446	4.0	4.0	0.0463941465573171	0.00899322273322789	1.0
901_OMC-446	4.0	4.0	0.04322999428486941	0.00824317567958699	1.0
902_OMC-446	4.0	4.0	0.03453400021762032	0.006605674276013329	0.9998343822457767
903_OMC-446	4.0	4.0	0.04160657535689943	0.00793489710100681	1.0
904_OMC-446	4.0	4.0	0.04739776796466281	0.009326977327551722	1.0
905_OMC-446	4.0	4.0	0.040152237559347485	0.007592923555984288	1.0
906_OMC-446	4.0	4.0	0.048715394356461925	0.009652089008374443	1.0
907_OMC-446	4.0	4.0	0.04241131156959058	0.008339508027700449	1.0
908_OMC-446	4.0	4.0	0.04513125014226168	0.00868755923945852	1.0
909_OMC-446	4.0	4.0	0.049354925089158876	0.009636344176081835	1.0
90_OMC-446	4.0	4.0	0.041124087418678186	0.007961597294522615	0.999833582958895
910_OMC-446	4.0	4.0	0.041212533814897985	0.007981454928401854	0.9998331664998331
911_OMC-446	4.0	4.0	0.037415628845938353	0.006955510520982533	1.0
912_OMC-446	4.0	4.0	0.03983522387070575	0.007607222477366227	1.0
913_OMC-446	4.0	4.0	0.04356242367411821	0.008256083235156697	1.0
914_OMC-446	4.0	4.0	0.04566143886396674	0.00890924780723057	1.0
915_OMC-446	4.0	4.0	0.04519490767382742	0.008900918961369242	1.0
916_OMC-446	4.0	4.0	0.04637416469466945	0.008988731809794759	1.0
917_OMC-446	4.0	4.0	0.03804126431804415	0.0072924919621149	1.0
918_OMC-446	4.0	4.0	0.042922746481039484	0.008249208952092357	1.0
919_OMC-446	4.0	4.0	0.03797009319953684	0.0073045429114372284	0.9998334721065778
91_OMC-446	4.0	4.0	0.042332343487117695	0.008321465061723154	1.0
920_OMC-446	4.0	4.0	0.039360233720908716	0.007607599770393159	1.0
921_OMC-446	4.0	4.0	0.045195993350803	0.008863750478356414	0.999835255354201
922_OMC-446	4.0	4.0	0.04610740794300704	0.009010333846887542	1.0
923_OMC-446	4.0	4.0	0.04512452677097819	0.008884809695872131	1.0
924_OMC-446	4.0	4.0	0.04168497753772531	0.00801154438507179	0.9998325519089082
925_OMC-446	4.0	4.0	0.04036568918655912	0.007639580731595541	1.0
926_OMC-446	4.0	4.0	0.03995407027863289	0.0076795002114978805	0.9998325238653492
927_OMC-446	3.0	3.0	0.04042477712759392	0.00825457200930435	1.0
928_OMC-446	4.0	4.0	0.037646585494395333	0.007232502519762041	0.9998351195383347
929_OMC-446	4.0	4.0	0.04640081126658956	0.008994720705077452	1.0
92_OMC-446	3.0	3.0	0.040660217677293095	0.008310825057622595	1.0
930_OMC-446	4.0	4.0	0.04305772532128306	0.008279259445383214	1.0
931_OMC-446	4.0	4.0	0.04296559619187684	0.008258746783363913	1.0
932_OMC-446	4.0	4.0	0.04052298582544724	0.007673991369315014	1.0
933_OMC-446	4.0	4.0	0.041434906908284094	0.0078970390761407	1.0
934_OMC-446	4.0	4.0	0.04180377864270739	0.007978420870710101	1.0
935_OMC-446	4.0	4.0	0.04875724521213143	0.009661736018082623	1.0
936_OMC-446	4.0	4.0	0.046847044047468075	0.009262021733115633	0.9998339697825004
937_OMC-446	4.0	4.0	0.04325568457997318	0.008323362162476089	1.0
938_OMC-446	3.0	3.0	0.04061404749305907	0.008299788728762914	1.0
939_OMC-446	4.0	4.0	0.04919544999915844	0.00967402466253553	1.0
93_OMC-446	4.0	4.0	0.046967287194611705	0.009289677419802245	0.9998334721065778
940_OMC-446	4.0	4.0	0.04194817740246194	0.008262281736700738	0.9998341625207297
941_OMC-446	4.0	4.0	0.04037149175960509	0.0076408496956639205	1.0
942_OMC-446	4.0	4.0	0.045150787657899275	0.00869191562215399	1.0
943_OMC-446	4.0	4.0	0.04564197591265815	0.008904840342473075	1.0
944_OMC-446	4.0	4.0	0.04365015316636264	0.008573944210131246	0.9998345192785041
945_OMC-446	4.0	4.0	0.042853280054243964	0.008325240838102044	1.0
946_OMC-446	4.0	4.0	0.03746408197555144	0.006965892874325252	1.0
947_OMC-446	4.0	4.0	0.04053261886965868	0.007608653534115772	1.0
948_OMC-446	4.0	4.0	0.04283123221967277	0.008228844741025698	1.0
949_OMC-446	3.0	3.0	0.03788672880847883	0.007630740109015877	1.0
94_OMC-446	4.0	4.0	0.048307916590888726	0.0095582428614166	1.0
950_OMC-446	4.0	4.0	0.04920002158155222	0.009601250530009597	1.0
951_OMC-446	4.0	4.0	0.04485936438105526	0.008944045757770303	1.0
952_OMC-446	4.0	4.0	0.0418820137798285	0.007995697975349603	1.0
953_OMC-446	4.0	4.0	0.035459600857763715	0.0066322970628291955	0.999833748960931
954_OMC-446	3.0	3.0	0.03760886821053423	0.00756548067347107	1.0
955_OMC-446	4.0	4.0	0.04718818553685057	0.009279068830624349	1.0
956_OMC-446	4.0	4.0	0.040925102077790786	0.007916950420601254	0.9998345192785041
957_OMC-446	4.0	4.0	0.039816803311270736	0.007519691822643004	1.0
958_OMC-446	4.0	4.0	0.04363790875748319	0.008641396326240836	1.0
959_OMC-446	4.0	4.0	0.040973668663520604	0.007881959239948944	1.0
95_OMC-446	4.0	4.0	0.04300853735019155	0.008268306695419558	1.0
960_OMC-446	4.0	4.0	0.04263738724399662	0.008185735364457436	1.0
961_OMC-446	4.0	4.0	0.043430500618530696	0.008362339273056185	1.0
962_OMC-446	4.0	4.0	0.04195883845318456	0.008010880145430499	0.9998325799430772
963_OMC-446	4.0	4.0	0.03416705687728271	0.006334237556836042	0.9998328877005348
964_OMC-446	4.0	4.0	0.032983522676487714	0.006010263723345011	0.9998326639892905
965_OMC-446	4.0	4.0	0.045817783467237076	0.008944665214215664	1.0
966_OMC-446	4.0	4.0	0.045962108099842434	0.008977379443935951	1.0
967_OMC-446	4.0	4.0	0.048680577299953225	0.00964406453716693	1.0
968_OMC-446	4.0	4.0	0.04045213473206354	0.008016878300985741	0.999832383506537
969_OMC-446	4.0	4.0	0.038804040665679385	0.0073352161463428045	0.99983280387895
96_OMC-446	4.0	4.0	0.03738340087907279	0.006948606128709733	1.0
970_OMC-446	4.0	4.0	0.04675397580006177	0.009240625331574992	0.9998343548119927
971_OMC-446	3.0	3.0	0.03947046125194023	0.007644214525835968	1.0
972_OMC-446	4.0	4.0	0.04627453052604458	0.00896634430283394	1.0
973_OMC-446	3.0	3.0	0.03907438966654875	0.0076169689076278635	1.0
974_OMC-446	4.0	4.0	0.042804131508329395	0.008314166182366023	1.0
975_OMC-446	4.0	4.0	0.043335010509651016	0.008266343347783645	1.0
976_OMC-446	4.0	4.0	0.044442332406225034	0.008672061063356717	0.9998326359832636
977_OMC-446	4.0	4.0	0.0366834886628295	0.006971390599763372	1.0
978_OMC-446	4.0	4.0	0.03948418855146567	0.00763538017513854	1.0
979_OMC-446	4.0	4.0	0.048928659850548	0.009613096309257219	1.0
97_OMC-446	4.0	4.0	0.03886011688887182	0.007347464960786532	0.9998325238653492
980_OMC-446	4.0	4.0	0.03408897776280758	0.006273694203468794	1.0
981_OMC-446	4.0	4.0	0.04634262234941027	0.009233543746929751	0.9998344644926337
982_OMC-446	4.0	4.0	0.04950827903670921	0.009745545283846968	1.0
983_OMC-446	4.0	4.0	0.045740205726652376	0.009025888473492283	1.0
984_OMC-446	4.0	4.0	0.04123618820247428	0.007986767037996056	0.9998330550918197
985_OMC-446	4.0	4.0	0.034802314931140645	0.006356099935179937	1.0
986_OMC-446	4.0	4.0	0.046096336515570456	0.00892632655658232	1.0
987_OMC-446	4.0	4.0	0.038435398238211994	0.007197396339237105	1.0
988_OMC-446	4.0	4.0	0.0337983607252021	0.0063011216762748345	1.0
989_OMC-446	4.0	4.0	0.04698068831348571	0.009292760471893424	0.9998334166250208
98_OMC-446	4.0	4.0	0.04158909712741327	0.007990206643525233	0.9998329993319973
990_OMC-446	4.0	4.0	0.041036045532670616	0.00794183822479022	0.9998339973439575
991_OMC-446	4.0	4.0	0.043175029659179735	0.008305388888888876	1.0
992_OMC-446	4.0	4.0	0.04945822647171368	0.009734096349884203	1.0
993_OMC-446	4.0	4.0	0.04560957703113175	0.008897504250440669	1.0
994_OMC-446	4.0	4.0	0.044872464284189596	0.008629888637071148	1.0
995_OMC-446	4.0	4.0	0.0485960497022467	0.009537222497915665	1.0
996_OMC-446	4.0	4.0	0.04334914874259349	0.008344197458198588	1.0
997_OMC-446	4.0	4.0	0.04348419926385517	0.008299273225684134	1.0
998_OMC-446	4.0	4.0	0.0443086768203373	0.008641796332088836	0.9998332221480988
999_OMC-446	4.0	4.0	0.04365964468921566	0.008338024554501389	1.0
99_OMC-446	4.0	4.0	0.04339082810580097	0.008278661383428587	1.0
9_OMC-446	4.0	4.0	0.04661921744370201	0.008976064986042753	1.0
