	chao1	observed_otus	shannon	simpson	goods_coverage
1000_O-123	6.0	6.0	1.291134691499371	0.5094332876440966	0.9997643732327992
100_O-123	6.0	6.0	1.2784889742359502	0.5048005608804971	0.9997642621404997
101_O-123	6.0	6.0	1.2751972136728864	0.5053041469271438	0.9997639282341831
102_O-123	6.0	6.0	1.278823705168963	0.5055410804429303	0.9997655334114889
103_O-123	6.0	6.0	1.2947133812286782	0.5104681987541277	0.9997638724911452
104_O-123	6.0	6.0	1.2866225933995605	0.508033063580706	0.9997647612326511
105_O-123	6.0	6.0	1.2816929171883398	0.5057588797226085	0.9997653683716565
106_O-123	6.0	6.0	1.2730997602810954	0.5037436233603505	0.9997654234107436
107_O-123	6.0	6.0	1.293930671988833	0.5099018034474128	0.9997647612326511
108_O-123	6.0	6.0	1.2847899191260541	0.506291595841486	0.9997649823736781
109_O-123	6.0	6.0	1.290681849204335	0.5091330918446092	0.9997643176997407
10_O-123	6.0	6.0	1.294868423099885	0.5105031642460987	0.9997648165569144
110_O-123	6.0	6.0	1.2786796779371967	0.5047044414516031	0.9997649271274095
111_O-123	6.0	6.0	1.2830365084124797	0.5067162743002456	0.9997645396750647
112_O-123	6.0	6.0	1.2985508045832157	0.511685793171254	0.9997628645956841
113_O-123	6.0	6.0	1.2887036248474482	0.5097346992382453	0.9997635933806147
114_O-123	6.0	6.0	1.2919835025736333	0.509062420889218	0.9997644842204427
115_O-123	6.0	6.0	1.2815681610740866	0.5062072916077788	0.9997650375939849
116_O-123	6.0	6.0	1.2741931573275949	0.5036287696514432	0.9997647612326511
117_O-123	6.0	6.0	1.295915324153077	0.510539852627339	0.9997650375939849
118_O-123	6.0	6.0	1.2723580404726915	0.5045677983749943	0.9997653133067355
119_O-123	6.0	6.0	1.2828174727641746	0.5074347011172293	0.9997644287396937
11_O-123	6.0	6.0	1.2782619467173868	0.5057125300848797	0.9997649823736781
120_O-123	6.0	6.0	1.2851714270735264	0.5071228235294116	0.9997647058823529
121_O-123	6.0	6.0	1.282876807201521	0.507053172752927	0.9997651479567872
122_O-123	6.0	6.0	1.2842763729086042	0.5076075088686058	0.9997644287396937
123_O-123	6.0	6.0	1.282618131806939	0.5067624236763972	0.9997642065550578
124_O-123	6.0	6.0	1.2815209284971116	0.5072124380184562	0.9997649271274095
125_O-123	6.0	6.0	1.2907118037016712	0.5094794744236704	0.9997650927883486
126_O-123	6.0	6.0	1.282499307125826	0.5068953571690522	0.9997624703087886
127_O-123	6.0	6.0	1.2928682913665779	0.5092349401573761	0.9997652582159624
128_O-123	6.0	6.0	1.279426119959344	0.5062433217993079	0.9997647058823529
129_O-123	6.0	6.0	1.293850624109237	0.510361006009	0.9997637609260571
12_O-123	6.0	6.0	1.2945098473688348	0.5100163054641488	0.9997636492554951
130_O-123	6.0	6.0	1.2859871573690167	0.508634726965786	0.9997645951035782
131_O-123	6.0	6.0	1.2885943995771945	0.508165730335209	0.9997644842204427
132_O-123	6.0	6.0	1.2902134358878636	0.5099944190587777	0.9997639839509087
133_O-123	6.0	6.0	1.274412294447813	0.5037271973802522	0.9997625830959165
134_O-123	6.0	6.0	1.3051955787487297	0.5131950522536459	0.9997648165569144
135_O-123	6.0	6.0	1.2881781953796552	0.5083888354216599	0.9997645396750647
136_O-123	6.0	6.0	1.2834918963338338	0.5063840246944828	0.9997648165569144
137_O-123	6.0	6.0	1.2788010718169818	0.5056367381087523	0.9997647612326511
138_O-123	6.0	6.0	1.27458990998201	0.5051240784545497	0.9997638724911452
139_O-123	6.0	6.0	1.2837374665216599	0.5075640169163118	0.9997644842204427
13_O-123	6.0	6.0	1.2717340249203548	0.5036040027331438	0.9997652582159624
140_O-123	6.0	6.0	1.288122430064835	0.5101486975900582	0.9997643176997407
141_O-123	6.0	6.0	1.278654081917712	0.5050325510478311	0.9997658079625292
142_O-123	6.0	6.0	1.287911289447384	0.5085102638308134	0.9997645951035782
143_O-123	6.0	6.0	1.2973017183462485	0.5111096522667677	0.9997649271274095
144_O-123	6.0	6.0	1.3032106293195491	0.5127854820180994	0.9997651479567872
145_O-123	6.0	6.0	1.284424915622607	0.5082211801302532	0.9997645396750647
146_O-123	6.0	6.0	1.2712852515680626	0.5031891221492579	0.9997649271274095
147_O-123	6.0	6.0	1.2785975397824827	0.5053498349093687	0.9997630331753554
148_O-123	6.0	6.0	1.290861780453297	0.5090476262805492	0.9997649823736781
149_O-123	6.0	6.0	1.2792281961528664	0.5047050935646569	0.9997651479567872
14_O-123	6.0	6.0	1.2866561550583202	0.50720791839572	0.9997627520759194
150_O-123	6.0	6.0	1.2852270531758914	0.5079138339659162	0.999764871855161
151_O-123	6.0	6.0	1.280705139418045	0.5067005147657428	0.9997639282341831
152_O-123	6.0	6.0	1.2809771875195741	0.5058057665676519	0.9997643176997407
153_O-123	6.0	6.0	1.2977876898240428	0.5112884396095914	0.9997646505060014
154_O-123	6.0	6.0	1.293730063510233	0.5107558828554588	0.9997632015155103
155_O-123	6.0	6.0	1.2853000439807285	0.507545823516478	0.9997644842204427
156_O-123	6.0	6.0	1.2924233422264055	0.5105613923538175	0.9997651479567872
157_O-123	6.0	6.0	1.2891844191576216	0.5084533073817026	0.999764871855161
158_O-123	6.0	6.0	1.2838015381927148	0.5075098235222593	0.9997642621404997
159_O-123	6.0	6.0	1.2830892880159308	0.5067285964428863	0.9997656433091164
15_O-123	6.0	6.0	1.2808710797369873	0.5049720033184151	0.9997635374793096
160_O-123	6.0	6.0	1.2807479213898294	0.5060525278886316	0.9997645396750647
161_O-123	6.0	6.0	1.2869064507832064	0.5078391072444732	0.9997655883731833
162_O-123	6.0	6.0	1.2998072947249932	0.5128257386970452	0.9997641509433962
163_O-123	6.0	6.0	1.2781931673984896	0.5056583660356262	0.9997639282341831
164_O-123	6.0	6.0	1.2766854710499802	0.5048882240601702	0.999763816721776
165_O-123	6.0	6.0	1.2884919365921625	0.5086069544020001	0.9997639839509087
166_O-123	6.0	6.0	1.2766221247848741	0.5050680593892398	0.9997648165569144
167_O-123	6.0	6.0	1.2864985805627347	0.5080450332833966	0.9997650375939849
168_O-123	6.0	6.0	1.3009011909151773	0.5138374106261188	0.9997645396750647
169_O-123	6.0	6.0	1.2938815696759456	0.5105652974066018	0.9997647612326511
16_O-123	6.0	6.0	1.290554182140358	0.5094122460196862	0.9997640396413403
170_O-123	6.0	6.0	1.2909793604669775	0.5098132663421933	0.9997643732327992
171_O-123	6.0	6.0	1.273940755320584	0.5040562434851772	0.9997639282341831
172_O-123	6.0	6.0	1.2724419741289275	0.504286447966289	0.9997633696166588
173_O-123	6.0	6.0	1.278206962941409	0.5054571819042699	0.9997632575757576
174_O-123	6.0	6.0	1.284015034162416	0.5072564969058894	0.9997645396750647
175_O-123	6.0	6.0	1.280947030179526	0.5069801985415667	0.9997650927883486
176_O-123	6.0	6.0	1.2681124286999321	0.5022941849748633	0.9997653133067355
177_O-123	6.0	6.0	1.2789609172867396	0.506135720272572	0.9997640953054966
178_O-123	6.0	6.0	1.287764725543322	0.5091950357370905	0.9997647612326511
179_O-123	6.0	6.0	1.2738822119223792	0.503434718761125	0.9997641509433962
17_O-123	6.0	6.0	1.2920847364334291	0.5097869729287228	0.9997621878715814
180_O-123	6.0	6.0	1.2682326322944928	0.5020855730570406	0.9997645396750647
181_O-123	6.0	6.0	1.2782040817373328	0.5059577474190103	0.9997641509433962
182_O-123	6.0	6.0	1.2848605550793397	0.5077983613010773	0.9997639839509087
183_O-123	6.0	6.0	1.2978386372067714	0.5115835659714034	0.9997658079625292
184_O-123	6.0	6.0	1.2821030369008635	0.5066822584090918	0.9997646505060014
185_O-123	6.0	6.0	1.303353181773509	0.5138387445171813	0.9997652582159624
186_O-123	6.0	6.0	1.2928149047863726	0.50949518673351	0.9997637609260571
187_O-123	6.0	6.0	1.2843936020848377	0.5073633979148757	0.9997652582159624
188_O-123	6.0	6.0	1.293371332197026	0.5106377670488493	0.9997645396750647
189_O-123	6.0	6.0	1.2991565057685555	0.5125679738671169	0.9997656982193065
18_O-123	6.0	6.0	1.2811676986200864	0.5053775060719229	0.9997646505060014
190_O-123	6.0	6.0	1.2936975322984976	0.5099477949513795	0.9997646505060014
191_O-123	6.0	6.0	1.2917695474967268	0.5098858744229646	0.9997642621404997
192_O-123	6.0	6.0	1.279499204059076	0.5067095196046707	0.9997658079625292
193_O-123	6.0	6.0	1.261191410862472	0.5005683228827357	0.9997649823736781
194_O-123	6.0	6.0	1.282377493619845	0.5072239623204222	0.9997655334114889
195_O-123	6.0	6.0	1.2847029255906295	0.5065686624366472	0.999765203099319
196_O-123	6.0	6.0	1.2786045815551843	0.5050153524385903	0.9997641509433962
197_O-123	6.0	6.0	1.3008735783134262	0.5132634553642692	0.999764871855161
198_O-123	6.0	6.0	1.2920461490283022	0.5091979104674997	0.9997652582159624
199_O-123	6.0	6.0	1.2833525862023585	0.5075280817032225	0.9997655334114889
19_O-123	6.0	6.0	1.2752717001560923	0.5039310983270515	0.9997652582159624
1_O-123	6.0	6.0	1.2756140518527754	0.5039911890352439	0.9997641509433962
200_O-123	6.0	6.0	1.2891572907023607	0.5090277390157307	0.9997651479567872
201_O-123	6.0	6.0	1.2827423864885674	0.5072216796033089	0.9997645396750647
202_O-123	6.0	6.0	1.2851719588348716	0.5068953607296749	0.9997635933806147
203_O-123	6.0	6.0	1.2877545309514355	0.507569467816257	0.9997643176997407
204_O-123	6.0	6.0	1.2662360620153068	0.5002124698537719	0.9997642065550578
205_O-123	6.0	6.0	1.2969918868650974	0.5119984725966708	0.9997642065550578
206_O-123	6.0	6.0	1.2803688743568695	0.5069554137010035	0.9997630893153281
207_O-123	6.0	6.0	1.2854823107256406	0.5077138327641058	0.9997645951035782
208_O-123	6.0	6.0	1.2736974605288498	0.503386634817863	0.9997644842204427
209_O-123	6.0	6.0	1.2830019580133596	0.5066054343885191	0.999765478424015
20_O-123	6.0	6.0	1.2773832584048244	0.5068291759054162	0.9997631454287068
210_O-123	6.0	6.0	1.2993584741045203	0.5121973229747954	0.9997661365762395
211_O-123	6.0	6.0	1.2745546114539512	0.5042891643738732	0.999765203099319
212_O-123	6.0	6.0	1.2908504908019365	0.5091878418909943	0.9997647612326511
213_O-123	6.0	6.0	1.264861830315978	0.5013239803245975	0.9997655334114889
214_O-123	6.0	6.0	1.282073402193339	0.5062956233393634	0.9997650375939849
215_O-123	6.0	6.0	1.2854304300836656	0.5067846653613386	0.9997641509433962
216_O-123	6.0	6.0	1.2803817278946457	0.5056054959728473	0.9997645951035782
217_O-123	6.0	6.0	1.2870764853916188	0.5082957186405828	0.9997630893153281
218_O-123	6.0	6.0	1.280497265878686	0.5070479655406567	0.9997640396413403
219_O-123	6.0	6.0	1.2831353379954165	0.5069299293424954	0.9997644287396937
21_O-123	6.0	6.0	1.2898346779299579	0.5084971432769548	0.9997651479567872
220_O-123	6.0	6.0	1.2876022396072602	0.508011836831525	0.9997644287396937
221_O-123	6.0	6.0	1.2801444068970624	0.5056234940299724	0.9997649823736781
222_O-123	6.0	6.0	1.2871440099989258	0.5073137272508457	0.9997651479567872
223_O-123	6.0	6.0	1.3079542615340125	0.5149477638647574	0.9997644842204427
224_O-123	6.0	6.0	1.265076028180588	0.50103878726811	0.9997656433091164
225_O-123	6.0	6.0	1.277586892187303	0.5060288484087765	0.9997640396413403
226_O-123	6.0	6.0	1.2695666914893202	0.502658537730651	0.9997634255973503
227_O-123	6.0	6.0	1.284579220794898	0.5062604128580694	0.9997646505060014
228_O-123	6.0	6.0	1.2682118055079423	0.5018566301352696	0.9997642065550578
229_O-123	6.0	6.0	1.2782784686917912	0.5043660489801047	0.9997648165569144
22_O-123	6.0	6.0	1.2860449623582588	0.5073878880633479	0.999765203099319
230_O-123	6.0	6.0	1.2970635507901853	0.5121190508032144	0.999764871855161
231_O-123	6.0	6.0	1.291694940903554	0.5101739518039123	0.9997653133067355
232_O-123	6.0	6.0	1.2902161400528558	0.5091299238747256	0.9997649823736781
233_O-123	6.0	6.0	1.268533538427095	0.5021324950255198	0.999765203099319
234_O-123	6.0	6.0	1.2738091898155528	0.5043862999801905	0.9997643732327992
235_O-123	6.0	6.0	1.281727559728693	0.5064455207279596	0.9997664642690332
236_O-123	6.0	6.0	1.2878560768984169	0.5082645069419722	0.9997641509433962
237_O-123	6.0	6.0	1.2637828016979074	0.5008084690581054	0.9997651479567872
238_O-123	6.0	6.0	1.2896714423840427	0.5091781025301254	0.9997647612326511
239_O-123	6.0	6.0	1.2897529808727064	0.510373996952586	0.9997633696166588
23_O-123	6.0	6.0	1.2919676496796746	0.508826207681448	0.9997655883731833
240_O-123	6.0	6.0	1.3008205173283716	0.5125877461324276	0.9997644287396937
241_O-123	6.0	6.0	1.2784330656141865	0.5049226229398251	0.9997635933806147
242_O-123	6.0	6.0	1.287983251646658	0.5081550773474937	0.9997637051039697
243_O-123	5.0	5.0	1.262132225988791	0.5011161472050201	1.0
244_O-123	6.0	6.0	1.2857442318691719	0.5072153501554139	0.9997640953054966
245_O-123	6.0	6.0	1.2820867811711831	0.5079228242169654	0.9997632015155103
246_O-123	6.0	6.0	1.277276412374818	0.5044463152705516	0.9997645951035782
247_O-123	6.0	6.0	1.2856399033292656	0.5081270344551435	0.9997642065550578
248_O-123	6.0	6.0	1.2937783784601578	0.510576791076036	0.999765478424015
249_O-123	6.0	6.0	1.2853959286509586	0.5074447672141389	0.9997635374793096
24_O-123	6.0	6.0	1.2798457498837772	0.5062673549305803	0.9997641509433962
250_O-123	6.0	6.0	1.2769299776862924	0.504686242616974	0.9997644842204427
251_O-123	6.0	6.0	1.2782698604090765	0.5062297271391534	0.9997646505060014
252_O-123	6.0	6.0	1.291632624613907	0.5095011330516176	0.9997643732327992
253_O-123	6.0	6.0	1.2700204055480044	0.5035074946075018	0.999763816721776
254_O-123	6.0	6.0	1.2827356082730925	0.5063212733564013	0.9997647058823529
255_O-123	6.0	6.0	1.2653846219482316	0.5022249758973009	0.9997640396413403
256_O-123	5.0	5.0	1.2850509823023046	0.508421858305252	1.0
257_O-123	6.0	6.0	1.2892684743430638	0.508368224839596	0.9997634255973503
258_O-123	6.0	6.0	1.2892067962010882	0.5089732910962808	0.999763816721776
259_O-123	6.0	6.0	1.2757002806453215	0.5063665105429791	0.999764871855161
25_O-123	6.0	6.0	1.2970170661785652	0.5107920054816184	0.9997645396750647
260_O-123	6.0	6.0	1.2675365302594852	0.5013361918946142	0.9997631454287068
261_O-123	6.0	6.0	1.2707158787535417	0.5021936075203013	0.9997635933806147
262_O-123	6.0	6.0	1.284671329024641	0.5076830940132284	0.9997650375939849
263_O-123	6.0	6.0	1.2994234005846605	0.5118310340184429	0.9997646505060014
264_O-123	6.0	6.0	1.2910168652249245	0.5090546598582375	0.9997653133067355
265_O-123	6.0	6.0	1.2837722007075265	0.5066884118570854	0.9997639839509087
266_O-123	6.0	6.0	1.279512606635532	0.5060027140278265	0.9997645951035782
267_O-123	6.0	6.0	1.2809212051067675	0.5055861581312115	0.9997649271274095
268_O-123	6.0	6.0	1.2801135224365856	0.5054254182983268	0.9997641509433962
269_O-123	6.0	6.0	1.2835352423222013	0.5078468666135413	0.9997637051039697
26_O-123	6.0	6.0	1.295266334961288	0.510104007898933	0.999765478424015
270_O-123	6.0	6.0	1.2944082104302117	0.5097187542954443	0.9997630893153281
271_O-123	6.0	6.0	1.2756461673348118	0.5038600057166449	0.9997649823736781
272_O-123	6.0	6.0	1.2788831710480544	0.505484514010454	0.9997653133067355
273_O-123	6.0	6.0	1.2917462263269595	0.5094066447783632	0.9997656433091164
274_O-123	6.0	6.0	1.2864348473847402	0.5068696150198028	0.9997650927883486
275_O-123	6.0	6.0	1.2821241963090295	0.5058151067599737	0.999763816721776
276_O-123	6.0	6.0	1.2616969477867708	0.4993667351669274	0.999764871855161
277_O-123	6.0	6.0	1.282799963888627	0.5065248244661147	0.9997644287396937
278_O-123	6.0	6.0	1.2780866151444727	0.5051518180973906	0.9997650927883486
279_O-123	6.0	6.0	1.2887623704671318	0.5094056484318581	0.9997649823736781
27_O-123	6.0	6.0	1.2835538048259987	0.5078661953316908	0.9997643176997407
280_O-123	6.0	6.0	1.2939975279137146	0.5104078123295168	0.9997653133067355
281_O-123	6.0	6.0	1.2901637158259365	0.5093419235052807	0.9997638724911452
282_O-123	6.0	6.0	1.2921448560702986	0.5102498226676219	0.9997631454287068
283_O-123	6.0	6.0	1.2863079567184816	0.5080654867522914	0.9997648165569144
284_O-123	6.0	6.0	1.2841520311857584	0.5074502513723507	0.9997647612326511
285_O-123	6.0	6.0	1.2932458750202345	0.5103560421476729	0.9997645951035782
286_O-123	6.0	6.0	1.285085277607987	0.5062356997573878	0.9997649823736781
287_O-123	6.0	6.0	1.29409156267831	0.5103461649311568	0.9997644842204427
288_O-123	6.0	6.0	1.2917436947093301	0.508826267115392	0.9997653683716565
289_O-123	6.0	6.0	1.2806209344005384	0.5059751023495906	0.9997641509433962
28_O-123	6.0	6.0	1.2841865478183023	0.5071988551389446	0.9997635374793096
290_O-123	6.0	6.0	1.3014716524384748	0.51353414680768	0.9997646505060014
291_O-123	6.0	6.0	1.2882037911184028	0.5087370617312355	0.9997642065550578
292_O-123	6.0	6.0	1.2857290567914381	0.5076270348899289	0.9997650927883486
293_O-123	6.0	6.0	1.274969137127448	0.5037382018534287	0.9997646505060014
294_O-123	6.0	6.0	1.2858698562225783	0.5089225009949012	0.9997640953054966
295_O-123	6.0	6.0	1.2780822253526165	0.504994100887519	0.9997653133067355
296_O-123	6.0	6.0	1.277043464478722	0.5045841965576046	0.9997648165569144
297_O-123	6.0	6.0	1.2888265797714777	0.5088571444539454	0.9997635933806147
298_O-123	6.0	6.0	1.2784869937313401	0.5054260292507885	0.9997635374793096
299_O-123	6.0	6.0	1.2801829193107443	0.5055431203275187	0.9997641509433962
29_O-123	6.0	6.0	1.2789343985846933	0.506344627448477	0.9997645951035782
2_O-123	6.0	6.0	1.2805059846262894	0.5059459579828904	0.9997628645956841
300_O-123	6.0	6.0	1.2877992661573776	0.5086960259207829	0.9997652582159624
301_O-123	6.0	6.0	1.2800373785466568	0.5055544855418863	0.9997639282341831
302_O-123	6.0	6.0	1.2859947913186178	0.5077894889258936	0.9997650927883486
303_O-123	6.0	6.0	1.2815051278322387	0.5074269198092229	0.999765203099319
304_O-123	6.0	6.0	1.288697649213448	0.5089157633274917	0.9997650375939849
305_O-123	6.0	6.0	1.291429061201795	0.5090966825443977	0.9997653683716565
306_O-123	6.0	6.0	1.2752558936027245	0.5044265540044832	0.9997663005375088
307_O-123	6.0	6.0	1.2767692535780546	0.5058493317694125	0.9997631454287068
308_O-123	6.0	6.0	1.2908063261570277	0.5080427209857619	0.9997643176997407
309_O-123	6.0	6.0	1.293376415998025	0.5100274190677097	0.9997647612326511
30_O-123	6.0	6.0	1.298626030911008	0.5119164373960159	0.9997649271274095
310_O-123	6.0	6.0	1.2734713527762223	0.503567380992169	0.9997646505060014
311_O-123	6.0	6.0	1.2827177294476773	0.505681453385324	0.9997632015155103
312_O-123	6.0	6.0	1.2712365007961732	0.5031161970351544	0.9997656433091164
313_O-123	6.0	6.0	1.2841448880039545	0.5064961066282311	0.9997642065550578
314_O-123	6.0	6.0	1.2848196810608619	0.5077505278230768	0.9997649823736781
315_O-123	6.0	6.0	1.2893019689999936	0.5083598254918311	0.9997650375939849
316_O-123	6.0	6.0	1.275307459265071	0.5047078725168566	0.9997648165569144
317_O-123	6.0	6.0	1.2810503507293254	0.5066694816197076	0.9997645396750647
318_O-123	6.0	6.0	1.2766079891398603	0.5047917256668075	0.999765203099319
319_O-123	6.0	6.0	1.2722203604367561	0.503926833209221	0.9997649271274095
31_O-123	6.0	6.0	1.2844249645298211	0.5076579577436215	0.9997637609260571
320_O-123	6.0	6.0	1.2746042388571703	0.5045971919151844	0.9997652582159624
321_O-123	6.0	6.0	1.2856965631386177	0.5088833494381969	0.9997642621404997
322_O-123	6.0	6.0	1.2741675831016133	0.5038942986611583	0.9997645396750647
323_O-123	6.0	6.0	1.2908504908019365	0.5091878418909943	0.9997647612326511
324_O-123	6.0	6.0	1.2997579877924825	0.5126942422888272	0.9997645951035782
325_O-123	6.0	6.0	1.2894998073965087	0.5088240978256843	0.9997625267157445
326_O-123	6.0	6.0	1.277539863007567	0.5054445106736039	0.9997643732327992
327_O-123	6.0	6.0	1.2882470506369585	0.5084481340934461	0.9997650927883486
328_O-123	6.0	6.0	1.2903919232670689	0.5092476698089208	0.9997650375939849
329_O-123	6.0	6.0	1.2882396437879118	0.5095536744607703	0.9997637609260571
32_O-123	6.0	6.0	1.2867938596409705	0.5082370159203693	0.999766191255553
330_O-123	6.0	6.0	1.2762897007574923	0.5035026440832142	0.9997643732327992
331_O-123	6.0	6.0	1.2758141053116259	0.5044747511863614	0.9997632015155103
332_O-123	6.0	6.0	1.2818838124789171	0.505820138321386	0.9997658079625292
333_O-123	6.0	6.0	1.2925097550173528	0.5095924474006526	0.9997649823736781
334_O-123	6.0	6.0	1.2885175878889612	0.5092668756594914	0.9997638724911452
335_O-123	6.0	6.0	1.273266588564567	0.5045231365298533	0.9997642065550578
336_O-123	6.0	6.0	1.2691031595417637	0.502796859688216	0.9997639282341831
337_O-123	6.0	6.0	1.2812005374736564	0.5060491223549362	0.9997651479567872
338_O-123	6.0	6.0	1.2801739047188145	0.5055949496708013	0.999764871855161
339_O-123	6.0	6.0	1.280016234455886	0.5055789469810689	0.9997656433091164
33_O-123	6.0	6.0	1.2886868626997119	0.5086660555325732	0.9997655334114889
340_O-123	6.0	6.0	1.2708219495444377	0.50322708569099	0.9997642621404997
341_O-123	6.0	6.0	1.2757932482424654	0.5045591906392666	0.9997640396413403
342_O-123	6.0	6.0	1.284349517084733	0.5076493198581177	0.9997643732327992
343_O-123	6.0	6.0	1.2997246529367794	0.5119674775346622	0.9997645396750647
344_O-123	6.0	6.0	1.2880935713814818	0.5085513477367539	0.9997644287396937
345_O-123	6.0	6.0	1.281153298240254	0.507059851633048	0.9997635374793096
346_O-123	6.0	6.0	1.2886035150269013	0.5094008417590097	0.9997639839509087
347_O-123	6.0	6.0	1.27920901940045	0.5053811741694774	0.9997645951035782
348_O-123	6.0	6.0	1.2764386724975214	0.5047147253184074	0.9997654234107436
349_O-123	6.0	6.0	1.290784757575462	0.5098639789216344	0.9997642621404997
34_O-123	6.0	6.0	1.265002290232864	0.5004464488897216	0.9997659723847414
350_O-123	6.0	6.0	1.2904245269834942	0.5094094727005691	0.9997637051039697
351_O-123	6.0	6.0	1.296909771552871	0.5116951094695622	0.9997641509433962
352_O-123	6.0	6.0	1.2811371869559123	0.5061433960990336	0.9997643732327992
353_O-123	6.0	6.0	1.282182952662302	0.506165045138973	0.999766191255553
354_O-123	6.0	6.0	1.2698794590574198	0.5031694093439516	0.9997640953054966
355_O-123	6.0	6.0	1.285428181397553	0.5074737729686021	0.9997645951035782
356_O-123	6.0	6.0	1.2791533093285312	0.5064714260512153	0.9997650927883486
357_O-123	6.0	6.0	1.2894737972738741	0.5089635426804965	0.9997645396750647
358_O-123	6.0	6.0	1.3029223205654328	0.5138212066332891	0.9997653133067355
359_O-123	6.0	6.0	1.2798147430950169	0.5075885395154237	0.9997646505060014
35_O-123	6.0	6.0	1.2781880213978811	0.5060220734022047	0.9997642065550578
360_O-123	6.0	6.0	1.274725391979517	0.5040357536260245	0.9997646505060014
361_O-123	6.0	6.0	1.2970131213644052	0.5111795349895463	0.9997644287396937
362_O-123	6.0	6.0	1.273607891794956	0.5037525752600231	0.9997644287396937
363_O-123	6.0	6.0	1.3032824300083206	0.5133525786990616	0.9997648165569144
364_O-123	6.0	6.0	1.2692148727004144	0.5029819115639801	0.9997643176997407
365_O-123	6.0	6.0	1.2785489014148645	0.5050095880447001	0.9997652582159624
366_O-123	6.0	6.0	1.2838312655080404	0.5070660344348065	0.9997653683716565
367_O-123	6.0	6.0	1.2726036919016614	0.5026717860156822	0.9997635933806147
368_O-123	6.0	6.0	1.2827759072546074	0.5067795650412316	0.9997656433091164
369_O-123	6.0	6.0	1.2776560184400936	0.5053832665678926	0.9997646505060014
36_O-123	6.0	6.0	1.2701447288674208	0.5027469375873235	0.9997649271274095
370_O-123	6.0	6.0	1.281726546072498	0.5060785180970746	0.9997649271274095
371_O-123	6.0	6.0	1.2896918812075537	0.5092430762151545	0.9997643732327992
372_O-123	6.0	6.0	1.2680016185627818	0.5015511897035406	0.9997645951035782
373_O-123	6.0	6.0	1.268747776489256	0.5025374970519801	0.999765478424015
374_O-123	6.0	6.0	1.2897148539049805	0.5091382023940789	0.9997640396413403
375_O-123	6.0	6.0	1.285188096229988	0.5075061174511049	0.9997655883731833
376_O-123	6.0	6.0	1.2842820715315837	0.5074377167748338	0.9997651479567872
377_O-123	6.0	6.0	1.2898237922440454	0.5087002243991403	0.9997656433091164
378_O-123	6.0	6.0	1.274950619536433	0.5036050565298178	0.9997638724911452
379_O-123	6.0	6.0	1.2835479090761486	0.5067532861134689	0.999764871855161
37_O-123	6.0	6.0	1.2842223056374915	0.5071186078027394	0.9997649271274095
380_O-123	6.0	6.0	1.2774707083997812	0.5060964352846401	0.9997650375939849
381_O-123	6.0	6.0	1.287606439382141	0.5084655542930712	0.9997644287396937
382_O-123	6.0	6.0	1.303583259754584	0.5136530642864943	0.9997650927883486
383_O-123	6.0	6.0	1.2856677492841575	0.5075839891136316	0.9997651479567872
384_O-123	6.0	6.0	1.256390006158269	0.49697441736389847	0.9997650375939849
385_O-123	6.0	6.0	1.2869206340713377	0.5081684663693107	0.9997646505060014
386_O-123	6.0	6.0	1.286335667458826	0.5075443722713425	0.9997645951035782
387_O-123	6.0	6.0	1.2813716487794862	0.506658895274575	0.9997644842204427
388_O-123	6.0	6.0	1.2763000427470395	0.504379830868243	0.9997637051039697
389_O-123	6.0	6.0	1.288502613357794	0.5088728602807004	0.9997640953054966
38_O-123	6.0	6.0	1.275533258714006	0.5045302700492817	0.9997646505060014
390_O-123	6.0	6.0	1.2744322842898879	0.5054724970686459	0.9997647612326511
391_O-123	6.0	6.0	1.2729040590579528	0.5042164088615209	0.9997643732327992
392_O-123	6.0	6.0	1.291432597376856	0.5094720715803436	0.9997651479567872
393_O-123	6.0	6.0	1.2828470188467112	0.5066968148133184	0.9997656982193065
394_O-123	6.0	6.0	1.278026384132412	0.5055735677757315	0.9997655883731833
395_O-123	6.0	6.0	1.2872859725998178	0.5095469054941529	0.9997640953054966
396_O-123	6.0	6.0	1.2998561127694848	0.5128544375957096	0.9997642621404997
397_O-123	6.0	6.0	1.2968886961890576	0.5109148196113313	0.9997644842204427
398_O-123	6.0	6.0	1.2876130875170504	0.507616542034907	0.9997640396413403
399_O-123	6.0	6.0	1.2972324238474642	0.5111792440654357	0.9997651479567872
39_O-123	6.0	6.0	1.288170867804285	0.5087637099693503	0.9997643176997407
3_O-123	6.0	6.0	1.2649897172845233	0.5010094809218637	0.999764871855161
400_O-123	6.0	6.0	1.29083492872032	0.5100596815077169	0.9997646505060014
401_O-123	6.0	6.0	1.2807151880524448	0.505374774349729	0.9997630893153281
402_O-123	6.0	6.0	1.2793029882797402	0.5056636607543967	0.9997645396750647
403_O-123	6.0	6.0	1.2578196446412642	0.4995696784602054	0.9997648165569144
404_O-123	6.0	6.0	1.2940324902897924	0.5105680930451078	0.9997650927883486
405_O-123	6.0	6.0	1.266628806147281	0.5020267100078197	0.9997638724911452
406_O-123	6.0	6.0	1.280136628942761	0.5063355854103202	0.9997639839509087
407_O-123	6.0	6.0	1.275541769842707	0.5055758671033221	0.9997647612326511
408_O-123	6.0	6.0	1.2916176113476645	0.5095766790442648	0.9997645951035782
409_O-123	6.0	6.0	1.2755290856823898	0.5042376130924874	0.9997642621404997
40_O-123	6.0	6.0	1.2860802518764152	0.5071340404605147	0.9997639839509087
410_O-123	6.0	6.0	1.287716727936533	0.5091036607342605	0.9997646505060014
411_O-123	6.0	6.0	1.2833263243273751	0.5077311562989409	0.9997643732327992
412_O-123	6.0	6.0	1.2893164907320294	0.5084049324734681	0.9997640396413403
413_O-123	6.0	6.0	1.2621282276078973	0.5006268693571028	0.9997646505060014
414_O-123	6.0	6.0	1.2750081594686087	0.5036615931045689	0.9997636492554951
415_O-123	6.0	6.0	1.279836755709419	0.5061468199081167	0.9997643176997407
416_O-123	6.0	6.0	1.282931125890789	0.5067794918509834	0.9997642621404997
417_O-123	6.0	6.0	1.2866432989706746	0.5076417691417323	0.9997643732327992
418_O-123	6.0	6.0	1.2807422325538964	0.5059617596099295	0.9997638724911452
419_O-123	6.0	6.0	1.2863181212947996	0.5073447197231833	0.9997647058823529
41_O-123	6.0	6.0	1.2745843149630018	0.5037330093914297	0.9997650375939849
420_O-123	6.0	6.0	1.2748415086910159	0.5050164108861064	0.9997637609260571
421_O-123	6.0	6.0	1.2865913502047046	0.5073010624159872	0.9997642065550578
422_O-123	6.0	6.0	1.2921343606155031	0.5095267871369662	0.9997653133067355
423_O-123	6.0	6.0	1.2826980643798898	0.5065376769556638	0.9997635933806147
424_O-123	6.0	6.0	1.2705017485941705	0.5035109655011589	0.9997650375939849
425_O-123	5.0	5.0	1.2683048167671345	0.5040837005196073	1.0
426_O-123	6.0	6.0	1.2997154928430956	0.5122200911954697	0.9997635374793096
427_O-123	6.0	6.0	1.3009269514065664	0.5118733287197231	0.9997647058823529
428_O-123	6.0	6.0	1.2753019852575629	0.5055489125540245	0.9997639282341831
429_O-123	6.0	6.0	1.285630978309879	0.5067579300740064	0.999764871855161
42_O-123	6.0	6.0	1.2948227653799786	0.5101214951991209	0.9997645396750647
430_O-123	6.0	6.0	1.278729746390035	0.5052595902708954	0.9997655883731833
431_O-123	6.0	6.0	1.2770746675651785	0.5051497263067511	0.9997638724911452
432_O-123	6.0	6.0	1.2860937094201939	0.508052680282075	0.9997644287396937
433_O-123	6.0	6.0	1.2859343677798682	0.5083733708626473	0.9997655334114889
434_O-123	6.0	6.0	1.2895190129591667	0.5092818953136328	0.9997640953054966
435_O-123	6.0	6.0	1.2782125343282216	0.5065324800727711	0.9997643732327992
436_O-123	6.0	6.0	1.2634756304016208	0.5008242695493972	0.9997637609260571
437_O-123	6.0	6.0	1.2644590744007524	0.5008117517575975	0.9997630331753554
438_O-123	6.0	6.0	1.289372396901881	0.509120318553151	0.9997639839509087
439_O-123	6.0	6.0	1.285520162339758	0.5074985990970382	0.9997645951035782
43_O-123	6.0	6.0	1.280368263650811	0.5058268511975406	0.9997640396413403
440_O-123	6.0	6.0	1.2793451748570808	0.5055525557398408	0.9997659723847414
441_O-123	6.0	6.0	1.2757848830476948	0.5045037918840376	0.9997633136094675
442_O-123	6.0	6.0	1.277851156716867	0.5051170103969338	0.9997647612326511
443_O-123	6.0	6.0	1.2966937665775569	0.5120473993195072	0.9997642065550578
444_O-123	6.0	6.0	1.2752049534838077	0.5049525735952086	0.9997644287396937
445_O-123	6.0	6.0	1.2888936689252666	0.5085674272912978	0.9997644842204427
446_O-123	6.0	6.0	1.2856434237770837	0.5075046489611592	0.9997649271274095
447_O-123	6.0	6.0	1.2756760854011655	0.5046742615975712	0.9997644842204427
448_O-123	6.0	6.0	1.2924506163889005	0.5096009290019496	0.9997639839509087
449_O-123	6.0	6.0	1.2768228980170584	0.5055904761446253	0.9997647612326511
44_O-123	6.0	6.0	1.2812324094022856	0.5056703664024523	0.9997640953054966
450_O-123	6.0	6.0	1.2800461465822675	0.5052031799461456	0.9997658627955982
451_O-123	6.0	6.0	1.285459622107257	0.5069857727536773	0.9997651479567872
452_O-123	6.0	6.0	1.2857958924692583	0.5079173603561432	0.9997645396750647
453_O-123	6.0	6.0	1.2987451796417808	0.5130049000918055	0.9997645396750647
454_O-123	6.0	6.0	1.2903030178419062	0.5096866115662524	0.9997645396750647
455_O-123	6.0	6.0	1.2814857538021802	0.5060236453879193	0.9997639839509087
456_O-123	6.0	6.0	1.2864256185263385	0.5081605167268548	0.999764871855161
457_O-123	6.0	6.0	1.2985153132951073	0.5118424103308012	0.9997643732327992
458_O-123	6.0	6.0	1.2859428971886162	0.5076576352753888	0.9997654234107436
459_O-123	6.0	6.0	1.2849133688738854	0.5075474026196094	0.9997660818713451
45_O-123	6.0	6.0	1.281132527224104	0.5063113781693214	0.9997645951035782
460_O-123	6.0	6.0	1.2635988652016823	0.5012974064751958	0.999764871855161
461_O-123	6.0	6.0	1.2893754558226835	0.5085161960590594	0.9997636492554951
462_O-123	6.0	6.0	1.2917736473035255	0.5099388442005415	0.999765203099319
463_O-123	6.0	6.0	1.2849277208582577	0.5077614702044291	0.9997643732327992
464_O-123	6.0	6.0	1.2832813287275942	0.5074698322703227	0.9997649823736781
465_O-123	6.0	6.0	1.294121949522137	0.5101323924831085	0.9997644842204427
466_O-123	6.0	6.0	1.3059861305303972	0.5146646303995714	0.9997649823736781
467_O-123	6.0	6.0	1.2733173046102229	0.5025624792665151	0.9997640953054966
468_O-123	6.0	6.0	1.2907244550731296	0.5095456857189163	0.9997635933806147
469_O-123	6.0	6.0	1.2783620599073902	0.504794482146036	0.999765203099319
46_O-123	6.0	6.0	1.2926019113274794	0.5092762540558184	0.9997646505060014
470_O-123	6.0	6.0	1.2845210264287434	0.5063180806688011	0.999764871855161
471_O-123	6.0	6.0	1.279697540394924	0.5054859901023443	0.9997642621404997
472_O-123	6.0	6.0	1.2791403410456768	0.506223644842216	0.9997655334114889
473_O-123	6.0	6.0	1.274322614368032	0.5041038300325174	0.999763481551561
474_O-123	6.0	6.0	1.2953894373271253	0.5113951518396183	0.9997650927883486
475_O-123	6.0	6.0	1.2902894161857652	0.5095663299442574	0.9997650927883486
476_O-123	6.0	6.0	1.2791429283318898	0.5058552326018855	0.999764871855161
477_O-123	6.0	6.0	1.275735120484997	0.5046636166420416	0.9997651479567872
478_O-123	6.0	6.0	1.2694955205213765	0.5037053007648882	0.9997648165569144
479_O-123	6.0	6.0	1.2831742289591765	0.5068669489479114	0.9997642065550578
47_O-123	6.0	6.0	1.2953375674017522	0.5104919402629922	0.9997646505060014
480_O-123	6.0	6.0	1.289665880986774	0.5086301828976348	0.9997645951035782
481_O-123	6.0	6.0	1.2814270053100478	0.5069988404129488	0.9997637051039697
482_O-123	6.0	6.0	1.2858500916329123	0.5076069025984237	0.9997643732327992
483_O-123	6.0	6.0	1.2862079211831576	0.5089228117333945	0.9997635374793096
484_O-123	6.0	6.0	1.2884230831249006	0.5094675702009521	0.9997655883731833
485_O-123	6.0	6.0	1.2942323834042726	0.5101898157666495	0.9997666277712952
486_O-123	6.0	6.0	1.2682067562707087	0.5021159575653065	0.9997646505060014
487_O-123	6.0	6.0	1.2792331826630734	0.5056142395754373	0.9997656982193065
488_O-123	6.0	6.0	1.283166133735831	0.506902136410338	0.9997643176997407
489_O-123	6.0	6.0	1.2783281902917387	0.5049041052555867	0.999764871855161
48_O-123	6.0	6.0	1.2819005034937159	0.5066029102484414	0.999764871855161
490_O-123	6.0	6.0	1.2868833418140797	0.5093175957151359	0.9997652582159624
491_O-123	6.0	6.0	1.2898566703260728	0.508844978041102	0.9997637051039697
492_O-123	6.0	6.0	1.2801827767400658	0.5072105788409553	0.999766518795237
493_O-123	6.0	6.0	1.2953694597349776	0.5108226945335759	0.9997643176997407
494_O-123	6.0	6.0	1.2764483474801844	0.5039061424667031	0.9997646505060014
495_O-123	6.0	6.0	1.2665814868496534	0.5024016580010364	0.999763481551561
496_O-123	6.0	6.0	1.2766792027744975	0.5053244037023852	0.9997641509433962
497_O-123	6.0	6.0	1.287609562065913	0.5083904210596526	0.9997653133067355
498_O-123	5.0	5.0	1.275475461278423	0.5048716225622553	1.0
499_O-123	6.0	6.0	1.2773753074177434	0.505046741017549	0.9997640953054966
49_O-123	6.0	6.0	1.2903704709081032	0.5093705515948693	0.9997642065550578
4_O-123	6.0	6.0	1.3024273641814084	0.5137763497843417	0.9997637051039697
500_O-123	6.0	6.0	1.293540402554079	0.5104713000226974	0.9997644842204427
501_O-123	6.0	6.0	1.2917210967354404	0.5100596889291928	0.9997639282341831
502_O-123	6.0	6.0	1.265386303745016	0.5011834334303088	0.9997644287396937
503_O-123	6.0	6.0	1.2780277187259104	0.5043618621014962	0.9997645951035782
504_O-123	6.0	6.0	1.276862474795062	0.5045359506545836	0.9997649823736781
505_O-123	6.0	6.0	1.2861919974834017	0.5079719814898013	0.9997640953054966
506_O-123	6.0	6.0	1.2924139763769047	0.5094387154155483	0.9997642065550578
507_O-123	6.0	6.0	1.2800290375858325	0.5059142772430066	0.999764871855161
508_O-123	6.0	6.0	1.2802776917687813	0.5053202334485303	0.9997646505060014
509_O-123	6.0	6.0	1.2790647739780026	0.5060723305330539	0.9997643732327992
50_O-123	6.0	6.0	1.2795288592311558	0.5057488544821416	0.9997655883731833
510_O-123	6.0	6.0	1.2893884407577947	0.5089680830449826	0.9997647058823529
511_O-123	6.0	6.0	1.2811271638010753	0.506430484974355	0.9997644287396937
512_O-123	6.0	6.0	1.2649826549199714	0.5011787750478477	0.9997631454287068
513_O-123	6.0	6.0	1.288828168909437	0.5080403348501736	0.9997655334114889
514_O-123	6.0	6.0	1.297191193804867	0.512289447491963	0.9997629208155524
515_O-123	6.0	6.0	1.2706204592468338	0.5032190204041036	0.9997645396750647
516_O-123	6.0	6.0	1.296573622970195	0.5111278947794529	0.999765478424015
517_O-123	6.0	6.0	1.294480050068248	0.5108369131489594	0.9997645396750647
518_O-123	6.0	6.0	1.2926754425187117	0.5100714410099749	0.9997661365762395
519_O-123	5.0	5.0	1.269410070294955	0.5033673695072113	1.0
51_O-123	6.0	6.0	1.2781648590759507	0.5050251378577642	0.9997648165569144
520_O-123	6.0	6.0	1.2765129584917831	0.5044541475806771	0.9997645396750647
521_O-123	6.0	6.0	1.2883758396612046	0.5091647849325668	0.9997655334114889
522_O-123	6.0	6.0	1.2761775042478098	0.5040916124818635	0.9997643176997407
523_O-123	6.0	6.0	1.289642571868716	0.5097039081691408	0.9997649823736781
524_O-123	6.0	6.0	1.2712843307101305	0.504481687850391	0.9997640396413403
525_O-123	6.0	6.0	1.2895755354722849	0.5087729345813377	0.9997645396750647
526_O-123	6.0	6.0	1.2951197738275513	0.5111850439311739	0.9997649823736781
527_O-123	6.0	6.0	1.2765996285336458	0.5051039507994051	0.9997647612326511
528_O-123	6.0	6.0	1.273249950739211	0.5032830525859571	0.9997653133067355
529_O-123	6.0	6.0	1.279469598818973	0.5053498132550489	0.9997637609260571
52_O-123	6.0	6.0	1.2757606834804092	0.5043753935804098	0.9997636492554951
530_O-123	6.0	6.0	1.2617844216185694	0.5002905734385824	0.9997638724911452
531_O-123	6.0	6.0	1.2770364412530797	0.5043076879142885	0.999765203099319
532_O-123	6.0	6.0	1.2866502206410604	0.5074350614503024	0.9997638724911452
533_O-123	6.0	6.0	1.282032137779544	0.506579912679852	0.9997650927883486
534_O-123	6.0	6.0	1.2819991704297353	0.5057050388656117	0.9997653683716565
535_O-123	6.0	6.0	1.3042537295649876	0.5141835507453167	0.9997639839509087
536_O-123	6.0	6.0	1.2938116996715776	0.5112359825560698	0.9997641509433962
537_O-123	6.0	6.0	1.2727352049463911	0.5035848762023631	0.9997653683716565
538_O-123	6.0	6.0	1.284849090802936	0.5077016722936375	0.999763816721776
539_O-123	6.0	6.0	1.290113487710062	0.509646284280357	0.9997635933806147
53_O-123	6.0	6.0	1.2815926992133442	0.5060326101410448	0.9997655883731833
540_O-123	6.0	6.0	1.2817552674712422	0.5061216868619073	0.9997661365762395
541_O-123	6.0	6.0	1.2822173542835198	0.5066902946241794	0.9997640396413403
542_O-123	6.0	6.0	1.2688196456230418	0.5026375413688262	0.9997653683716565
543_O-123	6.0	6.0	1.266889674969148	0.5013360655398156	0.9997649823736781
544_O-123	6.0	6.0	1.291082773358336	0.5093764603942865	0.999764871855161
545_O-123	6.0	6.0	1.2761113552969368	0.504743988240004	0.9997642621404997
546_O-123	6.0	6.0	1.2830714923651159	0.5071059451447311	0.9997632015155103
547_O-123	6.0	6.0	1.2816031179909946	0.5063984802516424	0.9997658627955982
548_O-123	6.0	6.0	1.2791058707121181	0.5057207834996759	0.9997639282341831
549_O-123	6.0	6.0	1.2945256074961726	0.5111662283737023	0.9997647058823529
54_O-123	6.0	6.0	1.2726377880028024	0.5035585191172177	0.9997642621404997
550_O-123	6.0	6.0	1.2897597505695475	0.5090026076764071	0.9997642621404997
551_O-123	6.0	6.0	1.303323437768935	0.5129374208867401	0.9997642065550578
552_O-123	6.0	6.0	1.273327744809883	0.5033510871921263	0.9997647612326511
553_O-123	6.0	6.0	1.2741655238961656	0.5033422061904081	0.9997653133067355
554_O-123	6.0	6.0	1.3011353356807096	0.5124300148862082	0.9997625267157445
555_O-123	6.0	6.0	1.2920454465622693	0.5097289306009314	0.9997654234107436
556_O-123	6.0	6.0	1.2711326495662456	0.5023625829458684	0.9997645951035782
557_O-123	6.0	6.0	1.267064701246953	0.5013622148617638	0.9997636492554951
558_O-123	6.0	6.0	1.291428556064139	0.509346606362259	0.999764871855161
559_O-123	6.0	6.0	1.2791361954586737	0.5061184234939369	0.9997655334114889
55_O-123	6.0	6.0	1.2823707066447956	0.506983619788248	0.9997650927883486
560_O-123	6.0	6.0	1.275322696561837	0.5034625842770254	0.9997646505060014
561_O-123	6.0	6.0	1.3024297022737499	0.5123205653971106	0.9997646505060014
562_O-123	5.0	5.0	1.2801554387367768	0.5062949796564866	1.0
563_O-123	6.0	6.0	1.2865360042032261	0.5070140756336905	0.9997636492554951
564_O-123	6.0	6.0	1.289545079903426	0.5094118348892411	0.9997644287396937
565_O-123	6.0	6.0	1.2821294997639392	0.5068095348269979	0.9997633696166588
566_O-123	6.0	6.0	1.2822829678196643	0.5067222393678992	0.9997644842204427
567_O-123	6.0	6.0	1.2843232917505956	0.5074544730085699	0.9997633696166588
568_O-123	6.0	6.0	1.2793658936743653	0.5058882531038922	0.999765203099319
569_O-123	6.0	6.0	1.2955161796307355	0.5116206727795187	0.9997648165569144
56_O-123	6.0	6.0	1.2894700033080835	0.5095973249368823	0.9997655334114889
570_O-123	6.0	6.0	1.2937912111086942	0.5094417069009305	0.9997649271274095
571_O-123	6.0	6.0	1.2805028444381177	0.5053537346675854	0.9997649823736781
572_O-123	6.0	6.0	1.2854269809314274	0.5081292959753061	0.9997650927883486
573_O-123	6.0	6.0	1.2960998171068394	0.5105312691064723	0.999766355140187
574_O-123	6.0	6.0	1.2806978335727774	0.5054159789082465	0.9997654234107436
575_O-123	6.0	6.0	1.2823948475986897	0.5060586914366767	0.9997640396413403
576_O-123	6.0	6.0	1.2675122615311207	0.5024965884530468	0.9997640953054966
577_O-123	6.0	6.0	1.2965164491316998	0.5107951197284928	0.9997653133067355
578_O-123	6.0	6.0	1.288365707755337	0.5102743146335482	0.9997625267157445
579_O-123	6.0	6.0	1.2734787265220842	0.5032608486628034	0.9997649271274095
57_O-123	6.0	6.0	1.2921918655593416	0.5092346547926841	0.9997645951035782
580_O-123	6.0	6.0	1.2857013672419393	0.508014653858474	0.999765478424015
581_O-123	6.0	6.0	1.26113222372202	0.5002875197863079	0.9997650375939849
582_O-123	6.0	6.0	1.2833906401533004	0.5070316872529383	0.999765478424015
583_O-123	6.0	6.0	1.294932464748852	0.5105860311381293	0.999765478424015
584_O-123	6.0	6.0	1.2808403492502607	0.5064533235453617	0.9997643176997407
585_O-123	6.0	6.0	1.2842841509692233	0.5072495536599881	0.9997652582159624
586_O-123	6.0	6.0	1.2771104894532526	0.5046301228158017	0.9997636492554951
587_O-123	6.0	6.0	1.2809017985156033	0.5063976139956985	0.9997640953054966
588_O-123	6.0	6.0	1.2916136295426621	0.5095119865941656	0.9997660818713451
589_O-123	6.0	6.0	1.2740127947659396	0.50411794515611	0.9997649823736781
58_O-123	6.0	6.0	1.2945596239469193	0.5109556262975777	0.9997647058823529
590_O-123	6.0	6.0	1.2748133841008054	0.5036121262004608	0.9997639839509087
591_O-123	6.0	6.0	1.2920640217712933	0.5095299006725935	0.9997649271274095
592_O-123	6.0	6.0	1.282910853188966	0.5064385752621008	0.9997647612326511
593_O-123	6.0	6.0	1.277426667687785	0.5049530468342134	0.9997663005375088
594_O-123	6.0	6.0	1.2762587508137462	0.5040019398213107	0.9997639839509087
595_O-123	6.0	6.0	1.287953402066875	0.5085774654178611	0.9997653133067355
596_O-123	6.0	6.0	1.301847541768826	0.5128562915223058	0.9997646505060014
597_O-123	6.0	6.0	1.2841319498461656	0.5064584032675084	0.999765203099319
598_O-123	6.0	6.0	1.281682377410063	0.5075708235294119	0.9997647058823529
599_O-123	6.0	6.0	1.2897160357990671	0.5080050934256055	0.9997647058823529
59_O-123	6.0	6.0	1.2790941999450007	0.5061027112846368	0.9997638724911452
5_O-123	6.0	6.0	1.2977114327507344	0.5113031366326817	0.9997658627955982
600_O-123	6.0	6.0	1.2864082699862147	0.5069355575569797	0.9997642065550578
601_O-123	6.0	6.0	1.2728293115448956	0.503208173777716	0.9997651479567872
602_O-123	6.0	6.0	1.2807094487964277	0.5053635986159168	0.9997647058823529
603_O-123	6.0	6.0	1.2854696226282134	0.5070128142529118	0.9997628645956841
604_O-123	6.0	6.0	1.2843903193149653	0.5074847897745692	0.999763816721776
605_O-123	6.0	6.0	1.282911580236988	0.5066288630426019	0.9997646505060014
606_O-123	6.0	6.0	1.291816810755897	0.5097915296791328	0.9997648165569144
607_O-123	6.0	6.0	1.276630506509216	0.5060503446235789	0.9997643732327992
608_O-123	6.0	6.0	1.2775518670497141	0.5048782146559241	0.9997658079625292
609_O-123	5.0	5.0	1.273388872018854	0.5045804760547481	1.0
60_O-123	6.0	6.0	1.2926445253241543	0.5092350825371699	0.9997650375939849
610_O-123	6.0	6.0	1.2838243947311982	0.5074088239866584	0.9997650375939849
611_O-123	6.0	6.0	1.3082910118334912	0.5158488749067127	0.9997640396413403
612_O-123	6.0	6.0	1.2575446559987475	0.5000038790825682	0.9997645951035782
613_O-123	6.0	6.0	1.272487185831468	0.5030601186293828	0.999763816721776
614_O-123	6.0	6.0	1.2698078419395764	0.502142197832404	0.999765203099319
615_O-123	6.0	6.0	1.2868914174354367	0.5076455507690066	0.9997629208155524
616_O-123	6.0	6.0	1.2732819836272564	0.5036291432084069	0.9997638724911452
617_O-123	6.0	6.0	1.2749477055093077	0.5041878986348454	0.9997633696166588
618_O-123	6.0	6.0	1.2725494426007256	0.502874483410733	0.9997655334114889
619_O-123	6.0	6.0	1.2639110513523388	0.5010960306158776	0.9997641509433962
61_O-123	6.0	6.0	1.29888433403561	0.511909485658071	0.9997645396750647
620_O-123	5.0	5.0	1.2731848558232142	0.5043327670991807	1.0
621_O-123	6.0	6.0	1.2828276282756665	0.5070669436993577	0.9997650927883486
622_O-123	6.0	6.0	1.277366164240062	0.5047449287212837	0.9997653133067355
623_O-123	6.0	6.0	1.2855013628942225	0.5072308780156947	0.9997644842204427
624_O-123	6.0	6.0	1.2900874040448937	0.5095384588822722	0.9997647612326511
625_O-123	6.0	6.0	1.2729273770645757	0.5031780530477221	0.9997655334114889
626_O-123	6.0	6.0	1.283574504946294	0.5073383593969145	0.9997647612326511
627_O-123	6.0	6.0	1.278385577844708	0.5054055686483434	0.9997648165569144
628_O-123	6.0	6.0	1.294658227993493	0.5106920613987307	0.9997644842204427
629_O-123	6.0	6.0	1.276395060848125	0.5055804120679204	0.9997649823736781
62_O-123	6.0	6.0	1.2965395921158984	0.5119208214195041	0.9997644287396937
630_O-123	6.0	6.0	1.304094421678557	0.5145002340548457	0.9997657531037714
631_O-123	6.0	6.0	1.2770516760683754	0.5047975831401432	0.9997653133067355
632_O-123	6.0	6.0	1.2909664729094283	0.5076767095340409	0.9997637609260571
633_O-123	6.0	6.0	1.2826555250671094	0.5070137580373004	0.9997624138750297
634_O-123	6.0	6.0	1.2796767339836264	0.505816173246895	0.9997655334114889
635_O-123	6.0	6.0	1.2853794111451093	0.5073598594849706	0.9997655334114889
636_O-123	6.0	6.0	1.3075110508975123	0.5141130796868976	0.9997640396413403
637_O-123	6.0	6.0	1.2832136066385718	0.5061984319986105	0.9997642065550578
638_O-123	6.0	6.0	1.2926943744069928	0.5098383577834438	0.9997642065550578
639_O-123	6.0	6.0	1.2898106769093156	0.5091504916363905	0.9997645396750647
63_O-123	6.0	6.0	1.2997203950457261	0.5127183944636678	0.9997647058823529
640_O-123	6.0	6.0	1.2795150678008667	0.5058762444248139	0.999763816721776
641_O-123	6.0	6.0	1.2960941979956828	0.5115913619602894	0.9997645396750647
642_O-123	6.0	6.0	1.273939950351929	0.504381148345104	0.9997653683716565
643_O-123	6.0	6.0	1.2752785328097764	0.5041921638793572	0.9997640953054966
644_O-123	6.0	6.0	1.2982536559534146	0.5121213303346095	0.9997637609260571
645_O-123	6.0	6.0	1.277246269044394	0.5058593937155538	0.9997646505060014
646_O-123	6.0	6.0	1.2719275080818948	0.5029589649636137	0.9997636492554951
647_O-123	6.0	6.0	1.2760079634717745	0.5052714929950555	0.9997642065550578
648_O-123	6.0	6.0	1.29249327289318	0.5096222077677632	0.9997639839509087
649_O-123	6.0	6.0	1.2772405313716961	0.504316410959988	0.9997649271274095
64_O-123	6.0	6.0	1.2797885869902788	0.5057544329207093	0.9997658079625292
650_O-123	6.0	6.0	1.292112776018394	0.5098657437995375	0.9997639839509087
651_O-123	6.0	6.0	1.2797741675495113	0.5056804453566783	0.9997644842204427
652_O-123	6.0	6.0	1.2871410689193397	0.5081221531360866	0.999766518795237
653_O-123	6.0	6.0	1.2870134289531392	0.5078176376404944	0.999764871855161
654_O-123	6.0	6.0	1.271980658132105	0.5022704921680313	0.9997641509433962
655_O-123	6.0	6.0	1.2814738303956168	0.5053227813602094	0.9997646505060014
656_O-123	6.0	6.0	1.292343390901593	0.5096776462046879	0.9997654234107436
657_O-123	6.0	6.0	1.277463035810373	0.5044677894867187	0.9997650927883486
658_O-123	6.0	6.0	1.282459709559112	0.5072431364551381	0.9997644287396937
659_O-123	6.0	6.0	1.2901573691617425	0.5103842559629761	0.9997641509433962
65_O-123	6.0	6.0	1.300915246875534	0.5138943175085124	0.9997643732327992
660_O-123	6.0	6.0	1.2856339864076505	0.5081863110090861	0.999763816721776
661_O-123	6.0	6.0	1.296657497210126	0.5122365121107266	0.9997647058823529
662_O-123	6.0	6.0	1.2511089157477047	0.4971725903562999	0.9997644842204427
663_O-123	6.0	6.0	1.278642530528845	0.5051227403057391	0.9997638724911452
664_O-123	6.0	6.0	1.2827512961646812	0.5070170089669391	0.9997640396413403
665_O-123	6.0	6.0	1.2867178299920068	0.5080219885450646	0.999765203099319
666_O-123	6.0	6.0	1.282291931397648	0.5073007017366531	0.9997634255973503
667_O-123	6.0	6.0	1.2672311158301004	0.5028437920165751	0.9997652582159624
668_O-123	6.0	6.0	1.2884529461957663	0.5090695167062111	0.9997645951035782
669_O-123	6.0	6.0	1.2785091819301597	0.5051898743255967	0.9997642065550578
66_O-123	6.0	6.0	1.2857916239800182	0.5072840493854256	0.9997648165569144
670_O-123	6.0	6.0	1.2872430097568055	0.5076293556437617	0.999765203099319
671_O-123	6.0	6.0	1.2976845355977358	0.5113831887216895	0.9997644842204427
672_O-123	6.0	6.0	1.2770620104048704	0.504221960858863	0.9997643732327992
673_O-123	6.0	6.0	1.2888476508738345	0.5090772686387472	0.9997651479567872
674_O-123	6.0	6.0	1.2642796477066471	0.5013108927335639	0.9997647058823529
675_O-123	6.0	6.0	1.2917981919696773	0.510421210734818	0.9997645951035782
676_O-123	6.0	6.0	1.2715707991214174	0.5031084456860613	0.9997643176997407
677_O-123	6.0	6.0	1.281911815764293	0.5066231445075311	0.999765478424015
678_O-123	6.0	6.0	1.2839577932109119	0.5084043200633659	0.9997650927883486
679_O-123	6.0	6.0	1.27527913363147	0.504736712856773	0.9997649271274095
67_O-123	6.0	6.0	1.2796034908448304	0.505708664482418	0.9997637609260571
680_O-123	6.0	6.0	1.2971860108187774	0.5110157784640643	0.999764871855161
681_O-123	6.0	6.0	1.2844827681317446	0.5077642178893309	0.9997637609260571
682_O-123	6.0	6.0	1.276713295270706	0.5047246029753534	0.9997630893153281
683_O-123	6.0	6.0	1.2760834900031495	0.5038765892259507	0.9997638724911452
684_O-123	6.0	6.0	1.2931358101246786	0.5099755500550434	0.9997655334114889
685_O-123	6.0	6.0	1.282591077255983	0.5065824513927675	0.999763816721776
686_O-123	6.0	6.0	1.2863759447289578	0.5074014311464603	0.9997659176029963
687_O-123	6.0	6.0	1.2902975905408829	0.5096882730678652	0.9997634255973503
688_O-123	6.0	6.0	1.2904263792615491	0.509331188533166	0.9997645951035782
689_O-123	6.0	6.0	1.2813036196491425	0.5061930902529184	0.9997648165569144
68_O-123	6.0	6.0	1.2833040454780642	0.507406448034873	0.9997636492554951
690_O-123	6.0	6.0	1.2813279825411714	0.5072401275501268	0.999763816721776
691_O-123	6.0	6.0	1.2835161851216395	0.5055764756296313	0.9997629208155524
692_O-123	6.0	6.0	1.2686864280159509	0.5019251319142171	0.9997619614377529
693_O-123	6.0	6.0	1.2753054297340505	0.5049145874181437	0.9997629208155524
694_O-123	6.0	6.0	1.280186779370506	0.5069428927335641	0.9997647058823529
695_O-123	6.0	6.0	1.2780146060471498	0.505618944855455	0.9997640953054966
696_O-123	6.0	6.0	1.2656563379549168	0.5002029421533156	0.9997650375939849
697_O-123	6.0	6.0	1.2897204708771597	0.5085733937385216	0.9997632575757576
698_O-123	6.0	6.0	1.2818006507765087	0.5064587188210264	0.9997640953054966
699_O-123	6.0	6.0	1.2675076902222286	0.5027986311849002	0.9997639839509087
69_O-123	5.0	5.0	1.2865962454203799	0.5087468861826828	1.0
6_O-123	6.0	6.0	1.2792973394614724	0.5057149154709162	0.9997652582159624
700_O-123	6.0	6.0	1.2972155294422572	0.5117641068755454	0.9997644287396937
701_O-123	6.0	6.0	1.2737758343750833	0.5040745586825832	0.9997648165569144
702_O-123	6.0	6.0	1.2750588894652715	0.5036002580494072	0.999764871855161
703_O-123	6.0	6.0	1.2812864778650583	0.5071738529366125	0.9997642065550578
704_O-123	6.0	6.0	1.2622473154078935	0.49991630568432366	0.9997650375939849
705_O-123	6.0	6.0	1.2764687522743179	0.5043697516135066	0.9997646505060014
706_O-123	6.0	6.0	1.2823285863674765	0.5069916584208455	0.9997645951035782
707_O-123	6.0	6.0	1.2842055048794954	0.5069944913494808	0.9997647058823529
708_O-123	6.0	6.0	1.2799225332763253	0.506113328719723	0.9997647058823529
709_O-123	6.0	6.0	1.29135640758404	0.5097271264519826	0.9997652582159624
70_O-123	6.0	6.0	1.2851356862092669	0.5075076372539872	0.9997640396413403
710_O-123	6.0	6.0	1.2903829205900672	0.5088088607152105	0.9997645396750647
711_O-123	6.0	6.0	1.2814782032289298	0.5064398419775725	0.9997649823736781
712_O-123	6.0	6.0	1.2694459201999957	0.5031815337733643	0.9997647612326511
713_O-123	6.0	6.0	1.2876621388207952	0.5085757949945737	0.9997651479567872
714_O-123	6.0	6.0	1.2795591034707607	0.5055114809286373	0.9997649823736781
715_O-123	6.0	6.0	1.291315929936248	0.5091904049604277	0.999765203099319
716_O-123	6.0	6.0	1.2864613142371746	0.5076188473783827	0.9997651479567872
717_O-123	6.0	6.0	1.263248593844076	0.5006014545531781	0.9997648165569144
718_O-123	6.0	6.0	1.2778535341139807	0.5043983507512153	0.9997648165569144
719_O-123	6.0	6.0	1.2586830009374357	0.500057469625645	0.9997649271274095
71_O-123	6.0	6.0	1.27950843415215	0.5045788808045476	0.999763481551561
720_O-123	6.0	6.0	1.2805605567495164	0.5058548286311022	0.9997649271274095
721_O-123	6.0	6.0	1.2812060524572055	0.5066437357360967	0.9997643176997407
722_O-123	6.0	6.0	1.2760274771120876	0.5057542197435556	0.9997643176997407
723_O-123	6.0	6.0	1.2806493776670624	0.506847614122488	0.9997638724911452
724_O-123	6.0	6.0	1.2704552941977572	0.5031563174052882	0.9997639282341831
725_O-123	6.0	6.0	1.2875199769090662	0.5087344351881529	0.9997657531037714
726_O-123	6.0	6.0	1.265186763966728	0.501391280820349	0.999764871855161
727_O-123	6.0	6.0	1.285277890530049	0.5075134665652217	0.9997649823736781
728_O-123	5.0	5.0	1.2832713022035505	0.5074031689036518	1.0
729_O-123	6.0	6.0	1.290715482070457	0.5096580264056956	0.9997652582159624
72_O-123	6.0	6.0	1.2839169823536785	0.5071883387918512	0.9997655334114889
730_O-123	6.0	6.0	1.284712786302012	0.5072147194834316	0.9997650927883486
731_O-123	6.0	6.0	1.2784870626803015	0.5061866451062909	0.9997642065550578
732_O-123	6.0	6.0	1.2694478070379438	0.5027442629170736	0.9997633696166588
733_O-123	6.0	6.0	1.2970483840694529	0.5110639167416775	0.9997644842204427
734_O-123	6.0	6.0	1.2704895512099985	0.50233561498801	0.999763816721776
735_O-123	6.0	6.0	1.2816276584955621	0.5054994011001896	0.9997649271274095
736_O-123	6.0	6.0	1.272952106888793	0.5028959450937043	0.9997632015155103
737_O-123	6.0	6.0	1.280303238486889	0.5063340233227637	0.9997648165569144
738_O-123	6.0	6.0	1.2836271443503078	0.5068479943591385	0.9997651479567872
739_O-123	6.0	6.0	1.2820141646751755	0.5069215590215506	0.9997647612326511
73_O-123	6.0	6.0	1.29139905214409	0.5100831464339033	0.9997638724911452
740_O-123	6.0	6.0	1.294319450854257	0.5103466297577854	0.9997647058823529
741_O-123	6.0	6.0	1.2801460530500852	0.5061966232999884	0.9997657531037714
742_O-123	6.0	6.0	1.2845008854846227	0.5071839683922325	0.9997647612326511
743_O-123	6.0	6.0	1.2892257952982633	0.5088649207903169	0.9997641509433962
744_O-123	5.0	5.0	1.2904871636228612	0.509764055793269	1.0
745_O-123	6.0	6.0	1.2976640369854016	0.512347878422315	0.9997651479567872
746_O-123	6.0	6.0	1.2688729970134836	0.5015026979947814	0.9997634255973503
747_O-123	6.0	6.0	1.274067321425916	0.5039257024221453	0.9997647058823529
748_O-123	6.0	6.0	1.2871624967316067	0.5080742975778547	0.9997647058823529
749_O-123	6.0	6.0	1.2841043580892788	0.5072471062701711	0.9997659723847414
74_O-123	6.0	6.0	1.2925089383871897	0.5101066368598031	0.9997645396750647
750_O-123	6.0	6.0	1.2968978204991297	0.5110857841330134	0.9997643732327992
751_O-123	6.0	6.0	1.2852120915974161	0.5079708168991834	0.9997644842204427
752_O-123	6.0	6.0	1.2688007837033175	0.502329426494952	0.9997640396413403
753_O-123	6.0	6.0	1.2933275537621018	0.5098332535326249	0.9997643732327992
754_O-123	6.0	6.0	1.2849553552558737	0.5069718156363697	0.9997635933806147
755_O-123	6.0	6.0	1.2855117908560147	0.5074436479051698	0.9997638724911452
756_O-123	6.0	6.0	1.2815706686876882	0.5063563472717212	0.9997646505060014
757_O-123	6.0	6.0	1.279506518224993	0.5055165938228083	0.9997644842204427
758_O-123	6.0	6.0	1.2900754524163862	0.508296040716095	0.9997659723847414
759_O-123	6.0	6.0	1.2987794840226736	0.511564817715575	0.999765478424015
75_O-123	5.0	5.0	1.2781753562852147	0.5049934299323313	1.0
760_O-123	6.0	6.0	1.270174318814475	0.5019735013036217	0.999765203099319
761_O-123	6.0	6.0	1.279785754148816	0.5065768231630778	0.9997655883731833
762_O-123	6.0	6.0	1.2841863758023928	0.5065911897766083	0.999764871855161
763_O-123	6.0	6.0	1.2817838295340918	0.506645742918307	0.9997639839509087
764_O-123	6.0	6.0	1.269817519402457	0.5021981554346711	0.9997643176997407
765_O-123	6.0	6.0	1.2743733327716256	0.5031570178793958	0.9997635374793096
766_O-123	6.0	6.0	1.2848899372075768	0.5082921177936772	0.9997639839509087
767_O-123	6.0	6.0	1.2885250902466097	0.5085801822948972	0.9997638724911452
768_O-123	6.0	6.0	1.285405345578704	0.5071953990068507	0.9997640396413403
769_O-123	6.0	6.0	1.2790552150838483	0.5053659185393339	0.9997653683716565
76_O-123	6.0	6.0	1.2883489952900562	0.5081796454214502	0.999764871855161
770_O-123	6.0	6.0	1.293989310847543	0.5110465893128551	0.9997640953054966
771_O-123	6.0	6.0	1.290050457290428	0.5094332233893142	0.9997648165569144
772_O-123	6.0	6.0	1.2733436588862241	0.5048029883376558	0.999763816721776
773_O-123	6.0	6.0	1.281441988031657	0.5061021585547922	0.9997648165569144
774_O-123	6.0	6.0	1.2746745728076623	0.5061775872391159	0.9997633696166588
775_O-123	6.0	6.0	1.2745712408575878	0.5047303802171129	0.9997664642690332
776_O-123	6.0	6.0	1.2778654438926385	0.5045403248914457	0.9997652582159624
777_O-123	6.0	6.0	1.2646282748191569	0.5009633284864397	0.9997640396413403
778_O-123	6.0	6.0	1.2866912862931068	0.5079225834204872	0.9997650375939849
779_O-123	6.0	6.0	1.2788655211718831	0.5066035856447532	0.9997653133067355
77_O-123	6.0	6.0	1.2859947913186178	0.5077894889258936	0.9997650927883486
780_O-123	6.0	6.0	1.3053156180063434	0.5138365189897299	0.9997656433091164
781_O-123	6.0	6.0	1.2882694866816793	0.50868360252179	0.9997639839509087
782_O-123	6.0	6.0	1.2900824229976326	0.5092352357478215	0.9997654234107436
783_O-123	6.0	6.0	1.2911500617607428	0.5091359355245455	0.9997647612326511
784_O-123	6.0	6.0	1.2948606348952327	0.5100791776715474	0.9997649271274095
785_O-123	6.0	6.0	1.2781455842792526	0.504919321999822	0.9997657531037714
786_O-123	6.0	6.0	1.2853899983597457	0.5084964298724088	0.999764871855161
787_O-123	6.0	6.0	1.2914916542245454	0.5097918892733564	0.9997647058823529
788_O-123	6.0	6.0	1.285474004504569	0.5079498671845534	0.9997639282341831
789_O-123	6.0	6.0	1.2772595589375133	0.5049007939470649	0.9997656982193065
78_O-123	6.0	6.0	1.286674591396459	0.5081017744439243	0.999765478424015
790_O-123	6.0	6.0	1.2789836231732665	0.5060458836099586	0.9997661365762395
791_O-123	6.0	6.0	1.2797555261092515	0.5063719807059391	0.9997628645956841
792_O-123	6.0	6.0	1.2838270548735984	0.507704110851452	0.9997639839509087
793_O-123	6.0	6.0	1.2912579454935635	0.5094955272443045	0.999763816721776
794_O-123	6.0	6.0	1.2824556966508478	0.5060476796648548	0.9997643732327992
795_O-123	6.0	6.0	1.28999283078979	0.5093005380306979	0.9997651479567872
796_O-123	6.0	6.0	1.2649485904091389	0.5009678954385468	0.9997644287396937
797_O-123	6.0	6.0	1.2787786174311093	0.5068037889966135	0.9997642065550578
798_O-123	6.0	6.0	1.2919671050471018	0.5101506512155365	0.9997654234107436
799_O-123	6.0	6.0	1.2743243310899155	0.503161044468758	0.9997646505060014
79_O-123	6.0	6.0	1.2685700306863605	0.5022801851562757	0.9997633696166588
7_O-123	6.0	6.0	1.2927339594562774	0.5101681383298895	0.999765478424015
800_O-123	6.0	6.0	1.2761386117144211	0.5047534601163852	0.9997640953054966
801_O-123	6.0	6.0	1.277348072293045	0.504971825476582	0.9997651479567872
802_O-123	6.0	6.0	1.2865000139334233	0.5073668211944742	0.9997639282341831
803_O-123	6.0	6.0	1.2824876342135239	0.5070784339637753	0.9997651479567872
804_O-123	6.0	6.0	1.2823055240836365	0.5073614434722751	0.9997653683716565
805_O-123	6.0	6.0	1.2929482389543285	0.5097645229107998	0.9997642065550578
806_O-123	6.0	6.0	1.2687346002182478	0.5023763883076546	0.999765203099319
807_O-123	6.0	6.0	1.2867717514482033	0.5076730114408943	0.999764871855161
808_O-123	6.0	6.0	1.2820243516789676	0.5062139979061373	0.9997648165569144
809_O-123	6.0	6.0	1.2696893415939348	0.503589643282464	0.999764871855161
80_O-123	5.0	5.0	1.279740292375527	0.5075038969897179	1.0
810_O-123	5.0	5.0	1.2816493899028831	0.5068156138709446	1.0
811_O-123	6.0	6.0	1.291416784444962	0.5101095114406753	0.9997639282341831
812_O-123	6.0	6.0	1.2931061065552614	0.5098568165016049	0.9997642065550578
813_O-123	6.0	6.0	1.2678501710032972	0.5026818624450287	0.9997644842204427
814_O-123	6.0	6.0	1.2809393506715456	0.505215455154567	0.9997635374793096
815_O-123	6.0	6.0	1.3016475485487882	0.512795652590252	0.9997645951035782
816_O-123	6.0	6.0	1.2849680571730115	0.5078179689394356	0.9997649271274095
817_O-123	6.0	6.0	1.2861899367354892	0.5073000800436055	0.9997631454287068
818_O-123	6.0	6.0	1.2893827166900675	0.508369235271585	0.9997649271274095
819_O-123	6.0	6.0	1.272566331753661	0.5032603507981117	0.9997640396413403
81_O-123	6.0	6.0	1.285895204331496	0.5073018440621555	0.9997646505060014
820_O-123	6.0	6.0	1.2766758285587474	0.5046876545805303	0.9997650375939849
821_O-123	6.0	6.0	1.2673819914285747	0.501745284128212	0.9997655883731833
822_O-123	5.0	5.0	1.283929555523714	0.5078421815945204	1.0
823_O-123	6.0	6.0	1.2885668872767506	0.5091927115714288	0.9997647612326511
824_O-123	6.0	6.0	1.2761033127895922	0.5040194406954815	0.9997637609260571
825_O-123	6.0	6.0	1.2769513854133143	0.503818294882781	0.9997629770087698
826_O-123	6.0	6.0	1.277378736188468	0.504849780718313	0.9997643732327992
827_O-123	6.0	6.0	1.2725981317349453	0.5040949963283932	0.999763816721776
828_O-123	5.0	5.0	1.2685030442272054	0.5032926207130555	1.0
829_O-123	6.0	6.0	1.2958139705627794	0.5110921025997516	0.9997637609260571
82_O-123	6.0	6.0	1.2602803276677292	0.49952415591168875	0.9997640953054966
830_O-123	6.0	6.0	1.2755388371501948	0.5041419781030464	0.9997635933806147
831_O-123	6.0	6.0	1.2901131695773758	0.508707487491459	0.9997652582159624
832_O-123	6.0	6.0	1.296501880525893	0.5118230988358206	0.9997649823736781
833_O-123	6.0	6.0	1.2815669640752032	0.5060466803053334	0.9997643732327992
834_O-123	6.0	6.0	1.2815529590119408	0.507023235458999	0.9997646505060014
835_O-123	6.0	6.0	1.273844432342785	0.5045241613149816	0.9997644287396937
836_O-123	6.0	6.0	1.2812970088143192	0.5065599594121468	0.9997639839509087
837_O-123	6.0	6.0	1.281284222726191	0.5057519978976893	0.9997643176997407
838_O-123	6.0	6.0	1.2884738117774404	0.5082590176808384	0.9997643176997407
839_O-123	6.0	6.0	1.2815477642875601	0.5071138031708315	0.9997630893153281
83_O-123	6.0	6.0	1.287198343384889	0.5081447342070315	0.9997647612326511
840_O-123	6.0	6.0	1.277426107431968	0.5045693094403667	0.9997652582159624
841_O-123	6.0	6.0	1.2884919365921625	0.5086069544020001	0.9997639839509087
842_O-123	6.0	6.0	1.2920837752232663	0.5093759170381298	0.9997645396750647
843_O-123	6.0	6.0	1.285247110563673	0.5077779858795977	0.9997644287396937
844_O-123	6.0	6.0	1.2619068522476895	0.5004147373738617	0.9997642065550578
845_O-123	6.0	6.0	1.2954206578936232	0.5111357758412374	0.9997649823736781
846_O-123	6.0	6.0	1.2854138039806784	0.5076601978776291	0.9997644842204427
847_O-123	6.0	6.0	1.290840513102333	0.5100635798457442	0.9997635374793096
848_O-123	6.0	6.0	1.3039574405714693	0.5139043661300333	0.9997651479567872
849_O-123	6.0	6.0	1.2956625885258903	0.5115147426363482	0.9997638724911452
84_O-123	6.0	6.0	1.2834756527857343	0.5076810487921679	0.9997628083491461
850_O-123	6.0	6.0	1.2896360913661378	0.508751850356168	0.9997649271274095
851_O-123	6.0	6.0	1.2701727815353825	0.5024353904210841	0.9997653683716565
852_O-123	6.0	6.0	1.2803960740486533	0.5071208181729565	0.9997649271274095
853_O-123	6.0	6.0	1.266080040993538	0.5004402440648187	0.9997642621404997
854_O-123	6.0	6.0	1.270484644328806	0.5030589049353082	0.999764871855161
855_O-123	6.0	6.0	1.269583022031764	0.5021661920188389	0.9997655883731833
856_O-123	6.0	6.0	1.286374579650798	0.5074959023806926	0.9997649823736781
857_O-123	6.0	6.0	1.2926468306468446	0.508824987463159	0.9997651479567872
858_O-123	5.0	5.0	1.279430763433084	0.5061036920716637	1.0
859_O-123	6.0	6.0	1.283134578551167	0.5075145219476245	0.9997645396750647
85_O-123	6.0	6.0	1.2711483049652936	0.5028991634596676	0.9997646505060014
860_O-123	6.0	6.0	1.2902659039117863	0.509388636580176	0.9997649823736781
861_O-123	6.0	6.0	1.268025083097233	0.5017016956636213	0.9997645396750647
862_O-123	6.0	6.0	1.270974452644294	0.502462854893289	0.9997642621404997
863_O-123	6.0	6.0	1.2914109672979455	0.5096721967594517	0.9997645396750647
864_O-123	6.0	6.0	1.2895560229420555	0.5090841245674741	0.9997647058823529
865_O-123	6.0	6.0	1.2909341986445408	0.5091831998901519	0.9997646505060014
866_O-123	6.0	6.0	1.2742382221774347	0.504107513724315	0.9997644287396937
867_O-123	6.0	6.0	1.2833963662145214	0.507796891947472	0.9997643732327992
868_O-123	6.0	6.0	1.2694815155751313	0.5027826610678845	0.9997643732327992
869_O-123	6.0	6.0	1.2843741519288658	0.5074479598895887	0.9997649823736781
86_O-123	6.0	6.0	1.2738275139312152	0.5034944271271479	0.9997643732327992
870_O-123	6.0	6.0	1.2900036147074758	0.5088019572179724	0.9997650927883486
871_O-123	6.0	6.0	1.2944213603475512	0.5110961276672135	0.9997646505060014
872_O-123	6.0	6.0	1.2697930112016498	0.5034970795847751	0.9997647058823529
873_O-123	6.0	6.0	1.2906895603428714	0.509711346658427	0.9997650927883486
874_O-123	6.0	6.0	1.287310433610094	0.5081825572764139	0.9997653133067355
875_O-123	6.0	6.0	1.2794310902088166	0.5060366402219583	0.9997642065550578
876_O-123	6.0	6.0	1.290214661981638	0.5097521673767699	0.9997642621404997
877_O-123	6.0	6.0	1.2772464722178198	0.5044200508584784	0.9997639839509087
878_O-123	6.0	6.0	1.2797715364261069	0.506246320421446	0.999764871855161
879_O-123	6.0	6.0	1.2956834022070736	0.5111110780022723	0.9997650927883486
87_O-123	6.0	6.0	1.2948495250100622	0.5106699515570934	0.9997647058823529
880_O-123	6.0	6.0	1.2745075924100777	0.5040099653979239	0.9997647058823529
881_O-123	6.0	6.0	1.2824272262746563	0.5071583564703082	0.9997637609260571
882_O-123	6.0	6.0	1.2797114747141702	0.5064487512551771	0.9997637051039697
883_O-123	6.0	6.0	1.2793827239035371	0.5049128625892536	0.9997649823736781
884_O-123	6.0	6.0	1.2790495074422477	0.5049735572871944	0.9997639282341831
885_O-123	5.0	5.0	1.2812318302754917	0.5070871860690259	1.0
886_O-123	6.0	6.0	1.285437944860672	0.5078095750358345	0.9997651479567872
887_O-123	6.0	6.0	1.2854657582143045	0.5078090582807229	0.9997647612326511
888_O-123	6.0	6.0	1.2793177457793632	0.5054508063699288	0.9997653133067355
889_O-123	6.0	6.0	1.283639729850077	0.5066607154665079	0.9997652582159624
88_O-123	6.0	6.0	1.2755551149603168	0.5051461509512656	0.9997653683716565
890_O-123	6.0	6.0	1.2737199055531803	0.5032821940327996	0.9997643176997407
891_O-123	6.0	6.0	1.2863237359816064	0.5078807133087525	0.9997642621404997
892_O-123	6.0	6.0	1.2899992594469938	0.5092734284140294	0.9997628083491461
893_O-123	6.0	6.0	1.287342968858121	0.5088343363968999	0.9997639839509087
894_O-123	6.0	6.0	1.3006839302567605	0.5128932260033631	0.9997647612326511
895_O-123	6.0	6.0	1.3088993960435857	0.5155553489480271	0.9997655883731833
896_O-123	6.0	6.0	1.2844130122943307	0.5064696541124785	0.9997643176997407
897_O-123	6.0	6.0	1.2817206632899472	0.5069430316304957	0.9997646505060014
898_O-123	6.0	6.0	1.2828837451763873	0.5065098992916425	0.9997654234107436
899_O-123	6.0	6.0	1.2825667578324345	0.5060052017897683	0.9997652582159624
89_O-123	6.0	6.0	1.2882037911184028	0.5087370617312355	0.9997642065550578
8_O-123	6.0	6.0	1.2975498565811585	0.511671116641253	0.9997648165569144
900_O-123	6.0	6.0	1.2873523211856843	0.5085567383037182	0.9997643732327992
901_O-123	6.0	6.0	1.2886246075426593	0.5087805406121537	0.9997642621404997
902_O-123	6.0	6.0	1.2871794351862809	0.5076440425187293	0.9997647612326511
903_O-123	6.0	6.0	1.2876553582015506	0.5081613287197231	0.9997647058823529
904_O-123	6.0	6.0	1.2897839639048152	0.5084094609093331	0.9997649823736781
905_O-123	6.0	6.0	1.291487362964669	0.5097939406133158	0.9997635933806147
906_O-123	6.0	6.0	1.3044966763665817	0.5134498772087077	0.999764871855161
907_O-123	6.0	6.0	1.2863031268930305	0.5073628880021168	0.9997642065550578
908_O-123	6.0	6.0	1.2778764206616993	0.5049841868312318	0.9997655883731833
909_O-123	6.0	6.0	1.2761106133650744	0.5054432540727932	0.9997634255973503
90_O-123	6.0	6.0	1.27382164689268	0.5040229411446433	0.9997644287396937
910_O-123	6.0	6.0	1.2551624307677303	0.4985258327280676	0.9997639839509087
911_O-123	6.0	6.0	1.2938313905902898	0.5102157046369316	0.9997650927883486
912_O-123	6.0	6.0	1.268284196634562	0.5010084814115601	0.9997649271274095
913_O-123	6.0	6.0	1.2776421907445819	0.5049494147986511	0.9997652582159624
914_O-123	6.0	6.0	1.2720243451101503	0.5036686124913611	0.9997647612326511
915_O-123	6.0	6.0	1.2824679217869634	0.5062789521945588	0.999765478424015
916_O-123	6.0	6.0	1.2802328335208275	0.506474370854703	0.9997656982193065
917_O-123	6.0	6.0	1.2757745843586878	0.5040741349903601	0.9997623009270263
918_O-123	6.0	6.0	1.2803575428757008	0.5059836200765528	0.9997656433091164
919_O-123	6.0	6.0	1.2639143992027033	0.5005106593335277	0.9997649823736781
91_O-123	6.0	6.0	1.286160026051305	0.5076022896171819	0.9997644842204427
920_O-123	6.0	6.0	1.2790621319864885	0.5047520272883248	0.9997644842204427
921_O-123	6.0	6.0	1.278902918979006	0.505625958572704	0.9997657531037714
922_O-123	6.0	6.0	1.2811725994327916	0.5067545963140235	0.999763816721776
923_O-123	6.0	6.0	1.275779717649342	0.5048816020438864	0.9997645396750647
924_O-123	6.0	6.0	1.2832673731123216	0.5068015581537604	0.9997644842204427
925_O-123	6.0	6.0	1.292402518627392	0.5096417014570025	0.9997635933806147
926_O-123	6.0	6.0	1.289744524321736	0.5092034470032956	0.9997647612326511
927_O-123	6.0	6.0	1.2858711499335813	0.5069317797216184	0.9997643732327992
928_O-123	6.0	6.0	1.2721359307345772	0.50303504918942	0.9997639282341831
929_O-123	6.0	6.0	1.2876022782057228	0.5088543639271137	0.9997659176029963
92_O-123	6.0	6.0	1.2919323710335324	0.5096371326362784	0.9997642621404997
930_O-123	6.0	6.0	1.279322511242783	0.5061559210916406	0.9997648165569144
931_O-123	6.0	6.0	1.2850836084362827	0.5075084844290658	0.9997647058823529
932_O-123	6.0	6.0	1.2911411656492828	0.5101906515878296	0.9997633136094675
933_O-123	6.0	6.0	1.298812163991509	0.5119594647800638	0.9997647612326511
934_O-123	6.0	6.0	1.2854633185031223	0.5073473943219284	0.9997643176997407
935_O-123	6.0	6.0	1.2961250029564706	0.5113444171251318	0.9997655334114889
936_O-123	6.0	6.0	1.3054585372126601	0.5153791384186193	0.9997650927883486
937_O-123	6.0	6.0	1.2832315226556388	0.5071392360422314	0.9997652582159624
938_O-123	6.0	6.0	1.2771113963152714	0.5060100602583733	0.9997640953054966
939_O-123	6.0	6.0	1.2801408537937808	0.5066242214532872	0.9997647058823529
93_O-123	6.0	6.0	1.2881717623812037	0.50843423062538	0.9997635374793096
940_O-123	6.0	6.0	1.2845652114461434	0.5078853319851162	0.9997639282341831
941_O-123	6.0	6.0	1.2898105678736593	0.5100345974324947	0.999765478424015
942_O-123	6.0	6.0	1.2818684733300445	0.5083744497017968	0.9997640953054966
943_O-123	6.0	6.0	1.2873422304866342	0.5073181931600723	0.9997637609260571
944_O-123	6.0	6.0	1.2929144263542358	0.5105197685969116	0.9997659723847414
945_O-123	6.0	6.0	1.2907304421906527	0.509019057088574	0.9997642621404997
946_O-123	6.0	6.0	1.2865780310971406	0.5083370145385232	0.9997644842204427
947_O-123	6.0	6.0	1.2831740369732014	0.5067639798218311	0.9997638724911452
948_O-123	6.0	6.0	1.2781464326989573	0.5050410510857957	0.9997641509433962
949_O-123	6.0	6.0	1.2786459675247022	0.5052927433313738	0.999765203099319
94_O-123	6.0	6.0	1.2941646100266995	0.5103255974717837	0.999764871855161
950_O-123	6.0	6.0	1.2549595030456633	0.498194896634641	0.9997645951035782
951_O-123	6.0	6.0	1.273465332657861	0.5044063163054515	0.9997633136094675
952_O-123	6.0	6.0	1.2883239740427093	0.5081909727188175	0.9997643732327992
953_O-123	6.0	6.0	1.2708742506073767	0.5022810302854811	0.9997643176997407
954_O-123	6.0	6.0	1.281837052862399	0.5065194136191751	0.9997646505060014
955_O-123	6.0	6.0	1.2775412058511657	0.5054260945649673	0.9997632015155103
956_O-123	6.0	6.0	1.2799003330356116	0.5060537557849769	0.9997641509433962
957_O-123	6.0	6.0	1.2932162821977036	0.5105862440349753	0.9997640953054966
958_O-123	6.0	6.0	1.2864219795646659	0.5075757374246793	0.9997645951035782
959_O-123	6.0	6.0	1.2790943608533845	0.5056525886993359	0.9997648165569144
95_O-123	6.0	6.0	1.2829433727533281	0.506799504577867	0.999764871855161
960_O-123	6.0	6.0	1.2953846173900354	0.510182253580157	0.9997660271408516
961_O-123	6.0	6.0	1.2845840983448933	0.5066820216892257	0.9997656433091164
962_O-123	6.0	6.0	1.3010949965949088	0.5133745591246457	0.9997637051039697
963_O-123	6.0	6.0	1.2779384491255532	0.5050843426602725	0.9997651479567872
964_O-123	6.0	6.0	1.2882957074160497	0.5084838860693501	0.9997645951035782
965_O-123	6.0	6.0	1.2827043136018557	0.5068257495431865	0.9997654234107436
966_O-123	6.0	6.0	1.2629276976413244	0.5020166997885953	0.9997646505060014
967_O-123	6.0	6.0	1.289255621505115	0.5087768842881273	0.9997655334114889
968_O-123	6.0	6.0	1.2886633059119836	0.5099514137458231	0.999765203099319
969_O-123	6.0	6.0	1.2789424276865788	0.5054277250878199	0.9997650927883486
96_O-123	6.0	6.0	1.2860978981137037	0.5073844326555674	0.999763481551561
970_O-123	6.0	6.0	1.2907111926825152	0.5092938046329589	0.9997640953054966
971_O-123	6.0	6.0	1.2714786592937721	0.50339361586079	0.9997649823736781
972_O-123	6.0	6.0	1.2969108910225124	0.5114604841580633	0.9997641509433962
973_O-123	6.0	6.0	1.2860139508674189	0.508101570319849	0.9997642065550578
974_O-123	6.0	6.0	1.2816907176171386	0.5070405973029852	0.9997651479567872
975_O-123	6.0	6.0	1.2582886573937258	0.4982635573112699	0.9997643732327992
976_O-123	6.0	6.0	1.2898732956550076	0.5090197789864068	0.9997640953054966
977_O-123	6.0	6.0	1.286012604474623	0.5079481108175034	0.999764871855161
978_O-123	6.0	6.0	1.2889751843192172	0.5086120579743924	0.9997644287396937
979_O-123	6.0	6.0	1.284572408499743	0.5083045520956267	0.9997650927883486
97_O-123	6.0	6.0	1.277895760220837	0.5048605315721051	0.9997648165569144
980_O-123	6.0	6.0	1.2780316396062332	0.5050631709320087	0.9997639282341831
981_O-123	6.0	6.0	1.2890375797211322	0.5080491278034888	0.9997641509433962
982_O-123	6.0	6.0	1.2871434495518972	0.508012201048568	0.9997650927883486
983_O-123	6.0	6.0	1.2789450644659914	0.5051638883816625	0.9997638724911452
984_O-123	6.0	6.0	1.2963947709185977	0.5114748054266357	0.9997649271274095
985_O-123	6.0	6.0	1.2959825875528919	0.5101287368835389	0.9997634255973503
986_O-123	6.0	6.0	1.2771933607947457	0.504589233465784	0.9997656433091164
987_O-123	6.0	6.0	1.2827812520611133	0.5065733200577764	0.9997651479567872
988_O-123	6.0	6.0	1.265300532734123	0.502874949005274	0.9997636492554951
989_O-123	6.0	6.0	1.2803045590172475	0.5063708424342404	0.9997647612326511
98_O-123	6.0	6.0	1.2835169151297314	0.5072551663083387	0.9997645396750647
990_O-123	6.0	6.0	1.2789802766312226	0.5055049251017948	0.9997640396413403
991_O-123	6.0	6.0	1.2840593680453067	0.5066840138408304	0.9997647058823529
992_O-123	6.0	6.0	1.2784945025868257	0.5050996116937079	0.9997650375939849
993_O-123	6.0	6.0	1.2953190409074913	0.5103013385921455	0.9997647612326511
994_O-123	6.0	6.0	1.275875103298113	0.5043535586723843	0.9997664097173558
995_O-123	6.0	6.0	1.284369993266859	0.5080741050463908	0.9997642621404997
996_O-123	6.0	6.0	1.2945002382430775	0.5106432003221819	0.9997645396750647
997_O-123	6.0	6.0	1.2891421401711036	0.5084954158405113	0.9997655883731833
998_O-123	6.0	6.0	1.2683210439559842	0.5018369286391112	0.9997644287396937
999_O-123	6.0	6.0	1.2885034003499392	0.5084540748463425	0.9997664097173558
99_O-123	6.0	6.0	1.285003072925699	0.5080711196522871	0.9997631454287068
9_O-123	6.0	6.0	1.2846737941059367	0.5064066701850404	0.9997654234107436
