Eigvals	18
1.3230524012490898	1.0291910537714133	0.7475488143448092	0.7063983475085248	0.5947522332361562	0.4910991266886654	0.4703674410745739	0.4313591312739201	0.39688853089386394	0.3567790707279307	0.26957352897265197	0.2576499315415874	0.23624496182199534	0.1964521159623894	0.13338819870215846	0.03925654026372465	0.030753365110381705	0.0

Proportion explained	18
0.1715853294187888	0.13347474811240762	0.09694885058587344	0.09161208811057411	0.07713281633141693	0.0636901496498547	0.061001478284954676	0.0559425299916775	0.051472072649329334	0.04627031727752094	0.03496071865913158	0.033414359353079376	0.030638370452663988	0.02547767647041098	0.01729898074579717	0.005091141051279486	0.003988372855239365	0.0

Species	0	0

Site	18	18
H-10	-0.11611993920447822	0.3953593736130631	0.1272938502981285	-0.2972492780659626	-0.011257159200066598	-0.029212445795155157	0.053445619992638284	-0.10801646552534098	-0.21406893561545287	0.016565835718574472	0.34778746655437004	-0.07335757818515827	0.05656743553929626	-0.014083071140320792	0.0047044238453539606	0.000668296119127384	0.00040104466844063355	0.0
H-118	-0.29362764296304683	-0.27919691948866515	-0.1445920751823546	-0.16314593665295998	0.08733480533439829	0.13021060187772496	-0.12206760773505594	-0.1026787139809967	0.08788634718030447	-0.11102572407178203	0.0174465759461338	0.20114775624692266	0.2816471975451178	0.054163404037785384	0.09539110188052818	-0.0009292379965050865	-0.010072908121052666	0.0
H-119	-0.030446681254084028	0.30950089587256163	0.06819068109784078	-0.22785001864701787	-0.0006381043206201835	-0.06364115682479989	0.1697154946178777	0.12854750148100602	0.4976711908662141	0.10272963829866501	-0.013861669138901609	-0.023817851690228143	0.008095732801646173	0.03450273060830434	-0.005965873570172477	0.0005894407461947153	-0.0006033546532493155	0.0
H-120	-0.07941967596226504	0.2075352963351881	-0.1285361130256287	0.40311704265225284	-0.09513681564797385	0.026234684938705934	0.052767819631626994	-0.4344553344586177	0.1450967499262239	-0.13810151235041948	-0.0046053510712327555	-0.0947381504230179	-0.03614338969707105	-0.07063110789313148	0.04191730130704749	0.000538306717376501	-0.0012360168400961135	0.0
H-193	-0.08590196085704226	-0.11871409961762333	0.3267090523328835	0.21814462135299062	-0.2539401696309033	-0.27119610030626695	0.2589075941909999	0.03862813042565341	-0.08938475911761497	0.01632781693460697	-0.05173314446168864	0.15238268791696585	0.1557872220186505	-0.06991843757737871	-0.09098656639943264	0.0030334729320966617	-0.0008438813980313529	0.0
H-314	0.39793813163473174	-0.09271367174602844	0.01766109052611631	-0.05393778483845448	0.041739257873005	0.06818542901379757	-0.11259407094355035	-0.15812610894970816	0.04101554121617577	0.219779911343954	0.07822459554886857	0.29685692455948326	-0.1832446435156554	-0.10942494588713896	-0.03046800366191352	-0.002129451294909113	-0.0010996780850621192	0.0
O-121	-0.26275745410729456	-0.3285779115619581	0.3035887476600342	0.009565871801389753	0.09022028228439308	0.06664344028911087	-0.12615404663619487	0.007798627176073138	0.08367391487924647	-0.18031346227917516	0.07629980773260953	-0.05054685503713772	-0.12653632325148867	0.06556429320157114	-0.11310519039771132	0.021631048292991707	0.09103353914002583	0.0
O-122	-0.07255472337101224	0.02249802096334935	-0.2848606220873795	-0.048661997132447045	-0.25143961336921006	-0.42837818765494357	-0.3701674256205273	0.10165769907549932	0.008617055723198371	-0.05462765450208547	0.010018515906988622	-0.013788707091730013	-0.06176607291183996	0.005020577012095923	0.013568725345985548	-0.014706520907922674	-0.00047199173047451486	0.0
O-123	-0.14176306514129902	0.390444567332158	0.1422421562407137	-0.26128230104583844	-0.0019494314310391407	0.054511282650509627	-0.02522767179983732	-0.11888210715353827	-0.17985890272267974	-0.08132415013853637	-0.3217220798057061	0.07897031947455832	-0.09438118393609952	0.11519311957641326	-0.015449364392050568	-0.0018615832318947948	-0.007669910678122501	0.0
O-152	-0.23504802468754288	0.13527396556680996	0.20431147353367637	0.12010964385208188	0.33651393053365364	0.005747555751832268	-0.1801817517792428	0.16267901583848499	-0.035801895137564085	0.06396691381154282	-0.09238157375474564	-0.07556841783704416	0.03764173425053188	-0.26759743962866417	0.0796359472925685	-0.0008413009001941525	-0.006109017112831694	0.0
O-39	-0.22687072345798898	-0.19587865853005587	-0.4295792484337541	-0.13237137506280763	-0.005066695492977603	0.0005572711525300711	0.26244729935151945	-0.0038917831379880613	-0.12161987083930464	0.2003642286867212	-0.0827196502452231	-0.06670692620729986	-0.031991641683258035	-0.06004679115383162	0.03320378699243295	0.018298669285178034	0.08190912833751623	0.0
O-418	0.5427708154573014	-0.07545071945806653	-0.028236781971130775	-0.057039564187330784	0.08481537742823092	0.03287444302002467	-0.021542648984290966	-0.03253663241751609	-0.021622613013332372	-0.02605905874789448	-0.05676420103974066	-0.12728820943261232	0.1300623355741014	-0.00024670069204731825	-0.08230791362182226	-0.13604901028454155	0.025429789131657367	0.0
O-420	0.5365543466920147	-0.0791436707053825	-0.035061114272730294	-0.059722305000451	0.05368337839172175	-0.013308144168838722	-0.08525633028683509	-0.04352087833832581	-0.020331858069696583	0.012819460187698575	-0.05991394353045149	-0.13830742339187793	0.12380757189865774	0.015171598907939132	-0.07037229075479418	0.13767280636131385	-0.02071706875286317	0.0
O-434	-0.03711638929000132	0.1372803461962385	-0.05885595107410053	0.1416786337750589	-0.4395126157635022	0.4415271264738515	-0.1068285060840076	0.2351972675454698	-0.024778088222647116	0.03790716740394805	0.017093608151482097	-0.01622405735754191	0.019599089511568676	-0.021972155464932887	-0.026973772874513035	0.000608089587695934	-0.004148544979321204	0.0
OMC-125	-0.10508454641455366	0.21311990764686925	-0.1635072240590524	0.424719297494901	0.31005892105268756	-0.030808816166262073	-0.010181524900029137	0.11062664807484299	-0.06611930491595866	0.1563845716915047	0.06389883075860968	0.06131803900900055	0.015228786726857518	0.2305796293891347	-0.058019474607427374	-0.003333828553645603	-0.008295781046699285	0.0
OMC-126	0.2903621083902474	0.02733848426611028	-0.1913596677023257	0.010393145819939229	0.12864686579884968	0.006637752197791513	0.24276710341622296	0.23280289096211623	-0.0454605680203139	-0.3766561356198388	0.05621171716517969	0.09806479412463114	-0.11336923652899956	-0.052396877811739476	0.05026905463515699	0.008778506578809377	-0.018241235642556072	0.0
OMC-288	0.24830541293334454	-0.2469783025732014	0.3043974754100457	0.07647390620408635	-0.10188007217672641	-0.0314493211663525	0.03782426670313573	0.019815103430474774	-0.03822904182314452	0.09354987840935042	0.005753726677259586	-0.08081384861683515	-0.0656965371214047	0.14436995322384197	0.2591681660071612	-0.007180169692085674	-0.0006882769275411315	0.0
OMC-446	-0.3292199883970291	-0.42169690411136646	-0.029805729290981613	-0.10294160231943097	0.02780785833607866	0.03486458471673955	0.08232638686555105	-0.0356448600475877	-0.006684962293656014	0.04771227522316548	0.010966768606188742	-0.12758249606107808	-0.1153080772206111	0.0017522212920984266	-0.08421005702639672	-0.024787533759086728	-0.11857583530973766	0.0

Biplot	0	0

Site constraints	0	0
