	chao1	observed_otus	shannon	simpson	goods_coverage
1000_H-119	1.0	1.0	-0.0	0.0	1.0
100_H-119	1.0	1.0	-0.0	0.0	1.0
101_H-119	1.0	1.0	-0.0	0.0	1.0
102_H-119	1.0	1.0	-0.0	0.0	1.0
103_H-119	1.0	1.0	-0.0	0.0	1.0
104_H-119	1.0	1.0	-0.0	0.0	1.0
105_H-119	1.0	1.0	-0.0	0.0	1.0
106_H-119	1.0	1.0	-0.0	0.0	1.0
107_H-119	1.0	1.0	-0.0	0.0	1.0
108_H-119	1.0	1.0	-0.0	0.0	1.0
109_H-119	1.0	1.0	-0.0	0.0	1.0
10_H-119	1.0	1.0	-0.0	0.0	1.0
110_H-119	1.0	1.0	-0.0	0.0	1.0
111_H-119	1.0	1.0	-0.0	0.0	1.0
112_H-119	1.0	1.0	-0.0	0.0	1.0
113_H-119	1.0	1.0	-0.0	0.0	1.0
114_H-119	1.0	1.0	-0.0	0.0	1.0
115_H-119	1.0	1.0	-0.0	0.0	1.0
116_H-119	1.0	1.0	-0.0	0.0	1.0
117_H-119	1.0	1.0	-0.0	0.0	1.0
118_H-119	1.0	1.0	-0.0	0.0	1.0
119_H-119	1.0	1.0	-0.0	0.0	1.0
11_H-119	1.0	1.0	-0.0	0.0	1.0
120_H-119	1.0	1.0	-0.0	0.0	1.0
121_H-119	1.0	1.0	-0.0	0.0	1.0
122_H-119	1.0	1.0	-0.0	0.0	1.0
123_H-119	1.0	1.0	-0.0	0.0	1.0
124_H-119	1.0	1.0	-0.0	0.0	1.0
125_H-119	1.0	1.0	-0.0	0.0	1.0
126_H-119	1.0	1.0	-0.0	0.0	1.0
127_H-119	1.0	1.0	-0.0	0.0	1.0
128_H-119	1.0	1.0	-0.0	0.0	1.0
129_H-119	1.0	1.0	-0.0	0.0	1.0
12_H-119	1.0	1.0	-0.0	0.0	1.0
130_H-119	1.0	1.0	-0.0	0.0	1.0
131_H-119	1.0	1.0	-0.0	0.0	1.0
132_H-119	1.0	1.0	-0.0	0.0	1.0
133_H-119	1.0	1.0	-0.0	0.0	1.0
134_H-119	1.0	1.0	-0.0	0.0	1.0
135_H-119	1.0	1.0	-0.0	0.0	1.0
136_H-119	1.0	1.0	-0.0	0.0	1.0
137_H-119	1.0	1.0	-0.0	0.0	1.0
138_H-119	1.0	1.0	-0.0	0.0	1.0
139_H-119	1.0	1.0	-0.0	0.0	1.0
13_H-119	1.0	1.0	-0.0	0.0	1.0
140_H-119	1.0	1.0	-0.0	0.0	1.0
141_H-119	1.0	1.0	-0.0	0.0	1.0
142_H-119	1.0	1.0	-0.0	0.0	1.0
143_H-119	1.0	1.0	-0.0	0.0	1.0
144_H-119	1.0	1.0	-0.0	0.0	1.0
145_H-119	1.0	1.0	-0.0	0.0	1.0
146_H-119	1.0	1.0	-0.0	0.0	1.0
147_H-119	1.0	1.0	-0.0	0.0	1.0
148_H-119	1.0	1.0	-0.0	0.0	1.0
149_H-119	1.0	1.0	-0.0	0.0	1.0
14_H-119	1.0	1.0	-0.0	0.0	1.0
150_H-119	1.0	1.0	-0.0	0.0	1.0
151_H-119	1.0	1.0	-0.0	0.0	1.0
152_H-119	1.0	1.0	-0.0	0.0	1.0
153_H-119	1.0	1.0	-0.0	0.0	1.0
154_H-119	1.0	1.0	-0.0	0.0	1.0
155_H-119	1.0	1.0	-0.0	0.0	1.0
156_H-119	1.0	1.0	-0.0	0.0	1.0
157_H-119	1.0	1.0	-0.0	0.0	1.0
158_H-119	1.0	1.0	-0.0	0.0	1.0
159_H-119	1.0	1.0	-0.0	0.0	1.0
15_H-119	1.0	1.0	-0.0	0.0	1.0
160_H-119	1.0	1.0	-0.0	0.0	1.0
161_H-119	1.0	1.0	-0.0	0.0	1.0
162_H-119	1.0	1.0	-0.0	0.0	1.0
163_H-119	1.0	1.0	-0.0	0.0	1.0
164_H-119	1.0	1.0	-0.0	0.0	1.0
165_H-119	1.0	1.0	-0.0	0.0	1.0
166_H-119	1.0	1.0	-0.0	0.0	1.0
167_H-119	1.0	1.0	-0.0	0.0	1.0
168_H-119	1.0	1.0	-0.0	0.0	1.0
169_H-119	1.0	1.0	-0.0	0.0	1.0
16_H-119	1.0	1.0	-0.0	0.0	1.0
170_H-119	1.0	1.0	-0.0	0.0	1.0
171_H-119	1.0	1.0	-0.0	0.0	1.0
172_H-119	1.0	1.0	-0.0	0.0	1.0
173_H-119	1.0	1.0	-0.0	0.0	1.0
174_H-119	1.0	1.0	-0.0	0.0	1.0
175_H-119	1.0	1.0	-0.0	0.0	1.0
176_H-119	1.0	1.0	-0.0	0.0	1.0
177_H-119	1.0	1.0	-0.0	0.0	1.0
178_H-119	1.0	1.0	-0.0	0.0	1.0
179_H-119	1.0	1.0	-0.0	0.0	1.0
17_H-119	1.0	1.0	-0.0	0.0	1.0
180_H-119	1.0	1.0	-0.0	0.0	1.0
181_H-119	1.0	1.0	-0.0	0.0	1.0
182_H-119	1.0	1.0	-0.0	0.0	1.0
183_H-119	1.0	1.0	-0.0	0.0	1.0
184_H-119	1.0	1.0	-0.0	0.0	1.0
185_H-119	1.0	1.0	-0.0	0.0	1.0
186_H-119	1.0	1.0	-0.0	0.0	1.0
187_H-119	1.0	1.0	-0.0	0.0	1.0
188_H-119	1.0	1.0	-0.0	0.0	1.0
189_H-119	1.0	1.0	-0.0	0.0	1.0
18_H-119	1.0	1.0	-0.0	0.0	1.0
190_H-119	1.0	1.0	-0.0	0.0	1.0
191_H-119	1.0	1.0	-0.0	0.0	1.0
192_H-119	1.0	1.0	-0.0	0.0	1.0
193_H-119	1.0	1.0	-0.0	0.0	1.0
194_H-119	1.0	1.0	-0.0	0.0	1.0
195_H-119	1.0	1.0	-0.0	0.0	1.0
196_H-119	1.0	1.0	-0.0	0.0	1.0
197_H-119	1.0	1.0	-0.0	0.0	1.0
198_H-119	1.0	1.0	-0.0	0.0	1.0
199_H-119	1.0	1.0	-0.0	0.0	1.0
19_H-119	1.0	1.0	-0.0	0.0	1.0
1_H-119	1.0	1.0	-0.0	0.0	1.0
200_H-119	1.0	1.0	-0.0	0.0	1.0
201_H-119	1.0	1.0	-0.0	0.0	1.0
202_H-119	1.0	1.0	-0.0	0.0	1.0
203_H-119	1.0	1.0	-0.0	0.0	1.0
204_H-119	1.0	1.0	-0.0	0.0	1.0
205_H-119	1.0	1.0	-0.0	0.0	1.0
206_H-119	1.0	1.0	-0.0	0.0	1.0
207_H-119	1.0	1.0	-0.0	0.0	1.0
208_H-119	1.0	1.0	-0.0	0.0	1.0
209_H-119	1.0	1.0	-0.0	0.0	1.0
20_H-119	1.0	1.0	-0.0	0.0	1.0
210_H-119	1.0	1.0	-0.0	0.0	1.0
211_H-119	1.0	1.0	-0.0	0.0	1.0
212_H-119	1.0	1.0	-0.0	0.0	1.0
213_H-119	1.0	1.0	-0.0	0.0	1.0
214_H-119	1.0	1.0	-0.0	0.0	1.0
215_H-119	1.0	1.0	-0.0	0.0	1.0
216_H-119	1.0	1.0	-0.0	0.0	1.0
217_H-119	1.0	1.0	-0.0	0.0	1.0
218_H-119	1.0	1.0	-0.0	0.0	1.0
219_H-119	1.0	1.0	-0.0	0.0	1.0
21_H-119	1.0	1.0	-0.0	0.0	1.0
220_H-119	1.0	1.0	-0.0	0.0	1.0
221_H-119	1.0	1.0	-0.0	0.0	1.0
222_H-119	1.0	1.0	-0.0	0.0	1.0
223_H-119	1.0	1.0	-0.0	0.0	1.0
224_H-119	1.0	1.0	-0.0	0.0	1.0
225_H-119	1.0	1.0	-0.0	0.0	1.0
226_H-119	1.0	1.0	-0.0	0.0	1.0
227_H-119	1.0	1.0	-0.0	0.0	1.0
228_H-119	1.0	1.0	-0.0	0.0	1.0
229_H-119	1.0	1.0	-0.0	0.0	1.0
22_H-119	1.0	1.0	-0.0	0.0	1.0
230_H-119	1.0	1.0	-0.0	0.0	1.0
231_H-119	1.0	1.0	-0.0	0.0	1.0
232_H-119	1.0	1.0	-0.0	0.0	1.0
233_H-119	1.0	1.0	-0.0	0.0	1.0
234_H-119	1.0	1.0	-0.0	0.0	1.0
235_H-119	1.0	1.0	-0.0	0.0	1.0
236_H-119	1.0	1.0	-0.0	0.0	1.0
237_H-119	1.0	1.0	-0.0	0.0	1.0
238_H-119	1.0	1.0	-0.0	0.0	1.0
239_H-119	1.0	1.0	-0.0	0.0	1.0
23_H-119	1.0	1.0	-0.0	0.0	1.0
240_H-119	1.0	1.0	-0.0	0.0	1.0
241_H-119	1.0	1.0	-0.0	0.0	1.0
242_H-119	1.0	1.0	-0.0	0.0	1.0
243_H-119	1.0	1.0	-0.0	0.0	1.0
244_H-119	1.0	1.0	-0.0	0.0	1.0
245_H-119	1.0	1.0	-0.0	0.0	1.0
246_H-119	1.0	1.0	-0.0	0.0	1.0
247_H-119	1.0	1.0	-0.0	0.0	1.0
248_H-119	1.0	1.0	-0.0	0.0	1.0
249_H-119	1.0	1.0	-0.0	0.0	1.0
24_H-119	1.0	1.0	-0.0	0.0	1.0
250_H-119	1.0	1.0	-0.0	0.0	1.0
251_H-119	1.0	1.0	-0.0	0.0	1.0
252_H-119	1.0	1.0	-0.0	0.0	1.0
253_H-119	1.0	1.0	-0.0	0.0	1.0
254_H-119	1.0	1.0	-0.0	0.0	1.0
255_H-119	1.0	1.0	-0.0	0.0	1.0
256_H-119	1.0	1.0	-0.0	0.0	1.0
257_H-119	1.0	1.0	-0.0	0.0	1.0
258_H-119	1.0	1.0	-0.0	0.0	1.0
259_H-119	1.0	1.0	-0.0	0.0	1.0
25_H-119	1.0	1.0	-0.0	0.0	1.0
260_H-119	1.0	1.0	-0.0	0.0	1.0
261_H-119	1.0	1.0	-0.0	0.0	1.0
262_H-119	1.0	1.0	-0.0	0.0	1.0
263_H-119	1.0	1.0	-0.0	0.0	1.0
264_H-119	1.0	1.0	-0.0	0.0	1.0
265_H-119	1.0	1.0	-0.0	0.0	1.0
266_H-119	1.0	1.0	-0.0	0.0	1.0
267_H-119	1.0	1.0	-0.0	0.0	1.0
268_H-119	1.0	1.0	-0.0	0.0	1.0
269_H-119	1.0	1.0	-0.0	0.0	1.0
26_H-119	1.0	1.0	-0.0	0.0	1.0
270_H-119	1.0	1.0	-0.0	0.0	1.0
271_H-119	1.0	1.0	-0.0	0.0	1.0
272_H-119	1.0	1.0	-0.0	0.0	1.0
273_H-119	1.0	1.0	-0.0	0.0	1.0
274_H-119	1.0	1.0	-0.0	0.0	1.0
275_H-119	1.0	1.0	-0.0	0.0	1.0
276_H-119	1.0	1.0	-0.0	0.0	1.0
277_H-119	1.0	1.0	-0.0	0.0	1.0
278_H-119	1.0	1.0	-0.0	0.0	1.0
279_H-119	1.0	1.0	-0.0	0.0	1.0
27_H-119	1.0	1.0	-0.0	0.0	1.0
280_H-119	1.0	1.0	-0.0	0.0	1.0
281_H-119	1.0	1.0	-0.0	0.0	1.0
282_H-119	1.0	1.0	-0.0	0.0	1.0
283_H-119	1.0	1.0	-0.0	0.0	1.0
284_H-119	1.0	1.0	-0.0	0.0	1.0
285_H-119	1.0	1.0	-0.0	0.0	1.0
286_H-119	1.0	1.0	-0.0	0.0	1.0
287_H-119	1.0	1.0	-0.0	0.0	1.0
288_H-119	1.0	1.0	-0.0	0.0	1.0
289_H-119	1.0	1.0	-0.0	0.0	1.0
28_H-119	1.0	1.0	-0.0	0.0	1.0
290_H-119	1.0	1.0	-0.0	0.0	1.0
291_H-119	1.0	1.0	-0.0	0.0	1.0
292_H-119	1.0	1.0	-0.0	0.0	1.0
293_H-119	1.0	1.0	-0.0	0.0	1.0
294_H-119	1.0	1.0	-0.0	0.0	1.0
295_H-119	1.0	1.0	-0.0	0.0	1.0
296_H-119	1.0	1.0	-0.0	0.0	1.0
297_H-119	1.0	1.0	-0.0	0.0	1.0
298_H-119	1.0	1.0	-0.0	0.0	1.0
299_H-119	1.0	1.0	-0.0	0.0	1.0
29_H-119	1.0	1.0	-0.0	0.0	1.0
2_H-119	1.0	1.0	-0.0	0.0	1.0
300_H-119	1.0	1.0	-0.0	0.0	1.0
301_H-119	1.0	1.0	-0.0	0.0	1.0
302_H-119	1.0	1.0	-0.0	0.0	1.0
303_H-119	1.0	1.0	-0.0	0.0	1.0
304_H-119	1.0	1.0	-0.0	0.0	1.0
305_H-119	1.0	1.0	-0.0	0.0	1.0
306_H-119	1.0	1.0	-0.0	0.0	1.0
307_H-119	1.0	1.0	-0.0	0.0	1.0
308_H-119	1.0	1.0	-0.0	0.0	1.0
309_H-119	1.0	1.0	-0.0	0.0	1.0
30_H-119	1.0	1.0	-0.0	0.0	1.0
310_H-119	1.0	1.0	-0.0	0.0	1.0
311_H-119	1.0	1.0	-0.0	0.0	1.0
312_H-119	1.0	1.0	-0.0	0.0	1.0
313_H-119	1.0	1.0	-0.0	0.0	1.0
314_H-119	1.0	1.0	-0.0	0.0	1.0
315_H-119	1.0	1.0	-0.0	0.0	1.0
316_H-119	1.0	1.0	-0.0	0.0	1.0
317_H-119	1.0	1.0	-0.0	0.0	1.0
318_H-119	1.0	1.0	-0.0	0.0	1.0
319_H-119	1.0	1.0	-0.0	0.0	1.0
31_H-119	1.0	1.0	-0.0	0.0	1.0
320_H-119	1.0	1.0	-0.0	0.0	1.0
321_H-119	1.0	1.0	-0.0	0.0	1.0
322_H-119	1.0	1.0	-0.0	0.0	1.0
323_H-119	1.0	1.0	-0.0	0.0	1.0
324_H-119	1.0	1.0	-0.0	0.0	1.0
325_H-119	1.0	1.0	-0.0	0.0	1.0
326_H-119	1.0	1.0	-0.0	0.0	1.0
327_H-119	1.0	1.0	-0.0	0.0	1.0
328_H-119	1.0	1.0	-0.0	0.0	1.0
329_H-119	1.0	1.0	-0.0	0.0	1.0
32_H-119	1.0	1.0	-0.0	0.0	1.0
330_H-119	1.0	1.0	-0.0	0.0	1.0
331_H-119	1.0	1.0	-0.0	0.0	1.0
332_H-119	1.0	1.0	-0.0	0.0	1.0
333_H-119	1.0	1.0	-0.0	0.0	1.0
334_H-119	1.0	1.0	-0.0	0.0	1.0
335_H-119	1.0	1.0	-0.0	0.0	1.0
336_H-119	1.0	1.0	-0.0	0.0	1.0
337_H-119	1.0	1.0	-0.0	0.0	1.0
338_H-119	1.0	1.0	-0.0	0.0	1.0
339_H-119	1.0	1.0	-0.0	0.0	1.0
33_H-119	1.0	1.0	-0.0	0.0	1.0
340_H-119	1.0	1.0	-0.0	0.0	1.0
341_H-119	1.0	1.0	-0.0	0.0	1.0
342_H-119	1.0	1.0	-0.0	0.0	1.0
343_H-119	1.0	1.0	-0.0	0.0	1.0
344_H-119	1.0	1.0	-0.0	0.0	1.0
345_H-119	1.0	1.0	-0.0	0.0	1.0
346_H-119	1.0	1.0	-0.0	0.0	1.0
347_H-119	1.0	1.0	-0.0	0.0	1.0
348_H-119	1.0	1.0	-0.0	0.0	1.0
349_H-119	1.0	1.0	-0.0	0.0	1.0
34_H-119	1.0	1.0	-0.0	0.0	1.0
350_H-119	1.0	1.0	-0.0	0.0	1.0
351_H-119	1.0	1.0	-0.0	0.0	1.0
352_H-119	1.0	1.0	-0.0	0.0	1.0
353_H-119	1.0	1.0	-0.0	0.0	1.0
354_H-119	1.0	1.0	-0.0	0.0	1.0
355_H-119	1.0	1.0	-0.0	0.0	1.0
356_H-119	1.0	1.0	-0.0	0.0	1.0
357_H-119	1.0	1.0	-0.0	0.0	1.0
358_H-119	1.0	1.0	-0.0	0.0	1.0
359_H-119	1.0	1.0	-0.0	0.0	1.0
35_H-119	1.0	1.0	-0.0	0.0	1.0
360_H-119	1.0	1.0	-0.0	0.0	1.0
361_H-119	1.0	1.0	-0.0	0.0	1.0
362_H-119	1.0	1.0	-0.0	0.0	1.0
363_H-119	1.0	1.0	-0.0	0.0	1.0
364_H-119	1.0	1.0	-0.0	0.0	1.0
365_H-119	1.0	1.0	-0.0	0.0	1.0
366_H-119	1.0	1.0	-0.0	0.0	1.0
367_H-119	1.0	1.0	-0.0	0.0	1.0
368_H-119	1.0	1.0	-0.0	0.0	1.0
369_H-119	1.0	1.0	-0.0	0.0	1.0
36_H-119	1.0	1.0	-0.0	0.0	1.0
370_H-119	1.0	1.0	-0.0	0.0	1.0
371_H-119	1.0	1.0	-0.0	0.0	1.0
372_H-119	1.0	1.0	-0.0	0.0	1.0
373_H-119	1.0	1.0	-0.0	0.0	1.0
374_H-119	1.0	1.0	-0.0	0.0	1.0
375_H-119	1.0	1.0	-0.0	0.0	1.0
376_H-119	1.0	1.0	-0.0	0.0	1.0
377_H-119	1.0	1.0	-0.0	0.0	1.0
378_H-119	1.0	1.0	-0.0	0.0	1.0
379_H-119	1.0	1.0	-0.0	0.0	1.0
37_H-119	1.0	1.0	-0.0	0.0	1.0
380_H-119	1.0	1.0	-0.0	0.0	1.0
381_H-119	1.0	1.0	-0.0	0.0	1.0
382_H-119	1.0	1.0	-0.0	0.0	1.0
383_H-119	1.0	1.0	-0.0	0.0	1.0
384_H-119	1.0	1.0	-0.0	0.0	1.0
385_H-119	1.0	1.0	-0.0	0.0	1.0
386_H-119	1.0	1.0	-0.0	0.0	1.0
387_H-119	1.0	1.0	-0.0	0.0	1.0
388_H-119	1.0	1.0	-0.0	0.0	1.0
389_H-119	1.0	1.0	-0.0	0.0	1.0
38_H-119	1.0	1.0	-0.0	0.0	1.0
390_H-119	1.0	1.0	-0.0	0.0	1.0
391_H-119	1.0	1.0	-0.0	0.0	1.0
392_H-119	1.0	1.0	-0.0	0.0	1.0
393_H-119	1.0	1.0	-0.0	0.0	1.0
394_H-119	1.0	1.0	-0.0	0.0	1.0
395_H-119	1.0	1.0	-0.0	0.0	1.0
396_H-119	1.0	1.0	-0.0	0.0	1.0
397_H-119	1.0	1.0	-0.0	0.0	1.0
398_H-119	1.0	1.0	-0.0	0.0	1.0
399_H-119	1.0	1.0	-0.0	0.0	1.0
39_H-119	1.0	1.0	-0.0	0.0	1.0
3_H-119	1.0	1.0	-0.0	0.0	1.0
400_H-119	1.0	1.0	-0.0	0.0	1.0
401_H-119	1.0	1.0	-0.0	0.0	1.0
402_H-119	1.0	1.0	-0.0	0.0	1.0
403_H-119	1.0	1.0	-0.0	0.0	1.0
404_H-119	1.0	1.0	-0.0	0.0	1.0
405_H-119	1.0	1.0	-0.0	0.0	1.0
406_H-119	1.0	1.0	-0.0	0.0	1.0
407_H-119	1.0	1.0	-0.0	0.0	1.0
408_H-119	1.0	1.0	-0.0	0.0	1.0
409_H-119	1.0	1.0	-0.0	0.0	1.0
40_H-119	1.0	1.0	-0.0	0.0	1.0
410_H-119	1.0	1.0	-0.0	0.0	1.0
411_H-119	1.0	1.0	-0.0	0.0	1.0
412_H-119	1.0	1.0	-0.0	0.0	1.0
413_H-119	1.0	1.0	-0.0	0.0	1.0
414_H-119	1.0	1.0	-0.0	0.0	1.0
415_H-119	1.0	1.0	-0.0	0.0	1.0
416_H-119	1.0	1.0	-0.0	0.0	1.0
417_H-119	1.0	1.0	-0.0	0.0	1.0
418_H-119	1.0	1.0	-0.0	0.0	1.0
419_H-119	1.0	1.0	-0.0	0.0	1.0
41_H-119	1.0	1.0	-0.0	0.0	1.0
420_H-119	1.0	1.0	-0.0	0.0	1.0
421_H-119	1.0	1.0	-0.0	0.0	1.0
422_H-119	1.0	1.0	-0.0	0.0	1.0
423_H-119	1.0	1.0	-0.0	0.0	1.0
424_H-119	1.0	1.0	-0.0	0.0	1.0
425_H-119	1.0	1.0	-0.0	0.0	1.0
426_H-119	1.0	1.0	-0.0	0.0	1.0
427_H-119	1.0	1.0	-0.0	0.0	1.0
428_H-119	1.0	1.0	-0.0	0.0	1.0
429_H-119	1.0	1.0	-0.0	0.0	1.0
42_H-119	1.0	1.0	-0.0	0.0	1.0
430_H-119	1.0	1.0	-0.0	0.0	1.0
431_H-119	1.0	1.0	-0.0	0.0	1.0
432_H-119	1.0	1.0	-0.0	0.0	1.0
433_H-119	1.0	1.0	-0.0	0.0	1.0
434_H-119	1.0	1.0	-0.0	0.0	1.0
435_H-119	1.0	1.0	-0.0	0.0	1.0
436_H-119	1.0	1.0	-0.0	0.0	1.0
437_H-119	1.0	1.0	-0.0	0.0	1.0
438_H-119	1.0	1.0	-0.0	0.0	1.0
439_H-119	1.0	1.0	-0.0	0.0	1.0
43_H-119	1.0	1.0	-0.0	0.0	1.0
440_H-119	1.0	1.0	-0.0	0.0	1.0
441_H-119	1.0	1.0	-0.0	0.0	1.0
442_H-119	1.0	1.0	-0.0	0.0	1.0
443_H-119	1.0	1.0	-0.0	0.0	1.0
444_H-119	1.0	1.0	-0.0	0.0	1.0
445_H-119	1.0	1.0	-0.0	0.0	1.0
446_H-119	1.0	1.0	-0.0	0.0	1.0
447_H-119	1.0	1.0	-0.0	0.0	1.0
448_H-119	1.0	1.0	-0.0	0.0	1.0
449_H-119	1.0	1.0	-0.0	0.0	1.0
44_H-119	1.0	1.0	-0.0	0.0	1.0
450_H-119	1.0	1.0	-0.0	0.0	1.0
451_H-119	1.0	1.0	-0.0	0.0	1.0
452_H-119	1.0	1.0	-0.0	0.0	1.0
453_H-119	1.0	1.0	-0.0	0.0	1.0
454_H-119	1.0	1.0	-0.0	0.0	1.0
455_H-119	1.0	1.0	-0.0	0.0	1.0
456_H-119	1.0	1.0	-0.0	0.0	1.0
457_H-119	1.0	1.0	-0.0	0.0	1.0
458_H-119	1.0	1.0	-0.0	0.0	1.0
459_H-119	1.0	1.0	-0.0	0.0	1.0
45_H-119	1.0	1.0	-0.0	0.0	1.0
460_H-119	1.0	1.0	-0.0	0.0	1.0
461_H-119	1.0	1.0	-0.0	0.0	1.0
462_H-119	1.0	1.0	-0.0	0.0	1.0
463_H-119	1.0	1.0	-0.0	0.0	1.0
464_H-119	1.0	1.0	-0.0	0.0	1.0
465_H-119	1.0	1.0	-0.0	0.0	1.0
466_H-119	1.0	1.0	-0.0	0.0	1.0
467_H-119	1.0	1.0	-0.0	0.0	1.0
468_H-119	1.0	1.0	-0.0	0.0	1.0
469_H-119	1.0	1.0	-0.0	0.0	1.0
46_H-119	1.0	1.0	-0.0	0.0	1.0
470_H-119	1.0	1.0	-0.0	0.0	1.0
471_H-119	1.0	1.0	-0.0	0.0	1.0
472_H-119	1.0	1.0	-0.0	0.0	1.0
473_H-119	1.0	1.0	-0.0	0.0	1.0
474_H-119	1.0	1.0	-0.0	0.0	1.0
475_H-119	1.0	1.0	-0.0	0.0	1.0
476_H-119	1.0	1.0	-0.0	0.0	1.0
477_H-119	1.0	1.0	-0.0	0.0	1.0
478_H-119	1.0	1.0	-0.0	0.0	1.0
479_H-119	1.0	1.0	-0.0	0.0	1.0
47_H-119	1.0	1.0	-0.0	0.0	1.0
480_H-119	1.0	1.0	-0.0	0.0	1.0
481_H-119	1.0	1.0	-0.0	0.0	1.0
482_H-119	1.0	1.0	-0.0	0.0	1.0
483_H-119	1.0	1.0	-0.0	0.0	1.0
484_H-119	1.0	1.0	-0.0	0.0	1.0
485_H-119	1.0	1.0	-0.0	0.0	1.0
486_H-119	1.0	1.0	-0.0	0.0	1.0
487_H-119	1.0	1.0	-0.0	0.0	1.0
488_H-119	1.0	1.0	-0.0	0.0	1.0
489_H-119	1.0	1.0	-0.0	0.0	1.0
48_H-119	1.0	1.0	-0.0	0.0	1.0
490_H-119	1.0	1.0	-0.0	0.0	1.0
491_H-119	1.0	1.0	-0.0	0.0	1.0
492_H-119	1.0	1.0	-0.0	0.0	1.0
493_H-119	1.0	1.0	-0.0	0.0	1.0
494_H-119	1.0	1.0	-0.0	0.0	1.0
495_H-119	1.0	1.0	-0.0	0.0	1.0
496_H-119	1.0	1.0	-0.0	0.0	1.0
497_H-119	1.0	1.0	-0.0	0.0	1.0
498_H-119	1.0	1.0	-0.0	0.0	1.0
499_H-119	1.0	1.0	-0.0	0.0	1.0
49_H-119	1.0	1.0	-0.0	0.0	1.0
4_H-119	1.0	1.0	-0.0	0.0	1.0
500_H-119	1.0	1.0	-0.0	0.0	1.0
501_H-119	1.0	1.0	-0.0	0.0	1.0
502_H-119	1.0	1.0	-0.0	0.0	1.0
503_H-119	1.0	1.0	-0.0	0.0	1.0
504_H-119	1.0	1.0	-0.0	0.0	1.0
505_H-119	1.0	1.0	-0.0	0.0	1.0
506_H-119	1.0	1.0	-0.0	0.0	1.0
507_H-119	1.0	1.0	-0.0	0.0	1.0
508_H-119	1.0	1.0	-0.0	0.0	1.0
509_H-119	1.0	1.0	-0.0	0.0	1.0
50_H-119	1.0	1.0	-0.0	0.0	1.0
510_H-119	1.0	1.0	-0.0	0.0	1.0
511_H-119	1.0	1.0	-0.0	0.0	1.0
512_H-119	1.0	1.0	-0.0	0.0	1.0
513_H-119	1.0	1.0	-0.0	0.0	1.0
514_H-119	1.0	1.0	-0.0	0.0	1.0
515_H-119	1.0	1.0	-0.0	0.0	1.0
516_H-119	1.0	1.0	-0.0	0.0	1.0
517_H-119	1.0	1.0	-0.0	0.0	1.0
518_H-119	1.0	1.0	-0.0	0.0	1.0
519_H-119	1.0	1.0	-0.0	0.0	1.0
51_H-119	1.0	1.0	-0.0	0.0	1.0
520_H-119	1.0	1.0	-0.0	0.0	1.0
521_H-119	1.0	1.0	-0.0	0.0	1.0
522_H-119	1.0	1.0	-0.0	0.0	1.0
523_H-119	1.0	1.0	-0.0	0.0	1.0
524_H-119	1.0	1.0	-0.0	0.0	1.0
525_H-119	1.0	1.0	-0.0	0.0	1.0
526_H-119	1.0	1.0	-0.0	0.0	1.0
527_H-119	1.0	1.0	-0.0	0.0	1.0
528_H-119	1.0	1.0	-0.0	0.0	1.0
529_H-119	1.0	1.0	-0.0	0.0	1.0
52_H-119	1.0	1.0	-0.0	0.0	1.0
530_H-119	1.0	1.0	-0.0	0.0	1.0
531_H-119	1.0	1.0	-0.0	0.0	1.0
532_H-119	1.0	1.0	-0.0	0.0	1.0
533_H-119	1.0	1.0	-0.0	0.0	1.0
534_H-119	1.0	1.0	-0.0	0.0	1.0
535_H-119	1.0	1.0	-0.0	0.0	1.0
536_H-119	1.0	1.0	-0.0	0.0	1.0
537_H-119	1.0	1.0	-0.0	0.0	1.0
538_H-119	1.0	1.0	-0.0	0.0	1.0
539_H-119	1.0	1.0	-0.0	0.0	1.0
53_H-119	1.0	1.0	-0.0	0.0	1.0
540_H-119	1.0	1.0	-0.0	0.0	1.0
541_H-119	1.0	1.0	-0.0	0.0	1.0
542_H-119	1.0	1.0	-0.0	0.0	1.0
543_H-119	1.0	1.0	-0.0	0.0	1.0
544_H-119	1.0	1.0	-0.0	0.0	1.0
545_H-119	1.0	1.0	-0.0	0.0	1.0
546_H-119	1.0	1.0	-0.0	0.0	1.0
547_H-119	1.0	1.0	-0.0	0.0	1.0
548_H-119	1.0	1.0	-0.0	0.0	1.0
549_H-119	1.0	1.0	-0.0	0.0	1.0
54_H-119	1.0	1.0	-0.0	0.0	1.0
550_H-119	1.0	1.0	-0.0	0.0	1.0
551_H-119	1.0	1.0	-0.0	0.0	1.0
552_H-119	1.0	1.0	-0.0	0.0	1.0
553_H-119	1.0	1.0	-0.0	0.0	1.0
554_H-119	1.0	1.0	-0.0	0.0	1.0
555_H-119	1.0	1.0	-0.0	0.0	1.0
556_H-119	1.0	1.0	-0.0	0.0	1.0
557_H-119	1.0	1.0	-0.0	0.0	1.0
558_H-119	1.0	1.0	-0.0	0.0	1.0
559_H-119	1.0	1.0	-0.0	0.0	1.0
55_H-119	1.0	1.0	-0.0	0.0	1.0
560_H-119	1.0	1.0	-0.0	0.0	1.0
561_H-119	1.0	1.0	-0.0	0.0	1.0
562_H-119	1.0	1.0	-0.0	0.0	1.0
563_H-119	1.0	1.0	-0.0	0.0	1.0
564_H-119	1.0	1.0	-0.0	0.0	1.0
565_H-119	1.0	1.0	-0.0	0.0	1.0
566_H-119	1.0	1.0	-0.0	0.0	1.0
567_H-119	1.0	1.0	-0.0	0.0	1.0
568_H-119	1.0	1.0	-0.0	0.0	1.0
569_H-119	1.0	1.0	-0.0	0.0	1.0
56_H-119	1.0	1.0	-0.0	0.0	1.0
570_H-119	1.0	1.0	-0.0	0.0	1.0
571_H-119	1.0	1.0	-0.0	0.0	1.0
572_H-119	1.0	1.0	-0.0	0.0	1.0
573_H-119	1.0	1.0	-0.0	0.0	1.0
574_H-119	1.0	1.0	-0.0	0.0	1.0
575_H-119	1.0	1.0	-0.0	0.0	1.0
576_H-119	1.0	1.0	-0.0	0.0	1.0
577_H-119	1.0	1.0	-0.0	0.0	1.0
578_H-119	1.0	1.0	-0.0	0.0	1.0
579_H-119	1.0	1.0	-0.0	0.0	1.0
57_H-119	1.0	1.0	-0.0	0.0	1.0
580_H-119	1.0	1.0	-0.0	0.0	1.0
581_H-119	1.0	1.0	-0.0	0.0	1.0
582_H-119	1.0	1.0	-0.0	0.0	1.0
583_H-119	1.0	1.0	-0.0	0.0	1.0
584_H-119	1.0	1.0	-0.0	0.0	1.0
585_H-119	1.0	1.0	-0.0	0.0	1.0
586_H-119	1.0	1.0	-0.0	0.0	1.0
587_H-119	1.0	1.0	-0.0	0.0	1.0
588_H-119	1.0	1.0	-0.0	0.0	1.0
589_H-119	1.0	1.0	-0.0	0.0	1.0
58_H-119	1.0	1.0	-0.0	0.0	1.0
590_H-119	1.0	1.0	-0.0	0.0	1.0
591_H-119	1.0	1.0	-0.0	0.0	1.0
592_H-119	1.0	1.0	-0.0	0.0	1.0
593_H-119	1.0	1.0	-0.0	0.0	1.0
594_H-119	1.0	1.0	-0.0	0.0	1.0
595_H-119	1.0	1.0	-0.0	0.0	1.0
596_H-119	1.0	1.0	-0.0	0.0	1.0
597_H-119	1.0	1.0	-0.0	0.0	1.0
598_H-119	1.0	1.0	-0.0	0.0	1.0
599_H-119	1.0	1.0	-0.0	0.0	1.0
59_H-119	1.0	1.0	-0.0	0.0	1.0
5_H-119	1.0	1.0	-0.0	0.0	1.0
600_H-119	1.0	1.0	-0.0	0.0	1.0
601_H-119	1.0	1.0	-0.0	0.0	1.0
602_H-119	1.0	1.0	-0.0	0.0	1.0
603_H-119	1.0	1.0	-0.0	0.0	1.0
604_H-119	1.0	1.0	-0.0	0.0	1.0
605_H-119	1.0	1.0	-0.0	0.0	1.0
606_H-119	1.0	1.0	-0.0	0.0	1.0
607_H-119	1.0	1.0	-0.0	0.0	1.0
608_H-119	1.0	1.0	-0.0	0.0	1.0
609_H-119	1.0	1.0	-0.0	0.0	1.0
60_H-119	1.0	1.0	-0.0	0.0	1.0
610_H-119	1.0	1.0	-0.0	0.0	1.0
611_H-119	1.0	1.0	-0.0	0.0	1.0
612_H-119	1.0	1.0	-0.0	0.0	1.0
613_H-119	1.0	1.0	-0.0	0.0	1.0
614_H-119	1.0	1.0	-0.0	0.0	1.0
615_H-119	1.0	1.0	-0.0	0.0	1.0
616_H-119	1.0	1.0	-0.0	0.0	1.0
617_H-119	1.0	1.0	-0.0	0.0	1.0
618_H-119	1.0	1.0	-0.0	0.0	1.0
619_H-119	1.0	1.0	-0.0	0.0	1.0
61_H-119	1.0	1.0	-0.0	0.0	1.0
620_H-119	1.0	1.0	-0.0	0.0	1.0
621_H-119	1.0	1.0	-0.0	0.0	1.0
622_H-119	1.0	1.0	-0.0	0.0	1.0
623_H-119	1.0	1.0	-0.0	0.0	1.0
624_H-119	1.0	1.0	-0.0	0.0	1.0
625_H-119	1.0	1.0	-0.0	0.0	1.0
626_H-119	1.0	1.0	-0.0	0.0	1.0
627_H-119	1.0	1.0	-0.0	0.0	1.0
628_H-119	1.0	1.0	-0.0	0.0	1.0
629_H-119	1.0	1.0	-0.0	0.0	1.0
62_H-119	1.0	1.0	-0.0	0.0	1.0
630_H-119	1.0	1.0	-0.0	0.0	1.0
631_H-119	1.0	1.0	-0.0	0.0	1.0
632_H-119	1.0	1.0	-0.0	0.0	1.0
633_H-119	1.0	1.0	-0.0	0.0	1.0
634_H-119	1.0	1.0	-0.0	0.0	1.0
635_H-119	1.0	1.0	-0.0	0.0	1.0
636_H-119	1.0	1.0	-0.0	0.0	1.0
637_H-119	1.0	1.0	-0.0	0.0	1.0
638_H-119	1.0	1.0	-0.0	0.0	1.0
639_H-119	1.0	1.0	-0.0	0.0	1.0
63_H-119	1.0	1.0	-0.0	0.0	1.0
640_H-119	1.0	1.0	-0.0	0.0	1.0
641_H-119	1.0	1.0	-0.0	0.0	1.0
642_H-119	1.0	1.0	-0.0	0.0	1.0
643_H-119	1.0	1.0	-0.0	0.0	1.0
644_H-119	1.0	1.0	-0.0	0.0	1.0
645_H-119	1.0	1.0	-0.0	0.0	1.0
646_H-119	1.0	1.0	-0.0	0.0	1.0
647_H-119	1.0	1.0	-0.0	0.0	1.0
648_H-119	1.0	1.0	-0.0	0.0	1.0
649_H-119	1.0	1.0	-0.0	0.0	1.0
64_H-119	1.0	1.0	-0.0	0.0	1.0
650_H-119	1.0	1.0	-0.0	0.0	1.0
651_H-119	1.0	1.0	-0.0	0.0	1.0
652_H-119	1.0	1.0	-0.0	0.0	1.0
653_H-119	1.0	1.0	-0.0	0.0	1.0
654_H-119	1.0	1.0	-0.0	0.0	1.0
655_H-119	1.0	1.0	-0.0	0.0	1.0
656_H-119	1.0	1.0	-0.0	0.0	1.0
657_H-119	1.0	1.0	-0.0	0.0	1.0
658_H-119	1.0	1.0	-0.0	0.0	1.0
659_H-119	1.0	1.0	-0.0	0.0	1.0
65_H-119	1.0	1.0	-0.0	0.0	1.0
660_H-119	1.0	1.0	-0.0	0.0	1.0
661_H-119	1.0	1.0	-0.0	0.0	1.0
662_H-119	1.0	1.0	-0.0	0.0	1.0
663_H-119	1.0	1.0	-0.0	0.0	1.0
664_H-119	1.0	1.0	-0.0	0.0	1.0
665_H-119	1.0	1.0	-0.0	0.0	1.0
666_H-119	1.0	1.0	-0.0	0.0	1.0
667_H-119	1.0	1.0	-0.0	0.0	1.0
668_H-119	1.0	1.0	-0.0	0.0	1.0
669_H-119	1.0	1.0	-0.0	0.0	1.0
66_H-119	1.0	1.0	-0.0	0.0	1.0
670_H-119	1.0	1.0	-0.0	0.0	1.0
671_H-119	1.0	1.0	-0.0	0.0	1.0
672_H-119	1.0	1.0	-0.0	0.0	1.0
673_H-119	1.0	1.0	-0.0	0.0	1.0
674_H-119	1.0	1.0	-0.0	0.0	1.0
675_H-119	1.0	1.0	-0.0	0.0	1.0
676_H-119	1.0	1.0	-0.0	0.0	1.0
677_H-119	1.0	1.0	-0.0	0.0	1.0
678_H-119	1.0	1.0	-0.0	0.0	1.0
679_H-119	1.0	1.0	-0.0	0.0	1.0
67_H-119	1.0	1.0	-0.0	0.0	1.0
680_H-119	1.0	1.0	-0.0	0.0	1.0
681_H-119	1.0	1.0	-0.0	0.0	1.0
682_H-119	1.0	1.0	-0.0	0.0	1.0
683_H-119	1.0	1.0	-0.0	0.0	1.0
684_H-119	1.0	1.0	-0.0	0.0	1.0
685_H-119	1.0	1.0	-0.0	0.0	1.0
686_H-119	1.0	1.0	-0.0	0.0	1.0
687_H-119	1.0	1.0	-0.0	0.0	1.0
688_H-119	1.0	1.0	-0.0	0.0	1.0
689_H-119	1.0	1.0	-0.0	0.0	1.0
68_H-119	1.0	1.0	-0.0	0.0	1.0
690_H-119	1.0	1.0	-0.0	0.0	1.0
691_H-119	1.0	1.0	-0.0	0.0	1.0
692_H-119	1.0	1.0	-0.0	0.0	1.0
693_H-119	1.0	1.0	-0.0	0.0	1.0
694_H-119	1.0	1.0	-0.0	0.0	1.0
695_H-119	1.0	1.0	-0.0	0.0	1.0
696_H-119	1.0	1.0	-0.0	0.0	1.0
697_H-119	1.0	1.0	-0.0	0.0	1.0
698_H-119	1.0	1.0	-0.0	0.0	1.0
699_H-119	1.0	1.0	-0.0	0.0	1.0
69_H-119	1.0	1.0	-0.0	0.0	1.0
6_H-119	1.0	1.0	-0.0	0.0	1.0
700_H-119	1.0	1.0	-0.0	0.0	1.0
701_H-119	1.0	1.0	-0.0	0.0	1.0
702_H-119	1.0	1.0	-0.0	0.0	1.0
703_H-119	1.0	1.0	-0.0	0.0	1.0
704_H-119	1.0	1.0	-0.0	0.0	1.0
705_H-119	1.0	1.0	-0.0	0.0	1.0
706_H-119	1.0	1.0	-0.0	0.0	1.0
707_H-119	1.0	1.0	-0.0	0.0	1.0
708_H-119	1.0	1.0	-0.0	0.0	1.0
709_H-119	1.0	1.0	-0.0	0.0	1.0
70_H-119	1.0	1.0	-0.0	0.0	1.0
710_H-119	1.0	1.0	-0.0	0.0	1.0
711_H-119	1.0	1.0	-0.0	0.0	1.0
712_H-119	1.0	1.0	-0.0	0.0	1.0
713_H-119	1.0	1.0	-0.0	0.0	1.0
714_H-119	1.0	1.0	-0.0	0.0	1.0
715_H-119	1.0	1.0	-0.0	0.0	1.0
716_H-119	1.0	1.0	-0.0	0.0	1.0
717_H-119	1.0	1.0	-0.0	0.0	1.0
718_H-119	1.0	1.0	-0.0	0.0	1.0
719_H-119	1.0	1.0	-0.0	0.0	1.0
71_H-119	1.0	1.0	-0.0	0.0	1.0
720_H-119	1.0	1.0	-0.0	0.0	1.0
721_H-119	1.0	1.0	-0.0	0.0	1.0
722_H-119	1.0	1.0	-0.0	0.0	1.0
723_H-119	1.0	1.0	-0.0	0.0	1.0
724_H-119	1.0	1.0	-0.0	0.0	1.0
725_H-119	1.0	1.0	-0.0	0.0	1.0
726_H-119	1.0	1.0	-0.0	0.0	1.0
727_H-119	1.0	1.0	-0.0	0.0	1.0
728_H-119	1.0	1.0	-0.0	0.0	1.0
729_H-119	1.0	1.0	-0.0	0.0	1.0
72_H-119	1.0	1.0	-0.0	0.0	1.0
730_H-119	1.0	1.0	-0.0	0.0	1.0
731_H-119	1.0	1.0	-0.0	0.0	1.0
732_H-119	1.0	1.0	-0.0	0.0	1.0
733_H-119	1.0	1.0	-0.0	0.0	1.0
734_H-119	1.0	1.0	-0.0	0.0	1.0
735_H-119	1.0	1.0	-0.0	0.0	1.0
736_H-119	1.0	1.0	-0.0	0.0	1.0
737_H-119	1.0	1.0	-0.0	0.0	1.0
738_H-119	1.0	1.0	-0.0	0.0	1.0
739_H-119	1.0	1.0	-0.0	0.0	1.0
73_H-119	1.0	1.0	-0.0	0.0	1.0
740_H-119	1.0	1.0	-0.0	0.0	1.0
741_H-119	1.0	1.0	-0.0	0.0	1.0
742_H-119	1.0	1.0	-0.0	0.0	1.0
743_H-119	1.0	1.0	-0.0	0.0	1.0
744_H-119	1.0	1.0	-0.0	0.0	1.0
745_H-119	1.0	1.0	-0.0	0.0	1.0
746_H-119	1.0	1.0	-0.0	0.0	1.0
747_H-119	1.0	1.0	-0.0	0.0	1.0
748_H-119	1.0	1.0	-0.0	0.0	1.0
749_H-119	1.0	1.0	-0.0	0.0	1.0
74_H-119	1.0	1.0	-0.0	0.0	1.0
750_H-119	1.0	1.0	-0.0	0.0	1.0
751_H-119	1.0	1.0	-0.0	0.0	1.0
752_H-119	1.0	1.0	-0.0	0.0	1.0
753_H-119	1.0	1.0	-0.0	0.0	1.0
754_H-119	1.0	1.0	-0.0	0.0	1.0
755_H-119	1.0	1.0	-0.0	0.0	1.0
756_H-119	1.0	1.0	-0.0	0.0	1.0
757_H-119	1.0	1.0	-0.0	0.0	1.0
758_H-119	1.0	1.0	-0.0	0.0	1.0
759_H-119	1.0	1.0	-0.0	0.0	1.0
75_H-119	1.0	1.0	-0.0	0.0	1.0
760_H-119	1.0	1.0	-0.0	0.0	1.0
761_H-119	1.0	1.0	-0.0	0.0	1.0
762_H-119	1.0	1.0	-0.0	0.0	1.0
763_H-119	1.0	1.0	-0.0	0.0	1.0
764_H-119	1.0	1.0	-0.0	0.0	1.0
765_H-119	1.0	1.0	-0.0	0.0	1.0
766_H-119	1.0	1.0	-0.0	0.0	1.0
767_H-119	1.0	1.0	-0.0	0.0	1.0
768_H-119	1.0	1.0	-0.0	0.0	1.0
769_H-119	1.0	1.0	-0.0	0.0	1.0
76_H-119	1.0	1.0	-0.0	0.0	1.0
770_H-119	1.0	1.0	-0.0	0.0	1.0
771_H-119	1.0	1.0	-0.0	0.0	1.0
772_H-119	1.0	1.0	-0.0	0.0	1.0
773_H-119	1.0	1.0	-0.0	0.0	1.0
774_H-119	1.0	1.0	-0.0	0.0	1.0
775_H-119	1.0	1.0	-0.0	0.0	1.0
776_H-119	1.0	1.0	-0.0	0.0	1.0
777_H-119	1.0	1.0	-0.0	0.0	1.0
778_H-119	1.0	1.0	-0.0	0.0	1.0
779_H-119	1.0	1.0	-0.0	0.0	1.0
77_H-119	1.0	1.0	-0.0	0.0	1.0
780_H-119	1.0	1.0	-0.0	0.0	1.0
781_H-119	1.0	1.0	-0.0	0.0	1.0
782_H-119	1.0	1.0	-0.0	0.0	1.0
783_H-119	1.0	1.0	-0.0	0.0	1.0
784_H-119	1.0	1.0	-0.0	0.0	1.0
785_H-119	1.0	1.0	-0.0	0.0	1.0
786_H-119	1.0	1.0	-0.0	0.0	1.0
787_H-119	1.0	1.0	-0.0	0.0	1.0
788_H-119	1.0	1.0	-0.0	0.0	1.0
789_H-119	1.0	1.0	-0.0	0.0	1.0
78_H-119	1.0	1.0	-0.0	0.0	1.0
790_H-119	1.0	1.0	-0.0	0.0	1.0
791_H-119	1.0	1.0	-0.0	0.0	1.0
792_H-119	1.0	1.0	-0.0	0.0	1.0
793_H-119	1.0	1.0	-0.0	0.0	1.0
794_H-119	1.0	1.0	-0.0	0.0	1.0
795_H-119	1.0	1.0	-0.0	0.0	1.0
796_H-119	1.0	1.0	-0.0	0.0	1.0
797_H-119	1.0	1.0	-0.0	0.0	1.0
798_H-119	1.0	1.0	-0.0	0.0	1.0
799_H-119	1.0	1.0	-0.0	0.0	1.0
79_H-119	1.0	1.0	-0.0	0.0	1.0
7_H-119	1.0	1.0	-0.0	0.0	1.0
800_H-119	1.0	1.0	-0.0	0.0	1.0
801_H-119	1.0	1.0	-0.0	0.0	1.0
802_H-119	1.0	1.0	-0.0	0.0	1.0
803_H-119	1.0	1.0	-0.0	0.0	1.0
804_H-119	1.0	1.0	-0.0	0.0	1.0
805_H-119	1.0	1.0	-0.0	0.0	1.0
806_H-119	1.0	1.0	-0.0	0.0	1.0
807_H-119	1.0	1.0	-0.0	0.0	1.0
808_H-119	1.0	1.0	-0.0	0.0	1.0
809_H-119	1.0	1.0	-0.0	0.0	1.0
80_H-119	1.0	1.0	-0.0	0.0	1.0
810_H-119	1.0	1.0	-0.0	0.0	1.0
811_H-119	1.0	1.0	-0.0	0.0	1.0
812_H-119	1.0	1.0	-0.0	0.0	1.0
813_H-119	1.0	1.0	-0.0	0.0	1.0
814_H-119	1.0	1.0	-0.0	0.0	1.0
815_H-119	1.0	1.0	-0.0	0.0	1.0
816_H-119	1.0	1.0	-0.0	0.0	1.0
817_H-119	1.0	1.0	-0.0	0.0	1.0
818_H-119	1.0	1.0	-0.0	0.0	1.0
819_H-119	1.0	1.0	-0.0	0.0	1.0
81_H-119	1.0	1.0	-0.0	0.0	1.0
820_H-119	1.0	1.0	-0.0	0.0	1.0
821_H-119	1.0	1.0	-0.0	0.0	1.0
822_H-119	1.0	1.0	-0.0	0.0	1.0
823_H-119	1.0	1.0	-0.0	0.0	1.0
824_H-119	1.0	1.0	-0.0	0.0	1.0
825_H-119	1.0	1.0	-0.0	0.0	1.0
826_H-119	1.0	1.0	-0.0	0.0	1.0
827_H-119	1.0	1.0	-0.0	0.0	1.0
828_H-119	1.0	1.0	-0.0	0.0	1.0
829_H-119	1.0	1.0	-0.0	0.0	1.0
82_H-119	1.0	1.0	-0.0	0.0	1.0
830_H-119	1.0	1.0	-0.0	0.0	1.0
831_H-119	1.0	1.0	-0.0	0.0	1.0
832_H-119	1.0	1.0	-0.0	0.0	1.0
833_H-119	1.0	1.0	-0.0	0.0	1.0
834_H-119	1.0	1.0	-0.0	0.0	1.0
835_H-119	1.0	1.0	-0.0	0.0	1.0
836_H-119	1.0	1.0	-0.0	0.0	1.0
837_H-119	1.0	1.0	-0.0	0.0	1.0
838_H-119	1.0	1.0	-0.0	0.0	1.0
839_H-119	1.0	1.0	-0.0	0.0	1.0
83_H-119	1.0	1.0	-0.0	0.0	1.0
840_H-119	1.0	1.0	-0.0	0.0	1.0
841_H-119	1.0	1.0	-0.0	0.0	1.0
842_H-119	1.0	1.0	-0.0	0.0	1.0
843_H-119	1.0	1.0	-0.0	0.0	1.0
844_H-119	1.0	1.0	-0.0	0.0	1.0
845_H-119	1.0	1.0	-0.0	0.0	1.0
846_H-119	1.0	1.0	-0.0	0.0	1.0
847_H-119	1.0	1.0	-0.0	0.0	1.0
848_H-119	1.0	1.0	-0.0	0.0	1.0
849_H-119	1.0	1.0	-0.0	0.0	1.0
84_H-119	1.0	1.0	-0.0	0.0	1.0
850_H-119	1.0	1.0	-0.0	0.0	1.0
851_H-119	1.0	1.0	-0.0	0.0	1.0
852_H-119	1.0	1.0	-0.0	0.0	1.0
853_H-119	1.0	1.0	-0.0	0.0	1.0
854_H-119	1.0	1.0	-0.0	0.0	1.0
855_H-119	1.0	1.0	-0.0	0.0	1.0
856_H-119	1.0	1.0	-0.0	0.0	1.0
857_H-119	1.0	1.0	-0.0	0.0	1.0
858_H-119	1.0	1.0	-0.0	0.0	1.0
859_H-119	1.0	1.0	-0.0	0.0	1.0
85_H-119	1.0	1.0	-0.0	0.0	1.0
860_H-119	1.0	1.0	-0.0	0.0	1.0
861_H-119	1.0	1.0	-0.0	0.0	1.0
862_H-119	1.0	1.0	-0.0	0.0	1.0
863_H-119	1.0	1.0	-0.0	0.0	1.0
864_H-119	1.0	1.0	-0.0	0.0	1.0
865_H-119	1.0	1.0	-0.0	0.0	1.0
866_H-119	1.0	1.0	-0.0	0.0	1.0
867_H-119	1.0	1.0	-0.0	0.0	1.0
868_H-119	1.0	1.0	-0.0	0.0	1.0
869_H-119	1.0	1.0	-0.0	0.0	1.0
86_H-119	1.0	1.0	-0.0	0.0	1.0
870_H-119	1.0	1.0	-0.0	0.0	1.0
871_H-119	1.0	1.0	-0.0	0.0	1.0
872_H-119	1.0	1.0	-0.0	0.0	1.0
873_H-119	1.0	1.0	-0.0	0.0	1.0
874_H-119	1.0	1.0	-0.0	0.0	1.0
875_H-119	1.0	1.0	-0.0	0.0	1.0
876_H-119	1.0	1.0	-0.0	0.0	1.0
877_H-119	1.0	1.0	-0.0	0.0	1.0
878_H-119	1.0	1.0	-0.0	0.0	1.0
879_H-119	1.0	1.0	-0.0	0.0	1.0
87_H-119	1.0	1.0	-0.0	0.0	1.0
880_H-119	1.0	1.0	-0.0	0.0	1.0
881_H-119	1.0	1.0	-0.0	0.0	1.0
882_H-119	1.0	1.0	-0.0	0.0	1.0
883_H-119	1.0	1.0	-0.0	0.0	1.0
884_H-119	1.0	1.0	-0.0	0.0	1.0
885_H-119	1.0	1.0	-0.0	0.0	1.0
886_H-119	1.0	1.0	-0.0	0.0	1.0
887_H-119	1.0	1.0	-0.0	0.0	1.0
888_H-119	1.0	1.0	-0.0	0.0	1.0
889_H-119	1.0	1.0	-0.0	0.0	1.0
88_H-119	1.0	1.0	-0.0	0.0	1.0
890_H-119	1.0	1.0	-0.0	0.0	1.0
891_H-119	1.0	1.0	-0.0	0.0	1.0
892_H-119	1.0	1.0	-0.0	0.0	1.0
893_H-119	1.0	1.0	-0.0	0.0	1.0
894_H-119	1.0	1.0	-0.0	0.0	1.0
895_H-119	1.0	1.0	-0.0	0.0	1.0
896_H-119	1.0	1.0	-0.0	0.0	1.0
897_H-119	1.0	1.0	-0.0	0.0	1.0
898_H-119	1.0	1.0	-0.0	0.0	1.0
899_H-119	1.0	1.0	-0.0	0.0	1.0
89_H-119	1.0	1.0	-0.0	0.0	1.0
8_H-119	1.0	1.0	-0.0	0.0	1.0
900_H-119	1.0	1.0	-0.0	0.0	1.0
901_H-119	1.0	1.0	-0.0	0.0	1.0
902_H-119	1.0	1.0	-0.0	0.0	1.0
903_H-119	1.0	1.0	-0.0	0.0	1.0
904_H-119	1.0	1.0	-0.0	0.0	1.0
905_H-119	1.0	1.0	-0.0	0.0	1.0
906_H-119	1.0	1.0	-0.0	0.0	1.0
907_H-119	1.0	1.0	-0.0	0.0	1.0
908_H-119	1.0	1.0	-0.0	0.0	1.0
909_H-119	1.0	1.0	-0.0	0.0	1.0
90_H-119	1.0	1.0	-0.0	0.0	1.0
910_H-119	1.0	1.0	-0.0	0.0	1.0
911_H-119	1.0	1.0	-0.0	0.0	1.0
912_H-119	1.0	1.0	-0.0	0.0	1.0
913_H-119	1.0	1.0	-0.0	0.0	1.0
914_H-119	1.0	1.0	-0.0	0.0	1.0
915_H-119	1.0	1.0	-0.0	0.0	1.0
916_H-119	1.0	1.0	-0.0	0.0	1.0
917_H-119	1.0	1.0	-0.0	0.0	1.0
918_H-119	1.0	1.0	-0.0	0.0	1.0
919_H-119	1.0	1.0	-0.0	0.0	1.0
91_H-119	1.0	1.0	-0.0	0.0	1.0
920_H-119	1.0	1.0	-0.0	0.0	1.0
921_H-119	1.0	1.0	-0.0	0.0	1.0
922_H-119	1.0	1.0	-0.0	0.0	1.0
923_H-119	1.0	1.0	-0.0	0.0	1.0
924_H-119	1.0	1.0	-0.0	0.0	1.0
925_H-119	1.0	1.0	-0.0	0.0	1.0
926_H-119	1.0	1.0	-0.0	0.0	1.0
927_H-119	1.0	1.0	-0.0	0.0	1.0
928_H-119	1.0	1.0	-0.0	0.0	1.0
929_H-119	1.0	1.0	-0.0	0.0	1.0
92_H-119	1.0	1.0	-0.0	0.0	1.0
930_H-119	1.0	1.0	-0.0	0.0	1.0
931_H-119	1.0	1.0	-0.0	0.0	1.0
932_H-119	1.0	1.0	-0.0	0.0	1.0
933_H-119	1.0	1.0	-0.0	0.0	1.0
934_H-119	1.0	1.0	-0.0	0.0	1.0
935_H-119	1.0	1.0	-0.0	0.0	1.0
936_H-119	1.0	1.0	-0.0	0.0	1.0
937_H-119	1.0	1.0	-0.0	0.0	1.0
938_H-119	1.0	1.0	-0.0	0.0	1.0
939_H-119	1.0	1.0	-0.0	0.0	1.0
93_H-119	1.0	1.0	-0.0	0.0	1.0
940_H-119	1.0	1.0	-0.0	0.0	1.0
941_H-119	1.0	1.0	-0.0	0.0	1.0
942_H-119	1.0	1.0	-0.0	0.0	1.0
943_H-119	1.0	1.0	-0.0	0.0	1.0
944_H-119	1.0	1.0	-0.0	0.0	1.0
945_H-119	1.0	1.0	-0.0	0.0	1.0
946_H-119	1.0	1.0	-0.0	0.0	1.0
947_H-119	1.0	1.0	-0.0	0.0	1.0
948_H-119	1.0	1.0	-0.0	0.0	1.0
949_H-119	1.0	1.0	-0.0	0.0	1.0
94_H-119	1.0	1.0	-0.0	0.0	1.0
950_H-119	1.0	1.0	-0.0	0.0	1.0
951_H-119	1.0	1.0	-0.0	0.0	1.0
952_H-119	1.0	1.0	-0.0	0.0	1.0
953_H-119	1.0	1.0	-0.0	0.0	1.0
954_H-119	1.0	1.0	-0.0	0.0	1.0
955_H-119	1.0	1.0	-0.0	0.0	1.0
956_H-119	1.0	1.0	-0.0	0.0	1.0
957_H-119	1.0	1.0	-0.0	0.0	1.0
958_H-119	1.0	1.0	-0.0	0.0	1.0
959_H-119	1.0	1.0	-0.0	0.0	1.0
95_H-119	1.0	1.0	-0.0	0.0	1.0
960_H-119	1.0	1.0	-0.0	0.0	1.0
961_H-119	1.0	1.0	-0.0	0.0	1.0
962_H-119	1.0	1.0	-0.0	0.0	1.0
963_H-119	1.0	1.0	-0.0	0.0	1.0
964_H-119	1.0	1.0	-0.0	0.0	1.0
965_H-119	1.0	1.0	-0.0	0.0	1.0
966_H-119	1.0	1.0	-0.0	0.0	1.0
967_H-119	1.0	1.0	-0.0	0.0	1.0
968_H-119	1.0	1.0	-0.0	0.0	1.0
969_H-119	1.0	1.0	-0.0	0.0	1.0
96_H-119	1.0	1.0	-0.0	0.0	1.0
970_H-119	1.0	1.0	-0.0	0.0	1.0
971_H-119	1.0	1.0	-0.0	0.0	1.0
972_H-119	1.0	1.0	-0.0	0.0	1.0
973_H-119	1.0	1.0	-0.0	0.0	1.0
974_H-119	1.0	1.0	-0.0	0.0	1.0
975_H-119	1.0	1.0	-0.0	0.0	1.0
976_H-119	1.0	1.0	-0.0	0.0	1.0
977_H-119	1.0	1.0	-0.0	0.0	1.0
978_H-119	1.0	1.0	-0.0	0.0	1.0
979_H-119	1.0	1.0	-0.0	0.0	1.0
97_H-119	1.0	1.0	-0.0	0.0	1.0
980_H-119	1.0	1.0	-0.0	0.0	1.0
981_H-119	1.0	1.0	-0.0	0.0	1.0
982_H-119	1.0	1.0	-0.0	0.0	1.0
983_H-119	1.0	1.0	-0.0	0.0	1.0
984_H-119	1.0	1.0	-0.0	0.0	1.0
985_H-119	1.0	1.0	-0.0	0.0	1.0
986_H-119	1.0	1.0	-0.0	0.0	1.0
987_H-119	1.0	1.0	-0.0	0.0	1.0
988_H-119	1.0	1.0	-0.0	0.0	1.0
989_H-119	1.0	1.0	-0.0	0.0	1.0
98_H-119	1.0	1.0	-0.0	0.0	1.0
990_H-119	1.0	1.0	-0.0	0.0	1.0
991_H-119	1.0	1.0	-0.0	0.0	1.0
992_H-119	1.0	1.0	-0.0	0.0	1.0
993_H-119	1.0	1.0	-0.0	0.0	1.0
994_H-119	1.0	1.0	-0.0	0.0	1.0
995_H-119	1.0	1.0	-0.0	0.0	1.0
996_H-119	1.0	1.0	-0.0	0.0	1.0
997_H-119	1.0	1.0	-0.0	0.0	1.0
998_H-119	1.0	1.0	-0.0	0.0	1.0
999_H-119	1.0	1.0	-0.0	0.0	1.0
99_H-119	1.0	1.0	-0.0	0.0	1.0
9_H-119	1.0	1.0	-0.0	0.0	1.0
