	chao1	observed_otus	shannon	simpson	goods_coverage
1000_H-10	4.0	4.0	1.4761207211492744	0.5828402366863905	0.9615384615384616
100_H-10	2.0	2.0	0.9182958340544894	0.4444444444444444	1.0
101_H-10	4.0	4.0	1.4731864679927211	0.5892857142857143	0.9642857142857143
102_H-10	3.0	3.0	1.1589385323502772	0.48	1.0
103_H-10	3.0	3.0	1.1883763717345073	0.515	0.95
104_H-10	3.0	3.0	1.1766796675107105	0.5311111111111111	0.9666666666666667
105_H-10	2.0	2.0	0.7424875695421236	0.3324099722991689	1.0
106_H-10	4.0	4.0	1.5777993970417767	0.6183115338882283	1.0
107_H-10	3.0	3.0	1.221694907636328	0.5396825396825398	0.9523809523809523
108_H-10	2.0	2.0	0.9509560484549724	0.46639231824417005	1.0
109_H-10	3.0	3.0	1.049398525415911	0.411522633744856	1.0
10_H-10	3.0	3.0	1.1783577099564695	0.530321046373365	0.9655172413793104
110_H-10	4.0	4.0	1.3183076860588139	0.53125	0.975
111_H-10	3.0	3.0	1.1271018129100785	0.507716049382716	0.9722222222222222
112_H-10	2.0	2.0	0.995252549439679	0.4967129291453616	1.0
113_H-10	5.0	5.0	1.7179860227268644	0.6368366285119667	0.967741935483871
114_H-10	4.0	4.0	1.497224320061398	0.5868055555555556	0.9583333333333334
115_H-10	3.0	3.0	1.2699207259892868	0.5469678953626635	1.0
116_H-10	4.0	4.0	1.3050416913014384	0.501953125	0.96875
117_H-10	2.0	2.0	0.7973265101474424	0.3662306777645661	1.0
118_H-10	4.0	4.0	1.4897221636136737	0.5953360768175584	0.962962962962963
119_H-10	3.0	3.0	1.0666152167384504	0.446124763705104	0.9565217391304348
11_H-10	2.0	2.0	0.954434002924965	0.46875	1.0
120_H-10	4.0	4.0	1.4762856555827246	0.5871056241426613	0.962962962962963
121_H-10	4.0	4.0	1.6767370300521327	0.6446280991735538	1.0
122_H-10	3.0	3.0	1.2009102795095283	0.526077097505669	0.9523809523809523
123_H-10	3.0	3.0	1.018424695195087	0.42602040816326525	0.9642857142857143
124_H-10	3.0	3.0	1.2538013905715866	0.5322359396433471	1.0
125_H-10	3.0	3.0	1.1246581201547061	0.4910836762688614	0.962962962962963
126_H-10	3.0	3.0	1.1566766519448637	0.5177777777777778	0.9666666666666667
127_H-10	3.0	3.0	1.1585488318903812	0.5088	0.96
128_H-10	3.0	3.0	1.2987949406953987	0.53125	1.0
129_H-10	4.0	4.0	1.4717374334224664	0.576	0.96
12_H-10	5.0	5.0	1.8053232276070965	0.6597633136094675	0.9615384615384616
130_H-10	4.0	4.0	1.4956321302677145	0.5946745562130178	0.9615384615384616
131_H-10	2.0	2.0	0.9709505944546688	0.48	1.0
132_H-10	5.0	5.0	1.6633513647663405	0.6056191467221643	0.967741935483871
133_H-10	2.0	2.0	0.9656361333706097	0.4763705103969753	1.0
134_H-10	3.0	3.0	1.1779653169582593	0.528061224489796	0.9642857142857143
135_H-10	2.0	2.0	0.9043814577244939	0.4351999999999999	1.0
136_H-10	2.0	2.0	0.9677884628267678	0.4778393351800554	1.0
137_H-10	4.0	4.0	1.3793929556575797	0.5294924554183813	0.962962962962963
138_H-10	3.0	3.0	1.122607968400632	0.44791666666666663	1.0
139_H-10	2.0	2.0	0.9922666387194963	0.4946492271105827	1.0
13_H-10	3.0	3.0	1.297231327577664	0.5596707818930042	1.0
140_H-10	4.0	4.0	1.3731999597495852	0.5326991676575505	0.9655172413793104
141_H-10	4.0	4.0	1.454183254425336	0.5469678953626635	1.0
142_H-10	2.0	2.0	0.8403586716091171	0.39349112426035515	1.0
143_H-10	4.0	4.0	1.5053128791540098	0.6005917159763313	0.9615384615384616
144_H-10	3.0	3.0	1.3304835169703002	0.5729166666666667	1.0
145_H-10	3.0	3.0	1.3779630390761746	0.5872576177285319	1.0
146_H-10	3.0	3.0	1.162578214735809	0.5178571428571429	0.9642857142857143
147_H-10	4.0	4.0	1.5367918955052842	0.5828402366863907	1.0
148_H-10	4.0	4.0	1.24151018873626	0.44800000000000006	0.96
149_H-10	2.0	2.0	0.8812908992306927	0.42000000000000004	1.0
14_H-10	2.0	2.0	0.9182958340544894	0.4444444444444444	1.0
150_H-10	3.0	3.0	1.325784781203331	0.5671077504725898	1.0
151_H-10	4.0	4.0	1.4404272549083053	0.583984375	0.96875
152_H-10	3.0	3.0	1.2555367253996506	0.54	1.0
153_H-10	3.0	3.0	1.2627317300909384	0.548828125	1.0
154_H-10	3.0	3.0	1.1246581201547061	0.4910836762688614	0.962962962962963
155_H-10	2.0	2.0	0.9910760598382222	0.49382716049382713	1.0
156_H-10	3.0	3.0	1.1547717145751626	0.5262345679012346	0.9722222222222222
157_H-10	4.0	4.0	1.5416892248400096	0.6086956521739131	0.9565217391304348
158_H-10	3.0	3.0	1.3420192178195207	0.5743801652892562	1.0
159_H-10	3.0	3.0	1.2474241244334552	0.5326991676575505	1.0
15_H-10	3.0	3.0	1.2555367253996506	0.54	1.0
160_H-10	3.0	3.0	1.325784781203331	0.5671077504725898	1.0
161_H-10	2.0	2.0	0.876716288999464	0.41700960219478733	1.0
162_H-10	2.0	2.0	0.9182958340544894	0.4444444444444444	1.0
163_H-10	3.0	3.0	1.325784781203331	0.5671077504725898	1.0
164_H-10	2.0	2.0	0.9426831892554923	0.4608	1.0
165_H-10	3.0	3.0	1.1941737342569119	0.5123456790123456	1.0
166_H-10	3.0	3.0	1.3235315761100483	0.554016620498615	1.0
167_H-10	3.0	3.0	1.2957378005380122	0.5562130177514792	1.0
168_H-10	3.0	3.0	1.3096910973393818	0.5650887573964498	1.0
169_H-10	4.0	4.0	1.4091467429125177	0.55410225921522	0.9655172413793104
16_H-10	2.0	2.0	0.99498482818597	0.4965277777777779	1.0
170_H-10	3.0	3.0	1.2399234562132122	0.5380622837370242	1.0
171_H-10	3.0	3.0	1.1047909373235627	0.47633136094674555	0.9615384615384616
172_H-10	4.0	4.0	1.4226581667171696	0.5795847750865052	0.9705882352941176
173_H-10	3.0	3.0	1.3366664819166876	0.565	1.0
174_H-10	2.0	2.0	0.9886994082884974	0.4921875	1.0
175_H-10	4.0	4.0	1.5288018145253184	0.5817174515235457	0.9473684210526316
176_H-10	3.0	3.0	1.2604408810349512	0.5452653485952134	1.0
177_H-10	3.0	3.0	1.3127443531093743	0.5532879818594105	1.0
178_H-10	4.0	4.0	1.376721144561037	0.5654174884944116	0.9743589743589743
179_H-10	3.0	3.0	1.1628720819225884	0.527089072543618	0.9696969696969697
17_H-10	3.0	3.0	1.2210477851797181	0.5259515570934256	0.9411764705882353
180_H-10	4.0	4.0	1.4911148500551858	0.5454545454545455	1.0
181_H-10	3.0	3.0	1.2799749139041572	0.5486968449931413	1.0
182_H-10	2.0	2.0	0.9967916319816367	0.49777777777777776	1.0
183_H-10	4.0	4.0	1.2115696121630877	0.4349112426035504	0.9615384615384616
184_H-10	3.0	3.0	1.1211774609034908	0.4801512287334593	0.9565217391304348
185_H-10	4.0	4.0	1.5683182557028437	0.5987654320987654	0.9444444444444444
186_H-10	2.0	2.0	0.9366673818775625	0.45674740484429055	1.0
187_H-10	2.0	2.0	0.9182958340544894	0.4444444444444444	1.0
188_H-10	4.0	4.0	1.4237949406953987	0.5390625	1.0
189_H-10	2.0	2.0	0.9283620723948678	0.451171875	1.0
18_H-10	4.0	4.0	1.4166856206042053	0.5622222222222223	0.9666666666666667
190_H-10	4.0	4.0	1.4091467429125177	0.55410225921522	0.9655172413793104
191_H-10	3.0	3.0	1.0529815751302696	0.4177777777777778	1.0
192_H-10	4.0	4.0	1.3848677387391082	0.5528007346189163	0.9696969696969697
193_H-10	2.0	2.0	0.9509560484549724	0.46639231824417005	1.0
194_H-10	5.0	5.0	1.5304930567574826	0.5212620027434842	0.962962962962963
195_H-10	4.0	4.0	1.5416892248400096	0.6086956521739131	0.9565217391304348
196_H-10	3.0	3.0	1.0971440412695765	0.4917817225509533	0.9743589743589743
197_H-10	2.0	2.0	0.9927744539878083	0.4949999999999999	1.0
198_H-10	3.0	3.0	1.198192411043098	0.5078125	1.0
199_H-10	3.0	3.0	1.2555367253996506	0.54	1.0
19_H-10	3.0	3.0	1.251534532637368	0.5436179981634528	1.0
1_H-10	2.0	2.0	0.775512658133148	0.3526530612244898	1.0
200_H-10	3.0	3.0	1.1730306695573631	0.4828532235939643	1.0
201_H-10	2.0	2.0	0.9656361333706097	0.4763705103969753	1.0
202_H-10	3.0	3.0	1.2285763800288914	0.54421768707483	0.9523809523809523
203_H-10	4.0	4.0	1.4762856555827246	0.5871056241426613	0.962962962962963
204_H-10	3.0	3.0	0.9957220057616336	0.38934802571166216	1.0
205_H-10	3.0	3.0	1.2627317300909384	0.548828125	1.0
206_H-10	3.0	3.0	1.2958363892911637	0.5612244897959184	1.0
207_H-10	2.0	2.0	0.8849636363831529	0.42240587695133147	1.0
208_H-10	4.0	4.0	1.4091467429125177	0.55410225921522	0.9655172413793104
209_H-10	3.0	3.0	1.3108562983864118	0.5631999999999999	1.0
20_H-10	4.0	4.0	1.4061518545101988	0.5414201183431953	0.9615384615384616
210_H-10	2.0	2.0	0.9811522341999134	0.48699271592091564	1.0
211_H-10	2.0	2.0	0.9321115676166747	0.45368620037807184	1.0
212_H-10	5.0	5.0	1.6654328359334565	0.611328125	0.96875
213_H-10	3.0	3.0	1.2197484934607568	0.5413223140495869	0.9545454545454546
214_H-10	2.0	2.0	0.9895875212220555	0.4927999999999999	1.0
215_H-10	2.0	2.0	0.940285958670631	0.4591836734693877	1.0
216_H-10	2.0	2.0	0.8812908992306927	0.42000000000000004	1.0
217_H-10	4.0	4.0	1.4897221636136737	0.5953360768175584	0.962962962962963
218_H-10	4.0	4.0	1.4612516322372207	0.560546875	1.0
219_H-10	3.0	3.0	1.3143204867061786	0.5680473372781064	1.0
21_H-10	2.0	2.0	0.9852281360342515	0.48979591836734704	1.0
220_H-10	3.0	3.0	1.0869877023399053	0.42105263157894746	1.0
221_H-10	4.0	4.0	1.0553532192449846	0.35763888888888895	0.9583333333333334
222_H-10	3.0	3.0	1.1687997226410383	0.5177514792899409	0.9615384615384616
223_H-10	3.0	3.0	1.3609640474436813	0.58	1.0
224_H-10	2.0	2.0	0.9709505944546688	0.48	1.0
225_H-10	3.0	3.0	1.0860486123130382	0.46639231824417016	0.962962962962963
226_H-10	3.0	3.0	1.2170163386123156	0.5136741973840666	1.0
227_H-10	3.0	3.0	1.1566766519448637	0.5177777777777778	0.9666666666666667
228_H-10	5.0	5.0	1.638530469124292	0.5710059171597632	0.9615384615384616
229_H-10	3.0	3.0	1.181899057917561	0.5165289256198347	0.9545454545454546
22_H-10	3.0	3.0	1.2685347577182178	0.5546372819100092	1.0
230_H-10	4.0	4.0	1.4336624542334846	0.5536	0.96
231_H-10	2.0	2.0	0.9871377743721862	0.49111111111111116	1.0
232_H-10	4.0	4.0	1.44740202795371	0.5494276795005203	1.0
233_H-10	4.0	4.0	1.495533579025972	0.5840220385674931	1.0
234_H-10	4.0	4.0	1.4384323354415096	0.5755555555555556	0.9666666666666667
235_H-10	2.0	2.0	0.9828586897127057	0.48816568047337283	1.0
236_H-10	4.0	4.0	1.4565463548075541	0.5790816326530612	0.9642857142857143
237_H-10	3.0	3.0	1.1566766519448637	0.5177777777777778	0.9666666666666667
238_H-10	2.0	2.0	0.9494520153879485	0.46537396121883656	1.0
239_H-10	5.0	5.0	1.6643754494716037	0.6152433425160697	0.9696969696969697
23_H-10	3.0	3.0	1.2177968115985958	0.5055999999999999	1.0
240_H-10	2.0	2.0	0.9975025463691153	0.4982698961937716	1.0
241_H-10	3.0	3.0	1.3058035634787253	0.5651577503429356	1.0
242_H-10	4.0	4.0	1.520426041486378	0.6006944444444444	0.9583333333333334
243_H-10	2.0	2.0	0.9629004147713268	0.47450572320499484	1.0
244_H-10	2.0	2.0	0.9629004147713268	0.47450572320499484	1.0
245_H-10	3.0	3.0	1.288649764535596	0.5413223140495868	1.0
246_H-10	3.0	3.0	1.2197484934607568	0.5413223140495869	0.9545454545454546
247_H-10	2.0	2.0	0.9426831892554923	0.4608	1.0
248_H-10	4.0	4.0	1.3050416913014387	0.501953125	0.96875
249_H-10	5.0	5.0	1.8263137138648349	0.6656	0.96
24_H-10	2.0	2.0	0.9957274520849256	0.4970414201183432	1.0
250_H-10	4.0	4.0	1.4761207211492746	0.5828402366863905	0.9615384615384616
251_H-10	4.0	4.0	1.5204260414863775	0.6006944444444444	0.9583333333333334
252_H-10	3.0	3.0	0.9996551889197437	0.41124260355029596	0.9615384615384616
253_H-10	4.0	4.0	1.5683182557028437	0.5987654320987654	0.9444444444444444
254_H-10	5.0	5.0	1.6892464285091582	0.6155555555555556	0.9666666666666667
255_H-10	5.0	5.0	1.6297237289042423	0.586888657648283	0.967741935483871
256_H-10	3.0	3.0	1.1770225546116342	0.475206611570248	1.0
257_H-10	3.0	3.0	1.2177968115985958	0.5055999999999999	1.0
258_H-10	2.0	2.0	0.9833761901392238	0.4885215794306703	1.0
259_H-10	4.0	4.0	1.3437001611284913	0.5521541950113378	0.9761904761904762
25_H-10	3.0	3.0	1.162578214735809	0.5178571428571429	0.9642857142857143
260_H-10	3.0	3.0	1.198892336661554	0.5044444444444445	1.0
261_H-10	3.0	3.0	1.0994839817876885	0.46875	0.9583333333333334
262_H-10	4.0	4.0	1.509968612636817	0.580498866213152	0.9523809523809523
263_H-10	2.0	2.0	0.7973265101474424	0.3662306777645661	1.0
264_H-10	4.0	4.0	1.3834651896016472	0.5247999999999999	0.96
265_H-10	3.0	3.0	1.3108562983864118	0.5631999999999999	1.0
266_H-10	2.0	2.0	0.9494520153879485	0.46537396121883656	1.0
267_H-10	3.0	3.0	1.2838868242312453	0.5535714285714286	1.0
268_H-10	2.0	2.0	0.9509560484549724	0.46639231824417005	1.0
269_H-10	3.0	3.0	1.0584546687309149	0.45577523413111354	0.967741935483871
26_H-10	2.0	2.0	0.7732266742876345	0.35123966942148765	1.0
270_H-10	3.0	3.0	1.2722595663292235	0.5414201183431954	1.0
271_H-10	4.0	4.0	1.4580741682947516	0.5681632653061225	1.0
272_H-10	4.0	4.0	1.4061579482563447	0.5692041522491349	0.9705882352941176
273_H-10	4.0	4.0	1.3834651896016472	0.5247999999999999	0.96
274_H-10	3.0	3.0	1.2112938253354983	0.5179063360881542	1.0
275_H-10	3.0	3.0	1.0860486123130382	0.46639231824417016	0.962962962962963
276_H-10	4.0	4.0	1.4447470033120826	0.551984877126654	0.9565217391304348
277_H-10	3.0	3.0	1.1047909373235627	0.47633136094674555	0.9615384615384616
278_H-10	2.0	2.0	0.9509560484549724	0.46639231824417005	1.0
279_H-10	4.0	4.0	1.3282531603058012	0.5065398335315101	0.9655172413793104
27_H-10	4.0	4.0	1.490640182568429	0.5784499054820416	0.9565217391304348
280_H-10	4.0	4.0	1.349869837094248	0.5222222222222223	0.9666666666666667
281_H-10	3.0	3.0	1.1657840518150735	0.5034013605442177	0.9523809523809523
282_H-10	3.0	3.0	1.0377724203178629	0.43621399176954734	0.962962962962963
283_H-10	3.0	3.0	1.136477334576122	0.5044444444444445	0.9666666666666667
284_H-10	4.0	4.0	1.5656780552463376	0.5952	1.0
285_H-10	3.0	3.0	1.1515653788493414	0.471938775510204	1.0
286_H-10	4.0	4.0	1.4313076001654326	0.5637755102040816	0.9642857142857143
287_H-10	2.0	2.0	0.9910760598382222	0.49382716049382713	1.0
288_H-10	2.0	2.0	0.9895875212220555	0.4927999999999999	1.0
289_H-10	3.0	3.0	1.0270582666007906	0.40051020408163274	1.0
28_H-10	4.0	4.0	1.4061579482563447	0.5692041522491349	0.9705882352941176
290_H-10	3.0	3.0	1.2639334294856337	0.5536332179930796	0.9411764705882353
291_H-10	3.0	3.0	1.1585488318903812	0.5088	0.96
292_H-10	4.0	4.0	1.5143557466791864	0.591796875	1.0
293_H-10	4.0	4.0	1.5470056993294026	0.6077003121748179	1.0
294_H-10	2.0	2.0	0.9293636260137188	0.4518430439952438	1.0
295_H-10	4.0	4.0	1.5451521971989497	0.5813148788927336	0.9411764705882353
296_H-10	3.0	3.0	1.1246581201547061	0.4910836762688614	0.962962962962963
297_H-10	4.0	4.0	1.367100791169236	0.5449826989619377	0.9705882352941176
298_H-10	2.0	2.0	0.9927744539878083	0.4949999999999999	1.0
299_H-10	2.0	2.0	0.940285958670631	0.4591836734693877	1.0
29_H-10	3.0	3.0	1.1238561897747248	0.48639999999999994	0.96
2_H-10	3.0	3.0	1.018424695195087	0.42602040816326525	0.9642857142857143
300_H-10	3.0	3.0	1.1254908068679137	0.4444444444444444	1.0
301_H-10	3.0	3.0	1.0869877023399053	0.42105263157894746	1.0
302_H-10	2.0	2.0	0.9828586897127057	0.48816568047337283	1.0
303_H-10	4.0	4.0	1.4291526372734094	0.5803489439853076	0.9696969696969697
304_H-10	4.0	4.0	1.654648334118502	0.6322314049586777	1.0
305_H-10	3.0	3.0	1.181899057917561	0.5165289256198347	0.9545454545454546
306_H-10	5.0	5.0	1.7406530503253352	0.6242603550295858	0.9615384615384616
307_H-10	4.0	4.0	1.3544149756186803	0.5118343195266272	0.9615384615384616
308_H-10	4.0	4.0	1.5293835808868543	0.5897740784780023	1.0
309_H-10	3.0	3.0	1.1783043483886713	0.48989298454221175	1.0
30_H-10	3.0	3.0	1.2361602543738117	0.5049999999999999	1.0
310_H-10	3.0	3.0	1.2538013905715866	0.5322359396433471	1.0
311_H-10	4.0	4.0	1.45601179722626	0.5826397146254458	0.9655172413793104
312_H-10	3.0	3.0	1.1496838880149503	0.5112960760998811	0.9655172413793104
313_H-10	2.0	2.0	0.9426831892554923	0.4608	1.0
314_H-10	4.0	4.0	1.6219011889093373	0.6272	1.0
315_H-10	4.0	4.0	1.5273615480899139	0.5671077504725897	1.0
316_H-10	3.0	3.0	1.0949143184120973	0.4387755102040817	1.0
317_H-10	4.0	4.0	1.599627536341357	0.6144	1.0
318_H-10	4.0	4.0	1.4731864679927211	0.5892857142857143	0.9642857142857143
319_H-10	3.0	3.0	1.2408931545490722	0.5327783558792923	1.0
31_H-10	3.0	3.0	1.1829661954675215	0.5247999999999999	0.96
320_H-10	3.0	3.0	1.1791248764739934	0.5075608152531229	1.0
321_H-10	3.0	3.0	1.1608871285452633	0.522372528616025	0.967741935483871
322_H-10	2.0	2.0	0.9182958340544894	0.4444444444444444	1.0
323_H-10	4.0	4.0	1.4984545358221242	0.592	0.96
324_H-10	2.0	2.0	0.9927744539878083	0.4949999999999999	1.0
325_H-10	4.0	4.0	1.45601179722626	0.5826397146254458	0.9655172413793104
326_H-10	3.0	3.0	1.288649764535596	0.5413223140495868	1.0
327_H-10	2.0	2.0	0.99498482818597	0.4965277777777779	1.0
328_H-10	5.0	5.0	1.4744860712379169	0.5299145299145298	0.9743589743589743
329_H-10	4.0	4.0	1.4761207211492744	0.5828402366863905	0.9615384615384616
32_H-10	4.0	4.0	1.4166856206042053	0.5622222222222223	0.9666666666666667
330_H-10	5.0	5.0	1.5692016899005174	0.5433673469387754	0.9642857142857143
331_H-10	3.0	3.0	1.0270582666007906	0.40051020408163274	1.0
332_H-10	4.0	4.0	1.4594705707972524	0.5376	1.0
333_H-10	3.0	3.0	1.2112938253354983	0.5179063360881542	1.0
334_H-10	4.0	4.0	1.644001133304861	0.6354166666666667	1.0
335_H-10	4.0	4.0	1.4384323354415096	0.5755555555555556	0.9666666666666667
336_H-10	4.0	4.0	1.4527936308491303	0.5844444444444444	0.9666666666666667
337_H-10	4.0	4.0	1.3282531603058012	0.5065398335315101	0.9655172413793104
338_H-10	2.0	2.0	0.828055725379504	0.3856332703213612	1.0
339_H-10	4.0	4.0	1.5143029514736246	0.6015999999999999	0.96
33_H-10	3.0	3.0	1.2806721295208872	0.5416666666666666	1.0
340_H-10	4.0	4.0	1.490640182568429	0.5784499054820416	0.9565217391304348
341_H-10	3.0	3.0	1.2309595631140104	0.5244444444444445	0.9333333333333333
342_H-10	4.0	4.0	1.4762856555827246	0.5871056241426612	0.962962962962963
343_H-10	3.0	3.0	1.191603636543317	0.5255198487712666	0.9565217391304348
344_H-10	4.0	4.0	1.4447470033120826	0.551984877126654	0.9565217391304348
345_H-10	5.0	5.0	1.5662106702833498	0.548888888888889	0.9666666666666667
346_H-10	2.0	2.0	0.6098403047164005	0.2550000000000001	1.0
347_H-10	3.0	3.0	0.9518135120401553	0.3951020408163265	0.9714285714285714
348_H-10	5.0	5.0	1.7944684148604482	0.6322314049586777	0.9545454545454546
349_H-10	3.0	3.0	1.2905644329032342	0.5504	1.0
34_H-10	4.0	4.0	1.2901208527411525	0.47633136094674566	0.9615384615384616
350_H-10	3.0	3.0	1.3821022532543101	0.5864197530864197	1.0
351_H-10	3.0	3.0	1.2638091738835462	0.5408163265306123	1.0
352_H-10	3.0	3.0	1.0676111603502403	0.4158790170132327	1.0
353_H-10	3.0	3.0	1.3221793455166666	0.5619834710743802	1.0
354_H-10	2.0	2.0	1.0	0.5	1.0
355_H-10	3.0	3.0	1.04975472279146	0.44708680142687274	0.9655172413793104
356_H-10	4.0	4.0	1.4717374334224664	0.576	0.96
357_H-10	4.0	4.0	1.5537520336447652	0.6040428061831153	1.0
358_H-10	2.0	2.0	0.9709505944546688	0.48	1.0
359_H-10	5.0	5.0	1.7283333718146279	0.6377777777777778	0.9666666666666667
35_H-10	2.0	2.0	0.9927744539878083	0.4949999999999999	1.0
360_H-10	3.0	3.0	1.2832547532764527	0.5577777777777777	1.0
361_H-10	3.0	3.0	1.2399234562132122	0.5380622837370241	1.0
362_H-10	3.0	3.0	1.1700333844140454	0.5266666666666666	0.9666666666666667
363_H-10	2.0	2.0	0.9819407868640977	0.48753462603878117	1.0
364_H-10	3.0	3.0	1.1783043483886713	0.48989298454221175	1.0
365_H-10	5.0	5.0	1.8327230088457285	0.6631944444444445	0.9583333333333334
366_H-10	4.0	4.0	1.4713798685183173	0.5921521997621878	0.9655172413793104
367_H-10	2.0	2.0	0.787126586201269	0.3598615916955018	1.0
368_H-10	3.0	3.0	1.2399234562132122	0.5380622837370241	1.0
369_H-10	3.0	3.0	1.1431558784658322	0.4965277777777778	0.9583333333333334
36_H-10	2.0	2.0	0.9990102708804813	0.4993141289437586	1.0
370_H-10	3.0	3.0	1.2197484934607568	0.5413223140495869	0.9545454545454546
371_H-10	5.0	5.0	1.657328318899993	0.5977777777777779	0.9666666666666667
372_H-10	2.0	2.0	0.9990102708804813	0.4993141289437586	1.0
373_H-10	4.0	4.0	1.4814525526116016	0.5943877551020409	0.9642857142857143
374_H-10	3.0	3.0	1.2722595663292235	0.5414201183431954	1.0
375_H-10	2.0	2.0	0.8524051786494786	0.4012345679012346	1.0
376_H-10	4.0	4.0	1.3848677387391082	0.5528007346189163	0.9696969696969697
377_H-10	4.0	4.0	1.547897627500467	0.6074380165289256	0.9545454545454546
378_H-10	3.0	3.0	1.3096910973393818	0.5650887573964498	1.0
379_H-10	3.0	3.0	1.2475562489182657	0.5390625	1.0
37_H-10	3.0	3.0	1.3108562983864118	0.5631999999999999	1.0
380_H-10	3.0	3.0	1.2538013905715866	0.5322359396433471	1.0
381_H-10	3.0	3.0	1.2958363892911637	0.5612244897959184	1.0
382_H-10	3.0	3.0	1.2838868242312453	0.5535714285714286	1.0
383_H-10	4.0	4.0	1.5416892248400096	0.6086956521739131	0.9565217391304348
384_H-10	4.0	4.0	1.5537520336447652	0.6040428061831153	1.0
385_H-10	4.0	4.0	1.3571967823587614	0.544753086419753	0.9722222222222222
386_H-10	3.0	3.0	1.2555367253996506	0.54	1.0
387_H-10	3.0	3.0	1.2474241244334552	0.5326991676575505	1.0
388_H-10	3.0	3.0	1.181899057917561	0.5165289256198347	0.9545454545454546
389_H-10	4.0	4.0	1.2994835734949235	0.4872448979591837	0.9642857142857143
38_H-10	3.0	3.0	1.1416195253341381	0.5	0.9615384615384616
390_H-10	4.0	4.0	1.3544149756186803	0.5118343195266272	0.9615384615384616
391_H-10	3.0	3.0	1.2076197058875997	0.5191836734693878	1.0
392_H-10	4.0	4.0	1.490640182568429	0.5784499054820416	0.9565217391304348
393_H-10	4.0	4.0	1.4027375677821283	0.560546875	0.96875
394_H-10	2.0	2.0	0.8631205685666311	0.40816326530612246	1.0
395_H-10	3.0	3.0	1.181899057917561	0.5165289256198347	0.9545454545454546
396_H-10	4.0	4.0	1.520426041486378	0.6006944444444444	0.9583333333333334
397_H-10	4.0	4.0	1.5779772001172403	0.6094182825484765	0.9473684210526316
398_H-10	4.0	4.0	1.5293835808868543	0.5897740784780023	1.0
399_H-10	3.0	3.0	1.3221793455166666	0.5619834710743802	1.0
39_H-10	4.0	4.0	1.5143029514736246	0.6015999999999999	0.96
3_H-10	4.0	4.0	1.349869837094248	0.5222222222222223	0.9666666666666667
400_H-10	3.0	3.0	1.2309595631140104	0.5244444444444445	1.0
401_H-10	3.0	3.0	1.1887218755408673	0.48611111111111116	1.0
402_H-10	2.0	2.0	0.9990102708804813	0.4993141289437586	1.0
403_H-10	3.0	3.0	1.2597218324096136	0.5312	1.0
404_H-10	2.0	2.0	0.8497511372532974	0.3995243757431628	1.0
405_H-10	3.0	3.0	1.2597218324096136	0.5312	1.0
406_H-10	3.0	3.0	1.1783577099564695	0.530321046373365	0.9655172413793104
407_H-10	4.0	4.0	1.4027375677821285	0.560546875	0.96875
408_H-10	5.0	5.0	1.587676722972961	0.5639958376690947	0.967741935483871
409_H-10	3.0	3.0	1.2538013905715866	0.5322359396433471	1.0
40_H-10	4.0	4.0	1.4374366326883632	0.5785639958376692	0.967741935483871
410_H-10	4.0	4.0	1.543751954420502	0.595	0.95
411_H-10	4.0	4.0	1.44740202795371	0.5494276795005203	1.0
412_H-10	4.0	4.0	1.447451946839715	0.5848074921956296	0.967741935483871
413_H-10	2.0	2.0	0.9182958340544894	0.4444444444444444	1.0
414_H-10	3.0	3.0	1.3127443531093743	0.5532879818594105	1.0
415_H-10	2.0	2.0	0.9709505944546688	0.48	1.0
416_H-10	4.0	4.0	1.4178160503287283	0.5415224913494809	1.0
417_H-10	4.0	4.0	1.3971096255841837	0.5433673469387756	0.9642857142857143
418_H-10	3.0	3.0	1.0434356963218767	0.4340277777777777	0.9583333333333334
419_H-10	4.0	4.0	1.5002723456084084	0.5617283950617283	0.9444444444444444
41_H-10	3.0	3.0	1.154173392945927	0.5102880658436214	0.962962962962963
420_H-10	2.0	2.0	0.8112781244591328	0.375	1.0
421_H-10	3.0	3.0	1.2722595663292235	0.5414201183431954	1.0
422_H-10	2.0	2.0	0.9811522341999134	0.48699271592091564	1.0
423_H-10	3.0	3.0	1.1783043483886713	0.48989298454221175	1.0
424_H-10	4.0	4.0	1.4135819199522097	0.5381944444444444	0.9583333333333334
425_H-10	3.0	3.0	0.9938972639364227	0.37603305785123975	1.0
426_H-10	4.0	4.0	1.5227119556807573	0.5973534971644612	0.9565217391304348
427_H-10	3.0	3.0	1.288649764535596	0.5413223140495868	1.0
428_H-10	4.0	4.0	1.4341963645051812	0.580078125	0.96875
429_H-10	4.0	4.0	1.6649269142372547	0.6427221172022684	1.0
42_H-10	4.0	4.0	1.5759136532083846	0.609053497942387	1.0
430_H-10	4.0	4.0	1.5293835808868543	0.5897740784780023	1.0
431_H-10	4.0	4.0	1.5306390622295665	0.6015625	1.0
432_H-10	3.0	3.0	1.3143204867061786	0.5680473372781065	1.0
433_H-10	3.0	3.0	1.37928048729106	0.5813148788927336	1.0
434_H-10	4.0	4.0	1.3968436982954158	0.5535900104058272	0.967741935483871
435_H-10	3.0	3.0	1.2088301752949477	0.5368620037807184	0.9565217391304348
436_H-10	3.0	3.0	1.191501106916491	0.5349794238683128	0.962962962962963
437_H-10	4.0	4.0	1.5204260414863775	0.6006944444444444	0.9583333333333334
438_H-10	4.0	4.0	1.497224320061398	0.5868055555555556	0.9583333333333334
439_H-10	3.0	3.0	1.206908425151817	0.5381944444444444	0.9583333333333334
43_H-10	2.0	2.0	0.964078764808229	0.47530864197530853	1.0
440_H-10	3.0	3.0	1.1287997673232604	0.5128205128205128	0.9743589743589743
441_H-10	3.0	3.0	1.2309595631140104	0.5244444444444445	1.0
442_H-10	2.0	2.0	0.9744894033980523	0.482421875	1.0
443_H-10	4.0	4.0	1.5288018145253184	0.5817174515235457	0.9473684210526316
444_H-10	2.0	2.0	0.869137580612638	0.4120707596253901	1.0
445_H-10	5.0	5.0	1.8454372523105547	0.670138888888889	0.9583333333333334
446_H-10	3.0	3.0	1.2112938253354983	0.5179063360881542	1.0
447_H-10	4.0	4.0	1.4206280488944223	0.5681581685744017	0.967741935483871
448_H-10	3.0	3.0	1.1567796494470395	0.4600000000000001	1.0
449_H-10	4.0	4.0	1.4166856206042053	0.5622222222222223	0.9666666666666667
44_H-10	4.0	4.0	1.2319817814011407	0.43213296398891976	0.9473684210526316
450_H-10	3.0	3.0	1.162578214735809	0.5178571428571429	0.9642857142857143
451_H-10	5.0	5.0	1.616552779596357	0.5755555555555556	0.9666666666666667
452_H-10	4.0	4.0	1.4291526372734094	0.5803489439853076	0.9696969696969697
453_H-10	4.0	4.0	1.5143029514736246	0.6015999999999999	0.96
454_H-10	3.0	3.0	1.2905644329032342	0.5504	1.0
455_H-10	5.0	5.0	1.7143778172673263	0.6198979591836735	0.9642857142857143
456_H-10	5.0	5.0	1.6420325746664766	0.6023875114784205	0.9696969696969697
457_H-10	4.0	4.0	1.4717374334224664	0.576	0.96
458_H-10	2.0	2.0	0.876716288999464	0.41700960219478733	1.0
459_H-10	2.0	2.0	0.9871377743721862	0.49111111111111116	1.0
45_H-10	4.0	4.0	1.0884595991813415	0.3758573388203018	0.962962962962963
460_H-10	3.0	3.0	1.0994839817876885	0.46875	0.9583333333333334
461_H-10	2.0	2.0	0.9852281360342515	0.48979591836734704	1.0
462_H-10	2.0	2.0	0.9798687566511527	0.48611111111111105	1.0
463_H-10	2.0	2.0	0.7837769474847011	0.35777777777777775	1.0
464_H-10	2.0	2.0	0.9059282160429994	0.4362244897959183	1.0
465_H-10	3.0	3.0	1.198892336661554	0.5044444444444445	1.0
466_H-10	2.0	2.0	0.6098403047164005	0.2550000000000001	1.0
467_H-10	5.0	5.0	1.6218646468844793	0.603395061728395	0.9722222222222222
468_H-10	3.0	3.0	1.0869877023399053	0.42105263157894746	1.0
469_H-10	4.0	4.0	1.5197284615795617	0.6020761245674741	1.0
46_H-10	4.0	4.0	1.332898595140569	0.5378040762656147	0.9743589743589743
470_H-10	3.0	3.0	1.3689955935892812	0.585	1.0
471_H-10	3.0	3.0	1.1105522511832786	0.45111111111111113	1.0
472_H-10	3.0	3.0	1.1401156785146092	0.46153846153846156	1.0
473_H-10	3.0	3.0	1.2009102795095283	0.526077097505669	0.9523809523809523
474_H-10	4.0	4.0	1.365252913781469	0.5554016620498614	0.9736842105263158
475_H-10	4.0	4.0	1.3447535340397483	0.525390625	0.96875
476_H-10	4.0	4.0	1.4166856206042056	0.5622222222222223	0.9666666666666667
477_H-10	4.0	4.0	1.5526162096608689	0.5994897959183674	1.0
478_H-10	4.0	4.0	1.4713798685183173	0.5921521997621878	0.9655172413793104
479_H-10	3.0	3.0	1.2847772384799288	0.5564803804994054	1.0
47_H-10	3.0	3.0	1.04975472279146	0.44708680142687274	0.9655172413793104
480_H-10	2.0	2.0	0.8554508105601307	0.4032	1.0
481_H-10	2.0	2.0	0.8739810481273579	0.4152249134948096	1.0
482_H-10	2.0	2.0	1.0	0.5	1.0
483_H-10	3.0	3.0	1.284777238479929	0.5564803804994054	1.0
484_H-10	4.0	4.0	1.45601179722626	0.5826397146254458	0.9655172413793104
485_H-10	3.0	3.0	1.1867198445327565	0.5295857988165681	0.9615384615384616
486_H-10	5.0	5.0	1.657328318899993	0.5977777777777779	0.9666666666666667
487_H-10	3.0	3.0	1.2183368243391808	0.5102880658436213	1.0
488_H-10	3.0	3.0	1.301574289281613	0.5519848771266541	1.0
489_H-10	3.0	3.0	1.1608871285452633	0.522372528616025	0.967741935483871
48_H-10	4.0	4.0	1.5473556897883658	0.5925925925925926	1.0
490_H-10	3.0	3.0	1.2957378005380122	0.5562130177514792	1.0
491_H-10	2.0	2.0	0.9182958340544894	0.4444444444444444	1.0
492_H-10	4.0	4.0	1.3605273114437084	0.49307479224376727	0.9473684210526316
493_H-10	3.0	3.0	1.3108562983864118	0.5631999999999999	1.0
494_H-10	4.0	4.0	1.2901208527411523	0.47633136094674555	0.9615384615384616
495_H-10	4.0	4.0	1.57838982472352	0.615	0.95
496_H-10	3.0	3.0	1.0211191885631823	0.4224	0.96
497_H-10	3.0	3.0	1.3085024445205307	0.5590277777777779	1.0
498_H-10	4.0	4.0	1.5198391430437925	0.5909090909090909	0.9545454545454546
499_H-10	2.0	2.0	0.998363672593813	0.4988662131519275	1.0
49_H-10	5.0	5.0	1.7084118211067645	0.6117969821673526	0.962962962962963
4_H-10	4.0	4.0	1.5416892248400096	0.6086956521739131	0.9565217391304348
500_H-10	4.0	4.0	1.6500224216483543	0.6388888888888888	1.0
501_H-10	4.0	4.0	1.4474519468397145	0.5848074921956294	0.967741935483871
502_H-10	4.0	4.0	1.4404272549083053	0.583984375	0.96875
503_H-10	3.0	3.0	1.2538013905715866	0.5322359396433471	1.0
504_H-10	3.0	3.0	1.1752835873133534	0.517361111111111	0.9583333333333334
505_H-10	2.0	2.0	0.9988455359952018	0.4992	1.0
506_H-10	4.0	4.0	1.387291427643771	0.5444444444444445	0.9666666666666667
507_H-10	3.0	3.0	1.1246581201547061	0.4910836762688614	0.962962962962963
508_H-10	2.0	2.0	0.7553754125614287	0.3402646502835538	1.0
509_H-10	2.0	2.0	0.9043814577244939	0.4351999999999999	1.0
50_H-10	4.0	4.0	1.5656780552463376	0.5952	1.0
510_H-10	3.0	3.0	1.2326602568158207	0.537037037037037	0.9444444444444444
511_H-10	4.0	4.0	1.4027375677821283	0.560546875	0.96875
512_H-10	3.0	3.0	1.360964047443681	0.58	1.0
513_H-10	2.0	2.0	0.9852281360342515	0.48979591836734704	1.0
514_H-10	2.0	2.0	0.8904916402194913	0.42603550295857995	1.0
515_H-10	3.0	3.0	1.2957378005380122	0.5562130177514792	0.9230769230769231
516_H-10	4.0	4.0	1.4056607849761658	0.5656565656565657	0.9696969696969697
517_H-10	3.0	3.0	1.2353480179777263	0.5229591836734694	1.0
518_H-10	4.0	4.0	1.4618602772540858	0.5659722222222221	0.9583333333333334
519_H-10	4.0	4.0	1.45601179722626	0.5826397146254458	0.9655172413793104
51_H-10	3.0	3.0	1.2280179245569254	0.5322448979591836	1.0
520_H-10	3.0	3.0	1.2612796872684704	0.5519031141868512	1.0
521_H-10	2.0	2.0	0.9819407868640977	0.48753462603878117	1.0
522_H-10	4.0	4.0	1.4366264796491712	0.5707491082045184	0.9655172413793104
523_H-10	4.0	4.0	1.273009654835499	0.4618055555555556	0.9583333333333334
524_H-10	2.0	2.0	0.9988455359952018	0.4992	1.0
525_H-10	3.0	3.0	0.9996999491704276	0.41617122473246126	0.9655172413793104
526_H-10	3.0	3.0	1.122607968400632	0.44791666666666663	1.0
527_H-10	3.0	3.0	1.3127443531093743	0.5532879818594105	1.0
528_H-10	3.0	3.0	1.2838868242312453	0.5535714285714286	1.0
529_H-10	4.0	4.0	1.4007981836507575	0.5289256198347108	1.0
52_H-10	4.0	4.0	1.5053128791540098	0.6005917159763314	0.9615384615384616
530_H-10	4.0	4.0	1.5416892248400096	0.6086956521739131	0.9565217391304348
531_H-10	3.0	3.0	1.1749946599731704	0.5240054869684498	0.962962962962963
532_H-10	3.0	3.0	1.301574289281613	0.5519848771266541	1.0
533_H-10	4.0	4.0	1.4836164704209902	0.5702393340270551	1.0
534_H-10	4.0	4.0	1.4313076001654326	0.5637755102040816	0.9642857142857143
535_H-10	5.0	5.0	1.617231705376053	0.6127547666009204	0.9743589743589743
536_H-10	5.0	5.0	1.840725770865122	0.661625708884688	0.9565217391304348
537_H-10	3.0	3.0	1.1077843849525173	0.4821428571428571	0.9642857142857143
538_H-10	5.0	5.0	1.6895736566323334	0.6299357208448118	0.9696969696969697
539_H-10	4.0	4.0	1.3321126843581232	0.5293209876543209	0.9722222222222222
53_H-10	4.0	4.0	1.549211124711451	0.6031746031746033	0.9523809523809523
540_H-10	3.0	3.0	1.320924277228159	0.5696	1.0
541_H-10	3.0	3.0	1.2532256180852692	0.5485714285714287	1.0
542_H-10	4.0	4.0	1.4393066372151788	0.5509641873278237	1.0
543_H-10	2.0	2.0	0.9988455359952018	0.4992	1.0
544_H-10	3.0	3.0	0.9780155566622414	0.3806228373702423	0.9411764705882353
545_H-10	5.0	5.0	1.532571382002175	0.54178145087236	0.9696969696969697
546_H-10	3.0	3.0	1.429473298359841	0.6044444444444443	1.0
547_H-10	3.0	3.0	1.2597218324096138	0.5312	1.0
548_H-10	2.0	2.0	0.998363672593813	0.4988662131519275	1.0
549_H-10	2.0	2.0	0.9182958340544894	0.4444444444444444	1.0
54_H-10	3.0	3.0	1.1810386681053249	0.49531737773152973	1.0
550_H-10	3.0	3.0	1.162578214735809	0.5178571428571429	0.9642857142857143
551_H-10	4.0	4.0	1.520426041486378	0.6006944444444444	0.9583333333333334
552_H-10	4.0	4.0	1.5779772001172403	0.6094182825484765	0.9473684210526316
553_H-10	2.0	2.0	0.998363672593813	0.4988662131519275	1.0
554_H-10	2.0	2.0	0.99498482818597	0.4965277777777779	1.0
555_H-10	4.0	4.0	1.3895165834832217	0.5588235294117647	0.9705882352941176
556_H-10	2.0	2.0	0.775512658133148	0.3526530612244898	1.0
557_H-10	4.0	4.0	1.5143029514736246	0.6015999999999999	0.96
558_H-10	3.0	3.0	0.9405662399881732	0.35069444444444453	1.0
559_H-10	3.0	3.0	1.1914106364660724	0.5138504155124654	1.0
55_H-10	3.0	3.0	0.9815912601277262	0.40666666666666673	0.9666666666666667
560_H-10	3.0	3.0	1.136477334576122	0.5044444444444445	0.9666666666666667
561_H-10	2.0	2.0	0.9709505944546688	0.48	1.0
562_H-10	3.0	3.0	1.1628175871855555	0.525390625	0.96875
563_H-10	3.0	3.0	1.2538013905715866	0.5322359396433471	1.0
564_H-10	2.0	2.0	0.998363672593813	0.4988662131519275	1.0
565_H-10	3.0	3.0	1.219240704636849	0.5349999999999999	0.95
566_H-10	4.0	4.0	1.5288018145253184	0.5817174515235457	0.9473684210526316
567_H-10	3.0	3.0	1.3566695198333107	0.580498866213152	1.0
568_H-10	3.0	3.0	1.191603636543317	0.5255198487712666	0.9565217391304348
569_H-10	3.0	3.0	1.2410106928656977	0.5173611111111112	1.0
56_H-10	4.0	4.0	1.4447470033120826	0.551984877126654	0.9565217391304348
570_H-10	2.0	2.0	0.975119064940866	0.48285322359396443	1.0
571_H-10	3.0	3.0	0.9917601481809736	0.395	0.95
572_H-10	3.0	3.0	1.279798638034158	0.5577523413111343	1.0
573_H-10	2.0	2.0	0.9709505944546688	0.48	1.0
574_H-10	4.0	4.0	1.7004448031130073	0.653061224489796	1.0
575_H-10	3.0	3.0	1.2555367253996506	0.54	1.0
576_H-10	2.0	2.0	0.9895875212220555	0.4927999999999999	1.0
577_H-10	3.0	3.0	1.2628839008717192	0.5509641873278237	1.0
578_H-10	5.0	5.0	1.712802599508472	0.6288888888888889	0.9666666666666667
579_H-10	3.0	3.0	1.1981174211304033	0.5	1.0
57_H-10	3.0	3.0	1.1951184583080536	0.49408284023668636	1.0
580_H-10	4.0	4.0	1.490468570732828	0.565	0.95
581_H-10	3.0	3.0	1.2832547532764529	0.5577777777777777	1.0
582_H-10	4.0	4.0	1.373199959749585	0.5326991676575505	0.9655172413793104
583_H-10	3.0	3.0	1.1496838880149503	0.5112960760998811	0.9655172413793104
584_H-10	4.0	4.0	1.45601179722626	0.5826397146254458	0.9655172413793104
585_H-10	2.0	2.0	0.9932338197397066	0.49531737773152973	1.0
586_H-10	2.0	2.0	0.9709505944546688	0.48	1.0
587_H-10	3.0	3.0	1.2597218324096138	0.5312	1.0
588_H-10	4.0	4.0	1.3512274809529559	0.5034722222222223	0.9583333333333334
589_H-10	4.0	4.0	1.3447535340397483	0.525390625	0.96875
58_H-10	2.0	2.0	0.954434002924965	0.46875	1.0
590_H-10	3.0	3.0	1.305803563478725	0.5651577503429356	1.0
591_H-10	2.0	2.0	0.961236604722876	0.47337278106508873	1.0
592_H-10	5.0	5.0	1.9698157824268099	0.6920415224913494	0.9411764705882353
593_H-10	4.0	4.0	1.45601179722626	0.5826397146254458	0.9655172413793104
594_H-10	4.0	4.0	1.4374366326883632	0.5785639958376692	0.967741935483871
595_H-10	5.0	5.0	1.6128805506187889	0.5858585858585859	0.9696969696969697
596_H-10	3.0	3.0	1.1566766519448637	0.5177777777777778	0.9666666666666667
597_H-10	3.0	3.0	1.197477624140946	0.5344	0.96
598_H-10	2.0	2.0	0.9383153522334069	0.4578563995837669	1.0
599_H-10	4.0	4.0	1.4675493083185953	0.5897740784780023	0.9655172413793104
59_H-10	4.0	4.0	1.497224320061398	0.5868055555555556	0.9583333333333334
5_H-10	4.0	3.0	0.9864267287308426	0.37037037037037035	0.7777777777777778
600_H-10	5.0	5.0	1.6128805506187889	0.5858585858585857	0.9696969696969697
601_H-10	3.0	3.0	1.1589385323502772	0.48	0.9333333333333333
602_H-10	2.0	2.0	0.9895875212220555	0.4927999999999999	1.0
603_H-10	4.0	4.0	1.4027375677821283	0.560546875	0.96875
604_H-10	4.0	4.0	1.5628066316931744	0.6133333333333333	1.0
605_H-10	4.0	4.0	1.551653704303917	0.6066666666666667	1.0
606_H-10	3.0	3.0	1.1687997226410383	0.5177514792899409	0.9615384615384616
607_H-10	4.0	4.0	1.3199958387470216	0.4895999999999999	0.96
608_H-10	4.0	4.0	1.5744174271404583	0.6122448979591837	1.0
609_H-10	3.0	3.0	0.8886865525783177	0.3437500000000001	0.9583333333333334
60_H-10	3.0	3.0	1.1873868015167894	0.5322359396433471	0.962962962962963
610_H-10	5.0	5.0	1.6413344445273808	0.6106122448979593	0.9714285714285714
611_H-10	4.0	4.0	1.5759136532083846	0.609053497942387	1.0
612_H-10	2.0	2.0	0.8865408928220898	0.4234404536862004	1.0
613_H-10	3.0	3.0	1.0994839817876885	0.46875	0.9583333333333334
614_H-10	4.0	4.0	1.5800007548758257	0.6213151927437641	0.9523809523809523
615_H-10	4.0	4.0	1.3321126843581232	0.5293209876543209	0.9722222222222222
616_H-10	3.0	3.0	1.2627317300909384	0.548828125	1.0
617_H-10	2.0	2.0	0.964078764808229	0.47530864197530853	1.0
618_H-10	2.0	2.0	0.8366407419411673	0.3911111111111112	1.0
619_H-10	4.0	4.0	1.4713798685183173	0.5921521997621879	0.9655172413793104
61_H-10	3.0	3.0	1.1779653169582593	0.528061224489796	0.9642857142857143
620_H-10	2.0	2.0	0.5916727785823274	0.24489795918367352	1.0
621_H-10	3.0	3.0	1.0606655462587962	0.466759002770083	0.9736842105263158
622_H-10	3.0	3.0	1.2733667511664173	0.5535900104058273	1.0
623_H-10	3.0	3.0	1.1829661954675215	0.5247999999999999	0.96
624_H-10	4.0	4.0	1.4574248814091713	0.5429362880886427	0.9473684210526316
625_H-10	5.0	5.0	1.749033955788108	0.6444708680142688	0.9655172413793104
626_H-10	3.0	3.0	1.162578214735809	0.5178571428571429	0.9642857142857143
627_H-10	2.0	2.0	0.8631205685666311	0.40816326530612246	1.0
628_H-10	3.0	3.0	1.1657840518150733	0.5034013605442177	0.9523809523809523
629_H-10	4.0	4.0	1.5367918955052842	0.5828402366863906	1.0
62_H-10	2.0	2.0	0.6840384356390417	0.2975206611570247	1.0
630_H-10	3.0	3.0	1.1873868015167894	0.5322359396433471	0.962962962962963
631_H-10	2.0	2.0	0.998363672593813	0.4988662131519275	1.0
632_H-10	3.0	3.0	0.9293550115186284	0.3698224852071006	0.9615384615384616
633_H-10	2.0	2.0	0.7382848661434506	0.32986111111111116	1.0
634_H-10	4.0	4.0	1.520426041486378	0.6006944444444444	0.9583333333333334
635_H-10	2.0	2.0	0.9656361333706097	0.4763705103969753	1.0
636_H-10	2.0	2.0	0.8708644692353646	0.4131944444444444	1.0
637_H-10	3.0	3.0	1.162578214735809	0.5178571428571429	0.9642857142857143
638_H-10	3.0	3.0	1.1092271387984605	0.4866666666666667	0.9666666666666667
639_H-10	2.0	2.0	0.9656361333706097	0.4763705103969753	1.0
63_H-10	3.0	3.0	1.320924277228159	0.5696	1.0
640_H-10	3.0	3.0	0.9826032097430671	0.411386593204775	0.9696969696969697
641_H-10	3.0	3.0	1.2072100267448116	0.5330578512396694	0.9545454545454546
642_H-10	3.0	3.0	1.221694907636328	0.5396825396825398	0.9523809523809523
643_H-10	4.0	4.0	1.417173511542627	0.5761245674740485	0.9705882352941176
644_H-10	2.0	2.0	0.9182958340544894	0.4444444444444444	1.0
645_H-10	2.0	2.0	0.9340680553754911	0.45499999999999996	1.0
646_H-10	5.0	5.0	1.9182958340544896	0.6728395061728395	0.9444444444444444
647_H-10	4.0	4.0	1.497224320061398	0.5868055555555556	0.9583333333333334
648_H-10	4.0	4.0	1.4384323354415096	0.5755555555555556	0.9666666666666667
649_H-10	3.0	3.0	1.0270835132283895	0.4389348025711661	0.9696969696969697
64_H-10	2.0	2.0	0.7837769474847011	0.35777777777777775	1.0
650_H-10	4.0	4.0	1.4814525526116016	0.5943877551020409	0.9642857142857143
651_H-10	3.0	3.0	1.206908425151817	0.5381944444444444	0.9583333333333334
652_H-10	3.0	3.0	1.1050139971135324	0.45983379501385035	0.9473684210526316
653_H-10	4.0	4.0	1.2815521534935719	0.5062458908612755	0.9743589743589743
654_H-10	5.0	5.0	1.8030741894285698	0.6527999999999999	0.96
655_H-10	5.0	5.0	1.6431558784658322	0.5659722222222223	0.9583333333333334
656_H-10	3.0	3.0	1.1981174211304033	0.5	1.0
657_H-10	4.0	4.0	1.543751954420502	0.595	0.95
658_H-10	4.0	4.0	1.4404272549083053	0.583984375	0.96875
659_H-10	2.0	2.0	0.9922666387194963	0.4946492271105827	1.0
65_H-10	2.0	2.0	0.961236604722876	0.47337278106508873	1.0
660_H-10	4.0	4.0	1.5546097612655667	0.5777777777777777	0.9333333333333333
661_H-10	4.0	4.0	1.3271459265885772	0.5119667013527576	0.967741935483871
662_H-10	3.0	3.0	1.297231327577664	0.5596707818930042	1.0
663_H-10	2.0	2.0	0.876716288999464	0.41700960219478733	1.0
664_H-10	3.0	3.0	1.3420192178195207	0.5743801652892562	1.0
665_H-10	4.0	4.0	1.3848677387391082	0.5528007346189163	0.9696969696969697
666_H-10	4.0	4.0	1.367100791169236	0.5449826989619377	0.9705882352941176
667_H-10	3.0	3.0	1.1214210312856923	0.4995408631772268	0.9696969696969697
668_H-10	3.0	3.0	1.0529407605626349	0.42592592592592593	0.9444444444444444
669_H-10	4.0	4.0	1.387291427643771	0.5444444444444445	0.9666666666666667
66_H-10	3.0	3.0	1.305803563478725	0.5651577503429356	1.0
670_H-10	3.0	3.0	1.284777238479929	0.5564803804994054	1.0
671_H-10	3.0	3.0	1.198892336661554	0.5044444444444445	1.0
672_H-10	4.0	4.0	1.4206280488944223	0.5681581685744017	0.967741935483871
673_H-10	4.0	4.0	1.5306390622295665	0.6015625	1.0
674_H-10	3.0	3.0	1.2088301752949477	0.5368620037807184	0.9565217391304348
675_H-10	3.0	3.0	1.3420192178195207	0.5743801652892562	1.0
676_H-10	3.0	3.0	1.288649764535596	0.5413223140495868	1.0
677_H-10	3.0	3.0	1.181038668105325	0.4953173777315296	1.0
678_H-10	3.0	3.0	1.3420192178195207	0.5743801652892562	1.0
679_H-10	3.0	3.0	1.2145404077952504	0.5406427221172022	0.9565217391304348
67_H-10	2.0	2.0	0.9819407868640977	0.48753462603878117	1.0
680_H-10	3.0	3.0	1.2410106928656977	0.5173611111111112	1.0
681_H-10	4.0	4.0	1.45601179722626	0.5826397146254458	0.9655172413793104
682_H-10	3.0	3.0	1.1242592373746325	0.49464922711058257	0.9655172413793104
683_H-10	4.0	4.0	1.5367918955052842	0.5828402366863907	1.0
684_H-10	2.0	2.0	0.8739810481273579	0.4152249134948096	1.0
685_H-10	5.0	5.0	1.8814099964358766	0.671201814058957	0.9523809523809523
686_H-10	3.0	3.0	1.0666152167384504	0.446124763705104	0.9565217391304348
687_H-10	4.0	4.0	1.4464643745207935	0.5650887573964498	0.9615384615384616
688_H-10	4.0	4.0	1.3848677387391082	0.5528007346189163	0.9696969696969697
689_H-10	2.0	2.0	0.9656361333706097	0.4763705103969753	1.0
68_H-10	4.0	4.0	1.4536769856038911	0.5733882030178326	0.962962962962963
690_H-10	2.0	2.0	0.930586129131993	0.4526627218934911	1.0
691_H-10	4.0	4.0	1.4341963645051814	0.580078125	0.96875
692_H-10	3.0	3.0	1.2646726793957221	0.5293005671077504	1.0
693_H-10	2.0	2.0	0.976020648236615	0.48347107438016523	1.0
694_H-10	4.0	4.0	1.4762856555827246	0.5871056241426612	0.962962962962963
695_H-10	4.0	4.0	1.4761207211492746	0.5828402366863905	0.9615384615384616
696_H-10	5.0	5.0	1.840725770865122	0.661625708884688	0.9565217391304348
697_H-10	4.0	4.0	1.4215541688301354	0.5541838134430728	0.962962962962963
698_H-10	3.0	3.0	1.1246581201547061	0.4910836762688614	0.962962962962963
699_H-10	2.0	2.0	0.9828586897127057	0.48816568047337283	1.0
69_H-10	2.0	2.0	0.9656361333706097	0.4763705103969753	1.0
6_H-10	2.0	2.0	0.954434002924965	0.46875	1.0
700_H-10	5.0	5.0	1.7406530503253352	0.6242603550295859	0.9615384615384616
701_H-10	2.0	2.0	0.9575534837147484	0.4708680142687277	1.0
702_H-10	3.0	3.0	1.0994839817876885	0.46875	0.9583333333333334
703_H-10	3.0	3.0	1.2389012566026307	0.5207100591715976	1.0
704_H-10	3.0	3.0	1.1965094976219794	0.5103806228373702	1.0
705_H-10	2.0	2.0	0.9852281360342515	0.48979591836734704	1.0
706_H-10	5.0	5.0	1.6027930388928713	0.576171875	0.96875
707_H-10	2.0	2.0	0.9709505944546688	0.48	1.0
708_H-10	5.0	5.0	1.7684044892443944	0.6447187928669411	0.962962962962963
709_H-10	2.0	2.0	0.9366673818775625	0.45674740484429055	1.0
70_H-10	3.0	3.0	1.3328204045850196	0.5536332179930796	1.0
710_H-10	3.0	3.0	1.2847772384799288	0.5564803804994054	1.0
711_H-10	4.0	4.0	1.5723516633085877	0.616780045351474	0.9523809523809523
712_H-10	4.0	4.0	1.4061518545101988	0.5414201183431953	0.9615384615384616
713_H-10	3.0	3.0	1.288649764535596	0.5413223140495868	1.0
714_H-10	2.0	2.0	0.975119064940866	0.48285322359396443	1.0
715_H-10	2.0	2.0	0.8631205685666311	0.40816326530612246	1.0
716_H-10	2.0	2.0	0.930586129131993	0.4526627218934911	1.0
717_H-10	3.0	3.0	1.2722595663292235	0.5414201183431954	1.0
718_H-10	4.0	4.0	1.632935039619369	0.6335999999999999	1.0
719_H-10	4.0	4.0	1.1589845212337104	0.4183142559833507	0.967741935483871
71_H-10	2.0	2.0	0.8554508105601307	0.4032	1.0
720_H-10	3.0	3.0	1.1613784794486992	0.527681660899654	0.9705882352941176
721_H-10	3.0	3.0	1.1856161633204378	0.5331632653061225	0.9642857142857143
722_H-10	4.0	4.0	1.624821327228443	0.6200378071833648	1.0
723_H-10	3.0	3.0	1.0322683996633866	0.4377777777777778	0.9666666666666667
724_H-10	2.0	2.0	0.9596868937742168	0.47231833910034604	1.0
725_H-10	3.0	3.0	1.2389012566026307	0.5207100591715976	1.0
726_H-10	5.0	5.0	1.5365080232231918	0.5369406867845994	0.967741935483871
727_H-10	4.0	4.0	1.406151854510199	0.5414201183431953	0.9615384615384616
728_H-10	2.0	2.0	0.9963165195589622	0.49744897959183676	1.0
729_H-10	5.0	5.0	1.8743968275792586	0.6735537190082646	0.9545454545454546
72_H-10	3.0	3.0	1.290564432903234	0.5504	1.0
730_H-10	5.0	5.0	1.7684044892443944	0.6447187928669411	0.962962962962963
731_H-10	4.0	4.0	1.4366264796491712	0.5707491082045184	0.9655172413793104
732_H-10	3.0	3.0	1.154173392945927	0.5102880658436214	0.962962962962963
733_H-10	4.0	4.0	1.4897221636136737	0.5953360768175584	0.962962962962963
734_H-10	4.0	4.0	1.4056607849761658	0.5656565656565657	0.9696969696969697
735_H-10	3.0	3.0	1.360964047443681	0.58	1.0
736_H-10	3.0	3.0	1.2674438038072338	0.5207756232686981	1.0
737_H-10	3.0	3.0	1.0794391616491377	0.470703125	0.96875
738_H-10	3.0	3.0	1.195540810680632	0.5211183819155265	1.0
739_H-10	2.0	2.0	0.9709505944546688	0.48	1.0
73_H-10	3.0	3.0	1.301574289281613	0.5519848771266541	1.0
740_H-10	4.0	4.0	1.4341963645051812	0.580078125	0.96875
741_H-10	4.0	4.0	1.4762856555827246	0.5871056241426613	0.962962962962963
742_H-10	2.0	2.0	0.8112781244591328	0.375	1.0
743_H-10	3.0	3.0	1.2838868242312453	0.5535714285714286	1.0
744_H-10	3.0	3.0	1.3250112108241774	0.5694444444444444	1.0
745_H-10	3.0	3.0	1.2998037552123043	0.5637755102040816	1.0
746_H-10	3.0	3.0	1.1951184583080539	0.49408284023668636	1.0
747_H-10	4.0	4.0	1.3498698370942477	0.5222222222222224	0.9666666666666667
748_H-10	2.0	2.0	0.9494520153879485	0.46537396121883656	1.0
749_H-10	3.0	3.0	1.1561787304889202	0.5257142857142858	0.9714285714285714
74_H-10	3.0	3.0	1.2389012566026307	0.5207100591715976	1.0
750_H-10	3.0	3.0	1.0794391616491377	0.470703125	0.96875
751_H-10	3.0	3.0	1.3779630390761746	0.5872576177285319	1.0
752_H-10	2.0	2.0	0.9059282160429994	0.4362244897959183	1.0
753_H-10	4.0	4.0	1.326427315856485	0.4993141289437586	0.962962962962963
754_H-10	4.0	4.0	1.4206280488944223	0.5681581685744017	0.967741935483871
755_H-10	2.0	2.0	0.7950402793845223	0.3648	1.0
756_H-10	5.0	5.0	1.6106847396428663	0.608809993425378	0.9743589743589743
757_H-10	4.0	4.0	1.3771905092405703	0.544921875	0.96875
758_H-10	3.0	3.0	1.3250112108241774	0.5694444444444444	1.0
759_H-10	5.0	5.0	1.638530469124292	0.5710059171597632	0.9615384615384616
75_H-10	3.0	3.0	1.2170163386123156	0.5136741973840666	1.0
760_H-10	3.0	3.0	1.2847772384799288	0.5564803804994054	1.0
761_H-10	3.0	3.0	1.0994839817876885	0.46875	0.9583333333333334
762_H-10	2.0	2.0	0.9340680553754911	0.45499999999999996	1.0
763_H-10	3.0	3.0	1.320924277228159	0.5696	1.0
764_H-10	2.0	2.0	0.9957274520849256	0.4970414201183432	1.0
765_H-10	3.0	3.0	1.2638091738835462	0.5408163265306123	1.0
766_H-10	3.0	3.0	1.301574289281613	0.5519848771266541	1.0
767_H-10	4.0	4.0	1.5195563653739033	0.6048	0.96
768_H-10	3.0	3.0	1.1392781631244115	0.5025510204081634	0.9642857142857143
769_H-10	4.0	4.0	1.4956321302677145	0.5946745562130178	0.9615384615384616
76_H-10	3.0	3.0	1.1628175871855555	0.525390625	0.96875
770_H-10	3.0	3.0	1.3108562983864118	0.5631999999999999	1.0
771_H-10	3.0	3.0	1.2183368243391808	0.5102880658436213	1.0
772_H-10	5.0	5.0	1.637875780033049	0.595703125	0.96875
773_H-10	2.0	2.0	0.7918583525674836	0.36281179138322006	1.0
774_H-10	3.0	3.0	1.2838868242312453	0.5535714285714286	1.0
775_H-10	4.0	4.0	1.4291526372734094	0.5803489439853076	0.9696969696969697
776_H-10	3.0	3.0	1.0794391616491377	0.470703125	0.96875
777_H-10	4.0	4.0	1.4717374334224664	0.5759999999999998	0.96
778_H-10	2.0	2.0	0.9275265884316759	0.45061224489795915	1.0
779_H-10	2.0	2.0	0.9886994082884974	0.4921875	1.0
77_H-10	4.0	4.0	1.5216406363433186	0.5816326530612246	1.0
780_H-10	4.0	4.0	1.599627536341357	0.6144	1.0
781_H-10	3.0	3.0	1.3096910973393818	0.5650887573964498	1.0
782_H-10	3.0	3.0	1.206908425151817	0.5381944444444444	0.9583333333333334
783_H-10	4.0	4.0	1.3571967823587614	0.544753086419753	0.9722222222222222
784_H-10	3.0	3.0	1.0270835132283895	0.4389348025711661	0.9696969696969697
785_H-10	4.0	4.0	1.4366264796491712	0.5707491082045184	0.9655172413793104
786_H-10	2.0	2.0	0.9321115676166747	0.45368620037807184	1.0
787_H-10	3.0	3.0	1.4020814027560318	0.5951557093425606	1.0
788_H-10	2.0	2.0	0.8554508105601307	0.4032	1.0
789_H-10	3.0	3.0	1.3058035634787253	0.5651577503429356	1.0
78_H-10	4.0	4.0	1.57838982472352	0.615	0.95
790_H-10	3.0	3.0	1.2921642625537564	0.5612366230677763	1.0
791_H-10	2.0	2.0	0.7219280948873623	0.31999999999999984	1.0
792_H-10	3.0	3.0	1.288649764535596	0.5413223140495868	1.0
793_H-10	4.0	4.0	1.4761207211492746	0.5828402366863905	0.9615384615384616
794_H-10	5.0	5.0	1.7154746521238278	0.6254458977407847	0.9655172413793104
795_H-10	2.0	2.0	0.8631205685666311	0.40816326530612246	1.0
796_H-10	3.0	3.0	1.2733667511664173	0.5535900104058273	1.0
797_H-10	3.0	3.0	1.3420192178195207	0.5743801652892562	1.0
798_H-10	4.0	4.0	1.224606935730505	0.45369406867845985	0.967741935483871
799_H-10	3.0	3.0	1.1047909373235627	0.47633136094674555	0.9615384615384616
79_H-10	4.0	4.0	1.4618602772540858	0.5659722222222221	0.9583333333333334
7_H-10	3.0	3.0	1.2009102795095283	0.526077097505669	0.9523809523809523
800_H-10	3.0	3.0	1.198192411043098	0.5078125	1.0
801_H-10	3.0	3.0	1.2389012566026307	0.5207100591715976	1.0
802_H-10	3.0	3.0	1.221694907636328	0.5396825396825397	0.9523809523809523
803_H-10	4.0	4.0	1.573402452417767	0.6035502958579883	1.0
804_H-10	4.0	4.0	1.4366264796491712	0.5707491082045184	0.9655172413793104
805_H-10	3.0	3.0	1.2998037552123043	0.5637755102040816	1.0
806_H-10	3.0	3.0	1.1635002846457883	0.486328125	1.0
807_H-10	2.0	2.0	0.975119064940866	0.48285322359396443	1.0
808_H-10	5.0	5.0	1.6531650310498742	0.6219135802469136	0.9722222222222222
809_H-10	4.0	4.0	1.531919635975994	0.607638888888889	0.9583333333333334
80_H-10	4.0	4.0	1.4056607849761658	0.5656565656565657	0.9696969696969697
810_H-10	4.0	4.0	1.6143308351592656	0.6272189349112426	1.0
811_H-10	3.0	3.0	1.1585488318903812	0.5088	0.96
812_H-10	3.0	3.0	1.2997367636952524	0.537037037037037	1.0
813_H-10	4.0	4.0	1.6143308351592656	0.6272189349112426	1.0
814_H-10	3.0	3.0	1.2210477851797181	0.5259515570934256	0.9411764705882353
815_H-10	3.0	3.0	1.1077843849525173	0.4821428571428571	0.9642857142857143
816_H-10	3.0	3.0	1.1392781631244115	0.5025510204081634	0.9642857142857143
817_H-10	2.0	2.0	0.9895875212220555	0.4927999999999999	1.0
818_H-10	4.0	4.0	1.4713798685183173	0.5921521997621879	0.9655172413793104
819_H-10	3.0	3.0	1.198892336661554	0.5044444444444445	1.0
81_H-10	4.0	4.0	1.4594705707972524	0.5376	1.0
820_H-10	5.0	5.0	1.7684044892443944	0.6447187928669411	0.962962962962963
821_H-10	3.0	3.0	1.3108562983864118	0.5631999999999999	1.0
822_H-10	4.0	4.0	1.3534215477588594	0.5178571428571428	0.9642857142857143
823_H-10	3.0	3.0	1.325784781203331	0.5671077504725898	1.0
824_H-10	4.0	4.0	1.3917696774357964	0.566358024691358	0.9722222222222222
825_H-10	3.0	3.0	1.2806721295208872	0.5416666666666666	1.0
826_H-10	3.0	3.0	1.3108562983864118	0.5631999999999999	1.0
827_H-10	4.0	4.0	1.5329145639793977	0.5955555555555556	1.0
828_H-10	3.0	3.0	1.1566766519448637	0.5177777777777778	0.9666666666666667
829_H-10	3.0	3.0	1.3609640474436813	0.58	1.0
82_H-10	5.0	5.0	1.539359326700157	0.566732412886259	0.9743589743589743
830_H-10	2.0	2.0	0.9480782435939054	0.46444444444444444	1.0
831_H-10	3.0	3.0	1.2261134199863004	0.525390625	1.0
832_H-10	4.0	4.0	1.644001133304861	0.6354166666666667	1.0
833_H-10	2.0	2.0	0.9182958340544894	0.4444444444444444	1.0
834_H-10	3.0	3.0	0.9815912601277262	0.40666666666666673	0.9666666666666667
835_H-10	3.0	3.0	1.1431558784658322	0.4965277777777778	0.9583333333333334
836_H-10	4.0	4.0	1.391673328623186	0.5632653061224491	0.9714285714285714
837_H-10	4.0	4.0	1.4941800941150334	0.598079561042524	0.962962962962963
838_H-10	2.0	2.0	0.940285958670631	0.4591836734693877	1.0
839_H-10	3.0	3.0	1.219240704636849	0.5349999999999999	0.95
83_H-10	3.0	3.0	1.0994839817876885	0.46875	0.9583333333333334
840_H-10	3.0	3.0	1.1334321011224375	0.505859375	0.96875
841_H-10	2.0	2.0	0.9986359641585719	0.499054820415879	1.0
842_H-10	3.0	3.0	1.3663146570363984	0.5703125	1.0
843_H-10	2.0	2.0	0.9975025463691153	0.4982698961937716	1.0
844_H-10	2.0	2.0	0.8865408928220898	0.4234404536862004	1.0
845_H-10	2.0	2.0	0.7424875695421236	0.3324099722991689	1.0
846_H-10	3.0	3.0	1.197477624140946	0.5344	0.96
847_H-10	3.0	3.0	1.288649764535596	0.5413223140495868	1.0
848_H-10	2.0	2.0	0.9886994082884974	0.4921875	1.0
849_H-10	5.0	5.0	1.8804820237218405	0.665	0.95
84_H-10	4.0	4.0	1.4527936308491303	0.5844444444444444	0.9666666666666667
850_H-10	4.0	4.0	1.4216744278153235	0.572265625	0.96875
851_H-10	4.0	4.0	1.3386996992730573	0.527681660899654	0.9705882352941176
852_H-10	3.0	3.0	1.0961391592565068	0.48301193755739213	0.9696969696969697
853_H-10	3.0	3.0	1.2145404077952504	0.5406427221172022	0.9565217391304348
854_H-10	4.0	4.0	1.5204260414863775	0.6006944444444444	0.9583333333333334
855_H-10	3.0	3.0	1.3058035634787253	0.5651577503429356	1.0
856_H-10	2.0	2.0	1.0	0.5	1.0
857_H-10	3.0	3.0	0.9219280948873624	0.33999999999999986	1.0
858_H-10	4.0	4.0	1.4618602772540858	0.5659722222222221	0.9583333333333334
859_H-10	5.0	5.0	1.685567202024124	0.6087990487514864	0.9655172413793104
85_H-10	2.0	2.0	0.9986359641585719	0.499054820415879	1.0
860_H-10	3.0	3.0	1.1092271387984605	0.4866666666666667	0.9666666666666667
861_H-10	5.0	5.0	1.6297237289042423	0.586888657648283	0.967741935483871
862_H-10	3.0	3.0	1.297231327577664	0.5596707818930042	1.0
863_H-10	4.0	4.0	1.1160762796829877	0.3875739644970414	0.9615384615384616
864_H-10	4.0	4.0	1.3834651896016472	0.5247999999999999	0.96
865_H-10	2.0	2.0	0.9182958340544894	0.4444444444444444	1.0
866_H-10	4.0	4.0	1.5873740598845876	0.6198979591836735	1.0
867_H-10	3.0	3.0	1.198192411043098	0.5078125	1.0
868_H-10	3.0	3.0	1.0577422381270594	0.4467455621301776	0.9615384615384616
869_H-10	2.0	2.0	0.9852281360342515	0.48979591836734704	1.0
86_H-10	4.0	4.0	1.5198391430437925	0.5909090909090909	0.9545454545454546
870_H-10	4.0	4.0	1.5002723456084084	0.5617283950617283	0.9444444444444444
871_H-10	2.0	2.0	0.9828586897127057	0.48816568047337283	1.0
872_H-10	4.0	4.0	1.3541567312836544	0.55375	0.975
873_H-10	3.0	3.0	0.9218339291539107	0.37111111111111106	0.9666666666666667
874_H-10	4.0	4.0	1.3577928209760028	0.5362718089990817	0.9696969696969697
875_H-10	3.0	3.0	1.251534532637368	0.5436179981634528	1.0
876_H-10	5.0	5.0	1.9248240667373948	0.6814404432132964	0.9473684210526316
877_H-10	3.0	3.0	1.2197484934607568	0.5413223140495869	0.9545454545454546
878_H-10	4.0	4.0	1.4762856555827246	0.5871056241426613	0.962962962962963
879_H-10	4.0	4.0	1.5416892248400096	0.6086956521739131	0.9565217391304348
87_H-10	2.0	2.0	0.9340680553754911	0.45499999999999996	1.0
880_H-10	5.0	5.0	1.5799286714839704	0.5829072315558802	0.972972972972973
881_H-10	2.0	2.0	0.9666186325481027	0.4770408163265307	1.0
882_H-10	4.0	4.0	1.520426041486378	0.6006944444444444	0.9583333333333334
883_H-10	5.0	5.0	1.6892464285091582	0.6155555555555556	0.9666666666666667
884_H-10	3.0	3.0	1.2954618442383217	0.54	1.0
885_H-10	3.0	3.0	1.2280179245569254	0.5322448979591836	1.0
886_H-10	4.0	4.0	1.4675493083185953	0.5897740784780023	0.9655172413793104
887_H-10	3.0	3.0	1.2076197058875997	0.5191836734693878	1.0
888_H-10	3.0	3.0	1.297231327577664	0.5596707818930042	1.0
889_H-10	3.0	3.0	1.2838868242312453	0.5535714285714286	1.0
88_H-10	4.0	4.0	1.533107671515576	0.5993756503642039	1.0
890_H-10	3.0	3.0	1.1981174211304033	0.4999999999999999	0.9285714285714286
891_H-10	4.0	4.0	1.836591668108979	0.691358024691358	0.8888888888888888
892_H-10	3.0	3.0	1.181899057917561	0.5165289256198347	0.9545454545454546
893_H-10	4.0	4.0	1.4762856555827246	0.5871056241426613	0.962962962962963
894_H-10	2.0	2.0	0.8812908992306927	0.42000000000000004	1.0
895_H-10	5.0	5.0	1.741915853422345	0.635204081632653	0.9642857142857143
896_H-10	4.0	4.0	1.5873740598845876	0.6198979591836735	1.0
897_H-10	3.0	3.0	1.2685347577182178	0.5546372819100092	1.0
898_H-10	3.0	3.0	0.9917601481809736	0.395	0.95
899_H-10	3.0	3.0	1.1585488318903812	0.5088	0.96
89_H-10	4.0	4.0	1.5947024175446602	0.6200274348422496	1.0
8_H-10	4.0	4.0	1.5617677112802777	0.615702479338843	0.9545454545454546
900_H-10	3.0	3.0	1.0957952550009338	0.4297520661157025	1.0
901_H-10	2.0	2.0	1.0	0.5	1.0
902_H-10	4.0	4.0	1.5470056993294026	0.6077003121748179	1.0
903_H-10	2.0	2.0	0.9182958340544894	0.4444444444444444	1.0
904_H-10	2.0	2.0	0.9886994082884974	0.4921875	1.0
905_H-10	2.0	2.0	0.975119064940866	0.48285322359396443	1.0
906_H-10	3.0	3.0	1.3058035634787253	0.5651577503429356	1.0
907_H-10	2.0	2.0	0.9910760598382222	0.49382716049382713	1.0
908_H-10	2.0	2.0	0.964078764808229	0.47530864197530853	1.0
909_H-10	4.0	4.0	1.4675493083185953	0.5897740784780023	0.9655172413793104
90_H-10	3.0	3.0	1.1660870601063935	0.4913494809688581	0.9411764705882353
910_H-10	3.0	3.0	1.1238561897747248	0.48639999999999994	0.96
911_H-10	2.0	2.0	0.9321115676166747	0.45368620037807184	1.0
912_H-10	2.0	2.0	0.940285958670631	0.4591836734693877	1.0
913_H-10	2.0	2.0	0.9940302114769566	0.49586776859504145	1.0
914_H-10	3.0	3.0	1.2353480179777263	0.5229591836734695	1.0
915_H-10	4.0	4.0	1.5053128791540098	0.6005917159763313	0.9615384615384616
916_H-10	4.0	4.0	1.5759136532083846	0.609053497942387	1.0
917_H-10	4.0	4.0	1.5744174271404583	0.6122448979591837	1.0
918_H-10	3.0	3.0	1.1307380174672108	0.46135552913198563	1.0
919_H-10	3.0	3.0	1.1829661954675215	0.5247999999999999	0.96
91_H-10	3.0	3.0	1.2326602568158207	0.537037037037037	0.9444444444444444
920_H-10	3.0	3.0	1.1702295713931186	0.5286160249739855	0.967741935483871
921_H-10	2.0	2.0	0.954434002924965	0.46875	1.0
922_H-10	3.0	3.0	1.360964047443681	0.58	1.0
923_H-10	5.0	5.0	1.5738709229082128	0.5756172839506172	0.9722222222222222
924_H-10	3.0	3.0	1.2921642625537564	0.5612366230677764	1.0
925_H-10	3.0	3.0	1.2722595663292235	0.5414201183431954	1.0
926_H-10	5.0	5.0	1.6769447629717746	0.5994897959183674	0.9642857142857143
927_H-10	4.0	4.0	1.4366264796491712	0.5707491082045184	0.9655172413793104
928_H-10	3.0	3.0	1.2538013905715866	0.5322359396433471	1.0
929_H-10	3.0	3.0	1.2957378005380122	0.5562130177514792	1.0
92_H-10	4.0	4.0	1.4206280488944223	0.5681581685744017	0.967741935483871
930_H-10	3.0	3.0	1.2326602568158207	0.537037037037037	0.9444444444444444
931_H-10	2.0	2.0	0.9509560484549724	0.46639231824417005	1.0
932_H-10	2.0	2.0	0.876716288999464	0.41700960219478733	1.0
933_H-10	2.0	2.0	0.9182958340544894	0.4444444444444444	1.0
934_H-10	4.0	4.0	1.3015581698260648	0.5108024691358025	0.9722222222222222
935_H-10	2.0	2.0	0.930586129131993	0.4526627218934911	1.0
936_H-10	4.0	4.0	1.4447470033120826	0.551984877126654	0.9565217391304348
937_H-10	2.0	2.0	0.9819407868640977	0.48753462603878117	1.0
938_H-10	3.0	3.0	1.3566695198333107	0.580498866213152	1.0
939_H-10	4.0	4.0	1.5617677112802772	0.615702479338843	0.9545454545454546
93_H-10	3.0	3.0	1.2183368243391808	0.5102880658436213	1.0
940_H-10	4.0	4.0	1.456546354807554	0.5790816326530612	0.9642857142857143
941_H-10	3.0	3.0	1.2261134199863004	0.525390625	1.0
942_H-10	4.0	4.0	1.5301404544057031	0.562358276643991	1.0
943_H-10	3.0	3.0	1.2638091738835462	0.5408163265306123	1.0
944_H-10	4.0	4.0	1.5301404544057031	0.562358276643991	1.0
945_H-10	2.0	2.0	0.9383153522334069	0.4578563995837669	1.0
946_H-10	4.0	4.0	1.4366264796491712	0.5707491082045184	0.9655172413793104
947_H-10	4.0	4.0	1.365810898502716	0.5348595213319458	0.967741935483871
948_H-10	3.0	3.0	1.290564432903234	0.5504	1.0
949_H-10	3.0	3.0	1.3250112108241772	0.5694444444444444	1.0
94_H-10	3.0	3.0	1.2399234562132122	0.5380622837370241	1.0
950_H-10	3.0	3.0	1.1238561897747248	0.48639999999999994	0.96
951_H-10	2.0	2.0	0.930586129131993	0.4526627218934911	1.0
952_H-10	3.0	3.0	1.290564432903234	0.5504	1.0
953_H-10	2.0	2.0	0.9090221560878149	0.43827611395178967	1.0
954_H-10	4.0	4.0	1.4717374334224664	0.5759999999999998	0.96
955_H-10	4.0	4.0	1.5204260414863775	0.6006944444444444	0.9583333333333334
956_H-10	2.0	2.0	0.9059282160429994	0.4362244897959183	1.0
957_H-10	3.0	3.0	1.2309595631140104	0.5244444444444445	1.0
958_H-10	5.0	5.0	1.8814099964358764	0.671201814058957	0.9523809523809523
959_H-10	3.0	3.0	1.130738017467211	0.46135552913198563	1.0
95_H-10	4.0	4.0	1.5053128791540098	0.6005917159763314	0.9615384615384616
960_H-10	4.0	4.0	1.2635442407015733	0.4470868014268726	1.0
961_H-10	4.0	4.0	1.2800199734315578	0.4580498866213152	0.9523809523809523
962_H-10	3.0	3.0	1.3421389558735093	0.5714285714285714	1.0
963_H-10	3.0	3.0	1.1981174211304033	0.4999999999999999	1.0
964_H-10	3.0	3.0	1.2210477851797181	0.5259515570934256	1.0
965_H-10	5.0	5.0	1.6725888313728632	0.6245674740484429	0.9705882352941176
966_H-10	3.0	3.0	1.2309595631140104	0.5244444444444445	1.0
967_H-10	5.0	5.0	1.6394472241320972	0.6179693206720234	0.972972972972973
968_H-10	4.0	4.0	1.4984545358221246	0.592	0.96
969_H-10	3.0	3.0	1.3096910973393818	0.5650887573964498	1.0
96_H-10	4.0	4.0	1.4206280488944223	0.5681581685744017	0.967741935483871
970_H-10	2.0	2.0	0.9182958340544894	0.4444444444444444	1.0
971_H-10	4.0	4.0	1.5216406363433186	0.5816326530612246	1.0
972_H-10	3.0	3.0	1.3127443531093743	0.5532879818594105	1.0
973_H-10	2.0	2.0	0.9971803988942641	0.498046875	1.0
974_H-10	4.0	4.0	1.4124193816482937	0.5763265306122449	0.9714285714285714
975_H-10	2.0	2.0	0.9971803988942641	0.498046875	1.0
976_H-10	2.0	2.0	0.9986359641585719	0.499054820415879	1.0
977_H-10	5.0	5.0	1.5519729180912696	0.5668371073776478	0.972972972972973
978_H-10	4.0	4.0	1.2994835734949235	0.4872448979591836	0.9642857142857143
979_H-10	3.0	3.0	1.1660870601063935	0.491349480968858	1.0
97_H-10	4.0	4.0	1.473186467992721	0.5892857142857143	0.9642857142857143
980_H-10	4.0	4.0	1.6337314206421332	0.6358024691358024	0.9444444444444444
981_H-10	4.0	4.0	1.6087001655198911	0.615916955017301	0.9411764705882353
982_H-10	4.0	4.0	1.3498698370942477	0.5222222222222224	0.9666666666666667
983_H-10	4.0	4.0	1.3834651896016472	0.5247999999999999	0.96
984_H-10	2.0	2.0	0.976020648236615	0.48347107438016523	1.0
985_H-10	3.0	3.0	1.2733667511664173	0.5535900104058273	1.0
986_H-10	3.0	3.0	0.9737837298712215	0.39236111111111116	0.9583333333333334
987_H-10	2.0	2.0	0.9819407868640977	0.48753462603878117	1.0
988_H-10	2.0	2.0	0.9811522341999134	0.48699271592091564	1.0
989_H-10	4.0	4.0	1.4056607849761658	0.5656565656565657	0.9696969696969697
98_H-10	2.0	2.0	0.9709505944546688	0.48	1.0
990_H-10	3.0	3.0	1.0577422381270594	0.4467455621301776	0.9615384615384616
991_H-10	4.0	4.0	1.4366264796491712	0.5707491082045184	0.9655172413793104
992_H-10	3.0	3.0	0.963745994207332	0.38095238095238104	0.9523809523809523
993_H-10	3.0	3.0	1.162578214735809	0.5178571428571429	0.9642857142857143
994_H-10	4.0	4.0	1.4091467429125177	0.55410225921522	0.9655172413793104
995_H-10	2.0	2.0	0.9709505944546688	0.48	1.0
996_H-10	3.0	3.0	1.04975472279146	0.44708680142687274	0.9655172413793104
997_H-10	3.0	3.0	1.2555367253996506	0.54	1.0
998_H-10	4.0	4.0	1.4836164704209904	0.5702393340270551	1.0
999_H-10	4.0	4.0	1.4091467429125177	0.55410225921522	0.9655172413793104
99_H-10	4.0	4.0	1.531919635975994	0.6076388888888888	0.9583333333333334
9_H-10	4.0	4.0	1.3061706517091867	0.4763705103969754	0.9565217391304348
