	chao1	observed_otus	shannon	simpson	goods_coverage
1000_H-120	19.142857142857142	19.0	3.4088035476139407	0.8637682968696359	0.9888268156424581
100_H-120	19.5	18.0	3.4128065174194275	0.8765644018601167	0.9776536312849162
101_H-120	21.0	18.0	3.15162953354377	0.8172222222222222	0.9777777777777777
102_H-120	20.0	17.0	3.2285967003961673	0.8416604395887552	0.9796954314720813
103_H-120	22.666666666666668	21.0	3.2893522875030703	0.8402174753278878	0.9746192893401016
104_H-120	13.0	13.0	3.043328863555705	0.8225077479338843	0.9943181818181818
105_H-120	29.5	19.0	3.2003513373359596	0.824356961719599	0.9615384615384616
106_H-120	17.166666666666668	17.0	3.3123768204164765	0.8648097132945618	0.98989898989899
107_H-120	18.166666666666668	18.0	3.3016419149746716	0.8342357201764137	0.9880239520958084
108_H-120	18.0	18.0	3.420496413594985	0.8696833648393194	0.9945652173913043
109_H-120	20.333333333333332	17.0	3.0383674542396846	0.813573407202216	0.9736842105263158
10_H-120	20.5	20.0	3.1610221590254812	0.804716784673053	0.9846938775510204
110_H-120	19.0	18.0	3.451900111950216	0.8775510204081632	0.9821428571428571
111_H-120	17.6	17.0	3.309369875735913	0.8611025832200342	0.9801324503311258
112_H-120	16.0	16.0	3.120967153838578	0.8236884802595998	0.9941860465116279
113_H-120	17.75	17.0	3.1656749736525227	0.8366743146962927	0.9835164835164835
114_H-120	18.6	18.0	3.139579609464868	0.8286974053008572	0.9878542510121457
115_H-120	14.0	14.0	3.024813921360899	0.8233074715697737	0.9948453608247423
116_H-120	17.0	16.0	3.108569721377686	0.822620140801959	0.9848484848484849
117_H-120	17.75	17.0	3.213411566869794	0.8400971210544572	0.9838709677419355
118_H-120	21.0	18.0	3.1977341508350814	0.8287509130752374	0.9783783783783784
119_H-120	20.0	17.0	3.3576965899447013	0.8731668648434403	0.9770114942528736
11_H-120	19.75	19.0	3.5098125317948026	0.8808823941099073	0.9841269841269842
120_H-120	18.0	15.0	3.1038958175946396	0.8448210372534697	0.9783783783783784
121_H-120	20.0	17.0	3.26306778535965	0.8514967860422405	0.9757575757575757
122_H-120	17.2	17.0	3.3475064645711123	0.8631996863052642	0.9900990099009901
123_H-120	17.2	17.0	3.1901664564903713	0.8385724852071006	0.9903846153846154
124_H-120	17.0	16.0	3.2401764948500915	0.8498330672085934	0.9819277108433735
125_H-120	20.5	19.0	3.365948313482969	0.8587156889977526	0.9798994974874372
126_H-120	17.0	16.0	3.225960965243878	0.8473614297790122	0.9835164835164835
127_H-120	23.75	20.0	3.3620751232847614	0.8554201345048829	0.9695431472081218
128_H-120	26.5	19.0	3.2833435390310344	0.852398599537274	0.9728506787330317
129_H-120	19.0	16.0	3.246222283984583	0.845924644367551	0.9852941176470589
12_H-120	16.0	16.0	3.1011094888221242	0.8192434696233456	0.9948186528497409
130_H-120	17.5	16.0	3.0901579234723386	0.8302789525396215	0.9738562091503268
131_H-120	18.2	17.0	3.0741164634747364	0.8164814814814815	0.9777777777777777
132_H-120	16.75	16.0	3.152484152204481	0.8492360019583086	0.9847715736040609
133_H-120	18.0	18.0	3.321871969464347	0.85095	0.995
134_H-120	14.0	14.0	3.1599826428416344	0.8474317939338516	0.9938271604938271
135_H-120	18.5	17.0	3.0526816730800577	0.8051105573355484	0.9748427672955975
136_H-120	15.0	15.0	3.243354855847643	0.8462086151655394	1.0
137_H-120	20.0	19.0	3.3410209659353884	0.8499614926836099	0.9855072463768116
138_H-120	17.142857142857142	17.0	3.2014109634194297	0.8381592403214024	0.9891891891891892
139_H-120	19.6	19.0	3.424689315066699	0.8688854033918243	0.9851485148514851
13_H-120	20.428571428571427	20.0	3.2440333930685346	0.8249489096049943	0.9841269841269842
140_H-120	19.75	19.0	3.4122126967403403	0.8547587291816285	0.9824561403508771
141_H-120	14.0	14.0	3.062644688356832	0.8361245674740485	0.9941176470588236
142_H-120	19.166666666666668	19.0	3.5463751096887575	0.8825531184763648	0.9893048128342246
143_H-120	20.0	17.0	3.303365112344673	0.8566521337032633	0.9770114942528736
144_H-120	14.5	14.0	3.173139452889615	0.8526561449309759	0.9874213836477987
145_H-120	16.0	16.0	3.3203753166755967	0.872344777209642	0.9945945945945946
146_H-120	17.5	16.0	3.2183714008905953	0.8501537870049981	0.9852941176470589
147_H-120	20.2	19.0	3.487059022850662	0.881199538638985	0.9738562091503268
148_H-120	19.166666666666668	19.0	3.3166441536451727	0.846571858018268	0.989247311827957
149_H-120	17.0	17.0	3.336519589283129	0.8612556364897676	0.9946236559139785
14_H-120	19.6	19.0	3.3218073204612746	0.8461047932830269	0.9845360824742269
150_H-120	13.0	13.0	3.1436577662099614	0.8450419810819428	0.9948453608247423
151_H-120	13.0	12.0	2.9907021069124746	0.8303238991069679	0.9894179894179894
152_H-120	22.666666666666668	21.0	3.387750632202432	0.8538875338300644	0.9710982658959537
153_H-120	23.0	18.0	3.3198489071321275	0.8542751736111112	0.9739583333333334
154_H-120	15.333333333333334	15.0	3.2449997628608767	0.8574794985389764	0.9902912621359223
155_H-120	22.0	17.0	3.2402381716868423	0.8588403225184214	0.9627329192546584
156_H-120	15.0	15.0	3.0947705259264082	0.8226453993055556	0.9947916666666666
157_H-120	20.2	19.0	3.5093580661704835	0.8855295204501554	0.9788359788359788
158_H-120	16.0	15.0	3.1514874878722448	0.8478436813504451	0.9838709677419355
159_H-120	28.2	24.0	3.3613607570003614	0.836433402705515	0.9717741935483871
15_H-120	18.0	15.0	2.8822149292141925	0.7940752272154942	0.9808612440191388
160_H-120	22.0	16.0	3.30319522722714	0.8709722572156435	0.9788359788359788
161_H-120	17.125	17.0	3.2683996267034923	0.8668632211816395	0.989247311827957
162_H-120	16.0	15.0	3.2657406239282465	0.8595580243931892	0.989010989010989
163_H-120	24.0	22.0	3.5486982829131795	0.869112426035503	0.9743589743589743
164_H-120	19.5	18.0	3.392926440909683	0.8674976370510397	0.9782608695652174
165_H-120	16.5	15.0	3.187145130618881	0.8497260170197722	0.9849246231155779
166_H-120	17.0	16.0	2.9286352484463087	0.7768800768626081	0.985981308411215
167_H-120	20.5	19.0	3.3800622454126734	0.8590543655478721	0.9826839826839827
168_H-120	21.6	21.0	3.489917981444654	0.8656716417910448	0.9850746268656716
169_H-120	16.2	16.0	3.0758601204776435	0.8164539184170282	0.9888268156424581
16_H-120	22.0	17.0	3.309949685370171	0.8669237832874197	0.9696969696969697
170_H-120	22.0	16.0	3.0793721392958884	0.8212556922083976	0.9760479041916168
171_H-120	17.5	17.0	3.210342938443658	0.8470991912047897	0.9822485207100592
172_H-120	18.0	17.0	3.3117932075016565	0.8596675900277009	0.9842105263157894
173_H-120	21.0	19.0	3.0662209494941153	0.7942797955160547	0.9710982658959537
174_H-120	17.166666666666668	17.0	3.1831287522302	0.8359338979349171	0.9901477832512315
175_H-120	16.0	15.0	3.2309828464025485	0.8528568786982249	0.9903846153846154
176_H-120	18.5	18.0	3.1413697418230297	0.8187176140184328	0.9811320754716981
177_H-120	21.5	19.0	3.39122174884696	0.867816775728733	0.975609756097561
178_H-120	16.333333333333332	16.0	3.1660346249300373	0.8271362898864251	0.9883720930232558
179_H-120	20.2	19.0	3.3814361940234825	0.8635457063711911	0.9789473684210527
17_H-120	23.75	20.0	3.4533764210243674	0.8741877551020408	0.9657142857142857
180_H-120	18.5	18.0	3.1562396494917304	0.8324078449905482	0.9836956521739131
181_H-120	20.6	20.0	3.3966334990552767	0.8541514487460433	0.9864864864864865
182_H-120	22.5	20.0	3.2891385688182857	0.8442328462165796	0.9765258215962441
183_H-120	19.5	17.0	3.042647123848421	0.8228292060792858	0.9742268041237113
184_H-120	18.0	15.0	3.149787336241042	0.8448212909245811	0.9745222929936306
185_H-120	26.2	22.0	3.193246544725106	0.8147681392797965	0.966183574879227
186_H-120	22.5	20.0	3.452571236466995	0.868278504425948	0.9712643678160919
187_H-120	23.0	18.0	3.0720595809270375	0.8127218616658898	0.9640718562874252
188_H-120	20.0	18.0	3.3264313872482036	0.8634920634920635	0.9809523809523809
189_H-120	26.0	16.0	2.9282505839525816	0.7862089116143169	0.972972972972973
18_H-120	24.0	19.0	3.293455658566225	0.8490284879474068	0.9675675675675676
190_H-120	19.5	18.0	3.3886527520099015	0.8679038039079663	0.978494623655914
191_H-120	26.25	21.0	3.366454154503128	0.861037304708258	0.9639175257731959
192_H-120	20.428571428571427	20.0	3.5186992808679687	0.8769481540793274	0.983957219251337
193_H-120	20.333333333333332	17.0	3.069945515988609	0.8078583888587034	0.9732620320855615
194_H-120	20.0	19.0	3.2149016924001708	0.8283561390532544	0.9855769230769231
195_H-120	18.6	18.0	3.260952587538075	0.8486373645228631	0.983957219251337
196_H-120	16.5	15.0	3.157624130548493	0.8378930761232027	0.9820359281437125
197_H-120	24.0	19.0	3.2068177429818907	0.8314550730830172	0.9789029535864979
198_H-120	19.25	19.0	3.458703132741282	0.863885893539849	0.9900990099009901
199_H-120	19.5	17.0	3.056156338684059	0.8177989292088043	0.975609756097561
19_H-120	19.75	19.0	3.3830894810627608	0.857251079518194	0.9849246231155779
1_H-120	26.5	19.0	3.3361930853226722	0.8541709276844411	0.9675675675675676
200_H-120	17.75	17.0	3.2111792374866517	0.8445	0.985
201_H-120	22.0	20.0	3.3705426051285574	0.8606450850661626	0.9728260869565217
202_H-120	16.5	15.0	3.2115885982405734	0.8549427679500521	0.9806451612903225
203_H-120	16.0	16.0	3.233957419628723	0.8406172839506173	0.9944444444444445
204_H-120	18.0	17.0	3.099039123446159	0.8131618954366255	0.9847715736040609
205_H-120	21.0	20.0	3.339668029897504	0.8522580534081714	0.983402489626556
206_H-120	17.25	17.0	3.0215514183358234	0.7981660600454463	0.9910313901345291
207_H-120	18.2	18.0	3.3707775780941542	0.8656504264287814	0.9900990099009901
208_H-120	17.25	17.0	3.3034758931889088	0.8535531155198797	0.9896373056994818
209_H-120	20.0	17.0	3.2113637940195408	0.8373976504093984	0.9811320754716981
20_H-120	15.2	15.0	3.0313169783057243	0.8152816326530612	0.9885714285714285
210_H-120	24.0	21.0	3.4024488018354053	0.8586523366743146	0.967032967032967
211_H-120	21.0	20.0	3.2591684190888737	0.8344779053119464	0.9802955665024631
212_H-120	16.25	16.0	3.1623950798801137	0.8328107736868823	0.9890710382513661
213_H-120	16.25	16.0	3.3214573703250925	0.8661011729794799	0.9894179894179894
214_H-120	17.333333333333332	17.0	3.531495579823552	0.8890900860117701	0.9893617021276596
215_H-120	18.25	18.0	3.2292494479462173	0.8300949598246896	0.9891891891891892
216_H-120	24.5	17.0	3.209716345810171	0.8388965096784027	0.962962962962963
217_H-120	15.5	14.0	3.0337968030043827	0.8234449611435348	0.9832402234636871
218_H-120	23.0	18.0	3.302691517465805	0.8498060941828255	0.9736842105263158
219_H-120	22.75	19.0	3.1146321490023037	0.8200981332748554	0.9685863874345549
21_H-120	26.0	19.0	3.3583409462467677	0.8700020824656394	0.9642857142857143
220_H-120	30.5	20.0	3.257875496576671	0.8416115702479339	0.9681818181818181
221_H-120	14.5	14.0	2.736254707392505	0.746299575662401	0.9884393063583815
222_H-120	20.333333333333332	17.0	3.3017164018414826	0.868141338695777	0.9717514124293786
223_H-120	13.5	13.0	3.183980023894253	0.8622936449963476	0.9891891891891892
224_H-120	17.0	15.0	2.9917396759888564	0.8210849483292673	0.9790575916230366
225_H-120	14.0	14.0	3.1886307880519023	0.8472077696843566	0.9946236559139785
226_H-120	18.0	17.0	3.2709367714735027	0.8442951059167275	0.9837837837837837
227_H-120	20.333333333333332	17.0	3.337223613096383	0.8688271604938271	0.9722222222222222
228_H-120	15.25	15.0	3.180910826527402	0.8468698060941828	0.9894736842105263
229_H-120	18.333333333333332	18.0	3.294212363799237	0.8451166180758017	0.9897959183673469
22_H-120	18.6	18.0	3.2850859930911205	0.8451611097113743	0.9841269841269842
230_H-120	25.5	18.0	3.276082103645925	0.8567610010357847	0.9653179190751445
231_H-120	16.75	16.0	3.119853059791654	0.8316528925619835	0.9863636363636363
232_H-120	17.0	17.0	3.190129799446341	0.831900826446281	0.9954545454545455
233_H-120	18.75	18.0	3.3389053597988454	0.8551102043007865	0.9844559585492227
234_H-120	21.0	19.0	3.3325808109590453	0.8424148188209843	0.9767441860465116
235_H-120	17.2	17.0	3.137796307574591	0.8139100346020761	0.9882352941176471
236_H-120	17.0	17.0	3.3360119942642252	0.8569001917056953	1.0
237_H-120	22.0	19.0	3.554165765771332	0.8833032203209693	0.979381443298969
238_H-120	16.0	15.0	3.103201542733616	0.8353288615187381	0.9856459330143541
239_H-120	20.333333333333332	17.0	3.187909037225155	0.8295557928879396	0.9685534591194969
23_H-120	20.6	20.0	3.419461488787779	0.8577155351936693	0.9846938775510204
240_H-120	18.75	18.0	3.0962192619637294	0.8197716173513359	0.9872881355932204
241_H-120	16.0	16.0	3.1598011957574523	0.8280604338842975	0.9943181818181818
242_H-120	21.0	16.0	3.2599950673352387	0.8690017617725223	0.9726775956284153
243_H-120	17.0	16.0	3.313331400216789	0.8660241928565301	0.983957219251337
244_H-120	21.5	20.0	3.3363784693100844	0.8532353907253127	0.9781420765027322
245_H-120	15.0	15.0	3.2113469270661508	0.8442644786616229	0.9927007299270073
246_H-120	19.0	17.0	3.324708649566632	0.8664095500459137	0.9757575757575757
247_H-120	22.0	17.0	3.3669419522983817	0.8790176550475328	0.973404255319149
248_H-120	17.0	17.0	3.200012112729711	0.8321638750565867	0.9946808510638298
249_H-120	20.2	19.0	3.3294383834210346	0.848760092272203	0.9803921568627451
24_H-120	25.75	22.0	3.4277482716590155	0.8514879202709891	0.9682539682539683
250_H-120	16.0	16.0	3.33303179004353	0.8601163146617692	0.9949494949494949
251_H-120	17.0	16.0	3.0480697956587894	0.8055040089632717	0.9822485207100592
252_H-120	20.2	19.0	3.297548784935089	0.8437119113573407	0.9789473684210527
253_H-120	16.0	15.0	3.071293543753666	0.8301537750028904	0.9838709677419355
254_H-120	40.0	19.0	3.2777761761997937	0.8388607971445567	0.9573170731707317
255_H-120	18.5	17.0	3.214251925843211	0.8446251357288957	0.9798994974874372
256_H-120	18.2	18.0	3.35185414980092	0.8608653061224489	0.9885714285714285
257_H-120	18.6	18.0	3.38131570515664	0.8672074278134885	0.9848484848484849
258_H-120	17.5	16.0	3.2858562498759754	0.8635555555555555	0.98
259_H-120	24.5	17.0	3.1597633110604737	0.8349836976210603	0.967032967032967
25_H-120	22.0	17.0	3.0210638183253353	0.7870816629881536	0.9664429530201343
260_H-120	23.0	20.0	3.5237270556450797	0.87263696128561	0.9783783783783784
261_H-120	16.75	16.0	3.2448189042315376	0.8586462295175727	0.983957219251337
262_H-120	18.0	18.0	3.338167591344069	0.8482647049845853	0.994475138121547
263_H-120	20.0	18.0	3.38049612907042	0.8628504882200125	0.9781420765027322
264_H-120	17.25	17.0	3.295237616756324	0.86387457419862	0.9906542056074766
265_H-120	20.0	18.0	3.4106759796740924	0.8733627440921994	0.9766081871345029
266_H-120	20.2	19.0	3.2968828287108205	0.8475609756097561	0.975609756097561
267_H-120	22.5	20.0	3.252121225439052	0.8256013444907391	0.9704142011834319
268_H-120	18.0	17.0	3.1594142633152464	0.8257890202834991	0.9867256637168141
269_H-120	19.25	19.0	3.2454101153415373	0.8240914927289558	0.9890710382513661
26_H-120	24.5	17.0	3.2115127115673094	0.8449085881500175	0.9689119170984456
270_H-120	17.0	14.0	3.0888895190572843	0.845679012345679	0.9722222222222222
271_H-120	16.0	15.0	3.103091880434549	0.8402938775510205	0.9828571428571429
272_H-120	19.0	19.0	3.4538343871068653	0.8642711042650438	0.9949748743718593
273_H-120	19.2	18.0	3.2223779565172976	0.8509153106508875	0.9807692307692307
274_H-120	21.0	18.0	3.3895617907795192	0.8704233650366131	0.981651376146789
275_H-120	16.75	16.0	3.3491404904675046	0.8707085463842221	0.9797297297297297
276_H-120	23.75	20.0	3.307114071393451	0.8480029585798816	0.9711538461538461
277_H-120	15.0	15.0	3.0819471283096602	0.8229085124113027	1.0
278_H-120	22.0	21.0	3.3517324890145055	0.8355295836376917	0.9783783783783784
279_H-120	16.0	15.0	2.9597317585260594	0.7966045712775796	0.9827586206896551
27_H-120	13.5	13.0	2.9241448289491005	0.8055514974433893	0.9891891891891892
280_H-120	17.333333333333332	17.0	3.4653808886965187	0.8803994738113775	0.9896373056994818
281_H-120	19.75	19.0	3.440329358542117	0.8647310710130938	0.9850746268656716
282_H-120	20.2	19.0	3.2973554996972796	0.8504744413835323	0.9797979797979798
283_H-120	32.0	20.0	3.187927503295398	0.8322835306962291	0.9523809523809523
284_H-120	18.0	17.0	3.1748851398906703	0.8330387577326095	0.9831460674157303
285_H-120	18.5	17.0	3.3743830565779667	0.8739513477975016	0.9846153846153847
286_H-120	22.333333333333332	19.0	3.3043246903948233	0.8444431869624265	0.973404255319149
287_H-120	16.25	16.0	3.2750857455452955	0.8501815894077611	0.9893048128342246
288_H-120	20.5	19.0	3.3067957327346726	0.8518042175252978	0.9802955665024631
289_H-120	25.0	18.0	3.105410661197015	0.8405140532544378	0.9663461538461539
28_H-120	15.0	15.0	3.106985135609642	0.8263787022876938	0.994413407821229
290_H-120	22.333333333333332	19.0	3.471906649834692	0.87975	0.975
291_H-120	21.2	20.0	3.5412869246883765	0.8803888419273035	0.978021978021978
292_H-120	17.0	17.0	3.321315029774583	0.8586448979591836	0.9942857142857143
293_H-120	22.333333333333332	19.0	3.301344125567694	0.8438090737240076	0.9728260869565217
294_H-120	19.0	18.0	3.4785932240940185	0.8755755097371958	0.983957219251337
295_H-120	17.333333333333332	17.0	3.2603246059378135	0.8406204081632653	0.9885714285714285
296_H-120	20.0	19.0	3.382863608695509	0.8508030431107354	0.9835164835164835
297_H-120	14.5	14.0	3.1400498817306084	0.8469806094182826	0.9894736842105263
298_H-120	18.0	17.0	3.269558143628571	0.84541857778089	0.9822485207100592
299_H-120	22.0	16.0	3.169130975904428	0.838781163434903	0.9789473684210527
29_H-120	20.142857142857142	20.0	3.3984209966089445	0.8555000471297954	0.9902912621359223
2_H-120	26.5	19.0	3.1894751561810057	0.8344161623353507	0.9716981132075472
300_H-120	21.0	21.0	3.4738420616982437	0.8625368982140202	0.9953917050691244
301_H-120	17.0	16.0	3.295761296930423	0.8636824648447137	0.9842931937172775
302_H-120	19.0	17.0	3.2537947436311856	0.8478238234069138	0.9795918367346939
303_H-120	19.0	16.0	3.168523615631656	0.8366129551248731	0.9800995024875622
304_H-120	17.333333333333332	17.0	3.2487669738474096	0.8465368945224083	0.9893617021276596
305_H-120	19.0	17.0	3.0983908258281687	0.8278281845344151	0.9790575916230366
306_H-120	20.5	18.0	3.2932268853628095	0.858167711765331	0.9742268041237113
307_H-120	16.5	15.0	3.282553532346785	0.8712580091733483	0.9822485207100592
308_H-120	20.428571428571427	20.0	3.345425656915328	0.8547245916815447	0.9859154929577465
309_H-120	21.0	18.0	3.472163994525721	0.8756633480987676	0.9735099337748344
30_H-120	20.333333333333332	17.0	3.2691259440449127	0.8630472313123245	0.9746192893401016
310_H-120	22.333333333333332	19.0	3.2770794880315344	0.8496998118993017	0.9746192893401016
311_H-120	20.333333333333332	17.0	3.2102926353552377	0.8477822235901645	0.9707602339181287
312_H-120	16.5	16.0	3.1643635955832097	0.8345562130177515	0.9897435897435898
313_H-120	25.0	20.0	3.3748822019866944	0.8570488747567226	0.9685863874345549
314_H-120	20.0	15.0	2.9286373763708267	0.8035062089116143	0.9662162162162162
315_H-120	28.0	21.0	3.1422705394375923	0.816245434623813	0.9567567567567568
316_H-120	21.0	19.0	3.4759338894937657	0.8746032199948526	0.9786096256684492
317_H-120	29.5	19.0	3.253954186787892	0.8377042047387366	0.9559748427672956
318_H-120	18.5	17.0	3.346698863532473	0.86130902064968	0.9835164835164835
319_H-120	23.75	20.0	3.2732601212814414	0.8373897332341376	0.9690721649484536
31_H-120	17.25	17.0	3.074964278421632	0.8087775926697209	0.9897959183673469
320_H-120	24.5	17.0	3.1664428600316152	0.8414843481788958	0.9664804469273743
321_H-120	21.5	20.0	3.412237569105187	0.855868036776636	0.9767441860465116
322_H-120	22.0	17.0	3.1763285511021713	0.8343643479358667	0.9719101123595506
323_H-120	19.0	18.0	3.408997532474385	0.8625608436992969	0.9825581395348837
324_H-120	17.25	17.0	2.9941477957834675	0.7871633860644849	0.989010989010989
325_H-120	15.5	15.0	3.209154121932391	0.8517096549769383	0.9898477157360406
326_H-120	24.0	19.0	3.160034792383464	0.8289388020833334	0.96875
327_H-120	18.0	17.0	3.2803787851318407	0.8564508506616257	0.9836956521739131
328_H-120	22.0	20.0	3.4672078570496314	0.8687936422205933	0.968944099378882
329_H-120	19.6	19.0	3.409267197493245	0.8652863785158775	0.9863013698630136
32_H-120	17.75	17.0	3.1688203921449607	0.8345679012345679	0.9866666666666667
330_H-120	25.0	20.0	3.2268957391401085	0.8237830812854443	0.967391304347826
331_H-120	20.2	20.0	3.380697613788179	0.8447698838750253	0.990521327014218
332_H-120	27.25	22.0	3.3749194107325122	0.842024983563445	0.9641025641025641
333_H-120	18.0	15.0	3.1487906411273268	0.8428926611796982	0.9861111111111112
334_H-120	17.0	15.0	2.956462971522405	0.8085207100591716	0.9794871794871794
335_H-120	17.0	16.0	3.237499305857924	0.8503357438016529	0.9829545454545454
336_H-120	16.0	15.0	3.1368096686789673	0.8390809911242604	0.9855769230769231
337_H-120	20.0	18.0	3.2047185741463715	0.8325592633359284	0.9792746113989638
338_H-120	26.0	19.0	3.0339700130445806	0.8110807720133492	0.966183574879227
339_H-120	22.5	20.0	3.4421179311810253	0.8703923900118906	0.9753694581280788
33_H-120	18.5	17.0	3.033585630089803	0.8117704656136463	0.9796954314720813
340_H-120	15.0	15.0	3.2427382528578312	0.8568005843681519	0.9945945945945946
341_H-120	15.0	15.0	3.1148400285440063	0.8262687427912342	0.9950980392156863
342_H-120	22.333333333333332	19.0	3.3186729007940694	0.8479476410111056	0.9746192893401016
343_H-120	18.5	17.0	3.1841355469264077	0.8350117692737024	0.9802955665024631
344_H-120	18.5	17.0	3.4424473323829545	0.878203125	0.98125
345_H-120	16.0	16.0	3.1454833425495394	0.8214648152273458	1.0
346_H-120	17.25	17.0	3.342957077676037	0.8622969596001666	0.9897959183673469
347_H-120	18.5	17.0	3.197021499507266	0.8251067514706321	0.9836065573770492
348_H-120	16.25	16.0	3.267122638853584	0.8565599076485275	0.9896373056994818
349_H-120	19.0	17.0	3.310178367969701	0.8557566471958888	0.9774011299435028
34_H-120	31.0	22.0	3.463261126985667	0.8722839506172839	0.95
350_H-120	18.0	17.0	3.32016542726046	0.8562264024858832	0.9826589595375722
351_H-120	22.0	21.0	3.4620544850514423	0.8688190883557938	0.9796954314720813
352_H-120	23.75	20.0	3.3880851602270523	0.8629907024793388	0.9659090909090909
353_H-120	21.2	20.0	3.6626280263963777	0.895956607495069	0.9743589743589743
354_H-120	16.5	15.0	3.2976473641579322	0.870305518657167	0.9835164835164835
355_H-120	16.25	16.0	3.1279230746464934	0.8257367238201055	0.9899497487437185
356_H-120	23.0	18.0	3.232459652490943	0.846084263041035	0.9685863874345549
357_H-120	16.2	16.0	3.2713820629641828	0.8646447988868562	0.9898477157360406
358_H-120	21.333333333333332	18.0	3.1900644197239094	0.8275702662721893	0.9759615384615384
359_H-120	14.333333333333334	14.0	3.12186371350978	0.8404010519395135	0.9871794871794872
35_H-120	21.333333333333332	18.0	3.298739140923073	0.8565551020408163	0.9714285714285714
360_H-120	16.0	16.0	3.140033406840486	0.8398596650067904	0.9946808510638298
361_H-120	16.25	16.0	3.3341349527460125	0.8662857142857143	0.9885714285714285
362_H-120	19.6	19.0	3.3686306833347794	0.8564995659722222	0.984375
363_H-120	20.375	20.0	3.480477745084035	0.8734003809014668	0.9826589595375722
364_H-120	17.6	17.0	3.2246983719763853	0.8535180055401662	0.9842105263157894
365_H-120	19.0	17.0	3.16474043602386	0.8311357340720222	0.9789473684210527
366_H-120	23.0	18.0	3.1208567157360974	0.8222046174739701	0.9680851063829787
367_H-120	21.0	18.0	3.2498343398897838	0.8491398822996832	0.9787234042553191
368_H-120	21.0	19.0	3.4075438379120415	0.8689174515795055	0.9798994974874372
369_H-120	15.0	15.0	3.184946039303889	0.829502433747972	0.9941860465116279
36_H-120	22.0	17.0	3.03671641168705	0.8089210799956973	0.9700598802395209
370_H-120	24.0	19.0	3.3963795598754545	0.8697204045211184	0.9634146341463414
371_H-120	19.0	18.0	3.386141112338233	0.8579265306122449	0.9828571428571429
372_H-120	18.0	15.0	3.1366160162489356	0.8410651974288338	0.9757575757575757
373_H-120	20.0	18.0	3.21039510951787	0.8273004675121077	0.9788359788359788
374_H-120	25.25	20.0	3.4383804830456084	0.8771158854166667	0.9635416666666666
375_H-120	16.0	16.0	3.2467636661446417	0.8365434510546077	0.994475138121547
376_H-120	20.0	18.0	3.361464256017891	0.8614360041623309	0.9741935483870968
377_H-120	15.0	15.0	3.225089382554378	0.846938775510204	0.9945054945054945
378_H-120	23.0	18.0	3.284799351652127	0.8524437378361339	0.9738219895287958
379_H-120	22.5	20.0	3.3143990685313374	0.8441613331723222	0.9725274725274725
37_H-120	39.0	18.0	3.087481495814033	0.8114336883777924	0.9660194174757282
380_H-120	21.2	20.0	3.486196703633707	0.8744903581267218	0.9757575757575757
381_H-120	17.0	15.0	2.975748874989117	0.8190119184928873	0.9803921568627451
382_H-120	21.0	19.0	3.3018280107050972	0.8493043307858122	0.9735449735449735
383_H-120	24.0	19.0	3.4297729679684603	0.8634806238185255	0.9728260869565217
384_H-120	20.0	18.0	3.0771162840620994	0.8117404513888888	0.9739583333333334
385_H-120	17.0	16.0	3.1431567941839353	0.8413398550091711	0.985981308411215
386_H-120	18.5	17.0	3.196445594006108	0.8282212968471149	0.9853658536585366
387_H-120	19.5	18.0	3.2862347632121316	0.8595235761199882	0.9801980198019802
388_H-120	24.0	19.0	3.3493515851486464	0.8629261363636364	0.9659090909090909
389_H-120	20.0	19.0	3.384932845607475	0.8634122473559411	0.9754601226993865
38_H-120	17.0	17.0	3.265094589056991	0.841414816464939	0.9950248756218906
390_H-120	19.0	17.0	3.2275903215815847	0.853180473372781	0.9807692307692307
391_H-120	17.0	16.0	3.1607775478146185	0.8420368620037807	0.9836956521739131
392_H-120	16.75	16.0	3.053648463904758	0.8259567201366144	0.9841269841269842
393_H-120	18.2	18.0	3.1962600862691275	0.8178168402777778	0.9895833333333334
394_H-120	35.0	21.0	3.3735351775324385	0.8579267097785617	0.9576719576719577
395_H-120	16.0	16.0	3.283506191539687	0.8571729125575279	0.9948717948717949
396_H-120	26.0	16.0	3.2512486427133283	0.8578911956939639	0.9754901960784313
397_H-120	19.0	16.0	3.191825036654496	0.8464031541314444	0.976878612716763
398_H-120	14.0	14.0	3.200526460370544	0.8592688999547307	0.9946808510638298
399_H-120	40.0	19.0	3.2332229861999786	0.8413158090146283	0.9651741293532339
39_H-120	16.5	16.0	3.382207315565599	0.8678451424397371	0.9891891891891892
3_H-120	24.75	21.0	3.384247634000557	0.8481416420118344	0.9711538461538461
400_H-120	24.75	21.0	3.4200389223242613	0.8618637541132815	0.9710144927536232
401_H-120	18.0	16.0	3.1246298260377965	0.8408640507332541	0.9770114942528736
402_H-120	25.25	20.0	3.4089573908757282	0.8720574920778632	0.9627659574468085
403_H-120	15.0	15.0	3.1926684325227286	0.8399598031384472	1.0
404_H-120	22.0	16.0	3.0848959377665333	0.8255790225487195	0.9797979797979798
405_H-120	22.5	20.0	3.3838068497436433	0.8508344376810943	0.976303317535545
406_H-120	19.5	18.0	3.2967596967142048	0.8468830795748348	0.9774011299435028
407_H-120	20.333333333333332	17.0	3.233989586273682	0.8464130003963535	0.9712643678160919
408_H-120	19.0	18.0	3.376997050047573	0.8504648760330579	0.9829545454545454
409_H-120	22.0	17.0	3.297041253044133	0.8634562029330163	0.9712643678160919
40_H-120	18.75	18.0	3.3362059952633247	0.8561740451388888	0.984375
410_H-120	18.5	17.0	3.254263345050186	0.8537416185592887	0.9760479041916168
411_H-120	20.0	18.0	3.3619859434262556	0.8560326530612246	0.9771428571428571
412_H-120	29.333333333333336	20.0	3.257099653900826	0.8470613242640026	0.9587628865979382
413_H-120	21.2	20.0	3.3561866277254	0.8457349059440676	0.976878612716763
414_H-120	19.0	18.0	3.1099513619922856	0.8239807809530639	0.9760479041916168
415_H-120	20.0	19.0	3.154702843198248	0.8119113573407202	0.9789473684210527
416_H-120	21.5	19.0	3.344901109765684	0.8637666420118343	0.9759615384615384
417_H-120	28.0	21.0	3.4979197813742497	0.8723646004292387	0.9606741573033708
418_H-120	19.0	19.0	3.222221719388537	0.812318339100346	0.9941176470588236
419_H-120	21.5	20.0	3.408332630578422	0.8509653774492741	0.9864253393665159
41_H-120	20.5	19.0	3.371277354731156	0.8641046995835812	0.9804878048780488
420_H-120	20.333333333333332	17.0	3.149505520051469	0.8366638321995465	0.9702380952380952
421_H-120	22.0	17.0	3.233273074395711	0.8506501704330262	0.9719101123595506
422_H-120	19.5	18.0	3.2655438104048513	0.8447091412742382	0.9789473684210527
423_H-120	19.0	19.0	3.319576239666325	0.8524078478002378	0.9956896551724138
424_H-120	19.5	18.0	3.2779216964258904	0.8565275740457539	0.9776536312849162
425_H-120	18.0	17.0	3.4706540099226673	0.8854110329908058	0.9825581395348837
426_H-120	16.25	16.0	3.2138724121618374	0.8404333223908487	0.9899497487437185
427_H-120	17.2	17.0	3.1654099383595633	0.821116012042288	0.9903381642512077
428_H-120	32.0	17.0	3.154313035783293	0.8434588848022766	0.9689119170984456
429_H-120	19.0	16.0	3.032356707682706	0.8104320987654321	0.9777777777777777
42_H-120	29.5	19.0	3.2807637498558515	0.842626124995518	0.9580838323353293
430_H-120	16.25	16.0	3.1856971496566127	0.8367673469387755	0.9885714285714285
431_H-120	19.2	19.0	3.3635957331686157	0.8474533471376986	0.9899497487437185
432_H-120	18.25	18.0	3.4762346631097505	0.8756287151348879	0.9876543209876543
433_H-120	14.0	14.0	3.0867778489924462	0.8292643229166666	1.0
434_H-120	15.0	15.0	3.3347246921337983	0.878769407293198	0.9940119760479041
435_H-120	33.0	19.0	3.1814670918212626	0.8378013323870791	0.9617224880382775
436_H-120	19.5	18.0	3.4901983367970777	0.8814749244528556	0.9834254143646409
437_H-120	15.75	15.0	3.1273754880377793	0.8432480666270077	0.9817073170731707
438_H-120	18.166666666666668	18.0	3.1204170026199023	0.8114615802567988	0.9893048128342246
439_H-120	21.0	20.0	3.4175025320001655	0.8674540307129172	0.9786096256684492
43_H-120	24.0	22.0	3.531374564636155	0.8790383170548459	0.9793388429752066
440_H-120	17.75	17.0	3.074580518526412	0.8156610664718773	0.9837837837837837
441_H-120	17.75	17.0	3.2656174310631894	0.8560350984593409	0.9848484848484849
442_H-120	20.5	19.0	3.11796665452227	0.8001302083333334	0.9791666666666666
443_H-120	20.2	20.0	3.4108470457655415	0.8501054441964743	0.9909502262443439
444_H-120	18.5	18.0	3.299531056513767	0.8615175518698635	0.9861751152073732
445_H-120	23.0	17.0	3.376871582940236	0.8733622396078802	0.9805825242718447
446_H-120	17.6	17.0	3.217029155405403	0.8521034121721389	0.9844559585492227
447_H-120	22.0	16.0	3.240889500237538	0.8523339907955292	0.9794871794871794
448_H-120	16.0	15.0	3.019950153764277	0.8238288245829013	0.9854368932038835
449_H-120	24.0	19.0	3.186051141065947	0.8190368213558711	0.9746192893401016
44_H-120	22.666666666666668	21.0	3.4202013466770347	0.8692384886461761	0.9758454106280193
450_H-120	17.5	16.0	3.058995183182564	0.8202200443786982	0.9855769230769231
451_H-120	22.2	21.0	3.5045206345264743	0.865663441286896	0.9779005524861879
452_H-120	21.0	19.0	3.128482216928921	0.821095970983237	0.9752475247524752
453_H-120	17.166666666666668	17.0	3.104260160578378	0.8133039675699831	0.9887005649717514
454_H-120	20.333333333333332	17.0	3.098619453480856	0.8329587636675841	0.9748743718592965
455_H-120	20.5	19.0	3.3474188003864196	0.8565532879818594	0.9809523809523809
456_H-120	19.0	17.0	3.4063401050856874	0.8758096705297433	0.9763313609467456
457_H-120	24.0	19.0	3.430743948313679	0.8634495464852607	0.9702380952380952
458_H-120	21.5	20.0	3.535437357224857	0.8691903010165737	0.9748427672955975
459_H-120	27.0	20.0	3.1952888253837304	0.807242429097901	0.9556962025316456
45_H-120	20.0	17.0	3.168359657910227	0.8234049479166666	0.9791666666666666
460_H-120	19.75	19.0	3.3752231050604835	0.8657524674644074	0.985981308411215
461_H-120	21.0	19.0	3.3631768561036974	0.8561419012750915	0.9775280898876404
462_H-120	16.6	16.0	3.131916247324094	0.8410784052027469	0.9852216748768473
463_H-120	18.5	17.0	3.1236607139325065	0.8318631097885004	0.979381443298969
464_H-120	38.0	20.0	3.2350333722057587	0.8388361752039494	0.9467455621301775
465_H-120	19.0	16.0	3.1647539827582896	0.8404542996214169	0.9767441860465116
466_H-120	17.166666666666668	17.0	3.172081906351215	0.8333674214755296	0.9891891891891892
467_H-120	16.5	15.0	3.156396530130144	0.8420461283979901	0.9832402234636871
468_H-120	29.0	19.0	3.409685028581763	0.8624105186267348	0.972972972972973
469_H-120	21.0	19.0	3.1932657816186447	0.8231105275119315	0.9798994974874372
46_H-120	16.0	16.0	3.002360881211562	0.8014024835646457	1.0
470_H-120	19.5	18.0	3.3235335426704258	0.859773415311632	0.9776536312849162
471_H-120	15.0	15.0	3.2531852683051987	0.8497078159240321	0.9932432432432432
472_H-120	19.5	17.0	3.2341273697361466	0.857959907346507	0.9732620320855615
473_H-120	16.0	15.0	3.231708442984539	0.8593368051865236	0.9845360824742269
474_H-120	26.5	19.0	3.3501752321774583	0.8560787779320793	0.9662921348314607
475_H-120	16.333333333333332	16.0	3.333794562723693	0.8624763705103969	0.9891304347826086
476_H-120	16.0	15.0	3.3302745287006106	0.8772785833721664	0.9842931937172775
477_H-120	17.2	17.0	3.107320917817185	0.8186020710059172	0.9903846153846154
478_H-120	26.5	19.0	3.3611090024077575	0.8545706371191135	0.968421052631579
479_H-120	15.0	15.0	3.1766220557641667	0.8388022343640303	1.0
47_H-120	33.0	18.0	3.301071875435133	0.8524784970574921	0.9680851063829787
480_H-120	23.333333333333332	20.0	3.5862968725350837	0.8891291810841984	0.9754901960784313
481_H-120	15.333333333333334	15.0	3.177070790374006	0.8446012149715854	0.9894179894179894
482_H-120	17.166666666666668	17.0	3.215806200152628	0.8376470588235294	0.9882352941176471
483_H-120	20.0	18.0	3.466320354696899	0.8741421685977848	0.9774011299435028
484_H-120	36.0	22.0	3.4961873462098425	0.874284045731228	0.9620853080568721
485_H-120	30.5	20.0	3.158481970175679	0.8139786973324536	0.9660194174757282
486_H-120	21.0	16.0	3.030102127368213	0.8144804948870092	0.9719101123595506
487_H-120	14.0	14.0	3.400139305069778	0.8840816326530612	1.0
488_H-120	17.0	17.0	3.4442274212424353	0.8804369584489119	0.9946524064171123
489_H-120	25.0	20.0	3.372784717065051	0.8626970396001539	0.9705882352941176
48_H-120	22.5	20.0	3.3057664102547806	0.8435535926617972	0.9753694581280788
490_H-120	19.0	18.0	3.260211019291057	0.8300325788751715	0.9861111111111112
491_H-120	19.0	18.0	3.4357669392733166	0.8685397155740548	0.9838709677419355
492_H-120	19.6	19.0	3.2521652353837567	0.827339907010175	0.985781990521327
493_H-120	14.5	14.0	2.9278590067416452	0.8017728531855957	0.9894736842105263
494_H-120	19.0	16.0	3.124480095761373	0.8277721368299429	0.9763313609467456
495_H-120	27.0	20.0	3.377115085550708	0.8673502604166667	0.9635416666666666
496_H-120	18.5	17.0	3.1827080113788226	0.8429744199881023	0.9804878048780488
497_H-120	20.0	19.0	3.1868288220675236	0.8326144495637682	0.9801980198019802
498_H-120	20.333333333333332	17.0	3.3894076809653457	0.8811848958333334	0.9739583333333334
499_H-120	16.75	16.0	3.1684071887203333	0.841831425598335	0.9838709677419355
49_H-120	18.75	18.0	3.268379987306344	0.8383303938859494	0.9841269841269842
4_H-120	19.5	18.0	3.5202398330258315	0.8849172805216761	0.9835164835164835
500_H-120	22.5	20.0	3.327885458516134	0.8305324211778703	0.9695121951219512
501_H-120	19.166666666666668	19.0	3.333559234969753	0.8461495844875346	0.9894736842105263
502_H-120	47.0	19.0	3.3053652654201437	0.8566659121774559	0.9574468085106383
503_H-120	21.5	19.0	3.286609109951059	0.8438860482103725	0.972972972972973
504_H-120	21.5	19.0	3.3742125948830646	0.8623174198607979	0.9752475247524752
505_H-120	18.5	17.0	3.170932799791152	0.8343848156997503	0.9844559585492227
506_H-120	19.5	18.0	3.3153128528590514	0.8606843246300311	0.9805825242718447
507_H-120	15.333333333333334	15.0	3.096591228842589	0.8314436885865457	0.9894179894179894
508_H-120	17.0	16.0	3.0906875492609376	0.8158692084332786	0.9831460674157303
509_H-120	14.0	14.0	3.1257574021978383	0.8251413543721235	0.9948717948717949
50_H-120	17.0	16.0	3.2725120006202904	0.859504132231405	0.9818181818181818
510_H-120	21.5	19.0	3.4547885577364945	0.8750821827744905	0.967948717948718
511_H-120	18.0	16.0	2.9946760310105396	0.8162630149388863	0.9787234042553191
512_H-120	16.0	13.0	2.8600828370349953	0.7941210137130561	0.9856459330143541
513_H-120	21.5	19.0	3.3201044537602535	0.8474203185013813	0.976303317535545
514_H-120	20.125	20.0	3.386616689361655	0.8503362739103852	0.9906542056074766
515_H-120	22.0	17.0	3.0861766710474	0.8232964530580926	0.9751243781094527
516_H-120	19.0	17.0	3.27317320140252	0.844017094017094	0.9743589743589743
517_H-120	17.2	17.0	3.2810962305735623	0.8505235018935176	0.9900497512437811
518_H-120	20.0	19.0	3.5487904938660826	0.881159994715286	0.9827586206896551
519_H-120	18.0	18.0	3.542680426712014	0.8872134550227405	0.994475138121547
51_H-120	15.333333333333334	15.0	3.1076000640367583	0.8314775510204082	0.9885714285714285
520_H-120	15.0	15.0	3.051164759586748	0.8109874209433126	0.9951690821256038
521_H-120	20.0	19.0	3.320763440895589	0.8514398467213817	0.9786096256684492
522_H-120	18.75	18.0	3.2284271011852064	0.8387628488358783	0.9856459330143541
523_H-120	15.5	14.0	3.100484287076103	0.8451523545706371	0.9842105263157894
524_H-120	19.0	17.0	3.3256019497569156	0.8691975308641975	0.9777777777777777
525_H-120	20.0	18.0	3.4817268949621094	0.8818956192536507	0.9767441860465116
526_H-120	15.0	15.0	3.1917113856613595	0.8367135554144809	1.0
527_H-120	27.5	20.0	3.4722960534170046	0.8727343750000001	0.9625
528_H-120	20.0	17.0	3.207168508833839	0.835234375	0.975
529_H-120	17.0	16.0	3.1246119419333493	0.8304552590266876	0.9835164835164835
52_H-120	16.0	16.0	3.1927664637097597	0.8244730029585798	0.9951923076923077
530_H-120	18.25	18.0	3.4273815061865354	0.868801652892562	0.9886363636363636
531_H-120	22.0	17.0	3.275305625010577	0.848119413054478	0.9675324675324676
532_H-120	18.0	16.0	2.928231234128984	0.7844083221402922	0.9790575916230366
533_H-120	20.2	19.0	3.296310764684817	0.8541232819658475	0.9795918367346939
534_H-120	23.0	18.0	3.098538210042203	0.8247249517090787	0.9682539682539683
535_H-120	17.2	17.0	3.3089699226756526	0.8666898712147582	0.9909502262443439
536_H-120	16.333333333333332	16.0	3.333363722089817	0.8610526315789474	0.9894736842105263
537_H-120	18.5	17.0	3.0486046675896628	0.8148514184317512	0.981042654028436
538_H-120	23.2	22.0	3.380041274716505	0.8363653501743802	0.9805825242718447
539_H-120	18.0	18.0	3.3820803233463193	0.8458537498829625	0.994413407821229
53_H-120	17.0	16.0	3.184915083518935	0.8331397880679343	0.9819277108433735
540_H-120	21.5	20.0	3.518628132328156	0.874468336483932	0.9782608695652174
541_H-120	17.0	17.0	3.3093245865887795	0.8558246828143022	0.9950980392156863
542_H-120	19.0	16.0	3.1548186902536557	0.8318	0.985
543_H-120	20.0	17.0	3.2780439077175476	0.8517275631560579	0.9792746113989638
544_H-120	17.0	17.0	3.137308577750165	0.8133679507305881	0.9945054945054945
545_H-120	30.333333333333336	21.0	3.2344465654666883	0.8357956568173728	0.9622641509433962
546_H-120	16.333333333333332	16.0	3.2084358253860534	0.8436071846104793	0.9896907216494846
547_H-120	21.0	19.0	3.3652887568700076	0.8731778425655976	0.9744897959183674
548_H-120	18.0	18.0	3.368186918853934	0.8638056045463454	0.9947089947089947
549_H-120	17.5	16.0	3.2029110533403964	0.8441358024691359	0.9861111111111112
54_H-120	19.0	16.0	3.2545022037713665	0.8600641429785367	0.9790575916230366
550_H-120	20.75	20.0	3.3699744475385645	0.8444632290786137	0.9835164835164835
551_H-120	20.333333333333332	17.0	3.199108462732289	0.8493827160493828	0.9722222222222222
552_H-120	19.0	18.0	3.4087508772629405	0.8632105249867428	0.9849246231155779
553_H-120	14.0	14.0	2.891439637383353	0.7944540561322568	0.9950980392156863
554_H-120	17.2	17.0	3.2369380021414744	0.8466666666666667	0.9888888888888889
555_H-120	23.0	17.0	3.261341099372626	0.8488709093104697	0.978021978021978
556_H-120	19.0	17.0	3.2182580625636104	0.844140625	0.975
557_H-120	16.0	16.0	3.205094376775875	0.8318880795467685	0.9946236559139785
558_H-120	25.5	18.0	3.2688772914791184	0.8539972227732593	0.9577464788732395
559_H-120	14.0	14.0	3.3512987868320607	0.8799111111111111	0.9933333333333333
55_H-120	21.375	21.0	3.628989815468313	0.8860207612456747	0.9823529411764705
560_H-120	16.75	16.0	3.284004735730228	0.85828125	0.98125
561_H-120	29.5	19.0	3.188736317363888	0.841118800461361	0.9656862745098039
562_H-120	20.0	18.0	3.2023766506106544	0.8333534597270861	0.978021978021978
563_H-120	19.5	18.0	3.220933946790879	0.8404382761139517	0.9783783783783784
564_H-120	19.166666666666668	19.0	3.438620348889769	0.8608969757498206	0.9888268156424581
565_H-120	16.333333333333332	16.0	3.322094739903779	0.8722696114086711	0.9906103286384976
566_H-120	26.0	23.0	3.4407231572635073	0.8413528949078348	0.9649122807017544
567_H-120	23.0	17.0	3.3102304726581955	0.8521717896279113	0.9779005524861879
568_H-120	17.0	16.0	3.010599177508732	0.7973548622662177	0.9808917197452229
569_H-120	22.0	17.0	3.279919667239502	0.8593165076681559	0.9725274725274725
56_H-120	18.5	17.0	3.206947356696416	0.8491193797503129	0.9779005524861879
570_H-120	20.5	19.0	3.3777745053543318	0.8561399224687891	0.9779005524861879
571_H-120	15.5	14.0	3.210878913661437	0.8616344141142296	0.9803921568627451
572_H-120	13.5	13.0	3.0371545650025342	0.8331384844298013	0.9896907216494846
573_H-120	18.166666666666668	18.0	3.1833203463691992	0.8243598615916955	0.9882352941176471
574_H-120	24.0	19.0	3.344660887185163	0.8598027613412229	0.9692307692307692
575_H-120	18.5	17.0	3.149465212235434	0.8348869073021721	0.981042654028436
576_H-120	15.0	15.0	3.1301233572623404	0.8262371327929962	0.9941520467836258
577_H-120	23.0	18.0	3.263175498506703	0.8433956916099773	0.9702380952380952
578_H-120	17.0	16.0	3.2013036027796984	0.8489892346103252	0.9844559585492227
579_H-120	20.5	18.0	3.2637934740711474	0.8487836734693878	0.9714285714285714
57_H-120	16.166666666666668	16.0	3.0661479849459834	0.8283338434853587	0.98989898989899
580_H-120	22.0	16.0	3.0575124846103168	0.8193461057892545	0.9795918367346939
581_H-120	25.5	18.0	3.3685644440751807	0.8716475095785441	0.9655172413793104
582_H-120	17.25	17.0	3.329743628253738	0.8664537668747279	0.9879518072289156
583_H-120	22.0	21.0	3.3624382889041016	0.8473338203067933	0.9819819819819819
584_H-120	21.333333333333332	18.0	3.2666415555501205	0.8522159634392603	0.9742268041237113
585_H-120	19.2	18.0	3.1739044651729906	0.8249016898713998	0.979381443298969
586_H-120	19.5	18.0	3.2966927827112995	0.8509876543209877	0.9777777777777777
587_H-120	18.0	18.0	3.3613132567031805	0.8515875159137378	0.9937888198757764
588_H-120	20.333333333333332	17.0	3.1972694042590386	0.8546517108115751	0.9757281553398058
589_H-120	27.0	20.0	3.294710529986133	0.8451730418943534	0.9617486338797814
58_H-120	18.2	17.0	3.310828699617581	0.8693060628195763	0.9783783783783784
590_H-120	18.0	17.0	3.4035939833377595	0.8721965112139551	0.9905660377358491
591_H-120	20.5	19.0	3.321542354668553	0.8443172621112267	0.978494623655914
592_H-120	19.0	17.0	3.1001270291593848	0.8208641975308641	0.9777777777777777
593_H-120	18.2	18.0	3.3443389433578994	0.8557419659735349	0.9891304347826086
594_H-120	19.0	16.0	3.0971634887923845	0.8279888902916298	0.9775280898876404
595_H-120	30.5	20.0	3.4055761062196455	0.8603514334786629	0.9597701149425287
596_H-120	19.0	16.0	3.1067437170155716	0.8231409788166545	0.9783783783783784
597_H-120	21.5	19.0	3.2500542393481178	0.8413351623228167	0.9691358024691358
598_H-120	12.0	12.0	2.998163679628928	0.8333548553719008	0.9943181818181818
599_H-120	15.0	15.0	3.263350748822612	0.8560620597023108	0.9947643979057592
59_H-120	24.0	19.0	3.0813609434553335	0.8184171597633136	0.9711538461538461
5_H-120	18.5	18.0	3.2505094381013007	0.8312237799849403	0.9820359281437125
600_H-120	21.0	15.0	3.1183334414020374	0.8325538548752834	0.9761904761904762
601_H-120	25.333333333333332	22.0	3.6048432265372035	0.8720463137996219	0.9728260869565217
602_H-120	16.0	16.0	3.2089822684342564	0.8419554887379528	0.9948186528497409
603_H-120	24.0	19.0	3.3857526835882523	0.8614119117034569	0.9744897959183674
604_H-120	24.0	19.0	3.2782570838640175	0.851499537587528	0.9655172413793104
605_H-120	25.0	20.0	3.4578215128183007	0.8707140610254798	0.9679144385026738
606_H-120	16.25	16.0	3.3366052111654874	0.8680246913580247	0.9888888888888889
607_H-120	18.75	18.0	3.2860674073843548	0.838929114380685	0.9847715736040609
608_H-120	27.0	17.0	3.0695506349464394	0.8222160664819945	0.9736842105263158
609_H-120	17.6	17.0	3.15811086297982	0.8368486920423674	0.9834254143646409
60_H-120	19.0	16.0	3.047215333719364	0.8230286197319164	0.978021978021978
610_H-120	16.25	16.0	3.212510263359291	0.8368718086535878	0.9890710382513661
611_H-120	17.0	17.0	3.291740771192049	0.8472725215029425	0.9946808510638298
612_H-120	23.0	18.0	3.066609066569023	0.8189401252444246	0.9701492537313433
613_H-120	17.75	17.0	3.3508395065313126	0.8753235946745562	0.9855769230769231
614_H-120	23.75	20.0	3.200922997589382	0.8224427349938517	0.9679144385026738
615_H-120	20.5	19.0	3.2998973018293354	0.8580772579583342	0.9815668202764977
616_H-120	16.2	16.0	3.164884298511348	0.8465741417092768	0.9891891891891892
617_H-120	16.2	16.0	3.024714822430278	0.8035395597858417	0.9878048780487805
618_H-120	16.25	16.0	3.274697647269965	0.8658024691358024	0.9888888888888889
619_H-120	18.6	18.0	3.431464378256627	0.864390831420076	0.9815950920245399
61_H-120	24.0	19.0	3.166583942967412	0.8229745808545159	0.9720930232558139
620_H-120	23.333333333333332	20.0	3.410730725509109	0.8594062662755955	0.9738219895287958
621_H-120	20.2	19.0	3.2313275031826234	0.83954121929443	0.9808612440191388
622_H-120	23.0	18.0	3.1581471961629117	0.8204974112426036	0.9759615384615384
623_H-120	19.0	17.0	3.2702841711969164	0.8547562564736543	0.976878612716763
624_H-120	19.5	18.0	3.233226561426214	0.8362648981161092	0.9803921568627451
625_H-120	14.333333333333334	14.0	3.1113746059805427	0.8427462741237609	0.9904306220095693
626_H-120	19.6	19.0	3.471378575949606	0.8715814506539834	0.9827586206896551
627_H-120	14.0	14.0	3.260995391653603	0.8635076782292888	1.0
628_H-120	16.0	16.0	3.2288749030268757	0.8396	0.995
629_H-120	18.0	17.0	3.118477182111805	0.8244905805459439	0.9852941176470589
62_H-120	19.5	17.0	3.1088038748529945	0.8241693371563501	0.9675324675324676
630_H-120	23.0	18.0	3.2081604105329653	0.8425605536332179	0.9754901960784313
631_H-120	16.25	16.0	3.1560315854543624	0.8275244254080233	0.9894179894179894
632_H-120	24.0	19.0	3.2169539477820766	0.8358127287028487	0.9649122807017544
633_H-120	21.0	20.0	3.3740347580861068	0.8528531079445305	0.9861751152073732
634_H-120	19.0	17.0	3.250432799982141	0.8540696909927679	0.9794871794871794
635_H-120	20.0	18.0	3.4869436884410034	0.8828254847645429	0.9789473684210527
636_H-120	14.333333333333334	14.0	3.0412290992583633	0.8242117151491102	0.988950276243094
637_H-120	21.5	20.0	3.4349565255546377	0.8680725623582767	0.9809523809523809
638_H-120	26.25	21.0	3.257216470340235	0.8334626038781163	0.9631578947368421
639_H-120	16.75	16.0	3.1879350792194097	0.8475897920604915	0.9836956521739131
63_H-120	19.0	16.0	3.10014544376535	0.8281922901859179	0.9763313609467456
640_H-120	22.333333333333332	19.0	3.3390384054375417	0.8623492557482444	0.9773755656108597
641_H-120	27.6	22.0	3.49935998312824	0.8700936524453694	0.9483870967741935
642_H-120	38.0	20.0	3.3350688017413144	0.8652924952823342	0.9457831325301205
643_H-120	26.0	21.0	3.6063969908706555	0.8851612903225807	0.9612903225806452
644_H-120	27.0	20.0	3.277794492093974	0.845207756232687	0.9631578947368421
645_H-120	20.333333333333332	17.0	3.227333028358373	0.862525720164609	0.9768518518518519
646_H-120	14.0	13.0	3.1257809810176163	0.8436783967716562	0.9883040935672515
647_H-120	13.0	13.0	2.9903324402397824	0.8158411997379214	0.9950738916256158
648_H-120	26.0	16.0	3.131307216550112	0.8435645564505947	0.9748743718592965
649_H-120	17.75	17.0	3.19199173020438	0.8370768229166667	0.984375
64_H-120	31.5	21.0	3.3327700191433816	0.8480491863905326	0.9663461538461539
650_H-120	17.0	16.0	3.256164376521069	0.8565910585141354	0.9807692307692307
651_H-120	19.2	18.0	3.2562978312796114	0.8495020408163265	0.9771428571428571
652_H-120	17.0	17.0	3.311999752737909	0.8600802951388888	0.9947916666666666
653_H-120	18.75	18.0	3.237294079907825	0.8292393497092678	0.9811320754716981
654_H-120	19.166666666666668	19.0	3.4564078436897225	0.8710726643598616	0.9882352941176471
655_H-120	22.5	20.0	3.39629065856742	0.8683446712018141	0.9761904761904762
656_H-120	18.5	17.0	3.117225913362478	0.8211897342530023	0.9763313609467456
657_H-120	28.5	21.0	3.4407738314719616	0.8563839579224195	0.9692307692307692
658_H-120	16.6	16.0	3.135306109863744	0.840312358533273	0.9840425531914894
659_H-120	19.6	19.0	3.3400747260421864	0.850646352723915	0.9868421052631579
65_H-120	23.0	18.0	3.1032255812806877	0.816933409068128	0.9653179190751445
660_H-120	25.75	22.0	3.4444818013605696	0.8635353022531118	0.9748953974895398
661_H-120	35.0	21.0	3.4111882001269076	0.859316507668156	0.9560439560439561
662_H-120	19.0	16.0	3.2056913769821214	0.850268544055741	0.9759036144578314
663_H-120	20.0	18.0	3.3102293003310757	0.8511394977500363	0.9759036144578314
664_H-120	47.0	19.0	3.0765703980151478	0.8135123966942148	0.9636363636363636
665_H-120	21.0	20.0	3.3272156858559643	0.8388271604938271	0.9777777777777777
666_H-120	15.5	14.0	3.271633466169929	0.8746730083234244	0.9793103448275862
667_H-120	28.0	18.0	3.198128407990702	0.8296735614155475	0.9752475247524752
668_H-120	16.75	16.0	3.300047706366209	0.8751937819873007	0.9861751152073732
669_H-120	24.0	19.0	3.178508801038026	0.8218836565096953	0.968421052631579
66_H-120	23.0	22.0	3.589829640412614	0.876347457374063	0.9781420765027322
670_H-120	22.0	17.0	3.2121531184855914	0.8441297743055556	0.9739583333333334
671_H-120	20.0	18.0	3.009232295741913	0.7870477166901619	0.9673202614379085
672_H-120	20.333333333333332	17.0	3.1966682269773585	0.852517006802721	0.9761904761904762
673_H-120	29.0	19.0	3.361138840032893	0.8575547866205305	0.9754901960784313
674_H-120	20.333333333333332	17.0	3.3733748136189377	0.8775256152446615	0.9717514124293786
675_H-120	18.0	17.0	3.2493614717579073	0.841522491349481	0.9823529411764705
676_H-120	19.0	18.0	3.022190447143836	0.8115992663114684	0.9813084112149533
677_H-120	19.5	19.0	3.382191128096171	0.8587061728395062	0.9866666666666667
678_H-120	15.0	15.0	3.1427422320934237	0.8430179016643831	1.0
679_H-120	16.0	16.0	3.364645886479126	0.867118847940125	0.9942196531791907
67_H-120	27.0	20.0	3.3323281030728307	0.8482671174978866	0.9615384615384616
680_H-120	23.333333333333332	20.0	3.239961492871575	0.8279221494853314	0.9765258215962441
681_H-120	16.0	16.0	3.2653639028436543	0.8521050347222222	0.9947916666666666
682_H-120	20.5	19.0	3.3429633773675884	0.8538200909618143	0.9779005524861879
683_H-120	21.333333333333332	18.0	3.241555759788495	0.8421550094517958	0.9728260869565217
684_H-120	26.0	16.0	3.3060793042968077	0.8730193905817174	0.9736842105263158
685_H-120	25.0	20.0	3.6007956928814715	0.8916772865405352	0.9752475247524752
686_H-120	14.0	14.0	2.963605246505501	0.7983020408163265	0.9942857142857143
687_H-120	14.0	14.0	3.198676174027049	0.851948797016745	0.9940119760479041
688_H-120	19.0	17.0	2.988567149496536	0.7994001810774106	0.9787234042553191
689_H-120	18.2	18.0	3.228363947742366	0.8288681727835168	0.9894179894179894
68_H-120	17.25	17.0	3.1206542833104898	0.8020982993083631	0.9884393063583815
690_H-120	28.0	21.0	3.2343315820508054	0.8356568998109641	0.9565217391304348
691_H-120	17.0	17.0	3.2219672342128516	0.8342846677451848	0.994475138121547
692_H-120	20.5	20.0	3.3968145187385725	0.8457795918367348	0.9828571428571429
693_H-120	17.0	16.0	3.178847977318037	0.8439272211720227	0.9836956521739131
694_H-120	23.0	18.0	3.2765350983391746	0.856839196513976	0.9690721649484536
695_H-120	27.0	20.0	3.2478408331432114	0.8431903373594336	0.9642857142857143
696_H-120	15.0	15.0	2.926543168275833	0.7741664567061393	0.9947089947089947
697_H-120	18.5	17.0	3.207497679726191	0.8443495114908429	0.9748427672955975
698_H-120	19.5	18.0	3.2947775191619675	0.8525614327363599	0.9795918367346939
699_H-120	16.0	16.0	3.3452224998907014	0.8657063711911357	0.9947368421052631
69_H-120	21.333333333333332	18.0	3.313005809514908	0.863777607003241	0.9710982658959537
6_H-120	34.0	19.0	3.274528065485496	0.8359682068302909	0.9719626168224299
700_H-120	13.0	13.0	3.105542894935304	0.8439890101730155	0.9950248756218906
701_H-120	19.5	18.0	3.441492692387062	0.8657270220825066	0.9847715736040609
702_H-120	20.0	18.0	3.3193105578559217	0.8500663197632894	0.9797979797979798
703_H-120	19.5	18.0	3.2541913725320484	0.8361904761904762	0.9809523809523809
704_H-120	25.5	18.0	3.2754249031021265	0.8485018426534209	0.9620253164556962
705_H-120	17.0	16.0	3.0612294572647825	0.8158788534342889	0.986046511627907
706_H-120	25.25	20.0	3.2228032627251517	0.8301499999999999	0.965
707_H-120	15.333333333333334	15.0	3.1278742881655166	0.8445429293717425	0.9888268156424581
708_H-120	16.5	15.0	3.2429897322142947	0.8569234404536862	0.9836956521739131
709_H-120	18.6	18.0	3.35309267022426	0.8533849826584388	0.9798657718120806
70_H-120	18.5	17.0	3.3026191508347944	0.847530718336484	0.9836956521739131
710_H-120	16.2	16.0	3.071243520196813	0.8172381251966027	0.9893048128342246
711_H-120	17.333333333333332	17.0	3.334230371695787	0.8478236914600551	0.9878787878787879
712_H-120	14.5	14.0	3.0585226110586263	0.8262984878369494	0.9897435897435898
713_H-120	21.5	20.0	3.2177004103004885	0.816623839962624	0.9815668202764977
714_H-120	27.0	20.0	3.3009093480167935	0.849963476990504	0.9621621621621621
715_H-120	21.0	15.0	3.0939153391849543	0.8326664614753257	0.9766081871345029
716_H-120	18.0	17.0	3.240730159216832	0.8500096116878124	0.9852941176470589
717_H-120	17.0	17.0	3.3515442634794526	0.8616456170512905	0.9953051643192489
718_H-120	20.5	18.0	3.1284020598588014	0.8106574394463668	0.9705882352941176
719_H-120	15.0	15.0	3.1657989738005523	0.8375623268698061	0.9947368421052631
71_H-120	19.428571428571427	19.0	3.153771851512727	0.8130807817768153	0.9842931937172775
720_H-120	21.0	19.0	3.3472999054764228	0.861499637574163	0.9740932642487047
721_H-120	21.5	19.0	3.3302298874064937	0.8560544217687075	0.9761904761904762
722_H-120	22.333333333333332	19.0	3.189593931401672	0.822509190310114	0.9757281553398058
723_H-120	17.6	17.0	3.176574748266339	0.8308342945021145	0.9852941176470589
724_H-120	15.2	15.0	3.16181125084729	0.8454729109274564	0.9878787878787879
725_H-120	17.0	16.0	3.2503639252604235	0.8482065565132297	0.9815950920245399
726_H-120	23.0	18.0	3.215567114280473	0.8411235302656409	0.963855421686747
727_H-120	40.0	19.0	3.239193102182883	0.8455856619204627	0.9699570815450643
728_H-120	23.0	18.0	3.1324016902225984	0.8219983775013521	0.9651162790697675
729_H-120	14.0	14.0	3.305493592300626	0.8721694667640614	0.9945945945945946
72_H-120	27.0	20.0	3.27545543035206	0.8444253537007704	0.9637305699481865
730_H-120	18.0	17.0	3.226351931426813	0.8375308641975309	0.9833333333333333
731_H-120	21.5	19.0	3.293422396572281	0.8550083298625573	0.9744897959183674
732_H-120	18.5	17.0	3.1916909000651037	0.8447058823529412	0.9764705882352941
733_H-120	16.0	13.0	2.9770061521175326	0.82803324099723	0.9842105263157894
734_H-120	28.0	21.0	3.378104475932466	0.849007561436673	0.9619565217391304
735_H-120	17.25	17.0	3.316971132857529	0.8627310460151094	0.9890710382513661
736_H-120	23.0	18.0	3.396388906999579	0.8740440229160384	0.9738219895287958
737_H-120	21.333333333333332	18.0	3.20818900520213	0.8279333123623781	0.9732620320855615
738_H-120	18.75	18.0	3.4343177543051606	0.8747805547575729	0.9830508474576272
739_H-120	19.5	18.0	3.177950097369707	0.8328777453105853	0.9805825242718447
73_H-120	14.0	14.0	3.1541813556457976	0.8371481044927496	1.0
740_H-120	15.5	14.0	2.9372755860669595	0.8106425908826648	0.9824561403508771
741_H-120	17.0	16.0	3.31173214951343	0.8726802171443	0.9831460674157303
742_H-120	18.0	17.0	3.326359976179843	0.8566598236927907	0.9835164835164835
743_H-120	23.333333333333332	20.0	3.596447718008056	0.8905707465277778	0.9739583333333334
744_H-120	17.0	17.0	3.2974653763048773	0.8424604898259214	0.9942196531791907
745_H-120	18.0	18.0	3.3128664699965165	0.8422255287490701	0.9948453608247423
746_H-120	17.166666666666668	17.0	3.302380362077483	0.8586368737883889	0.98989898989899
747_H-120	19.6	19.0	3.4267007964267466	0.8679894429258177	0.9854368932038835
748_H-120	17.0	16.0	3.2259808312294598	0.8490583315527609	0.9834254143646409
749_H-120	14.0	14.0	3.2100277667149535	0.8550557477893118	0.9950980392156863
74_H-120	16.166666666666668	16.0	3.218444540943712	0.8595580243931893	0.989010989010989
750_H-120	39.0	18.0	3.2204852181700336	0.8451234567901235	0.9611111111111111
751_H-120	21.2	20.0	3.320053913462104	0.8470570749108204	0.9827586206896551
752_H-120	17.5	16.0	3.27336658062432	0.861043034996569	0.9851485148514851
753_H-120	26.0	16.0	3.2923434055409486	0.8716441309033902	0.9735449735449735
754_H-120	20.0	18.0	3.269655041143006	0.8474063148906441	0.9823788546255506
755_H-120	17.5	16.0	3.108761397838042	0.8249711649365629	0.9852941176470589
756_H-120	33.0	21.0	3.160321877517917	0.8185137792203738	0.9497206703910615
757_H-120	24.0	19.0	3.3142247005473364	0.84565	0.975
758_H-120	17.2	17.0	3.0070749518282165	0.7985363017680653	0.9883040935672515
759_H-120	20.5	19.0	3.3822992135757155	0.8627698522913774	0.9775280898876404
75_H-120	20.5	19.0	3.2309354171219917	0.8397767733138052	0.9798994974874372
760_H-120	19.2	18.0	3.2951909785322395	0.8552528256989886	0.9804878048780488
761_H-120	14.5	14.0	2.958728684572978	0.8087679516250945	0.9894179894179894
762_H-120	25.5	18.0	3.3066071612188597	0.8635924853345214	0.9701492537313433
763_H-120	17.0	17.0	3.456281626895598	0.8742283950617284	0.9953703703703703
764_H-120	19.5	18.0	3.2674117471986204	0.856186224489796	0.9821428571428571
765_H-120	20.0	15.0	3.1436399973080915	0.8504013918989042	0.9723756906077348
766_H-120	18.2	18.0	3.4182380620826254	0.8657211455162002	0.9900497512437811
767_H-120	24.0	19.0	3.2314513632262205	0.835909631391201	0.9655172413793104
768_H-120	15.333333333333334	15.0	3.2689221779073256	0.8551020408163266	0.9857142857142858
769_H-120	14.333333333333334	14.0	3.017819543066317	0.8134291843878204	0.9877300613496932
76_H-120	14.0	14.0	3.05883777929171	0.82703125	0.99375
770_H-120	20.5	20.0	3.385755001859512	0.8596523668639053	0.9855769230769231
771_H-120	22.0	20.0	3.33151281310368	0.8471450411317916	0.9753694581280788
772_H-120	16.0	16.0	3.1771836519806493	0.8391432411564529	0.9946524064171123
773_H-120	26.0	19.0	3.1932292305578374	0.8307357945608967	0.9625668449197861
774_H-120	25.25	20.0	3.160531023840857	0.8187900674673162	0.962962962962963
775_H-120	19.5	18.0	3.3872349790098473	0.8699923151458452	0.976878612716763
776_H-120	21.0	18.0	3.5155456825894045	0.8784567901234568	0.9833333333333333
777_H-120	20.5	19.0	3.4404453352910345	0.8711553248750481	0.9803921568627451
778_H-120	22.0	20.0	3.103505035008915	0.80560461099575	0.9779735682819384
779_H-120	20.0	17.0	3.1155990845265067	0.8082361484898971	0.9738562091503268
77_H-120	22.0	17.0	3.2872002288601414	0.8612703402366864	0.9759615384615384
780_H-120	21.5	19.0	3.349594482908427	0.8653948347327027	0.9742268041237113
781_H-120	27.0	20.0	3.2975390728551397	0.8544735373340775	0.9655172413793104
782_H-120	31.5	21.0	3.3483476070360414	0.8455991124260356	0.9663461538461539
783_H-120	17.0	16.0	3.243735449716058	0.8568440726237095	0.9858490566037735
784_H-120	18.0	18.0	3.4511376979787713	0.8646942800788955	1.0
785_H-120	18.5	17.0	3.1723583619568814	0.8340619092627599	0.9782608695652174
786_H-120	21.0	20.0	3.2039098795011447	0.8188196847366398	0.9803921568627451
787_H-120	14.333333333333334	14.0	3.229043582081624	0.8637475345167653	0.9897435897435898
788_H-120	17.5	16.0	3.2216891102879943	0.8530170879316483	0.9858490566037735
789_H-120	22.5	20.0	3.4148186273824837	0.8636220652577997	0.9732620320855615
78_H-120	20.5	18.0	3.20232210725026	0.8387326450694197	0.9685534591194969
790_H-120	18.75	18.0	3.373631008166083	0.8597560975609756	0.9817073170731707
791_H-120	25.0	18.0	2.9922872205129205	0.7944179130086648	0.9625668449197861
792_H-120	18.5	17.0	3.250558461030992	0.8402673911052776	0.9834254143646409
793_H-120	22.5	21.0	3.296048843139255	0.8225115055884287	0.9794871794871794
794_H-120	21.333333333333332	18.0	3.246435102803651	0.8471794871794872	0.9743589743589743
795_H-120	18.0	16.0	3.2726328503582276	0.8676043534254185	0.9798994974874372
796_H-120	18.75	18.0	3.2378684681435677	0.8372996257326459	0.9873949579831933
797_H-120	23.0	18.0	3.271022001495579	0.8424736149603875	0.9735449735449735
798_H-120	15.5	15.0	3.331091573687021	0.8650519031141869	0.9869281045751634
799_H-120	25.25	20.0	3.2905145246026333	0.8570612730517548	0.9658536585365853
79_H-120	17.75	17.0	3.1075677968136097	0.8226592797783934	0.9842105263157894
7_H-120	20.0	19.0	3.3600653164276935	0.8543104201240284	0.985981308411215
800_H-120	18.0	18.0	3.414833104727152	0.8649142857142857	0.9942857142857143
801_H-120	29.5	19.0	3.1526848720019025	0.8236208761492698	0.9593023255813954
802_H-120	18.75	18.0	3.2596010239309106	0.8438081865632917	0.9834254143646409
803_H-120	12.0	12.0	2.8990599449857197	0.80578125	0.99375
804_H-120	18.5	17.0	3.18763035442577	0.8421736602715366	0.9766081871345029
805_H-120	32.333333333333336	23.0	3.5275063324536826	0.8717999999999999	0.96
806_H-120	17.0	17.0	3.4042960419750017	0.8722366473343202	0.9950738916256158
807_H-120	17.0	15.0	3.076002703098121	0.8397329867674859	0.9782608695652174
808_H-120	18.6	18.0	3.313170307738862	0.8587183385297225	0.9847715736040609
809_H-120	13.0	12.0	3.001346320525959	0.8308881088861393	0.9899497487437185
80_H-120	18.5	17.0	3.084229256817194	0.8193508550565116	0.9792746113989638
810_H-120	16.75	16.0	3.0874349690571763	0.8285835044076802	0.9835164835164835
811_H-120	18.0	18.0	3.287016168402338	0.8368739891998574	0.9947643979057592
812_H-120	21.666666666666668	20.0	3.389271013448979	0.85466869718415	0.9726775956284153
813_H-120	14.0	14.0	2.9074670091837325	0.7914271604938272	0.9955555555555555
814_H-120	16.0	15.0	3.0212647713709497	0.8157596371882085	0.9821428571428571
815_H-120	17.333333333333332	17.0	3.385262207848419	0.8683885194961409	0.9884393063583815
816_H-120	33.0	18.0	3.214849359881393	0.8326372414714825	0.9653179190751445
817_H-120	17.5	16.0	3.152436373848321	0.8406575520833334	0.984375
818_H-120	26.0	19.0	3.2013722596400696	0.8413244679073808	0.9595375722543352
819_H-120	18.6	18.0	3.183714595795838	0.8248369306570364	0.9841269841269842
81_H-120	15.0	14.0	2.9048998433648503	0.7965199685316303	0.9795918367346939
820_H-120	16.333333333333332	16.0	3.260521844760506	0.8570868676688783	0.9894179894179894
821_H-120	18.2	18.0	3.3591063108171637	0.86083984375	0.9895833333333334
822_H-120	16.75	16.0	3.0443577515615066	0.8045634920634921	0.9821428571428571
823_H-120	15.0	15.0	3.1446096772973493	0.8330084470435348	0.9941520467836258
824_H-120	14.333333333333334	14.0	3.068903902029294	0.8380095119537808	0.9887005649717514
825_H-120	17.0	17.0	3.358204550672779	0.8706994328922495	0.9956521739130435
826_H-120	22.0	17.0	3.1148345163974893	0.8245061015573796	0.9720670391061452
827_H-120	18.0	18.0	3.2828987908193787	0.8325365818146522	0.9950738916256158
828_H-120	18.25	18.0	3.281474736727214	0.8436434793586669	0.9887640449438202
829_H-120	25.0	20.0	3.380393749735382	0.8449371518154587	0.9735449735449735
82_H-120	20.5	20.0	3.5038454533991397	0.8769092885337808	0.9868995633187773
830_H-120	18.6	18.0	3.2982991937758075	0.8500284646419642	0.9850746268656716
831_H-120	23.75	20.0	3.29353461504733	0.8362161124969162	0.9685863874345549
832_H-120	20.333333333333332	17.0	3.077315361707838	0.8247580932540226	0.9738219895287958
833_H-120	20.333333333333332	17.0	3.174516954799194	0.8396346398427563	0.9731182795698925
834_H-120	18.5	18.0	3.203868332086689	0.8226096291628743	0.9903381642512077
835_H-120	18.75	18.0	3.208811729865284	0.8290287012596478	0.9826589595375722
836_H-120	22.0	16.0	3.2108818901569296	0.8392862037773088	0.9790575916230366
837_H-120	23.0	18.0	3.2423015824651142	0.840651878678135	0.973404255319149
838_H-120	19.0	16.0	3.131981488123139	0.8318089990817263	0.9757575757575757
839_H-120	19.5	17.0	3.09773665530828	0.8268797176747378	0.9752475247524752
83_H-120	18.75	18.0	3.4716679039903906	0.8781884587289992	0.9837837837837837
840_H-120	17.25	17.0	3.3448578951011054	0.8639256198347107	0.990909090909091
841_H-120	30.333333333333336	21.0	3.3438761453236863	0.8553249751671186	0.9585492227979274
842_H-120	15.333333333333334	15.0	3.1451723570322376	0.8421671258034894	0.9878787878787879
843_H-120	18.6	18.0	3.398870325627061	0.8708809925060059	0.9820359281437125
844_H-120	20.75	20.0	3.4005819689922183	0.8583419421487604	0.9772727272727273
845_H-120	16.75	16.0	3.1932460557790683	0.84617202268431	0.9836956521739131
846_H-120	21.5	20.0	3.421807160877601	0.8550170068027211	0.9761904761904762
847_H-120	21.0	18.0	3.372161286978245	0.863514033064206	0.9803921568627451
848_H-120	16.5	16.0	3.232964406746443	0.8381171921475312	0.9878048780487805
849_H-120	15.333333333333334	15.0	3.278263963091583	0.8687226435898293	0.9884393063583815
84_H-120	19.2	18.0	3.156630766575202	0.8191379794638121	0.9776536312849162
850_H-120	26.5	19.0	3.2603348219165293	0.8289794687645624	0.9685863874345549
851_H-120	20.0	14.0	3.0947143090456457	0.8462746045163627	0.978021978021978
852_H-120	18.5	17.0	3.3380224570373205	0.8668001033057852	0.9772727272727273
853_H-120	18.75	18.0	3.2603058746772486	0.8414901387874361	0.9837837837837837
854_H-120	20.2	19.0	3.2026375658572914	0.8278600137241447	0.9801980198019802
855_H-120	20.0	18.0	3.355924059053849	0.8608767765735366	0.9786096256684492
856_H-120	19.5	18.0	3.2477758115379753	0.8405321295441333	0.9766081871345029
857_H-120	19.0	18.0	3.327034468253973	0.8545	0.985
858_H-120	18.6	18.0	3.3649661970085063	0.8642379661198958	0.9844559585492227
859_H-120	21.0	19.0	3.240068794549926	0.8349366229062924	0.973404255319149
85_H-120	20.0	18.0	3.348463264276687	0.8749660479855138	0.9829787234042553
860_H-120	16.0	16.0	3.1536849945270045	0.8229682405506581	0.9945054945054945
861_H-120	17.333333333333332	17.0	3.295364943198262	0.8482053132005463	0.9898477157360406
862_H-120	22.0	20.0	3.208479737326118	0.800499575831841	0.9805825242718447
863_H-120	21.5	19.0	3.263409615458775	0.8382184149379917	0.9735449735449735
864_H-120	19.6	19.0	3.4290120656373015	0.8680365727212744	0.9854368932038835
865_H-120	14.0	14.0	3.1383094693458546	0.8414070063465883	0.9940119760479041
866_H-120	14.0	14.0	2.989410070406526	0.8071543380869328	1.0
867_H-120	19.6	19.0	3.5612463763529196	0.8939344618055556	0.984375
868_H-120	20.5	19.0	3.495795085955538	0.8779149519890261	0.9788359788359788
869_H-120	17.75	17.0	3.3528185438384748	0.8710779150308021	0.9830508474576272
86_H-120	17.5	16.0	2.993423730390191	0.8022932903341395	0.9781420765027322
870_H-120	19.0	17.0	3.1617783071311574	0.8255401662049862	0.9789473684210527
871_H-120	25.5	18.0	3.146395886818711	0.8370708895738124	0.9690721649484536
872_H-120	18.2	17.0	3.102362055063836	0.8333813917723952	0.9803921568627451
873_H-120	17.5	16.0	3.229824418942167	0.8441975308641976	0.9833333333333333
874_H-120	25.0	20.0	3.323707999198031	0.8531746890210925	0.9720930232558139
875_H-120	17.75	17.0	3.2010754851103584	0.8334238897309045	0.983957219251337
876_H-120	20.5	19.0	3.5758414810309693	0.8913395310324062	0.9754601226993865
877_H-120	17.5	16.0	3.1441944510150672	0.8307805325987144	0.9818181818181818
878_H-120	21.0	19.0	3.3815712627416183	0.8535953443877551	0.9821428571428571
879_H-120	18.25	18.0	3.367672154172034	0.8631308641975308	0.9911111111111112
87_H-120	19.0	17.0	3.2553982760333513	0.8503353057199211	0.9794871794871794
880_H-120	23.0	18.0	3.2266363357477545	0.8432110300244944	0.9748743718592965
881_H-120	20.0	18.0	3.278379072696952	0.8365162037037037	0.9722222222222222
882_H-120	17.75	17.0	3.269741797459764	0.851280276816609	0.9823529411764705
883_H-120	20.0	18.0	3.3355463805006837	0.8645538128718226	0.9813953488372094
884_H-120	22.333333333333332	19.0	3.3526885962259416	0.8575308641975309	0.9722222222222222
885_H-120	23.0	18.0	3.225285032892245	0.8304988472718768	0.9710982658959537
886_H-120	21.333333333333332	18.0	3.3263744948046523	0.86159634506853	0.9726775956284153
887_H-120	24.5	22.0	3.4517824616344304	0.856216966938004	0.9627329192546584
888_H-120	23.0	18.0	3.2829192606250865	0.8479080932784636	0.9768518518518519
889_H-120	18.75	18.0	3.333863032216727	0.8546507634898468	0.9856459330143541
88_H-120	23.5	16.0	3.0308309015587844	0.8337654320987654	0.9666666666666667
890_H-120	16.5	15.0	3.1794145399036258	0.845666489809931	0.9832402234636871
891_H-120	22.0	20.0	3.3053372235038254	0.8522270389254509	0.976303317535545
892_H-120	16.5	15.0	3.1139174957861036	0.8350935485146949	0.9811320754716981
893_H-120	25.0	20.0	3.3360907494139105	0.8485060001610782	0.9689119170984456
894_H-120	29.5	19.0	3.266354856951268	0.84405	0.965
895_H-120	15.5	15.0	3.0418734787731467	0.7956411586947896	0.988950276243094
896_H-120	16.25	16.0	3.2161443162775067	0.8528433198009828	0.988950276243094
897_H-120	17.0	16.0	3.1360570030727337	0.8263739270202798	0.9824561403508771
898_H-120	25.5	18.0	3.3232755120689013	0.8648479800083299	0.9693877551020408
899_H-120	19.0	18.0	3.3517154296104	0.8546968590211833	0.9837837837837837
89_H-120	16.333333333333332	16.0	3.1901346168830056	0.8343572778827977	0.9891304347826086
8_H-120	19.0	16.0	3.256916486147531	0.864471353345143	0.9802955665024631
900_H-120	21.0	21.0	3.4482388982571766	0.8608	0.995
901_H-120	46.0	18.0	3.1362704564521993	0.8297563438959727	0.9550561797752809
902_H-120	15.0	14.0	3.095575670819273	0.8349584487534627	0.9894736842105263
903_H-120	26.0	16.0	3.108374019723043	0.8283833141099577	0.9754901960784313
904_H-120	23.0	20.0	3.2588795455392203	0.8418763306700854	0.9712918660287081
905_H-120	17.6	17.0	3.2258824587633663	0.8470081836539484	0.9845360824742269
906_H-120	21.5	19.0	3.2388296998841097	0.8309073751036632	0.9732620320855615
907_H-120	19.0	17.0	3.373965414417665	0.874269108224502	0.9763313609467456
908_H-120	18.0	16.0	2.927681372043777	0.7770700636942675	0.9745222929936306
909_H-120	19.75	19.0	3.2932667997715277	0.8440023068050749	0.9852941176470589
90_H-120	26.0	21.0	3.344307674441223	0.8355854278979673	0.9710144927536232
910_H-120	20.5	19.0	3.2253119777894397	0.8295177173638583	0.981651376146789
911_H-120	21.666666666666668	20.0	3.3803598874855556	0.8603086419753087	0.9722222222222222
912_H-120	17.75	17.0	3.121817839114837	0.8248929201310153	0.9841269841269842
913_H-120	24.5	17.0	2.886940863244166	0.7728020727565561	0.9644970414201184
914_H-120	18.142857142857142	18.0	3.3762105604096644	0.8658131487889273	0.9882352941176471
915_H-120	20.0	17.0	3.2851679034505614	0.8617763431903374	0.9795918367346939
916_H-120	22.2	21.0	3.4967090451799026	0.8743750612685031	0.9801980198019802
917_H-120	19.0	18.0	3.4381706066479074	0.8814451358241276	0.9842931937172775
918_H-120	17.0	17.0	3.5081504051189727	0.8867822145615882	0.9943502824858758
919_H-120	18.75	18.0	3.4223521820856435	0.8740184519585175	0.9856459330143541
91_H-120	20.0	18.0	3.2511468934457994	0.8474875852200994	0.981651376146789
920_H-120	20.333333333333332	17.0	3.244680098603971	0.8622396078801018	0.9757281553398058
921_H-120	19.5	18.0	3.29508998063851	0.8519263302371605	0.9774011299435028
922_H-120	15.0	15.0	3.1954828317722677	0.8479467975206612	0.9943181818181818
923_H-120	24.25	19.0	3.0221103416636206	0.7820752984389348	0.9575757575757575
924_H-120	15.333333333333334	15.0	3.1756171050361455	0.8405147959031324	0.9890710382513661
925_H-120	24.5	17.0	3.1493135125356506	0.8399849526349988	0.9649122807017544
926_H-120	18.0	17.0	3.331540560012639	0.8634903047091413	0.9842105263157894
927_H-120	21.0	18.0	3.319154982563744	0.84955	0.98
928_H-120	17.0	16.0	3.287636919763721	0.8575937381643732	0.9831460674157303
929_H-120	19.0	17.0	3.2175389221784743	0.8422514563481347	0.9751552795031055
92_H-120	24.0	19.0	3.2000269639453633	0.8319991919395975	0.9698492462311558
930_H-120	20.5	18.0	3.239322756196523	0.847918188458729	0.972972972972973
931_H-120	25.0	20.0	3.468039579347777	0.8790581717451523	0.968421052631579
932_H-120	32.0	18.0	2.9193330046862758	0.7891779396462019	0.9483870967741935
933_H-120	15.25	15.0	3.2312312591228403	0.8568820984315846	0.9883720930232558
934_H-120	22.0	16.0	3.262307667181982	0.8545238756597056	0.9798994974874372
935_H-120	15.0	15.0	3.133867677360194	0.836401384083045	0.9941176470588236
936_H-120	32.0	17.0	3.333951141063909	0.8652199158078095	0.963855421686747
937_H-120	18.0	17.0	3.281871399926062	0.8553875236294896	0.9836956521739131
938_H-120	18.75	18.0	3.1625956888169795	0.8196847366397539	0.9852941176470589
939_H-120	28.5	18.0	3.1221687147702473	0.8304498269896194	0.9625668449197861
93_H-120	17.0	16.0	3.3462521040927613	0.8697174468681068	0.9822485207100592
940_H-120	19.5	18.0	3.33324197573043	0.8590465841173611	0.9786096256684492
941_H-120	22.0	20.0	3.3757608149437486	0.8674637388774449	0.9769585253456221
942_H-120	18.75	18.0	3.3399277854123226	0.8615821978237428	0.9851485148514851
943_H-120	22.333333333333332	19.0	3.380165178766694	0.8663143121622026	0.9726775956284153
944_H-120	14.333333333333334	14.0	3.086449606658357	0.8432716049382716	0.9888888888888889
945_H-120	20.0	18.0	3.260523297157891	0.8477562326869806	0.9789473684210527
946_H-120	17.2	17.0	3.40140807894174	0.8760976239669421	0.9886363636363636
947_H-120	22.0	20.0	3.452693611857742	0.8688398802009851	0.9800995024875622
948_H-120	20.5	20.0	3.655756189180091	0.8968915166173967	0.9836065573770492
949_H-120	27.0	17.0	3.3852791901462504	0.8693978033076631	0.9719101123595506
94_H-120	15.5	14.0	2.723785867392948	0.7447058823529411	0.9823529411764705
950_H-120	19.0	17.0	3.1117985354025115	0.826193510440153	0.9801980198019802
951_H-120	15.0	15.0	3.3212092219466163	0.861215427208684	0.9947643979057592
952_H-120	18.0	17.0	3.301972278033701	0.8570138130904438	0.9815950920245399
953_H-120	21.0	19.0	3.4291974544386887	0.8770378078390566	0.9731182795698925
954_H-120	23.75	20.0	3.280669448226666	0.8310009182736455	0.9636363636363636
955_H-120	19.5	18.0	3.245406400288208	0.8470087623526777	0.9788359788359788
956_H-120	22.0	17.0	3.1022423542434585	0.8241965973534972	0.9728260869565217
957_H-120	24.5	17.0	3.040038842481577	0.8070882674057277	0.9682539682539683
958_H-120	20.0	17.0	3.4062481467694132	0.8743018539361634	0.9861751152073732
959_H-120	19.5	18.0	3.2482270480946625	0.8413737882124167	0.9786096256684492
95_H-120	23.0	18.0	3.2602693394647813	0.853684585261659	0.9622641509433962
960_H-120	17.75	17.0	3.333399289097452	0.8614636780988387	0.9813664596273292
961_H-120	15.0	15.0	3.1106906489432427	0.8353829448751294	1.0
962_H-120	19.0	16.0	3.202094047704006	0.8363715277777778	0.984375
963_H-120	19.0	17.0	3.1990460472402287	0.83844838921762	0.9794871794871794
964_H-120	14.0	14.0	3.144488773434839	0.8424626527840652	1.0
965_H-120	19.0	17.0	3.099008871857522	0.8186133311696215	0.9745222929936306
966_H-120	18.166666666666668	18.0	3.2779552102450276	0.8427364663890541	0.9902439024390244
967_H-120	21.0	19.0	3.4071773845185045	0.8578168094062999	0.9759036144578314
968_H-120	20.0	17.0	3.0491990185815165	0.8028448460059217	0.9779005524861879
969_H-120	20.5	19.0	3.338124757488176	0.8571024601753229	0.9805825242718447
96_H-120	17.25	17.0	3.212451713168407	0.8341426754538097	0.989247311827957
970_H-120	18.5	17.0	3.1897718031170057	0.8378744834710744	0.9772727272727273
971_H-120	16.333333333333332	16.0	3.3259292075000033	0.8510135650053345	0.9876543209876543
972_H-120	21.5	19.0	3.203299681090504	0.8212846009137329	0.9726775956284153
973_H-120	19.0	16.0	3.0584306221061777	0.8187	0.98
974_H-120	19.5	19.0	3.2917619595164447	0.839621638856414	0.9845360824742269
975_H-120	16.6	16.0	3.0499435678289974	0.8141403630477512	0.9838709677419355
976_H-120	16.2	16.0	3.2387785102154014	0.8458387311368649	0.9881656804733728
977_H-120	19.0	17.0	3.210691767689475	0.8373022065478606	0.9776536312849162
978_H-120	18.5	17.0	3.011122646769416	0.8036112674881675	0.9817351598173516
979_H-120	19.5	18.0	3.130404606030761	0.8258503401360544	0.9809523809523809
97_H-120	21.5	19.0	3.292518524089105	0.8587520030163069	0.9757281553398058
980_H-120	19.0	16.0	3.0065172022417483	0.8136916502301117	0.9743589743589743
981_H-120	20.333333333333332	17.0	3.1867540700626025	0.840553633217993	0.9705882352941176
982_H-120	16.0	15.0	3.1615889709502056	0.8482568476384345	0.9847715736040609
983_H-120	16.333333333333332	16.0	3.2779519251797535	0.8593768868494143	0.989010989010989
984_H-120	22.2	21.0	3.4056126555924067	0.84398891966759	0.9789473684210527
985_H-120	29.5	19.0	3.14798530497395	0.8230712758147404	0.96045197740113
986_H-120	39.0	18.0	3.159814728313513	0.8336046474512433	0.96045197740113
987_H-120	23.75	20.0	3.3618565439694645	0.8555904886908214	0.9668508287292817
988_H-120	17.333333333333332	17.0	3.3096642239896465	0.8429106404958678	0.9886363636363636
989_H-120	18.0	15.0	3.0245136494994376	0.8175069252077563	0.9789473684210527
98_H-120	19.6	19.0	3.3641980913226717	0.8497601624592976	0.9822485207100592
990_H-120	17.0	16.0	3.20733790957696	0.8320508874525495	0.9883040935672515
991_H-120	19.6	19.0	3.5371965314733202	0.8792387543252596	0.9823529411764705
992_H-120	22.5	20.0	3.368907185264397	0.8551531452638602	0.9771689497716896
993_H-120	29.333333333333336	20.0	3.391807688444873	0.8700180678074184	0.9587628865979382
994_H-120	17.5	16.0	3.0845278690281326	0.8182486607611779	0.9822485207100592
995_H-120	20.0	18.0	3.312063393574339	0.8515542337498927	0.9786096256684492
996_H-120	16.25	16.0	3.1537176158974267	0.8328727813795302	0.9896907216494846
997_H-120	22.75	19.0	3.313159762604305	0.8514127423822715	0.968421052631579
998_H-120	19.0	18.0	3.24026636086534	0.8304709141274238	0.9842105263157894
999_H-120	23.5	21.0	3.2070086515091645	0.8166025350837482	0.9680851063829787
99_H-120	18.6	18.0	3.44145288802694	0.8745314452311537	0.9846938775510204
9_H-120	29.5	19.0	3.1473965506695243	0.8216835217132659	0.9573170731707317
