	chao1	observed_otus	shannon	simpson	goods_coverage
1000_O-420	16.0	16.0	3.7006371281581223	0.9086777207305782	0.9908256880733946
100_O-420	17.333333333333332	17.0	3.6879086800414123	0.9106153925780239	0.9856115107913669
101_O-420	14.0	14.0	3.481424974433621	0.893722194760257	1.0
102_O-420	15.333333333333334	15.0	3.4284009648665132	0.8821801789495253	0.9834710743801653
103_O-420	20.0	18.0	3.564284057816398	0.888922495274102	0.9652173913043478
104_O-420	17.5	17.0	3.6297995726520966	0.8949064390299056	0.9849624060150376
105_O-420	16.0	16.0	3.6610212293999953	0.9049603087583877	1.0
106_O-420	17.5	17.0	3.745388805216171	0.9128120713305898	0.9851851851851852
107_O-420	15.0	15.0	3.6893792480991103	0.912512	1.0
108_O-420	13.0	13.0	3.5325300221978524	0.9014626187285123	1.0
109_O-420	17.25	17.0	3.602549661482672	0.8980555555555556	0.9833333333333333
10_O-420	15.0	15.0	3.7003007604107583	0.914018555044196	1.0
110_O-420	16.0	16.0	3.663837625860014	0.9086734693877551	0.9928571428571429
111_O-420	15.25	15.0	3.41531799671492	0.8829884895134524	0.9831932773109243
112_O-420	16.0	16.0	3.6705970195344104	0.9057874539901324	0.9911504424778761
113_O-420	16.5	16.0	3.6127765434090526	0.8987906825744664	0.9819819819819819
114_O-420	16.0	16.0	3.6680290178954165	0.906496	0.992
115_O-420	17.0	14.0	3.2732464487329054	0.8703838974109244	0.972972972972973
116_O-420	19.0	16.0	3.542235611323797	0.8975963718820862	0.9619047619047619
117_O-420	15.0	15.0	3.61582781636452	0.90478515625	1.0
118_O-420	16.0	16.0	3.5528913253564727	0.8895977508650519	0.9926470588235294
119_O-420	16.0	16.0	3.6517157907446687	0.9046153846153846	0.9923076923076923
11_O-420	17.5	16.0	3.4774728961598638	0.887808	0.976
120_O-420	15.0	15.0	3.5691794048690886	0.9017538644470868	1.0
121_O-420	15.0	15.0	3.4674097506318855	0.8859670481292103	0.990990990990991
122_O-420	15.0	15.0	3.6876021846638576	0.9112217695286957	1.0
123_O-420	16.5	15.0	3.4545641709207207	0.8910433979686058	0.9736842105263158
124_O-420	17.25	17.0	3.6020871211528536	0.8966600642032648	0.9834710743801653
125_O-420	14.0	14.0	3.5054357929757924	0.9004158790170133	0.991304347826087
126_O-420	16.0	16.0	3.5903375427352153	0.8994399805210616	0.990990990990991
127_O-420	16.0	16.0	3.5427881678534137	0.8948234004228992	0.9911504424778761
128_O-420	15.0	15.0	3.508006666845852	0.8933531312778409	0.9906542056074766
129_O-420	16.0	15.0	3.577070520642603	0.8997732426303855	0.9809523809523809
12_O-420	16.333333333333332	16.0	3.5397466630671266	0.8924253807800013	0.9834710743801653
130_O-420	15.0	15.0	3.6883361949251676	0.9124176912767321	0.9923664122137404
131_O-420	15.0	15.0	3.6453837487600804	0.9062721893491124	1.0
132_O-420	16.0	16.0	3.6681005440914523	0.9074173609244827	0.9918032786885246
133_O-420	18.5	17.0	3.6071381205067987	0.8987499999999999	0.975
134_O-420	17.5	17.0	3.7807481864036023	0.9164211766686305	0.981651376146789
135_O-420	18.0	15.0	3.542062588484902	0.9017769376181475	0.9739130434782609
136_O-420	18.5	17.0	3.643769641065888	0.9031734437139842	0.972972972972973
137_O-420	15.0	15.0	3.6873205575055996	0.9063720703125	1.0
138_O-420	15.0	15.0	3.573117220601427	0.9010323958704165	1.0
139_O-420	17.0	16.0	3.6264036985345265	0.9011679530086742	0.9834710743801653
13_O-420	15.0	15.0	3.5800344236385677	0.9019128308149184	0.9906542056074766
140_O-420	16.0	15.0	3.5778945909809794	0.9029656607700313	0.9838709677419355
141_O-420	17.25	17.0	3.6805879840279045	0.9063786008230452	0.9814814814814815
142_O-420	15.0	15.0	3.5042744885091652	0.8928268451314921	0.9902912621359223
143_O-420	16.5	16.0	3.6046241927671545	0.9010650887573964	0.9846153846153847
144_O-420	15.0	15.0	3.534163489092608	0.8915341843527292	1.0
145_O-420	15.0	15.0	3.7325916204253486	0.9173343387689697	1.0
146_O-420	15.0	15.0	3.467593666246743	0.8877777777777778	0.9916666666666667
147_O-420	14.0	14.0	3.589617702581674	0.9055857637172516	1.0
148_O-420	15.0	15.0	3.597680563719422	0.9058956916099773	0.9920634920634921
149_O-420	16.0	16.0	3.4908048148036497	0.8916037003036509	0.9915966386554622
14_O-420	16.5	16.0	3.6391550264080834	0.9051062897216744	0.9829059829059829
150_O-420	15.0	15.0	3.4525645763888764	0.8876717687906499	0.993006993006993
151_O-420	16.0	16.0	3.6726832551173065	0.9067782237548759	0.9924812030075187
152_O-420	16.5	15.0	3.3745750715793794	0.8792385484830458	0.975609756097561
153_O-420	15.0	15.0	3.62810736790842	0.908127957065179	1.0
154_O-420	14.0	14.0	3.554740280121902	0.900718336483932	1.0
155_O-420	15.333333333333334	15.0	3.491841379543622	0.896233064452972	0.9823008849557522
156_O-420	15.0	15.0	3.4571071799391193	0.8850488354620586	0.9917355371900827
157_O-420	17.25	17.0	3.6582904944719967	0.9048015122873346	0.9826086956521739
158_O-420	18.5	17.0	3.6078810158075703	0.9016186556927298	0.9777777777777777
159_O-420	16.0	16.0	3.6584274626695197	0.9049601870114691	0.9914529914529915
15_O-420	16.0	16.0	3.4892302173566625	0.8852482169338324	0.9915966386554622
160_O-420	17.0	17.0	3.730953483584676	0.912068061301789	0.9923664122137404
161_O-420	15.0	15.0	3.4956207037425973	0.8934061038093116	1.0
162_O-420	26.0	16.0	3.463511643268112	0.890368	0.96
163_O-420	19.0	16.0	3.5689613772201785	0.8934214306233841	0.9745762711864406
164_O-420	15.0	15.0	3.5730034978162037	0.9019763368365391	1.0
165_O-420	16.0	16.0	3.604121304133392	0.9010613148231981	0.9929078014184397
166_O-420	16.0	16.0	3.642365072738099	0.9033418066836134	1.0
167_O-420	16.5	16.0	3.5693561629202684	0.8959190672153635	0.9814814814814815
168_O-420	18.0	16.0	3.448351810726318	0.8849090394947686	0.9611650485436893
169_O-420	17.0	16.0	3.5308276443188644	0.895826956433017	0.9696969696969697
16_O-420	16.0	16.0	3.682498249692667	0.9083127572016461	0.9925925925925926
170_O-420	15.0	15.0	3.455951432084215	0.8879632289571961	1.0
171_O-420	16.5	16.0	3.591766553978699	0.8959637188208617	0.9809523809523809
172_O-420	16.0	16.0	3.6576184003286283	0.9074019024970273	0.9913793103448276
173_O-420	16.0	16.0	3.6381695315243037	0.9046502835538752	0.991304347826087
174_O-420	16.0	16.0	3.6517757234159727	0.9056012110726643	0.9926470588235294
175_O-420	15.0	15.0	3.496003783512979	0.8901605231866825	1.0
176_O-420	16.0	16.0	3.646515498991658	0.903289224952741	0.991304347826087
177_O-420	16.0	16.0	3.482058664468758	0.8876170655567117	0.9919354838709677
178_O-420	16.5	16.0	3.5894589577447764	0.8990866562708844	0.9850746268656716
179_O-420	15.0	15.0	3.5895877002862013	0.9012451171875	1.0
17_O-420	18.75	18.0	3.7231016069688114	0.9103798126951093	0.9758064516129032
180_O-420	15.0	15.0	3.651282283946223	0.908289241622575	1.0
181_O-420	15.0	15.0	3.509461849495895	0.8942455969482996	0.990990990990991
182_O-420	17.0	16.0	3.574868504761195	0.896128	0.984
183_O-420	18.0	17.0	3.5193632434307327	0.889196675900277	0.9736842105263158
184_O-420	16.0	16.0	3.7653230735005567	0.9172405876951332	1.0
185_O-420	15.0	15.0	3.620508908020702	0.9026	0.99
186_O-420	15.0	15.0	3.5064722150265117	0.8892307692307693	0.9923076923076923
187_O-420	16.5	16.0	3.6546600459986402	0.9081778163556327	0.984251968503937
188_O-420	15.5	15.0	3.4551629033603004	0.8889177939646202	0.9838709677419355
189_O-420	19.0	16.0	3.4116956215759555	0.8785969334173492	0.9782608695652174
18_O-420	16.0	16.0	3.6729159224846684	0.9017523700086182	1.0
190_O-420	16.0	16.0	3.571421480617117	0.8986312239634993	0.9929577464788732
191_O-420	16.0	16.0	3.5909761608384425	0.8944218097681202	1.0
192_O-420	14.0	14.0	3.527513271290502	0.9012345679012346	0.9907407407407407
193_O-420	15.0	15.0	3.6219235109678647	0.9003162942556882	1.0
194_O-420	16.0	16.0	3.6320510729744715	0.9022294333273241	0.9922480620155039
195_O-420	17.5	17.0	3.7080070693447444	0.9104169810371712	0.9858156028368794
196_O-420	16.0	16.0	3.7918976993670213	0.9201370109969352	1.0
197_O-420	17.25	17.0	3.7538800963646417	0.9140644726874843	0.981651376146789
198_O-420	16.0	16.0	3.609173135554512	0.9039374680400322	0.9914529914529915
199_O-420	16.0	16.0	3.612343760433082	0.8982478266744741	1.0
19_O-420	16.0	16.0	3.627716321282904	0.8975272889284919	1.0
1_O-420	16.0	16.0	3.5816446763716967	0.8927582113177681	0.9924812030075187
200_O-420	15.333333333333334	15.0	3.4543306664627997	0.8890564614949571	0.9805825242718447
201_O-420	15.5	15.0	3.550048355288745	0.9011479591836735	0.9821428571428571
202_O-420	16.333333333333332	16.0	3.629846764149548	0.9068568603912153	0.9831932773109243
203_O-420	16.0	16.0	3.637940463553367	0.9026456599286563	0.9913793103448276
204_O-420	15.5	15.0	3.5491945918092145	0.8999912656127173	0.9813084112149533
205_O-420	15.0	15.0	3.487681778767929	0.891803840877915	0.9907407407407407
206_O-420	15.0	15.0	3.5657226056278675	0.8997130102040817	0.9910714285714286
207_O-420	16.0	16.0	3.5952680794344665	0.9012075418402655	0.9915966386554622
208_O-420	16.0	16.0	3.7164571195082368	0.9133579562942444	0.9912280701754386
209_O-420	16.0	16.0	3.61915725917189	0.8936111111111111	1.0
20_O-420	16.0	16.0	3.702144594653881	0.9068568603912153	1.0
210_O-420	18.0	17.0	3.6894311269379925	0.9018181818181819	0.9818181818181818
211_O-420	16.0	16.0	3.5908230033397093	0.8937304890738814	0.9919354838709677
212_O-420	15.0	15.0	3.4788271921892195	0.8906944444444445	1.0
213_O-420	16.0	16.0	3.680889588387764	0.9061111111111111	0.9916666666666667
214_O-420	16.5	16.0	3.689229055950121	0.9119444444444444	0.9833333333333333
215_O-420	14.0	14.0	3.493113644947674	0.8967704728950403	0.9901960784313726
216_O-420	14.0	14.0	3.5869227906543317	0.9072164948453608	0.9896907216494846
217_O-420	15.5	15.0	3.5216175056062196	0.8947055324211779	0.983739837398374
218_O-420	15.5	15.0	3.465768459952051	0.8895751995804441	0.9847328244274809
219_O-420	14.0	14.0	3.477214378037368	0.8975089487910001	0.9914529914529915
21_O-420	16.0	16.0	3.6798617494057697	0.9105878731917513	0.9912280701754386
220_O-420	14.0	14.0	3.4797953498510457	0.8916957807041118	1.0
221_O-420	16.333333333333332	16.0	3.5238626114732905	0.8876184509358603	0.9823008849557522
222_O-420	15.0	15.0	3.5544310633277747	0.898142639962985	0.991869918699187
223_O-420	18.0	17.0	3.781699774144386	0.9144011446847908	0.981651376146789
224_O-420	16.0	16.0	3.650406687718062	0.9052660337408647	0.9917355371900827
225_O-420	15.5	15.0	3.54406426096599	0.9010712035286704	0.9855072463768116
226_O-420	16.5	16.0	3.6454053355401035	0.9040178571428572	0.9821428571428571
227_O-420	16.0	16.0	3.6629789218589	0.9068877551020408	0.9910714285714286
228_O-420	15.5	15.0	3.446951309421513	0.8848097502972652	0.9827586206896551
229_O-420	17.25	17.0	3.5375190754903305	0.8873611111111112	0.9833333333333333
22_O-420	14.0	14.0	3.453996078168575	0.8883149678604224	1.0
230_O-420	21.0	18.0	3.7829653885169834	0.9155371900826446	0.9636363636363636
231_O-420	16.0	16.0	3.736181727272295	0.9135118497999385	0.9912280701754386
232_O-420	16.0	16.0	3.6253690746289116	0.9054026364319376	0.9917355371900827
233_O-420	16.0	16.0	3.6391526568068	0.8986655789289668	1.0
234_O-420	16.0	16.0	3.594712182346553	0.9011224489795918	1.0
235_O-420	14.0	14.0	3.548448158706356	0.8994490358126722	1.0
236_O-420	15.0	15.0	3.64936296517419	0.9095418190836382	1.0
237_O-420	16.0	16.0	3.6782965810961925	0.9059722222222222	1.0
238_O-420	16.333333333333332	16.0	3.6203917832377392	0.904320987654321	0.9814814814814815
239_O-420	16.0	16.0	3.524009905977112	0.8855359001040582	1.0
23_O-420	16.5	16.0	3.598344766272432	0.9000268744961032	0.9836065573770492
240_O-420	16.0	16.0	3.6537584562195393	0.9072673808023525	0.9927536231884058
241_O-420	15.333333333333334	15.0	3.4959284995818947	0.8928199791883454	0.9838709677419355
242_O-420	16.0	16.0	3.725059322057937	0.9146734748723462	0.9918032786885246
243_O-420	14.0	14.0	3.477194582628345	0.8919526627218934	1.0
244_O-420	15.0	15.0	3.424157774793383	0.8868583714055361	0.9918032786885246
245_O-420	16.0	16.0	3.5702059397238846	0.8912894375857339	0.9907407407407407
246_O-420	17.0	16.0	3.5157693886458663	0.8958632576845734	0.9745762711864406
247_O-420	15.0	15.0	3.5375480376652506	0.8966600642032648	0.9917355371900827
248_O-420	16.0	16.0	3.6351918702029433	0.9016052318668252	1.0
249_O-420	17.0	17.0	3.8025326352301283	0.9147222222222222	1.0
24_O-420	16.0	16.0	3.5945148318776727	0.898970804452846	0.9927536231884058
250_O-420	15.5	15.0	3.608530112670212	0.9054576303138845	0.9805825242718447
251_O-420	15.0	15.0	3.621924320649087	0.9040798611111112	1.0
252_O-420	17.5	16.0	3.406461895363656	0.8731947069943289	0.9739130434782609
253_O-420	17.5	17.0	3.6590566272936376	0.8974724101103596	0.9811320754716981
254_O-420	16.5	15.0	3.2587304479636767	0.8626713249126579	0.9754098360655737
255_O-420	15.0	15.0	3.484308462873608	0.8908333333333334	1.0
256_O-420	17.333333333333332	17.0	3.575613103580192	0.8863771564544913	0.983739837398374
257_O-420	16.0	16.0	3.7355462518911335	0.9152542372881356	1.0
258_O-420	14.0	14.0	3.377775981328101	0.8801097393689986	1.0
259_O-420	15.0	15.0	3.3858094151649043	0.8757333333333334	0.9933333333333333
25_O-420	15.0	15.0	3.6045837513906456	0.9038909681519667	0.9915966386554622
260_O-420	16.0	16.0	3.695679943300596	0.9081656804733728	1.0
261_O-420	15.0	15.0	3.497338742128891	0.8937087043952887	1.0
262_O-420	14.0	14.0	3.5204497553528875	0.8981004166372432	0.9915966386554622
263_O-420	14.0	14.0	3.4776853809403208	0.895155325443787	0.9903846153846154
264_O-420	15.5	15.0	3.5696247271468216	0.9023498046996095	0.984251968503937
265_O-420	12.0	12.0	3.352992120935275	0.8913494809688581	1.0
266_O-420	15.0	15.0	3.6379835312358613	0.9047222222222222	1.0
267_O-420	16.0	15.0	3.2972647829228903	0.859281663516068	0.9826086956521739
268_O-420	15.25	15.0	3.316451665428552	0.8663194444444444	0.9791666666666666
269_O-420	15.0	15.0	3.601152939807618	0.9024786385142292	1.0
26_O-420	17.2	17.0	3.500937267181678	0.877457753215007	0.979381443298969
270_O-420	15.5	15.0	3.4662434491939997	0.8883333333333333	0.9833333333333333
271_O-420	15.0	15.0	3.470668508690715	0.8887117346938775	1.0
272_O-420	18.5	17.0	3.6836104554365923	0.908530151773395	0.972972972972973
273_O-420	15.0	15.0	3.4857348492162226	0.8905646149495712	0.9902912621359223
274_O-420	16.5	16.0	3.5329703668547676	0.886912	0.984
275_O-420	17.0	17.0	3.8044197477620703	0.9162990968283974	0.9927536231884058
276_O-420	17.0	14.0	3.3607640559588976	0.8866605465715698	0.9747899159663865
277_O-420	15.0	15.0	3.5600651095951554	0.8976377952755905	1.0
278_O-420	15.0	15.0	3.706898502422699	0.9140016124697662	1.0
279_O-420	17.25	17.0	3.530683607818686	0.8832303144316044	0.9836065573770492
27_O-420	17.0	17.0	3.6685664435762546	0.9006243496357961	0.9919354838709677
280_O-420	16.0	16.0	3.553918007964156	0.891900826446281	0.990909090909091
281_O-420	15.0	15.0	3.4494347520571793	0.8861340679522498	0.9924242424242424
282_O-420	15.0	15.0	3.610875930697861	0.9034672692606455	0.9915966386554622
283_O-420	16.0	16.0	3.7278800765743814	0.912384	1.0
284_O-420	16.0	16.0	3.662193131308541	0.9029681259299867	1.0
285_O-420	14.0	14.0	3.521031890885332	0.8994082840236686	0.9923076923076923
286_O-420	16.0	16.0	3.600560282033181	0.8962208568302331	0.9908256880733946
287_O-420	16.5	16.0	3.5513721357535086	0.8933354591836735	0.9821428571428571
288_O-420	14.0	14.0	3.3134239662338887	0.8766330061436339	0.9915966386554622
289_O-420	15.0	15.0	3.5403875441114425	0.8946759259259259	0.9930555555555556
28_O-420	16.0	16.0	3.634297254304771	0.9042596585280578	0.9923664122137404
290_O-420	16.0	16.0	3.6787043187465756	0.9103535353535354	0.9924242424242424
291_O-420	16.0	15.0	3.5599161556896766	0.9007100591715976	0.9846153846153847
292_O-420	17.0	16.0	3.5915516820059143	0.9055456408222619	0.975609756097561
293_O-420	16.0	16.0	3.655184949393589	0.9066320606515949	0.9917355371900827
294_O-420	16.5	16.0	3.6392254807849724	0.90673828125	0.984375
295_O-420	15.0	15.0	3.685536732806468	0.9138842975206611	0.990909090909091
296_O-420	16.5	16.0	3.6563207403010924	0.9041243459526008	0.9824561403508771
297_O-420	14.0	14.0	3.4841065722844946	0.8925320820849115	1.0
298_O-420	17.0	17.0	3.6446318729391742	0.9029355281207133	0.9925925925925926
299_O-420	16.0	16.0	3.54123910466548	0.8879657759315518	0.9921259842519685
29_O-420	16.0	16.0	3.6207269914111047	0.8990866562708844	0.9925373134328358
2_O-420	16.0	16.0	3.6137650269782826	0.8963888888888889	0.9916666666666667
300_O-420	17.0	17.0	3.832849541766046	0.9200050390526581	0.9920634920634921
301_O-420	15.0	15.0	3.492377276851888	0.8887838689350976	0.9927536231884058
302_O-420	16.0	16.0	3.6317551962251273	0.9018717205732634	1.0
303_O-420	19.0	16.0	3.4942577101790313	0.8905555555555555	0.975
304_O-420	16.5	16.0	3.5994215457790877	0.8985241155285644	0.9831932773109243
305_O-420	16.0	16.0	3.6504411759201476	0.9054869290433784	0.9915254237288136
306_O-420	16.25	16.0	3.5842949123004617	0.8999644001423994	0.9811320754716981
307_O-420	17.0	16.0	3.5980487349021826	0.8981431404362719	0.9844961240310077
308_O-420	17.0	16.0	3.6044690307709604	0.8981477627471384	0.9870967741935484
309_O-420	15.0	15.0	3.551360073516685	0.8919677734375	0.9921875
30_O-420	15.5	15.0	3.5842179496747075	0.9044628099173554	0.9818181818181818
310_O-420	14.5	14.0	3.370502264415046	0.8802741198602526	0.9836065573770492
311_O-420	16.0	16.0	3.4230699575514674	0.8715702479338843	0.990909090909091
312_O-420	16.5	16.0	3.597508930765495	0.9008434256055363	0.9852941176470589
313_O-420	13.0	13.0	3.329369579874325	0.879325556318008	1.0
314_O-420	15.0	15.0	3.540542434431766	0.8925170068027211	1.0
315_O-420	17.25	17.0	3.6410739246950197	0.9031404958677686	0.9818181818181818
316_O-420	15.0	15.0	3.5400576093895775	0.8912993572084481	1.0
317_O-420	15.0	15.0	3.558061458652519	0.9001134215500946	0.991304347826087
318_O-420	16.0	16.0	3.7339280280794864	0.9132040627885503	1.0
319_O-420	15.0	15.0	3.703193860093617	0.9160147044961825	0.9902912621359223
31_O-420	16.0	16.0	3.5293340437384675	0.8893696292290126	1.0
320_O-420	15.25	15.0	3.2071857091491642	0.8552289281997919	0.9838709677419355
321_O-420	13.0	13.0	3.3672401835644394	0.8825792551554325	1.0
322_O-420	16.0	16.0	3.718060674556299	0.9118608799048752	0.9913793103448276
323_O-420	15.25	15.0	3.4775637038990532	0.8917764328942684	0.9811320754716981
324_O-420	16.333333333333332	16.0	3.7014473343014243	0.9133884297520661	0.9818181818181818
325_O-420	15.333333333333334	15.0	3.4605235861105643	0.8916099773242631	0.9809523809523809
326_O-420	16.0	16.0	3.66509074801479	0.9052777777777777	0.9916666666666667
327_O-420	16.0	16.0	3.7529593428939436	0.9137062232300328	0.9920634920634921
328_O-420	15.0	15.0	3.521305937096629	0.888448	1.0
329_O-420	14.0	14.0	3.4691336213655246	0.8866973482358098	1.0
32_O-420	16.0	16.0	3.6837457495958557	0.9105439820981406	1.0
330_O-420	16.0	16.0	3.680209228198302	0.9065088757396449	1.0
331_O-420	15.0	15.0	3.52480445043275	0.8904752462158768	0.991869918699187
332_O-420	14.0	14.0	3.538173703987012	0.8978894173602854	1.0
333_O-420	14.0	14.0	3.3105138767640634	0.8765098251307013	0.9922480620155039
334_O-420	17.5	16.0	3.5106771247894835	0.8928747969776145	0.9747899159663865
335_O-420	16.25	16.0	3.59103803225617	0.9026757369614512	0.9809523809523809
336_O-420	16.0	16.0	3.6297688591746224	0.9024455218711706	0.9927007299270073
337_O-420	16.0	16.0	3.7203647284606336	0.9117172803009943	1.0
338_O-420	16.5	15.0	3.480930417431737	0.8948741688410067	0.9724770642201834
339_O-420	15.333333333333334	15.0	3.517870062981081	0.8951366590962487	0.9823008849557522
33_O-420	15.0	15.0	3.5615816110003116	0.8936543367346939	0.9910714285714286
340_O-420	15.0	15.0	3.6681899264127966	0.9071554547745024	1.0
341_O-420	15.0	15.0	3.541031940229436	0.8975921521997622	0.9913793103448276
342_O-420	17.0	17.0	3.599459051680611	0.8978271484375	0.9921875
343_O-420	17.0	16.0	3.5614410147998408	0.8991178268844441	0.9719626168224299
344_O-420	16.333333333333332	16.0	3.5946347881677796	0.9010009765625	0.984375
345_O-420	16.0	16.0	3.749806929276282	0.9165559715010264	0.989010989010989
346_O-420	17.0	17.0	3.6151365362673284	0.8986831496909433	1.0
347_O-420	14.0	14.0	3.2861340415312394	0.8682477711089097	0.9923664122137404
348_O-420	17.25	17.0	3.6506639629190136	0.8986111111111111	0.9833333333333333
349_O-420	17.0	17.0	3.7392857468590592	0.912534435261708	0.9924242424242424
34_O-420	16.333333333333332	16.0	3.629563492652833	0.9054820415879017	0.9855072463768116
350_O-420	15.333333333333334	15.0	3.550743614545542	0.903564453125	0.984375
351_O-420	14.0	14.0	3.4050611065767296	0.8790649448581394	1.0
352_O-420	15.0	15.0	3.5148864033480605	0.8876824492702029	1.0
353_O-420	16.0	16.0	3.6142260107477022	0.89751379502759	0.9921259842519685
354_O-420	15.0	15.0	3.671554428828754	0.9106701504131064	1.0
355_O-420	16.0	16.0	3.615994709281163	0.8924510980862933	1.0
356_O-420	17.5	16.0	3.5961715017040263	0.9023275587203741	0.9690721649484536
357_O-420	15.0	15.0	3.471818096458772	0.8904512949942912	0.9922480620155039
358_O-420	15.0	15.0	3.481192685480468	0.8861057722115444	0.9921259842519685
359_O-420	15.0	15.0	3.634708222836667	0.903168	1.0
35_O-420	17.333333333333332	17.0	3.583007060671174	0.8922745460141582	0.9824561403508771
360_O-420	14.5	14.0	3.3598502597719486	0.8842620133518408	0.983739837398374
361_O-420	15.0	15.0	3.6269405286290515	0.9087044319268786	0.9896907216494846
362_O-420	16.0	16.0	3.6574559371854316	0.9027862695431915	1.0
363_O-420	15.333333333333334	15.0	3.4632379312301977	0.8896079881656804	0.9807692307692307
364_O-420	16.0	16.0	3.6502246314842606	0.9043009847655921	0.9908256880733946
365_O-420	15.0	15.0	3.3880076149052374	0.871504157218443	0.9920634920634921
366_O-420	16.0	16.0	3.7174385763849984	0.9119822485207101	0.9903846153846154
367_O-420	16.0	16.0	3.6503006708066446	0.9062544589774079	0.993103448275862
368_O-420	17.5	17.0	3.712365672327077	0.9069209867334435	0.9854014598540146
369_O-420	15.0	15.0	3.5737990796268937	0.9013214593507612	0.9915254237288136
36_O-420	15.0	15.0	3.545573919753568	0.8987906825744664	0.990990990990991
370_O-420	16.0	16.0	3.699998510059936	0.9118608799048752	0.9913793103448276
371_O-420	17.333333333333332	17.0	3.609555679908031	0.8965234615121918	0.9834710743801653
372_O-420	13.0	13.0	3.4993382136795774	0.8973513054953342	1.0
373_O-420	16.0	16.0	3.727623616852825	0.9126425790588074	1.0
374_O-420	17.0	17.0	3.622087364241611	0.8976081698468154	0.9918032786885246
375_O-420	16.333333333333332	16.0	3.606383222003098	0.9031379962192817	0.9826086956521739
376_O-420	16.0	16.0	3.560921211203224	0.8898224852071006	1.0
377_O-420	16.0	16.0	3.757301402162296	0.9180218311427935	0.9925373134328358
378_O-420	15.0	15.0	3.5695274074646783	0.8977777777777778	1.0
379_O-420	16.333333333333332	16.0	3.4517410932568375	0.8690949903071115	0.9797979797979798
37_O-420	16.0	16.0	3.658643677437227	0.9037893039505509	1.0
380_O-420	16.0	16.0	3.5871804252121633	0.8978769148078474	1.0
381_O-420	17.0	16.0	3.6830822126382325	0.9124501871754619	0.967032967032967
382_O-420	16.0	16.0	3.7223970994699243	0.9135984950282182	0.9918032786885246
383_O-420	16.5	16.0	3.642520818911413	0.9069560047562426	0.9827586206896551
384_O-420	16.0	16.0	3.5787456826640573	0.8916275651534853	0.9924812030075187
385_O-420	13.0	13.0	3.279717108586485	0.871337890625	1.0
386_O-420	15.0	15.0	3.563423870323586	0.8978741740879057	0.9915254237288136
387_O-420	14.0	14.0	3.4270410058945737	0.8822489689420082	1.0
388_O-420	14.5	14.0	3.3853124683743956	0.8850551920153348	0.983739837398374
389_O-420	16.0	16.0	3.636576298500393	0.9026864702540378	1.0
38_O-420	15.333333333333334	15.0	3.4530030954333966	0.8916857833715668	0.984251968503937
390_O-420	14.0	14.0	3.51789001288064	0.8999269539810081	0.990990990990991
391_O-420	17.5	17.0	3.6199770786551815	0.8960999939907457	0.9844961240310077
392_O-420	17.5	16.0	3.5677526992765545	0.8992271105826397	0.9741379310344828
393_O-420	15.0	15.0	3.4136838191072774	0.8843434819492884	0.9902912621359223
394_O-420	15.0	15.0	3.6999705056095644	0.9111128514370741	1.0
395_O-420	16.0	16.0	3.631400008762969	0.9028722600151171	0.9920634920634921
396_O-420	16.0	16.0	3.6165201629866783	0.9012029405212743	0.9925373134328358
397_O-420	14.5	14.0	3.5123755137481827	0.9016	0.98
398_O-420	16.0	16.0	3.507481204927097	0.893598615916955	0.9926470588235294
399_O-420	15.0	15.0	3.6354182084948214	0.9081523673905305	0.9905660377358491
39_O-420	16.0	16.0	3.477096925245314	0.8808249058100337	1.0
3_O-420	15.0	15.0	3.7266839598117727	0.915895770072735	1.0
400_O-420	16.0	16.0	3.6619628378343503	0.9034901987569155	0.9917355371900827
401_O-420	18.0	17.0	3.716179489940676	0.9076861058855147	0.9836065573770492
402_O-420	16.5	16.0	3.5927930916902326	0.9003899795095511	0.983739837398374
403_O-420	15.0	15.0	3.561074547986981	0.8988751147842057	0.9924242424242424
404_O-420	15.0	15.0	3.5963481133598876	0.8989849108367627	1.0
405_O-420	15.0	15.0	3.5278340536990007	0.8966323325297685	0.9914529914529915
406_O-420	17.0	17.0	3.72980944670806	0.9069523209409788	0.9927536231884058
407_O-420	16.0	16.0	3.684954113183941	0.9110454178984144	0.9918032786885246
408_O-420	17.333333333333332	17.0	3.6569487891614187	0.9031379962192817	0.9826086956521739
409_O-420	15.0	15.0	3.6022717022666386	0.9063786008230452	1.0
40_O-420	16.0	16.0	3.6020803702979345	0.8981333333333333	1.0
410_O-420	15.0	15.0	3.5723718476199386	0.8997222222222222	0.9916666666666667
411_O-420	17.0	16.0	3.525787937393983	0.8944515306122449	0.9732142857142857
412_O-420	15.0	15.0	3.515566345203778	0.892396694214876	0.990909090909091
413_O-420	16.5	16.0	3.599297125898186	0.8978950126648616	0.9813084112149533
414_O-420	16.5	16.0	3.658572657091712	0.9068040876932484	0.9813084112149533
415_O-420	14.0	14.0	3.522223665838304	0.9001328341987682	0.989010989010989
416_O-420	15.0	15.0	3.5681806703458525	0.8971164115343538	1.0
417_O-420	15.0	15.0	3.5606133105943627	0.90048	0.992
418_O-420	17.0	17.0	3.88649768701485	0.9259926384211763	0.9911504424778761
419_O-420	16.0	16.0	3.6493923393514596	0.9059178397012353	0.9915254237288136
41_O-420	16.0	16.0	3.590229649691831	0.8928994082840237	1.0
420_O-420	16.0	16.0	3.689331120539928	0.908928	0.992
421_O-420	16.0	16.0	3.608369984853021	0.8960068945705257	1.0
422_O-420	20.0	17.0	3.584118979123051	0.8978698224852071	0.9692307692307692
423_O-420	15.0	15.0	3.5276056083037797	0.88837977516117	1.0
424_O-420	16.333333333333332	16.0	3.6518430823808328	0.9094783952261708	0.9854014598540146
425_O-420	15.0	15.0	3.612859609388542	0.9006780187360903	1.0
426_O-420	17.25	17.0	3.565824454005866	0.8920319999999999	0.984
427_O-420	16.0	16.0	3.7190218370956667	0.9120707596253902	0.9919354838709677
428_O-420	17.333333333333332	17.0	3.578207928124167	0.8946741887065887	0.9856115107913669
429_O-420	16.0	16.0	3.6838564767252833	0.907439446366782	1.0
42_O-420	16.0	16.0	3.682859648391116	0.9095867768595042	0.990909090909091
430_O-420	15.0	15.0	3.5931590735713432	0.9040580489115829	0.9918032786885246
431_O-420	16.0	15.0	3.608340454304783	0.9087573964497041	0.9846153846153847
432_O-420	16.0	16.0	3.6554020339828996	0.9052551984877126	0.991304347826087
433_O-420	17.0	16.0	3.676440750426473	0.9093017578125	0.984375
434_O-420	16.0	16.0	3.6691109024468203	0.9069035021415974	0.9920634920634921
435_O-420	16.0	16.0	3.5106084127107424	0.892662721893491	0.9923076923076923
436_O-420	15.0	15.0	3.4324232785924194	0.8812425683709869	0.9913793103448276
437_O-420	15.0	15.0	3.6002453056838615	0.9008693111257213	1.0
438_O-420	17.0	17.0	3.732459948262638	0.9128994082840236	0.9923076923076923
439_O-420	14.0	14.0	3.5513283664093445	0.9026705826104774	1.0
43_O-420	17.0	16.0	3.5801512904380584	0.8950550927170116	0.9836065573770492
440_O-420	14.0	14.0	3.319585909691158	0.870110773453583	0.9900990099009901
441_O-420	17.0	17.0	3.6971717563209365	0.9053258106516213	0.9921259842519685
442_O-420	15.5	15.0	3.444005804121707	0.8873269896193772	0.9852941176470589
443_O-420	14.0	14.0	3.495130483995376	0.8978928199791884	0.9919354838709677
444_O-420	16.333333333333332	16.0	3.55350740617807	0.8941464794042794	0.9805825242718447
445_O-420	14.0	14.0	3.500544463325899	0.8958841848329265	0.9908256880733946
446_O-420	16.0	16.0	3.6852141261031144	0.9068912883713042	1.0
447_O-420	14.0	14.0	3.411878831917832	0.8897655051501205	0.9914529914529915
448_O-420	15.0	15.0	3.5365241772080815	0.8982780612244898	0.9910714285714286
449_O-420	14.0	14.0	3.4214079200969705	0.8779041028175977	0.9915966386554622
44_O-420	16.0	16.0	3.680346697512977	0.9103048496454635	0.9928057553956835
450_O-420	15.0	15.0	3.541240146075934	0.9009826152683296	0.9920634920634921
451_O-420	15.0	15.0	3.5356650144567308	0.8912668773340994	1.0
452_O-420	16.0	16.0	3.644537352199605	0.9008693111257213	0.9914529914529915
453_O-420	16.0	16.0	3.543653059262085	0.8930211202938476	0.9924242424242424
454_O-420	16.333333333333332	16.0	3.496412654258995	0.8898224852071006	0.9846153846153847
455_O-420	16.0	16.0	3.6564318735584393	0.9050043073067585	1.0
456_O-420	15.333333333333334	15.0	3.439860025484959	0.8826971787929077	0.9813084112149533
457_O-420	16.0	16.0	3.527594634981148	0.8854517813470817	1.0
458_O-420	16.0	15.0	3.5768093102094043	0.9002770083102494	0.9824561403508771
459_O-420	18.5	17.0	3.7210563260271616	0.9110082304526749	0.9722222222222222
45_O-420	15.0	15.0	3.601719246823363	0.903959283495274	0.991869918699187
460_O-420	16.0	16.0	3.628907597036144	0.9036196495259983	1.0
461_O-420	16.0	16.0	3.616718528018298	0.901611328125	0.9921875
462_O-420	16.0	15.0	3.4457760324353868	0.884245768491537	0.984251968503937
463_O-420	17.0	17.0	3.677768543437315	0.9055325987144169	0.9924242424242424
464_O-420	15.0	15.0	3.6503322583802933	0.9095041081522056	0.9923664122137404
465_O-420	17.0	16.0	3.6877215018165224	0.9106423004568664	0.9836065573770492
466_O-420	17.2	17.0	3.6660328162318265	0.9069979188345474	0.9838709677419355
467_O-420	13.0	13.0	3.442182212049591	0.8960330578512397	0.990909090909091
468_O-420	15.0	15.0	3.6322081707601943	0.9058048911582908	1.0
469_O-420	12.0	12.0	3.364806379305222	0.8922222222222222	1.0
46_O-420	15.0	15.0	3.543203708043475	0.8963214915595868	1.0
470_O-420	16.0	16.0	3.5501444106052977	0.8924595673177904	0.9927536231884058
471_O-420	16.0	16.0	3.6514205971620446	0.9027686463583899	1.0
472_O-420	16.0	16.0	3.7479775657618624	0.9108334985788882	1.0
473_O-420	16.0	16.0	3.768584407506049	0.918781163434903	0.9894736842105263
474_O-420	16.0	16.0	3.7070931757225263	0.9114485353399624	0.9918032786885246
475_O-420	18.0	17.0	3.685223580546337	0.9053870529651427	0.9858156028368794
476_O-420	14.0	14.0	3.5197454673132467	0.8996614342874731	1.0
477_O-420	16.0	16.0	3.6132956814337978	0.8968285375091866	1.0
478_O-420	16.0	16.0	3.6022967890926867	0.8962053571428572	1.0
479_O-420	16.5	16.0	3.632111512745767	0.907451676798033	0.9834710743801653
47_O-420	16.0	16.0	3.630695846686565	0.9036452626196216	1.0
480_O-420	14.0	14.0	3.3485533310143563	0.8756838649945291	1.0
481_O-420	18.0	17.0	3.725081804215769	0.9095799305589516	0.986013986013986
482_O-420	14.0	14.0	3.5243928696059745	0.9001189060642093	1.0
483_O-420	14.0	14.0	3.466138275375939	0.8963647959183674	0.9910714285714286
484_O-420	16.333333333333332	16.0	3.627569067766103	0.9059573361082206	0.9838709677419355
485_O-420	17.5	17.0	3.629087155002507	0.896546854035732	0.9831932773109243
486_O-420	16.0	16.0	3.6457827693465	0.9042782394582949	1.0
487_O-420	20.0	17.0	3.690547083076746	0.9064710159296715	0.975609756097561
488_O-420	15.0	15.0	3.5869174402759607	0.902587890625	0.9921875
489_O-420	16.0	16.0	3.732717131765056	0.915895770072735	1.0
48_O-420	18.0	17.0	3.7112373074638354	0.9125235151840903	0.9754098360655737
490_O-420	16.0	16.0	3.6638287105297307	0.9030555555555555	1.0
491_O-420	15.0	15.0	3.5300560767214435	0.8963019031141869	0.9926470588235294
492_O-420	15.0	15.0	3.5112785365477097	0.8966893424036281	0.9904761904761905
493_O-420	16.5	15.0	3.4696300911430358	0.8934339745150556	0.972972972972973
494_O-420	17.5	17.0	3.681511947771309	0.9056778372661776	0.983739837398374
495_O-420	14.0	14.0	3.422516862617885	0.8855555555555555	1.0
496_O-420	27.0	17.0	3.5514330404754553	0.8940642722117202	0.9565217391304348
497_O-420	16.0	16.0	3.7013042950644777	0.9121581450653984	0.9913793103448276
498_O-420	21.333333333333332	18.0	3.675981891023469	0.9084722222222222	0.9583333333333334
499_O-420	16.0	16.0	3.6012774971509827	0.8973388671875	0.9921875
49_O-420	15.0	15.0	3.6134219839844	0.9031247552666615	1.0
4_O-420	17.0	17.0	3.6729672024708755	0.899092970521542	0.9920634920634921
500_O-420	15.0	15.0	3.683187455665729	0.914432	0.992
501_O-420	16.75	16.0	3.574469372139949	0.901765504753282	0.9680851063829787
502_O-420	16.0	16.0	3.599927576068782	0.8988175221714593	0.9918032786885246
503_O-420	15.0	15.0	3.417787617763136	0.8802021403091558	0.9913793103448276
504_O-420	16.0	16.0	3.6304803057748214	0.9018441403926234	1.0
505_O-420	17.0	17.0	3.4882297137203437	0.8801537603075206	0.9921259842519685
506_O-420	16.0	16.0	3.494591241687748	0.8827594495523106	0.9922480620155039
507_O-420	14.0	14.0	3.444287689929411	0.8884922995571419	0.991869918699187
508_O-420	17.5	17.0	3.646689030189869	0.9015963032976265	0.9855072463768116
509_O-420	16.75	16.0	3.480242308137366	0.8937277051129607	0.9741379310344828
50_O-420	14.0	14.0	3.511709184263914	0.8957759412304866	1.0
510_O-420	14.0	14.0	3.4414598979120496	0.8930440135426285	0.9912280701754386
511_O-420	17.0	17.0	3.7004799013696417	0.9093983624065504	0.9905660377358491
512_O-420	14.0	14.0	3.5978399193215225	0.9097576530612245	1.0
513_O-420	16.5	16.0	3.6213840733735396	0.9018509664640393	0.9834710743801653
514_O-420	15.0	15.0	3.5848693522614195	0.9054744306231597	0.9922480620155039
515_O-420	17.0	17.0	3.6138745405495802	0.8904738365934609	0.9915966386554622
516_O-420	16.0	16.0	3.7301038399947806	0.9103363778124304	1.0
517_O-420	15.0	15.0	3.721127425982326	0.9167436134195137	1.0
518_O-420	16.0	16.0	3.665270253149026	0.9070360110803324	0.9894736842105263
519_O-420	16.0	16.0	3.7968939615631614	0.9202058404116809	1.0
51_O-420	14.0	14.0	3.422971369067489	0.8831758034026466	1.0
520_O-420	16.0	16.0	3.6393869020670584	0.9033516988062442	0.9924242424242424
521_O-420	16.0	16.0	3.6823334500319476	0.90625	0.9916666666666667
522_O-420	15.0	14.0	3.2036819963179326	0.8666301198214426	0.9734513274336283
523_O-420	17.0	16.0	3.4981277072626713	0.8925020155872078	0.9754098360655737
524_O-420	16.0	16.0	3.631548759223154	0.9012003693444137	1.0
525_O-420	16.25	16.0	3.509895007526421	0.889277076054824	0.9836065573770492
526_O-420	17.0	17.0	3.64200537140618	0.8998628257887517	0.9925925925925926
527_O-420	16.5	16.0	3.586295074211334	0.8965575288275398	0.981651376146789
528_O-420	16.0	16.0	3.63025963736822	0.9033772064075094	0.98989898989899
529_O-420	18.0	17.0	3.6580789676382417	0.9019763368365391	0.983739837398374
52_O-420	15.0	15.0	3.506558345430127	0.8975206611570248	0.990909090909091
530_O-420	19.0	16.0	3.7431718631418356	0.919168	0.976
531_O-420	16.0	16.0	3.681527280565762	0.9101103595585618	0.9905660377358491
532_O-420	16.333333333333332	16.0	3.6170673499133312	0.90205112960761	0.9827586206896551
533_O-420	16.75	16.0	3.452429730371591	0.8868343195266273	0.9711538461538461
534_O-420	16.0	16.0	3.5435821926295556	0.8921937999867804	0.991869918699187
535_O-420	15.0	15.0	3.5129273701087276	0.8944444444444445	1.0
536_O-420	16.0	16.0	3.6012159011308715	0.8995684373168522	0.9927007299270073
537_O-420	16.0	16.0	3.7305680833823867	0.91455078125	0.9921875
538_O-420	17.0	16.0	3.5463112768719594	0.8952586983955291	0.9844961240310077
539_O-420	15.0	15.0	3.370072677265667	0.8774316290130797	0.993103448275862
53_O-420	20.0	18.0	3.6610486267200977	0.9007386888273315	0.9649122807017544
540_O-420	16.0	16.0	3.611264833569378	0.8999921685331662	1.0
541_O-420	16.333333333333332	16.0	3.53525921214733	0.8930497860995722	0.984251968503937
542_O-420	14.0	14.0	3.459803406535974	0.8924284395198523	0.9912280701754386
543_O-420	16.0	16.0	3.7725916756373423	0.9179548156956004	1.0
544_O-420	16.0	16.0	3.6622377774029284	0.9073973919836549	1.0
545_O-420	16.5	16.0	3.604344746895584	0.901745927386953	0.9829059829059829
546_O-420	16.0	16.0	3.6642115103950617	0.9060078084027737	1.0
547_O-420	15.0	15.0	3.572160375469192	0.897792	1.0
548_O-420	16.0	15.0	3.5839005409107623	0.9035827664399093	0.9809523809523809
549_O-420	15.0	15.0	3.6307308388852872	0.9054166666666666	0.9916666666666667
54_O-420	19.0	16.0	3.560377406103455	0.9004137288036828	0.9770992366412213
550_O-420	15.0	15.0	3.4768085893458114	0.8934732669699563	0.9932885906040269
551_O-420	17.2	17.0	3.456612869639288	0.8740304510198219	0.9830508474576272
552_O-420	16.0	16.0	3.6849842412970837	0.9055325987144169	1.0
553_O-420	15.0	15.0	3.71112670426828	0.9156901628507902	1.0
554_O-420	15.0	15.0	3.517965870292025	0.8952343181968405	0.991869918699187
555_O-420	16.0	16.0	3.640790171539577	0.9051724137931034	0.9913793103448276
556_O-420	15.0	15.0	3.7214834986484577	0.9151234567901234	1.0
557_O-420	16.0	15.0	3.339782367780431	0.8753602934754127	0.9719626168224299
558_O-420	15.5	15.0	3.4019584607122892	0.8806103400697995	0.9819819819819819
559_O-420	14.0	14.0	3.4889122697330825	0.8935056940597107	1.0
55_O-420	15.0	15.0	3.5765849975180646	0.8992346938775511	1.0
560_O-420	15.0	15.0	3.651765625532124	0.90807239299052	0.9915254237288136
561_O-420	15.0	15.0	3.7290086608181916	0.915374149659864	1.0
562_O-420	15.0	15.0	3.5454840050696457	0.8996730083234245	0.9913793103448276
563_O-420	14.0	14.0	3.4183413344920925	0.8901132537496174	0.98989898989899
564_O-420	15.5	15.0	3.5705525681884103	0.9019128308149184	0.9813084112149533
565_O-420	14.0	14.0	3.4567177670788563	0.8919094693028096	0.9919354838709677
566_O-420	16.25	16.0	3.3876210253004264	0.8763644464245934	0.9850746268656716
567_O-420	17.0	16.0	3.45682317376884	0.8875323182993393	0.9745762711864406
568_O-420	16.0	16.0	3.6650456975684067	0.9085207100591716	0.9923076923076923
569_O-420	15.0	15.0	3.6159154741557717	0.9047807974608213	1.0
56_O-420	15.0	15.0	3.505845814858114	0.8940046606878045	0.9915966386554622
570_O-420	15.0	15.0	3.4646074693243363	0.8846684522360198	0.990990990990991
571_O-420	16.0	16.0	3.625844943847551	0.898752506126086	1.0
572_O-420	15.0	15.0	3.5442880135874297	0.8938771945148049	1.0
573_O-420	16.0	16.0	3.7166097742853106	0.9124451655549546	0.9922480620155039
574_O-420	17.333333333333332	17.0	3.682367737560776	0.9069822485207101	0.9846153846153847
575_O-420	13.0	13.0	3.3586251149738664	0.8803507728894173	1.0
576_O-420	16.0	16.0	3.5830599428896495	0.898142639962985	0.991869918699187
577_O-420	15.0	15.0	3.5134511046757844	0.8877631234168923	0.9906542056074766
578_O-420	15.0	15.0	3.460194649831435	0.888099173553719	1.0
579_O-420	15.0	15.0	3.545716966344253	0.898816	0.992
57_O-420	16.0	16.0	3.5893422428092574	0.8981431404362719	0.9922480620155039
580_O-420	15.0	15.0	3.484703766830582	0.8867239989250202	0.9918032786885246
581_O-420	15.0	15.0	3.6045898138566836	0.9044292508917955	1.0
582_O-420	15.0	15.0	3.5609819306027024	0.896263214427045	1.0
583_O-420	16.0	16.0	3.5132639155931678	0.8872189349112426	1.0
584_O-420	17.0	17.0	3.708837322845555	0.9082935233769285	0.9911504424778761
585_O-420	15.0	15.0	3.641934453529431	0.9042102918244598	1.0
586_O-420	17.0	17.0	3.6298833147029166	0.8968522372528616	0.9919354838709677
587_O-420	15.0	15.0	3.5108318783308365	0.8917764328942684	0.9905660377358491
588_O-420	16.0	16.0	3.6383381219922604	0.9048642837946789	0.9918032786885246
589_O-420	15.0	15.0	3.4900493696778794	0.8909036860879904	0.9913793103448276
58_O-420	15.0	15.0	3.59473735156325	0.89892578125	0.9921875
590_O-420	14.0	14.0	3.3505091634175828	0.8725940821602988	0.9915254237288136
591_O-420	20.0	17.0	3.437519800289921	0.8692888920273992	0.9747899159663865
592_O-420	13.0	13.0	3.2920626608471752	0.8753429355281207	0.9907407407407407
593_O-420	18.0	17.0	3.8052154519602843	0.917265153691468	0.9830508474576272
594_O-420	16.333333333333332	16.0	3.567810688081083	0.9003507653061225	0.9821428571428571
595_O-420	16.25	16.0	3.5463729730710805	0.8983154296875	0.984375
596_O-420	15.5	15.0	3.4583657903357423	0.8846187439951088	0.9813084112149533
597_O-420	14.0	14.0	3.3956784236253905	0.8869430124991173	1.0
598_O-420	17.0	17.0	3.76948852276257	0.9118655692729767	0.9907407407407407
599_O-420	15.0	15.0	3.5369924371791788	0.8945133149678604	1.0
59_O-420	15.0	15.0	3.5855210834403874	0.9037254791113121	0.9924812030075187
5_O-420	16.5	16.0	3.5944237902097993	0.9005771057053108	0.9829059829059829
600_O-420	13.0	13.0	3.201442012704178	0.8611293739498868	0.9914529914529915
601_O-420	15.0	15.0	3.6476483673430518	0.9070483225607879	1.0
602_O-420	15.0	15.0	3.517255297766542	0.8916037003036509	1.0
603_O-420	16.0	16.0	3.6065258580154915	0.9002956194571352	0.9918032786885246
604_O-420	16.5	16.0	3.560986647210637	0.8975271384171885	0.9865771812080537
605_O-420	18.5	17.0	3.6681295588766223	0.9017333984375	0.9765625
606_O-420	19.0	16.0	3.584346334002436	0.9009187652852139	0.975609756097561
607_O-420	16.5	16.0	3.5891120493132105	0.8990890473836594	0.9831932773109243
608_O-420	16.5	16.0	3.637155802373359	0.9066666666666666	0.9833333333333333
609_O-420	16.0	16.0	3.593603560698543	0.8958864795918368	0.9910714285714286
60_O-420	20.0	17.0	3.494469113514163	0.8842975206611571	0.9636363636363636
610_O-420	17.0	17.0	3.808782828621758	0.9174107142857143	0.9910714285714286
611_O-420	16.5	15.0	3.386610851184988	0.8781719479863653	0.9662921348314607
612_O-420	18.5	17.0	3.705360800906693	0.9092063492063492	0.9714285714285714
613_O-420	15.0	15.0	3.4043848242920105	0.8865966796875	1.0
614_O-420	17.5	17.0	3.710115598358696	0.9062051134731399	0.9830508474576272
615_O-420	17.0	16.0	3.486550032480034	0.8870977741955484	0.9763779527559056
616_O-420	16.0	16.0	3.6016290866286944	0.8920155727067823	1.0
617_O-420	15.0	15.0	3.4865807084510423	0.8916326530612245	1.0
618_O-420	16.0	16.0	3.5877424251342105	0.8925382653061225	0.9910714285714286
619_O-420	15.0	15.0	3.5002439549008297	0.8840606508875739	0.9903846153846154
61_O-420	16.0	16.0	3.7413700373942453	0.915895770072735	0.9915966386554622
620_O-420	14.0	14.0	3.577075888461235	0.9057988165680473	1.0
621_O-420	16.25	16.0	3.5358877494482956	0.8966836734693877	0.9821428571428571
622_O-420	15.0	15.0	3.477461401544932	0.881152	1.0
623_O-420	16.0	16.0	3.6466785314452026	0.9004166666666666	1.0
624_O-420	16.333333333333332	16.0	3.564873263895697	0.8940324888477401	0.981651376146789
625_O-420	15.0	15.0	3.4989596361521698	0.8976544111679247	0.990990990990991
626_O-420	18.0	17.0	3.526748555948354	0.8866053722733008	0.9767441860465116
627_O-420	15.0	15.0	3.6316898172355163	0.9090527200168032	0.9927536231884058
628_O-420	15.0	15.0	3.659046899007094	0.9075228716275275	1.0
629_O-420	17.333333333333332	17.0	3.5928224826686566	0.8953060898289733	0.9854014598540146
62_O-420	14.0	14.0	3.3845504546064378	0.881775147928994	1.0
630_O-420	18.0	15.0	3.4912518188769215	0.8951612903225806	0.9758064516129032
631_O-420	18.0	17.0	3.6907488461668683	0.9095402867029164	0.9747899159663865
632_O-420	17.0	16.0	3.673840761347833	0.9099081234714786	0.983739837398374
633_O-420	16.0	16.0	3.7577257759863647	0.9158677685950414	1.0
634_O-420	16.0	16.0	3.650560734937708	0.9028962507439	0.9929577464788732
635_O-420	15.0	15.0	3.4145333241878237	0.8820146738052747	0.991869918699187
636_O-420	16.0	16.0	3.5296514241508077	0.8932449969264394	0.9917355371900827
637_O-420	15.333333333333334	15.0	3.5570288993659807	0.9044995408631772	0.9848484848484849
638_O-420	16.5	16.0	3.5996325490285037	0.9007581449354553	0.9834710743801653
639_O-420	15.0	15.0	3.590348428139585	0.9000287273771904	0.9915254237288136
63_O-420	16.5	16.0	3.5294220980679425	0.8915765357770792	0.9854014598540146
640_O-420	16.333333333333332	16.0	3.616272189568718	0.9004596380350474	0.9830508474576272
641_O-420	16.333333333333332	16.0	3.571687049400893	0.8949011446409989	0.978494623655914
642_O-420	17.0	16.0	3.638053781014792	0.904576	0.984
643_O-420	16.0	16.0	3.6090838532705654	0.903923676431067	0.9918032786885246
644_O-420	16.0	16.0	3.5658890786482704	0.893304585979838	0.9923664122137404
645_O-420	16.0	16.0	3.6520185418725815	0.900420906814428	0.9927007299270073
646_O-420	15.0	15.0	3.542366155127821	0.895610165931527	1.0
647_O-420	16.0	16.0	3.550932897052631	0.893184	1.0
648_O-420	16.0	16.0	3.688013368571628	0.9079716835949523	1.0
649_O-420	18.0	15.0	3.462138014577874	0.887413747925583	0.9719626168224299
64_O-420	15.0	15.0	3.6353967402732374	0.9055445978522901	1.0
650_O-420	14.0	14.0	3.414245419458467	0.8866442199775533	1.0
651_O-420	16.0	16.0	3.5307545544576024	0.8908688865764829	0.9919354838709677
652_O-420	13.0	13.0	3.3703577757257204	0.888190697356738	0.9917355371900827
653_O-420	18.333333333333332	18.0	3.798236031395941	0.9158946224315512	0.9856115107913669
654_O-420	15.0	15.0	3.5272175260288363	0.8904577883472057	1.0
655_O-420	17.25	17.0	3.708270397351322	0.9116633151393277	0.9830508474576272
656_O-420	15.0	15.0	3.6646634877041167	0.9097800237812128	1.0
657_O-420	16.0	16.0	3.4885253429241145	0.8840498997549565	0.9925373134328358
658_O-420	16.0	16.0	3.673228486993806	0.9071046373365041	0.9913793103448276
659_O-420	15.5	15.0	3.523929627817422	0.8968206755238284	0.983739837398374
65_O-420	15.0	15.0	3.4880899383148	0.8894624421502314	0.9905660377358491
660_O-420	14.0	14.0	3.4929650121117506	0.8918861662311983	1.0
661_O-420	16.0	16.0	3.7587687136498307	0.9138483446066216	1.0
662_O-420	14.0	14.0	3.493966172832115	0.895872	0.992
663_O-420	15.0	15.0	3.3735072976405216	0.8784177568355137	0.9921259842519685
664_O-420	15.0	15.0	3.495460812589033	0.8855306828613798	1.0
665_O-420	17.0	17.0	3.76409993661082	0.9148488672555736	0.9922480620155039
666_O-420	15.0	15.0	3.6436729035740814	0.9052016004924592	1.0
667_O-420	16.0	16.0	3.6561516928642126	0.9058837890625	0.9921875
668_O-420	16.0	16.0	3.6398566166122954	0.904375776170648	0.9914529914529915
669_O-420	16.0	16.0	3.5364290659032216	0.8882644628099173	0.990909090909091
66_O-420	16.0	15.0	3.5819253611786808	0.9036597082714648	0.9813084112149533
670_O-420	15.0	15.0	3.529606419129436	0.8936479608698527	1.0
671_O-420	15.0	15.0	3.596759171512628	0.9037512726133605	0.9911504424778761
672_O-420	23.0	17.0	3.687427302169527	0.90807239299052	0.9661016949152542
673_O-420	20.0	17.0	3.6429704403125647	0.9027099609375	0.9765625
674_O-420	15.0	15.0	3.682790701229044	0.9105102040816326	1.0
675_O-420	16.0	16.0	3.6916335153688205	0.910203368102092	0.9923664122137404
676_O-420	16.0	16.0	3.5610740238389846	0.8940744040989085	1.0
677_O-420	16.333333333333332	16.0	3.6246075542559297	0.9068055555555555	0.9833333333333333
678_O-420	16.0	16.0	3.702011888610223	0.9090359168241966	0.991304347826087
679_O-420	15.0	15.0	3.5850899770146616	0.9033260362968717	0.9915966386554622
67_O-420	15.0	15.0	3.561906898359287	0.9012573964497042	0.9903846153846154
680_O-420	14.0	14.0	3.377920907753857	0.8829360659389619	0.9925373134328358
681_O-420	16.0	16.0	3.7737552071108844	0.915989831979664	1.0
682_O-420	14.0	14.0	3.442012637700279	0.8885582269559088	1.0
683_O-420	16.0	16.0	3.6805863140887607	0.9088134765625	0.9921875
684_O-420	15.0	14.0	3.29926681424853	0.8652777777777778	0.9833333333333333
685_O-420	16.5	16.0	3.6907195760914244	0.91136	0.984
686_O-420	15.333333333333334	15.0	3.5300345676327787	0.8987391338397681	0.9823008849557522
687_O-420	16.0	16.0	3.6260617234064143	0.9024793388429753	0.990909090909091
688_O-420	15.0	15.0	3.482860890472538	0.8910718002081165	1.0
689_O-420	15.333333333333334	15.0	3.5348416807143788	0.9014668367346939	0.9821428571428571
68_O-420	16.333333333333332	16.0	3.6017626526404105	0.9043378339557598	0.9830508474576272
690_O-420	16.0	16.0	3.6491339086900068	0.9041955017301038	0.9926470588235294
691_O-420	15.0	15.0	3.5739706819728254	0.8999926948644897	0.9914529914529915
692_O-420	18.0	17.0	3.562103229902292	0.8952757573617682	0.9747899159663865
693_O-420	15.5	15.0	3.4734206113667487	0.8904786680541104	0.9838709677419355
694_O-420	16.0	16.0	3.6300180678843814	0.904805992761552	0.9908256880733946
695_O-420	17.0	17.0	3.6615077522318336	0.9004466052348917	0.9924812030075187
696_O-420	13.0	13.0	3.302779655521405	0.876953125	1.0
697_O-420	14.0	14.0	3.505037162173877	0.8954214360041624	1.0
698_O-420	15.0	15.0	3.5590416173267405	0.9010885738898896	1.0
699_O-420	17.25	17.0	3.666937997262671	0.9060856498873028	0.9834710743801653
69_O-420	16.5	16.0	3.480670078536891	0.8855952462263507	0.9834710743801653
6_O-420	16.0	16.0	3.647811072299692	0.9072153635116598	0.9925925925925926
700_O-420	16.0	16.0	3.6401832467653854	0.900763358778626	0.9923664122137404
701_O-420	16.0	16.0	3.7156922528752125	0.9066587395957194	1.0
702_O-420	17.25	17.0	3.6671279923029414	0.9075603388566253	0.9854014598540146
703_O-420	14.0	14.0	3.5977804758404317	0.9078236353669042	1.0
704_O-420	16.0	16.0	3.5041002673463524	0.8883486912770648	0.9924812030075187
705_O-420	16.0	15.0	3.615966478906843	0.9055555555555556	0.9833333333333333
706_O-420	14.0	14.0	3.5768467610893406	0.9078624647137767	0.9931972789115646
707_O-420	17.0	16.0	3.5865450907113123	0.9051039697542533	0.9739130434782609
708_O-420	15.0	15.0	3.5151753522416436	0.8945705257110026	0.9915254237288136
709_O-420	15.0	15.0	3.5839800225855716	0.9004620565431906	1.0
70_O-420	18.0	15.0	3.376533607466938	0.8786389413988658	0.9739130434782609
710_O-420	19.0	16.0	3.6619984048662073	0.9082	0.97
711_O-420	16.0	16.0	3.6000796646886446	0.8939130434782608	1.0
712_O-420	15.0	15.0	3.6949332834037736	0.9137772756161289	1.0
713_O-420	16.5	16.0	3.6236399408412767	0.9048642837946789	0.9836065573770492
714_O-420	16.0	15.0	3.3991442765066693	0.8790038374187485	0.9734513274336283
715_O-420	14.0	14.0	3.575276699750103	0.9063423810803548	1.0
716_O-420	15.0	15.0	3.605265389068173	0.9021241718461853	1.0
717_O-420	14.5	14.0	3.4111813330247247	0.8899219467401285	0.9848484848484849
718_O-420	14.0	14.0	3.549685976018223	0.9021241718461854	1.0
719_O-420	16.166666666666668	16.0	3.2753434537285187	0.8609690771852934	0.9819819819819819
71_O-420	17.5	16.0	3.346821963145776	0.8762755102040817	0.9642857142857143
720_O-420	16.25	16.0	3.401397525688821	0.8736572265625	0.984375
721_O-420	16.0	16.0	3.5693224647991486	0.8968479892345117	0.9928057553956835
722_O-420	15.0	15.0	3.645771748109721	0.9079548508465466	0.9918032786885246
723_O-420	15.0	14.0	3.5003517161818354	0.8993715133112068	0.9831932773109243
724_O-420	15.0	15.0	3.5260310570826063	0.8949361925295729	0.9923664122137404
725_O-420	17.0	16.0	3.623324094542191	0.9070843716625133	0.9716981132075472
726_O-420	17.0	17.0	3.796247194873731	0.9183015318462778	0.9918032786885246
727_O-420	17.0	17.0	3.684335064178334	0.9091450109105337	0.9929577464788732
728_O-420	17.0	16.0	3.708210956482532	0.9116897506925208	0.9789473684210527
729_O-420	15.5	14.0	3.3950781717664347	0.8912952936276551	0.9693877551020408
72_O-420	15.0	15.0	3.5031902205033165	0.8928336620644313	0.9914529914529915
730_O-420	15.0	15.0	3.4972209905811744	0.8868457424433628	1.0
731_O-420	13.0	13.0	3.4546719859986768	0.8941736028537456	1.0
732_O-420	16.0	16.0	3.6680508570517385	0.90625	0.9916666666666667
733_O-420	19.0	16.0	3.479662202814171	0.8934180729052524	0.9658119658119658
734_O-420	16.333333333333332	16.0	3.657411269207221	0.9090277777777778	0.9833333333333333
735_O-420	16.0	16.0	3.6377622057440844	0.9057988165680473	0.9923076923076923
736_O-420	14.0	14.0	3.6042763894722882	0.9082936979785969	1.0
737_O-420	19.0	16.0	3.602158047692178	0.9013045556997472	0.9752066115702479
738_O-420	16.0	16.0	3.543173928725146	0.8872727272727273	0.990909090909091
739_O-420	16.0	15.0	3.55961621751653	0.900992	0.984
73_O-420	16.0	16.0	3.7007289033415645	0.9065658131316263	1.0
740_O-420	14.0	14.0	3.442429956763161	0.881502000615574	1.0
741_O-420	16.0	16.0	3.5419936872573836	0.8899678909859816	0.9911504424778761
742_O-420	15.0	15.0	3.513621012924018	0.890652557319224	0.9920634920634921
743_O-420	17.5	16.0	3.556766182067627	0.898304	0.976
744_O-420	16.0	16.0	3.5768495888371636	0.8982248520710059	0.9923076923076923
745_O-420	16.5	16.0	3.5594016014104484	0.8965680473372781	0.9846153846153847
746_O-420	14.5	14.0	3.454976519295548	0.8950208319103886	0.9834710743801653
747_O-420	16.0	16.0	3.744440545796593	0.9143813775510204	0.9910714285714286
748_O-420	15.0	15.0	3.525935188477356	0.8955441928414901	1.0
749_O-420	16.0	16.0	3.5770057409697884	0.9005468421368908	0.9922480620155039
74_O-420	14.0	14.0	3.566987255471287	0.9048353909465021	0.9907407407407407
750_O-420	15.0	15.0	3.5397437351913563	0.8973394248857833	1.0
751_O-420	17.0	16.0	3.7476429361735013	0.9168920137010996	0.9844961240310077
752_O-420	14.0	14.0	3.653772225979473	0.914026006817321	0.9887640449438202
753_O-420	15.0	15.0	3.5919942964423277	0.9059440833268071	0.9911504424778761
754_O-420	19.5	18.0	3.7825611156318057	0.9150765923138942	0.9754098360655737
755_O-420	16.0	16.0	3.6647795203864377	0.9053241256404545	1.0
756_O-420	14.0	14.0	3.47401145010715	0.8888140728894874	1.0
757_O-420	15.0	15.0	3.69981988664199	0.9127505884262641	1.0
758_O-420	15.0	15.0	3.544269036767095	0.8897655051501205	1.0
759_O-420	14.0	14.0	3.410965351491022	0.8883377766755534	0.9921259842519685
75_O-420	15.0	15.0	3.5859061799721506	0.8998611111111111	0.9916666666666667
760_O-420	16.5	16.0	3.641376101899707	0.9057596371882086	0.9809523809523809
761_O-420	15.5	15.0	3.5617184166332243	0.9015763168012303	0.9803921568627451
762_O-420	17.5	17.0	3.693390201151908	0.904375776170648	0.9829059829059829
763_O-420	17.0	16.0	3.6410017769797216	0.9043146670432879	0.9831932773109243
764_O-420	16.0	16.0	3.5109597706791935	0.8871033195357519	0.990990990990991
765_O-420	14.0	14.0	3.5202351933117075	0.8956599286563615	1.0
766_O-420	16.0	16.0	3.54352720451144	0.8911993278722957	1.0
767_O-420	14.0	14.0	3.5273237565229825	0.8979238754325259	1.0
768_O-420	15.0	15.0	3.4757455257692818	0.8858415582146912	1.0
769_O-420	14.0	14.0	3.471527416647712	0.8944411395333466	0.991869918699187
76_O-420	16.0	16.0	3.5907998537693957	0.9020118343195266	0.9923076923076923
770_O-420	16.25	16.0	3.5218864959957465	0.8936958168504334	0.981651376146789
771_O-420	15.0	15.0	3.6662799686555076	0.9099639855942376	1.0
772_O-420	14.0	14.0	3.5067754450923503	0.8981474480151229	0.991304347826087
773_O-420	16.0	16.0	3.7575552998180664	0.9165692422149007	0.9896907216494846
774_O-420	15.0	15.0	3.5900828965058467	0.9022294333273241	1.0
775_O-420	17.0	16.0	3.5797084857470445	0.9001078325654348	0.9702970297029703
776_O-420	15.0	15.0	3.654594657462408	0.9086469405343292	1.0
777_O-420	16.0	15.0	3.4604092759233915	0.8899810964083176	0.9826086956521739
778_O-420	18.0	17.0	3.7907549076991973	0.9173538347076694	0.984251968503937
779_O-420	17.0	16.0	3.6653530763050792	0.9091149448079847	0.983739837398374
77_O-420	17.0	16.0	3.4282101274845656	0.8791454081632653	0.9732142857142857
780_O-420	16.0	16.0	3.5942675962573256	0.8996084015663938	0.9905660377358491
781_O-420	21.0	18.0	3.6721721686585425	0.8998881133784432	0.9781021897810219
782_O-420	17.5	17.0	3.6521848367853593	0.903905325443787	0.9846153846153847
783_O-420	15.0	15.0	3.3759853151868753	0.8730519226251077	0.9911504424778761
784_O-420	14.0	14.0	3.4323751636620825	0.8836388589353985	0.9900990099009901
785_O-420	15.0	15.0	3.6541727310491616	0.9074173609244827	1.0
786_O-420	15.0	15.0	3.637971615830976	0.9065277777777778	1.0
787_O-420	16.0	16.0	3.728825779496309	0.9158428720083247	0.9919354838709677
788_O-420	15.0	15.0	3.597058127485563	0.9038347205707491	0.9913793103448276
789_O-420	17.5	16.0	3.5919342599447077	0.9017685505574778	0.9705882352941176
78_O-420	14.0	14.0	3.619479951695638	0.910888671875	1.0
790_O-420	16.0	16.0	3.450481740199091	0.8711723705850105	0.9911504424778761
791_O-420	15.0	14.0	3.309989032985689	0.8750599392615482	0.9854014598540146
792_O-420	16.0	16.0	3.644039031972753	0.8963623046875	1.0
793_O-420	16.0	16.0	3.6033609451329043	0.9020489999510979	0.993006993006993
794_O-420	18.0	15.0	3.3896666771132216	0.8830348943985308	0.9772727272727273
795_O-420	16.0	16.0	3.7092230185133612	0.9112027607103779	1.0
796_O-420	16.5	16.0	3.567858881037251	0.8954582101585595	0.9836065573770492
797_O-420	14.0	14.0	3.387705434277208	0.8832232117207699	0.9915254237288136
798_O-420	15.5	15.0	3.49790008567661	0.8942012157639505	0.9834710743801653
799_O-420	17.0	17.0	3.606767796445682	0.8902391975308642	0.9930555555555556
79_O-420	16.5	15.0	3.4589502593935095	0.8891966759002771	0.9736842105263158
7_O-420	16.0	16.0	3.6854804275296362	0.909423828125	0.9921875
800_O-420	16.0	16.0	3.63474528422438	0.9017168209876543	1.0
801_O-420	15.0	15.0	3.5631200656265096	0.90048	0.992
802_O-420	15.0	15.0	3.5766854847045493	0.9022633744855967	0.9907407407407407
803_O-420	17.0	17.0	3.6381000838039137	0.8965807343308695	0.9922480620155039
804_O-420	18.0	17.0	3.6974118382453844	0.9114261101104237	0.9734513274336283
805_O-420	19.0	16.0	3.413013213382716	0.8784615384615384	0.9769230769230769
806_O-420	15.0	15.0	3.6347273380213223	0.9067156274274416	1.0
807_O-420	16.0	16.0	3.622198288896175	0.9017143637729663	0.9917355371900827
808_O-420	16.0	16.0	3.633261478373959	0.9005583220159952	1.0
809_O-420	15.0	15.0	3.5703237137905797	0.901233802467605	0.9921259842519685
80_O-420	16.0	16.0	3.5550327740538803	0.8964240861920815	0.991869918699187
810_O-420	17.0	16.0	3.663555135566238	0.9063888888888889	0.9833333333333333
811_O-420	17.333333333333332	17.0	3.6427942907692006	0.9014892578125	0.984375
812_O-420	17.0	17.0	3.7404424516299564	0.9116266772423822	0.991869918699187
813_O-420	16.0	16.0	3.6498667877505415	0.9081450653983353	0.9913793103448276
814_O-420	15.0	15.0	3.600106629187292	0.9018181818181819	1.0
815_O-420	16.0	16.0	3.641585282480088	0.9052340604530977	0.9922480620155039
816_O-420	15.0	15.0	3.480840607772225	0.8860050542995697	1.0
817_O-420	15.0	15.0	3.56349418977277	0.8993516845573387	0.9896907216494846
818_O-420	20.0	17.0	3.6419484037034944	0.9033772064075094	0.9595959595959596
819_O-420	16.5	16.0	3.5263362083721987	0.893595041322314	0.9848484848484849
81_O-420	15.333333333333334	15.0	3.5360974196303796	0.9019778039556079	0.984251968503937
820_O-420	15.0	15.0	3.4825328031415634	0.89125	1.0
821_O-420	16.0	16.0	3.595830351728202	0.9037869822485207	0.9923076923076923
822_O-420	14.0	14.0	3.242221058832453	0.8547008547008547	0.9914529914529915
823_O-420	16.333333333333332	16.0	3.6087805064660183	0.905	0.9857142857142858
824_O-420	15.0	15.0	3.5270758541571494	0.8959240205777602	0.9924812030075187
825_O-420	14.0	14.0	3.6008604116841583	0.905472	1.0
826_O-420	13.0	13.0	3.414607346617366	0.8905101358877255	1.0
827_O-420	15.0	15.0	3.329762490271643	0.8653663525458397	0.9914529914529915
828_O-420	16.5	16.0	3.6102376933167055	0.9016312407315867	0.9831932773109243
829_O-420	16.0	16.0	3.491064263492598	0.8787960225745768	1.0
82_O-420	20.0	17.0	3.5208595561109712	0.8922908093278463	0.9703703703703703
830_O-420	17.333333333333332	17.0	3.6697765257786634	0.9029609572888462	0.9813084112149533
831_O-420	16.0	16.0	3.622410241194758	0.9028458056916113	0.9921259842519685
832_O-420	16.0	15.0	3.330422594953439	0.880768	0.976
833_O-420	15.0	15.0	3.6060298601237224	0.9013888888888889	0.9916666666666667
834_O-420	15.0	15.0	3.5747296251593355	0.9010107015457789	1.0
835_O-420	16.0	16.0	3.5809280942023203	0.8936767578125	0.9921875
836_O-420	15.0	14.0	3.4458987000088306	0.8904166666666666	0.9833333333333333
837_O-420	14.0	14.0	3.4242688697358523	0.8852777777777778	1.0
838_O-420	17.5	17.0	3.6725568938997712	0.9015998246767478	0.9829059829059829
839_O-420	17.0	16.0	3.4301809036764497	0.8836541223786268	0.9745762711864406
83_O-420	15.0	15.0	3.5145103852073922	0.8930801248699272	1.0
840_O-420	16.0	16.0	3.652894916077048	0.9078800149182162	0.9927007299270073
841_O-420	15.0	15.0	3.6388749858467713	0.9078808538267997	0.990990990990991
842_O-420	18.0	15.0	3.4314251551142223	0.8877808892835188	0.9752066115702479
843_O-420	15.0	15.0	3.5558532125975915	0.9019287920284366	0.9923664122137404
844_O-420	16.0	16.0	3.585504297529751	0.8960274968603344	0.991869918699187
845_O-420	15.0	15.0	3.564872774366192	0.8986625514403292	0.9907407407407407
846_O-420	16.5	16.0	3.6417125470571414	0.9052071005917159	0.9846153846153847
847_O-420	14.0	14.0	3.4253096583633833	0.8801514813989753	1.0
848_O-420	16.5	16.0	3.703529480396777	0.912886120696911	0.981651376146789
849_O-420	13.0	13.0	3.4180376547177986	0.8861876286638565	1.0
84_O-420	14.5	14.0	3.430821444357966	0.892349128861207	0.981651376146789
850_O-420	16.333333333333332	16.0	3.4454374605064517	0.8783278017089189	0.9831932773109243
851_O-420	17.0	16.0	3.528394231922491	0.8973942518183744	0.9747899159663865
852_O-420	14.0	14.0	3.442006762464134	0.8934180729052523	0.9914529914529915
853_O-420	16.0	16.0	3.720501942758302	0.9137931034482759	1.0
854_O-420	16.0	16.0	3.648716184125583	0.9040453686200378	1.0
855_O-420	15.333333333333334	15.0	3.4413642596692404	0.8846597462514417	0.9803921568627451
856_O-420	16.0	16.0	3.6792179830476535	0.9094405384291809	0.9922480620155039
857_O-420	15.5	15.0	3.440639371801792	0.8862003780718336	0.9826086956521739
858_O-420	13.0	13.0	3.466333543325819	0.8982800322493953	1.0
859_O-420	16.5	16.0	3.6034756588159484	0.8972	0.98
85_O-420	15.0	15.0	3.48399816285747	0.8936767578125	0.9921875
860_O-420	15.0	15.0	3.56769711118293	0.8996539792387543	1.0
861_O-420	18.5	17.0	3.589917588496128	0.8930211202938476	0.9772727272727273
862_O-420	16.0	16.0	3.4145560405569895	0.8583515103443717	0.991869918699187
863_O-420	14.0	14.0	3.459043906274817	0.8882871866538562	0.9906542056074766
864_O-420	14.0	14.0	3.4995456249337185	0.8975069252077562	0.9912280701754386
865_O-420	15.0	15.0	3.479911467077192	0.8896868715886239	1.0
866_O-420	15.0	15.0	3.440467084707566	0.8794642857142857	1.0
867_O-420	14.0	14.0	3.5234033125696382	0.9007201646090535	0.9907407407407407
868_O-420	16.333333333333332	16.0	3.558895800820843	0.89870910456936	0.9834710743801653
869_O-420	17.0	16.0	3.6525922456571593	0.9061290086931113	0.9829059829059829
86_O-420	17.0	17.0	3.8554543655397375	0.9231544469639708	0.9920634920634921
870_O-420	13.0	13.0	3.2687162360598685	0.87625	0.9916666666666667
871_O-420	15.25	15.0	3.4799904682091123	0.8938	0.98
872_O-420	14.0	14.0	3.5023612713809302	0.8940417880835761	1.0
873_O-420	14.333333333333334	14.0	3.4008235203876223	0.8896264388108184	0.9831932773109243
874_O-420	15.5	14.0	3.346751017504499	0.8830589849108368	0.9722222222222222
875_O-420	16.5	16.0	3.6161798669014735	0.9029656607700313	0.9838709677419355
876_O-420	16.0	15.0	3.635499578766954	0.9085950413223141	0.9818181818181818
877_O-420	16.5	16.0	3.6747725163794533	0.90875	0.9833333333333333
878_O-420	16.5	16.0	3.6181784678382236	0.9017769376181475	0.9826086956521739
879_O-420	15.5	15.0	3.4126658215776664	0.8839771202598686	0.9831932773109243
87_O-420	16.0	16.0	3.720178400945645	0.9095418190836382	1.0
880_O-420	15.0	15.0	3.425400960274849	0.8817868428612468	1.0
881_O-420	15.0	15.0	3.4705240331536644	0.8844396667562483	0.9918032786885246
882_O-420	17.0	17.0	3.7086290583021593	0.9053258106516213	0.9921259842519685
883_O-420	15.0	15.0	3.680486322045473	0.9129678638941399	1.0
884_O-420	16.0	16.0	3.427711705788593	0.8706154169292166	0.9927536231884058
885_O-420	14.0	14.0	3.3526778515160798	0.8733456448137888	1.0
886_O-420	16.0	16.0	3.6144281610829476	0.9014411583908203	0.9917355371900827
887_O-420	18.5	17.0	3.6223619715430075	0.8964334705075446	0.9722222222222222
888_O-420	17.0	16.0	3.5032749350227452	0.8849897699795399	0.984251968503937
889_O-420	15.0	15.0	3.643586509551972	0.9108727810650887	0.9903846153846154
88_O-420	15.0	15.0	3.602410176181196	0.9010509617291295	1.0
890_O-420	17.0	17.0	3.7120869334839246	0.9085693359375	0.9921875
891_O-420	16.0	16.0	3.72057582247058	0.9138792772010765	0.9901960784313726
892_O-420	13.0	13.0	3.501695490688222	0.8997130102040816	1.0
893_O-420	17.0	17.0	3.717719008449612	0.9062573420001566	0.9911504424778761
894_O-420	17.0	14.0	3.4383513023072574	0.895706517328139	0.972972972972973
895_O-420	16.333333333333332	16.0	3.5553192304045522	0.8983471074380165	0.9818181818181818
896_O-420	15.0	15.0	3.596935386666691	0.8995535714285714	1.0
897_O-420	13.0	13.0	3.517338849562349	0.9040265718780957	1.0
898_O-420	16.333333333333332	16.0	3.6262297288044736	0.9077248821801789	0.9834710743801653
899_O-420	16.0	16.0	3.695203389246657	0.9092985756517065	0.9918032786885246
89_O-420	17.75	17.0	3.6548249543595266	0.9004144967584228	0.9690721649484536
8_O-420	13.0	13.0	3.3831070681879543	0.8834273209325814	1.0
900_O-420	15.0	15.0	3.594363443463261	0.9034710743801653	0.990909090909091
901_O-420	15.0	15.0	3.6284352407684524	0.9062071330589849	1.0
902_O-420	16.0	15.0	3.494710119832659	0.8927941546989167	0.9841269841269842
903_O-420	14.333333333333334	14.0	3.3888259714782194	0.8898105382222641	0.9805825242718447
904_O-420	15.5	15.0	3.468185714080021	0.889088	0.984
905_O-420	16.0	16.0	3.6390887810290966	0.9034593047723255	0.9908256880733946
906_O-420	16.0	16.0	3.706147078796829	0.91125	0.9916666666666667
907_O-420	16.0	16.0	3.6804668647551697	0.9070216049382716	1.0
908_O-420	15.0	15.0	3.500445941024101	0.8936697873395747	0.9921259842519685
909_O-420	14.0	14.0	3.557907879640014	0.9033064206074587	1.0
90_O-420	16.0	16.0	3.685431566912246	0.9110469949630788	1.0
910_O-420	14.5	14.0	3.323396301294197	0.8764172335600907	0.9841269841269842
911_O-420	17.0	16.0	3.598477611272261	0.8993342516069789	0.9848484848484849
912_O-420	17.0	17.0	3.7486821059986655	0.9134705075445816	0.9925925925925926
913_O-420	17.0	16.0	3.6422423110955	0.9042596585280578	0.9847328244274809
914_O-420	16.0	16.0	3.588168436635838	0.8970614746709933	0.9922480620155039
915_O-420	16.0	16.0	3.626097309519104	0.9034306081532635	0.9925373134328358
916_O-420	14.0	14.0	3.561635182046166	0.9053849480968859	1.0
917_O-420	16.0	16.0	3.5797699618693537	0.9001604471818229	0.9928057553956835
918_O-420	14.0	14.0	3.5164064174340046	0.902587890625	0.9921875
919_O-420	16.0	16.0	3.55769048538508	0.8918732782369145	0.9924242424242424
91_O-420	16.0	15.0	3.333326599106601	0.8746570644718793	0.9722222222222222
920_O-420	15.0	15.0	3.5137399333446164	0.8865512455256045	1.0
921_O-420	17.333333333333332	17.0	3.716465587143669	0.9071659641211646	0.9801980198019802
922_O-420	14.5	14.0	3.4620967312615574	0.895981922180637	0.9831932773109243
923_O-420	16.0	16.0	3.6196710234877587	0.9046418819575719	0.9927536231884058
924_O-420	16.0	16.0	3.5552140923652282	0.8927941546989167	1.0
925_O-420	13.0	13.0	3.423361595336521	0.893	1.0
926_O-420	14.0	14.0	3.5236669601655257	0.9021164021164021	0.9920634920634921
927_O-420	14.0	14.0	3.480929904440615	0.8842975206611571	1.0
928_O-420	16.0	16.0	3.671789611518977	0.9096645121575869	0.9912280701754386
929_O-420	15.0	15.0	3.6316190923600224	0.9075882794891059	0.9917355371900827
92_O-420	15.5	15.0	3.542007280424628	0.8999926948644897	0.9829059829059829
930_O-420	16.0	16.0	3.6112992180410863	0.9021487603305786	0.990909090909091
931_O-420	16.0	16.0	3.5153865639849506	0.8858207319745781	1.0
932_O-420	17.0	17.0	3.688529900746211	0.9011085915847821	0.9920634920634921
933_O-420	16.0	16.0	3.6554663833219614	0.9039067422810334	0.9927536231884058
934_O-420	16.5	16.0	3.5286044949028863	0.8919526627218934	0.9846153846153847
935_O-420	14.0	14.0	3.5407373734318948	0.896896	1.0
936_O-420	15.2	15.0	3.473901388551481	0.8929748113508343	0.979381443298969
937_O-420	15.0	15.0	3.547176635436866	0.8966942148760331	0.9924242424242424
938_O-420	17.5	17.0	3.5857458359693513	0.8902746283698665	0.9841269841269842
939_O-420	15.0	15.0	3.5920469071521577	0.9033861865090029	0.9918032786885246
93_O-420	14.5	14.0	3.418510944994113	0.89119569396386	0.9803921568627451
940_O-420	16.333333333333332	16.0	3.5053993133872186	0.887552	0.984
941_O-420	15.2	15.0	3.264017388189008	0.8602130266754642	0.9805825242718447
942_O-420	16.0	16.0	3.5010512398445757	0.8876646062886321	0.9918032786885246
943_O-420	15.0	15.0	3.625759365302261	0.9059329599870141	1.0
944_O-420	17.0	16.0	3.567189745126169	0.901307966706302	0.9741379310344828
945_O-420	16.0	16.0	3.620157015606448	0.901888	0.992
946_O-420	15.0	15.0	3.5531552782375324	0.8995266272189348	0.9923076923076923
947_O-420	14.5	14.0	3.39483307362268	0.8870421668205601	0.9824561403508771
948_O-420	16.0	16.0	3.717655479601914	0.9125	0.9916666666666667
949_O-420	15.0	15.0	3.5265396461155865	0.8926543802952223	0.9906542056074766
94_O-420	15.0	15.0	3.6100431887368436	0.9040642722117203	1.0
950_O-420	15.0	15.0	3.482392790838331	0.8842592592592593	0.9907407407407407
951_O-420	15.0	15.0	3.402411895910444	0.8745216836734694	0.9910714285714286
952_O-420	16.25	16.0	3.5434641361381556	0.8940329218106996	0.9814814814814815
953_O-420	17.5	17.0	3.6616943186756723	0.8986111111111111	0.9833333333333333
954_O-420	17.5	17.0	3.7779816631064764	0.9162636210011071	0.9847328244274809
955_O-420	15.0	15.0	3.4935785423660284	0.8904637336504162	0.993103448275862
956_O-420	18.0	16.0	3.3997855033078284	0.8834722222222222	0.9666666666666667
957_O-420	18.0	17.0	3.791712059633584	0.9166863905325444	0.9846153846153847
958_O-420	18.0	17.0	3.5528775317121273	0.8926899063475546	0.9758064516129032
959_O-420	17.0	16.0	3.6746169485007	0.9076557093425606	0.9852941176470589
95_O-420	17.0	17.0	3.6596262677007894	0.9023498046996093	0.9921259842519685
960_O-420	15.0	15.0	3.6153993628205607	0.908288	0.992
961_O-420	15.0	15.0	3.6557585153807466	0.9112694807737489	1.0
962_O-420	14.0	14.0	3.4757289230590374	0.8881138655858234	1.0
963_O-420	16.0	16.0	3.6510333595114672	0.8984302862419206	0.9912280701754386
964_O-420	15.5	15.0	3.5256140629082386	0.8980097960195921	0.984251968503937
965_O-420	15.0	15.0	3.5016785552475094	0.8929845422116528	0.9913793103448276
966_O-420	16.25	16.0	3.3905141773868794	0.8688046647230321	0.9795918367346939
967_O-420	17.5	16.0	3.457770395226451	0.8790287361341602	0.9719626168224299
968_O-420	16.0	15.0	3.516460853678895	0.896	0.984
969_O-420	16.25	16.0	3.568140307743721	0.8974609375	0.984375
96_O-420	15.0	15.0	3.701047502471299	0.9145421436004162	0.9919354838709677
970_O-420	16.333333333333332	16.0	3.586481258683489	0.8999912656127173	0.9813084112149533
971_O-420	15.0	15.0	3.637141575714393	0.9043338086676174	1.0
972_O-420	15.0	15.0	3.538702114578672	0.8987304106328109	1.0
973_O-420	16.0	16.0	3.6795203684516697	0.9075900357951641	0.9914529914529915
974_O-420	15.0	15.0	3.4959011423833446	0.8891966759002771	0.9912280701754386
975_O-420	16.333333333333332	16.0	3.488930702344849	0.8876870380385794	0.9844961240310077
976_O-420	18.0	17.0	3.7030350915095727	0.9109690844233056	0.9741379310344828
977_O-420	12.0	12.0	3.272763764393442	0.875	0.99
978_O-420	15.0	15.0	3.5424893894588543	0.898432	0.992
979_O-420	15.0	15.0	3.5347988973497375	0.8955029585798816	1.0
97_O-420	16.0	16.0	3.5901729650901806	0.901712523334145	0.990990990990991
980_O-420	18.0	17.0	3.7483350163847993	0.9132231404958677	0.9818181818181818
981_O-420	15.0	15.0	3.5661685121210476	0.8980712890625	0.9921875
982_O-420	14.0	14.0	3.452185920460696	0.8894331065759638	0.9904761904761905
983_O-420	16.0	15.0	3.516092202728803	0.8941736028537456	0.9827586206896551
984_O-420	15.0	15.0	3.6480426383828948	0.9089761248852157	1.0
985_O-420	16.0	16.0	3.635423548354778	0.9055361461972588	0.9918032786885246
986_O-420	15.0	15.0	3.6196155710684	0.9060163759344962	0.9905660377358491
987_O-420	15.0	15.0	3.693622220021734	0.9133869577707555	1.0
988_O-420	18.0	17.0	3.570818514298221	0.8959122085048011	0.9777777777777777
989_O-420	15.0	15.0	3.6653730082187663	0.9111177170035671	0.9913793103448276
98_O-420	18.5	17.0	3.6178693543903497	0.8966323325297685	0.9743589743589743
990_O-420	16.0	15.0	3.4723913680808445	0.8901031350317601	0.9834710743801653
991_O-420	13.0	13.0	3.2700814772969076	0.8697970863683663	1.0
992_O-420	16.0	16.0	3.7096799389477284	0.9120604914933838	1.0
993_O-420	15.0	15.0	3.521355781699105	0.8927218693549327	1.0
994_O-420	16.0	16.0	3.6505731723156627	0.9007232084155161	0.9914529914529915
995_O-420	16.0	16.0	3.804680047036813	0.9209274673008323	0.9913793103448276
996_O-420	14.0	14.0	3.4183709705813055	0.8883769322235434	0.9913793103448276
997_O-420	14.0	14.0	3.5776224210387766	0.9043055555555556	1.0
998_O-420	16.0	16.0	3.876181795124768	0.9271946805824426	1.0
999_O-420	14.0	14.0	3.5386764103419104	0.904297520661157	0.990909090909091
99_O-420	16.333333333333332	16.0	3.540860549029984	0.8927810650887573	0.9846153846153847
9_O-420	16.75	16.0	3.268597776182348	0.858264081255771	0.9736842105263158
