	chao1	observed_otus	shannon	simpson	goods_coverage
1000_H-193	0.0	0.0	nan	nan	nan
100_H-193	1.0	1.0	-0.0	0.0	1.0
101_H-193	2.0	2.0	0.8112781244591328	0.375	0.75
102_H-193	0.0	0.0	nan	nan	nan
103_H-193	1.0	1.0	-0.0	0.0	0.0
104_H-193	1.0	1.0	-0.0	0.0	0.0
105_H-193	2.0	2.0	0.8112781244591328	0.375	0.75
106_H-193	1.0	1.0	-0.0	0.0	0.0
107_H-193	2.0	2.0	0.9182958340544894	0.4444444444444444	0.6666666666666667
108_H-193	2.0	2.0	0.9182958340544894	0.4444444444444444	0.6666666666666667
109_H-193	0.0	0.0	nan	nan	nan
10_H-193	0.0	0.0	nan	nan	nan
110_H-193	1.0	1.0	-0.0	0.0	1.0
111_H-193	1.0	1.0	-0.0	0.0	1.0
112_H-193	0.0	0.0	nan	nan	nan
113_H-193	0.0	0.0	nan	nan	nan
114_H-193	0.0	0.0	nan	nan	nan
115_H-193	3.5	3.0	1.5	0.625	0.5
116_H-193	1.0	1.0	-0.0	0.0	1.0
117_H-193	3.0	2.0	1.0	0.5	0.0
118_H-193	0.0	0.0	nan	nan	nan
119_H-193	3.0	2.0	1.0	0.5	0.0
11_H-193	2.0	2.0	0.9182958340544894	0.4444444444444444	0.6666666666666667
120_H-193	2.0	2.0	0.8112781244591328	0.375	0.75
121_H-193	0.0	0.0	nan	nan	nan
122_H-193	2.0	2.0	0.9182958340544894	0.4444444444444444	0.6666666666666667
123_H-193	0.0	0.0	nan	nan	nan
124_H-193	2.0	2.0	0.9182958340544894	0.4444444444444444	0.6666666666666667
125_H-193	0.0	0.0	nan	nan	nan
126_H-193	2.0	2.0	0.9182958340544894	0.4444444444444444	0.6666666666666667
127_H-193	1.0	1.0	-0.0	0.0	0.0
128_H-193	0.0	0.0	nan	nan	nan
129_H-193	0.0	0.0	nan	nan	nan
12_H-193	1.0	1.0	-0.0	0.0	0.0
130_H-193	3.0	2.0	1.0	0.5	0.0
131_H-193	0.0	0.0	nan	nan	nan
132_H-193	1.0	1.0	-0.0	0.0	0.0
133_H-193	1.0	1.0	-0.0	0.0	1.0
134_H-193	2.0	2.0	0.9182958340544894	0.4444444444444444	0.6666666666666667
135_H-193	0.0	0.0	nan	nan	nan
136_H-193	0.0	0.0	nan	nan	nan
137_H-193	3.0	2.0	1.0	0.5	0.0
138_H-193	1.0	1.0	-0.0	0.0	1.0
139_H-193	1.0	1.0	-0.0	0.0	1.0
13_H-193	4.0	3.0	1.370950594454669	0.5599999999999999	0.6
140_H-193	2.0	2.0	0.9182958340544894	0.4444444444444444	0.6666666666666667
141_H-193	2.0	2.0	1.0	0.5	1.0
142_H-193	3.5	3.0	1.5	0.625	0.5
143_H-193	1.0	1.0	-0.0	0.0	1.0
144_H-193	1.0	1.0	-0.0	0.0	0.0
145_H-193	2.0	2.0	0.9182958340544894	0.4444444444444444	0.6666666666666667
146_H-193	1.0	1.0	-0.0	0.0	0.0
147_H-193	2.0	2.0	0.7219280948873623	0.31999999999999984	0.8
148_H-193	4.0	3.0	1.2516291673878228	0.5	0.6666666666666667
149_H-193	1.0	1.0	-0.0	0.0	1.0
14_H-193	2.0	2.0	0.9182958340544894	0.4444444444444444	0.6666666666666667
150_H-193	1.0	1.0	-0.0	0.0	0.0
151_H-193	0.0	0.0	nan	nan	nan
152_H-193	0.0	0.0	nan	nan	nan
153_H-193	0.0	0.0	nan	nan	nan
154_H-193	2.0	2.0	0.9182958340544894	0.4444444444444444	0.6666666666666667
155_H-193	1.0	1.0	-0.0	0.0	0.0
156_H-193	0.0	0.0	nan	nan	nan
157_H-193	0.0	0.0	nan	nan	nan
158_H-193	0.0	0.0	nan	nan	nan
159_H-193	1.0	1.0	-0.0	0.0	1.0
15_H-193	2.0	2.0	0.9709505944546688	0.48	1.0
160_H-193	0.0	0.0	nan	nan	nan
161_H-193	1.0	1.0	-0.0	0.0	0.0
162_H-193	0.0	0.0	nan	nan	nan
163_H-193	1.0	1.0	-0.0	0.0	1.0
164_H-193	0.0	0.0	nan	nan	nan
165_H-193	1.0	1.0	-0.0	0.0	1.0
166_H-193	1.0	1.0	-0.0	0.0	0.0
167_H-193	2.0	2.0	0.8112781244591328	0.375	0.75
168_H-193	0.0	0.0	nan	nan	nan
169_H-193	0.0	0.0	nan	nan	nan
16_H-193	0.0	0.0	nan	nan	nan
170_H-193	1.0	1.0	-0.0	0.0	1.0
171_H-193	0.0	0.0	nan	nan	nan
172_H-193	1.0	1.0	-0.0	0.0	0.0
173_H-193	1.0	1.0	-0.0	0.0	0.0
174_H-193	0.0	0.0	nan	nan	nan
175_H-193	1.0	1.0	-0.0	0.0	1.0
176_H-193	1.0	1.0	-0.0	0.0	1.0
177_H-193	1.0	1.0	-0.0	0.0	0.0
178_H-193	1.0	1.0	-0.0	0.0	1.0
179_H-193	0.0	0.0	nan	nan	nan
17_H-193	2.0	2.0	0.6500224216483541	0.2777777777777777	0.8333333333333334
180_H-193	1.0	1.0	-0.0	0.0	0.0
181_H-193	1.0	1.0	-0.0	0.0	0.0
182_H-193	2.0	2.0	0.9182958340544894	0.4444444444444444	0.6666666666666667
183_H-193	3.0	2.0	1.0	0.5	0.0
184_H-193	0.0	0.0	nan	nan	nan
185_H-193	1.0	1.0	-0.0	0.0	0.0
186_H-193	2.0	2.0	0.8112781244591328	0.375	0.75
187_H-193	0.0	0.0	nan	nan	nan
188_H-193	2.0	2.0	0.8112781244591328	0.375	0.75
189_H-193	2.0	2.0	0.9182958340544894	0.4444444444444444	0.6666666666666667
18_H-193	0.0	0.0	nan	nan	nan
190_H-193	3.0	2.0	1.0	0.5	0.0
191_H-193	6.0	3.0	1.584962500721156	0.6666666666666667	0.0
192_H-193	0.0	0.0	nan	nan	nan
193_H-193	2.0	2.0	0.7219280948873623	0.31999999999999984	0.8
194_H-193	1.0	1.0	-0.0	0.0	0.0
195_H-193	2.0	2.0	1.0	0.5	1.0
196_H-193	2.0	2.0	0.9182958340544894	0.4444444444444444	0.6666666666666667
197_H-193	1.0	1.0	-0.0	0.0	0.0
198_H-193	2.0	2.0	0.8112781244591328	0.375	0.75
199_H-193	2.0	2.0	0.7219280948873623	0.31999999999999984	0.8
19_H-193	3.0	2.0	1.0	0.5	0.0
1_H-193	1.0	1.0	-0.0	0.0	1.0
200_H-193	0.0	0.0	nan	nan	nan
201_H-193	0.0	0.0	nan	nan	nan
202_H-193	3.0	2.0	1.0	0.5	0.0
203_H-193	0.0	0.0	nan	nan	nan
204_H-193	1.0	1.0	-0.0	0.0	1.0
205_H-193	1.0	1.0	-0.0	0.0	1.0
206_H-193	1.0	1.0	-0.0	0.0	1.0
207_H-193	2.0	2.0	0.8112781244591328	0.375	0.75
208_H-193	2.0	2.0	0.8112781244591328	0.375	0.75
209_H-193	0.0	0.0	nan	nan	nan
20_H-193	1.0	1.0	-0.0	0.0	0.0
210_H-193	0.0	0.0	nan	nan	nan
211_H-193	1.0	1.0	-0.0	0.0	1.0
212_H-193	1.0	1.0	-0.0	0.0	0.0
213_H-193	1.0	1.0	-0.0	0.0	0.0
214_H-193	1.0	1.0	-0.0	0.0	0.0
215_H-193	2.0	2.0	0.9182958340544894	0.4444444444444444	0.6666666666666667
216_H-193	2.0	2.0	0.7219280948873623	0.31999999999999984	0.8
217_H-193	0.0	0.0	nan	nan	nan
218_H-193	1.0	1.0	-0.0	0.0	0.0
219_H-193	3.5	3.0	1.5	0.625	0.5
21_H-193	0.0	0.0	nan	nan	nan
220_H-193	2.0	2.0	0.9182958340544894	0.4444444444444444	0.6666666666666667
221_H-193	3.0	2.0	1.0	0.5	0.0
222_H-193	1.0	1.0	-0.0	0.0	1.0
223_H-193	3.0	2.0	1.0	0.5	0.0
224_H-193	1.0	1.0	-0.0	0.0	1.0
225_H-193	2.0	2.0	0.5916727785823274	0.24489795918367352	0.8571428571428572
226_H-193	1.0	1.0	-0.0	0.0	1.0
227_H-193	0.0	0.0	nan	nan	nan
228_H-193	0.0	0.0	nan	nan	nan
229_H-193	0.0	0.0	nan	nan	nan
22_H-193	0.0	0.0	nan	nan	nan
230_H-193	2.0	2.0	0.7219280948873623	0.31999999999999984	0.8
231_H-193	1.0	1.0	-0.0	0.0	1.0
232_H-193	3.0	2.0	1.0	0.5	0.0
233_H-193	2.0	2.0	0.9182958340544894	0.4444444444444444	0.6666666666666667
234_H-193	0.0	0.0	nan	nan	nan
235_H-193	1.0	1.0	-0.0	0.0	0.0
236_H-193	1.0	1.0	-0.0	0.0	1.0
237_H-193	1.0	1.0	-0.0	0.0	1.0
238_H-193	4.0	3.0	1.2516291673878228	0.5	0.6666666666666667
239_H-193	0.0	0.0	nan	nan	nan
23_H-193	3.5	3.0	1.5	0.625	0.5
240_H-193	4.0	3.0	1.370950594454669	0.5599999999999999	0.6
241_H-193	1.0	1.0	-0.0	0.0	1.0
242_H-193	3.0	2.0	1.0	0.5	0.0
243_H-193	0.0	0.0	nan	nan	nan
244_H-193	1.0	1.0	-0.0	0.0	0.0
245_H-193	0.0	0.0	nan	nan	nan
246_H-193	3.0	2.0	1.0	0.5	0.0
247_H-193	1.0	1.0	-0.0	0.0	0.0
248_H-193	3.0	2.0	1.0	0.5	0.0
249_H-193	6.0	3.0	1.584962500721156	0.6666666666666667	0.0
24_H-193	0.0	0.0	nan	nan	nan
250_H-193	2.0	2.0	0.9182958340544894	0.4444444444444444	0.6666666666666667
251_H-193	1.0	1.0	-0.0	0.0	1.0
252_H-193	1.0	1.0	-0.0	0.0	1.0
253_H-193	2.0	2.0	0.9182958340544894	0.4444444444444444	0.6666666666666667
254_H-193	0.0	0.0	nan	nan	nan
255_H-193	0.0	0.0	nan	nan	nan
256_H-193	2.0	2.0	0.8112781244591328	0.375	0.75
257_H-193	1.0	1.0	-0.0	0.0	0.0
258_H-193	1.0	1.0	-0.0	0.0	1.0
259_H-193	0.0	0.0	nan	nan	nan
25_H-193	1.0	1.0	-0.0	0.0	1.0
260_H-193	1.0	1.0	-0.0	0.0	0.0
261_H-193	1.0	1.0	-0.0	0.0	1.0
262_H-193	3.5	3.0	1.5	0.625	0.5
263_H-193	3.0	2.0	1.0	0.5	0.0
264_H-193	2.0	2.0	0.9182958340544894	0.4444444444444444	0.6666666666666667
265_H-193	1.0	1.0	-0.0	0.0	0.0
266_H-193	4.0	3.0	1.2516291673878228	0.5	0.6666666666666667
267_H-193	6.0	3.0	1.584962500721156	0.6666666666666667	0.0
268_H-193	0.0	0.0	nan	nan	nan
269_H-193	0.0	0.0	nan	nan	nan
26_H-193	1.0	1.0	-0.0	0.0	1.0
270_H-193	1.0	1.0	-0.0	0.0	0.0
271_H-193	4.0	3.0	1.370950594454669	0.5599999999999999	0.6
272_H-193	3.0	2.0	1.0	0.5	0.0
273_H-193	1.0	1.0	-0.0	0.0	0.0
274_H-193	0.0	0.0	nan	nan	nan
275_H-193	1.0	1.0	-0.0	0.0	0.0
276_H-193	0.0	0.0	nan	nan	nan
277_H-193	1.0	1.0	-0.0	0.0	1.0
278_H-193	2.0	2.0	0.9182958340544894	0.4444444444444444	0.6666666666666667
279_H-193	2.0	2.0	0.8112781244591328	0.375	0.75
27_H-193	1.0	1.0	-0.0	0.0	1.0
280_H-193	1.0	1.0	-0.0	0.0	1.0
281_H-193	3.0	2.0	1.0	0.5	0.0
282_H-193	3.0	2.0	1.0	0.5	0.0
283_H-193	0.0	0.0	nan	nan	nan
284_H-193	3.0	2.0	1.0	0.5	0.0
285_H-193	2.0	2.0	0.8112781244591328	0.375	0.75
286_H-193	0.0	0.0	nan	nan	nan
287_H-193	1.0	1.0	-0.0	0.0	1.0
288_H-193	3.0	2.0	1.0	0.5	0.0
289_H-193	1.0	1.0	-0.0	0.0	1.0
28_H-193	0.0	0.0	nan	nan	nan
290_H-193	1.0	1.0	-0.0	0.0	0.0
291_H-193	2.0	2.0	0.9182958340544894	0.4444444444444444	0.6666666666666667
292_H-193	1.0	1.0	-0.0	0.0	0.0
293_H-193	3.0	2.0	1.0	0.5	0.0
294_H-193	0.0	0.0	nan	nan	nan
295_H-193	1.0	1.0	-0.0	0.0	0.0
296_H-193	1.0	1.0	-0.0	0.0	0.0
297_H-193	2.0	2.0	0.8112781244591328	0.375	0.75
298_H-193	1.0	1.0	-0.0	0.0	1.0
299_H-193	1.0	1.0	-0.0	0.0	0.0
29_H-193	1.0	1.0	-0.0	0.0	0.0
2_H-193	1.0	1.0	-0.0	0.0	1.0
300_H-193	0.0	0.0	nan	nan	nan
301_H-193	0.0	0.0	nan	nan	nan
302_H-193	1.0	1.0	-0.0	0.0	1.0
303_H-193	3.0	2.0	1.0	0.5	0.0
304_H-193	0.0	0.0	nan	nan	nan
305_H-193	1.0	1.0	-0.0	0.0	0.0
306_H-193	2.0	2.0	0.8112781244591328	0.375	0.75
307_H-193	1.0	1.0	-0.0	0.0	1.0
308_H-193	2.0	2.0	0.9182958340544894	0.4444444444444444	0.6666666666666667
309_H-193	1.0	1.0	-0.0	0.0	1.0
30_H-193	2.0	2.0	0.9182958340544894	0.4444444444444444	0.6666666666666667
310_H-193	0.0	0.0	nan	nan	nan
311_H-193	2.0	2.0	0.9182958340544894	0.4444444444444444	0.6666666666666667
312_H-193	3.0	2.0	1.0	0.5	0.0
313_H-193	1.0	1.0	-0.0	0.0	0.0
314_H-193	1.0	1.0	-0.0	0.0	0.0
315_H-193	0.0	0.0	nan	nan	nan
316_H-193	1.0	1.0	-0.0	0.0	0.0
317_H-193	3.5	3.0	1.5	0.625	0.5
318_H-193	2.0	2.0	0.8112781244591328	0.375	0.75
319_H-193	1.0	1.0	-0.0	0.0	0.0
31_H-193	1.0	1.0	-0.0	0.0	1.0
320_H-193	2.0	2.0	0.8112781244591328	0.375	0.75
321_H-193	0.0	0.0	nan	nan	nan
322_H-193	0.0	0.0	nan	nan	nan
323_H-193	1.0	1.0	-0.0	0.0	0.0
324_H-193	0.0	0.0	nan	nan	nan
325_H-193	1.0	1.0	-0.0	0.0	1.0
326_H-193	0.0	0.0	nan	nan	nan
327_H-193	0.0	0.0	nan	nan	nan
328_H-193	2.0	2.0	0.9182958340544894	0.4444444444444444	0.6666666666666667
329_H-193	0.0	0.0	nan	nan	nan
32_H-193	1.0	1.0	-0.0	0.0	0.0
330_H-193	2.0	2.0	0.8112781244591328	0.375	0.75
331_H-193	1.0	1.0	-0.0	0.0	1.0
332_H-193	1.0	1.0	-0.0	0.0	1.0
333_H-193	1.0	1.0	-0.0	0.0	1.0
334_H-193	2.0	2.0	0.8112781244591328	0.375	0.75
335_H-193	0.0	0.0	nan	nan	nan
336_H-193	6.0	3.0	1.584962500721156	0.6666666666666667	0.0
337_H-193	1.0	1.0	-0.0	0.0	0.0
338_H-193	1.0	1.0	-0.0	0.0	1.0
339_H-193	3.0	2.0	1.0	0.5	0.0
33_H-193	1.0	1.0	-0.0	0.0	1.0
340_H-193	3.0	2.0	1.0	0.5	0.0
341_H-193	1.0	1.0	-0.0	0.0	0.0
342_H-193	1.0	1.0	-0.0	0.0	1.0
343_H-193	0.0	0.0	nan	nan	nan
344_H-193	1.0	1.0	-0.0	0.0	1.0
345_H-193	0.0	0.0	nan	nan	nan
346_H-193	0.0	0.0	nan	nan	nan
347_H-193	1.0	1.0	-0.0	0.0	0.0
348_H-193	0.0	0.0	nan	nan	nan
349_H-193	1.0	1.0	-0.0	0.0	1.0
34_H-193	2.0	2.0	0.8112781244591328	0.375	0.75
350_H-193	1.0	1.0	-0.0	0.0	1.0
351_H-193	1.0	1.0	-0.0	0.0	0.0
352_H-193	6.0	3.0	1.584962500721156	0.6666666666666667	0.0
353_H-193	0.0	0.0	nan	nan	nan
354_H-193	1.0	1.0	-0.0	0.0	1.0
355_H-193	1.0	1.0	-0.0	0.0	1.0
356_H-193	1.0	1.0	-0.0	0.0	0.0
357_H-193	4.0	3.0	1.1488348542809168	0.44897959183673464	0.7142857142857143
358_H-193	0.0	0.0	nan	nan	nan
359_H-193	0.0	0.0	nan	nan	nan
35_H-193	1.0	1.0	-0.0	0.0	0.0
360_H-193	1.0	1.0	-0.0	0.0	1.0
361_H-193	3.0	2.0	1.0	0.5	0.0
362_H-193	1.0	1.0	-0.0	0.0	0.0
363_H-193	0.0	0.0	nan	nan	nan
364_H-193	2.0	2.0	0.9182958340544894	0.4444444444444444	0.6666666666666667
365_H-193	1.0	1.0	-0.0	0.0	1.0
366_H-193	1.0	1.0	-0.0	0.0	0.0
367_H-193	1.0	1.0	-0.0	0.0	0.0
368_H-193	0.0	0.0	nan	nan	nan
369_H-193	0.0	0.0	nan	nan	nan
36_H-193	1.0	1.0	-0.0	0.0	1.0
370_H-193	0.0	0.0	nan	nan	nan
371_H-193	6.0	3.0	1.584962500721156	0.6666666666666667	0.0
372_H-193	3.0	2.0	1.0	0.5	0.0
373_H-193	1.0	1.0	-0.0	0.0	0.0
374_H-193	1.0	1.0	-0.0	0.0	1.0
375_H-193	1.0	1.0	-0.0	0.0	0.0
376_H-193	1.0	1.0	-0.0	0.0	0.0
377_H-193	3.0	2.0	1.0	0.5	0.0
378_H-193	2.0	2.0	0.7219280948873623	0.31999999999999984	0.8
379_H-193	1.0	1.0	-0.0	0.0	0.0
37_H-193	6.0	3.0	1.584962500721156	0.6666666666666667	0.0
380_H-193	1.0	1.0	-0.0	0.0	1.0
381_H-193	1.0	1.0	-0.0	0.0	0.0
382_H-193	1.0	1.0	-0.0	0.0	0.0
383_H-193	0.0	0.0	nan	nan	nan
384_H-193	1.0	1.0	-0.0	0.0	1.0
385_H-193	2.0	2.0	0.9182958340544894	0.4444444444444444	0.6666666666666667
386_H-193	0.0	0.0	nan	nan	nan
387_H-193	3.0	2.0	1.0	0.5	0.0
388_H-193	1.0	1.0	-0.0	0.0	1.0
389_H-193	1.0	1.0	-0.0	0.0	0.0
38_H-193	1.0	1.0	-0.0	0.0	0.0
390_H-193	2.0	2.0	0.9182958340544894	0.4444444444444444	0.6666666666666667
391_H-193	1.0	1.0	-0.0	0.0	0.0
392_H-193	0.0	0.0	nan	nan	nan
393_H-193	0.0	0.0	nan	nan	nan
394_H-193	0.0	0.0	nan	nan	nan
395_H-193	2.0	2.0	0.7219280948873623	0.31999999999999984	0.8
396_H-193	1.0	1.0	-0.0	0.0	1.0
397_H-193	6.0	3.0	1.584962500721156	0.6666666666666667	0.0
398_H-193	0.0	0.0	nan	nan	nan
399_H-193	1.0	1.0	-0.0	0.0	1.0
39_H-193	1.0	1.0	-0.0	0.0	1.0
3_H-193	3.5	3.0	1.5	0.625	0.5
400_H-193	0.0	0.0	nan	nan	nan
401_H-193	1.0	1.0	-0.0	0.0	0.0
402_H-193	1.0	1.0	-0.0	0.0	0.0
403_H-193	1.0	1.0	-0.0	0.0	1.0
404_H-193	4.0	3.0	1.370950594454669	0.5599999999999999	0.6
405_H-193	1.0	1.0	-0.0	0.0	0.0
406_H-193	2.0	2.0	0.8112781244591328	0.375	0.75
407_H-193	2.0	2.0	0.9182958340544894	0.4444444444444444	0.6666666666666667
408_H-193	1.0	1.0	-0.0	0.0	1.0
409_H-193	1.0	1.0	-0.0	0.0	1.0
40_H-193	0.0	0.0	nan	nan	nan
410_H-193	0.0	0.0	nan	nan	nan
411_H-193	2.0	2.0	0.9182958340544894	0.4444444444444444	0.6666666666666667
412_H-193	1.0	1.0	-0.0	0.0	0.0
413_H-193	1.0	1.0	-0.0	0.0	0.0
414_H-193	1.0	1.0	-0.0	0.0	1.0
415_H-193	2.0	2.0	0.9182958340544894	0.4444444444444444	0.6666666666666667
416_H-193	0.0	0.0	nan	nan	nan
417_H-193	3.0	2.0	1.0	0.5	0.0
418_H-193	1.0	1.0	-0.0	0.0	1.0
419_H-193	3.0	2.0	1.0	0.5	0.0
41_H-193	0.0	0.0	nan	nan	nan
420_H-193	2.0	2.0	0.9182958340544894	0.4444444444444444	0.6666666666666667
421_H-193	1.0	1.0	-0.0	0.0	0.0
422_H-193	1.0	1.0	-0.0	0.0	1.0
423_H-193	1.0	1.0	-0.0	0.0	0.0
424_H-193	1.0	1.0	-0.0	0.0	1.0
425_H-193	0.0	0.0	nan	nan	nan
426_H-193	0.0	0.0	nan	nan	nan
427_H-193	1.0	1.0	-0.0	0.0	1.0
428_H-193	1.0	1.0	-0.0	0.0	1.0
429_H-193	1.0	1.0	-0.0	0.0	0.0
42_H-193	1.0	1.0	-0.0	0.0	0.0
430_H-193	1.0	1.0	-0.0	0.0	1.0
431_H-193	1.0	1.0	-0.0	0.0	1.0
432_H-193	0.0	0.0	nan	nan	nan
433_H-193	0.0	0.0	nan	nan	nan
434_H-193	2.0	2.0	0.8112781244591328	0.375	0.75
435_H-193	1.0	1.0	-0.0	0.0	1.0
436_H-193	1.0	1.0	-0.0	0.0	1.0
437_H-193	1.0	1.0	-0.0	0.0	1.0
438_H-193	0.0	0.0	nan	nan	nan
439_H-193	0.0	0.0	nan	nan	nan
43_H-193	2.0	2.0	0.7219280948873623	0.31999999999999984	0.8
440_H-193	2.0	2.0	0.8112781244591328	0.375	0.75
441_H-193	3.0	2.0	1.0	0.5	0.0
442_H-193	3.0	2.0	1.0	0.5	0.0
443_H-193	0.0	0.0	nan	nan	nan
444_H-193	1.0	1.0	-0.0	0.0	0.0
445_H-193	0.0	0.0	nan	nan	nan
446_H-193	4.0	3.0	1.2516291673878228	0.5	0.6666666666666667
447_H-193	1.0	1.0	-0.0	0.0	0.0
448_H-193	3.5	3.0	1.5	0.625	0.5
449_H-193	1.0	1.0	-0.0	0.0	1.0
44_H-193	1.0	1.0	-0.0	0.0	1.0
450_H-193	0.0	0.0	nan	nan	nan
451_H-193	0.0	0.0	nan	nan	nan
452_H-193	3.0	2.0	1.0	0.5	0.0
453_H-193	3.0	2.0	1.0	0.5	0.0
454_H-193	0.0	0.0	nan	nan	nan
455_H-193	0.0	0.0	nan	nan	nan
456_H-193	0.0	0.0	nan	nan	nan
457_H-193	1.0	1.0	-0.0	0.0	1.0
458_H-193	1.0	1.0	-0.0	0.0	0.0
459_H-193	0.0	0.0	nan	nan	nan
45_H-193	0.0	0.0	nan	nan	nan
460_H-193	3.0	2.0	1.0	0.5	0.0
461_H-193	1.0	1.0	-0.0	0.0	0.0
462_H-193	2.0	2.0	0.6500224216483541	0.2777777777777777	0.8333333333333334
463_H-193	0.0	0.0	nan	nan	nan
464_H-193	0.0	0.0	nan	nan	nan
465_H-193	3.0	2.0	1.0	0.5	0.0
466_H-193	0.0	0.0	nan	nan	nan
467_H-193	1.0	1.0	-0.0	0.0	1.0
468_H-193	0.0	0.0	nan	nan	nan
469_H-193	2.0	2.0	0.9182958340544894	0.4444444444444444	0.6666666666666667
46_H-193	2.0	2.0	0.8112781244591328	0.375	0.75
470_H-193	6.0	3.0	1.584962500721156	0.6666666666666667	0.0
471_H-193	1.0	1.0	-0.0	0.0	0.0
472_H-193	1.0	1.0	-0.0	0.0	0.0
473_H-193	2.0	2.0	0.7219280948873623	0.31999999999999984	0.8
474_H-193	3.0	2.0	1.0	0.5	0.0
475_H-193	3.0	2.0	1.0	0.5	0.0
476_H-193	0.0	0.0	nan	nan	nan
477_H-193	0.0	0.0	nan	nan	nan
478_H-193	0.0	0.0	nan	nan	nan
479_H-193	1.0	1.0	-0.0	0.0	1.0
47_H-193	3.0	2.0	1.0	0.5	0.0
480_H-193	0.0	0.0	nan	nan	nan
481_H-193	1.0	1.0	-0.0	0.0	1.0
482_H-193	1.0	1.0	-0.0	0.0	1.0
483_H-193	3.0	2.0	1.0	0.5	0.0
484_H-193	0.0	0.0	nan	nan	nan
485_H-193	0.0	0.0	nan	nan	nan
486_H-193	1.0	1.0	-0.0	0.0	0.0
487_H-193	1.0	1.0	-0.0	0.0	0.0
488_H-193	1.0	1.0	-0.0	0.0	0.0
489_H-193	3.0	2.0	1.0	0.5	0.0
48_H-193	0.0	0.0	nan	nan	nan
490_H-193	1.0	1.0	-0.0	0.0	0.0
491_H-193	0.0	0.0	nan	nan	nan
492_H-193	1.0	1.0	-0.0	0.0	0.0
493_H-193	2.0	2.0	0.9182958340544894	0.4444444444444444	0.6666666666666667
494_H-193	0.0	0.0	nan	nan	nan
495_H-193	1.0	1.0	-0.0	0.0	1.0
496_H-193	2.0	2.0	0.9182958340544894	0.4444444444444444	0.6666666666666667
497_H-193	0.0	0.0	nan	nan	nan
498_H-193	3.0	2.0	1.0	0.5	0.0
499_H-193	1.0	1.0	-0.0	0.0	1.0
49_H-193	1.0	1.0	-0.0	0.0	0.0
4_H-193	0.0	0.0	nan	nan	nan
500_H-193	1.0	1.0	-0.0	0.0	0.0
501_H-193	1.0	1.0	-0.0	0.0	1.0
502_H-193	1.0	1.0	-0.0	0.0	1.0
503_H-193	0.0	0.0	nan	nan	nan
504_H-193	1.0	1.0	-0.0	0.0	0.0
505_H-193	2.0	2.0	0.7219280948873623	0.31999999999999984	0.8
506_H-193	1.0	1.0	-0.0	0.0	1.0
507_H-193	0.0	0.0	nan	nan	nan
508_H-193	2.0	2.0	0.9182958340544894	0.4444444444444444	0.6666666666666667
509_H-193	0.0	0.0	nan	nan	nan
50_H-193	1.0	1.0	-0.0	0.0	0.0
510_H-193	3.0	2.0	1.0	0.5	0.0
511_H-193	1.0	1.0	-0.0	0.0	0.0
512_H-193	2.0	2.0	0.9182958340544894	0.4444444444444444	0.6666666666666667
513_H-193	1.0	1.0	-0.0	0.0	0.0
514_H-193	1.0	1.0	-0.0	0.0	0.0
515_H-193	1.0	1.0	-0.0	0.0	1.0
516_H-193	1.0	1.0	-0.0	0.0	0.0
517_H-193	1.0	1.0	-0.0	0.0	1.0
518_H-193	1.0	1.0	-0.0	0.0	1.0
519_H-193	1.0	1.0	-0.0	0.0	1.0
51_H-193	1.0	1.0	-0.0	0.0	0.0
520_H-193	1.0	1.0	-0.0	0.0	0.0
521_H-193	1.0	1.0	-0.0	0.0	1.0
522_H-193	1.0	1.0	-0.0	0.0	1.0
523_H-193	1.0	1.0	-0.0	0.0	1.0
524_H-193	3.0	2.0	1.0	0.5	0.0
525_H-193	1.0	1.0	-0.0	0.0	0.0
526_H-193	0.0	0.0	nan	nan	nan
527_H-193	0.0	0.0	nan	nan	nan
528_H-193	1.0	1.0	-0.0	0.0	0.0
529_H-193	0.0	0.0	nan	nan	nan
52_H-193	3.0	2.0	1.0	0.5	0.0
530_H-193	1.0	1.0	-0.0	0.0	1.0
531_H-193	1.0	1.0	-0.0	0.0	1.0
532_H-193	1.0	1.0	-0.0	0.0	0.0
533_H-193	3.0	2.0	1.0	0.5	0.0
534_H-193	3.0	2.0	1.0	0.5	0.0
535_H-193	3.0	2.0	1.0	0.5	0.0
536_H-193	0.0	0.0	nan	nan	nan
537_H-193	1.0	1.0	-0.0	0.0	0.0
538_H-193	2.0	2.0	0.9182958340544894	0.4444444444444444	0.6666666666666667
539_H-193	1.0	1.0	-0.0	0.0	1.0
53_H-193	0.0	0.0	nan	nan	nan
540_H-193	0.0	0.0	nan	nan	nan
541_H-193	1.0	1.0	-0.0	0.0	0.0
542_H-193	1.0	1.0	-0.0	0.0	1.0
543_H-193	1.0	1.0	-0.0	0.0	1.0
544_H-193	1.0	1.0	-0.0	0.0	0.0
545_H-193	3.5	3.0	1.5	0.625	0.5
546_H-193	2.0	2.0	0.9182958340544894	0.4444444444444444	0.6666666666666667
547_H-193	1.0	1.0	-0.0	0.0	0.0
548_H-193	0.0	0.0	nan	nan	nan
549_H-193	1.0	1.0	-0.0	0.0	0.0
54_H-193	1.0	1.0	-0.0	0.0	0.0
550_H-193	1.0	1.0	-0.0	0.0	0.0
551_H-193	0.0	0.0	nan	nan	nan
552_H-193	1.0	1.0	-0.0	0.0	1.0
553_H-193	2.0	2.0	0.7219280948873623	0.31999999999999984	0.8
554_H-193	1.0	1.0	-0.0	0.0	0.0
555_H-193	2.0	2.0	0.9182958340544894	0.4444444444444444	0.6666666666666667
556_H-193	1.0	1.0	-0.0	0.0	1.0
557_H-193	3.0	2.0	1.0	0.5	0.0
558_H-193	1.0	1.0	-0.0	0.0	1.0
559_H-193	1.0	1.0	-0.0	0.0	1.0
55_H-193	3.5	3.0	1.5	0.625	0.5
560_H-193	1.0	1.0	-0.0	0.0	1.0
561_H-193	1.0	1.0	-0.0	0.0	1.0
562_H-193	1.0	1.0	-0.0	0.0	0.0
563_H-193	0.0	0.0	nan	nan	nan
564_H-193	1.0	1.0	-0.0	0.0	1.0
565_H-193	0.0	0.0	nan	nan	nan
566_H-193	0.0	0.0	nan	nan	nan
567_H-193	0.0	0.0	nan	nan	nan
568_H-193	2.0	2.0	0.9182958340544894	0.4444444444444444	0.6666666666666667
569_H-193	1.0	1.0	-0.0	0.0	0.0
56_H-193	0.0	0.0	nan	nan	nan
570_H-193	1.0	1.0	-0.0	0.0	0.0
571_H-193	1.0	1.0	-0.0	0.0	0.0
572_H-193	2.0	2.0	0.8112781244591328	0.375	0.75
573_H-193	2.0	2.0	0.8112781244591328	0.375	0.75
574_H-193	0.0	0.0	nan	nan	nan
575_H-193	2.0	2.0	0.9182958340544894	0.4444444444444444	0.6666666666666667
576_H-193	1.0	1.0	-0.0	0.0	0.0
577_H-193	0.0	0.0	nan	nan	nan
578_H-193	0.0	0.0	nan	nan	nan
579_H-193	0.0	0.0	nan	nan	nan
57_H-193	0.0	0.0	nan	nan	nan
580_H-193	0.0	0.0	nan	nan	nan
581_H-193	1.0	1.0	-0.0	0.0	1.0
582_H-193	3.5	3.0	1.5	0.625	0.5
583_H-193	0.0	0.0	nan	nan	nan
584_H-193	1.0	1.0	-0.0	0.0	0.0
585_H-193	1.0	1.0	-0.0	0.0	1.0
586_H-193	1.0	1.0	-0.0	0.0	0.0
587_H-193	1.0	1.0	-0.0	0.0	0.0
588_H-193	0.0	0.0	nan	nan	nan
589_H-193	1.0	1.0	-0.0	0.0	0.0
58_H-193	1.0	1.0	-0.0	0.0	1.0
590_H-193	3.0	2.0	1.0	0.5	0.0
591_H-193	1.0	1.0	-0.0	0.0	1.0
592_H-193	1.0	1.0	-0.0	0.0	1.0
593_H-193	1.0	1.0	-0.0	0.0	0.0
594_H-193	1.0	1.0	-0.0	0.0	1.0
595_H-193	1.0	1.0	-0.0	0.0	1.0
596_H-193	0.0	0.0	nan	nan	nan
597_H-193	1.0	1.0	-0.0	0.0	0.0
598_H-193	0.0	0.0	nan	nan	nan
599_H-193	1.0	1.0	-0.0	0.0	0.0
59_H-193	2.0	2.0	0.9182958340544894	0.4444444444444444	0.6666666666666667
5_H-193	2.0	2.0	0.9182958340544894	0.4444444444444444	0.6666666666666667
600_H-193	1.0	1.0	-0.0	0.0	0.0
601_H-193	0.0	0.0	nan	nan	nan
602_H-193	0.0	0.0	nan	nan	nan
603_H-193	2.0	2.0	0.8112781244591328	0.375	0.75
604_H-193	1.0	1.0	-0.0	0.0	0.0
605_H-193	1.0	1.0	-0.0	0.0	1.0
606_H-193	1.0	1.0	-0.0	0.0	1.0
607_H-193	1.0	1.0	-0.0	0.0	0.0
608_H-193	2.0	2.0	0.9182958340544894	0.4444444444444444	0.6666666666666667
609_H-193	2.0	2.0	0.9182958340544894	0.4444444444444444	0.6666666666666667
60_H-193	2.0	2.0	0.8112781244591328	0.375	0.75
610_H-193	0.0	0.0	nan	nan	nan
611_H-193	0.0	0.0	nan	nan	nan
612_H-193	3.0	2.0	1.0	0.5	0.0
613_H-193	1.0	1.0	-0.0	0.0	1.0
614_H-193	3.0	2.0	1.0	0.5	0.0
615_H-193	2.0	2.0	0.9182958340544894	0.4444444444444444	0.6666666666666667
616_H-193	1.0	1.0	-0.0	0.0	1.0
617_H-193	0.0	0.0	nan	nan	nan
618_H-193	0.0	0.0	nan	nan	nan
619_H-193	0.0	0.0	nan	nan	nan
61_H-193	0.0	0.0	nan	nan	nan
620_H-193	0.0	0.0	nan	nan	nan
621_H-193	0.0	0.0	nan	nan	nan
622_H-193	2.0	2.0	0.9182958340544894	0.4444444444444444	0.6666666666666667
623_H-193	1.0	1.0	-0.0	0.0	0.0
624_H-193	2.0	2.0	0.7219280948873623	0.31999999999999984	0.8
625_H-193	0.0	0.0	nan	nan	nan
626_H-193	1.0	1.0	-0.0	0.0	0.0
627_H-193	4.0	3.0	1.370950594454669	0.5599999999999999	0.6
628_H-193	1.0	1.0	-0.0	0.0	0.0
629_H-193	1.0	1.0	-0.0	0.0	1.0
62_H-193	1.0	1.0	-0.0	0.0	1.0
630_H-193	1.0	1.0	-0.0	0.0	0.0
631_H-193	6.0	3.0	1.584962500721156	0.6666666666666667	0.0
632_H-193	0.0	0.0	nan	nan	nan
633_H-193	0.0	0.0	nan	nan	nan
634_H-193	1.0	1.0	-0.0	0.0	1.0
635_H-193	0.0	0.0	nan	nan	nan
636_H-193	0.0	0.0	nan	nan	nan
637_H-193	2.0	2.0	0.8112781244591328	0.375	0.75
638_H-193	1.0	1.0	-0.0	0.0	1.0
639_H-193	1.0	1.0	-0.0	0.0	1.0
63_H-193	3.0	2.0	1.0	0.5	0.0
640_H-193	1.0	1.0	-0.0	0.0	0.0
641_H-193	0.0	0.0	nan	nan	nan
642_H-193	1.0	1.0	-0.0	0.0	1.0
643_H-193	3.0	2.0	1.0	0.5	0.0
644_H-193	1.0	1.0	-0.0	0.0	1.0
645_H-193	2.0	2.0	0.9182958340544894	0.4444444444444444	0.6666666666666667
646_H-193	1.0	1.0	-0.0	0.0	1.0
647_H-193	0.0	0.0	nan	nan	nan
648_H-193	1.0	1.0	-0.0	0.0	1.0
649_H-193	2.0	2.0	0.9709505944546688	0.48	1.0
64_H-193	1.0	1.0	-0.0	0.0	0.0
650_H-193	3.0	2.0	1.0	0.5	0.0
651_H-193	2.0	2.0	0.9182958340544894	0.4444444444444444	0.6666666666666667
652_H-193	0.0	0.0	nan	nan	nan
653_H-193	1.0	1.0	-0.0	0.0	1.0
654_H-193	1.0	1.0	-0.0	0.0	1.0
655_H-193	3.0	2.0	1.0	0.5	0.0
656_H-193	0.0	0.0	nan	nan	nan
657_H-193	2.0	2.0	0.6500224216483541	0.2777777777777777	0.8333333333333334
658_H-193	2.0	2.0	0.9182958340544894	0.4444444444444444	0.6666666666666667
659_H-193	1.0	1.0	-0.0	0.0	0.0
65_H-193	1.0	1.0	-0.0	0.0	0.0
660_H-193	2.0	2.0	0.8112781244591328	0.375	0.75
661_H-193	2.0	2.0	0.9182958340544894	0.4444444444444444	0.6666666666666667
662_H-193	2.0	2.0	0.7219280948873623	0.31999999999999984	0.8
663_H-193	3.0	2.0	1.0	0.5	0.0
664_H-193	1.0	1.0	-0.0	0.0	0.0
665_H-193	1.0	1.0	-0.0	0.0	1.0
666_H-193	0.0	0.0	nan	nan	nan
667_H-193	1.0	1.0	-0.0	0.0	1.0
668_H-193	1.0	1.0	-0.0	0.0	1.0
669_H-193	0.0	0.0	nan	nan	nan
66_H-193	1.0	1.0	-0.0	0.0	0.0
670_H-193	1.0	1.0	-0.0	0.0	1.0
671_H-193	0.0	0.0	nan	nan	nan
672_H-193	1.0	1.0	-0.0	0.0	1.0
673_H-193	0.0	0.0	nan	nan	nan
674_H-193	0.0	0.0	nan	nan	nan
675_H-193	1.0	1.0	-0.0	0.0	1.0
676_H-193	3.5	3.0	1.5	0.625	0.5
677_H-193	1.0	1.0	-0.0	0.0	1.0
678_H-193	1.0	1.0	-0.0	0.0	1.0
679_H-193	0.0	0.0	nan	nan	nan
67_H-193	1.0	1.0	-0.0	0.0	0.0
680_H-193	1.0	1.0	-0.0	0.0	1.0
681_H-193	1.0	1.0	-0.0	0.0	1.0
682_H-193	1.0	1.0	-0.0	0.0	1.0
683_H-193	1.0	1.0	-0.0	0.0	1.0
684_H-193	0.0	0.0	nan	nan	nan
685_H-193	1.0	1.0	-0.0	0.0	0.0
686_H-193	1.0	1.0	-0.0	0.0	1.0
687_H-193	4.0	3.0	1.370950594454669	0.5599999999999999	0.6
688_H-193	1.0	1.0	-0.0	0.0	0.0
689_H-193	2.0	2.0	0.9182958340544894	0.4444444444444444	0.6666666666666667
68_H-193	1.0	1.0	-0.0	0.0	1.0
690_H-193	3.0	2.0	1.0	0.5	0.0
691_H-193	0.0	0.0	nan	nan	nan
692_H-193	1.0	1.0	-0.0	0.0	1.0
693_H-193	1.0	1.0	-0.0	0.0	1.0
694_H-193	1.0	1.0	-0.0	0.0	0.0
695_H-193	1.0	1.0	-0.0	0.0	1.0
696_H-193	1.0	1.0	-0.0	0.0	1.0
697_H-193	0.0	0.0	nan	nan	nan
698_H-193	0.0	0.0	nan	nan	nan
699_H-193	1.0	1.0	-0.0	0.0	1.0
69_H-193	0.0	0.0	nan	nan	nan
6_H-193	1.0	1.0	-0.0	0.0	1.0
700_H-193	1.0	1.0	-0.0	0.0	0.0
701_H-193	0.0	0.0	nan	nan	nan
702_H-193	2.0	2.0	0.9182958340544894	0.4444444444444444	0.6666666666666667
703_H-193	2.0	2.0	0.9182958340544894	0.4444444444444444	0.6666666666666667
704_H-193	1.0	1.0	-0.0	0.0	0.0
705_H-193	3.0	2.0	1.0	0.5	0.0
706_H-193	2.0	2.0	0.8112781244591328	0.375	0.75
707_H-193	0.0	0.0	nan	nan	nan
708_H-193	6.0	3.0	1.584962500721156	0.6666666666666667	0.0
709_H-193	1.0	1.0	-0.0	0.0	1.0
70_H-193	0.0	0.0	nan	nan	nan
710_H-193	4.0	3.0	1.2516291673878228	0.5	0.6666666666666667
711_H-193	1.0	1.0	-0.0	0.0	0.0
712_H-193	0.0	0.0	nan	nan	nan
713_H-193	0.0	0.0	nan	nan	nan
714_H-193	0.0	0.0	nan	nan	nan
715_H-193	0.0	0.0	nan	nan	nan
716_H-193	1.0	1.0	-0.0	0.0	1.0
717_H-193	0.0	0.0	nan	nan	nan
718_H-193	0.0	0.0	nan	nan	nan
719_H-193	1.0	1.0	-0.0	0.0	0.0
71_H-193	0.0	0.0	nan	nan	nan
720_H-193	1.0	1.0	-0.0	0.0	0.0
721_H-193	1.0	1.0	-0.0	0.0	0.0
722_H-193	2.0	2.0	0.9182958340544894	0.4444444444444444	0.6666666666666667
723_H-193	3.0	2.0	1.0	0.5	0.0
724_H-193	1.0	1.0	-0.0	0.0	0.0
725_H-193	0.0	0.0	nan	nan	nan
726_H-193	1.0	1.0	-0.0	0.0	1.0
727_H-193	2.0	2.0	0.6500224216483541	0.2777777777777777	0.8333333333333334
728_H-193	1.0	1.0	-0.0	0.0	1.0
729_H-193	1.0	1.0	-0.0	0.0	0.0
72_H-193	0.0	0.0	nan	nan	nan
730_H-193	1.0	1.0	-0.0	0.0	1.0
731_H-193	1.0	1.0	-0.0	0.0	1.0
732_H-193	1.0	1.0	-0.0	0.0	1.0
733_H-193	0.0	0.0	nan	nan	nan
734_H-193	1.0	1.0	-0.0	0.0	1.0
735_H-193	1.0	1.0	-0.0	0.0	0.0
736_H-193	4.0	3.0	1.370950594454669	0.5599999999999999	0.6
737_H-193	1.0	1.0	-0.0	0.0	0.0
738_H-193	0.0	0.0	nan	nan	nan
739_H-193	0.0	0.0	nan	nan	nan
73_H-193	1.0	1.0	-0.0	0.0	1.0
740_H-193	2.0	2.0	0.7219280948873623	0.31999999999999984	0.8
741_H-193	0.0	0.0	nan	nan	nan
742_H-193	0.0	0.0	nan	nan	nan
743_H-193	1.0	1.0	-0.0	0.0	1.0
744_H-193	2.0	2.0	0.9182958340544894	0.4444444444444444	0.6666666666666667
745_H-193	0.0	0.0	nan	nan	nan
746_H-193	0.0	0.0	nan	nan	nan
747_H-193	1.0	1.0	-0.0	0.0	0.0
748_H-193	1.0	1.0	-0.0	0.0	0.0
749_H-193	2.0	2.0	0.9182958340544894	0.4444444444444444	0.6666666666666667
74_H-193	2.0	2.0	0.9182958340544894	0.4444444444444444	0.6666666666666667
750_H-193	1.0	1.0	-0.0	0.0	0.0
751_H-193	2.0	2.0	0.8112781244591328	0.375	0.75
752_H-193	2.0	2.0	0.9182958340544894	0.4444444444444444	0.6666666666666667
753_H-193	0.0	0.0	nan	nan	nan
754_H-193	1.0	1.0	-0.0	0.0	1.0
755_H-193	0.0	0.0	nan	nan	nan
756_H-193	3.0	2.0	1.0	0.5	0.0
757_H-193	1.0	1.0	-0.0	0.0	0.0
758_H-193	1.0	1.0	-0.0	0.0	1.0
759_H-193	1.0	1.0	-0.0	0.0	0.0
75_H-193	0.0	0.0	nan	nan	nan
760_H-193	0.0	0.0	nan	nan	nan
761_H-193	1.0	1.0	-0.0	0.0	0.0
762_H-193	2.0	2.0	0.8112781244591328	0.375	0.75
763_H-193	0.0	0.0	nan	nan	nan
764_H-193	2.0	2.0	0.9182958340544894	0.4444444444444444	0.6666666666666667
765_H-193	1.0	1.0	-0.0	0.0	0.0
766_H-193	0.0	0.0	nan	nan	nan
767_H-193	2.0	2.0	0.9182958340544894	0.4444444444444444	0.6666666666666667
768_H-193	2.0	2.0	0.7219280948873623	0.31999999999999984	0.8
769_H-193	3.5	3.0	1.5	0.625	0.5
76_H-193	0.0	0.0	nan	nan	nan
770_H-193	1.0	1.0	-0.0	0.0	0.0
771_H-193	1.0	1.0	-0.0	0.0	0.0
772_H-193	1.0	1.0	-0.0	0.0	1.0
773_H-193	0.0	0.0	nan	nan	nan
774_H-193	0.0	0.0	nan	nan	nan
775_H-193	0.0	0.0	nan	nan	nan
776_H-193	0.0	0.0	nan	nan	nan
777_H-193	0.0	0.0	nan	nan	nan
778_H-193	2.0	2.0	0.9182958340544894	0.4444444444444444	0.6666666666666667
779_H-193	1.0	1.0	-0.0	0.0	1.0
77_H-193	1.0	1.0	-0.0	0.0	0.0
780_H-193	0.0	0.0	nan	nan	nan
781_H-193	2.0	2.0	0.7219280948873623	0.31999999999999984	0.8
782_H-193	0.0	0.0	nan	nan	nan
783_H-193	1.0	1.0	-0.0	0.0	0.0
784_H-193	1.0	1.0	-0.0	0.0	1.0
785_H-193	1.0	1.0	-0.0	0.0	1.0
786_H-193	3.0	2.0	1.0	0.5	0.0
787_H-193	0.0	0.0	nan	nan	nan
788_H-193	3.0	2.0	1.0	0.5	0.0
789_H-193	1.0	1.0	-0.0	0.0	1.0
78_H-193	6.0	3.0	1.584962500721156	0.6666666666666667	0.0
790_H-193	1.0	1.0	-0.0	0.0	0.0
791_H-193	0.0	0.0	nan	nan	nan
792_H-193	2.0	2.0	0.9182958340544894	0.4444444444444444	0.6666666666666667
793_H-193	0.0	0.0	nan	nan	nan
794_H-193	1.0	1.0	-0.0	0.0	1.0
795_H-193	1.0	1.0	-0.0	0.0	1.0
796_H-193	0.0	0.0	nan	nan	nan
797_H-193	3.0	2.0	1.0	0.5	0.0
798_H-193	0.0	0.0	nan	nan	nan
799_H-193	0.0	0.0	nan	nan	nan
79_H-193	1.0	1.0	-0.0	0.0	1.0
7_H-193	2.0	2.0	0.9182958340544894	0.4444444444444444	0.6666666666666667
800_H-193	3.0	2.0	1.0	0.5	0.0
801_H-193	0.0	0.0	nan	nan	nan
802_H-193	0.0	0.0	nan	nan	nan
803_H-193	1.0	1.0	-0.0	0.0	1.0
804_H-193	1.0	1.0	-0.0	0.0	1.0
805_H-193	2.0	2.0	0.9182958340544894	0.4444444444444444	0.6666666666666667
806_H-193	1.0	1.0	-0.0	0.0	1.0
807_H-193	6.0	3.0	1.584962500721156	0.6666666666666667	0.0
808_H-193	3.0	2.0	1.0	0.5	0.0
809_H-193	1.0	1.0	-0.0	0.0	0.0
80_H-193	1.0	1.0	-0.0	0.0	0.0
810_H-193	6.0	3.0	1.584962500721156	0.6666666666666667	0.0
811_H-193	3.0	2.0	1.0	0.5	0.0
812_H-193	0.0	0.0	nan	nan	nan
813_H-193	2.0	2.0	1.0	0.5	1.0
814_H-193	3.0	2.0	1.0	0.5	0.0
815_H-193	1.0	1.0	-0.0	0.0	0.0
816_H-193	1.0	1.0	-0.0	0.0	0.0
817_H-193	1.0	1.0	-0.0	0.0	0.0
818_H-193	1.0	1.0	-0.0	0.0	0.0
819_H-193	0.0	0.0	nan	nan	nan
81_H-193	1.0	1.0	-0.0	0.0	1.0
820_H-193	1.0	1.0	-0.0	0.0	0.0
821_H-193	0.0	0.0	nan	nan	nan
822_H-193	3.0	2.0	1.0	0.5	0.0
823_H-193	0.0	0.0	nan	nan	nan
824_H-193	0.0	0.0	nan	nan	nan
825_H-193	3.0	2.0	1.0	0.5	0.0
826_H-193	3.0	2.0	1.0	0.5	0.0
827_H-193	0.0	0.0	nan	nan	nan
828_H-193	3.0	2.0	1.0	0.5	0.0
829_H-193	1.0	1.0	-0.0	0.0	1.0
82_H-193	3.0	2.0	1.0	0.5	0.0
830_H-193	1.0	1.0	-0.0	0.0	0.0
831_H-193	1.0	1.0	-0.0	0.0	0.0
832_H-193	1.0	1.0	-0.0	0.0	1.0
833_H-193	0.0	0.0	nan	nan	nan
834_H-193	1.0	1.0	-0.0	0.0	0.0
835_H-193	1.0	1.0	-0.0	0.0	1.0
836_H-193	1.0	1.0	-0.0	0.0	1.0
837_H-193	6.0	3.0	1.584962500721156	0.6666666666666667	0.0
838_H-193	2.0	2.0	0.9182958340544894	0.4444444444444444	0.6666666666666667
839_H-193	1.0	1.0	-0.0	0.0	1.0
83_H-193	0.0	0.0	nan	nan	nan
840_H-193	1.0	1.0	-0.0	0.0	1.0
841_H-193	3.0	2.0	1.0	0.5	0.0
842_H-193	1.0	1.0	-0.0	0.0	1.0
843_H-193	1.0	1.0	-0.0	0.0	0.0
844_H-193	2.0	2.0	0.7219280948873623	0.31999999999999984	0.8
845_H-193	2.0	2.0	0.6500224216483541	0.2777777777777777	0.8333333333333334
846_H-193	2.0	2.0	1.0	0.5	1.0
847_H-193	3.0	2.0	1.0	0.5	0.0
848_H-193	1.0	1.0	-0.0	0.0	1.0
849_H-193	0.0	0.0	nan	nan	nan
84_H-193	0.0	0.0	nan	nan	nan
850_H-193	2.0	2.0	0.7219280948873623	0.31999999999999984	0.8
851_H-193	1.0	1.0	-0.0	0.0	1.0
852_H-193	2.0	2.0	0.8112781244591328	0.375	0.75
853_H-193	1.0	1.0	-0.0	0.0	0.0
854_H-193	1.0	1.0	-0.0	0.0	1.0
855_H-193	2.0	2.0	0.6500224216483541	0.2777777777777777	0.8333333333333334
856_H-193	1.0	1.0	-0.0	0.0	0.0
857_H-193	3.0	2.0	1.0	0.5	0.0
858_H-193	3.0	2.0	1.0	0.5	0.0
859_H-193	2.0	2.0	0.9182958340544894	0.4444444444444444	0.6666666666666667
85_H-193	2.0	2.0	0.9182958340544894	0.4444444444444444	0.6666666666666667
860_H-193	1.0	1.0	-0.0	0.0	0.0
861_H-193	2.0	2.0	0.9182958340544894	0.4444444444444444	0.6666666666666667
862_H-193	1.0	1.0	-0.0	0.0	1.0
863_H-193	1.0	1.0	-0.0	0.0	1.0
864_H-193	4.0	3.0	1.2516291673878228	0.5	0.6666666666666667
865_H-193	0.0	0.0	nan	nan	nan
866_H-193	1.0	1.0	-0.0	0.0	1.0
867_H-193	1.0	1.0	-0.0	0.0	0.0
868_H-193	1.0	1.0	-0.0	0.0	1.0
869_H-193	1.0	1.0	-0.0	0.0	1.0
86_H-193	2.0	2.0	0.9182958340544894	0.4444444444444444	0.6666666666666667
870_H-193	1.0	1.0	-0.0	0.0	0.0
871_H-193	2.0	2.0	0.8112781244591328	0.375	0.75
872_H-193	1.0	1.0	-0.0	0.0	1.0
873_H-193	2.0	2.0	0.8112781244591328	0.375	0.75
874_H-193	1.0	1.0	-0.0	0.0	1.0
875_H-193	1.0	1.0	-0.0	0.0	0.0
876_H-193	1.0	1.0	-0.0	0.0	0.0
877_H-193	2.0	2.0	0.9182958340544894	0.4444444444444444	0.6666666666666667
878_H-193	2.0	2.0	0.8112781244591328	0.375	0.75
879_H-193	1.0	1.0	-0.0	0.0	0.0
87_H-193	3.0	2.0	1.0	0.5	0.0
880_H-193	1.0	1.0	-0.0	0.0	1.0
881_H-193	1.0	1.0	-0.0	0.0	0.0
882_H-193	0.0	0.0	nan	nan	nan
883_H-193	3.5	3.0	1.5	0.625	0.5
884_H-193	1.0	1.0	-0.0	0.0	0.0
885_H-193	0.0	0.0	nan	nan	nan
886_H-193	2.0	2.0	0.7219280948873623	0.31999999999999984	0.8
887_H-193	1.0	1.0	-0.0	0.0	1.0
888_H-193	3.0	2.0	1.0	0.5	0.0
889_H-193	0.0	0.0	nan	nan	nan
88_H-193	0.0	0.0	nan	nan	nan
890_H-193	1.0	1.0	-0.0	0.0	1.0
891_H-193	1.0	1.0	-0.0	0.0	1.0
892_H-193	1.0	1.0	-0.0	0.0	0.0
893_H-193	1.0	1.0	-0.0	0.0	0.0
894_H-193	1.0	1.0	-0.0	0.0	1.0
895_H-193	1.0	1.0	-0.0	0.0	1.0
896_H-193	0.0	0.0	nan	nan	nan
897_H-193	0.0	0.0	nan	nan	nan
898_H-193	3.0	2.0	1.0	0.5	0.0
899_H-193	1.0	1.0	-0.0	0.0	0.0
89_H-193	2.0	2.0	0.9182958340544894	0.4444444444444444	0.6666666666666667
8_H-193	0.0	0.0	nan	nan	nan
900_H-193	2.0	2.0	0.9182958340544894	0.4444444444444444	0.6666666666666667
901_H-193	2.0	2.0	0.8112781244591328	0.375	0.75
902_H-193	2.0	2.0	0.9182958340544894	0.4444444444444444	0.6666666666666667
903_H-193	3.0	2.0	1.0	0.5	0.0
904_H-193	6.0	3.0	1.584962500721156	0.6666666666666667	0.0
905_H-193	1.0	1.0	-0.0	0.0	0.0
906_H-193	0.0	0.0	nan	nan	nan
907_H-193	1.0	1.0	-0.0	0.0	0.0
908_H-193	1.0	1.0	-0.0	0.0	1.0
909_H-193	2.0	2.0	0.8112781244591328	0.375	0.75
90_H-193	0.0	0.0	nan	nan	nan
910_H-193	0.0	0.0	nan	nan	nan
911_H-193	0.0	0.0	nan	nan	nan
912_H-193	2.0	2.0	0.7219280948873623	0.31999999999999984	0.8
913_H-193	2.0	2.0	0.8112781244591328	0.375	0.75
914_H-193	1.0	1.0	-0.0	0.0	1.0
915_H-193	2.0	2.0	0.9182958340544894	0.4444444444444444	0.6666666666666667
916_H-193	3.0	2.0	1.0	0.5	0.0
917_H-193	2.0	2.0	0.8112781244591328	0.375	0.75
918_H-193	1.0	1.0	-0.0	0.0	1.0
919_H-193	0.0	0.0	nan	nan	nan
91_H-193	1.0	1.0	-0.0	0.0	0.0
920_H-193	0.0	0.0	nan	nan	nan
921_H-193	1.0	1.0	-0.0	0.0	0.0
922_H-193	0.0	0.0	nan	nan	nan
923_H-193	2.0	2.0	0.9182958340544894	0.4444444444444444	0.6666666666666667
924_H-193	2.0	2.0	0.9182958340544894	0.4444444444444444	0.6666666666666667
925_H-193	2.0	2.0	0.9182958340544894	0.4444444444444444	1.0
926_H-193	2.0	2.0	0.9182958340544894	0.4444444444444444	0.6666666666666667
927_H-193	1.0	1.0	-0.0	0.0	0.0
928_H-193	2.0	2.0	0.8112781244591328	0.375	0.75
929_H-193	1.0	1.0	-0.0	0.0	0.0
92_H-193	1.0	1.0	-0.0	0.0	0.0
930_H-193	0.0	0.0	nan	nan	nan
931_H-193	0.0	0.0	nan	nan	nan
932_H-193	1.0	1.0	-0.0	0.0	0.0
933_H-193	1.0	1.0	-0.0	0.0	0.0
934_H-193	2.0	2.0	0.8112781244591328	0.375	0.75
935_H-193	1.0	1.0	-0.0	0.0	0.0
936_H-193	3.5	3.0	1.5	0.625	0.5
937_H-193	0.0	0.0	nan	nan	nan
938_H-193	1.0	1.0	-0.0	0.0	0.0
939_H-193	0.0	0.0	nan	nan	nan
93_H-193	1.0	1.0	-0.0	0.0	1.0
940_H-193	1.0	1.0	-0.0	0.0	0.0
941_H-193	1.0	1.0	-0.0	0.0	0.0
942_H-193	1.0	1.0	-0.0	0.0	1.0
943_H-193	1.0	1.0	-0.0	0.0	0.0
944_H-193	1.0	1.0	-0.0	0.0	1.0
945_H-193	1.0	1.0	-0.0	0.0	0.0
946_H-193	0.0	0.0	nan	nan	nan
947_H-193	0.0	0.0	nan	nan	nan
948_H-193	1.0	1.0	-0.0	0.0	0.0
949_H-193	1.0	1.0	-0.0	0.0	1.0
94_H-193	0.0	0.0	nan	nan	nan
950_H-193	0.0	0.0	nan	nan	nan
951_H-193	0.0	0.0	nan	nan	nan
952_H-193	2.0	2.0	0.7219280948873623	0.31999999999999984	0.8
953_H-193	1.0	1.0	-0.0	0.0	1.0
954_H-193	1.0	1.0	-0.0	0.0	0.0
955_H-193	1.0	1.0	-0.0	0.0	0.0
956_H-193	1.0	1.0	-0.0	0.0	1.0
957_H-193	0.0	0.0	nan	nan	nan
958_H-193	4.0	3.0	1.2516291673878228	0.5	0.6666666666666667
959_H-193	0.0	0.0	nan	nan	nan
95_H-193	3.0	2.0	1.0	0.5	0.0
960_H-193	1.0	1.0	-0.0	0.0	1.0
961_H-193	1.0	1.0	-0.0	0.0	1.0
962_H-193	0.0	0.0	nan	nan	nan
963_H-193	2.0	2.0	0.8112781244591328	0.375	0.75
964_H-193	1.0	1.0	-0.0	0.0	1.0
965_H-193	1.0	1.0	-0.0	0.0	1.0
966_H-193	2.0	2.0	0.9182958340544894	0.4444444444444444	0.6666666666666667
967_H-193	2.0	2.0	0.9182958340544894	0.4444444444444444	0.6666666666666667
968_H-193	0.0	0.0	nan	nan	nan
969_H-193	1.0	1.0	-0.0	0.0	1.0
96_H-193	0.0	0.0	nan	nan	nan
970_H-193	1.0	1.0	-0.0	0.0	0.0
971_H-193	3.0	2.0	1.0	0.5	0.0
972_H-193	0.0	0.0	nan	nan	nan
973_H-193	3.0	2.0	1.0	0.5	0.0
974_H-193	1.0	1.0	-0.0	0.0	0.0
975_H-193	1.0	1.0	-0.0	0.0	1.0
976_H-193	3.0	2.0	1.0	0.5	0.0
977_H-193	1.0	1.0	-0.0	0.0	0.0
978_H-193	1.0	1.0	-0.0	0.0	1.0
979_H-193	4.0	3.0	1.370950594454669	0.5599999999999999	0.6
97_H-193	1.0	1.0	-0.0	0.0	1.0
980_H-193	0.0	0.0	nan	nan	nan
981_H-193	1.0	1.0	-0.0	0.0	0.0
982_H-193	2.0	2.0	0.8112781244591328	0.375	0.75
983_H-193	1.0	1.0	-0.0	0.0	0.0
984_H-193	2.0	2.0	0.9182958340544894	0.4444444444444444	0.6666666666666667
985_H-193	3.0	2.0	1.0	0.5	0.0
986_H-193	2.0	2.0	0.7219280948873623	0.31999999999999984	0.8
987_H-193	0.0	0.0	nan	nan	nan
988_H-193	1.0	1.0	-0.0	0.0	0.0
989_H-193	2.0	2.0	0.9182958340544894	0.4444444444444444	0.6666666666666667
98_H-193	1.0	1.0	-0.0	0.0	0.0
990_H-193	1.0	1.0	-0.0	0.0	0.0
991_H-193	1.0	1.0	-0.0	0.0	1.0
992_H-193	0.0	0.0	nan	nan	nan
993_H-193	1.0	1.0	-0.0	0.0	1.0
994_H-193	1.0	1.0	-0.0	0.0	0.0
995_H-193	1.0	1.0	-0.0	0.0	0.0
996_H-193	1.0	1.0	-0.0	0.0	0.0
997_H-193	0.0	0.0	nan	nan	nan
998_H-193	1.0	1.0	-0.0	0.0	0.0
999_H-193	1.0	1.0	-0.0	0.0	1.0
99_H-193	0.0	0.0	nan	nan	nan
9_H-193	2.0	2.0	0.8112781244591328	0.375	0.75
