	chao1	observed_otus	shannon	simpson	goods_coverage
1000_OMC-288	1.0	1.0	-0.0	0.0	1.0
100_OMC-288	1.0	1.0	-0.0	0.0	1.0
101_OMC-288	1.0	1.0	-0.0	0.0	1.0
102_OMC-288	1.0	1.0	-0.0	0.0	1.0
103_OMC-288	1.0	1.0	-0.0	0.0	1.0
104_OMC-288	1.0	1.0	-0.0	0.0	1.0
105_OMC-288	1.0	1.0	-0.0	0.0	1.0
106_OMC-288	1.0	1.0	-0.0	0.0	1.0
107_OMC-288	1.0	1.0	-0.0	0.0	1.0
108_OMC-288	1.0	1.0	-0.0	0.0	1.0
109_OMC-288	1.0	1.0	-0.0	0.0	1.0
10_OMC-288	1.0	1.0	-0.0	0.0	1.0
110_OMC-288	1.0	1.0	-0.0	0.0	1.0
111_OMC-288	1.0	1.0	-0.0	0.0	1.0
112_OMC-288	1.0	1.0	-0.0	0.0	1.0
113_OMC-288	1.0	1.0	-0.0	0.0	1.0
114_OMC-288	1.0	1.0	-0.0	0.0	1.0
115_OMC-288	1.0	1.0	-0.0	0.0	1.0
116_OMC-288	1.0	1.0	-0.0	0.0	1.0
117_OMC-288	1.0	1.0	-0.0	0.0	1.0
118_OMC-288	1.0	1.0	-0.0	0.0	1.0
119_OMC-288	1.0	1.0	-0.0	0.0	1.0
11_OMC-288	1.0	1.0	-0.0	0.0	1.0
120_OMC-288	1.0	1.0	-0.0	0.0	1.0
121_OMC-288	1.0	1.0	-0.0	0.0	1.0
122_OMC-288	1.0	1.0	-0.0	0.0	1.0
123_OMC-288	1.0	1.0	-0.0	0.0	1.0
124_OMC-288	1.0	1.0	-0.0	0.0	1.0
125_OMC-288	1.0	1.0	-0.0	0.0	1.0
126_OMC-288	1.0	1.0	-0.0	0.0	1.0
127_OMC-288	1.0	1.0	-0.0	0.0	1.0
128_OMC-288	1.0	1.0	-0.0	0.0	1.0
129_OMC-288	1.0	1.0	-0.0	0.0	1.0
12_OMC-288	1.0	1.0	-0.0	0.0	1.0
130_OMC-288	1.0	1.0	-0.0	0.0	1.0
131_OMC-288	1.0	1.0	-0.0	0.0	1.0
132_OMC-288	1.0	1.0	-0.0	0.0	1.0
133_OMC-288	1.0	1.0	-0.0	0.0	1.0
134_OMC-288	1.0	1.0	-0.0	0.0	1.0
135_OMC-288	1.0	1.0	-0.0	0.0	1.0
136_OMC-288	1.0	1.0	-0.0	0.0	1.0
137_OMC-288	1.0	1.0	-0.0	0.0	1.0
138_OMC-288	1.0	1.0	-0.0	0.0	1.0
139_OMC-288	1.0	1.0	-0.0	0.0	1.0
13_OMC-288	1.0	1.0	-0.0	0.0	1.0
140_OMC-288	1.0	1.0	-0.0	0.0	1.0
141_OMC-288	1.0	1.0	-0.0	0.0	1.0
142_OMC-288	1.0	1.0	-0.0	0.0	1.0
143_OMC-288	1.0	1.0	-0.0	0.0	1.0
144_OMC-288	1.0	1.0	-0.0	0.0	1.0
145_OMC-288	1.0	1.0	-0.0	0.0	1.0
146_OMC-288	1.0	1.0	-0.0	0.0	1.0
147_OMC-288	1.0	1.0	-0.0	0.0	1.0
148_OMC-288	1.0	1.0	-0.0	0.0	1.0
149_OMC-288	1.0	1.0	-0.0	0.0	1.0
14_OMC-288	1.0	1.0	-0.0	0.0	1.0
150_OMC-288	1.0	1.0	-0.0	0.0	1.0
151_OMC-288	1.0	1.0	-0.0	0.0	1.0
152_OMC-288	1.0	1.0	-0.0	0.0	1.0
153_OMC-288	1.0	1.0	-0.0	0.0	1.0
154_OMC-288	1.0	1.0	-0.0	0.0	1.0
155_OMC-288	1.0	1.0	-0.0	0.0	1.0
156_OMC-288	1.0	1.0	-0.0	0.0	1.0
157_OMC-288	1.0	1.0	-0.0	0.0	1.0
158_OMC-288	1.0	1.0	-0.0	0.0	1.0
159_OMC-288	1.0	1.0	-0.0	0.0	1.0
15_OMC-288	1.0	1.0	-0.0	0.0	1.0
160_OMC-288	1.0	1.0	-0.0	0.0	1.0
161_OMC-288	1.0	1.0	-0.0	0.0	1.0
162_OMC-288	1.0	1.0	-0.0	0.0	1.0
163_OMC-288	1.0	1.0	-0.0	0.0	1.0
164_OMC-288	1.0	1.0	-0.0	0.0	1.0
165_OMC-288	1.0	1.0	-0.0	0.0	1.0
166_OMC-288	1.0	1.0	-0.0	0.0	1.0
167_OMC-288	1.0	1.0	-0.0	0.0	1.0
168_OMC-288	1.0	1.0	-0.0	0.0	1.0
169_OMC-288	1.0	1.0	-0.0	0.0	1.0
16_OMC-288	1.0	1.0	-0.0	0.0	1.0
170_OMC-288	1.0	1.0	-0.0	0.0	1.0
171_OMC-288	1.0	1.0	-0.0	0.0	1.0
172_OMC-288	1.0	1.0	-0.0	0.0	1.0
173_OMC-288	1.0	1.0	-0.0	0.0	1.0
174_OMC-288	1.0	1.0	-0.0	0.0	1.0
175_OMC-288	1.0	1.0	-0.0	0.0	1.0
176_OMC-288	1.0	1.0	-0.0	0.0	1.0
177_OMC-288	1.0	1.0	-0.0	0.0	1.0
178_OMC-288	1.0	1.0	-0.0	0.0	1.0
179_OMC-288	1.0	1.0	-0.0	0.0	1.0
17_OMC-288	1.0	1.0	-0.0	0.0	1.0
180_OMC-288	1.0	1.0	-0.0	0.0	1.0
181_OMC-288	1.0	1.0	-0.0	0.0	1.0
182_OMC-288	1.0	1.0	-0.0	0.0	1.0
183_OMC-288	1.0	1.0	-0.0	0.0	1.0
184_OMC-288	1.0	1.0	-0.0	0.0	1.0
185_OMC-288	1.0	1.0	-0.0	0.0	1.0
186_OMC-288	1.0	1.0	-0.0	0.0	1.0
187_OMC-288	1.0	1.0	-0.0	0.0	1.0
188_OMC-288	1.0	1.0	-0.0	0.0	1.0
189_OMC-288	1.0	1.0	-0.0	0.0	1.0
18_OMC-288	1.0	1.0	-0.0	0.0	1.0
190_OMC-288	1.0	1.0	-0.0	0.0	1.0
191_OMC-288	1.0	1.0	-0.0	0.0	1.0
192_OMC-288	1.0	1.0	-0.0	0.0	1.0
193_OMC-288	1.0	1.0	-0.0	0.0	1.0
194_OMC-288	1.0	1.0	-0.0	0.0	1.0
195_OMC-288	1.0	1.0	-0.0	0.0	1.0
196_OMC-288	1.0	1.0	-0.0	0.0	1.0
197_OMC-288	1.0	1.0	-0.0	0.0	1.0
198_OMC-288	1.0	1.0	-0.0	0.0	1.0
199_OMC-288	1.0	1.0	-0.0	0.0	1.0
19_OMC-288	1.0	1.0	-0.0	0.0	1.0
1_OMC-288	1.0	1.0	-0.0	0.0	1.0
200_OMC-288	1.0	1.0	-0.0	0.0	1.0
201_OMC-288	1.0	1.0	-0.0	0.0	1.0
202_OMC-288	1.0	1.0	-0.0	0.0	1.0
203_OMC-288	1.0	1.0	-0.0	0.0	1.0
204_OMC-288	1.0	1.0	-0.0	0.0	1.0
205_OMC-288	1.0	1.0	-0.0	0.0	1.0
206_OMC-288	1.0	1.0	-0.0	0.0	1.0
207_OMC-288	1.0	1.0	-0.0	0.0	1.0
208_OMC-288	1.0	1.0	-0.0	0.0	1.0
209_OMC-288	1.0	1.0	-0.0	0.0	1.0
20_OMC-288	1.0	1.0	-0.0	0.0	1.0
210_OMC-288	1.0	1.0	-0.0	0.0	1.0
211_OMC-288	1.0	1.0	-0.0	0.0	1.0
212_OMC-288	1.0	1.0	-0.0	0.0	1.0
213_OMC-288	1.0	1.0	-0.0	0.0	1.0
214_OMC-288	1.0	1.0	-0.0	0.0	1.0
215_OMC-288	1.0	1.0	-0.0	0.0	1.0
216_OMC-288	1.0	1.0	-0.0	0.0	1.0
217_OMC-288	1.0	1.0	-0.0	0.0	1.0
218_OMC-288	1.0	1.0	-0.0	0.0	1.0
219_OMC-288	1.0	1.0	-0.0	0.0	1.0
21_OMC-288	1.0	1.0	-0.0	0.0	1.0
220_OMC-288	1.0	1.0	-0.0	0.0	1.0
221_OMC-288	1.0	1.0	-0.0	0.0	1.0
222_OMC-288	1.0	1.0	-0.0	0.0	1.0
223_OMC-288	1.0	1.0	-0.0	0.0	1.0
224_OMC-288	1.0	1.0	-0.0	0.0	1.0
225_OMC-288	1.0	1.0	-0.0	0.0	1.0
226_OMC-288	1.0	1.0	-0.0	0.0	1.0
227_OMC-288	1.0	1.0	-0.0	0.0	1.0
228_OMC-288	1.0	1.0	-0.0	0.0	1.0
229_OMC-288	1.0	1.0	-0.0	0.0	1.0
22_OMC-288	1.0	1.0	-0.0	0.0	1.0
230_OMC-288	1.0	1.0	-0.0	0.0	1.0
231_OMC-288	1.0	1.0	-0.0	0.0	1.0
232_OMC-288	1.0	1.0	-0.0	0.0	1.0
233_OMC-288	1.0	1.0	-0.0	0.0	1.0
234_OMC-288	1.0	1.0	-0.0	0.0	1.0
235_OMC-288	1.0	1.0	-0.0	0.0	1.0
236_OMC-288	1.0	1.0	-0.0	0.0	1.0
237_OMC-288	1.0	1.0	-0.0	0.0	1.0
238_OMC-288	1.0	1.0	-0.0	0.0	1.0
239_OMC-288	1.0	1.0	-0.0	0.0	1.0
23_OMC-288	1.0	1.0	-0.0	0.0	1.0
240_OMC-288	1.0	1.0	-0.0	0.0	1.0
241_OMC-288	1.0	1.0	-0.0	0.0	1.0
242_OMC-288	1.0	1.0	-0.0	0.0	1.0
243_OMC-288	1.0	1.0	-0.0	0.0	1.0
244_OMC-288	1.0	1.0	-0.0	0.0	1.0
245_OMC-288	1.0	1.0	-0.0	0.0	1.0
246_OMC-288	1.0	1.0	-0.0	0.0	1.0
247_OMC-288	1.0	1.0	-0.0	0.0	1.0
248_OMC-288	1.0	1.0	-0.0	0.0	1.0
249_OMC-288	1.0	1.0	-0.0	0.0	1.0
24_OMC-288	1.0	1.0	-0.0	0.0	1.0
250_OMC-288	1.0	1.0	-0.0	0.0	1.0
251_OMC-288	1.0	1.0	-0.0	0.0	1.0
252_OMC-288	1.0	1.0	-0.0	0.0	1.0
253_OMC-288	1.0	1.0	-0.0	0.0	1.0
254_OMC-288	1.0	1.0	-0.0	0.0	1.0
255_OMC-288	1.0	1.0	-0.0	0.0	1.0
256_OMC-288	1.0	1.0	-0.0	0.0	1.0
257_OMC-288	1.0	1.0	-0.0	0.0	1.0
258_OMC-288	1.0	1.0	-0.0	0.0	1.0
259_OMC-288	1.0	1.0	-0.0	0.0	1.0
25_OMC-288	1.0	1.0	-0.0	0.0	1.0
260_OMC-288	1.0	1.0	-0.0	0.0	1.0
261_OMC-288	1.0	1.0	-0.0	0.0	1.0
262_OMC-288	1.0	1.0	-0.0	0.0	1.0
263_OMC-288	1.0	1.0	-0.0	0.0	1.0
264_OMC-288	1.0	1.0	-0.0	0.0	1.0
265_OMC-288	1.0	1.0	-0.0	0.0	1.0
266_OMC-288	1.0	1.0	-0.0	0.0	1.0
267_OMC-288	1.0	1.0	-0.0	0.0	1.0
268_OMC-288	1.0	1.0	-0.0	0.0	1.0
269_OMC-288	1.0	1.0	-0.0	0.0	1.0
26_OMC-288	1.0	1.0	-0.0	0.0	1.0
270_OMC-288	1.0	1.0	-0.0	0.0	1.0
271_OMC-288	1.0	1.0	-0.0	0.0	1.0
272_OMC-288	1.0	1.0	-0.0	0.0	1.0
273_OMC-288	1.0	1.0	-0.0	0.0	1.0
274_OMC-288	1.0	1.0	-0.0	0.0	1.0
275_OMC-288	1.0	1.0	-0.0	0.0	1.0
276_OMC-288	1.0	1.0	-0.0	0.0	1.0
277_OMC-288	1.0	1.0	-0.0	0.0	1.0
278_OMC-288	1.0	1.0	-0.0	0.0	1.0
279_OMC-288	1.0	1.0	-0.0	0.0	1.0
27_OMC-288	1.0	1.0	-0.0	0.0	1.0
280_OMC-288	1.0	1.0	-0.0	0.0	1.0
281_OMC-288	1.0	1.0	-0.0	0.0	1.0
282_OMC-288	1.0	1.0	-0.0	0.0	1.0
283_OMC-288	1.0	1.0	-0.0	0.0	1.0
284_OMC-288	1.0	1.0	-0.0	0.0	1.0
285_OMC-288	1.0	1.0	-0.0	0.0	1.0
286_OMC-288	1.0	1.0	-0.0	0.0	1.0
287_OMC-288	1.0	1.0	-0.0	0.0	1.0
288_OMC-288	1.0	1.0	-0.0	0.0	1.0
289_OMC-288	1.0	1.0	-0.0	0.0	1.0
28_OMC-288	1.0	1.0	-0.0	0.0	1.0
290_OMC-288	1.0	1.0	-0.0	0.0	1.0
291_OMC-288	1.0	1.0	-0.0	0.0	1.0
292_OMC-288	1.0	1.0	-0.0	0.0	1.0
293_OMC-288	1.0	1.0	-0.0	0.0	1.0
294_OMC-288	1.0	1.0	-0.0	0.0	1.0
295_OMC-288	1.0	1.0	-0.0	0.0	1.0
296_OMC-288	1.0	1.0	-0.0	0.0	1.0
297_OMC-288	1.0	1.0	-0.0	0.0	1.0
298_OMC-288	1.0	1.0	-0.0	0.0	1.0
299_OMC-288	1.0	1.0	-0.0	0.0	1.0
29_OMC-288	1.0	1.0	-0.0	0.0	1.0
2_OMC-288	1.0	1.0	-0.0	0.0	1.0
300_OMC-288	1.0	1.0	-0.0	0.0	1.0
301_OMC-288	1.0	1.0	-0.0	0.0	1.0
302_OMC-288	1.0	1.0	-0.0	0.0	1.0
303_OMC-288	1.0	1.0	-0.0	0.0	1.0
304_OMC-288	1.0	1.0	-0.0	0.0	1.0
305_OMC-288	1.0	1.0	-0.0	0.0	1.0
306_OMC-288	1.0	1.0	-0.0	0.0	1.0
307_OMC-288	1.0	1.0	-0.0	0.0	1.0
308_OMC-288	1.0	1.0	-0.0	0.0	1.0
309_OMC-288	1.0	1.0	-0.0	0.0	1.0
30_OMC-288	1.0	1.0	-0.0	0.0	1.0
310_OMC-288	1.0	1.0	-0.0	0.0	1.0
311_OMC-288	1.0	1.0	-0.0	0.0	1.0
312_OMC-288	1.0	1.0	-0.0	0.0	1.0
313_OMC-288	1.0	1.0	-0.0	0.0	1.0
314_OMC-288	1.0	1.0	-0.0	0.0	1.0
315_OMC-288	1.0	1.0	-0.0	0.0	1.0
316_OMC-288	1.0	1.0	-0.0	0.0	1.0
317_OMC-288	1.0	1.0	-0.0	0.0	1.0
318_OMC-288	1.0	1.0	-0.0	0.0	1.0
319_OMC-288	1.0	1.0	-0.0	0.0	1.0
31_OMC-288	1.0	1.0	-0.0	0.0	1.0
320_OMC-288	1.0	1.0	-0.0	0.0	1.0
321_OMC-288	1.0	1.0	-0.0	0.0	1.0
322_OMC-288	1.0	1.0	-0.0	0.0	1.0
323_OMC-288	1.0	1.0	-0.0	0.0	1.0
324_OMC-288	1.0	1.0	-0.0	0.0	1.0
325_OMC-288	1.0	1.0	-0.0	0.0	1.0
326_OMC-288	1.0	1.0	-0.0	0.0	1.0
327_OMC-288	1.0	1.0	-0.0	0.0	1.0
328_OMC-288	1.0	1.0	-0.0	0.0	1.0
329_OMC-288	1.0	1.0	-0.0	0.0	1.0
32_OMC-288	1.0	1.0	-0.0	0.0	1.0
330_OMC-288	1.0	1.0	-0.0	0.0	1.0
331_OMC-288	1.0	1.0	-0.0	0.0	1.0
332_OMC-288	1.0	1.0	-0.0	0.0	1.0
333_OMC-288	1.0	1.0	-0.0	0.0	1.0
334_OMC-288	1.0	1.0	-0.0	0.0	1.0
335_OMC-288	1.0	1.0	-0.0	0.0	1.0
336_OMC-288	1.0	1.0	-0.0	0.0	1.0
337_OMC-288	1.0	1.0	-0.0	0.0	1.0
338_OMC-288	1.0	1.0	-0.0	0.0	1.0
339_OMC-288	1.0	1.0	-0.0	0.0	1.0
33_OMC-288	1.0	1.0	-0.0	0.0	1.0
340_OMC-288	1.0	1.0	-0.0	0.0	1.0
341_OMC-288	1.0	1.0	-0.0	0.0	1.0
342_OMC-288	1.0	1.0	-0.0	0.0	1.0
343_OMC-288	1.0	1.0	-0.0	0.0	1.0
344_OMC-288	1.0	1.0	-0.0	0.0	1.0
345_OMC-288	1.0	1.0	-0.0	0.0	1.0
346_OMC-288	1.0	1.0	-0.0	0.0	1.0
347_OMC-288	1.0	1.0	-0.0	0.0	1.0
348_OMC-288	1.0	1.0	-0.0	0.0	1.0
349_OMC-288	1.0	1.0	-0.0	0.0	1.0
34_OMC-288	1.0	1.0	-0.0	0.0	1.0
350_OMC-288	1.0	1.0	-0.0	0.0	1.0
351_OMC-288	1.0	1.0	-0.0	0.0	1.0
352_OMC-288	1.0	1.0	-0.0	0.0	1.0
353_OMC-288	1.0	1.0	-0.0	0.0	1.0
354_OMC-288	1.0	1.0	-0.0	0.0	1.0
355_OMC-288	1.0	1.0	-0.0	0.0	1.0
356_OMC-288	1.0	1.0	-0.0	0.0	1.0
357_OMC-288	1.0	1.0	-0.0	0.0	1.0
358_OMC-288	1.0	1.0	-0.0	0.0	1.0
359_OMC-288	1.0	1.0	-0.0	0.0	1.0
35_OMC-288	1.0	1.0	-0.0	0.0	1.0
360_OMC-288	1.0	1.0	-0.0	0.0	1.0
361_OMC-288	1.0	1.0	-0.0	0.0	1.0
362_OMC-288	1.0	1.0	-0.0	0.0	1.0
363_OMC-288	1.0	1.0	-0.0	0.0	1.0
364_OMC-288	1.0	1.0	-0.0	0.0	1.0
365_OMC-288	1.0	1.0	-0.0	0.0	1.0
366_OMC-288	1.0	1.0	-0.0	0.0	1.0
367_OMC-288	1.0	1.0	-0.0	0.0	1.0
368_OMC-288	1.0	1.0	-0.0	0.0	1.0
369_OMC-288	1.0	1.0	-0.0	0.0	1.0
36_OMC-288	1.0	1.0	-0.0	0.0	1.0
370_OMC-288	1.0	1.0	-0.0	0.0	1.0
371_OMC-288	1.0	1.0	-0.0	0.0	1.0
372_OMC-288	1.0	1.0	-0.0	0.0	1.0
373_OMC-288	1.0	1.0	-0.0	0.0	1.0
374_OMC-288	1.0	1.0	-0.0	0.0	1.0
375_OMC-288	1.0	1.0	-0.0	0.0	1.0
376_OMC-288	1.0	1.0	-0.0	0.0	1.0
377_OMC-288	1.0	1.0	-0.0	0.0	1.0
378_OMC-288	1.0	1.0	-0.0	0.0	1.0
379_OMC-288	1.0	1.0	-0.0	0.0	1.0
37_OMC-288	1.0	1.0	-0.0	0.0	1.0
380_OMC-288	1.0	1.0	-0.0	0.0	1.0
381_OMC-288	1.0	1.0	-0.0	0.0	1.0
382_OMC-288	1.0	1.0	-0.0	0.0	1.0
383_OMC-288	1.0	1.0	-0.0	0.0	1.0
384_OMC-288	1.0	1.0	-0.0	0.0	1.0
385_OMC-288	1.0	1.0	-0.0	0.0	1.0
386_OMC-288	1.0	1.0	-0.0	0.0	1.0
387_OMC-288	1.0	1.0	-0.0	0.0	1.0
388_OMC-288	1.0	1.0	-0.0	0.0	1.0
389_OMC-288	1.0	1.0	-0.0	0.0	1.0
38_OMC-288	1.0	1.0	-0.0	0.0	1.0
390_OMC-288	1.0	1.0	-0.0	0.0	1.0
391_OMC-288	1.0	1.0	-0.0	0.0	1.0
392_OMC-288	1.0	1.0	-0.0	0.0	1.0
393_OMC-288	1.0	1.0	-0.0	0.0	1.0
394_OMC-288	1.0	1.0	-0.0	0.0	1.0
395_OMC-288	1.0	1.0	-0.0	0.0	1.0
396_OMC-288	1.0	1.0	-0.0	0.0	1.0
397_OMC-288	1.0	1.0	-0.0	0.0	1.0
398_OMC-288	1.0	1.0	-0.0	0.0	1.0
399_OMC-288	1.0	1.0	-0.0	0.0	1.0
39_OMC-288	1.0	1.0	-0.0	0.0	1.0
3_OMC-288	1.0	1.0	-0.0	0.0	1.0
400_OMC-288	1.0	1.0	-0.0	0.0	1.0
401_OMC-288	1.0	1.0	-0.0	0.0	1.0
402_OMC-288	1.0	1.0	-0.0	0.0	1.0
403_OMC-288	1.0	1.0	-0.0	0.0	1.0
404_OMC-288	1.0	1.0	-0.0	0.0	1.0
405_OMC-288	1.0	1.0	-0.0	0.0	1.0
406_OMC-288	1.0	1.0	-0.0	0.0	1.0
407_OMC-288	1.0	1.0	-0.0	0.0	1.0
408_OMC-288	1.0	1.0	-0.0	0.0	1.0
409_OMC-288	1.0	1.0	-0.0	0.0	1.0
40_OMC-288	1.0	1.0	-0.0	0.0	1.0
410_OMC-288	1.0	1.0	-0.0	0.0	1.0
411_OMC-288	1.0	1.0	-0.0	0.0	1.0
412_OMC-288	1.0	1.0	-0.0	0.0	1.0
413_OMC-288	1.0	1.0	-0.0	0.0	1.0
414_OMC-288	1.0	1.0	-0.0	0.0	1.0
415_OMC-288	1.0	1.0	-0.0	0.0	1.0
416_OMC-288	1.0	1.0	-0.0	0.0	1.0
417_OMC-288	1.0	1.0	-0.0	0.0	1.0
418_OMC-288	1.0	1.0	-0.0	0.0	1.0
419_OMC-288	1.0	1.0	-0.0	0.0	1.0
41_OMC-288	1.0	1.0	-0.0	0.0	1.0
420_OMC-288	1.0	1.0	-0.0	0.0	1.0
421_OMC-288	1.0	1.0	-0.0	0.0	1.0
422_OMC-288	1.0	1.0	-0.0	0.0	1.0
423_OMC-288	1.0	1.0	-0.0	0.0	1.0
424_OMC-288	1.0	1.0	-0.0	0.0	1.0
425_OMC-288	1.0	1.0	-0.0	0.0	1.0
426_OMC-288	1.0	1.0	-0.0	0.0	1.0
427_OMC-288	1.0	1.0	-0.0	0.0	1.0
428_OMC-288	1.0	1.0	-0.0	0.0	1.0
429_OMC-288	1.0	1.0	-0.0	0.0	1.0
42_OMC-288	1.0	1.0	-0.0	0.0	1.0
430_OMC-288	1.0	1.0	-0.0	0.0	1.0
431_OMC-288	1.0	1.0	-0.0	0.0	1.0
432_OMC-288	1.0	1.0	-0.0	0.0	1.0
433_OMC-288	1.0	1.0	-0.0	0.0	1.0
434_OMC-288	1.0	1.0	-0.0	0.0	1.0
435_OMC-288	1.0	1.0	-0.0	0.0	1.0
436_OMC-288	1.0	1.0	-0.0	0.0	1.0
437_OMC-288	1.0	1.0	-0.0	0.0	1.0
438_OMC-288	1.0	1.0	-0.0	0.0	1.0
439_OMC-288	1.0	1.0	-0.0	0.0	1.0
43_OMC-288	1.0	1.0	-0.0	0.0	1.0
440_OMC-288	1.0	1.0	-0.0	0.0	1.0
441_OMC-288	1.0	1.0	-0.0	0.0	1.0
442_OMC-288	1.0	1.0	-0.0	0.0	1.0
443_OMC-288	1.0	1.0	-0.0	0.0	1.0
444_OMC-288	1.0	1.0	-0.0	0.0	1.0
445_OMC-288	1.0	1.0	-0.0	0.0	1.0
446_OMC-288	1.0	1.0	-0.0	0.0	1.0
447_OMC-288	1.0	1.0	-0.0	0.0	1.0
448_OMC-288	1.0	1.0	-0.0	0.0	1.0
449_OMC-288	1.0	1.0	-0.0	0.0	1.0
44_OMC-288	1.0	1.0	-0.0	0.0	1.0
450_OMC-288	1.0	1.0	-0.0	0.0	1.0
451_OMC-288	1.0	1.0	-0.0	0.0	1.0
452_OMC-288	1.0	1.0	-0.0	0.0	1.0
453_OMC-288	1.0	1.0	-0.0	0.0	1.0
454_OMC-288	1.0	1.0	-0.0	0.0	1.0
455_OMC-288	1.0	1.0	-0.0	0.0	1.0
456_OMC-288	1.0	1.0	-0.0	0.0	1.0
457_OMC-288	1.0	1.0	-0.0	0.0	1.0
458_OMC-288	1.0	1.0	-0.0	0.0	1.0
459_OMC-288	1.0	1.0	-0.0	0.0	1.0
45_OMC-288	1.0	1.0	-0.0	0.0	1.0
460_OMC-288	1.0	1.0	-0.0	0.0	1.0
461_OMC-288	1.0	1.0	-0.0	0.0	1.0
462_OMC-288	1.0	1.0	-0.0	0.0	1.0
463_OMC-288	1.0	1.0	-0.0	0.0	1.0
464_OMC-288	1.0	1.0	-0.0	0.0	1.0
465_OMC-288	1.0	1.0	-0.0	0.0	1.0
466_OMC-288	1.0	1.0	-0.0	0.0	1.0
467_OMC-288	1.0	1.0	-0.0	0.0	1.0
468_OMC-288	1.0	1.0	-0.0	0.0	1.0
469_OMC-288	1.0	1.0	-0.0	0.0	1.0
46_OMC-288	1.0	1.0	-0.0	0.0	1.0
470_OMC-288	1.0	1.0	-0.0	0.0	1.0
471_OMC-288	1.0	1.0	-0.0	0.0	1.0
472_OMC-288	1.0	1.0	-0.0	0.0	1.0
473_OMC-288	1.0	1.0	-0.0	0.0	1.0
474_OMC-288	1.0	1.0	-0.0	0.0	1.0
475_OMC-288	1.0	1.0	-0.0	0.0	1.0
476_OMC-288	1.0	1.0	-0.0	0.0	1.0
477_OMC-288	1.0	1.0	-0.0	0.0	1.0
478_OMC-288	1.0	1.0	-0.0	0.0	1.0
479_OMC-288	1.0	1.0	-0.0	0.0	1.0
47_OMC-288	1.0	1.0	-0.0	0.0	1.0
480_OMC-288	1.0	1.0	-0.0	0.0	1.0
481_OMC-288	1.0	1.0	-0.0	0.0	1.0
482_OMC-288	1.0	1.0	-0.0	0.0	1.0
483_OMC-288	1.0	1.0	-0.0	0.0	1.0
484_OMC-288	1.0	1.0	-0.0	0.0	1.0
485_OMC-288	1.0	1.0	-0.0	0.0	1.0
486_OMC-288	1.0	1.0	-0.0	0.0	1.0
487_OMC-288	1.0	1.0	-0.0	0.0	1.0
488_OMC-288	1.0	1.0	-0.0	0.0	1.0
489_OMC-288	1.0	1.0	-0.0	0.0	1.0
48_OMC-288	1.0	1.0	-0.0	0.0	1.0
490_OMC-288	1.0	1.0	-0.0	0.0	1.0
491_OMC-288	1.0	1.0	-0.0	0.0	1.0
492_OMC-288	1.0	1.0	-0.0	0.0	1.0
493_OMC-288	1.0	1.0	-0.0	0.0	1.0
494_OMC-288	1.0	1.0	-0.0	0.0	1.0
495_OMC-288	1.0	1.0	-0.0	0.0	1.0
496_OMC-288	1.0	1.0	-0.0	0.0	1.0
497_OMC-288	1.0	1.0	-0.0	0.0	1.0
498_OMC-288	1.0	1.0	-0.0	0.0	1.0
499_OMC-288	1.0	1.0	-0.0	0.0	1.0
49_OMC-288	1.0	1.0	-0.0	0.0	1.0
4_OMC-288	1.0	1.0	-0.0	0.0	1.0
500_OMC-288	1.0	1.0	-0.0	0.0	1.0
501_OMC-288	1.0	1.0	-0.0	0.0	1.0
502_OMC-288	1.0	1.0	-0.0	0.0	1.0
503_OMC-288	1.0	1.0	-0.0	0.0	1.0
504_OMC-288	1.0	1.0	-0.0	0.0	1.0
505_OMC-288	1.0	1.0	-0.0	0.0	1.0
506_OMC-288	1.0	1.0	-0.0	0.0	1.0
507_OMC-288	1.0	1.0	-0.0	0.0	1.0
508_OMC-288	1.0	1.0	-0.0	0.0	1.0
509_OMC-288	1.0	1.0	-0.0	0.0	1.0
50_OMC-288	1.0	1.0	-0.0	0.0	1.0
510_OMC-288	1.0	1.0	-0.0	0.0	1.0
511_OMC-288	1.0	1.0	-0.0	0.0	1.0
512_OMC-288	1.0	1.0	-0.0	0.0	1.0
513_OMC-288	1.0	1.0	-0.0	0.0	1.0
514_OMC-288	1.0	1.0	-0.0	0.0	1.0
515_OMC-288	1.0	1.0	-0.0	0.0	1.0
516_OMC-288	1.0	1.0	-0.0	0.0	1.0
517_OMC-288	1.0	1.0	-0.0	0.0	1.0
518_OMC-288	1.0	1.0	-0.0	0.0	1.0
519_OMC-288	1.0	1.0	-0.0	0.0	1.0
51_OMC-288	1.0	1.0	-0.0	0.0	1.0
520_OMC-288	1.0	1.0	-0.0	0.0	1.0
521_OMC-288	1.0	1.0	-0.0	0.0	1.0
522_OMC-288	1.0	1.0	-0.0	0.0	1.0
523_OMC-288	1.0	1.0	-0.0	0.0	1.0
524_OMC-288	1.0	1.0	-0.0	0.0	1.0
525_OMC-288	1.0	1.0	-0.0	0.0	1.0
526_OMC-288	1.0	1.0	-0.0	0.0	1.0
527_OMC-288	1.0	1.0	-0.0	0.0	1.0
528_OMC-288	1.0	1.0	-0.0	0.0	1.0
529_OMC-288	1.0	1.0	-0.0	0.0	1.0
52_OMC-288	1.0	1.0	-0.0	0.0	1.0
530_OMC-288	1.0	1.0	-0.0	0.0	1.0
531_OMC-288	1.0	1.0	-0.0	0.0	1.0
532_OMC-288	1.0	1.0	-0.0	0.0	1.0
533_OMC-288	1.0	1.0	-0.0	0.0	1.0
534_OMC-288	1.0	1.0	-0.0	0.0	1.0
535_OMC-288	1.0	1.0	-0.0	0.0	1.0
536_OMC-288	1.0	1.0	-0.0	0.0	1.0
537_OMC-288	1.0	1.0	-0.0	0.0	1.0
538_OMC-288	1.0	1.0	-0.0	0.0	1.0
539_OMC-288	1.0	1.0	-0.0	0.0	1.0
53_OMC-288	1.0	1.0	-0.0	0.0	1.0
540_OMC-288	1.0	1.0	-0.0	0.0	1.0
541_OMC-288	1.0	1.0	-0.0	0.0	1.0
542_OMC-288	1.0	1.0	-0.0	0.0	1.0
543_OMC-288	1.0	1.0	-0.0	0.0	1.0
544_OMC-288	1.0	1.0	-0.0	0.0	1.0
545_OMC-288	1.0	1.0	-0.0	0.0	1.0
546_OMC-288	1.0	1.0	-0.0	0.0	1.0
547_OMC-288	1.0	1.0	-0.0	0.0	1.0
548_OMC-288	1.0	1.0	-0.0	0.0	1.0
549_OMC-288	1.0	1.0	-0.0	0.0	1.0
54_OMC-288	1.0	1.0	-0.0	0.0	1.0
550_OMC-288	1.0	1.0	-0.0	0.0	1.0
551_OMC-288	1.0	1.0	-0.0	0.0	1.0
552_OMC-288	1.0	1.0	-0.0	0.0	1.0
553_OMC-288	1.0	1.0	-0.0	0.0	1.0
554_OMC-288	1.0	1.0	-0.0	0.0	1.0
555_OMC-288	1.0	1.0	-0.0	0.0	1.0
556_OMC-288	1.0	1.0	-0.0	0.0	1.0
557_OMC-288	1.0	1.0	-0.0	0.0	1.0
558_OMC-288	1.0	1.0	-0.0	0.0	1.0
559_OMC-288	1.0	1.0	-0.0	0.0	1.0
55_OMC-288	1.0	1.0	-0.0	0.0	1.0
560_OMC-288	1.0	1.0	-0.0	0.0	1.0
561_OMC-288	1.0	1.0	-0.0	0.0	1.0
562_OMC-288	1.0	1.0	-0.0	0.0	1.0
563_OMC-288	1.0	1.0	-0.0	0.0	1.0
564_OMC-288	1.0	1.0	-0.0	0.0	1.0
565_OMC-288	1.0	1.0	-0.0	0.0	1.0
566_OMC-288	1.0	1.0	-0.0	0.0	1.0
567_OMC-288	1.0	1.0	-0.0	0.0	1.0
568_OMC-288	1.0	1.0	-0.0	0.0	1.0
569_OMC-288	1.0	1.0	-0.0	0.0	1.0
56_OMC-288	1.0	1.0	-0.0	0.0	1.0
570_OMC-288	1.0	1.0	-0.0	0.0	1.0
571_OMC-288	1.0	1.0	-0.0	0.0	1.0
572_OMC-288	1.0	1.0	-0.0	0.0	1.0
573_OMC-288	1.0	1.0	-0.0	0.0	1.0
574_OMC-288	1.0	1.0	-0.0	0.0	1.0
575_OMC-288	1.0	1.0	-0.0	0.0	1.0
576_OMC-288	1.0	1.0	-0.0	0.0	1.0
577_OMC-288	1.0	1.0	-0.0	0.0	1.0
578_OMC-288	1.0	1.0	-0.0	0.0	1.0
579_OMC-288	1.0	1.0	-0.0	0.0	1.0
57_OMC-288	1.0	1.0	-0.0	0.0	1.0
580_OMC-288	1.0	1.0	-0.0	0.0	1.0
581_OMC-288	1.0	1.0	-0.0	0.0	1.0
582_OMC-288	1.0	1.0	-0.0	0.0	1.0
583_OMC-288	1.0	1.0	-0.0	0.0	1.0
584_OMC-288	1.0	1.0	-0.0	0.0	1.0
585_OMC-288	1.0	1.0	-0.0	0.0	1.0
586_OMC-288	1.0	1.0	-0.0	0.0	1.0
587_OMC-288	1.0	1.0	-0.0	0.0	1.0
588_OMC-288	1.0	1.0	-0.0	0.0	1.0
589_OMC-288	1.0	1.0	-0.0	0.0	1.0
58_OMC-288	1.0	1.0	-0.0	0.0	1.0
590_OMC-288	1.0	1.0	-0.0	0.0	1.0
591_OMC-288	1.0	1.0	-0.0	0.0	1.0
592_OMC-288	1.0	1.0	-0.0	0.0	1.0
593_OMC-288	1.0	1.0	-0.0	0.0	1.0
594_OMC-288	1.0	1.0	-0.0	0.0	1.0
595_OMC-288	1.0	1.0	-0.0	0.0	1.0
596_OMC-288	1.0	1.0	-0.0	0.0	1.0
597_OMC-288	1.0	1.0	-0.0	0.0	1.0
598_OMC-288	1.0	1.0	-0.0	0.0	1.0
599_OMC-288	1.0	1.0	-0.0	0.0	1.0
59_OMC-288	1.0	1.0	-0.0	0.0	1.0
5_OMC-288	1.0	1.0	-0.0	0.0	1.0
600_OMC-288	1.0	1.0	-0.0	0.0	1.0
601_OMC-288	1.0	1.0	-0.0	0.0	1.0
602_OMC-288	1.0	1.0	-0.0	0.0	1.0
603_OMC-288	1.0	1.0	-0.0	0.0	1.0
604_OMC-288	1.0	1.0	-0.0	0.0	1.0
605_OMC-288	1.0	1.0	-0.0	0.0	1.0
606_OMC-288	1.0	1.0	-0.0	0.0	1.0
607_OMC-288	1.0	1.0	-0.0	0.0	1.0
608_OMC-288	1.0	1.0	-0.0	0.0	1.0
609_OMC-288	1.0	1.0	-0.0	0.0	1.0
60_OMC-288	1.0	1.0	-0.0	0.0	1.0
610_OMC-288	1.0	1.0	-0.0	0.0	1.0
611_OMC-288	1.0	1.0	-0.0	0.0	1.0
612_OMC-288	1.0	1.0	-0.0	0.0	1.0
613_OMC-288	1.0	1.0	-0.0	0.0	1.0
614_OMC-288	1.0	1.0	-0.0	0.0	1.0
615_OMC-288	1.0	1.0	-0.0	0.0	1.0
616_OMC-288	1.0	1.0	-0.0	0.0	1.0
617_OMC-288	1.0	1.0	-0.0	0.0	1.0
618_OMC-288	1.0	1.0	-0.0	0.0	1.0
619_OMC-288	1.0	1.0	-0.0	0.0	1.0
61_OMC-288	1.0	1.0	-0.0	0.0	1.0
620_OMC-288	1.0	1.0	-0.0	0.0	1.0
621_OMC-288	1.0	1.0	-0.0	0.0	1.0
622_OMC-288	1.0	1.0	-0.0	0.0	1.0
623_OMC-288	1.0	1.0	-0.0	0.0	1.0
624_OMC-288	1.0	1.0	-0.0	0.0	1.0
625_OMC-288	1.0	1.0	-0.0	0.0	1.0
626_OMC-288	1.0	1.0	-0.0	0.0	1.0
627_OMC-288	1.0	1.0	-0.0	0.0	1.0
628_OMC-288	1.0	1.0	-0.0	0.0	1.0
629_OMC-288	1.0	1.0	-0.0	0.0	1.0
62_OMC-288	1.0	1.0	-0.0	0.0	1.0
630_OMC-288	1.0	1.0	-0.0	0.0	1.0
631_OMC-288	1.0	1.0	-0.0	0.0	1.0
632_OMC-288	1.0	1.0	-0.0	0.0	1.0
633_OMC-288	1.0	1.0	-0.0	0.0	1.0
634_OMC-288	1.0	1.0	-0.0	0.0	1.0
635_OMC-288	1.0	1.0	-0.0	0.0	1.0
636_OMC-288	1.0	1.0	-0.0	0.0	1.0
637_OMC-288	1.0	1.0	-0.0	0.0	1.0
638_OMC-288	1.0	1.0	-0.0	0.0	1.0
639_OMC-288	1.0	1.0	-0.0	0.0	1.0
63_OMC-288	1.0	1.0	-0.0	0.0	1.0
640_OMC-288	1.0	1.0	-0.0	0.0	1.0
641_OMC-288	1.0	1.0	-0.0	0.0	1.0
642_OMC-288	1.0	1.0	-0.0	0.0	1.0
643_OMC-288	1.0	1.0	-0.0	0.0	1.0
644_OMC-288	1.0	1.0	-0.0	0.0	1.0
645_OMC-288	1.0	1.0	-0.0	0.0	1.0
646_OMC-288	1.0	1.0	-0.0	0.0	1.0
647_OMC-288	1.0	1.0	-0.0	0.0	1.0
648_OMC-288	1.0	1.0	-0.0	0.0	1.0
649_OMC-288	1.0	1.0	-0.0	0.0	1.0
64_OMC-288	1.0	1.0	-0.0	0.0	1.0
650_OMC-288	1.0	1.0	-0.0	0.0	1.0
651_OMC-288	1.0	1.0	-0.0	0.0	1.0
652_OMC-288	1.0	1.0	-0.0	0.0	1.0
653_OMC-288	1.0	1.0	-0.0	0.0	1.0
654_OMC-288	1.0	1.0	-0.0	0.0	1.0
655_OMC-288	1.0	1.0	-0.0	0.0	1.0
656_OMC-288	1.0	1.0	-0.0	0.0	1.0
657_OMC-288	1.0	1.0	-0.0	0.0	1.0
658_OMC-288	1.0	1.0	-0.0	0.0	1.0
659_OMC-288	1.0	1.0	-0.0	0.0	1.0
65_OMC-288	1.0	1.0	-0.0	0.0	1.0
660_OMC-288	1.0	1.0	-0.0	0.0	1.0
661_OMC-288	1.0	1.0	-0.0	0.0	1.0
662_OMC-288	1.0	1.0	-0.0	0.0	1.0
663_OMC-288	1.0	1.0	-0.0	0.0	1.0
664_OMC-288	1.0	1.0	-0.0	0.0	1.0
665_OMC-288	1.0	1.0	-0.0	0.0	1.0
666_OMC-288	1.0	1.0	-0.0	0.0	1.0
667_OMC-288	1.0	1.0	-0.0	0.0	1.0
668_OMC-288	1.0	1.0	-0.0	0.0	1.0
669_OMC-288	1.0	1.0	-0.0	0.0	1.0
66_OMC-288	1.0	1.0	-0.0	0.0	1.0
670_OMC-288	1.0	1.0	-0.0	0.0	1.0
671_OMC-288	1.0	1.0	-0.0	0.0	1.0
672_OMC-288	1.0	1.0	-0.0	0.0	1.0
673_OMC-288	1.0	1.0	-0.0	0.0	1.0
674_OMC-288	1.0	1.0	-0.0	0.0	1.0
675_OMC-288	1.0	1.0	-0.0	0.0	1.0
676_OMC-288	1.0	1.0	-0.0	0.0	1.0
677_OMC-288	1.0	1.0	-0.0	0.0	1.0
678_OMC-288	1.0	1.0	-0.0	0.0	1.0
679_OMC-288	1.0	1.0	-0.0	0.0	1.0
67_OMC-288	1.0	1.0	-0.0	0.0	1.0
680_OMC-288	1.0	1.0	-0.0	0.0	1.0
681_OMC-288	1.0	1.0	-0.0	0.0	1.0
682_OMC-288	1.0	1.0	-0.0	0.0	1.0
683_OMC-288	1.0	1.0	-0.0	0.0	1.0
684_OMC-288	1.0	1.0	-0.0	0.0	1.0
685_OMC-288	1.0	1.0	-0.0	0.0	1.0
686_OMC-288	1.0	1.0	-0.0	0.0	1.0
687_OMC-288	1.0	1.0	-0.0	0.0	1.0
688_OMC-288	1.0	1.0	-0.0	0.0	1.0
689_OMC-288	1.0	1.0	-0.0	0.0	1.0
68_OMC-288	1.0	1.0	-0.0	0.0	1.0
690_OMC-288	1.0	1.0	-0.0	0.0	1.0
691_OMC-288	1.0	1.0	-0.0	0.0	1.0
692_OMC-288	1.0	1.0	-0.0	0.0	1.0
693_OMC-288	1.0	1.0	-0.0	0.0	1.0
694_OMC-288	1.0	1.0	-0.0	0.0	1.0
695_OMC-288	1.0	1.0	-0.0	0.0	1.0
696_OMC-288	1.0	1.0	-0.0	0.0	1.0
697_OMC-288	1.0	1.0	-0.0	0.0	1.0
698_OMC-288	1.0	1.0	-0.0	0.0	1.0
699_OMC-288	1.0	1.0	-0.0	0.0	1.0
69_OMC-288	1.0	1.0	-0.0	0.0	1.0
6_OMC-288	1.0	1.0	-0.0	0.0	1.0
700_OMC-288	1.0	1.0	-0.0	0.0	1.0
701_OMC-288	1.0	1.0	-0.0	0.0	1.0
702_OMC-288	1.0	1.0	-0.0	0.0	1.0
703_OMC-288	1.0	1.0	-0.0	0.0	1.0
704_OMC-288	1.0	1.0	-0.0	0.0	1.0
705_OMC-288	1.0	1.0	-0.0	0.0	1.0
706_OMC-288	1.0	1.0	-0.0	0.0	1.0
707_OMC-288	1.0	1.0	-0.0	0.0	1.0
708_OMC-288	1.0	1.0	-0.0	0.0	1.0
709_OMC-288	1.0	1.0	-0.0	0.0	1.0
70_OMC-288	1.0	1.0	-0.0	0.0	1.0
710_OMC-288	1.0	1.0	-0.0	0.0	1.0
711_OMC-288	1.0	1.0	-0.0	0.0	1.0
712_OMC-288	1.0	1.0	-0.0	0.0	1.0
713_OMC-288	1.0	1.0	-0.0	0.0	1.0
714_OMC-288	1.0	1.0	-0.0	0.0	1.0
715_OMC-288	1.0	1.0	-0.0	0.0	1.0
716_OMC-288	1.0	1.0	-0.0	0.0	1.0
717_OMC-288	1.0	1.0	-0.0	0.0	1.0
718_OMC-288	1.0	1.0	-0.0	0.0	1.0
719_OMC-288	1.0	1.0	-0.0	0.0	1.0
71_OMC-288	1.0	1.0	-0.0	0.0	1.0
720_OMC-288	1.0	1.0	-0.0	0.0	1.0
721_OMC-288	1.0	1.0	-0.0	0.0	1.0
722_OMC-288	1.0	1.0	-0.0	0.0	1.0
723_OMC-288	1.0	1.0	-0.0	0.0	1.0
724_OMC-288	1.0	1.0	-0.0	0.0	1.0
725_OMC-288	1.0	1.0	-0.0	0.0	1.0
726_OMC-288	1.0	1.0	-0.0	0.0	1.0
727_OMC-288	1.0	1.0	-0.0	0.0	1.0
728_OMC-288	1.0	1.0	-0.0	0.0	1.0
729_OMC-288	1.0	1.0	-0.0	0.0	1.0
72_OMC-288	1.0	1.0	-0.0	0.0	1.0
730_OMC-288	1.0	1.0	-0.0	0.0	1.0
731_OMC-288	1.0	1.0	-0.0	0.0	1.0
732_OMC-288	1.0	1.0	-0.0	0.0	1.0
733_OMC-288	1.0	1.0	-0.0	0.0	1.0
734_OMC-288	1.0	1.0	-0.0	0.0	1.0
735_OMC-288	1.0	1.0	-0.0	0.0	1.0
736_OMC-288	1.0	1.0	-0.0	0.0	1.0
737_OMC-288	1.0	1.0	-0.0	0.0	1.0
738_OMC-288	1.0	1.0	-0.0	0.0	1.0
739_OMC-288	1.0	1.0	-0.0	0.0	1.0
73_OMC-288	1.0	1.0	-0.0	0.0	1.0
740_OMC-288	1.0	1.0	-0.0	0.0	1.0
741_OMC-288	1.0	1.0	-0.0	0.0	1.0
742_OMC-288	1.0	1.0	-0.0	0.0	1.0
743_OMC-288	1.0	1.0	-0.0	0.0	1.0
744_OMC-288	1.0	1.0	-0.0	0.0	1.0
745_OMC-288	1.0	1.0	-0.0	0.0	1.0
746_OMC-288	1.0	1.0	-0.0	0.0	1.0
747_OMC-288	1.0	1.0	-0.0	0.0	1.0
748_OMC-288	1.0	1.0	-0.0	0.0	1.0
749_OMC-288	1.0	1.0	-0.0	0.0	1.0
74_OMC-288	1.0	1.0	-0.0	0.0	1.0
750_OMC-288	1.0	1.0	-0.0	0.0	1.0
751_OMC-288	1.0	1.0	-0.0	0.0	1.0
752_OMC-288	1.0	1.0	-0.0	0.0	1.0
753_OMC-288	1.0	1.0	-0.0	0.0	1.0
754_OMC-288	1.0	1.0	-0.0	0.0	1.0
755_OMC-288	1.0	1.0	-0.0	0.0	1.0
756_OMC-288	1.0	1.0	-0.0	0.0	1.0
757_OMC-288	1.0	1.0	-0.0	0.0	1.0
758_OMC-288	1.0	1.0	-0.0	0.0	1.0
759_OMC-288	1.0	1.0	-0.0	0.0	1.0
75_OMC-288	1.0	1.0	-0.0	0.0	1.0
760_OMC-288	1.0	1.0	-0.0	0.0	1.0
761_OMC-288	1.0	1.0	-0.0	0.0	1.0
762_OMC-288	1.0	1.0	-0.0	0.0	1.0
763_OMC-288	1.0	1.0	-0.0	0.0	1.0
764_OMC-288	1.0	1.0	-0.0	0.0	1.0
765_OMC-288	1.0	1.0	-0.0	0.0	1.0
766_OMC-288	1.0	1.0	-0.0	0.0	1.0
767_OMC-288	1.0	1.0	-0.0	0.0	1.0
768_OMC-288	1.0	1.0	-0.0	0.0	1.0
769_OMC-288	1.0	1.0	-0.0	0.0	1.0
76_OMC-288	1.0	1.0	-0.0	0.0	1.0
770_OMC-288	1.0	1.0	-0.0	0.0	1.0
771_OMC-288	1.0	1.0	-0.0	0.0	1.0
772_OMC-288	1.0	1.0	-0.0	0.0	1.0
773_OMC-288	1.0	1.0	-0.0	0.0	1.0
774_OMC-288	1.0	1.0	-0.0	0.0	1.0
775_OMC-288	1.0	1.0	-0.0	0.0	1.0
776_OMC-288	1.0	1.0	-0.0	0.0	1.0
777_OMC-288	1.0	1.0	-0.0	0.0	1.0
778_OMC-288	1.0	1.0	-0.0	0.0	1.0
779_OMC-288	1.0	1.0	-0.0	0.0	1.0
77_OMC-288	1.0	1.0	-0.0	0.0	1.0
780_OMC-288	1.0	1.0	-0.0	0.0	1.0
781_OMC-288	1.0	1.0	-0.0	0.0	1.0
782_OMC-288	1.0	1.0	-0.0	0.0	1.0
783_OMC-288	1.0	1.0	-0.0	0.0	1.0
784_OMC-288	1.0	1.0	-0.0	0.0	1.0
785_OMC-288	1.0	1.0	-0.0	0.0	1.0
786_OMC-288	1.0	1.0	-0.0	0.0	1.0
787_OMC-288	1.0	1.0	-0.0	0.0	1.0
788_OMC-288	1.0	1.0	-0.0	0.0	1.0
789_OMC-288	1.0	1.0	-0.0	0.0	1.0
78_OMC-288	1.0	1.0	-0.0	0.0	1.0
790_OMC-288	1.0	1.0	-0.0	0.0	1.0
791_OMC-288	1.0	1.0	-0.0	0.0	1.0
792_OMC-288	1.0	1.0	-0.0	0.0	1.0
793_OMC-288	1.0	1.0	-0.0	0.0	1.0
794_OMC-288	1.0	1.0	-0.0	0.0	1.0
795_OMC-288	1.0	1.0	-0.0	0.0	1.0
796_OMC-288	1.0	1.0	-0.0	0.0	1.0
797_OMC-288	1.0	1.0	-0.0	0.0	1.0
798_OMC-288	1.0	1.0	-0.0	0.0	1.0
799_OMC-288	1.0	1.0	-0.0	0.0	1.0
79_OMC-288	1.0	1.0	-0.0	0.0	1.0
7_OMC-288	1.0	1.0	-0.0	0.0	1.0
800_OMC-288	1.0	1.0	-0.0	0.0	1.0
801_OMC-288	1.0	1.0	-0.0	0.0	1.0
802_OMC-288	1.0	1.0	-0.0	0.0	1.0
803_OMC-288	1.0	1.0	-0.0	0.0	1.0
804_OMC-288	1.0	1.0	-0.0	0.0	1.0
805_OMC-288	1.0	1.0	-0.0	0.0	1.0
806_OMC-288	1.0	1.0	-0.0	0.0	1.0
807_OMC-288	1.0	1.0	-0.0	0.0	1.0
808_OMC-288	1.0	1.0	-0.0	0.0	1.0
809_OMC-288	1.0	1.0	-0.0	0.0	1.0
80_OMC-288	1.0	1.0	-0.0	0.0	1.0
810_OMC-288	1.0	1.0	-0.0	0.0	1.0
811_OMC-288	1.0	1.0	-0.0	0.0	1.0
812_OMC-288	1.0	1.0	-0.0	0.0	1.0
813_OMC-288	1.0	1.0	-0.0	0.0	1.0
814_OMC-288	1.0	1.0	-0.0	0.0	1.0
815_OMC-288	1.0	1.0	-0.0	0.0	1.0
816_OMC-288	1.0	1.0	-0.0	0.0	1.0
817_OMC-288	1.0	1.0	-0.0	0.0	1.0
818_OMC-288	1.0	1.0	-0.0	0.0	1.0
819_OMC-288	1.0	1.0	-0.0	0.0	1.0
81_OMC-288	1.0	1.0	-0.0	0.0	1.0
820_OMC-288	1.0	1.0	-0.0	0.0	1.0
821_OMC-288	1.0	1.0	-0.0	0.0	1.0
822_OMC-288	1.0	1.0	-0.0	0.0	1.0
823_OMC-288	1.0	1.0	-0.0	0.0	1.0
824_OMC-288	1.0	1.0	-0.0	0.0	1.0
825_OMC-288	1.0	1.0	-0.0	0.0	1.0
826_OMC-288	1.0	1.0	-0.0	0.0	1.0
827_OMC-288	1.0	1.0	-0.0	0.0	1.0
828_OMC-288	1.0	1.0	-0.0	0.0	1.0
829_OMC-288	1.0	1.0	-0.0	0.0	1.0
82_OMC-288	1.0	1.0	-0.0	0.0	1.0
830_OMC-288	1.0	1.0	-0.0	0.0	1.0
831_OMC-288	1.0	1.0	-0.0	0.0	1.0
832_OMC-288	1.0	1.0	-0.0	0.0	1.0
833_OMC-288	1.0	1.0	-0.0	0.0	1.0
834_OMC-288	1.0	1.0	-0.0	0.0	1.0
835_OMC-288	1.0	1.0	-0.0	0.0	1.0
836_OMC-288	1.0	1.0	-0.0	0.0	1.0
837_OMC-288	1.0	1.0	-0.0	0.0	1.0
838_OMC-288	1.0	1.0	-0.0	0.0	1.0
839_OMC-288	1.0	1.0	-0.0	0.0	1.0
83_OMC-288	1.0	1.0	-0.0	0.0	1.0
840_OMC-288	1.0	1.0	-0.0	0.0	1.0
841_OMC-288	1.0	1.0	-0.0	0.0	1.0
842_OMC-288	1.0	1.0	-0.0	0.0	1.0
843_OMC-288	1.0	1.0	-0.0	0.0	1.0
844_OMC-288	1.0	1.0	-0.0	0.0	1.0
845_OMC-288	1.0	1.0	-0.0	0.0	1.0
846_OMC-288	1.0	1.0	-0.0	0.0	1.0
847_OMC-288	1.0	1.0	-0.0	0.0	1.0
848_OMC-288	1.0	1.0	-0.0	0.0	1.0
849_OMC-288	1.0	1.0	-0.0	0.0	1.0
84_OMC-288	1.0	1.0	-0.0	0.0	1.0
850_OMC-288	1.0	1.0	-0.0	0.0	1.0
851_OMC-288	1.0	1.0	-0.0	0.0	1.0
852_OMC-288	1.0	1.0	-0.0	0.0	1.0
853_OMC-288	1.0	1.0	-0.0	0.0	1.0
854_OMC-288	1.0	1.0	-0.0	0.0	1.0
855_OMC-288	1.0	1.0	-0.0	0.0	1.0
856_OMC-288	1.0	1.0	-0.0	0.0	1.0
857_OMC-288	1.0	1.0	-0.0	0.0	1.0
858_OMC-288	1.0	1.0	-0.0	0.0	1.0
859_OMC-288	1.0	1.0	-0.0	0.0	1.0
85_OMC-288	1.0	1.0	-0.0	0.0	1.0
860_OMC-288	1.0	1.0	-0.0	0.0	1.0
861_OMC-288	1.0	1.0	-0.0	0.0	1.0
862_OMC-288	1.0	1.0	-0.0	0.0	1.0
863_OMC-288	1.0	1.0	-0.0	0.0	1.0
864_OMC-288	1.0	1.0	-0.0	0.0	1.0
865_OMC-288	1.0	1.0	-0.0	0.0	1.0
866_OMC-288	1.0	1.0	-0.0	0.0	1.0
867_OMC-288	1.0	1.0	-0.0	0.0	1.0
868_OMC-288	1.0	1.0	-0.0	0.0	1.0
869_OMC-288	1.0	1.0	-0.0	0.0	1.0
86_OMC-288	1.0	1.0	-0.0	0.0	1.0
870_OMC-288	1.0	1.0	-0.0	0.0	1.0
871_OMC-288	1.0	1.0	-0.0	0.0	1.0
872_OMC-288	1.0	1.0	-0.0	0.0	1.0
873_OMC-288	1.0	1.0	-0.0	0.0	1.0
874_OMC-288	1.0	1.0	-0.0	0.0	1.0
875_OMC-288	1.0	1.0	-0.0	0.0	1.0
876_OMC-288	1.0	1.0	-0.0	0.0	1.0
877_OMC-288	1.0	1.0	-0.0	0.0	1.0
878_OMC-288	1.0	1.0	-0.0	0.0	1.0
879_OMC-288	1.0	1.0	-0.0	0.0	1.0
87_OMC-288	1.0	1.0	-0.0	0.0	1.0
880_OMC-288	1.0	1.0	-0.0	0.0	1.0
881_OMC-288	1.0	1.0	-0.0	0.0	1.0
882_OMC-288	1.0	1.0	-0.0	0.0	1.0
883_OMC-288	1.0	1.0	-0.0	0.0	1.0
884_OMC-288	1.0	1.0	-0.0	0.0	1.0
885_OMC-288	1.0	1.0	-0.0	0.0	1.0
886_OMC-288	1.0	1.0	-0.0	0.0	1.0
887_OMC-288	1.0	1.0	-0.0	0.0	1.0
888_OMC-288	1.0	1.0	-0.0	0.0	1.0
889_OMC-288	1.0	1.0	-0.0	0.0	1.0
88_OMC-288	1.0	1.0	-0.0	0.0	1.0
890_OMC-288	1.0	1.0	-0.0	0.0	1.0
891_OMC-288	1.0	1.0	-0.0	0.0	1.0
892_OMC-288	1.0	1.0	-0.0	0.0	1.0
893_OMC-288	1.0	1.0	-0.0	0.0	1.0
894_OMC-288	1.0	1.0	-0.0	0.0	1.0
895_OMC-288	1.0	1.0	-0.0	0.0	1.0
896_OMC-288	1.0	1.0	-0.0	0.0	1.0
897_OMC-288	1.0	1.0	-0.0	0.0	1.0
898_OMC-288	1.0	1.0	-0.0	0.0	1.0
899_OMC-288	1.0	1.0	-0.0	0.0	1.0
89_OMC-288	1.0	1.0	-0.0	0.0	1.0
8_OMC-288	1.0	1.0	-0.0	0.0	1.0
900_OMC-288	1.0	1.0	-0.0	0.0	1.0
901_OMC-288	1.0	1.0	-0.0	0.0	1.0
902_OMC-288	1.0	1.0	-0.0	0.0	1.0
903_OMC-288	1.0	1.0	-0.0	0.0	1.0
904_OMC-288	1.0	1.0	-0.0	0.0	1.0
905_OMC-288	1.0	1.0	-0.0	0.0	1.0
906_OMC-288	1.0	1.0	-0.0	0.0	1.0
907_OMC-288	1.0	1.0	-0.0	0.0	1.0
908_OMC-288	1.0	1.0	-0.0	0.0	1.0
909_OMC-288	1.0	1.0	-0.0	0.0	1.0
90_OMC-288	1.0	1.0	-0.0	0.0	1.0
910_OMC-288	1.0	1.0	-0.0	0.0	1.0
911_OMC-288	1.0	1.0	-0.0	0.0	1.0
912_OMC-288	1.0	1.0	-0.0	0.0	1.0
913_OMC-288	1.0	1.0	-0.0	0.0	1.0
914_OMC-288	1.0	1.0	-0.0	0.0	1.0
915_OMC-288	1.0	1.0	-0.0	0.0	1.0
916_OMC-288	1.0	1.0	-0.0	0.0	1.0
917_OMC-288	1.0	1.0	-0.0	0.0	1.0
918_OMC-288	1.0	1.0	-0.0	0.0	1.0
919_OMC-288	1.0	1.0	-0.0	0.0	1.0
91_OMC-288	1.0	1.0	-0.0	0.0	1.0
920_OMC-288	1.0	1.0	-0.0	0.0	1.0
921_OMC-288	1.0	1.0	-0.0	0.0	1.0
922_OMC-288	1.0	1.0	-0.0	0.0	1.0
923_OMC-288	1.0	1.0	-0.0	0.0	1.0
924_OMC-288	1.0	1.0	-0.0	0.0	1.0
925_OMC-288	1.0	1.0	-0.0	0.0	1.0
926_OMC-288	1.0	1.0	-0.0	0.0	1.0
927_OMC-288	1.0	1.0	-0.0	0.0	1.0
928_OMC-288	1.0	1.0	-0.0	0.0	1.0
929_OMC-288	1.0	1.0	-0.0	0.0	1.0
92_OMC-288	1.0	1.0	-0.0	0.0	1.0
930_OMC-288	1.0	1.0	-0.0	0.0	1.0
931_OMC-288	1.0	1.0	-0.0	0.0	1.0
932_OMC-288	1.0	1.0	-0.0	0.0	1.0
933_OMC-288	1.0	1.0	-0.0	0.0	1.0
934_OMC-288	1.0	1.0	-0.0	0.0	1.0
935_OMC-288	1.0	1.0	-0.0	0.0	1.0
936_OMC-288	1.0	1.0	-0.0	0.0	1.0
937_OMC-288	1.0	1.0	-0.0	0.0	1.0
938_OMC-288	1.0	1.0	-0.0	0.0	1.0
939_OMC-288	1.0	1.0	-0.0	0.0	1.0
93_OMC-288	1.0	1.0	-0.0	0.0	1.0
940_OMC-288	1.0	1.0	-0.0	0.0	1.0
941_OMC-288	1.0	1.0	-0.0	0.0	1.0
942_OMC-288	1.0	1.0	-0.0	0.0	1.0
943_OMC-288	1.0	1.0	-0.0	0.0	1.0
944_OMC-288	1.0	1.0	-0.0	0.0	1.0
945_OMC-288	1.0	1.0	-0.0	0.0	1.0
946_OMC-288	1.0	1.0	-0.0	0.0	1.0
947_OMC-288	1.0	1.0	-0.0	0.0	1.0
948_OMC-288	1.0	1.0	-0.0	0.0	1.0
949_OMC-288	1.0	1.0	-0.0	0.0	1.0
94_OMC-288	1.0	1.0	-0.0	0.0	1.0
950_OMC-288	1.0	1.0	-0.0	0.0	1.0
951_OMC-288	1.0	1.0	-0.0	0.0	1.0
952_OMC-288	1.0	1.0	-0.0	0.0	1.0
953_OMC-288	1.0	1.0	-0.0	0.0	1.0
954_OMC-288	1.0	1.0	-0.0	0.0	1.0
955_OMC-288	1.0	1.0	-0.0	0.0	1.0
956_OMC-288	1.0	1.0	-0.0	0.0	1.0
957_OMC-288	1.0	1.0	-0.0	0.0	1.0
958_OMC-288	1.0	1.0	-0.0	0.0	1.0
959_OMC-288	1.0	1.0	-0.0	0.0	1.0
95_OMC-288	1.0	1.0	-0.0	0.0	1.0
960_OMC-288	1.0	1.0	-0.0	0.0	1.0
961_OMC-288	1.0	1.0	-0.0	0.0	1.0
962_OMC-288	1.0	1.0	-0.0	0.0	1.0
963_OMC-288	1.0	1.0	-0.0	0.0	1.0
964_OMC-288	1.0	1.0	-0.0	0.0	1.0
965_OMC-288	1.0	1.0	-0.0	0.0	1.0
966_OMC-288	1.0	1.0	-0.0	0.0	1.0
967_OMC-288	1.0	1.0	-0.0	0.0	1.0
968_OMC-288	1.0	1.0	-0.0	0.0	1.0
969_OMC-288	1.0	1.0	-0.0	0.0	1.0
96_OMC-288	1.0	1.0	-0.0	0.0	1.0
970_OMC-288	1.0	1.0	-0.0	0.0	1.0
971_OMC-288	1.0	1.0	-0.0	0.0	1.0
972_OMC-288	1.0	1.0	-0.0	0.0	1.0
973_OMC-288	1.0	1.0	-0.0	0.0	1.0
974_OMC-288	1.0	1.0	-0.0	0.0	1.0
975_OMC-288	1.0	1.0	-0.0	0.0	1.0
976_OMC-288	1.0	1.0	-0.0	0.0	1.0
977_OMC-288	1.0	1.0	-0.0	0.0	1.0
978_OMC-288	1.0	1.0	-0.0	0.0	1.0
979_OMC-288	1.0	1.0	-0.0	0.0	1.0
97_OMC-288	1.0	1.0	-0.0	0.0	1.0
980_OMC-288	1.0	1.0	-0.0	0.0	1.0
981_OMC-288	1.0	1.0	-0.0	0.0	1.0
982_OMC-288	1.0	1.0	-0.0	0.0	1.0
983_OMC-288	1.0	1.0	-0.0	0.0	1.0
984_OMC-288	1.0	1.0	-0.0	0.0	1.0
985_OMC-288	1.0	1.0	-0.0	0.0	1.0
986_OMC-288	1.0	1.0	-0.0	0.0	1.0
987_OMC-288	1.0	1.0	-0.0	0.0	1.0
988_OMC-288	1.0	1.0	-0.0	0.0	1.0
989_OMC-288	1.0	1.0	-0.0	0.0	1.0
98_OMC-288	1.0	1.0	-0.0	0.0	1.0
990_OMC-288	1.0	1.0	-0.0	0.0	1.0
991_OMC-288	1.0	1.0	-0.0	0.0	1.0
992_OMC-288	1.0	1.0	-0.0	0.0	1.0
993_OMC-288	1.0	1.0	-0.0	0.0	1.0
994_OMC-288	1.0	1.0	-0.0	0.0	1.0
995_OMC-288	1.0	1.0	-0.0	0.0	1.0
996_OMC-288	1.0	1.0	-0.0	0.0	1.0
997_OMC-288	1.0	1.0	-0.0	0.0	1.0
998_OMC-288	1.0	1.0	-0.0	0.0	1.0
999_OMC-288	1.0	1.0	-0.0	0.0	1.0
99_OMC-288	1.0	1.0	-0.0	0.0	1.0
9_OMC-288	1.0	1.0	-0.0	0.0	1.0
