	chao1	observed_otus	shannon	simpson	goods_coverage
1000_H-120	2.0	2.0	0.5435644431995964	0.21875	0.875
100_H-120	2.0	2.0	0.8453509366224364	0.39669421487603307	1.0
101_H-120	2.0	2.0	0.74959525725948	0.33673469387755106	1.0
102_H-120	2.0	2.0	0.8739810481273579	0.4152249134948096	1.0
103_H-120	2.0	2.0	0.7219280948873623	0.31999999999999984	1.0
104_H-120	2.0	2.0	0.7219280948873623	0.31999999999999984	1.0
105_H-120	4.0	3.0	0.7345299214394703	0.2551020408163267	0.8571428571428572
106_H-120	2.0	2.0	0.6500224216483541	0.2777777777777777	0.8333333333333334
107_H-120	1.0	1.0	-0.0	0.0	1.0
108_H-120	2.0	2.0	0.6500224216483541	0.2777777777777777	1.0
109_H-120	3.0	3.0	1.1660870601063935	0.491349480968858	0.9411764705882353
10_H-120	2.0	2.0	0.7219280948873623	0.31999999999999984	1.0
110_H-120	2.0	2.0	0.9709505944546688	0.48	1.0
111_H-120	2.0	2.0	0.8112781244591328	0.375	1.0
112_H-120	2.0	2.0	0.6500224216483541	0.2777777777777777	1.0
113_H-120	1.0	1.0	-0.0	0.0	1.0
114_H-120	2.0	2.0	0.3712323266408757	0.13265306122448983	0.9285714285714286
115_H-120	2.0	2.0	0.6500224216483541	0.2777777777777777	0.8333333333333334
116_H-120	3.0	3.0	1.1401156785146092	0.46153846153846156	0.9230769230769231
117_H-120	2.0	2.0	1.0	0.5	1.0
118_H-120	2.0	2.0	0.787126586201269	0.3598615916955018	1.0
119_H-120	1.0	1.0	-0.0	0.0	1.0
11_H-120	2.0	2.0	0.8960382325345574	0.4296875	1.0
120_H-120	2.0	2.0	0.7642045065086203	0.345679012345679	1.0
121_H-120	2.0	2.0	0.6193821946787638	0.2603550295857988	1.0
122_H-120	2.0	2.0	0.6500224216483541	0.2777777777777777	1.0
123_H-120	2.0	2.0	0.4138168503036338	0.1527777777777779	0.9166666666666666
124_H-120	2.0	2.0	0.3912435636292556	0.14201183431952646	0.9230769230769231
125_H-120	2.0	2.0	0.8112781244591328	0.375	1.0
126_H-120	4.0	3.0	1.061278124459133	0.40625	0.75
127_H-120	2.0	2.0	0.8812908992306927	0.42000000000000004	1.0
128_H-120	2.0	2.0	0.8631205685666311	0.40816326530612246	1.0
129_H-120	2.0	2.0	0.4138168503036338	0.1527777777777779	0.9166666666666666
12_H-120	1.0	1.0	-0.0	0.0	1.0
130_H-120	3.0	3.0	1.3382689280764646	0.5511111111111111	1.0
131_H-120	2.0	2.0	0.8112781244591328	0.375	1.0
132_H-120	2.0	2.0	0.7793498372920851	0.3550295857988165	1.0
133_H-120	2.0	2.0	0.8112781244591328	0.375	1.0
134_H-120	2.0	2.0	0.6840384356390417	0.2975206611570247	1.0
135_H-120	2.0	2.0	0.74959525725948	0.33673469387755106	1.0
136_H-120	2.0	2.0	0.9456603046006401	0.4628099173553719	1.0
137_H-120	4.0	3.0	1.061278124459133	0.40625	0.75
138_H-120	1.0	1.0	-0.0	0.0	1.0
139_H-120	2.0	2.0	0.9366673818775625	0.45674740484429055	1.0
13_H-120	2.0	2.0	0.7219280948873623	0.31999999999999984	1.0
140_H-120	2.0	2.0	0.9182958340544894	0.4444444444444444	1.0
141_H-120	2.0	2.0	0.7219280948873623	0.31999999999999984	1.0
142_H-120	2.0	2.0	0.9182958340544894	0.4444444444444444	1.0
143_H-120	2.0	2.0	0.8631205685666311	0.40816326530612246	1.0
144_H-120	2.0	2.0	0.6500224216483541	0.2777777777777777	0.8333333333333334
145_H-120	2.0	2.0	0.46899559358928117	0.17999999999999994	0.9
146_H-120	2.0	2.0	0.7642045065086203	0.345679012345679	1.0
147_H-120	2.0	2.0	0.5032583347756457	0.19753086419753085	0.8888888888888888
148_H-120	2.0	2.0	0.8812908992306927	0.42000000000000004	1.0
149_H-120	1.0	1.0	-0.0	0.0	1.0
14_H-120	2.0	2.0	0.6840384356390417	0.2975206611570247	1.0
150_H-120	2.0	2.0	0.46899559358928117	0.17999999999999994	0.9
151_H-120	1.0	1.0	-0.0	0.0	1.0
152_H-120	2.0	2.0	0.9852281360342515	0.48979591836734704	1.0
153_H-120	2.0	2.0	0.6193821946787638	0.2603550295857988	1.0
154_H-120	2.0	2.0	0.8112781244591328	0.375	1.0
155_H-120	2.0	2.0	0.7219280948873623	0.31999999999999984	0.8
156_H-120	2.0	2.0	0.4138168503036338	0.1527777777777779	0.9166666666666666
157_H-120	4.0	3.0	1.061278124459133	0.40625	0.75
158_H-120	2.0	2.0	0.7219280948873623	0.31999999999999984	1.0
159_H-120	2.0	2.0	0.8112781244591328	0.375	1.0
15_H-120	2.0	2.0	1.0	0.5	1.0
160_H-120	3.0	3.0	1.2210477851797181	0.5259515570934256	0.9411764705882353
161_H-120	2.0	2.0	0.5916727785823274	0.24489795918367352	1.0
162_H-120	2.0	2.0	0.5435644431995964	0.21875	0.875
163_H-120	2.0	2.0	0.5916727785823274	0.24489795918367352	0.8571428571428572
164_H-120	1.0	1.0	-0.0	0.0	0.0
165_H-120	1.0	1.0	-0.0	0.0	1.0
166_H-120	2.0	2.0	0.5916727785823274	0.24489795918367352	1.0
167_H-120	4.0	3.0	1.061278124459133	0.40625	0.75
168_H-120	2.0	2.0	0.940285958670631	0.4591836734693877	1.0
169_H-120	2.0	2.0	0.8812908992306927	0.42000000000000004	1.0
16_H-120	2.0	2.0	1.0	0.5	1.0
170_H-120	3.0	3.0	0.8841837197791889	0.33499999999999996	0.95
171_H-120	2.0	2.0	0.6500224216483541	0.2777777777777777	1.0
172_H-120	2.0	2.0	0.8812908992306927	0.42000000000000004	1.0
173_H-120	2.0	2.0	0.9182958340544894	0.4444444444444444	1.0
174_H-120	2.0	2.0	0.7793498372920851	0.3550295857988165	1.0
175_H-120	2.0	2.0	0.9709505944546688	0.48	1.0
176_H-120	3.0	3.0	1.1887218755408673	0.48611111111111116	0.9166666666666666
177_H-120	2.0	2.0	0.5435644431995964	0.21875	0.875
178_H-120	2.0	2.0	0.5435644431995964	0.21875	0.875
179_H-120	2.0	2.0	0.8631205685666311	0.40816326530612246	1.0
17_H-120	1.0	1.0	-0.0	0.0	1.0
180_H-120	2.0	2.0	0.3912435636292556	0.14201183431952646	0.9230769230769231
181_H-120	2.0	2.0	0.8366407419411673	0.3911111111111112	1.0
182_H-120	2.0	2.0	0.6193821946787638	0.2603550295857988	1.0
183_H-120	2.0	2.0	0.9182958340544894	0.4444444444444444	1.0
184_H-120	2.0	2.0	0.672294817075638	0.2906574394463668	1.0
185_H-120	2.0	2.0	0.6840384356390417	0.2975206611570247	1.0
186_H-120	2.0	2.0	0.5032583347756457	0.19753086419753085	0.8888888888888888
187_H-120	2.0	2.0	1.0	0.5	1.0
188_H-120	3.0	3.0	1.459147917027245	0.6111111111111112	0.8333333333333334
189_H-120	2.0	2.0	0.6500224216483541	0.2777777777777777	1.0
18_H-120	2.0	2.0	0.3712323266408757	0.13265306122448983	0.9285714285714286
190_H-120	2.0	2.0	0.8112781244591328	0.375	1.0
191_H-120	2.0	2.0	0.6193821946787638	0.2603550295857988	1.0
192_H-120	4.0	3.0	0.8166890883150209	0.29166666666666663	0.8333333333333334
193_H-120	2.0	2.0	1.0	0.5	1.0
194_H-120	2.0	2.0	0.8112781244591328	0.375	0.75
195_H-120	2.0	2.0	0.74959525725948	0.33673469387755106	1.0
196_H-120	2.0	2.0	0.9910760598382222	0.49382716049382713	1.0
197_H-120	2.0	2.0	0.4138168503036338	0.1527777777777779	0.9166666666666666
198_H-120	2.0	2.0	0.6500224216483541	0.2777777777777777	1.0
199_H-120	2.0	2.0	0.8112781244591328	0.375	1.0
19_H-120	2.0	2.0	0.8112781244591328	0.375	1.0
1_H-120	3.0	3.0	1.1216407621868583	0.4609375	0.9375
200_H-120	1.0	1.0	-0.0	0.0	1.0
201_H-120	2.0	2.0	0.8112781244591328	0.375	0.75
202_H-120	2.0	2.0	0.7219280948873623	0.31999999999999984	1.0
203_H-120	2.0	2.0	0.8631205685666311	0.40816326530612246	1.0
204_H-120	3.0	3.0	1.0408520829727552	0.4027777777777778	0.9166666666666666
205_H-120	2.0	2.0	0.9852281360342515	0.48979591836734704	1.0
206_H-120	2.0	2.0	0.9709505944546688	0.48	1.0
207_H-120	2.0	2.0	0.7219280948873623	0.31999999999999984	1.0
208_H-120	3.0	3.0	1.2954618442383217	0.54	0.9
209_H-120	2.0	2.0	0.5665095065529053	0.23111111111111104	1.0
20_H-120	2.0	2.0	0.7219280948873623	0.31999999999999984	0.8
210_H-120	2.0	2.0	0.7219280948873623	0.31999999999999984	0.8
211_H-120	2.0	2.0	0.6840384356390417	0.2975206611570247	1.0
212_H-120	3.0	3.0	1.3787834934861756	0.5714285714285714	0.8571428571428572
213_H-120	1.0	1.0	-0.0	0.0	1.0
214_H-120	2.0	2.0	0.7219280948873623	0.31999999999999984	0.8
215_H-120	1.0	1.0	-0.0	0.0	1.0
216_H-120	2.0	2.0	0.9182958340544894	0.4444444444444444	1.0
217_H-120	1.0	1.0	-0.0	0.0	1.0
218_H-120	2.0	2.0	0.9182958340544894	0.4444444444444444	1.0
219_H-120	4.0	3.0	0.8166890883150209	0.29166666666666663	0.8333333333333334
21_H-120	2.0	2.0	0.5032583347756457	0.19753086419753085	0.8888888888888888
220_H-120	1.0	1.0	-0.0	0.0	0.0
221_H-120	2.0	2.0	0.5032583347756457	0.19753086419753085	0.8888888888888888
222_H-120	2.0	2.0	0.8112781244591328	0.375	1.0
223_H-120	4.0	3.0	1.1488348542809168	0.44897959183673464	0.7142857142857143
224_H-120	2.0	2.0	0.8112781244591328	0.375	1.0
225_H-120	2.0	2.0	0.9709505944546688	0.48	1.0
226_H-120	2.0	2.0	0.6193821946787638	0.2603550295857988	1.0
227_H-120	2.0	2.0	0.8112781244591328	0.375	1.0
228_H-120	2.0	2.0	0.46899559358928117	0.17999999999999994	0.9
229_H-120	2.0	2.0	0.7219280948873623	0.31999999999999984	1.0
22_H-120	4.0	3.0	0.7345299214394703	0.2551020408163267	0.8571428571428572
230_H-120	2.0	2.0	0.4138168503036338	0.1527777777777779	0.9166666666666666
231_H-120	2.0	2.0	0.8453509366224364	0.39669421487603307	1.0
232_H-120	2.0	2.0	0.7219280948873623	0.31999999999999984	1.0
233_H-120	2.0	2.0	0.9456603046006401	0.4628099173553719	1.0
234_H-120	2.0	2.0	0.6098403047164005	0.2550000000000001	1.0
235_H-120	2.0	2.0	0.46899559358928117	0.17999999999999994	0.9
236_H-120	1.0	1.0	-0.0	0.0	1.0
237_H-120	2.0	2.0	0.46899559358928117	0.17999999999999994	0.9
238_H-120	2.0	2.0	0.6840384356390417	0.2975206611570247	1.0
239_H-120	2.0	2.0	0.9456603046006401	0.4628099173553719	1.0
23_H-120	2.0	2.0	0.8812908992306927	0.42000000000000004	1.0
240_H-120	2.0	2.0	0.46899559358928117	0.17999999999999994	0.9
241_H-120	2.0	2.0	0.9852281360342515	0.48979591836734704	1.0
242_H-120	2.0	2.0	0.8453509366224364	0.39669421487603307	1.0
243_H-120	4.0	3.0	1.061278124459133	0.40625	0.75
244_H-120	2.0	2.0	0.8112781244591328	0.375	1.0
245_H-120	2.0	2.0	0.9852281360342515	0.48979591836734704	1.0
246_H-120	3.0	3.0	1.2954618442383217	0.54	0.9
247_H-120	2.0	2.0	0.5916727785823274	0.24489795918367352	1.0
248_H-120	2.0	2.0	0.6500224216483541	0.2777777777777777	0.8333333333333334
249_H-120	2.0	2.0	0.9709505944546688	0.48	1.0
24_H-120	1.0	1.0	-0.0	0.0	1.0
250_H-120	2.0	2.0	0.3095434291503252	0.1049382716049383	0.9444444444444444
251_H-120	2.0	2.0	0.8112781244591328	0.375	0.75
252_H-120	1.0	1.0	-0.0	0.0	1.0
253_H-120	2.0	2.0	0.9182958340544894	0.4444444444444444	1.0
254_H-120	2.0	2.0	0.8112781244591328	0.375	1.0
255_H-120	2.0	2.0	0.6840384356390417	0.2975206611570247	1.0
256_H-120	2.0	2.0	0.8812908992306927	0.42000000000000004	1.0
257_H-120	2.0	2.0	0.7219280948873623	0.31999999999999984	1.0
258_H-120	3.0	3.0	1.2389012566026307	0.5207100591715976	0.9230769230769231
259_H-120	2.0	2.0	0.5435644431995964	0.21875	0.875
25_H-120	2.0	2.0	0.3912435636292556	0.14201183431952646	0.9230769230769231
260_H-120	3.0	3.0	1.1401156785146092	0.46153846153846156	0.9230769230769231
261_H-120	3.0	3.0	1.3516441151533924	0.5679012345679012	0.8888888888888888
262_H-120	2.0	2.0	0.8453509366224364	0.39669421487603307	1.0
263_H-120	2.0	2.0	0.9798687566511527	0.48611111111111105	1.0
264_H-120	1.0	1.0	-0.0	0.0	1.0
265_H-120	2.0	2.0	0.8453509366224364	0.39669421487603307	1.0
266_H-120	2.0	2.0	0.7642045065086203	0.345679012345679	1.0
267_H-120	1.0	1.0	-0.0	0.0	1.0
268_H-120	2.0	2.0	0.787126586201269	0.3598615916955018	1.0
269_H-120	4.0	3.0	1.061278124459133	0.40625	0.75
26_H-120	1.0	1.0	-0.0	0.0	1.0
270_H-120	2.0	2.0	0.9852281360342515	0.48979591836734704	1.0
271_H-120	4.0	3.0	0.9219280948873624	0.33999999999999986	0.8
272_H-120	2.0	2.0	0.9182958340544894	0.4444444444444444	1.0
273_H-120	3.0	3.0	1.3382689280764646	0.5511111111111111	1.0
274_H-120	2.0	2.0	0.8631205685666311	0.40816326530612246	1.0
275_H-120	3.0	3.0	1.3221793455166666	0.5619834710743802	0.9090909090909091
276_H-120	1.0	1.0	-0.0	0.0	1.0
277_H-120	3.0	3.0	1.1567796494470395	0.4600000000000001	0.9
278_H-120	1.0	1.0	-0.0	0.0	1.0
279_H-120	3.0	3.0	0.946372935985442	0.3571428571428572	0.9285714285714286
27_H-120	2.0	2.0	0.9456603046006401	0.4628099173553719	1.0
280_H-120	2.0	2.0	0.3095434291503252	0.1049382716049383	0.9444444444444444
281_H-120	2.0	2.0	0.7219280948873623	0.31999999999999984	1.0
282_H-120	2.0	2.0	0.3372900666170139	0.1171875	0.9375
283_H-120	2.0	2.0	0.9910760598382222	0.49382716049382713	1.0
284_H-120	2.0	2.0	0.5032583347756457	0.19753086419753085	0.8888888888888888
285_H-120	2.0	2.0	0.9182958340544894	0.4444444444444444	1.0
286_H-120	3.0	3.0	1.3516441151533924	0.5679012345679012	0.8888888888888888
287_H-120	2.0	2.0	0.9456603046006401	0.4628099173553719	1.0
288_H-120	2.0	2.0	0.8631205685666311	0.40816326530612246	1.0
289_H-120	2.0	2.0	0.5435644431995964	0.21875	0.875
28_H-120	2.0	2.0	0.9182958340544894	0.4444444444444444	1.0
290_H-120	2.0	2.0	0.9182958340544894	0.4444444444444444	1.0
291_H-120	1.0	1.0	-0.0	0.0	1.0
292_H-120	1.0	1.0	-0.0	0.0	1.0
293_H-120	2.0	2.0	0.9709505944546688	0.48	1.0
294_H-120	4.0	3.0	1.061278124459133	0.40625	0.75
295_H-120	2.0	2.0	0.8631205685666311	0.40816326530612246	1.0
296_H-120	2.0	2.0	0.9709505944546688	0.48	1.0
297_H-120	2.0	2.0	0.5916727785823274	0.24489795918367352	0.8571428571428572
298_H-120	3.0	3.0	1.3516441151533924	0.5679012345679012	0.8888888888888888
299_H-120	3.0	3.0	1.4854752972273346	0.62	1.0
29_H-120	2.0	2.0	0.8112781244591328	0.375	1.0
2_H-120	2.0	2.0	0.46899559358928117	0.17999999999999994	0.9
300_H-120	2.0	2.0	0.4138168503036338	0.1527777777777779	0.9166666666666666
301_H-120	2.0	2.0	0.954434002924965	0.46875	1.0
302_H-120	2.0	2.0	0.9182958340544894	0.4444444444444444	1.0
303_H-120	2.0	2.0	0.954434002924965	0.46875	1.0
304_H-120	2.0	2.0	0.8631205685666311	0.40816326530612246	1.0
305_H-120	4.0	3.0	0.8658566174572236	0.31404958677685946	0.8181818181818181
306_H-120	2.0	2.0	0.46899559358928117	0.17999999999999994	0.9
307_H-120	2.0	2.0	0.9798687566511527	0.48611111111111105	1.0
308_H-120	2.0	2.0	0.4138168503036338	0.1527777777777779	0.9166666666666666
309_H-120	2.0	2.0	0.9709505944546688	0.48	1.0
30_H-120	2.0	2.0	0.5916727785823274	0.24489795918367352	0.8571428571428572
310_H-120	3.0	3.0	0.9123163027543336	0.35538752362948955	0.9565217391304348
311_H-120	2.0	2.0	0.8112781244591328	0.375	1.0
312_H-120	2.0	2.0	0.8314743880097293	0.38781163434903054	1.0
313_H-120	4.0	3.0	1.061278124459133	0.40625	0.75
314_H-120	1.0	1.0	-0.0	0.0	1.0
315_H-120	2.0	2.0	0.46899559358928117	0.17999999999999994	0.9
316_H-120	2.0	2.0	0.8112781244591328	0.375	0.75
317_H-120	2.0	2.0	0.9852281360342515	0.48979591836734704	1.0
318_H-120	2.0	2.0	0.7219280948873623	0.31999999999999984	1.0
319_H-120	3.0	3.0	1.360964047443681	0.58	0.9
31_H-120	2.0	2.0	0.7642045065086203	0.345679012345679	1.0
320_H-120	1.0	1.0	-0.0	0.0	1.0
321_H-120	2.0	2.0	0.5665095065529053	0.23111111111111104	1.0
322_H-120	2.0	2.0	0.8112781244591328	0.375	1.0
323_H-120	2.0	2.0	0.5032583347756457	0.19753086419753085	0.8888888888888888
324_H-120	2.0	2.0	0.5032583347756457	0.19753086419753085	0.8888888888888888
325_H-120	1.0	1.0	-0.0	0.0	1.0
326_H-120	2.0	2.0	0.7219280948873623	0.31999999999999984	0.8
327_H-120	2.0	2.0	0.8112781244591328	0.375	1.0
328_H-120	2.0	2.0	0.8453509366224364	0.39669421487603307	1.0
329_H-120	2.0	2.0	0.9910760598382222	0.49382716049382713	1.0
32_H-120	1.0	1.0	-0.0	0.0	1.0
330_H-120	2.0	2.0	0.9798687566511527	0.48611111111111105	1.0
331_H-120	3.0	3.0	0.946372935985442	0.3571428571428572	0.9285714285714286
332_H-120	2.0	2.0	0.8904916402194913	0.42603550295857995	1.0
333_H-120	2.0	2.0	0.5032583347756457	0.19753086419753085	0.8888888888888888
334_H-120	2.0	2.0	0.5435644431995964	0.21875	0.875
335_H-120	2.0	2.0	0.8112781244591328	0.375	1.0
336_H-120	2.0	2.0	0.7219280948873623	0.31999999999999984	0.8
337_H-120	1.0	1.0	-0.0	0.0	1.0
338_H-120	2.0	2.0	0.5916727785823274	0.24489795918367352	1.0
339_H-120	1.0	1.0	-0.0	0.0	1.0
33_H-120	2.0	2.0	0.3712323266408757	0.13265306122448983	0.9285714285714286
340_H-120	1.0	1.0	-0.0	0.0	1.0
341_H-120	2.0	2.0	0.5225593745369408	0.20761245674740492	1.0
342_H-120	3.0	3.0	1.1981174211304033	0.5	0.9285714285714286
343_H-120	2.0	2.0	0.74959525725948	0.33673469387755106	1.0
344_H-120	2.0	2.0	0.43949698692151334	0.16528925619834722	0.9090909090909091
345_H-120	2.0	2.0	0.5032583347756457	0.19753086419753085	0.8888888888888888
346_H-120	4.0	3.0	0.8166890883150209	0.29166666666666663	0.8333333333333334
347_H-120	2.0	2.0	0.5916727785823274	0.24489795918367352	1.0
348_H-120	2.0	2.0	0.6500224216483541	0.2777777777777777	0.8333333333333334
349_H-120	2.0	2.0	0.7219280948873623	0.31999999999999984	1.0
34_H-120	2.0	2.0	0.8453509366224364	0.39669421487603307	1.0
350_H-120	2.0	2.0	0.5032583347756457	0.19753086419753085	0.8888888888888888
351_H-120	3.0	3.0	1.2389012566026307	0.5207100591715976	0.9230769230769231
352_H-120	2.0	2.0	0.9182958340544894	0.4444444444444444	1.0
353_H-120	2.0	2.0	0.46899559358928117	0.17999999999999994	0.9
354_H-120	1.0	1.0	-0.0	0.0	1.0
355_H-120	2.0	2.0	0.8631205685666311	0.40816326530612246	1.0
356_H-120	2.0	2.0	0.6500224216483541	0.2777777777777777	1.0
357_H-120	2.0	2.0	0.9182958340544894	0.4444444444444444	1.0
358_H-120	2.0	2.0	0.954434002924965	0.46875	1.0
359_H-120	2.0	2.0	0.6500224216483541	0.2777777777777777	0.8333333333333334
35_H-120	2.0	2.0	0.6500224216483541	0.2777777777777777	0.8333333333333334
360_H-120	3.0	3.0	1.4355205042826666	0.5925925925925926	1.0
361_H-120	2.0	2.0	0.6500224216483541	0.2777777777777777	0.8333333333333334
362_H-120	2.0	2.0	0.9798687566511527	0.48611111111111105	1.0
363_H-120	2.0	2.0	0.8631205685666311	0.40816326530612246	1.0
364_H-120	1.0	1.0	-0.0	0.0	1.0
365_H-120	2.0	2.0	0.9182958340544894	0.4444444444444444	1.0
366_H-120	2.0	2.0	0.5916727785823274	0.24489795918367352	1.0
367_H-120	2.0	2.0	1.0	0.5	1.0
368_H-120	2.0	2.0	0.7793498372920851	0.3550295857988165	1.0
369_H-120	2.0	2.0	0.6500224216483541	0.2777777777777777	1.0
36_H-120	2.0	2.0	0.6840384356390417	0.2975206611570247	1.0
370_H-120	1.0	1.0	-0.0	0.0	1.0
371_H-120	1.0	1.0	-0.0	0.0	1.0
372_H-120	3.0	3.0	1.2088301752949477	0.5368620037807184	0.9565217391304348
373_H-120	2.0	2.0	0.8366407419411673	0.3911111111111112	1.0
374_H-120	2.0	2.0	0.9456603046006401	0.4628099173553719	1.0
375_H-120	2.0	2.0	0.3095434291503252	0.1049382716049383	0.9444444444444444
376_H-120	2.0	2.0	0.5435644431995964	0.21875	0.875
377_H-120	2.0	2.0	0.5032583347756457	0.19753086419753085	0.8888888888888888
378_H-120	2.0	2.0	0.954434002924965	0.46875	1.0
379_H-120	3.0	3.0	1.4488156357251847	0.6122448979591837	0.8571428571428572
37_H-120	2.0	2.0	0.4138168503036338	0.1527777777777779	0.9166666666666666
380_H-120	2.0	2.0	0.8904916402194913	0.42603550295857995	1.0
381_H-120	1.0	1.0	-0.0	0.0	1.0
382_H-120	1.0	1.0	-0.0	0.0	1.0
383_H-120	1.0	1.0	-0.0	0.0	1.0
384_H-120	4.0	3.0	1.1488348542809168	0.44897959183673464	0.7142857142857143
385_H-120	1.0	1.0	-0.0	0.0	1.0
386_H-120	2.0	2.0	0.8453509366224364	0.39669421487603307	1.0
387_H-120	3.0	3.0	1.1216407621868583	0.4609375	0.9375
388_H-120	2.0	2.0	0.9182958340544894	0.4444444444444444	1.0
389_H-120	2.0	2.0	0.8960382325345574	0.4296875	1.0
38_H-120	2.0	2.0	0.8112781244591328	0.375	1.0
390_H-120	2.0	2.0	0.672294817075638	0.2906574394463668	1.0
391_H-120	2.0	2.0	0.6500224216483541	0.2777777777777777	1.0
392_H-120	2.0	2.0	0.43949698692151334	0.16528925619834722	0.9090909090909091
393_H-120	3.0	3.0	1.0949143184120973	0.4387755102040817	0.9285714285714286
394_H-120	2.0	2.0	0.6500224216483541	0.2777777777777777	0.8333333333333334
395_H-120	2.0	2.0	0.8904916402194913	0.42603550295857995	1.0
396_H-120	1.0	1.0	-0.0	0.0	1.0
397_H-120	2.0	2.0	0.3912435636292556	0.14201183431952646	0.9230769230769231
398_H-120	1.0	1.0	-0.0	0.0	1.0
399_H-120	2.0	2.0	0.5435644431995964	0.21875	0.875
39_H-120	3.0	3.0	0.9912642605354288	0.37869822485207094	0.9230769230769231
3_H-120	2.0	2.0	0.9182958340544894	0.4444444444444444	1.0
400_H-120	2.0	2.0	0.7793498372920851	0.3550295857988165	1.0
401_H-120	2.0	2.0	0.9957274520849256	0.4970414201183432	1.0
402_H-120	2.0	2.0	0.9910760598382222	0.49382716049382713	1.0
403_H-120	1.0	1.0	-0.0	0.0	1.0
404_H-120	2.0	2.0	1.0	0.5	1.0
405_H-120	1.0	1.0	-0.0	0.0	1.0
406_H-120	2.0	2.0	0.6840384356390417	0.2975206611570247	1.0
407_H-120	2.0	2.0	0.3912435636292556	0.14201183431952646	0.9230769230769231
408_H-120	4.0	3.0	1.061278124459133	0.40625	0.75
409_H-120	2.0	2.0	0.8112781244591328	0.375	1.0
40_H-120	2.0	2.0	0.5665095065529053	0.23111111111111104	1.0
410_H-120	2.0	2.0	0.5916727785823274	0.24489795918367352	0.8571428571428572
411_H-120	2.0	2.0	0.8960382325345574	0.4296875	1.0
412_H-120	2.0	2.0	0.6500224216483541	0.2777777777777777	0.8333333333333334
413_H-120	1.0	1.0	-0.0	0.0	1.0
414_H-120	2.0	2.0	0.9709505944546688	0.48	1.0
415_H-120	3.0	3.0	0.9912642605354288	0.37869822485207094	0.9230769230769231
416_H-120	1.0	1.0	-0.0	0.0	1.0
417_H-120	2.0	2.0	0.7793498372920851	0.3550295857988165	1.0
418_H-120	2.0	2.0	0.6840384356390417	0.2975206611570247	1.0
419_H-120	2.0	2.0	0.8112781244591328	0.375	1.0
41_H-120	2.0	2.0	0.5435644431995964	0.21875	0.875
420_H-120	2.0	2.0	0.6840384356390417	0.2975206611570247	1.0
421_H-120	2.0	2.0	0.9456603046006401	0.4628099173553719	1.0
422_H-120	2.0	2.0	0.7793498372920851	0.3550295857988165	1.0
423_H-120	2.0	2.0	0.672294817075638	0.2906574394463668	1.0
424_H-120	2.0	2.0	0.787126586201269	0.3598615916955018	1.0
425_H-120	1.0	1.0	-0.0	0.0	1.0
426_H-120	4.0	3.0	0.9864267287308426	0.37037037037037024	0.7777777777777778
427_H-120	1.0	1.0	-0.0	0.0	1.0
428_H-120	4.0	3.0	0.8166890883150209	0.29166666666666663	0.8333333333333334
429_H-120	1.0	1.0	-0.0	0.0	1.0
42_H-120	2.0	2.0	0.3533593350214213	0.12444444444444436	0.9333333333333333
430_H-120	2.0	2.0	0.6840384356390417	0.2975206611570247	1.0
431_H-120	2.0	2.0	0.7219280948873623	0.31999999999999984	1.0
432_H-120	2.0	2.0	0.8453509366224364	0.39669421487603307	1.0
433_H-120	2.0	2.0	0.8112781244591328	0.375	1.0
434_H-120	1.0	1.0	-0.0	0.0	1.0
435_H-120	2.0	2.0	0.8904916402194913	0.42603550295857995	1.0
436_H-120	2.0	2.0	0.7642045065086203	0.345679012345679	1.0
437_H-120	1.0	1.0	-0.0	0.0	1.0
438_H-120	2.0	2.0	0.8112781244591328	0.375	1.0
439_H-120	2.0	2.0	0.5665095065529053	0.23111111111111104	1.0
43_H-120	2.0	2.0	0.8631205685666311	0.40816326530612246	1.0
440_H-120	1.0	1.0	-0.0	0.0	1.0
441_H-120	2.0	2.0	0.5916727785823274	0.24489795918367352	0.8571428571428572
442_H-120	2.0	2.0	0.8631205685666311	0.40816326530612246	1.0
443_H-120	2.0	2.0	0.9967916319816367	0.49777777777777776	1.0
444_H-120	2.0	2.0	0.46899559358928117	0.17999999999999994	0.9
445_H-120	3.0	3.0	1.1887218755408673	0.48611111111111116	0.9166666666666666
446_H-120	2.0	2.0	0.8631205685666311	0.40816326530612246	1.0
447_H-120	2.0	2.0	0.4138168503036338	0.1527777777777779	0.9166666666666666
448_H-120	2.0	2.0	1.0	0.5	1.0
449_H-120	3.0	3.0	0.9912642605354288	0.37869822485207094	0.9230769230769231
44_H-120	1.0	1.0	-0.0	0.0	1.0
450_H-120	1.0	1.0	-0.0	0.0	1.0
451_H-120	1.0	1.0	-0.0	0.0	1.0
452_H-120	3.0	3.0	0.9912642605354288	0.37869822485207094	0.9230769230769231
453_H-120	2.0	2.0	0.5435644431995964	0.21875	1.0
454_H-120	2.0	2.0	0.7219280948873623	0.31999999999999984	1.0
455_H-120	2.0	2.0	0.9182958340544894	0.4444444444444444	1.0
456_H-120	2.0	2.0	0.7219280948873623	0.31999999999999984	1.0
457_H-120	2.0	2.0	0.7642045065086203	0.345679012345679	1.0
458_H-120	2.0	2.0	0.9182958340544894	0.4444444444444444	1.0
459_H-120	3.0	3.0	0.9912642605354288	0.37869822485207094	0.9230769230769231
45_H-120	2.0	2.0	0.5032583347756457	0.19753086419753085	0.8888888888888888
460_H-120	1.0	1.0	-0.0	0.0	1.0
461_H-120	2.0	2.0	0.9182958340544894	0.4444444444444444	1.0
462_H-120	2.0	2.0	0.8453509366224364	0.39669421487603307	1.0
463_H-120	3.0	3.0	0.8343470230852539	0.3044982698961938	0.9411764705882353
464_H-120	1.0	1.0	-0.0	0.0	1.0
465_H-120	2.0	2.0	0.961236604722876	0.47337278106508873	1.0
466_H-120	3.0	3.0	1.1887218755408673	0.48611111111111116	0.9166666666666666
467_H-120	2.0	2.0	0.787126586201269	0.3598615916955018	1.0
468_H-120	2.0	2.0	0.5916727785823274	0.24489795918367352	0.8571428571428572
469_H-120	2.0	2.0	0.5032583347756457	0.19753086419753085	0.8888888888888888
46_H-120	2.0	2.0	0.9709505944546688	0.48	1.0
470_H-120	1.0	1.0	-0.0	0.0	1.0
471_H-120	2.0	2.0	0.6840384356390417	0.2975206611570247	1.0
472_H-120	2.0	2.0	0.8112781244591328	0.375	1.0
473_H-120	2.0	2.0	0.8960382325345574	0.4296875	1.0
474_H-120	3.0	3.0	1.3787834934861756	0.5714285714285714	0.8571428571428572
475_H-120	2.0	2.0	0.8631205685666311	0.40816326530612246	1.0
476_H-120	2.0	2.0	0.7642045065086203	0.345679012345679	1.0
477_H-120	1.0	1.0	-0.0	0.0	1.0
478_H-120	2.0	2.0	0.8812908992306927	0.42000000000000004	1.0
479_H-120	2.0	2.0	0.8112781244591328	0.375	1.0
47_H-120	1.0	1.0	-0.0	0.0	1.0
480_H-120	2.0	2.0	0.6193821946787638	0.2603550295857988	1.0
481_H-120	2.0	2.0	0.8112781244591328	0.375	1.0
482_H-120	2.0	2.0	0.8904916402194913	0.42603550295857995	1.0
483_H-120	2.0	2.0	0.8112781244591328	0.375	1.0
484_H-120	2.0	2.0	0.46899559358928117	0.17999999999999994	0.9
485_H-120	2.0	2.0	0.6500224216483541	0.2777777777777777	0.8333333333333334
486_H-120	2.0	2.0	0.46899559358928117	0.17999999999999994	0.9
487_H-120	1.0	1.0	-0.0	0.0	1.0
488_H-120	4.0	3.0	0.9864267287308426	0.37037037037037024	0.7777777777777778
489_H-120	2.0	2.0	0.5225593745369408	0.20761245674740492	1.0
48_H-120	2.0	2.0	0.7219280948873623	0.31999999999999984	0.8
490_H-120	2.0	2.0	0.8112781244591328	0.375	1.0
491_H-120	1.0	1.0	-0.0	0.0	1.0
492_H-120	2.0	2.0	0.3912435636292556	0.14201183431952646	0.9230769230769231
493_H-120	2.0	2.0	0.6500224216483541	0.2777777777777777	0.8333333333333334
494_H-120	2.0	2.0	0.8112781244591328	0.375	1.0
495_H-120	2.0	2.0	1.0	0.5	1.0
496_H-120	2.0	2.0	0.672294817075638	0.2906574394463668	1.0
497_H-120	2.0	2.0	0.5435644431995964	0.21875	0.875
498_H-120	2.0	2.0	0.46899559358928117	0.17999999999999994	0.9
499_H-120	1.0	1.0	-0.0	0.0	1.0
49_H-120	2.0	2.0	0.9709505944546688	0.48	1.0
4_H-120	2.0	2.0	0.9456603046006401	0.4628099173553719	1.0
500_H-120	1.0	1.0	-0.0	0.0	1.0
501_H-120	2.0	2.0	0.954434002924965	0.46875	1.0
502_H-120	2.0	2.0	0.5032583347756457	0.19753086419753085	1.0
503_H-120	2.0	2.0	0.9182958340544894	0.4444444444444444	1.0
504_H-120	2.0	2.0	0.8812908992306927	0.42000000000000004	1.0
505_H-120	2.0	2.0	0.5916727785823274	0.24489795918367352	1.0
506_H-120	1.0	1.0	-0.0	0.0	1.0
507_H-120	2.0	2.0	0.9182958340544894	0.4444444444444444	1.0
508_H-120	2.0	2.0	0.8112781244591328	0.375	1.0
509_H-120	1.0	1.0	-0.0	0.0	1.0
50_H-120	2.0	2.0	0.3372900666170139	0.1171875	0.9375
510_H-120	2.0	2.0	0.954434002924965	0.46875	1.0
511_H-120	3.0	3.0	1.3787834934861756	0.5714285714285714	0.8571428571428572
512_H-120	2.0	2.0	0.8904916402194913	0.42603550295857995	1.0
513_H-120	2.0	2.0	0.954434002924965	0.46875	1.0
514_H-120	2.0	2.0	0.5032583347756457	0.19753086419753085	0.8888888888888888
515_H-120	1.0	1.0	-0.0	0.0	1.0
516_H-120	2.0	2.0	0.9940302114769566	0.49586776859504145	1.0
517_H-120	1.0	1.0	-0.0	0.0	1.0
518_H-120	1.0	1.0	-0.0	0.0	1.0
519_H-120	3.0	3.0	1.0529815751302696	0.4177777777777778	0.9333333333333333
51_H-120	2.0	2.0	0.5916727785823274	0.24489795918367352	0.8571428571428572
520_H-120	1.0	1.0	-0.0	0.0	1.0
521_H-120	2.0	2.0	0.7219280948873623	0.31999999999999984	1.0
522_H-120	3.0	3.0	1.3787834934861756	0.5714285714285714	0.8571428571428572
523_H-120	2.0	2.0	0.8112781244591328	0.375	1.0
524_H-120	3.0	3.0	1.2866926683547548	0.56	0.9333333333333333
525_H-120	2.0	2.0	0.8631205685666311	0.40816326530612246	1.0
526_H-120	2.0	2.0	0.6500224216483541	0.2777777777777777	1.0
527_H-120	2.0	2.0	0.7219280948873623	0.31999999999999984	0.8
528_H-120	2.0	2.0	1.0	0.5	1.0
529_H-120	1.0	1.0	-0.0	0.0	1.0
52_H-120	2.0	2.0	0.8112781244591328	0.375	0.75
530_H-120	2.0	2.0	0.4138168503036338	0.1527777777777779	0.9166666666666666
531_H-120	2.0	2.0	0.954434002924965	0.46875	1.0
532_H-120	2.0	2.0	0.6840384356390417	0.2975206611570247	1.0
533_H-120	1.0	1.0	-0.0	0.0	1.0
534_H-120	2.0	2.0	0.5032583347756457	0.19753086419753085	0.8888888888888888
535_H-120	3.0	3.0	1.0408520829727552	0.4027777777777778	0.9166666666666666
536_H-120	2.0	2.0	0.8812908992306927	0.42000000000000004	1.0
537_H-120	2.0	2.0	0.46899559358928117	0.17999999999999994	0.9
538_H-120	2.0	2.0	0.954434002924965	0.46875	1.0
539_H-120	2.0	2.0	0.8366407419411673	0.3911111111111112	1.0
53_H-120	2.0	2.0	0.7642045065086203	0.345679012345679	1.0
540_H-120	3.0	3.0	1.2954618442383217	0.54	0.9
541_H-120	4.0	3.0	0.6685644431995965	0.2265625	0.875
542_H-120	2.0	2.0	0.5916727785823274	0.24489795918367352	1.0
543_H-120	2.0	2.0	0.8112781244591328	0.375	1.0
544_H-120	1.0	1.0	-0.0	0.0	1.0
545_H-120	2.0	2.0	0.9182958340544894	0.4444444444444444	0.6666666666666667
546_H-120	2.0	2.0	0.6292492238560347	0.2659279778393353	1.0
547_H-120	1.0	1.0	-0.0	0.0	1.0
548_H-120	1.0	1.0	-0.0	0.0	1.0
549_H-120	1.0	1.0	-0.0	0.0	1.0
54_H-120	2.0	2.0	0.9709505944546688	0.48	1.0
550_H-120	3.0	3.0	1.2406705316766884	0.5123966942148761	0.9090909090909091
551_H-120	2.0	2.0	0.5916727785823274	0.24489795918367352	0.8571428571428572
552_H-120	2.0	2.0	0.9709505944546688	0.48	1.0
553_H-120	2.0	2.0	1.0	0.5	1.0
554_H-120	1.0	1.0	-0.0	0.0	1.0
555_H-120	2.0	2.0	0.5435644431995964	0.21875	0.875
556_H-120	2.0	2.0	0.9852281360342515	0.48979591836734704	1.0
557_H-120	4.0	3.0	0.9219280948873624	0.33999999999999986	0.8
558_H-120	2.0	2.0	0.8812908992306927	0.42000000000000004	1.0
559_H-120	2.0	2.0	0.74959525725948	0.33673469387755106	1.0
55_H-120	1.0	1.0	-0.0	0.0	1.0
560_H-120	2.0	2.0	0.8631205685666311	0.40816326530612246	1.0
561_H-120	2.0	2.0	0.7642045065086203	0.345679012345679	1.0
562_H-120	1.0	1.0	-0.0	0.0	1.0
563_H-120	1.0	1.0	-0.0	0.0	1.0
564_H-120	2.0	2.0	0.8631205685666311	0.40816326530612246	1.0
565_H-120	1.0	1.0	-0.0	0.0	1.0
566_H-120	2.0	2.0	0.74959525725948	0.33673469387755106	1.0
567_H-120	1.0	1.0	-0.0	0.0	1.0
568_H-120	3.0	3.0	1.3516441151533924	0.5679012345679012	0.8888888888888888
569_H-120	2.0	2.0	0.8453509366224364	0.39669421487603307	1.0
56_H-120	2.0	2.0	0.5032583347756457	0.19753086419753085	0.8888888888888888
570_H-120	2.0	2.0	0.5916727785823274	0.24489795918367352	0.8571428571428572
571_H-120	2.0	2.0	0.6500224216483541	0.2777777777777777	1.0
572_H-120	1.0	1.0	-0.0	0.0	1.0
573_H-120	1.0	1.0	-0.0	0.0	1.0
574_H-120	2.0	2.0	0.8631205685666311	0.40816326530612246	1.0
575_H-120	2.0	2.0	0.43949698692151334	0.16528925619834722	0.9090909090909091
576_H-120	2.0	2.0	0.3712323266408757	0.13265306122448983	0.9285714285714286
577_H-120	2.0	2.0	0.8960382325345574	0.4296875	1.0
578_H-120	2.0	2.0	0.7642045065086203	0.345679012345679	1.0
579_H-120	2.0	2.0	0.7642045065086203	0.345679012345679	1.0
57_H-120	1.0	1.0	-0.0	0.0	1.0
580_H-120	1.0	1.0	-0.0	0.0	1.0
581_H-120	2.0	2.0	0.3533593350214213	0.12444444444444436	0.9333333333333333
582_H-120	1.0	1.0	-0.0	0.0	1.0
583_H-120	2.0	2.0	0.4138168503036338	0.1527777777777779	0.9166666666666666
584_H-120	3.0	3.0	1.2406705316766884	0.5123966942148761	0.9090909090909091
585_H-120	2.0	2.0	1.0	0.5	1.0
586_H-120	2.0	2.0	0.9940302114769566	0.49586776859504145	1.0
587_H-120	1.0	1.0	-0.0	0.0	1.0
588_H-120	4.0	3.0	1.1488348542809168	0.44897959183673464	0.7142857142857143
589_H-120	2.0	2.0	0.8112781244591328	0.375	0.75
58_H-120	2.0	2.0	0.9182958340544894	0.4444444444444444	0.6666666666666667
590_H-120	2.0	2.0	0.954434002924965	0.46875	1.0
591_H-120	2.0	2.0	0.7219280948873623	0.31999999999999984	0.8
592_H-120	2.0	2.0	0.9182958340544894	0.4444444444444444	1.0
593_H-120	2.0	2.0	0.5916727785823274	0.24489795918367352	1.0
594_H-120	4.0	3.0	0.8166890883150209	0.29166666666666663	0.8333333333333334
595_H-120	1.0	1.0	-0.0	0.0	1.0
596_H-120	2.0	2.0	0.9182958340544894	0.4444444444444444	1.0
597_H-120	2.0	2.0	0.5916727785823274	0.24489795918367352	0.8571428571428572
598_H-120	1.0	1.0	-0.0	0.0	1.0
599_H-120	3.0	3.0	1.4591479170272446	0.6111111111111112	0.8333333333333334
59_H-120	1.0	1.0	-0.0	0.0	1.0
5_H-120	2.0	2.0	0.8112781244591328	0.375	1.0
600_H-120	2.0	2.0	0.8112781244591328	0.375	1.0
601_H-120	2.0	2.0	0.9798687566511527	0.48611111111111105	1.0
602_H-120	1.0	1.0	-0.0	0.0	1.0
603_H-120	2.0	2.0	0.940285958670631	0.4591836734693877	1.0
604_H-120	2.0	2.0	0.7793498372920851	0.3550295857988165	1.0
605_H-120	2.0	2.0	0.8453509366224364	0.39669421487603307	1.0
606_H-120	2.0	2.0	0.4138168503036338	0.1527777777777779	0.9166666666666666
607_H-120	2.0	2.0	0.6840384356390417	0.2975206611570247	1.0
608_H-120	2.0	2.0	0.8112781244591328	0.375	1.0
609_H-120	2.0	2.0	0.9957274520849256	0.4970414201183432	1.0
60_H-120	1.0	1.0	-0.0	0.0	1.0
610_H-120	2.0	2.0	0.9182958340544894	0.4444444444444444	1.0
611_H-120	1.0	1.0	-0.0	0.0	1.0
612_H-120	2.0	2.0	0.8739810481273579	0.4152249134948096	1.0
613_H-120	3.0	3.0	1.1887218755408673	0.48611111111111116	0.9166666666666666
614_H-120	2.0	2.0	0.9709505944546688	0.48	1.0
615_H-120	2.0	2.0	0.8453509366224364	0.39669421487603307	1.0
616_H-120	2.0	2.0	0.6840384356390417	0.2975206611570247	1.0
617_H-120	2.0	2.0	0.8453509366224364	0.39669421487603307	1.0
618_H-120	2.0	2.0	0.5435644431995964	0.21875	1.0
619_H-120	2.0	2.0	0.8453509366224364	0.39669421487603307	1.0
61_H-120	2.0	2.0	0.2974722489192897	0.09972299168975085	0.9473684210526316
620_H-120	2.0	2.0	0.9910760598382222	0.49382716049382713	1.0
621_H-120	2.0	2.0	0.7553754125614287	0.3402646502835538	1.0
622_H-120	1.0	1.0	-0.0	0.0	1.0
623_H-120	2.0	2.0	0.9709505944546688	0.48	1.0
624_H-120	1.0	1.0	-0.0	0.0	1.0
625_H-120	2.0	2.0	0.4138168503036338	0.1527777777777779	0.9166666666666666
626_H-120	1.0	1.0	-0.0	0.0	1.0
627_H-120	4.0	3.0	0.6998428398862386	0.23999999999999988	0.8666666666666667
628_H-120	2.0	2.0	0.8631205685666311	0.40816326530612246	1.0
629_H-120	2.0	2.0	0.5916727785823274	0.24489795918367352	0.8571428571428572
62_H-120	1.0	1.0	-0.0	0.0	1.0
630_H-120	2.0	2.0	0.7732266742876345	0.35123966942148765	1.0
631_H-120	1.0	1.0	-0.0	0.0	1.0
632_H-120	2.0	2.0	0.8960382325345574	0.4296875	1.0
633_H-120	1.0	1.0	-0.0	0.0	1.0
634_H-120	3.0	3.0	1.1567796494470395	0.4600000000000001	0.9
635_H-120	2.0	2.0	0.74959525725948	0.33673469387755106	1.0
636_H-120	2.0	2.0	0.5746356978376794	0.23553719008264462	1.0
637_H-120	2.0	2.0	0.9182958340544894	0.4444444444444444	1.0
638_H-120	4.0	3.0	0.9219280948873624	0.33999999999999986	0.8
639_H-120	2.0	2.0	0.5916727785823274	0.24489795918367352	0.8571428571428572
63_H-120	2.0	2.0	1.0	0.5	1.0
640_H-120	3.0	3.0	0.7742433029172697	0.2770083102493076	0.9473684210526316
641_H-120	3.0	3.0	1.4488156357251847	0.6122448979591837	0.8571428571428572
642_H-120	2.0	2.0	0.9709505944546688	0.48	1.0
643_H-120	2.0	2.0	0.46899559358928117	0.17999999999999994	0.9
644_H-120	2.0	2.0	0.8112781244591328	0.375	1.0
645_H-120	2.0	2.0	0.9967916319816367	0.49777777777777776	1.0
646_H-120	2.0	2.0	0.9910760598382222	0.49382716049382713	1.0
647_H-120	2.0	2.0	1.0	0.5	1.0
648_H-120	2.0	2.0	0.5032583347756457	0.19753086419753085	0.8888888888888888
649_H-120	2.0	2.0	0.46899559358928117	0.17999999999999994	0.9
64_H-120	2.0	2.0	0.8960382325345574	0.4296875	1.0
650_H-120	2.0	2.0	0.9182958340544894	0.4444444444444444	1.0
651_H-120	3.0	3.0	0.946372935985442	0.3571428571428572	0.9285714285714286
652_H-120	1.0	1.0	-0.0	0.0	1.0
653_H-120	2.0	2.0	0.8631205685666311	0.40816326530612246	1.0
654_H-120	2.0	2.0	0.9182958340544894	0.4444444444444444	1.0
655_H-120	3.5	3.0	1.5	0.625	0.5
656_H-120	2.0	2.0	0.9182958340544894	0.4444444444444444	0.6666666666666667
657_H-120	2.0	2.0	0.9852281360342515	0.48979591836734704	1.0
658_H-120	1.0	1.0	-0.0	0.0	1.0
659_H-120	2.0	2.0	0.4138168503036338	0.1527777777777779	0.9166666666666666
65_H-120	2.0	2.0	0.43949698692151334	0.16528925619834722	0.9090909090909091
660_H-120	2.0	2.0	0.9709505944546688	0.48	1.0
661_H-120	2.0	2.0	0.9709505944546688	0.48	1.0
662_H-120	2.0	2.0	0.954434002924965	0.46875	1.0
663_H-120	2.0	2.0	0.9967916319816367	0.49777777777777776	1.0
664_H-120	2.0	2.0	0.43949698692151334	0.16528925619834722	0.9090909090909091
665_H-120	2.0	2.0	0.954434002924965	0.46875	1.0
666_H-120	3.0	3.0	1.1567796494470395	0.4600000000000001	0.9
667_H-120	4.0	3.0	1.061278124459133	0.40625	0.75
668_H-120	1.0	1.0	-0.0	0.0	1.0
669_H-120	2.0	2.0	0.6500224216483541	0.2777777777777777	0.8333333333333334
66_H-120	2.0	2.0	0.6840384356390417	0.2975206611570247	1.0
670_H-120	2.0	2.0	0.7219280948873623	0.31999999999999984	1.0
671_H-120	2.0	2.0	0.46899559358928117	0.17999999999999994	0.9
672_H-120	3.0	3.0	1.3221793455166666	0.5619834710743802	0.9090909090909091
673_H-120	4.0	3.0	0.7732283485249177	0.272189349112426	0.8461538461538461
674_H-120	2.0	2.0	0.9182958340544894	0.4444444444444444	1.0
675_H-120	2.0	2.0	0.9709505944546688	0.48	1.0
676_H-120	1.0	1.0	-0.0	0.0	1.0
677_H-120	3.0	3.0	1.1567796494470395	0.4600000000000001	0.9
678_H-120	1.0	1.0	-0.0	0.0	1.0
679_H-120	2.0	2.0	0.6500224216483541	0.2777777777777777	1.0
67_H-120	2.0	2.0	1.0	0.5	1.0
680_H-120	3.0	3.0	1.2806721295208872	0.5416666666666666	0.9166666666666666
681_H-120	2.0	2.0	0.46899559358928117	0.17999999999999994	0.9
682_H-120	2.0	2.0	0.8112781244591328	0.375	1.0
683_H-120	2.0	2.0	0.6193821946787638	0.2603550295857988	1.0
684_H-120	2.0	2.0	0.3912435636292556	0.14201183431952646	0.9230769230769231
685_H-120	2.0	2.0	0.9910760598382222	0.49382716049382713	1.0
686_H-120	2.0	2.0	0.8112781244591328	0.375	1.0
687_H-120	3.0	3.0	1.2243944454059863	0.49382716049382713	0.8888888888888888
688_H-120	3.0	3.0	1.2806721295208872	0.5416666666666666	0.9166666666666666
689_H-120	2.0	2.0	0.6500224216483541	0.2777777777777777	1.0
68_H-120	2.0	2.0	0.9182958340544894	0.4444444444444444	1.0
690_H-120	2.0	2.0	0.5435644431995964	0.21875	0.875
691_H-120	2.0	2.0	0.7219280948873623	0.31999999999999984	0.8
692_H-120	2.0	2.0	0.7642045065086203	0.345679012345679	1.0
693_H-120	2.0	2.0	0.7642045065086203	0.345679012345679	1.0
694_H-120	3.0	3.0	1.2389012566026307	0.5207100591715976	0.9230769230769231
695_H-120	2.0	2.0	0.5225593745369408	0.20761245674740492	1.0
696_H-120	2.0	2.0	0.74959525725948	0.33673469387755106	1.0
697_H-120	2.0	2.0	1.0	0.5	1.0
698_H-120	2.0	2.0	0.954434002924965	0.46875	1.0
699_H-120	1.0	1.0	-0.0	0.0	1.0
69_H-120	2.0	2.0	0.5032583347756457	0.19753086419753085	0.8888888888888888
6_H-120	2.0	2.0	0.954434002924965	0.46875	1.0
700_H-120	2.0	2.0	0.9709505944546688	0.48	1.0
701_H-120	2.0	2.0	0.954434002924965	0.46875	1.0
702_H-120	2.0	2.0	0.6500224216483541	0.2777777777777777	1.0
703_H-120	2.0	2.0	0.9709505944546688	0.48	1.0
704_H-120	2.0	2.0	0.9852281360342515	0.48979591836734704	1.0
705_H-120	2.0	2.0	0.46899559358928117	0.17999999999999994	0.9
706_H-120	2.0	2.0	0.8739810481273579	0.4152249134948096	1.0
707_H-120	2.0	2.0	0.4138168503036338	0.1527777777777779	0.9166666666666666
708_H-120	2.0	2.0	0.9182958340544894	0.4444444444444444	1.0
709_H-120	2.0	2.0	0.3712323266408757	0.13265306122448983	0.9285714285714286
70_H-120	2.0	2.0	0.7793498372920851	0.3550295857988165	1.0
710_H-120	2.0	2.0	0.8112781244591328	0.375	1.0
711_H-120	3.0	3.0	1.0949143184120973	0.4387755102040817	0.9285714285714286
712_H-120	4.0	3.0	1.370950594454669	0.5599999999999999	0.6
713_H-120	2.0	2.0	0.7219280948873623	0.31999999999999984	1.0
714_H-120	2.0	2.0	0.5916727785823274	0.24489795918367352	0.8571428571428572
715_H-120	2.0	2.0	0.9709505944546688	0.48	1.0
716_H-120	2.0	2.0	0.954434002924965	0.46875	1.0
717_H-120	2.0	2.0	0.6500224216483541	0.2777777777777777	0.8333333333333334
718_H-120	2.0	2.0	0.9910760598382222	0.49382716049382713	1.0
719_H-120	2.0	2.0	0.9182958340544894	0.4444444444444444	0.6666666666666667
71_H-120	2.0	2.0	0.672294817075638	0.2906574394463668	1.0
720_H-120	2.0	2.0	0.8631205685666311	0.40816326530612246	1.0
721_H-120	2.0	2.0	0.8112781244591328	0.375	1.0
722_H-120	1.0	1.0	-0.0	0.0	1.0
723_H-120	3.0	3.0	1.3485878960124225	0.578512396694215	0.9090909090909091
724_H-120	2.0	2.0	0.9709505944546688	0.48	1.0
725_H-120	3.0	3.0	1.360964047443681	0.58	0.9
726_H-120	2.0	2.0	1.0	0.5	1.0
727_H-120	1.0	1.0	-0.0	0.0	1.0
728_H-120	2.0	2.0	0.3227569588973983	0.11072664359861584	0.9411764705882353
729_H-120	2.0	2.0	0.7793498372920851	0.3550295857988165	1.0
72_H-120	2.0	2.0	0.3912435636292556	0.14201183431952646	0.9230769230769231
730_H-120	2.0	2.0	0.9182958340544894	0.4444444444444444	1.0
731_H-120	1.0	1.0	-0.0	0.0	1.0
732_H-120	2.0	2.0	0.8112781244591328	0.375	1.0
733_H-120	4.0	3.0	0.9864267287308426	0.37037037037037024	0.7777777777777778
734_H-120	2.0	2.0	0.7642045065086203	0.345679012345679	1.0
735_H-120	4.0	3.0	1.1488348542809168	0.44897959183673464	0.7142857142857143
736_H-120	2.0	2.0	0.6840384356390417	0.2975206611570247	1.0
737_H-120	1.0	1.0	-0.0	0.0	1.0
738_H-120	1.0	1.0	-0.0	0.0	1.0
739_H-120	3.0	3.0	0.9055872616982602	0.3377777777777776	0.9333333333333333
73_H-120	2.0	2.0	0.9182958340544894	0.4444444444444444	1.0
740_H-120	1.0	1.0	-0.0	0.0	1.0
741_H-120	2.0	2.0	0.9709505944546688	0.48	1.0
742_H-120	2.0	2.0	0.7219280948873623	0.31999999999999984	1.0
743_H-120	2.0	2.0	0.5435644431995964	0.21875	0.875
744_H-120	2.0	2.0	0.8812908992306927	0.42000000000000004	1.0
745_H-120	1.0	1.0	-0.0	0.0	1.0
746_H-120	2.0	2.0	0.6500224216483541	0.2777777777777777	1.0
747_H-120	2.0	2.0	0.6193821946787638	0.2603550295857988	1.0
748_H-120	2.0	2.0	0.7642045065086203	0.345679012345679	1.0
749_H-120	2.0	2.0	0.5032583347756457	0.19753086419753085	0.8888888888888888
74_H-120	2.0	2.0	0.9798687566511527	0.48611111111111105	1.0
750_H-120	2.0	2.0	0.8904916402194913	0.42603550295857995	1.0
751_H-120	2.0	2.0	0.9182958340544894	0.4444444444444444	1.0
752_H-120	2.0	2.0	0.7642045065086203	0.345679012345679	1.0
753_H-120	2.0	2.0	0.8904916402194913	0.42603550295857995	1.0
754_H-120	2.0	2.0	0.7642045065086203	0.345679012345679	1.0
755_H-120	2.0	2.0	0.74959525725948	0.33673469387755106	1.0
756_H-120	1.0	1.0	-0.0	0.0	0.0
757_H-120	2.0	2.0	0.7219280948873623	0.31999999999999984	1.0
758_H-120	2.0	2.0	0.5032583347756457	0.19753086419753085	0.8888888888888888
759_H-120	1.0	1.0	-0.0	0.0	1.0
75_H-120	2.0	2.0	0.9456603046006401	0.4628099173553719	1.0
760_H-120	2.0	2.0	0.8453509366224364	0.39669421487603307	1.0
761_H-120	2.0	2.0	0.9709505944546688	0.48	1.0
762_H-120	1.0	1.0	-0.0	0.0	1.0
763_H-120	2.0	2.0	0.5032583347756457	0.19753086419753085	0.8888888888888888
764_H-120	1.0	1.0	-0.0	0.0	1.0
765_H-120	2.0	2.0	0.74959525725948	0.33673469387755106	1.0
766_H-120	2.0	2.0	0.4138168503036338	0.1527777777777779	0.9166666666666666
767_H-120	3.0	3.0	0.9055872616982602	0.3377777777777776	0.9333333333333333
768_H-120	3.0	3.0	0.9912642605354288	0.37869822485207094	0.9230769230769231
769_H-120	1.0	1.0	-0.0	0.0	1.0
76_H-120	2.0	2.0	0.5916727785823274	0.24489795918367352	0.8571428571428572
770_H-120	2.0	2.0	0.7219280948873623	0.31999999999999984	1.0
771_H-120	1.0	1.0	-0.0	0.0	1.0
772_H-120	1.0	1.0	-0.0	0.0	1.0
773_H-120	2.0	2.0	0.7219280948873623	0.31999999999999984	1.0
774_H-120	2.0	2.0	0.5032583347756457	0.19753086419753085	0.8888888888888888
775_H-120	2.0	2.0	0.9182958340544894	0.4444444444444444	1.0
776_H-120	3.0	3.0	1.2717822215997983	0.5546875	0.9375
777_H-120	2.0	2.0	0.7219280948873623	0.31999999999999984	1.0
778_H-120	2.0	2.0	0.9182958340544894	0.4444444444444444	1.0
779_H-120	2.0	2.0	0.9182958340544894	0.4444444444444444	1.0
77_H-120	2.0	2.0	0.46899559358928117	0.17999999999999994	0.9
780_H-120	1.0	1.0	-0.0	0.0	1.0
781_H-120	4.0	3.0	0.7345299214394703	0.2551020408163267	0.8571428571428572
782_H-120	2.0	2.0	0.8453509366224364	0.39669421487603307	1.0
783_H-120	2.0	2.0	0.9709505944546688	0.48	1.0
784_H-120	3.0	3.0	1.2210477851797181	0.5259515570934256	0.9411764705882353
785_H-120	2.0	2.0	0.5032583347756457	0.19753086419753085	0.8888888888888888
786_H-120	2.0	2.0	0.9709505944546688	0.48	1.0
787_H-120	2.0	2.0	0.9709505944546688	0.48	1.0
788_H-120	2.0	2.0	0.7642045065086203	0.345679012345679	1.0
789_H-120	1.0	1.0	-0.0	0.0	1.0
78_H-120	2.0	2.0	0.6193821946787638	0.2603550295857988	1.0
790_H-120	2.0	2.0	0.8453509366224364	0.39669421487603307	1.0
791_H-120	2.0	2.0	0.46899559358928117	0.17999999999999994	0.9
792_H-120	2.0	2.0	0.8366407419411673	0.3911111111111112	1.0
793_H-120	2.0	2.0	0.8112781244591328	0.375	1.0
794_H-120	2.0	2.0	0.6193821946787638	0.2603550295857988	1.0
795_H-120	2.0	2.0	0.6193821946787638	0.2603550295857988	1.0
796_H-120	2.0	2.0	0.5916727785823274	0.24489795918367352	1.0
797_H-120	2.0	2.0	0.964078764808229	0.47530864197530853	1.0
798_H-120	1.0	1.0	-0.0	0.0	1.0
799_H-120	2.0	2.0	0.9957274520849256	0.4970414201183432	1.0
79_H-120	1.0	1.0	-0.0	0.0	1.0
7_H-120	2.0	2.0	0.7219280948873623	0.31999999999999984	0.8
800_H-120	2.0	2.0	0.9709505944546688	0.48	1.0
801_H-120	2.0	2.0	0.8112781244591328	0.375	1.0
802_H-120	4.0	3.0	0.6998428398862386	0.23999999999999988	0.8666666666666667
803_H-120	1.0	1.0	-0.0	0.0	1.0
804_H-120	1.0	1.0	-0.0	0.0	1.0
805_H-120	2.0	2.0	0.7219280948873623	0.31999999999999984	1.0
806_H-120	2.0	2.0	0.9852281360342515	0.48979591836734704	1.0
807_H-120	2.0	2.0	0.9182958340544894	0.4444444444444444	1.0
808_H-120	2.0	2.0	0.46899559358928117	0.17999999999999994	0.9
809_H-120	2.0	2.0	0.8112781244591328	0.375	0.75
80_H-120	3.0	3.0	1.4591479170272446	0.6111111111111112	0.8333333333333334
810_H-120	3.0	3.0	1.2243944454059863	0.49382716049382713	0.8888888888888888
811_H-120	1.0	1.0	-0.0	0.0	1.0
812_H-120	2.0	2.0	0.6840384356390417	0.2975206611570247	1.0
813_H-120	2.0	2.0	0.8812908992306927	0.42000000000000004	1.0
814_H-120	3.0	3.0	1.2987949406953987	0.53125	0.875
815_H-120	2.0	2.0	0.9910760598382222	0.49382716049382713	1.0
816_H-120	2.0	2.0	0.3912435636292556	0.14201183431952646	0.9230769230769231
817_H-120	2.0	2.0	0.8631205685666311	0.40816326530612246	1.0
818_H-120	3.0	3.0	0.9912642605354288	0.37869822485207094	0.9230769230769231
819_H-120	2.0	2.0	0.9709505944546688	0.48	1.0
81_H-120	2.0	2.0	0.9910760598382222	0.49382716049382713	1.0
820_H-120	3.0	3.0	1.2516291673878228	0.5	1.0
821_H-120	2.0	2.0	0.9182958340544894	0.4444444444444444	1.0
822_H-120	3.5	3.0	1.5	0.625	0.5
823_H-120	1.0	1.0	-0.0	0.0	1.0
824_H-120	3.0	3.0	1.2243944454059863	0.49382716049382713	0.8888888888888888
825_H-120	2.0	2.0	0.46899559358928117	0.17999999999999994	0.9
826_H-120	2.0	2.0	0.8112781244591328	0.375	0.75
827_H-120	3.0	3.0	1.4056390622295665	0.59375	0.875
828_H-120	2.0	2.0	1.0	0.5	1.0
829_H-120	3.0	3.0	1.0529815751302696	0.4177777777777778	0.9333333333333333
82_H-120	1.0	1.0	-0.0	0.0	1.0
830_H-120	1.0	1.0	-0.0	0.0	1.0
831_H-120	2.0	2.0	0.74959525725948	0.33673469387755106	1.0
832_H-120	2.0	2.0	0.9182958340544894	0.4444444444444444	1.0
833_H-120	2.0	2.0	0.5916727785823274	0.24489795918367352	1.0
834_H-120	2.0	2.0	0.5665095065529053	0.23111111111111104	1.0
835_H-120	1.0	1.0	-0.0	0.0	1.0
836_H-120	3.0	3.0	1.3221793455166666	0.5619834710743802	0.9090909090909091
837_H-120	2.0	2.0	0.8112781244591328	0.375	1.0
838_H-120	2.0	2.0	0.8812908992306927	0.42000000000000004	1.0
839_H-120	2.0	2.0	0.8904916402194913	0.42603550295857995	1.0
83_H-120	2.0	2.0	0.9456603046006401	0.4628099173553719	1.0
840_H-120	2.0	2.0	0.3912435636292556	0.14201183431952646	0.9230769230769231
841_H-120	3.0	3.0	1.2243944454059863	0.49382716049382713	0.8888888888888888
842_H-120	2.0	2.0	0.8112781244591328	0.375	1.0
843_H-120	3.0	3.0	1.2806721295208872	0.5416666666666666	0.9166666666666666
844_H-120	3.0	3.0	1.2806721295208872	0.5416666666666666	0.9166666666666666
845_H-120	2.0	2.0	0.7219280948873623	0.31999999999999984	1.0
846_H-120	2.0	2.0	0.961236604722876	0.47337278106508873	1.0
847_H-120	2.0	2.0	0.9910760598382222	0.49382716049382713	1.0
848_H-120	2.0	2.0	0.3712323266408757	0.13265306122448983	0.9285714285714286
849_H-120	2.0	2.0	0.8631205685666311	0.40816326530612246	1.0
84_H-120	1.0	1.0	-0.0	0.0	1.0
850_H-120	2.0	2.0	0.6500224216483541	0.2777777777777777	1.0
851_H-120	1.0	1.0	-0.0	0.0	1.0
852_H-120	2.0	2.0	0.8812908992306927	0.42000000000000004	1.0
853_H-120	2.0	2.0	0.8112781244591328	0.375	0.75
854_H-120	2.0	2.0	0.940285958670631	0.4591836734693877	1.0
855_H-120	2.0	2.0	0.8112781244591328	0.375	1.0
856_H-120	2.0	2.0	0.4138168503036338	0.1527777777777779	0.9166666666666666
857_H-120	1.0	1.0	-0.0	0.0	1.0
858_H-120	2.0	2.0	0.8631205685666311	0.40816326530612246	1.0
859_H-120	2.0	2.0	0.9852281360342515	0.48979591836734704	1.0
85_H-120	1.0	1.0	-0.0	0.0	1.0
860_H-120	1.0	1.0	-0.0	0.0	1.0
861_H-120	2.0	2.0	0.8812908992306927	0.42000000000000004	1.0
862_H-120	1.0	1.0	-0.0	0.0	1.0
863_H-120	2.0	2.0	0.9182958340544894	0.4444444444444444	1.0
864_H-120	2.0	2.0	0.5435644431995964	0.21875	0.875
865_H-120	1.0	1.0	-0.0	0.0	1.0
866_H-120	2.0	2.0	0.8366407419411673	0.3911111111111112	1.0
867_H-120	2.0	2.0	1.0	0.5	1.0
868_H-120	3.0	3.0	1.1216407621868583	0.4609375	0.9375
869_H-120	2.0	2.0	1.0	0.5	1.0
86_H-120	2.0	2.0	0.8904916402194913	0.42603550295857995	1.0
870_H-120	2.0	2.0	0.9709505944546688	0.48	1.0
871_H-120	2.0	2.0	0.8112781244591328	0.375	0.75
872_H-120	1.0	1.0	-0.0	0.0	1.0
873_H-120	3.0	3.0	1.1887218755408673	0.48611111111111116	0.9166666666666666
874_H-120	3.0	3.0	1.5219280948873626	0.6399999999999999	0.8
875_H-120	2.0	2.0	0.8112781244591328	0.375	1.0
876_H-120	2.0	2.0	0.9852281360342515	0.48979591836734704	1.0
877_H-120	1.0	1.0	-0.0	0.0	1.0
878_H-120	2.0	2.0	0.7219280948873623	0.31999999999999984	1.0
879_H-120	2.0	2.0	0.9709505944546688	0.48	1.0
87_H-120	2.0	2.0	0.6840384356390417	0.2975206611570247	1.0
880_H-120	2.0	2.0	0.8112781244591328	0.375	1.0
881_H-120	1.0	1.0	-0.0	0.0	1.0
882_H-120	2.0	2.0	0.6193821946787638	0.2603550295857988	1.0
883_H-120	2.0	2.0	0.6500224216483541	0.2777777777777777	1.0
884_H-120	2.0	2.0	0.6193821946787638	0.2603550295857988	1.0
885_H-120	2.0	2.0	0.5032583347756457	0.19753086419753085	0.8888888888888888
886_H-120	2.0	2.0	0.5916727785823274	0.24489795918367352	0.8571428571428572
887_H-120	4.0	3.0	1.370950594454669	0.5599999999999999	0.6
888_H-120	2.0	2.0	0.954434002924965	0.46875	1.0
889_H-120	2.0	2.0	0.9182958340544894	0.4444444444444444	1.0
88_H-120	2.0	2.0	0.6962122601251458	0.3046875	1.0
890_H-120	1.0	1.0	-0.0	0.0	1.0
891_H-120	2.0	2.0	0.9852281360342515	0.48979591836734704	1.0
892_H-120	1.0	1.0	-0.0	0.0	1.0
893_H-120	2.0	2.0	0.46899559358928117	0.17999999999999994	0.9
894_H-120	2.0	2.0	0.9910760598382222	0.49382716049382713	1.0
895_H-120	2.0	2.0	0.8997437586982626	0.43213296398891965	1.0
896_H-120	1.0	1.0	-0.0	0.0	1.0
897_H-120	2.0	2.0	0.8366407419411673	0.3911111111111112	1.0
898_H-120	3.0	3.0	1.2406705316766884	0.5123966942148761	0.9090909090909091
899_H-120	2.0	2.0	0.954434002924965	0.46875	1.0
89_H-120	2.0	2.0	0.4138168503036338	0.1527777777777779	0.9166666666666666
8_H-120	2.0	2.0	0.8112781244591328	0.375	1.0
900_H-120	2.0	2.0	0.8812908992306927	0.42000000000000004	1.0
901_H-120	2.0	2.0	0.9182958340544894	0.4444444444444444	1.0
902_H-120	2.0	2.0	0.8812908992306927	0.42000000000000004	1.0
903_H-120	1.0	1.0	-0.0	0.0	1.0
904_H-120	2.0	2.0	0.7219280948873623	0.31999999999999984	0.8
905_H-120	2.0	2.0	0.961236604722876	0.47337278106508873	1.0
906_H-120	2.0	2.0	0.6840384356390417	0.2975206611570247	1.0
907_H-120	2.0	2.0	0.8112781244591328	0.375	1.0
908_H-120	2.0	2.0	0.9182958340544894	0.4444444444444444	0.6666666666666667
909_H-120	2.0	2.0	0.5916727785823274	0.24489795918367352	0.8571428571428572
90_H-120	2.0	2.0	0.5032583347756457	0.19753086419753085	0.8888888888888888
910_H-120	2.0	2.0	0.9940302114769566	0.49586776859504145	1.0
911_H-120	3.0	3.0	1.2717822215997983	0.5546875	0.9375
912_H-120	2.0	2.0	0.6500224216483541	0.2777777777777777	0.8333333333333334
913_H-120	4.0	3.0	0.9219280948873624	0.33999999999999986	0.8
914_H-120	1.0	1.0	-0.0	0.0	1.0
915_H-120	2.0	2.0	0.7642045065086203	0.345679012345679	1.0
916_H-120	2.0	2.0	0.7642045065086203	0.345679012345679	1.0
917_H-120	2.0	2.0	0.954434002924965	0.46875	1.0
918_H-120	3.0	2.0	1.0	0.5	0.0
919_H-120	2.0	2.0	0.9709505944546688	0.48	1.0
91_H-120	1.0	1.0	-0.0	0.0	1.0
920_H-120	2.0	2.0	0.6962122601251458	0.3046875	1.0
921_H-120	2.0	2.0	0.43949698692151334	0.16528925619834722	0.9090909090909091
922_H-120	1.0	1.0	-0.0	0.0	1.0
923_H-120	2.0	2.0	0.8739810481273579	0.4152249134948096	1.0
924_H-120	2.0	2.0	1.0	0.5	1.0
925_H-120	2.0	2.0	0.954434002924965	0.46875	1.0
926_H-120	2.0	2.0	0.9709505944546688	0.48	1.0
927_H-120	2.0	2.0	0.9709505944546688	0.48	1.0
928_H-120	2.0	2.0	0.5916727785823274	0.24489795918367352	0.8571428571428572
929_H-120	2.0	2.0	0.8453509366224364	0.39669421487603307	1.0
92_H-120	2.0	2.0	0.6292492238560347	0.2659279778393353	1.0
930_H-120	1.0	1.0	-0.0	0.0	1.0
931_H-120	2.0	2.0	0.5032583347756457	0.19753086419753085	0.8888888888888888
932_H-120	2.0	2.0	0.954434002924965	0.46875	1.0
933_H-120	2.0	2.0	0.8112781244591328	0.375	0.75
934_H-120	2.0	2.0	0.3227569588973983	0.11072664359861584	0.9411764705882353
935_H-120	2.0	2.0	0.9852281360342515	0.48979591836734704	1.0
936_H-120	1.0	1.0	-0.0	0.0	1.0
937_H-120	4.0	3.0	0.9219280948873624	0.33999999999999986	0.8
938_H-120	2.0	2.0	0.5916727785823274	0.24489795918367352	0.8571428571428572
939_H-120	4.0	3.0	0.8658566174572236	0.31404958677685946	0.8181818181818181
93_H-120	2.0	2.0	0.8112781244591328	0.375	0.75
940_H-120	2.0	2.0	0.43949698692151334	0.16528925619834722	0.9090909090909091
941_H-120	2.0	2.0	0.5665095065529053	0.23111111111111104	1.0
942_H-120	2.0	2.0	0.9182958340544894	0.4444444444444444	1.0
943_H-120	3.0	3.0	1.0949143184120973	0.4387755102040817	0.9285714285714286
944_H-120	2.0	2.0	0.8112781244591328	0.375	1.0
945_H-120	2.0	2.0	0.5665095065529053	0.23111111111111104	1.0
946_H-120	3.0	3.0	1.0529815751302696	0.4177777777777778	0.9333333333333333
947_H-120	2.0	2.0	0.6962122601251458	0.3046875	1.0
948_H-120	4.0	3.0	1.1488348542809168	0.44897959183673464	0.7142857142857143
949_H-120	3.0	3.0	0.8683927290103626	0.3203125	0.9375
94_H-120	3.0	3.0	0.9912642605354288	0.37869822485207094	0.9230769230769231
950_H-120	4.0	3.0	0.9864267287308426	0.37037037037037024	0.7777777777777778
951_H-120	2.0	2.0	0.9182958340544894	0.4444444444444444	1.0
952_H-120	2.0	2.0	0.7642045065086203	0.345679012345679	1.0
953_H-120	3.0	3.0	1.4488156357251847	0.6122448979591837	0.8571428571428572
954_H-120	2.0	2.0	0.7642045065086203	0.345679012345679	1.0
955_H-120	2.0	2.0	0.961236604722876	0.47337278106508873	1.0
956_H-120	2.0	2.0	0.8453509366224364	0.39669421487603307	1.0
957_H-120	2.0	2.0	0.7793498372920851	0.3550295857988165	1.0
958_H-120	2.0	2.0	0.5916727785823274	0.24489795918367352	0.8571428571428572
959_H-120	1.0	1.0	-0.0	0.0	1.0
95_H-120	2.0	2.0	0.6840384356390417	0.2975206611570247	1.0
960_H-120	2.0	2.0	0.9709505944546688	0.48	1.0
961_H-120	2.0	2.0	0.5032583347756457	0.19753086419753085	0.8888888888888888
962_H-120	2.0	2.0	0.9852281360342515	0.48979591836734704	1.0
963_H-120	2.0	2.0	0.7219280948873623	0.31999999999999984	0.8
964_H-120	2.0	2.0	0.8631205685666311	0.40816326530612246	1.0
965_H-120	2.0	2.0	0.46899559358928117	0.17999999999999994	0.9
966_H-120	2.0	2.0	0.8904916402194913	0.42603550295857995	1.0
967_H-120	1.0	1.0	-0.0	0.0	1.0
968_H-120	2.0	2.0	0.7793498372920851	0.3550295857988165	1.0
969_H-120	2.0	2.0	0.3227569588973983	0.11072664359861584	0.9411764705882353
96_H-120	2.0	2.0	0.8631205685666311	0.40816326530612246	1.0
970_H-120	2.0	2.0	0.5916727785823274	0.24489795918367352	0.8571428571428572
971_H-120	2.0	2.0	0.5916727785823274	0.24489795918367352	0.8571428571428572
972_H-120	2.0	2.0	0.8631205685666311	0.40816326530612246	1.0
973_H-120	1.0	1.0	-0.0	0.0	1.0
974_H-120	2.0	2.0	0.961236604722876	0.47337278106508873	1.0
975_H-120	2.0	2.0	0.3912435636292556	0.14201183431952646	0.9230769230769231
976_H-120	1.0	1.0	-0.0	0.0	1.0
977_H-120	2.0	2.0	0.5916727785823274	0.24489795918367352	1.0
978_H-120	2.0	2.0	0.8631205685666311	0.40816326530612246	1.0
979_H-120	3.0	3.0	1.3921472236645347	0.5925925925925926	0.8888888888888888
97_H-120	2.0	2.0	0.9940302114769566	0.49586776859504145	1.0
980_H-120	1.0	1.0	-0.0	0.0	1.0
981_H-120	3.0	3.0	1.3787834934861756	0.5714285714285714	0.8571428571428572
982_H-120	2.0	2.0	0.8631205685666311	0.40816326530612246	1.0
983_H-120	2.0	2.0	0.6500224216483541	0.2777777777777777	1.0
984_H-120	1.0	1.0	-0.0	0.0	1.0
985_H-120	2.0	2.0	0.8112781244591328	0.375	1.0
986_H-120	2.0	2.0	0.9456603046006401	0.4628099173553719	1.0
987_H-120	2.0	2.0	0.9940302114769566	0.49586776859504145	1.0
988_H-120	2.0	2.0	0.5032583347756457	0.19753086419753085	1.0
989_H-120	2.0	2.0	1.0	0.5	1.0
98_H-120	2.0	2.0	0.5916727785823274	0.24489795918367352	0.8571428571428572
990_H-120	2.0	2.0	1.0	0.5	1.0
991_H-120	1.0	1.0	-0.0	0.0	1.0
992_H-120	2.0	2.0	0.9852281360342515	0.48979591836734704	1.0
993_H-120	1.0	1.0	-0.0	0.0	1.0
994_H-120	1.0	1.0	-0.0	0.0	1.0
995_H-120	2.0	2.0	0.6500224216483541	0.2777777777777777	1.0
996_H-120	2.0	2.0	0.6840384356390417	0.2975206611570247	1.0
997_H-120	2.0	2.0	0.9910760598382222	0.49382716049382713	1.0
998_H-120	2.0	2.0	0.7642045065086203	0.345679012345679	1.0
999_H-120	4.0	3.0	0.7732283485249177	0.272189349112426	0.8461538461538461
99_H-120	3.0	3.0	1.0957952550009338	0.4297520661157025	0.9090909090909091
9_H-120	2.0	2.0	0.8112781244591328	0.375	1.0
