	chao1	observed_otus	shannon	simpson	goods_coverage
1000_O-152	2.0	2.0	0.24789011933057423	0.07905474567308035	1.0
100_O-152	2.0	2.0	0.26414176146497503	0.08569272940536354	1.0
101_O-152	2.0	2.0	0.2647128511902507	0.08592845275835082	1.0
102_O-152	2.0	2.0	0.24505540925533445	0.07791092161311886	1.0
103_O-152	2.0	2.0	0.27219108242274376	0.08903039887849906	1.0
104_O-152	2.0	2.0	0.2691146013656998	0.08775086774652907	1.0
105_O-152	2.0	2.0	0.2580186686648155	0.08317580340264641	1.0
106_O-152	2.0	2.0	0.2506473396437735	0.0801713255125347	1.0
107_O-152	2.0	2.0	0.2592126008394352	0.08366507068705231	1.0
108_O-152	2.0	2.0	0.2546947046698278	0.0818175177149536	1.0
109_O-152	2.0	2.0	0.25817274160660086	0.08323890062523565	1.0
10_O-152	2.0	2.0	0.2626449510541717	0.08507569186404784	1.0
110_O-152	2.0	2.0	0.28322086597353313	0.09365665871468742	1.0
111_O-152	2.0	2.0	0.2588091816327834	0.08349966982393875	1.0
112_O-152	3.0	3.0	0.2677964863785048	0.0864731193872692	0.9998056743101438
113_O-152	2.0	2.0	0.25926722382501477	0.08368747238272589	1.0
114_O-152	2.0	2.0	0.2965058051504439	0.09930847999999992	1.0
115_O-152	2.0	2.0	0.26613804796422225	0.08651743981939863	1.0
116_O-152	2.0	2.0	0.27044230782878836	0.0883024865366282	1.0
117_O-152	2.0	2.0	0.2570979809656647	0.08279900978162491	1.0
118_O-152	2.0	2.0	0.25920179013815187	0.08366063723943795	1.0
119_O-152	2.0	2.0	0.23450173454483125	0.07368966203069127	1.0
11_O-152	2.0	2.0	0.24451528446823634	0.07769345506400704	1.0
120_O-152	2.0	2.0	0.2507502072589078	0.080213059903115	1.0
121_O-152	3.0	3.0	0.2742349206557011	0.08910641468423697	0.9997941539728283
122_O-152	2.0	2.0	0.25660980310652576	0.08259939853432874	1.0
123_O-152	2.0	2.0	0.26515804186272807	0.08611232480486986	1.0
124_O-152	2.0	2.0	0.26552657371985283	0.08626461141104658	1.0
125_O-152	2.0	2.0	0.2932759516085698	0.09792647052712589	1.0
126_O-152	3.0	3.0	0.27009479977352696	0.08738919259578293	0.9997947033463355
127_O-152	2.0	2.0	0.2818947320035064	0.09309723749516485	1.0
128_O-152	2.0	2.0	0.2583242240079581	0.08330094882185923	1.0
129_O-152	2.0	2.0	0.22953755069444665	0.07172459993556113	1.0
12_O-152	2.0	2.0	0.2571446315501205	0.08281809117143513	1.0
130_O-152	3.0	3.0	0.2562326510206266	0.08172354148598704	0.999803343166175
131_O-152	2.0	2.0	0.2525430635906421	0.08094132089005579	1.0
132_O-152	2.0	2.0	0.230111047684854	0.0719509409504897	1.0
133_O-152	2.0	2.0	0.23375497011366686	0.07339321248880548	1.0
134_O-152	3.0	3.0	0.23433604413537173	0.07293826350708188	0.9998046493455753
135_O-152	2.0	2.0	0.26914388284668683	0.08776302366867728	1.0
136_O-152	2.0	2.0	0.2504315359699539	0.08008378972858043	1.0
137_O-152	2.0	2.0	0.2740319256982347	0.08979829222430125	1.0
138_O-152	3.0	3.0	0.25896362697238196	0.08282870984776725	0.9998005584363782
139_O-152	3.0	3.0	0.2519665847084872	0.07999647403992882	0.999804992199688
13_O-152	2.0	2.0	0.27910654337398644	0.09192389748507024	1.0
140_O-152	2.0	2.0	0.2653138740784832	0.08617671017843409	1.0
141_O-152	2.0	2.0	0.23139366762394703	0.0724577911558435	1.0
142_O-152	2.0	2.0	0.2539362775942538	0.08150839605110716	1.0
143_O-152	2.0	2.0	0.2664413143945487	0.08664290273687958	1.0
144_O-152	2.0	2.0	0.2542452358568126	0.08163428620749569	1.0
145_O-152	2.0	2.0	0.2579087648756501	0.08313080213988888	1.0
146_O-152	2.0	2.0	0.25516485603782585	0.08200929226192821	1.0
147_O-152	2.0	2.0	0.25585340467851225	0.08229035660675899	1.0
148_O-152	2.0	2.0	0.2765849351396009	0.09086606638880301	1.0
149_O-152	3.0	3.0	0.2593915433850184	0.0830240394761832	0.9998071731585036
14_O-152	2.0	2.0	0.29966380922855806	0.10066463498251066	1.0
150_O-152	2.0	2.0	0.26863382794657603	0.08755134117880381	1.0
151_O-152	2.0	2.0	0.26856226941334127	0.08752165352485508	1.0
152_O-152	2.0	2.0	0.254428307746874	0.0817089051355786	1.0
153_O-152	2.0	2.0	0.25430528478844294	0.08165875985986193	1.0
154_O-152	3.0	3.0	0.2755831509896561	0.0896860023186351	0.9997997997997998
155_O-152	2.0	2.0	0.26307394655607624	0.085252422243149	1.0
156_O-152	2.0	2.0	0.2810035336259112	0.09272177982069696	1.0
157_O-152	2.0	2.0	0.2671101026674252	0.08691974852378159	1.0
158_O-152	2.0	2.0	0.2612139107831106	0.08448683416824165	1.0
159_O-152	2.0	2.0	0.24711442569310033	0.07874133059566302	1.0
15_O-152	2.0	2.0	0.26459552315966867	0.08588001084657026	1.0
160_O-152	2.0	2.0	0.2699080227514364	0.08808040172205756	1.0
161_O-152	2.0	2.0	0.3029115786972011	0.10206435839603323	1.0
162_O-152	2.0	2.0	0.267237341770991	0.08697244494240386	1.0
163_O-152	2.0	2.0	0.2646272552643403	0.08589311157704094	1.0
164_O-152	2.0	2.0	0.2906648158745022	0.09681291326660557	1.0
165_O-152	2.0	2.0	0.2549190344202492	0.0819090075054909	1.0
166_O-152	3.0	3.0	0.2738657372214384	0.08898648074830451	0.9998047637641546
167_O-152	2.0	2.0	0.2509991141803158	0.08031406659421325	1.0
168_O-152	2.0	2.0	0.27760337009254626	0.09129292550197032	1.0
169_O-152	2.0	2.0	0.25883356207986624	0.08350966337851973	1.0
16_O-152	3.0	3.0	0.2747161003465914	0.0893405131884708	0.9998047637641546
170_O-152	2.0	2.0	0.28707569446225334	0.09528771866599439	1.0
171_O-152	2.0	2.0	0.25956497037289306	0.08380960951600336	1.0
172_O-152	2.0	2.0	0.29140273903805175	0.09712727429039902	1.0
173_O-152	2.0	2.0	0.2894963200487434	0.09631566925347101	1.0
174_O-152	2.0	2.0	0.2842569944783596	0.09409434735103073	1.0
175_O-152	2.0	2.0	0.2864389394981587	0.09501778988172815	1.0
176_O-152	2.0	2.0	0.23398379448445802	0.07348401919251879	1.0
177_O-152	2.0	2.0	0.2607008273218081	0.08427596034713392	1.0
178_O-152	2.0	2.0	0.26767592008620483	0.08715414607702088	1.0
179_O-152	2.0	2.0	0.25413290103510383	0.08158850782179461	1.0
17_O-152	2.0	2.0	0.2389331859924066	0.0754549706887202	1.0
180_O-152	2.0	2.0	0.2614712466341796	0.08459264807334699	1.0
181_O-152	2.0	2.0	0.2539904269602886	0.08153045654296887	1.0
182_O-152	2.0	2.0	0.26822579166807414	0.08738209287659826	1.0
183_O-152	2.0	2.0	0.2968701893876202	0.09946471275853597	1.0
184_O-152	2.0	2.0	0.28431458826930506	0.0941186920586814	1.0
185_O-152	2.0	2.0	0.2731426713984204	0.08942713470264574	1.0
186_O-152	2.0	2.0	0.29068169778323794	0.0968201021186974	1.0
187_O-152	2.0	2.0	0.2782843810797633	0.09157864743297472	1.0
188_O-152	2.0	2.0	0.28998604703320907	0.09652398735995393	1.0
189_O-152	2.0	2.0	0.2599803958409198	0.08398009495982484	1.0
18_O-152	2.0	2.0	0.24429793988354068	0.07760599038110505	1.0
190_O-152	2.0	2.0	0.27148906697381886	0.08873800636262907	1.0
191_O-152	2.0	2.0	0.2616229667474222	0.08465504969001492	1.0
192_O-152	2.0	2.0	0.25723347564258064	0.08285443397559811	1.0
193_O-152	2.0	2.0	0.2553967827650193	0.0821039370579385	1.0
194_O-152	3.0	3.0	0.25468699475679796	0.08107412999630548	0.999796541200407
195_O-152	2.0	2.0	0.2641663027953532	0.08570285569319602	1.0
196_O-152	3.0	3.0	0.22688441474077461	0.0699966143864954	0.9998015873015873
197_O-152	2.0	2.0	0.26321982474586064	0.08531254004324529	1.0
198_O-152	2.0	2.0	0.2474972578707198	0.07889597272286086	1.0
199_O-152	3.0	3.0	0.25706636672304406	0.08205774439405389	0.9998015873015873
19_O-152	2.0	2.0	0.2640612349922308	0.08565950457737204	1.0
1_O-152	2.0	2.0	0.26737662184821653	0.08703013754936073	1.0
200_O-152	3.0	3.0	0.26284840158249206	0.08443749831420533	0.999806314158435
201_O-152	2.0	2.0	0.263094444225481	0.0852608688750971	1.0
202_O-152	2.0	2.0	0.2490130463323689	0.07950901484423123	1.0
203_O-152	2.0	2.0	0.2346936477645024	0.07376589562760394	1.0
204_O-152	2.0	2.0	0.2741685559776497	0.08985535414771895	1.0
205_O-152	3.0	3.0	0.2507870685717466	0.07952015156588144	0.9998052959501558
206_O-152	2.0	2.0	0.2720529087658696	0.08897282938429685	1.0
207_O-152	2.0	2.0	0.2655921430118064	0.08629171350481601	1.0
208_O-152	2.0	2.0	0.2660842791600247	0.08649520024430579	1.0
209_O-152	2.0	2.0	0.2831992220692307	0.093647521395269	1.0
20_O-152	2.0	2.0	0.26357551391139283	0.08545916834871203	1.0
210_O-152	3.0	3.0	0.2760045399783037	0.08987108305852698	0.9998027224304596
211_O-152	3.0	3.0	0.2551669619180725	0.08126167054327726	0.9997940691927513
212_O-152	2.0	2.0	0.2714708802175474	0.08873043478820519	1.0
213_O-152	2.0	2.0	0.2645270922691533	0.08585176061119393	1.0
214_O-152	2.0	2.0	0.2543150042426172	0.08166272131343422	1.0
215_O-152	3.0	3.0	0.24365443561055763	0.07664119403786585	0.9998024496246543
216_O-152	2.0	2.0	0.2743141845301769	0.08991618437175997	1.0
217_O-152	2.0	2.0	0.24745444535841887	0.07887867513431712	1.0
218_O-152	2.0	2.0	0.24653852264923184	0.07850884325102148	1.0
219_O-152	2.0	2.0	0.25279525618433574	0.08104389555077929	1.0
21_O-152	2.0	2.0	0.2733861406405519	0.08952871467081591	1.0
220_O-152	2.0	2.0	0.2763980774317348	0.09078780438912615	1.0
221_O-152	2.0	2.0	0.31778868201537763	0.10854055108085114	1.0
222_O-152	2.0	2.0	0.26735316712834506	0.08702042144618471	1.0
223_O-152	2.0	2.0	0.27908529022177314	0.09191496843374636	1.0
224_O-152	2.0	2.0	0.26182647680446886	0.08473877065689517	1.0
225_O-152	2.0	2.0	0.254450326260112	0.08171788090595133	1.0
226_O-152	2.0	2.0	0.2087072820923857	0.06362534626038796	1.0
227_O-152	2.0	2.0	0.26252705628665757	0.085027139971809	1.0
228_O-152	2.0	2.0	0.29266460884956863	0.0976654563769146	1.0
229_O-152	2.0	2.0	0.25660980310652576	0.08259939853432874	1.0
22_O-152	3.0	3.0	0.26927756198394376	0.08706194821124857	0.9997982243744956
230_O-152	2.0	2.0	0.2685859560660101	0.08753148017502155	1.0
231_O-152	2.0	2.0	0.24598575023560093	0.07828585672629906	1.0
232_O-152	2.0	2.0	0.2866572961206046	0.09511033167557614	1.0
233_O-152	3.0	3.0	0.257425256954271	0.08221122645136492	0.9998039215686274
234_O-152	3.0	3.0	0.2630052334118125	0.08449609367890387	0.9998044583496285
235_O-152	2.0	2.0	0.26318084409098963	0.08529647468135693	1.0
236_O-152	3.0	3.0	0.26075055885261056	0.08356778041225832	0.9998032270759544
237_O-152	2.0	2.0	0.2712677494042415	0.08864587794796819	1.0
238_O-152	2.0	2.0	0.24999192838099227	0.07990554791680093	1.0
239_O-152	3.0	3.0	0.27422234558210096	0.08910965552666295	0.9997968305566842
23_O-152	2.0	2.0	0.2543441675336213	0.08167460797562165	1.0
240_O-152	2.0	2.0	0.2837689703721876	0.09388812680993741	1.0
241_O-152	2.0	2.0	0.23747215085797968	0.0748717998649322	1.0
242_O-152	2.0	2.0	0.2636063210736885	0.08547187123567235	1.0
243_O-152	2.0	2.0	0.2597549475812509	0.08388756284012078	1.0
244_O-152	2.0	2.0	0.2370295245627314	0.07469534976150372	1.0
245_O-152	2.0	2.0	0.2870207130161327	0.0952644034530492	1.0
246_O-152	2.0	2.0	0.24991951889560368	0.07987619864875395	1.0
247_O-152	2.0	2.0	0.2778966553648989	0.09141594666900565	1.0
248_O-152	2.0	2.0	0.28250681220808327	0.09335533164094478	1.0
249_O-152	2.0	2.0	0.27480898863227565	0.09012294730282133	1.0
24_O-152	2.0	2.0	0.2597472079912252	0.08388438669418607	1.0
250_O-152	2.0	2.0	0.2717745465481315	0.08885688000000003	1.0
251_O-152	2.0	2.0	0.2686249990878749	0.08754767819005482	1.0
252_O-152	2.0	2.0	0.24214408833596712	0.07674057118791233	1.0
253_O-152	2.0	2.0	0.2932408901373464	0.09791149603427562	1.0
254_O-152	2.0	2.0	0.26684427181888454	0.08680968038857317	1.0
255_O-152	2.0	2.0	0.26715510447913854	0.08693838520980957	1.0
256_O-152	2.0	2.0	0.23610390671419013	0.07432669511470813	1.0
257_O-152	2.0	2.0	0.23742460719048059	0.07485284189716435	1.0
258_O-152	2.0	2.0	0.2547176742382319	0.08182688434314578	1.0
259_O-152	2.0	2.0	0.24379885595950274	0.07740524091217105	1.0
25_O-152	2.0	2.0	0.2774369054065012	0.0912231194297286	1.0
260_O-152	2.0	2.0	0.2339064070201549	0.07345330560298868	1.0
261_O-152	2.0	2.0	0.26036758301611657	0.08413907124649689	1.0
262_O-152	2.0	2.0	0.2324100563043253	0.07286006327797856	1.0
263_O-152	2.0	2.0	0.25904845536971355	0.08359776139477071	1.0
264_O-152	2.0	2.0	0.2736699240050107	0.08964715193310413	1.0
265_O-152	2.0	2.0	0.2538397147753729	0.08146906004638943	1.0
266_O-152	2.0	2.0	0.25548595640944666	0.08214033447058622	1.0
267_O-152	2.0	2.0	0.23125424539493747	0.07240265310463645	1.0
268_O-152	2.0	2.0	0.24475288369217782	0.07778909906989129	1.0
269_O-152	2.0	2.0	0.2568318205822331	0.08269016416082597	1.0
26_O-152	2.0	2.0	0.26455643937661366	0.08586387564808096	1.0
270_O-152	2.0	2.0	0.2558094374058324	0.08227240194292151	1.0
271_O-152	3.0	3.0	0.24421606151999561	0.07687304470631262	0.9998047256395235
272_O-152	3.0	3.0	0.27305403983410775	0.08864876358078655	0.9998047256395235
273_O-152	2.0	2.0	0.25695548892505193	0.08274073348995281	1.0
274_O-152	3.0	3.0	0.23945622944176784	0.07496313870191817	0.9998020585906572
275_O-152	2.0	2.0	0.2699193472708705	0.0880851074630502	1.0
276_O-152	2.0	2.0	0.27578604633208154	0.0905315880954689	1.0
277_O-152	2.0	2.0	0.250353754481459	0.080052245394022	1.0
278_O-152	2.0	2.0	0.23093198647952012	0.07227524764710269	1.0
279_O-152	2.0	2.0	0.24247759668544652	0.07687441533307227	1.0
27_O-152	2.0	2.0	0.2868157372723882	0.09517749534135511	1.0
280_O-152	2.0	2.0	0.26308065885411197	0.08525518820776568	1.0
281_O-152	2.0	2.0	0.27007689372927884	0.08815058032465384	1.0
282_O-152	2.0	2.0	0.2749092853716719	0.09016487304974685	1.0
283_O-152	2.0	2.0	0.2464978292287943	0.07849242221073904	1.0
284_O-152	2.0	2.0	0.25183389611550094	0.08065305672702561	1.0
285_O-152	2.0	2.0	0.2185240761395955	0.06741256824231945	1.0
286_O-152	2.0	2.0	0.2771994816575255	0.09112358093261719	1.0
287_O-152	2.0	2.0	0.289175154103993	0.09617911669065138	1.0
288_O-152	2.0	2.0	0.26806843059535923	0.08731684394890848	1.0
289_O-152	2.0	2.0	0.2397396788888602	0.07577736646216415	1.0
28_O-152	2.0	2.0	0.25835635375195576	0.0833141108912333	1.0
290_O-152	2.0	2.0	0.2606026595818743	0.08423562939900142	1.0
291_O-152	2.0	2.0	0.27675900948530846	0.09093898997016714	1.0
292_O-152	2.0	2.0	0.2690850756809643	0.08773861088335577	1.0
293_O-152	2.0	2.0	0.23617426970337935	0.07435470323216031	1.0
294_O-152	2.0	2.0	0.24087094749986288	0.07623017148125943	1.0
295_O-152	2.0	2.0	0.27488466172844583	0.0901545794813623	1.0
296_O-152	3.0	3.0	0.24940293735324812	0.07897344657345817	0.9998093785741518
297_O-152	2.0	2.0	0.2513432517266993	0.0804537709462636	1.0
298_O-152	2.0	2.0	0.2609013017539965	0.08435833797343295	1.0
299_O-152	2.0	2.0	0.28451132273365287	0.09420186340848291	1.0
29_O-152	2.0	2.0	0.2417097840220925	0.0765663633192939	1.0
2_O-152	2.0	2.0	0.2794217217469865	0.09205633918140621	1.0
300_O-152	2.0	2.0	0.2530903740040855	0.08116397105107342	1.0
301_O-152	2.0	2.0	0.23447647150239762	0.0736796282700265	1.0
302_O-152	2.0	2.0	0.274307647700469	0.08991345365767	1.0
303_O-152	2.0	2.0	0.2582121759637022	0.08325505206619299	1.0
304_O-152	2.0	2.0	0.2841560932164158	0.09405170065921764	1.0
305_O-152	2.0	2.0	0.23804595821145375	0.0751006994200254	1.0
306_O-152	2.0	2.0	0.3043470079115921	0.1026846160064091	1.0
307_O-152	2.0	2.0	0.2730111548829905	0.08937227588514474	1.0
308_O-152	2.0	2.0	0.26505809329226365	0.0860710354257983	1.0
309_O-152	2.0	2.0	0.2644776127594542	0.08583133553116729	1.0
30_O-152	2.0	2.0	0.2512497586149518	0.08041581087093452	1.0
310_O-152	2.0	2.0	0.2813005072389655	0.0928468497192878	1.0
311_O-152	2.0	2.0	0.2577519625542387	0.08306660851239589	1.0
312_O-152	2.0	2.0	0.2769388344600674	0.09101433847841167	1.0
313_O-152	2.0	2.0	0.2327833447708269	0.07300794470021232	1.0
314_O-152	2.0	2.0	0.23857811139460192	0.07531313879794443	1.0
315_O-152	2.0	2.0	0.23951504099436707	0.07568753278357976	1.0
316_O-152	2.0	2.0	0.2532341153305164	0.08122247184798004	1.0
317_O-152	2.0	2.0	0.2529526177476645	0.08110791612822243	1.0
318_O-152	2.0	2.0	0.2495071551706725	0.07970910992247382	1.0
319_O-152	2.0	2.0	0.23788507417483898	0.07503650294739206	1.0
31_O-152	2.0	2.0	0.25300894655639483	0.08113083591169112	1.0
320_O-152	2.0	2.0	0.2826067502948516	0.09339748984507579	1.0
321_O-152	2.0	2.0	0.2713110557481529	0.08866390325030427	1.0
322_O-152	2.0	2.0	0.24806455881843006	0.07912527032575323	1.0
323_O-152	2.0	2.0	0.22811848789337363	0.07116530378542274	1.0
324_O-152	2.0	2.0	0.2684909982296139	0.0874920876530838	1.0
325_O-152	2.0	2.0	0.2611106802714333	0.08444439632442813	1.0
326_O-152	2.0	2.0	0.2696714645393184	0.08798211813170065	1.0
327_O-152	3.0	3.0	0.26077187326314605	0.08358981437137403	0.9998075072184793
328_O-152	2.0	2.0	0.24095005314224094	0.07626185985209721	1.0
329_O-152	2.0	2.0	0.2658298311950243	0.08638997665990877	1.0
32_O-152	2.0	2.0	0.24353962095844048	0.07730101894048347	1.0
330_O-152	3.0	3.0	0.2740961684719976	0.08907907750772615	0.9998037291462217
331_O-152	2.0	2.0	0.27446341086727094	0.08997852842617649	1.0
332_O-152	2.0	2.0	0.22919183955782038	0.07158824441900213	1.0
333_O-152	2.0	2.0	0.2589173302640008	0.08354400231062242	1.0
334_O-152	2.0	2.0	0.259262687327547	0.08368561183971646	1.0
335_O-152	2.0	2.0	0.2570602998334571	0.08278359796445844	1.0
336_O-152	2.0	2.0	0.2508541713709399	0.0802552447370608	1.0
337_O-152	2.0	2.0	0.28829429372071574	0.09580485387244742	1.0
338_O-152	2.0	2.0	0.24813439461984876	0.07915350889727168	1.0
339_O-152	2.0	2.0	0.2647392785680508	0.08593936494923948	1.0
33_O-152	2.0	2.0	0.2758206610321555	0.09054607395712244	1.0
340_O-152	2.0	2.0	0.2164961080284833	0.06662581310026372	1.0
341_O-152	2.0	2.0	0.2662394593335641	0.08655938905230287	1.0
342_O-152	2.0	2.0	0.2570355387779492	0.08277347093626175	1.0
343_O-152	2.0	2.0	0.2468438912070066	0.07863209644234437	1.0
344_O-152	2.0	2.0	0.24320387666460178	0.07716608994826868	1.0
345_O-152	2.0	2.0	0.2589419362158095	0.08355408966481837	1.0
346_O-152	2.0	2.0	0.2640539806750146	0.08565651164345978	1.0
347_O-152	2.0	2.0	0.25604300489625087	0.08236779396602167	1.0
348_O-152	2.0	2.0	0.2761547691680247	0.09068592518749319	1.0
349_O-152	3.0	3.0	0.24466127693536727	0.07704730472979204	0.9998033044846577
34_O-152	2.0	2.0	0.2684191550201387	0.08746228707917525	1.0
350_O-152	2.0	2.0	0.26739520466196137	0.08703783566593293	1.0
351_O-152	3.0	3.0	0.2609289517870919	0.08363476927315427	0.9998012718600954
352_O-152	3.0	3.0	0.223586905359691	0.06872514137426466	0.9998074330829964
353_O-152	2.0	2.0	0.24403612353713208	0.0775006621315193	1.0
354_O-152	2.0	2.0	0.2720647864044614	0.08897777777777782	1.0
355_O-152	3.0	3.0	0.24692616558314304	0.07795272094383332	0.9998018624925699
356_O-152	2.0	2.0	0.2706031762535579	0.08836938241792747	1.0
357_O-152	2.0	2.0	0.25640577706233886	0.08251601055519941	1.0
358_O-152	2.0	2.0	0.2450512563655274	0.07790924898121787	1.0
359_O-152	2.0	2.0	0.3168771760866229	0.10814074032240151	1.0
35_O-152	2.0	2.0	0.2848347159875405	0.09433862240543678	1.0
360_O-152	2.0	2.0	0.2487030543434295	0.07938354492187494	1.0
361_O-152	2.0	2.0	0.27091119209624503	0.08849750473530471	1.0
362_O-152	2.0	2.0	0.24261791079710868	0.07693074394697463	1.0
363_O-152	2.0	2.0	0.234302641018234	0.07361059700188588	1.0
364_O-152	3.0	3.0	0.24163690162974516	0.075846226241026	0.9998065015479877
365_O-152	2.0	2.0	0.27792033088021684	0.09142587944604896	1.0
366_O-152	2.0	2.0	0.24685673885318757	0.07863728309223705	1.0
367_O-152	2.0	2.0	0.23537058089838117	0.07403495048603026	1.0
368_O-152	2.0	2.0	0.2555586233590558	0.0821699974856207	1.0
369_O-152	2.0	2.0	0.25531834799214315	0.08207192624659188	1.0
36_O-152	2.0	2.0	0.24825937712294302	0.0792040527556992	1.0
370_O-152	2.0	2.0	0.27197262581679976	0.088939384221008	1.0
371_O-152	2.0	2.0	0.27623696121428326	0.09072033773181643	1.0
372_O-152	2.0	2.0	0.2768974178722487	0.09099698307493398	1.0
373_O-152	2.0	2.0	0.2533311933199665	0.08126198733692425	1.0
374_O-152	2.0	2.0	0.2740497999563011	0.08980575665293888	1.0
375_O-152	2.0	2.0	0.27232001020619	0.08908412475908456	1.0
376_O-152	2.0	2.0	0.26185194018619606	0.0847492473949858	1.0
377_O-152	2.0	2.0	0.2579058224477266	0.08312959741702652	1.0
378_O-152	2.0	2.0	0.2504446457180728	0.08008910670527958	1.0
379_O-152	3.0	3.0	0.2599954256185087	0.08324152233901927	0.999797652772157
37_O-152	2.0	2.0	0.28085989925059957	0.09266130413823048	1.0
380_O-152	2.0	2.0	0.2713691848123508	0.08868809966191593	1.0
381_O-152	2.0	2.0	0.25710677839827434	0.08280260809129114	1.0
382_O-152	2.0	2.0	0.2818587700220468	0.09308207927044765	1.0
383_O-152	2.0	2.0	0.2739752847218587	0.08977463957003828	1.0
384_O-152	2.0	2.0	0.24787964667184584	0.07905051215640313	1.0
385_O-152	2.0	2.0	0.26868041501537204	0.0875706702524377	1.0
386_O-152	2.0	2.0	0.23481241930825833	0.07381308504689454	1.0
387_O-152	2.0	2.0	0.2871547313774073	0.09532123734607878	1.0
388_O-152	3.0	3.0	0.28997712616916604	0.09573976000000006	0.9998
389_O-152	2.0	2.0	0.2699216889272759	0.0880860805127115	1.0
38_O-152	2.0	2.0	0.2761130994365251	0.09066847999999994	1.0
390_O-152	2.0	2.0	0.25336407659926957	0.08127537354466652	1.0
391_O-152	2.0	2.0	0.2698152466537159	0.08804185238277129	1.0
392_O-152	2.0	2.0	0.2385241494722026	0.07529158996459984	1.0
393_O-152	2.0	2.0	0.2873274201351968	0.09539448340696488	1.0
394_O-152	2.0	2.0	0.2650448364599332	0.08606555932627802	1.0
395_O-152	2.0	2.0	0.2773586661521073	0.09119031498532948	1.0
396_O-152	2.0	2.0	0.2657878776640508	0.08637263048403576	1.0
397_O-152	2.0	2.0	0.27899058735789345	0.09187518380550941	1.0
398_O-152	2.0	2.0	0.26746509446990574	0.0870667897814712	1.0
399_O-152	2.0	2.0	0.2791665207726441	0.0919490968994141	1.0
39_O-152	2.0	2.0	0.2689357709968239	0.08767663744187937	1.0
3_O-152	2.0	2.0	0.2407470395494066	0.07618054271449703	1.0
400_O-152	2.0	2.0	0.25315854994913545	0.08119171641622369	1.0
401_O-152	2.0	2.0	0.25460496798922166	0.08178092711939433	1.0
402_O-152	2.0	2.0	0.2534356375630223	0.08130450669352274	1.0
403_O-152	2.0	2.0	0.23692474671835084	0.07465359600339339	1.0
404_O-152	2.0	2.0	0.20697860418607822	0.06296401652644534	1.0
405_O-152	3.0	3.0	0.263462294492756	0.08467425144149832	0.9998013902681231
406_O-152	2.0	2.0	0.2657783165074752	0.08636867743734888	1.0
407_O-152	2.0	2.0	0.263009634625515	0.08522592212059221	1.0
408_O-152	2.0	2.0	0.2702973844403016	0.088242232425356	1.0
409_O-152	2.0	2.0	0.27070663923160915	0.08841241357139462	1.0
40_O-152	2.0	2.0	0.26519017843482284	0.08612560170051409	1.0
410_O-152	3.0	3.0	0.26693586646721296	0.08609621511766774	0.9997987927565393
411_O-152	2.0	2.0	0.26114600198495774	0.08445891639337266	1.0
412_O-152	2.0	2.0	0.25682057528024166	0.08268556622466083	1.0
413_O-152	2.0	2.0	0.26885952121560036	0.08764499199289189	1.0
414_O-152	2.0	2.0	0.24653945242679678	0.07850921845484016	1.0
415_O-152	2.0	2.0	0.2561097673306677	0.08239506578071532	1.0
416_O-152	2.0	2.0	0.2576758727394708	0.08303546249403748	1.0
417_O-152	2.0	2.0	0.26696593024805493	0.08686004902337308	1.0
418_O-152	2.0	2.0	0.23391735474944292	0.07345765035071672	1.0
419_O-152	2.0	2.0	0.23356855063616855	0.07331925445919385	1.0
41_O-152	2.0	2.0	0.26932638911647966	0.0878387991166576	1.0
420_O-152	2.0	2.0	0.24276532247438912	0.07698993302253432	1.0
421_O-152	2.0	2.0	0.24839080774743197	0.07925721307083267	1.0
422_O-152	2.0	2.0	0.29381922380111475	0.09815857449022869	1.0
423_O-152	2.0	2.0	0.251641073262842	0.08057472268320365	1.0
424_O-152	2.0	2.0	0.25694092556235193	0.08273477796426709	1.0
425_O-152	2.0	2.0	0.2866551860075406	0.0951094372757284	1.0
426_O-152	2.0	2.0	0.26595382078858426	0.08644124681502219	1.0
427_O-152	2.0	2.0	0.25142604814679664	0.0804873917371991	1.0
428_O-152	2.0	2.0	0.27651196709178155	0.0908355029585799	1.0
429_O-152	2.0	2.0	0.24109491227969965	0.0763198965191112	1.0
42_O-152	2.0	2.0	0.2342013947152239	0.07357039768415174	1.0
430_O-152	2.0	2.0	0.2626030194992637	0.08505842263293673	1.0
431_O-152	2.0	2.0	0.24530314173810072	0.07801071554279249	1.0
432_O-152	2.0	2.0	0.26217529161987646	0.08488231693793513	1.0
433_O-152	2.0	2.0	0.2556347149862066	0.08220106138733096	1.0
434_O-152	2.0	2.0	0.2938446111487127	0.09816942432246845	1.0
435_O-152	2.0	2.0	0.23258357947615513	0.07292879667485486	1.0
436_O-152	2.0	2.0	0.27857494327769805	0.0917006246281975	1.0
437_O-152	3.0	3.0	0.2398669526632835	0.07512839987101172	0.9998026056060008
438_O-152	2.0	2.0	0.270817119725879	0.08845836931603013	1.0
439_O-152	2.0	2.0	0.24483655636028162	0.07782278800540832	1.0
43_O-152	2.0	2.0	0.28579883756947083	0.0947466431394195	1.0
440_O-152	2.0	2.0	0.2615117909763421	0.0846093225798139	1.0
441_O-152	2.0	2.0	0.28359850660883934	0.09381612295411301	1.0
442_O-152	2.0	2.0	0.27804397239570317	0.09147775628513477	1.0
443_O-152	2.0	2.0	0.27374897969945994	0.08968015308698263	1.0
444_O-152	2.0	2.0	0.2574071894295579	0.08292550552329558	1.0
445_O-152	2.0	2.0	0.27114811190559307	0.08859608639959471	1.0
446_O-152	2.0	2.0	0.2638787869023341	0.08558423958299177	1.0
447_O-152	2.0	2.0	0.25431432611451193	0.08166244492050723	1.0
448_O-152	2.0	2.0	0.219000117776375	0.06759757838431235	1.0
449_O-152	2.0	2.0	0.24412353652351715	0.07753582421650074	1.0
44_O-152	2.0	2.0	0.24951590586814748	0.07971265476383427	1.0
450_O-152	2.0	2.0	0.2856680980805545	0.09469128676478522	1.0
451_O-152	2.0	2.0	0.25879821636369305	0.08349517525526551	1.0
452_O-152	2.0	2.0	0.2657868244738682	0.08637219504177085	1.0
453_O-152	2.0	2.0	0.2735582340996211	0.08960053322900685	1.0
454_O-152	2.0	2.0	0.23031169678727276	0.07203017261326305	1.0
455_O-152	2.0	2.0	0.24404257751291739	0.07750325812163217	1.0
456_O-152	2.0	2.0	0.25486689559207454	0.0818877410888672	1.0
457_O-152	2.0	2.0	0.2763154889436411	0.09075321923116664	1.0
458_O-152	2.0	2.0	0.275282492129161	0.09032092399679836	1.0
459_O-152	3.0	3.0	0.26670801088792057	0.08602712949242652	0.9998067259373792
45_O-152	2.0	2.0	0.27182258520799124	0.0888768873120569	1.0
460_O-152	2.0	2.0	0.271369701294413	0.08868831465686156	1.0
461_O-152	2.0	2.0	0.2388265411067384	0.07541236516343042	1.0
462_O-152	2.0	2.0	0.23827517006079418	0.07519218401419314	1.0
463_O-152	3.0	3.0	0.2330026229654102	0.07240369202260089	0.9998020585906572
464_O-152	2.0	2.0	0.2900407794917785	0.09654727652278172	1.0
465_O-152	2.0	2.0	0.25647504166998275	0.08254431745993385	1.0
466_O-152	2.0	2.0	0.24348638034195264	0.07727961863449884	1.0
467_O-152	2.0	2.0	0.2702973844403016	0.088242232425356	1.0
468_O-152	2.0	2.0	0.25034294106272087	0.08004786025377131	1.0
469_O-152	2.0	2.0	0.2685213665923382	0.08750468523782406	1.0
46_O-152	3.0	3.0	0.27293435783916775	0.08859937865677503	0.9998048399687745
470_O-152	2.0	2.0	0.26294844906471565	0.08520071219229375	1.0
471_O-152	2.0	2.0	0.285008221806929	0.09441201710317115	1.0
472_O-152	2.0	2.0	0.24377673224003304	0.07739634498736869	1.0
473_O-152	2.0	2.0	0.2665728732659454	0.08669734381845573	1.0
474_O-152	2.0	2.0	0.26240840652341996	0.08497828430376964	1.0
475_O-152	2.0	2.0	0.2655870685870493	0.08628961598882201	1.0
476_O-152	2.0	2.0	0.24589558193800792	0.07824949831226946	1.0
477_O-152	2.0	2.0	0.2644887020489997	0.08583591306797955	1.0
478_O-152	2.0	2.0	0.24627823074023278	0.07840382245354771	1.0
479_O-152	2.0	2.0	0.27399526862765655	0.08978298444790989	1.0
47_O-152	2.0	2.0	0.26288280518367724	0.08517366744786958	1.0
480_O-152	2.0	2.0	0.25882612831715635	0.0835066162440603	1.0
481_O-152	2.0	2.0	0.2752813141190205	0.09032043131959666	1.0
482_O-152	2.0	2.0	0.28753078534224646	0.09548075967669689	1.0
483_O-152	2.0	2.0	0.26038406039129314	0.08414583843951196	1.0
484_O-152	2.0	2.0	0.2793379534949385	0.09202113395334388	1.0
485_O-152	2.0	2.0	0.28610689711334325	0.09487711180295877	1.0
486_O-152	2.0	2.0	0.23759132086896897	0.07491932401140122	1.0
487_O-152	2.0	2.0	0.26946636619301223	0.08789692809077554	1.0
488_O-152	2.0	2.0	0.2452811510228807	0.07800185573466023	1.0
489_O-152	2.0	2.0	0.2659533025595747	0.08644103250919843	1.0
48_O-152	2.0	2.0	0.28278033351502335	0.09347072648150623	1.0
490_O-152	3.0	3.0	0.23632609829371495	0.0737318171810113	0.999806426635695
491_O-152	2.0	2.0	0.27010365543309034	0.0881617031451929	1.0
492_O-152	2.0	2.0	0.27829902362406045	0.09158479332742486	1.0
493_O-152	3.0	3.0	0.2963742420263502	0.09846378382447496	0.9998003194888179
494_O-152	2.0	2.0	0.26158809489988255	0.08464070605855456	1.0
495_O-152	2.0	2.0	0.26904554749069476	0.08772220241382334	1.0
496_O-152	2.0	2.0	0.2513969995070688	0.0804755956743366	1.0
497_O-152	3.0	3.0	0.2583039131534784	0.08256418335322402	0.9998021369212505
498_O-152	2.0	2.0	0.2521013805472792	0.08076175385830897	1.0
499_O-152	2.0	2.0	0.25990715092221867	0.08395002974419996	1.0
49_O-152	3.0	3.0	0.2631479415823037	0.08454611381185839	0.9998017053341265
4_O-152	2.0	2.0	0.2501790367426329	0.07998139996279985	1.0
500_O-152	2.0	2.0	0.23323829945793648	0.07318827987823462	1.0
501_O-152	2.0	2.0	0.2690553027246507	0.08772625181662053	1.0
502_O-152	2.0	2.0	0.23256253784264813	0.07292046111819905	1.0
503_O-152	2.0	2.0	0.2617611229288449	0.08471188275557973	1.0
504_O-152	2.0	2.0	0.24920793995985915	0.07958792408680959	1.0
505_O-152	2.0	2.0	0.28338574550061946	0.09372627282930313	1.0
506_O-152	2.0	2.0	0.28125728077412726	0.09282864225593146	1.0
507_O-152	2.0	2.0	0.27334589087916095	0.08951191966057204	1.0
508_O-152	2.0	2.0	0.2614705636505197	0.08459236719262364	1.0
509_O-152	2.0	2.0	0.2658886647348046	0.08641430357465363	1.0
50_O-152	2.0	2.0	0.26596806725385164	0.08644713828006756	1.0
510_O-152	2.0	2.0	0.23429799704986798	0.07360875301850678	1.0
511_O-152	2.0	2.0	0.2569076906291615	0.08272118731520095	1.0
512_O-152	2.0	2.0	0.2701364030756837	0.08817531435932979	1.0
513_O-152	2.0	2.0	0.2577111319334871	0.08304989485119552	1.0
514_O-152	2.0	2.0	0.2804022212365598	0.09246867200776054	1.0
515_O-152	2.0	2.0	0.2639063522346464	0.0855956099766173	1.0
516_O-152	2.0	2.0	0.2849063280419721	0.09436891322386232	1.0
517_O-152	2.0	2.0	0.2690553027246507	0.08772625181662053	1.0
518_O-152	2.0	2.0	0.2827096757222248	0.09344091339826388	1.0
519_O-152	2.0	2.0	0.24131376694636725	0.07640759992504176	1.0
51_O-152	2.0	2.0	0.2717712652017903	0.08885551341548159	1.0
520_O-152	2.0	2.0	0.25287580258552145	0.0810766632423896	1.0
521_O-152	3.0	3.0	0.26643741854294406	0.08591634817297678	0.9998069870681335
522_O-152	2.0	2.0	0.26350236770943675	0.08542900950609256	1.0
523_O-152	2.0	2.0	0.25916343763044264	0.08364490943335068	1.0
524_O-152	2.0	2.0	0.26731386590399503	0.08700414156190539	1.0
525_O-152	2.0	2.0	0.27693571474162015	0.09101303114701986	1.0
526_O-152	2.0	2.0	0.27824387892617386	0.09156164807664191	1.0
527_O-152	2.0	2.0	0.2616506975147532	0.08466645646592497	1.0
528_O-152	2.0	2.0	0.22643408687713507	0.07050284317211064	1.0
529_O-152	3.0	3.0	0.20272020324656906	0.06070720258199758	0.9998054096127651
52_O-152	2.0	2.0	0.24951418854162405	0.07971195908470563	1.0
530_O-152	2.0	2.0	0.2642272836214523	0.0857280190362879	1.0
531_O-152	2.0	2.0	0.2648840957345948	0.08599916804194985	1.0
532_O-152	3.0	3.0	0.2424921381201432	0.0761825574190298	0.9998046493455753
533_O-152	2.0	2.0	0.2626183972807768	0.08506475576564387	1.0
534_O-152	2.0	2.0	0.26124232681454146	0.08449851689331356	1.0
535_O-152	2.0	2.0	0.24058168304590316	0.07611432522401174	1.0
536_O-152	2.0	2.0	0.26960230117889306	0.0879533879373835	1.0
537_O-152	2.0	2.0	0.2258310002503085	0.07026602821539907	1.0
538_O-152	2.0	2.0	0.29791385343216503	0.09991254819897266	1.0
539_O-152	3.0	3.0	0.2735945675474063	0.08883048961864415	0.9997911445279867
53_O-152	2.0	2.0	0.2545766871333006	0.08176939631530233	1.0
540_O-152	3.0	3.0	0.2491275517391205	0.07884957196815257	0.9998051821546854
541_O-152	2.0	2.0	0.2608119659715847	0.08432162616905581	1.0
542_O-152	2.0	2.0	0.2869525967747181	0.09523552041014471	1.0
543_O-152	2.0	2.0	0.258057344465925	0.08319164109083399	1.0
544_O-152	2.0	2.0	0.24482609382032747	0.07781857529587977	1.0
545_O-152	2.0	2.0	0.24020045970088605	0.07596171830378151	1.0
546_O-152	2.0	2.0	0.26550349332273393	0.08625507199016536	1.0
547_O-152	2.0	2.0	0.2643842221270233	0.08579278738289364	1.0
548_O-152	2.0	2.0	0.25515405124695806	0.08200488371248005	1.0
549_O-152	2.0	2.0	0.26201011136105073	0.08481433327342791	1.0
54_O-152	2.0	2.0	0.26498706473807254	0.08604169616745638	1.0
550_O-152	3.0	3.0	0.2876330478933017	0.09475155539821045	0.9998013902681231
551_O-152	2.0	2.0	0.28007256285591653	0.09232998641021228	1.0
552_O-152	2.0	2.0	0.27186581282182176	0.08889489189316224	1.0
553_O-152	2.0	2.0	0.27591458818521064	0.09058538442485309	1.0
554_O-152	2.0	2.0	0.29099375886483747	0.09695301269667111	1.0
555_O-152	3.0	3.0	0.2604718852070915	0.08343494521680817	0.9997971602434077
556_O-152	2.0	2.0	0.25991967642253566	0.08395517095570271	1.0
557_O-152	2.0	2.0	0.24580803550854904	0.07821420118343192	1.0
558_O-152	2.0	2.0	0.25934929760496606	0.08372113492874989	1.0
559_O-152	2.0	2.0	0.25552416082507756	0.08215592936637206	1.0
55_O-152	2.0	2.0	0.2594569032458638	0.0837652745887183	1.0
560_O-152	3.0	3.0	0.24796349948642515	0.0783755643990326	0.9998036135113905
561_O-152	2.0	2.0	0.2545102516093849	0.08174231053356462	1.0
562_O-152	2.0	2.0	0.2917760106039117	0.09728639213238299	1.0
563_O-152	2.0	2.0	0.24834376444664052	0.07923818422766771	1.0
564_O-152	3.0	3.0	0.26484672375053075	0.08525008629071029	0.999803497740224
565_O-152	2.0	2.0	0.2627057143321859	0.08510071840395805	1.0
566_O-152	2.0	2.0	0.2413790136031102	0.07643375163981103	1.0
567_O-152	3.0	3.0	0.26510699380051556	0.08536439505720395	0.9998057875315596
568_O-152	2.0	2.0	0.26792482155435765	0.0872573081429402	1.0
569_O-152	2.0	2.0	0.28183777285957573	0.09307322911663296	1.0
56_O-152	2.0	2.0	0.2817927016623884	0.09305423266603707	1.0
570_O-152	2.0	2.0	0.2554327946422469	0.08211863529277186	1.0
571_O-152	2.0	2.0	0.2646177115302972	0.08588917135325791	1.0
572_O-152	2.0	2.0	0.261364659863517	0.08454881656804725	1.0
573_O-152	2.0	2.0	0.28958079259038555	0.09635159347092559	1.0
574_O-152	2.0	2.0	0.2636063210736885	0.08547187123567235	1.0
575_O-152	2.0	2.0	0.2747400203638792	0.09009412030889541	1.0
576_O-152	2.0	2.0	0.2482703238044861	0.07920848006358683	1.0
577_O-152	2.0	2.0	0.26648910703194717	0.0866626790507885	1.0
578_O-152	2.0	2.0	0.2559589303635679	0.08233345358951905	1.0
579_O-152	3.0	3.0	0.26167424458691113	0.08395145417796912	0.999804916113929
57_O-152	2.0	2.0	0.2616938403691116	0.08468420363086371	1.0
580_O-152	2.0	2.0	0.233835364015988	0.07342511282740394	1.0
581_O-152	2.0	2.0	0.26584172366886316	0.08639489390397292	1.0
582_O-152	2.0	2.0	0.2542591512931825	0.081639957442452	1.0
583_O-152	2.0	2.0	0.2457311209755727	0.07818319395446194	1.0
584_O-152	2.0	2.0	0.24261631176240908	0.07693010196162309	1.0
585_O-152	2.0	2.0	0.2654699090512754	0.08624119166730693	1.0
586_O-152	2.0	2.0	0.26351660980130925	0.08543488143640277	1.0
587_O-152	2.0	2.0	0.2490625375246308	0.0795290511447071	1.0
588_O-152	2.0	2.0	0.29295632511382	0.09778998257860905	1.0
589_O-152	2.0	2.0	0.2398501474462719	0.0758215531204871	1.0
58_O-152	2.0	2.0	0.2588570687607805	0.08351929906446598	1.0
590_O-152	2.0	2.0	0.24678395505718848	0.07860790110185434	1.0
591_O-152	2.0	2.0	0.2662232566001708	0.08655268637486024	1.0
592_O-152	3.0	3.0	0.2729002532726127	0.08857209303581637	0.9998007174172977
593_O-152	2.0	2.0	0.23911116141075187	0.07552608678454176	1.0
594_O-152	2.0	2.0	0.26891705160194995	0.08766886818199349	1.0
595_O-152	2.0	2.0	0.26442753595165625	0.08581066515332636	1.0
596_O-152	2.0	2.0	0.24339812926374244	0.07724414899861953	1.0
597_O-152	2.0	2.0	0.251186325011224	0.08039005814048905	1.0
598_O-152	2.0	2.0	0.24199468692422854	0.07668063216778465	1.0
599_O-152	2.0	2.0	0.26460491199692504	0.08588388701354499	1.0
59_O-152	2.0	2.0	0.24357067803178778	0.07731350315951457	1.0
5_O-152	2.0	2.0	0.24417821818351698	0.0775578220870452	1.0
600_O-152	2.0	2.0	0.29221421604881326	0.09747327666021377	1.0
601_O-152	2.0	2.0	0.2453111524236428	0.0780139430195439	1.0
602_O-152	2.0	2.0	0.2793333197210084	0.09201918662193509	1.0
603_O-152	3.0	3.0	0.2572119570841446	0.08213303460990928	0.9998067632850242
604_O-152	2.0	2.0	0.26719979391915544	0.08695689354643354	1.0
605_O-152	2.0	2.0	0.24262784643802623	0.07693473296871578	1.0
606_O-152	3.0	3.0	0.2540097307871819	0.08082123808128194	0.9998038061604866
607_O-152	2.0	2.0	0.24204676264706887	0.07670152332388791	1.0
608_O-152	2.0	2.0	0.2692989237325964	0.08782739458970035	1.0
609_O-152	2.0	2.0	0.2693749640055406	0.08785896993254405	1.0
60_O-152	2.0	2.0	0.2557280398189086	0.08223916470340908	1.0
610_O-152	2.0	2.0	0.249574735022697	0.07973648704390213	1.0
611_O-152	2.0	2.0	0.2732974106348839	0.08949169139594426	1.0
612_O-152	2.0	2.0	0.2572094272308223	0.08284459626704432	1.0
613_O-152	2.0	2.0	0.2644980074612603	0.08583975428805535	1.0
614_O-152	2.0	2.0	0.2762757837659321	0.09073659330836015	1.0
615_O-152	2.0	2.0	0.2876151683566294	0.09551656454000912	1.0
616_O-152	3.0	3.0	0.2644449674531019	0.08508333492073161	0.9998030332873744
617_O-152	3.0	3.0	0.27554190455746846	0.08966893290453026	0.9997998398718975
618_O-152	2.0	2.0	0.2749092853716719	0.09016487304974685	1.0
619_O-152	2.0	2.0	0.25915827905798045	0.08364279403523134	1.0
61_O-152	2.0	2.0	0.26684532461220917	0.08681011623058277	1.0
620_O-152	2.0	2.0	0.23686210800819857	0.07462863739400771	1.0
621_O-152	2.0	2.0	0.288827323041234	0.09603128368484626	1.0
622_O-152	2.0	2.0	0.2600304509827389	0.0840006429279978	1.0
623_O-152	2.0	2.0	0.27494527366121074	0.09017991799415603	1.0
624_O-152	2.0	2.0	0.2653216710082357	0.08617993196835605	1.0
625_O-152	2.0	2.0	0.25073350618111717	0.08020628373991867	1.0
626_O-152	2.0	2.0	0.2757123994292	0.09050076968722309	1.0
627_O-152	2.0	2.0	0.25615607625696846	0.08241398388108512	1.0
628_O-152	2.0	2.0	0.27659772646812425	0.0908714244440676	1.0
629_O-152	2.0	2.0	0.2277564534379729	0.07102278911652649	1.0
62_O-152	2.0	2.0	0.25259428509431087	0.08096215162208242	1.0
630_O-152	2.0	2.0	0.26515804186272807	0.08611232480486986	1.0
631_O-152	2.0	2.0	0.26868041501537204	0.0875706702524377	1.0
632_O-152	2.0	2.0	0.2572223498485867	0.08284988260612924	1.0
633_O-152	2.0	2.0	0.27217431691639843	0.0890234130873726	1.0
634_O-152	2.0	2.0	0.27839245066303975	0.09162400983728447	1.0
635_O-152	3.0	3.0	0.25504672763079544	0.08122791650727368	0.9997990353697749
636_O-152	3.0	3.0	0.25242403613121356	0.08019651194267752	0.999809813617345
637_O-152	2.0	2.0	0.2468058896768963	0.07861675556670589	1.0
638_O-152	2.0	2.0	0.26584172366886316	0.08639489390397292	1.0
639_O-152	3.0	3.0	0.261872866185757	0.08403759415062206	0.999806426635695
63_O-152	2.0	2.0	0.2612135714752069	0.08448669467057157	1.0
640_O-152	2.0	2.0	0.2563052119580012	0.08247491622739855	1.0
641_O-152	3.0	3.0	0.29535407577204453	0.09803875762845982	0.999803497740224
642_O-152	2.0	2.0	0.2602760681145524	0.08410148896362246	1.0
643_O-152	2.0	2.0	0.2855219109614065	0.09462939967296946	1.0
644_O-152	2.0	2.0	0.2610186307307979	0.08440655954340648	1.0
645_O-152	2.0	2.0	0.2301279092260413	0.07195759834630389	1.0
646_O-152	2.0	2.0	0.2968679395573253	0.09946374792779022	1.0
647_O-152	2.0	2.0	0.28110884761287575	0.09276612761682812	1.0
648_O-152	2.0	2.0	0.238239648419905	0.07517800454903623	1.0
649_O-152	2.0	2.0	0.2658569530626674	0.08640119098665888	1.0
64_O-152	2.0	2.0	0.25613053436404987	0.08240354938271599	1.0
650_O-152	3.0	3.0	0.23904221650696172	0.07480252951578636	0.999803497740224
651_O-152	2.0	2.0	0.25934929760496606	0.08372113492874989	1.0
652_O-152	2.0	2.0	0.28635531747296056	0.09498235620854723	1.0
653_O-152	2.0	2.0	0.2793269716184901	0.0920165188657176	1.0
654_O-152	2.0	2.0	0.2621920535310224	0.08488921645824887	1.0
655_O-152	2.0	2.0	0.2696714645393184	0.08798211813170065	1.0
656_O-152	2.0	2.0	0.282863293015652	0.09350573324947775	1.0
657_O-152	2.0	2.0	0.2723278919217788	0.08908740944282467	1.0
658_O-152	2.0	2.0	0.26054903314369293	0.08421359974940068	1.0
659_O-152	2.0	2.0	0.283332695436256	0.09370387299109328	1.0
65_O-152	2.0	2.0	0.2565381787266148	0.08257012232116989	1.0
660_O-152	2.0	2.0	0.2504146918537763	0.08007695831932327	1.0
661_O-152	2.0	2.0	0.25774579602046577	0.08306408424029676	1.0
662_O-152	2.0	2.0	0.2669969137083777	0.08687287789325016	1.0
663_O-152	2.0	2.0	0.290301611381836	0.09665828300672219	1.0
664_O-152	3.0	3.0	0.2718639971572214	0.08815282919479583	0.999804228660924
665_O-152	2.0	2.0	0.23612953611050508	0.07433689663772403	1.0
666_O-152	2.0	2.0	0.2997323670372171	0.10069412950365342	1.0
667_O-152	2.0	2.0	0.30117919986263164	0.10131710576864483	1.0
668_O-152	2.0	2.0	0.23416277172287192	0.07355506407003198	1.0
669_O-152	3.0	3.0	0.26936813504866225	0.08712850168736164	0.9998074330829964
66_O-152	2.0	2.0	0.28158344574087446	0.09296604937974351	1.0
670_O-152	2.0	2.0	0.25053225266733	0.080124640123312	1.0
671_O-152	2.0	2.0	0.261364659863517	0.08454881656804725	1.0
672_O-152	2.0	2.0	0.27097956160890774	0.08852595019954856	1.0
673_O-152	3.0	3.0	0.2520009246693755	0.0799990553304637	0.9998012718600954
674_O-152	2.0	2.0	0.2719101276133693	0.08891335026486247	1.0
675_O-152	2.0	2.0	0.2623112196143366	0.08493827160493828	1.0
676_O-152	2.0	2.0	0.2964568933583498	0.0992875135624085	1.0
677_O-152	2.0	2.0	0.2598009614990572	0.08390644650392698	1.0
678_O-152	3.0	3.0	0.2824017459052926	0.09253827401102332	0.9997990757484428
679_O-152	2.0	2.0	0.2580575227250996	0.08319171408950177	1.0
67_O-152	2.0	2.0	0.25561276714475056	0.08219210102062435	1.0
680_O-152	2.0	2.0	0.25398940840780315	0.08153004156995336	1.0
681_O-152	2.0	2.0	0.2814866783838321	0.09292527762998248	1.0
682_O-152	2.0	2.0	0.25790480631118445	0.08312918137968683	1.0
683_O-152	2.0	2.0	0.27891994479356313	0.09184550979932804	1.0
684_O-152	2.0	2.0	0.2593470070603413	0.08372019541549358	1.0
685_O-152	2.0	2.0	0.24654524013588894	0.07851155404572685	1.0
686_O-152	3.0	3.0	0.29354472068883253	0.09727036143132495	0.9998043818466353
687_O-152	2.0	2.0	0.2543951183426241	0.08169537606323973	1.0
688_O-152	2.0	2.0	0.26425347703667124	0.0857388281596223	1.0
689_O-152	2.0	2.0	0.24222332864095136	0.07677236673496268	1.0
68_O-152	2.0	2.0	0.2838096221720561	0.09390530023855059	1.0
690_O-152	2.0	2.0	0.27587582800240457	0.09056916194828335	1.0
691_O-152	2.0	2.0	0.2512960467457424	0.08043460421194604	1.0
692_O-152	2.0	2.0	0.24558929392627607	0.07812602610004493	1.0
693_O-152	2.0	2.0	0.25617272370482963	0.08242078495824412	1.0
694_O-152	2.0	2.0	0.2602783827707753	0.08410243946712614	1.0
695_O-152	2.0	2.0	0.25308339559991455	0.08116113120597457	1.0
696_O-152	3.0	3.0	0.26846824791287716	0.08674602396515618	0.9998041903270022
697_O-152	2.0	2.0	0.26908559579738717	0.08773882679311629	1.0
698_O-152	2.0	2.0	0.2334385090863008	0.07326767420651148	1.0
699_O-152	3.0	3.0	0.2503132275922908	0.0793073406889323	0.9997982650796853
69_O-152	3.0	3.0	0.29153242176785404	0.09638993017083675	0.9997969543147208
6_O-152	2.0	2.0	0.2845486168618772	0.09421763200387345	1.0
700_O-152	3.0	3.0	0.2583432648291019	0.08256304273359194	0.999796541200407
701_O-152	3.0	3.0	0.26517462282257165	0.08537586580470569	0.9998005584363782
702_O-152	2.0	2.0	0.24457288005107627	0.07771663706679877	1.0
703_O-152	2.0	2.0	0.27803120595652037	0.09147239945940644	1.0
704_O-152	2.0	2.0	0.24291752185883958	0.07705105647380894	1.0
705_O-152	2.0	2.0	0.25755127733858624	0.08298446799245185	1.0
706_O-152	2.0	2.0	0.24744502693703513	0.07887486992715931	1.0
707_O-152	2.0	2.0	0.2449144839040201	0.07785416709789827	1.0
708_O-152	2.0	2.0	0.27664354715371114	0.09089061856680725	1.0
709_O-152	2.0	2.0	0.2808376020457212	0.09265191706057396	1.0
70_O-152	2.0	2.0	0.27153006751931624	0.08875507646376657	1.0
710_O-152	3.0	3.0	0.2545378534574401	0.0810340594798391	0.9998032657879206
711_O-152	2.0	2.0	0.2550490672017033	0.08196205146334679	1.0
712_O-152	2.0	2.0	0.25540659023871914	0.08210793990860399	1.0
713_O-152	2.0	2.0	0.2746553706162456	0.09005874210363962	1.0
714_O-152	2.0	2.0	0.23703166395164432	0.07469620236447416	1.0
715_O-152	3.0	3.0	0.24453658066458578	0.07698005564628685	0.999797529864345
716_O-152	3.0	3.0	0.2539900946069467	0.08081054706465696	0.9998029168309026
717_O-152	3.0	3.0	0.2720783253414919	0.08824892484945157	0.9998064640990904
718_O-152	2.0	2.0	0.22690414505111747	0.07068755846120656	1.0
719_O-152	2.0	2.0	0.2416704016125298	0.07655057119129616	1.0
71_O-152	2.0	2.0	0.2632823528732418	0.08533831179990314	1.0
720_O-152	2.0	2.0	0.24211340954669933	0.07672826206734085	1.0
721_O-152	2.0	2.0	0.25743472186445726	0.08293677129573473	1.0
722_O-152	3.0	3.0	0.25709417754039166	0.08208271046632931	0.9998060135790494
723_O-152	2.0	2.0	0.25959764223186516	0.08382301444052698	1.0
724_O-152	2.0	2.0	0.2619993716333191	0.0848099135776732	1.0
725_O-152	2.0	2.0	0.2671567887490128	0.08693908273958795	1.0
726_O-152	2.0	2.0	0.2689489353988073	0.08768210127457987	1.0
727_O-152	2.0	2.0	0.24992023836052857	0.07987649025140309	1.0
728_O-152	2.0	2.0	0.2566156309577579	0.08260178076409286	1.0
729_O-152	2.0	2.0	0.2625195748564794	0.08502405917839706	1.0
72_O-152	2.0	2.0	0.2477504420592752	0.07899828658744235	1.0
730_O-152	2.0	2.0	0.2376415907262262	0.07493937353331304	1.0
731_O-152	2.0	2.0	0.2506592332204315	0.08017615057109695	1.0
732_O-152	2.0	2.0	0.28100815201655205	0.09272372451315625	1.0
733_O-152	2.0	2.0	0.25006679552744693	0.07993589619963215	1.0
734_O-152	2.0	2.0	0.30130155865940883	0.10136983719910053	1.0
735_O-152	2.0	2.0	0.2636610236463006	0.08549442823834874	1.0
736_O-152	2.0	2.0	0.2666867801068527	0.08674448729626794	1.0
737_O-152	2.0	2.0	0.26754648569489775	0.08710051184378065	1.0
738_O-152	2.0	2.0	0.294370098541621	0.09839407312070736	1.0
739_O-152	2.0	2.0	0.26328882540089127	0.08534097964747878	1.0
73_O-152	3.0	3.0	0.26209309422102534	0.08411649140825295	0.9998027613412229
740_O-152	2.0	2.0	0.2829322465792581	0.09353483246109962	1.0
741_O-152	2.0	2.0	0.2568975003800174	0.08271702036475626	1.0
742_O-152	2.0	2.0	0.2550381226421494	0.0819575865395763	1.0
743_O-152	2.0	2.0	0.26723530179093524	0.08697160001456328	1.0
744_O-152	3.0	3.0	0.2522740013799007	0.08011724343160764	0.9998037676609105
745_O-152	3.0	3.0	0.2579262506296274	0.08242214513087698	0.9998060512024826
746_O-152	2.0	2.0	0.25117406813790727	0.08038508234429087	1.0
747_O-152	2.0	2.0	0.24558567825518687	0.0781245688278065	1.0
748_O-152	2.0	2.0	0.27175269469961544	0.08884777944784883	1.0
749_O-152	2.0	2.0	0.23175911652412592	0.0726023667465916	1.0
74_O-152	2.0	2.0	0.20640057811120757	0.06274326035669042	1.0
750_O-152	2.0	2.0	0.26299499773004853	0.08521989119283413	1.0
751_O-152	3.0	3.0	0.2635314017357213	0.08472117344381702	0.9998073217726396
752_O-152	2.0	2.0	0.2511680257008877	0.08038262938726959	1.0
753_O-152	2.0	2.0	0.2548709218217943	0.08188938325991013	1.0
754_O-152	2.0	2.0	0.2535336587372647	0.08134441634292555	1.0
755_O-152	2.0	2.0	0.30105368768289725	0.10126302285648259	1.0
756_O-152	2.0	2.0	0.23567534255642475	0.07415616133441838	1.0
757_O-152	2.0	2.0	0.25646515464995623	0.082540276703712	1.0
758_O-152	2.0	2.0	0.29164403761533025	0.09723012704497735	1.0
759_O-152	2.0	2.0	0.22860603769012613	0.07135733947298606	1.0
75_O-152	2.0	2.0	0.2538404384971498	0.08146935484508466	1.0
760_O-152	3.0	3.0	0.2674977997318025	0.08633192	0.9998
761_O-152	2.0	2.0	0.250696363620812	0.08019121433065335	1.0
762_O-152	2.0	2.0	0.27651454387456226	0.09083658222578306	1.0
763_O-152	2.0	2.0	0.28354799768090455	0.09379479074811536	1.0
764_O-152	2.0	2.0	0.22871068842869438	0.07139857595742716	1.0
765_O-152	2.0	2.0	0.27057688826788134	0.08835844987379593	1.0
766_O-152	2.0	2.0	0.27267449959167506	0.08923188807826232	1.0
767_O-152	3.0	3.0	0.2456312060814776	0.07741572334609526	0.99979633401222
768_O-152	2.0	2.0	0.24444989670407524	0.07766713884846821	1.0
769_O-152	3.0	3.0	0.24393362527559392	0.07675790270830674	0.9998040752351097
76_O-152	2.0	2.0	0.24753951741826175	0.07891304783514785	1.0
770_O-152	3.0	3.0	0.2458494809944707	0.07749026783520185	0.9997919267582189
771_O-152	2.0	2.0	0.28942408520072627	0.09628495221388911	1.0
772_O-152	2.0	2.0	0.2681478803450217	0.08734978579988883	1.0
773_O-152	2.0	2.0	0.2553787506441393	0.08209657750535926	1.0
774_O-152	2.0	2.0	0.28121395073634664	0.09281039209512554	1.0
775_O-152	3.0	3.0	0.264446146019293	0.08510222777739451	0.9998089050257978
776_O-152	2.0	2.0	0.24513663546715572	0.0779436383744112	1.0
777_O-152	2.0	2.0	0.2481079239082364	0.07914280498927062	1.0
778_O-152	2.0	2.0	0.25996265521454975	0.08397281262249834	1.0
779_O-152	3.0	3.0	0.24771529968790398	0.07828748175448519	0.9998075442648191
77_O-152	2.0	2.0	0.2788013949027104	0.09179571748821136	1.0
780_O-152	2.0	2.0	0.26708243700777784	0.08690829179989645	1.0
781_O-152	2.0	2.0	0.23214450595577818	0.0727549087275392	1.0
782_O-152	2.0	2.0	0.24063750386690755	0.0761366772177583	1.0
783_O-152	2.0	2.0	0.27020184092478644	0.08820251453231176	1.0
784_O-152	2.0	2.0	0.24120807688085744	0.0763652427304855	1.0
785_O-152	2.0	2.0	0.27220770870497196	0.08903732679754417	1.0
786_O-152	2.0	2.0	0.24785355802893658	0.07903996620994658	1.0
787_O-152	2.0	2.0	0.2735844847293173	0.08961148952450704	1.0
788_O-152	2.0	2.0	0.27922298888899927	0.09197282352710334	1.0
789_O-152	2.0	2.0	0.2763568536633118	0.09077054089760139	1.0
78_O-152	2.0	2.0	0.2634238930709725	0.08539665672710428	1.0
790_O-152	2.0	2.0	0.2649475012856102	0.08602535508455489	1.0
791_O-152	2.0	2.0	0.2613371114223964	0.08453748881018686	1.0
792_O-152	2.0	2.0	0.2599921716040522	0.08398492887351017	1.0
793_O-152	2.0	2.0	0.2687368123509924	0.08759407109196138	1.0
794_O-152	2.0	2.0	0.25568960282455405	0.08222347083485948	1.0
795_O-152	2.0	2.0	0.2555091554492606	0.08214980413988526	1.0
796_O-152	2.0	2.0	0.25365272536273975	0.08139290139934108	1.0
797_O-152	2.0	2.0	0.2374618184685111	0.0748676797375949	1.0
798_O-152	2.0	2.0	0.26356964814376227	0.08545674973913475	1.0
799_O-152	2.0	2.0	0.27937983066984556	0.09203873321048461	1.0
79_O-152	2.0	2.0	0.2586545062578469	0.08343627542636156	1.0
7_O-152	2.0	2.0	0.25962653283528014	0.08383486841035426	1.0
800_O-152	3.0	3.0	0.22876333508149688	0.07075111293810787	0.9998077662437524
801_O-152	2.0	2.0	0.2600968198873177	0.08402788978033593	1.0
802_O-152	2.0	2.0	0.27925106295555613	0.09198462020549858	1.0
803_O-152	2.0	2.0	0.2551924669095513	0.0820205582687501	1.0
804_O-152	3.0	3.0	0.2367643936319108	0.07389562029880259	0.9998029944838456
805_O-152	3.0	3.0	0.2747376505693818	0.08935708580031598	0.9998071359691417
806_O-152	3.0	3.0	0.2359531699677595	0.07357349113353084	0.9998028779814705
807_O-152	2.0	2.0	0.2656310540623653	0.08630779784078157	1.0
808_O-152	2.0	2.0	0.2909061699216973	0.09691570270755734	1.0
809_O-152	2.0	2.0	0.27736088083893706	0.09119124352550156	1.0
80_O-152	2.0	2.0	0.26725213265690395	0.08697857115901919	1.0
810_O-152	2.0	2.0	0.27516204640408465	0.09027055377208071	1.0
811_O-152	2.0	2.0	0.27627886226327913	0.09073788235290259	1.0
812_O-152	3.0	3.0	0.25126819411033374	0.07971322983400075	0.999804801873902
813_O-152	2.0	2.0	0.2532775179918012	0.0812401382511514	1.0
814_O-152	2.0	2.0	0.2552948857682765	0.08206235145636476	1.0
815_O-152	2.0	2.0	0.2351933818192415	0.07396449704142016	1.0
816_O-152	3.0	3.0	0.26825782160862494	0.0866462333273631	0.9998001199280432
817_O-152	2.0	2.0	0.2597095224717703	0.08386892188030637	1.0
818_O-152	2.0	2.0	0.2730106510896168	0.0893720657570376	1.0
819_O-152	2.0	2.0	0.24289631708564333	0.07704253988090337	1.0
81_O-152	3.0	3.0	0.27264789864168576	0.0884733479992531	0.9998026445628577
820_O-152	2.0	2.0	0.24545494234046825	0.07807188118668429	1.0
821_O-152	2.0	2.0	0.25671721060333946	0.08264330591578672	1.0
822_O-152	2.0	2.0	0.2768043661568449	0.0909579933606468	1.0
823_O-152	2.0	2.0	0.25940700243435255	0.0837448046192959	1.0
824_O-152	3.0	3.0	0.28135305275660705	0.09212151161387727	0.999806426635695
825_O-152	2.0	2.0	0.24269844439761282	0.07696307856534834	1.0
826_O-152	2.0	2.0	0.25747356072695843	0.08295266411510172	1.0
827_O-152	2.0	2.0	0.2848706211618686	0.09435380943659699	1.0
828_O-152	2.0	2.0	0.2534065205835217	0.08129265257477092	1.0
829_O-152	2.0	2.0	0.2562101042413571	0.0824360567625404	1.0
82_O-152	2.0	2.0	0.27742650870032476	0.09121876008462126	1.0
830_O-152	2.0	2.0	0.2578702181854863	0.08311502026052531	1.0
831_O-152	2.0	2.0	0.25924015520023413	0.0836763709476569	1.0
832_O-152	2.0	2.0	0.25603599635294105	0.08236493117632637	1.0
833_O-152	2.0	2.0	0.24401737517823585	0.07749312108164319	1.0
834_O-152	2.0	2.0	0.28991443379525805	0.0964935174833137	1.0
835_O-152	2.0	2.0	0.2557067445066896	0.08223046970917158	1.0
836_O-152	2.0	2.0	0.24995675721809676	0.07989129187642563	1.0
837_O-152	2.0	2.0	0.25102568981982115	0.08032485291733549	1.0
838_O-152	2.0	2.0	0.23053864268752816	0.07211981439619275	1.0
839_O-152	2.0	2.0	0.2790096224306498	0.09188318007276397	1.0
83_O-152	2.0	2.0	0.2534145942989214	0.08129593950575909	1.0
840_O-152	2.0	2.0	0.24501907674145676	0.07789628851390051	1.0
841_O-152	2.0	2.0	0.26811841726324465	0.08733756929824477	1.0
842_O-152	2.0	2.0	0.2702366504374777	0.08821698447989434	1.0
843_O-152	2.0	2.0	0.2604686708422424	0.08418058980429	1.0
844_O-152	2.0	2.0	0.2597706365661104	0.08389400132500469	1.0
845_O-152	2.0	2.0	0.25621524929600964	0.08243815882901195	1.0
846_O-152	2.0	2.0	0.26473432186566354	0.08593731823855144	1.0
847_O-152	2.0	2.0	0.28123525551064826	0.09281936532807089	1.0
848_O-152	2.0	2.0	0.2769234933841829	0.09100790978150197	1.0
849_O-152	2.0	2.0	0.24331889526308792	0.0772123069719357	1.0
84_O-152	2.0	2.0	0.23343745364895435	0.07326725561023228	1.0
850_O-152	2.0	2.0	0.23794100120289985	0.07505881757392441	1.0
851_O-152	2.0	2.0	0.26214941823561694	0.08487166724376749	1.0
852_O-152	2.0	2.0	0.22361811594892292	0.06939878522169796	1.0
853_O-152	2.0	2.0	0.26440420072315934	0.08580103342511047	1.0
854_O-152	2.0	2.0	0.2628689159751906	0.08516794548831186	1.0
855_O-152	2.0	2.0	0.23857916434605725	0.07531355929268324	1.0
856_O-152	2.0	2.0	0.26914388284668683	0.08776302366867728	1.0
857_O-152	3.0	3.0	0.27954513876400633	0.09135089927836093	0.9998026056060008
858_O-152	2.0	2.0	0.2607995139269696	0.08431650942757019	1.0
859_O-152	2.0	2.0	0.23780103397907476	0.07500297441998827	1.0
85_O-152	2.0	2.0	0.2519382656735919	0.08069546477058287	1.0
860_O-152	3.0	3.0	0.27249651485313003	0.0884187691814674	0.9998052580331062
861_O-152	2.0	2.0	0.2757316223070183	0.09050881346422512	1.0
862_O-152	2.0	2.0	0.260688150370055	0.08427075190832811	1.0
863_O-152	2.0	2.0	0.2560953685166754	0.08238918380910865	1.0
864_O-152	3.0	3.0	0.26323191459176165	0.08459380865183819	0.9998059382883757
865_O-152	2.0	2.0	0.2824649047715847	0.09333765474218114	1.0
866_O-152	3.0	3.0	0.2709597282247363	0.08775337399059702	0.999796541200407
867_O-152	2.0	2.0	0.2693749640055406	0.08785896993254405	1.0
868_O-152	2.0	2.0	0.27422621765527017	0.0898794386277566	1.0
869_O-152	2.0	2.0	0.25253077151613923	0.08093632215830193	1.0
86_O-152	3.0	3.0	0.28078578368921503	0.09188510904727121	0.9998069498069498
870_O-152	2.0	2.0	0.2489001586959571	0.07946331753490643	1.0
871_O-152	2.0	2.0	0.26540140204314	0.08621287960961421	1.0
872_O-152	2.0	2.0	0.26668575588851506	0.08674406336608698	1.0
873_O-152	2.0	2.0	0.286102298231492	0.09487516375199334	1.0
874_O-152	2.0	2.0	0.25168308264875683	0.08059178730136929	1.0
875_O-152	3.0	3.0	0.29014953475289623	0.09581235845361635	0.9997998398718975
876_O-152	2.0	2.0	0.27822100690777873	0.09155204871077571	1.0
877_O-152	2.0	2.0	0.31060239535013895	0.10539911930954737	1.0
878_O-152	2.0	2.0	0.24185725473562716	0.0766255055252445	1.0
879_O-152	2.0	2.0	0.26585677346852454	0.08640111672699935	1.0
87_O-152	2.0	2.0	0.24774751268154652	0.0789971026098466	1.0
880_O-152	2.0	2.0	0.2476393516393583	0.07895338989160394	1.0
881_O-152	2.0	2.0	0.2948393943719279	0.09859481318188434	1.0
882_O-152	2.0	2.0	0.24057315486353348	0.07611091048054441	1.0
883_O-152	2.0	2.0	0.28057353006878744	0.09254076203582917	1.0
884_O-152	2.0	2.0	0.26110818054637147	0.0844433687602466	1.0
885_O-152	2.0	2.0	0.2620333515595976	0.08482389746087082	1.0
886_O-152	2.0	2.0	0.28239796321338656	0.0933094200475475	1.0
887_O-152	2.0	2.0	0.25845076597270195	0.08335279027303066	1.0
888_O-152	2.0	2.0	0.24918391777636306	0.07957819682874279	1.0
889_O-152	2.0	2.0	0.2529408787594921	0.08110313982586081	1.0
88_O-152	2.0	2.0	0.2515255361171629	0.08052779509907482	1.0
890_O-152	2.0	2.0	0.24342947006003982	0.07725674493813872	1.0
891_O-152	3.0	3.0	0.27270397877380703	0.08849911674469879	0.9998034204835856
892_O-152	3.0	3.0	0.2926959534242109	0.09691160380757069	0.9998051441932969
893_O-152	2.0	2.0	0.2615625191096597	0.0846301865139596	1.0
894_O-152	2.0	2.0	0.24758306615050493	0.07893064482251622	1.0
895_O-152	2.0	2.0	0.2744487108746277	0.08997238654151696	1.0
896_O-152	3.0	3.0	0.2537504085035045	0.08072227278228183	0.9998058629392351
897_O-152	2.0	2.0	0.27259379813377604	0.0891982434041182	1.0
898_O-152	2.0	2.0	0.26652744815076007	0.08667854521762797	1.0
899_O-152	2.0	2.0	0.2718260567436405	0.0888783331944829	1.0
89_O-152	2.0	2.0	0.2594257922443253	0.0837525122969105	1.0
8_O-152	2.0	2.0	0.24546054831464495	0.07807414025625925	1.0
900_O-152	2.0	2.0	0.26459552315966867	0.08588001084657026	1.0
901_O-152	2.0	2.0	0.2335344303258703	0.0733057199531737	1.0
902_O-152	2.0	2.0	0.27358127527391557	0.08961014996700611	1.0
903_O-152	2.0	2.0	0.2689146486252245	0.08766787086818217	1.0
904_O-152	2.0	2.0	0.28838497810663766	0.09584336659256043	1.0
905_O-152	2.0	2.0	0.2550198775527135	0.08195014344145579	1.0
906_O-152	2.0	2.0	0.26343306276302253	0.08540043695904309	1.0
907_O-152	2.0	2.0	0.25987254193572995	0.08393582457170612	1.0
908_O-152	3.0	3.0	0.25354310810562164	0.08063606641174492	0.9998051821546854
909_O-152	2.0	2.0	0.25407922340682537	0.08156663555945975	1.0
90_O-152	2.0	2.0	0.2721508832532053	0.08901364906894571	1.0
910_O-152	2.0	2.0	0.2718001357976584	0.08886753735748099	1.0
911_O-152	2.0	2.0	0.2922040483735845	0.09746893931978762	1.0
912_O-152	2.0	2.0	0.21559791916581839	0.06627808480199326	1.0
913_O-152	2.0	2.0	0.2636610236463006	0.08549442823834874	1.0
914_O-152	2.0	2.0	0.25695548892505193	0.08274073348995281	1.0
915_O-152	2.0	2.0	0.28092573046308217	0.0926890203813282	1.0
916_O-152	2.0	2.0	0.25762541064500666	0.08301480836867214	1.0
917_O-152	2.0	2.0	0.27819569501970604	0.09154142563708967	1.0
918_O-152	2.0	2.0	0.277626209101551	0.09130250399408069	1.0
919_O-152	2.0	2.0	0.2517004537378553	0.08059884387292837	1.0
91_O-152	3.0	3.0	0.2706448902974919	0.08766856893736086	0.9998109640831758
920_O-152	2.0	2.0	0.2515380693594934	0.08053288537632497	1.0
921_O-152	3.0	3.0	0.2709276249319012	0.08776459955346383	0.9998043052837573
922_O-152	2.0	2.0	0.2731193045983161	0.08941738719442527	1.0
923_O-152	2.0	2.0	0.2758284571892898	0.09054933664349618	1.0
924_O-152	2.0	2.0	0.2499550329509355	0.07989059299022339	1.0
925_O-152	2.0	2.0	0.2585612991589744	0.08339808000000004	1.0
926_O-152	2.0	2.0	0.25567743087463035	0.0822185011725085	1.0
927_O-152	2.0	2.0	0.27771233199950346	0.09133862556337746	1.0
928_O-152	2.0	2.0	0.2524431570136612	0.08090069484927231	1.0
929_O-152	3.0	3.0	0.2453616625936026	0.07734019672941939	0.9998072474942175
92_O-152	3.0	3.0	0.27164419938744966	0.08804895571578597	0.9998002397123452
930_O-152	2.0	2.0	0.25306052793264294	0.08115182543932487	1.0
931_O-152	2.0	2.0	0.262626710424513	0.08506817947236311	1.0
932_O-152	2.0	2.0	0.22289964367052673	0.06911778524374301	1.0
933_O-152	3.0	3.0	0.2463702875741815	0.07774224806201557	0.9998062015503876
934_O-152	2.0	2.0	0.24713767537920675	0.07875071994449101	1.0
935_O-152	2.0	2.0	0.2646346197186295	0.08589615209551482	1.0
936_O-152	2.0	2.0	0.2675372106812884	0.08709666884538358	1.0
937_O-152	2.0	2.0	0.2644104575613186	0.08580361593812658	1.0
938_O-152	3.0	3.0	0.25889114137495384	0.08279366338878336	0.9997987927565393
939_O-152	2.0	2.0	0.27877142705777513	0.0917831317562341	1.0
93_O-152	2.0	2.0	0.27676367779478184	0.09094094583592116	1.0
940_O-152	2.0	2.0	0.2506925459161666	0.08018966545936079	1.0
941_O-152	2.0	2.0	0.2653615299007059	0.08619640264826578	1.0
942_O-152	2.0	2.0	0.2882847257954735	0.09580079070873215	1.0
943_O-152	2.0	2.0	0.2726177041653686	0.08920820955819408	1.0
944_O-152	3.0	3.0	0.2825598741519192	0.09263486463183368	0.9998083556918359
945_O-152	2.0	2.0	0.23953100120380325	0.07569391445959961	1.0
946_O-152	3.0	3.0	0.25879903229754575	0.08277304391450713	0.9998043052837573
947_O-152	2.0	2.0	0.25338995131312636	0.08128590708111272	1.0
948_O-152	2.0	2.0	0.24973063797695905	0.07979965360321906	1.0
949_O-152	2.0	2.0	0.2749411446239656	0.09017819181267361	1.0
94_O-152	2.0	2.0	0.26961467562932395	0.08795852805952875	1.0
950_O-152	2.0	2.0	0.28106744689262453	0.09274869308822065	1.0
951_O-152	2.0	2.0	0.25323616757463574	0.08122330716126425	1.0
952_O-152	2.0	2.0	0.24067400352725526	0.07615129344640881	1.0
953_O-152	2.0	2.0	0.25655842500683246	0.08257839764940256	1.0
954_O-152	2.0	2.0	0.25111380861466354	0.08036062054233728	1.0
955_O-152	2.0	2.0	0.2427629867646782	0.07698899509378831	1.0
956_O-152	2.0	2.0	0.27345529215459746	0.08955757140494347	1.0
957_O-152	2.0	2.0	0.24160433850379248	0.07652408208817363	1.0
958_O-152	2.0	2.0	0.2610549952403608	0.08442150658585978	1.0
959_O-152	2.0	2.0	0.25604300489625087	0.08236779396602167	1.0
95_O-152	2.0	2.0	0.23727440464022437	0.07479295674423536	1.0
960_O-152	2.0	2.0	0.26660862312211475	0.08671213917211262	1.0
961_O-152	2.0	2.0	0.2558632907509337	0.08229439386273874	1.0
962_O-152	2.0	2.0	0.2515458635905191	0.080536050982702	1.0
963_O-152	2.0	2.0	0.2550876505703788	0.0819777923610494	1.0
964_O-152	2.0	2.0	0.28010591084397995	0.09234401328811859	1.0
965_O-152	2.0	2.0	0.23848854580800105	0.07527737305474602	1.0
966_O-152	2.0	2.0	0.280678786637172	0.09258506322495386	1.0
967_O-152	2.0	2.0	0.27325817865922886	0.08947532281113824	1.0
968_O-152	3.0	3.0	0.24857035242350017	0.0786238216508498	0.9998048399687745
969_O-152	2.0	2.0	0.30172371467608017	0.10155182380414507	1.0
96_O-152	2.0	2.0	0.2570311090472898	0.08277165925321617	1.0
970_O-152	2.0	2.0	0.2582020719951991	0.08325091362802728	1.0
971_O-152	2.0	2.0	0.26292049484628616	0.0851891950137178	1.0
972_O-152	2.0	2.0	0.2784485740415843	0.09164757001887569	1.0
973_O-152	2.0	2.0	0.27153127405297095	0.08875557880283957	1.0
974_O-152	2.0	2.0	0.28074945621515746	0.09261481025810325	1.0
975_O-152	3.0	3.0	0.25691897409442016	0.0820009309630273	0.9998026445628577
976_O-152	2.0	2.0	0.2818947320035064	0.09309723749516485	1.0
977_O-152	3.0	3.0	0.2701358966221029	0.08743097871793049	0.9998025666337611
978_O-152	3.0	3.0	0.2567421899505332	0.08193495560268094	0.9998046111762408
979_O-152	2.0	2.0	0.24598645160721383	0.07828613955590424	1.0
97_O-152	3.0	3.0	0.27984707042197193	0.09148166089965415	0.9998039215686274
980_O-152	2.0	2.0	0.23789681339454039	0.07504118670423243	1.0
981_O-152	2.0	2.0	0.272226495044841	0.08904515494671839	1.0
982_O-152	2.0	2.0	0.25894667933166876	0.083556034168637	1.0
983_O-152	2.0	2.0	0.2557489464048073	0.0822477012057643	1.0
984_O-152	3.0	3.0	0.2631819862704168	0.0845654396670723	0.9998034204835856
985_O-152	2.0	2.0	0.2657115334994117	0.08634106738916092	1.0
986_O-152	2.0	2.0	0.237473225100585	0.07487222823147643	1.0
987_O-152	2.0	2.0	0.2453794761032968	0.07804147175428566	1.0
988_O-152	2.0	2.0	0.24759581681222698	0.07893579724334421	1.0
989_O-152	2.0	2.0	0.24690155246532464	0.07865537521519772	1.0
98_O-152	2.0	2.0	0.22449618621699205	0.06974258740953698	1.0
990_O-152	2.0	2.0	0.27992030850384464	0.09226595197861931	1.0
991_O-152	2.0	2.0	0.2820817774676367	0.09317608877378758	1.0
992_O-152	3.0	3.0	0.23822256825459245	0.07446420842039625	0.9997993579454254
993_O-152	2.0	2.0	0.2587423868109581	0.08347229216160157	1.0
994_O-152	2.0	2.0	0.25689008161521415	0.08271398675069408	1.0
995_O-152	2.0	2.0	0.2820609224328635	0.09316729622432551	1.0
996_O-152	2.0	2.0	0.2605448722585158	0.08421189052628941	1.0
997_O-152	2.0	2.0	0.2614881116022048	0.08459958395815792	1.0
998_O-152	2.0	2.0	0.28098500777335306	0.09271397913901169	1.0
999_O-152	2.0	2.0	0.2563061318544594	0.0824752921048475	1.0
99_O-152	3.0	3.0	0.24849691903935164	0.07859444914415015	0.999804916113929
9_O-152	2.0	2.0	0.2727002665085654	0.08924263106934793	1.0
