	chao1	observed_otus	shannon	simpson	goods_coverage
1000_O-121	8.333333333333334	8.0	2.2557667834624544	0.7445987654320988	0.9722222222222222
100_O-121	10.2	10.0	2.3779171786721847	0.7472527472527473	0.978021978021978
101_O-121	10.0	10.0	2.6198062144393197	0.7946797520661157	0.9886363636363636
102_O-121	6.0	6.0	1.991576050694002	0.69091796875	0.984375
103_O-121	15.5	13.0	2.7183903200593194	0.7950624628197501	0.9390243902439024
104_O-121	18.5	11.0	2.42961226017558	0.7508188460569414	0.9047619047619048
105_O-121	11.5	10.0	2.2561578886196485	0.7114656571119524	0.9651162790697675
106_O-121	10.0	9.0	2.1876284731734006	0.7136752136752136	0.9615384615384616
107_O-121	11.75	11.0	2.5080298774961625	0.7585322864925492	0.9620253164556962
108_O-121	11.0	11.0	2.6740635433634723	0.793241965973535	0.9891304347826086
109_O-121	23.5	13.0	2.6029159740004526	0.7710302836083961	0.9113924050632911
10_O-121	15.5	13.0	2.5280723325756367	0.7425135853855938	0.946236559139785
110_O-121	12.166666666666666	12.0	2.5631224801480648	0.7654320987654322	0.9797979797979798
111_O-121	9.25	9.0	2.2179920323675435	0.7188090737240076	0.9782608695652174
112_O-121	12.0	10.0	2.39906388194432	0.7438888888888889	0.9333333333333333
113_O-121	8.5	8.0	2.142631692993942	0.7293827160493827	0.9777777777777777
114_O-121	10.25	10.0	2.4056553288803033	0.7569035762788592	0.9787234042553191
115_O-121	12.5	11.0	2.739196325089448	0.8131804325736682	0.963855421686747
116_O-121	11.0	11.0	2.723436191354879	0.7922335600907029	0.9880952380952381
117_O-121	12.0	10.0	2.397901899175933	0.7476484815909703	0.9344262295081968
118_O-121	11.0	10.0	2.4181572984067525	0.7595997836668469	0.9651162790697675
119_O-121	21.0	11.0	2.647524409675691	0.8014464168310322	0.9358974358974359
11_O-121	18.0	13.0	2.5046940713297285	0.7484603308779134	0.9340659340659341
120_O-121	10.25	10.0	2.391103548928811	0.7439156300703083	0.9767441860465116
121_O-121	13.0	10.0	2.443240353832814	0.7573302469135803	0.9444444444444444
122_O-121	13.2	12.0	2.4284265384128956	0.7507507507507507	0.963963963963964
123_O-121	19.5	12.0	2.362359854922818	0.7236343969713359	0.9302325581395349
124_O-121	40.0	12.0	2.5065009836441012	0.7770156988263984	0.9012345679012346
125_O-121	11.75	11.0	2.4961590011466073	0.7617741197988112	0.962962962962963
126_O-121	11.6	11.0	2.3789585745571884	0.7294619722603262	0.962962962962963
127_O-121	18.5	11.0	2.358456462316343	0.7437944549281463	0.927710843373494
128_O-121	15.0	9.0	2.3312024463874264	0.7448015122873346	0.9420289855072463
129_O-121	7.0	7.0	2.127937622365728	0.7279473772980267	0.987012987012987
12_O-121	11.75	11.0	2.5488682962451383	0.7823724007561437	0.967391304347826
130_O-121	11.75	11.0	2.6023123323267585	0.7787396121883656	0.9605263157894737
131_O-121	12.0	10.0	2.356252512337886	0.7424489795918368	0.9428571428571428
132_O-121	12.6	12.0	2.483783873917366	0.7470112305277141	0.967032967032967
133_O-121	14.5	12.0	2.7973018330046777	0.8106865843148521	0.9152542372881356
134_O-121	9.333333333333334	9.0	2.362097093628183	0.7550217876501222	0.979381443298969
135_O-121	14.5	12.0	2.6035742512883937	0.7783824357290299	0.9315068493150684
136_O-121	15.0	9.0	2.189345054820616	0.7165625	0.95
137_O-121	13.0	10.0	2.3651091394709587	0.7337257617728532	0.9473684210526316
138_O-121	23.5	13.0	2.657474013412078	0.7884375	0.9125
139_O-121	8.0	7.0	2.1235908383805135	0.718772826880935	0.972972972972973
13_O-121	10.2	10.0	2.4240528597950957	0.7559878066482799	0.9759036144578314
140_O-121	9.5	9.0	2.499624216182296	0.7864711859486138	0.9759036144578314
141_O-121	8.0	7.0	2.1985885553980595	0.746530612244898	0.9714285714285714
142_O-121	16.333333333333332	13.0	2.668237039755128	0.7888	0.95
143_O-121	9.333333333333334	9.0	2.443710387523992	0.7697368421052632	0.9736842105263158
144_O-121	7.5	7.0	2.242264623201597	0.7620247847090947	0.9710144927536232
145_O-121	9.333333333333334	9.0	2.398152592889366	0.7578239865574459	0.9710144927536232
146_O-121	10.0	9.0	2.3643343445839666	0.7676977989292088	0.9634146341463414
147_O-121	13.0	11.0	2.4793841296553967	0.7467141902428158	0.9402985074626866
148_O-121	8.5	8.0	2.282975305642096	0.73334818445088	0.9701492537313433
149_O-121	11.75	11.0	2.6453862040764937	0.7983539094650206	0.962962962962963
14_O-121	12.0	9.0	2.4181674242743103	0.7689258818866429	0.9655172413793104
150_O-121	11.0	8.0	2.284886346102284	0.755235457063712	0.968421052631579
151_O-121	7.5	7.0	2.079248480566542	0.7269560168384381	0.9759036144578314
152_O-121	7.0	7.0	2.3293471976283366	0.7683518005540166	1.0
153_O-121	10.5	9.0	2.3808097317715067	0.7655817174515236	0.9605263157894737
154_O-121	9.0	9.0	2.4862482951696268	0.7757553011822106	0.9863013698630136
155_O-121	15.0	10.0	2.1714079010828238	0.7229710623055896	0.9514563106796117
156_O-121	10.0	9.0	2.243321592683448	0.7359386413440467	0.9594594594594594
157_O-121	14.0	12.0	2.7069427694330597	0.7959152568206067	0.9506172839506173
158_O-121	12.0	9.0	2.25093384932935	0.746814404432133	0.9578947368421052
159_O-121	18.5	11.0	2.264716951034659	0.7130793769938075	0.9178082191780822
15_O-121	9.5	9.0	2.5598721219020133	0.7962705812338822	0.971830985915493
160_O-121	9.25	9.0	2.1280605147369998	0.6854043392504932	0.9743589743589743
161_O-121	13.0	10.0	2.3165232390673633	0.7350427350427351	0.9487179487179487
162_O-121	11.2	11.0	2.652817629991094	0.7929145361577794	0.972972972972973
163_O-121	22.5	12.0	2.2770033280463653	0.7201110970837016	0.9213483146067416
164_O-121	14.0	11.0	2.489392773632501	0.7675659198292943	0.9506172839506173
165_O-121	10.0	10.0	2.436146174054796	0.7525826446280992	0.9886363636363636
166_O-121	15.0	13.0	2.5037675489937437	0.7432138191319495	0.9397590361445783
167_O-121	9.25	9.0	2.5443569011445146	0.7882653061224489	0.9642857142857143
168_O-121	18.5	11.0	2.3764836063870773	0.755859375	0.9375
169_O-121	8.333333333333334	8.0	2.34789656417003	0.7658402203856749	0.9696969696969697
16_O-121	13.5	12.0	2.7240497196009614	0.8053125	0.95
170_O-121	11.6	11.0	2.6082690626294696	0.79	0.9625
171_O-121	12.0	11.0	2.5703176933166922	0.773892185330135	0.9662921348314607
172_O-121	15.0	9.0	2.3100733175361925	0.7486609799642929	0.9436619718309859
173_O-121	13.0	11.0	2.5768733850864147	0.7935802469135802	0.9555555555555556
174_O-121	11.0	8.0	2.2810721809087795	0.7502479666732791	0.9577464788732395
175_O-121	20.0	10.0	2.2638283168604487	0.7247229916897507	0.9342105263157895
176_O-121	20.5	13.0	2.7406257068141193	0.8006198347107438	0.9318181818181819
177_O-121	11.6	11.0	2.3666117677326843	0.7319328841326463	0.9655172413793104
178_O-121	10.5	10.0	2.5747423826149007	0.7678738975417527	0.9726027397260274
179_O-121	12.0	10.0	2.536175756252054	0.7820478366030637	0.9344262295081968
17_O-121	17.333333333333332	14.0	2.8037274622509005	0.7935717519239475	0.9468085106382979
180_O-121	15.333333333333334	12.0	2.6575049642352773	0.7870708546384222	0.9324324324324325
181_O-121	10.0	7.0	1.9707029942397811	0.6787109375	0.953125
182_O-121	18.0	13.0	2.655787285919613	0.7889273356401384	0.9294117647058824
183_O-121	19.5	12.0	2.669537020525231	0.796397072621505	0.9178082191780822
184_O-121	11.0	10.0	2.65117109992668	0.8036126864104179	0.9565217391304348
185_O-121	12.6	12.0	2.6141689399495327	0.7802770083102493	0.968421052631579
186_O-121	12.0	9.0	2.1375751284071574	0.7024489795918367	0.9428571428571428
187_O-121	23.5	13.0	2.499743712343901	0.7489669421487603	0.9204545454545454
188_O-121	10.0	9.0	2.206700932979006	0.7371090448013524	0.967032967032967
189_O-121	12.25	12.0	2.8221462795661045	0.8146386576826529	0.9770114942528736
18_O-121	15.0	10.0	2.441846660751065	0.7607009480034472	0.9152542372881356
190_O-121	14.0	12.0	2.5813189926324167	0.77585290679137	0.9587628865979382
191_O-121	15.0	12.0	2.7482169589150987	0.7983742197706488	0.9518072289156626
192_O-121	9.0	9.0	2.4412145042207585	0.7754312908982748	0.9878048780487805
193_O-121	7.0	7.0	2.291358498237587	0.7623078636667409	0.9850746268656716
194_O-121	10.5	9.0	2.384531236868725	0.7616798785629955	0.961038961038961
195_O-121	9.5	8.0	2.066856398341197	0.7193891978508813	0.970873786407767
196_O-121	15.75	12.0	2.418252996132672	0.7463111111111111	0.92
197_O-121	12.5	11.0	2.683114229936339	0.7953055936595032	0.962962962962963
198_O-121	15.2	14.0	2.919216764259727	0.8193409922989522	0.9550561797752809
199_O-121	9.2	9.0	2.169133275446415	0.7126710291493159	0.975609756097561
19_O-121	9.5	8.0	1.964462910887422	0.6718488035360464	0.962962962962963
1_O-121	8.0	8.0	2.498167595917151	0.7859375	1.0
200_O-121	18.75	15.0	2.8548921543362265	0.810649750096117	0.9411764705882353
201_O-121	8.0	8.0	2.1550455468258036	0.7094671201814059	0.9880952380952381
202_O-121	14.0	11.0	2.7308412811067795	0.81125	0.95
203_O-121	11.0	11.0	2.594659577005479	0.7851999999999999	0.99
204_O-121	12.0	10.0	2.3596545843273966	0.753404903060407	0.9493670886075949
205_O-121	11.0	10.0	2.36945374559371	0.732741617357002	0.9615384615384616
206_O-121	13.5	12.0	2.6300047410585536	0.7842076798269335	0.9534883720930233
207_O-121	10.75	10.0	2.3476475814026987	0.7380952380952381	0.9642857142857143
208_O-121	9.25	9.0	2.191299362113392	0.7129684711481261	0.975609756097561
209_O-121	7.5	7.0	2.0109765373613175	0.6973435912323994	0.9759036144578314
20_O-121	11.0	10.0	2.3860039097527235	0.7571299230421005	0.9680851063829787
210_O-121	10.0	9.0	2.1781851143580697	0.7208227040816326	0.9732142857142857
211_O-121	18.5	11.0	2.2836848317570624	0.7145328719723183	0.9117647058823529
212_O-121	15.2	14.0	2.804428375739528	0.7892249527410208	0.9565217391304348
213_O-121	11.2	11.0	2.523110796006971	0.7687617941646103	0.9759036144578314
214_O-121	9.25	9.0	2.4999530886766776	0.7911428035278664	0.9726027397260274
215_O-121	7.5	7.0	2.086565837770266	0.6968297937827024	0.9649122807017544
216_O-121	9.25	9.0	2.213506292893128	0.6959304983996342	0.9753086419753086
217_O-121	10.0	9.0	2.455953437436506	0.7729105079279763	0.9508196721311475
218_O-121	8.0	8.0	2.167311467586189	0.7315527387958352	0.9893617021276596
219_O-121	11.0	10.0	2.4060172015616166	0.7575954861111112	0.96875
21_O-121	14.0	13.0	2.5115046855428877	0.74283550056811	0.9550561797752809
220_O-121	8.333333333333334	8.0	2.252450265222951	0.7411227930966079	0.971830985915493
221_O-121	25.5	15.0	2.9428157080781476	0.8150969529085872	0.9078947368421053
222_O-121	11.0	9.0	2.154318869901343	0.7110059171597634	0.9384615384615385
223_O-121	11.2	11.0	2.6246240788272432	0.7750046913116908	0.9726027397260274
224_O-121	10.5	9.0	2.23009603376022	0.7299149338374291	0.967391304347826
225_O-121	17.0	12.0	2.4641147876515204	0.741782322863404	0.9189189189189189
226_O-121	13.333333333333334	10.0	2.0616852421433047	0.6839569160997733	0.9404761904761905
227_O-121	12.5	11.0	2.5383735479762133	0.7806648279866454	0.9518072289156626
228_O-121	14.0	8.0	2.1492739388336415	0.7281172884308318	0.9518072289156626
229_O-121	9.5	9.0	2.652153720356114	0.8088888888888889	0.9666666666666667
22_O-121	15.0	10.0	2.3882534636879407	0.7630187469956737	0.9367088607594937
230_O-121	14.428571428571429	14.0	2.572447534017326	0.7271970012494793	0.9693877551020408
231_O-121	9.0	9.0	2.3564787390422475	0.7543129089827484	0.9878048780487805
232_O-121	7.0	7.0	2.263116504179627	0.7546938775510204	1.0
233_O-121	10.6	10.0	2.3235267314916843	0.7246157722348199	0.9523809523809523
234_O-121	14.0	8.0	1.882923000510982	0.6571626297577855	0.9529411764705882
235_O-121	19.0	14.0	2.8605457763327617	0.811875	0.925
236_O-121	11.75	11.0	2.7038232943061042	0.8044049967126891	0.9615384615384616
237_O-121	9.0	9.0	2.6201308545983855	0.7885943417242147	0.9850746268656716
238_O-121	17.0	12.0	2.4713120790359087	0.7621824239900041	0.9489795918367347
239_O-121	18.0	13.0	2.647374382815787	0.78150826446281	0.9318181818181819
23_O-121	12.0	9.0	2.2448026354887403	0.7271581600504096	0.9420289855072463
240_O-121	8.333333333333334	8.0	2.17217017449414	0.7242666666666666	0.9733333333333334
241_O-121	9.333333333333334	9.0	2.4552469877138074	0.7780804358275917	0.9746835443037974
242_O-121	25.0	10.0	2.397071198179239	0.75927734375	0.90625
243_O-121	8.0	8.0	2.200450470971599	0.7269653423499578	0.989010989010989
244_O-121	11.75	11.0	2.5785157651837904	0.7743055555555556	0.9583333333333334
245_O-121	12.5	11.0	2.4744932151513668	0.762078951379363	0.9506172839506173
246_O-121	17.0	12.0	2.330696363483711	0.722962962962963	0.9333333333333333
247_O-121	12.0	9.0	2.414067351128499	0.7773186409550046	0.9393939393939394
248_O-121	12.2	12.0	2.730354126546771	0.8031833486378941	0.9797979797979798
249_O-121	16.0	10.0	2.3014497095526076	0.721606648199446	0.9473684210526316
24_O-121	9.333333333333334	9.0	2.400677841448286	0.755787037037037	0.9722222222222222
250_O-121	13.5	12.0	2.6020071581798585	0.7639506172839506	0.9666666666666667
251_O-121	17.0	14.0	2.7040306753892795	0.7842515523847272	0.9310344827586207
252_O-121	8.5	8.0	2.2412424254759147	0.740484429065744	0.9764705882352941
253_O-121	10.25	10.0	2.518718374188998	0.7864819944598338	0.9789473684210527
254_O-121	10.0	9.0	2.1973084884403677	0.7183336460874461	0.9589041095890412
255_O-121	11.0	10.0	2.393475775834581	0.7441135734072022	0.9605263157894737
256_O-121	17.0	14.0	2.7201514760084753	0.7971191135734073	0.9368421052631579
257_O-121	13.0	10.0	2.4017211737177173	0.7682209144409236	0.9574468085106383
258_O-121	14.333333333333334	11.0	2.429900318862134	0.7559685947764782	0.9367088607594937
259_O-121	12.0	10.0	2.452779078471567	0.7773205304069501	0.9506172839506173
25_O-121	17.0	12.0	2.5157464147074062	0.7706611570247934	0.9318181818181819
260_O-121	8.5	8.0	2.2465390242370575	0.7404442148760331	0.9772727272727273
261_O-121	7.0	7.0	2.2012518325957258	0.7439024390243902	0.9878048780487805
262_O-121	19.25	14.0	2.5999756581923177	0.7715535193669305	0.9285714285714286
263_O-121	15.0	12.0	2.7334571399549863	0.7971876690102757	0.9534883720930233
264_O-121	9.0	9.0	2.546711755026942	0.7867036011080333	0.9868421052631579
265_O-121	10.25	10.0	2.302145844743058	0.7338632194951524	0.9813084112149533
266_O-121	16.0	11.0	2.341932071333636	0.7122473246135552	0.896551724137931
267_O-121	8.0	8.0	2.4722007906211907	0.7787396121883656	1.0
268_O-121	17.0	12.0	2.3703906861841495	0.728190884989269	0.9325842696629214
269_O-121	10.0	10.0	2.7998866251903745	0.8193359375	0.984375
26_O-121	9.0	9.0	2.5394495101707126	0.7822222222222222	1.0
270_O-121	10.75	10.0	2.2892202045164223	0.7239750038103947	0.962962962962963
271_O-121	12.0	10.0	2.2366283550122725	0.717685235262304	0.9534883720930233
272_O-121	11.2	11.0	2.5225169544817065	0.7692628071636818	0.9795918367346939
273_O-121	18.0	13.0	2.610174349538987	0.7812345679012346	0.9333333333333333
274_O-121	9.333333333333334	9.0	2.313892241217622	0.7431043807463493	0.9767441860465116
275_O-121	11.166666666666666	11.0	2.4388567529548237	0.7447268793942672	0.9767441860465116
276_O-121	11.0	11.0	2.653221220298669	0.7906976744186047	0.9883720930232558
277_O-121	13.5	12.0	2.52958357654848	0.7249527410207939	0.967391304347826
278_O-121	13.0	10.0	2.398392950096015	0.7420408163265306	0.9428571428571428
279_O-121	13.2	12.0	2.517193786813104	0.7688533057851239	0.9545454545454546
27_O-121	19.5	12.0	2.562338869084307	0.7700831024930748	0.9210526315789473
280_O-121	11.5	10.0	2.42859024982793	0.7598615916955017	0.9647058823529412
281_O-121	9.5	8.0	2.0568584267841135	0.70125	0.9625
282_O-121	15.5	13.0	2.7498890130816083	0.8115633967477947	0.9484536082474226
283_O-121	19.5	12.0	2.499709609300475	0.7503462603878116	0.9210526315789473
284_O-121	9.25	9.0	2.2955711828891774	0.7491319444444444	0.9791666666666666
285_O-121	14.0	8.0	2.191645106643353	0.7337642351492767	0.9298245614035088
286_O-121	10.5	9.0	2.4564352332951738	0.7550413223140495	0.9454545454545454
287_O-121	17.5	16.0	2.7986225625868126	0.7401360544217688	0.9619047619047619
288_O-121	11.5	10.0	2.441843503786686	0.7544378698224852	0.9615384615384616
289_O-121	15.333333333333334	12.0	2.467489284269585	0.7572815533980582	0.9514563106796117
28_O-121	14.0	13.0	2.7924833483641747	0.8065843621399178	0.9506172839506173
290_O-121	11.2	11.0	2.610044791709058	0.7819259734016984	0.9746835443037974
291_O-121	12.5	11.0	2.5292649665162847	0.7668119963007002	0.9655172413793104
292_O-121	12.5	11.0	2.6998299377855615	0.80712890625	0.9375
293_O-121	13.5	12.0	2.765281638730547	0.8089664749057727	0.9436619718309859
294_O-121	10.0	9.0	2.2287975850998363	0.7340691378592253	0.9693877551020408
295_O-121	11.5	10.0	2.5857746229905048	0.7785336356764928	0.9523809523809523
296_O-121	14.0	11.0	2.4465475771172516	0.7462819750148721	0.9512195121951219
297_O-121	14.0	8.0	2.2613718959260005	0.7574069948763644	0.9402985074626866
298_O-121	11.5	10.0	2.454035042665958	0.7519428691451375	0.9565217391304348
299_O-121	11.5	10.0	2.2932084913987043	0.701875	0.9625
29_O-121	8.0	8.0	2.291566915013084	0.7447041636230826	1.0
2_O-121	14.5	12.0	2.560019852251695	0.7780519669037597	0.9397590361445783
300_O-121	16.0	11.0	2.5225044960675156	0.7782350251486054	0.9382716049382716
301_O-121	19.5	12.0	2.469724352868301	0.7459555555555555	0.92
302_O-121	13.5	12.0	2.4453925089511417	0.749936874000505	0.963302752293578
303_O-121	14.5	12.0	2.5322520797774755	0.755625	0.9375
304_O-121	25.0	10.0	2.1836042193618557	0.7228581338883109	0.935483870967742
305_O-121	10.5	9.0	2.3928475782992438	0.7599924939012949	0.9589041095890412
306_O-121	10.0	10.0	2.5413587074127233	0.7766003774132675	0.9879518072289156
307_O-121	11.2	11.0	2.4524885254515363	0.7539407920030757	0.9803921568627451
308_O-121	17.75	14.0	2.758306993099711	0.8048753462603878	0.9368421052631579
309_O-121	9.25	9.0	2.335839068393878	0.7231040564373898	0.9682539682539683
30_O-121	11.6	11.0	2.4299838461025685	0.7528256989886972	0.9634146341463414
310_O-121	20.0	13.0	2.581426019537032	0.7815481222074628	0.9230769230769231
311_O-121	10.0	9.0	2.1921704674094005	0.7198515769944341	0.961038961038961
312_O-121	8.0	8.0	2.2967176264285816	0.7509578544061303	0.9885057471264368
313_O-121	7.5	7.0	2.0855311904756024	0.7215909090909091	0.9772727272727273
314_O-121	11.0	10.0	2.5299018501017048	0.7760365006943067	0.9577464788732395
315_O-121	8.0	8.0	2.469265161899686	0.7859690844233056	0.9827586206896551
316_O-121	20.0	10.0	2.184400695053176	0.7019886776019741	0.9397590361445783
317_O-121	11.6	11.0	2.476017714029419	0.742756361803981	0.9523809523809523
318_O-121	8.333333333333334	8.0	2.221942045217138	0.7383786848072562	0.9761904761904762
319_O-121	12.75	12.0	2.763580090342147	0.8022853185595568	0.9605263157894737
31_O-121	16.0	10.0	2.4885724593858036	0.785170873082961	0.9560439560439561
320_O-121	8.0	8.0	2.4613652155007455	0.779558104233429	1.0
321_O-121	13.428571428571429	13.0	2.5893264975538	0.7562962962962964	0.9666666666666667
322_O-121	22.5	12.0	2.5570699639821703	0.7833662064431295	0.9102564102564102
323_O-121	11.0	10.0	2.3659469420378954	0.7348429510591673	0.9594594594594594
324_O-121	11.5	10.0	2.534703771737209	0.768545333036311	0.9552238805970149
325_O-121	17.0	12.0	2.387601063598198	0.741709604967631	0.9310344827586207
326_O-121	8.5	8.0	2.3107644776147738	0.7479338842975207	0.9696969696969697
327_O-121	9.25	9.0	2.2611784198872167	0.744097967428355	0.9775280898876404
328_O-121	8.0	8.0	2.3680289767513334	0.7604152249134948	1.0
329_O-121	10.0	10.0	2.4438291946040263	0.7406706327744726	0.9883720930232558
32_O-121	14.0	11.0	2.6810766604931424	0.8056698673982625	0.9506172839506173
330_O-121	10.333333333333334	10.0	2.484581147908028	0.7610677083333334	0.9791666666666666
331_O-121	9.0	9.0	2.45531985523257	0.7725	0.9875
332_O-121	8.333333333333334	8.0	2.1871309473761076	0.711997152011392	0.9622641509433962
333_O-121	22.5	12.0	2.5483943097253383	0.7636444642459345	0.8955223880597015
334_O-121	13.0	10.0	2.258808223693797	0.7317784256559767	0.9591836734693877
335_O-121	5.0	5.0	1.9185611081493446	0.7091358024691358	0.9888888888888889
336_O-121	16.75	13.0	2.7063253200901727	0.7953777777777777	0.92
337_O-121	19.5	12.0	2.5848715648923712	0.7854123898079942	0.9340659340659341
338_O-121	19.0	9.0	2.218178982893961	0.7302294497660948	0.9253731343283582
339_O-121	14.2	13.0	2.716180960298591	0.7788834542081295	0.948051948051948
33_O-121	9.333333333333334	9.0	2.389924805733765	0.7639079408626734	0.9753086419753086
340_O-121	11.0	10.0	2.558925010318256	0.7943910989178479	0.962962962962963
341_O-121	12.0	10.0	2.3283813148932904	0.7491496598639455	0.9523809523809523
342_O-121	9.5	8.0	2.1789813881575126	0.7333445775004217	0.961038961038961
343_O-121	9.333333333333334	9.0	2.665516902506464	0.8148148148148149	0.962962962962963
344_O-121	18.5	11.0	2.404685155286897	0.7544581618655692	0.9259259259259259
345_O-121	15.0	13.0	2.9481504477691747	0.8298027757487216	0.9459459459459459
346_O-121	15.0	10.0	2.3400826713763614	0.7540458259894247	0.9367088607594937
347_O-121	16.0	11.0	2.262972987542193	0.7175861633632117	0.9438202247191011
348_O-121	11.5	10.0	2.2946695725372046	0.7080449826989619	0.9558823529411765
349_O-121	20.0	13.0	2.6198120882475857	0.7746293863764309	0.904109589041096
34_O-121	7.5	7.0	2.130391138218002	0.7347748462606626	0.971830985915493
350_O-121	10.0	10.0	2.5777146646232585	0.7701234567901234	0.9888888888888889
351_O-121	10.0	10.0	2.491231235544822	0.7673504091826975	0.9896907216494846
352_O-121	10.0	7.0	1.9601122923932142	0.6865051903114187	0.9647058823529412
353_O-121	14.0	8.0	2.224402176043376	0.7518974531961545	0.948051948051948
354_O-121	8.0	8.0	2.3118128571950787	0.7318367346938776	1.0
355_O-121	13.0	10.0	2.457499690855576	0.7737024221453288	0.9529411764705882
356_O-121	15.0	13.0	2.8589115989008023	0.8137755102040817	0.9523809523809523
357_O-121	9.5	9.0	2.4474340897633353	0.7683367768595042	0.9772727272727273
358_O-121	13.0	11.0	2.430041324688916	0.7633141672165142	0.9611650485436893
359_O-121	11.75	11.0	2.405329544710975	0.7263753810422413	0.963855421686747
35_O-121	14.5	12.0	2.421410210907857	0.7398262459990855	0.9382716049382716
360_O-121	11.75	11.0	2.619465795923896	0.7890625	0.9625
361_O-121	11.5	10.0	2.2267401778520197	0.7215382020576826	0.948051948051948
362_O-121	11.0	11.0	2.5553960411328105	0.7643730194658216	0.9893617021276596
363_O-121	11.5	10.0	2.2351343448386953	0.701	0.97
364_O-121	10.0	7.0	2.066803848392455	0.7257785467128027	0.9558823529411765
365_O-121	13.0	11.0	2.417772570612655	0.7306094182825484	0.9473684210526316
366_O-121	17.0	12.0	2.3533500880182276	0.7171052631578947	0.9210526315789473
367_O-121	11.2	11.0	2.6467493474358887	0.7985513807152558	0.9787234042553191
368_O-121	8.333333333333334	8.0	2.2049058849370926	0.734375	0.975
369_O-121	12.6	12.0	2.6508164982577336	0.7866414277988102	0.9651162790697675
36_O-121	10.5	9.0	2.424047889377972	0.7731994459833795	0.9605263157894737
370_O-121	8.0	8.0	2.4547195885742785	0.7793964620187305	0.9838709677419355
371_O-121	7.0	7.0	2.210115545533461	0.7427896778546129	1.0
372_O-121	9.333333333333334	9.0	2.528217491697612	0.7915181084631263	0.9726027397260274
373_O-121	19.5	12.0	2.4633144139205836	0.7468770545693623	0.9230769230769231
374_O-121	15.333333333333334	12.0	2.822844369997585	0.8203125	0.921875
375_O-121	10.0	10.0	2.3825264969285675	0.7421875	0.9895833333333334
376_O-121	10.6	10.0	2.3991964209866032	0.7543617998163452	0.9545454545454546
377_O-121	8.333333333333334	8.0	2.4071307419324834	0.7836934729338383	0.9701492537313433
378_O-121	16.75	13.0	2.633664369724815	0.782312925170068	0.9285714285714286
379_O-121	11.0	10.0	2.4920986616653473	0.7662993572084481	0.9545454545454546
37_O-121	14.2	13.0	2.7474668195857257	0.788976125620894	0.9493670886075949
380_O-121	9.0	9.0	2.4334565743680296	0.7559183673469387	0.9857142857142858
381_O-121	14.0	9.0	2.0653314005400083	0.6975510204081632	0.9285714285714286
382_O-121	15.5	14.0	2.9029714505993622	0.8099653979238755	0.9529411764705882
383_O-121	9.0	9.0	2.4312382067468206	0.7514382067050188	0.9859154929577465
384_O-121	21.0	14.0	2.7319877205083296	0.7904	0.9066666666666666
385_O-121	12.166666666666666	12.0	2.810308695633178	0.8163739669421487	0.9772727272727273
386_O-121	8.5	8.0	2.377679327331413	0.7669438145628622	0.9682539682539683
387_O-121	8.333333333333334	8.0	2.2733082754060194	0.7537180249851279	0.975609756097561
388_O-121	8.5	8.0	2.296780497447433	0.7593694229625223	0.975609756097561
389_O-121	11.75	11.0	2.4366469629703422	0.7596834652228238	0.9693877551020408
38_O-121	10.0	10.0	2.794299121863486	0.8128395061728395	0.9777777777777777
390_O-121	8.0	8.0	2.287398992151891	0.7487086776859504	1.0
391_O-121	12.0	10.0	2.3523883928700653	0.7558	0.96
392_O-121	9.0	8.0	2.358061064608184	0.7580645161290323	0.967741935483871
393_O-121	12.5	11.0	2.477410268465981	0.7673037190082644	0.9545454545454546
394_O-121	9.5	8.0	2.063273890847927	0.7009611961552153	0.9716981132075472
395_O-121	9.333333333333334	9.0	2.5589955791701025	0.7945501730103806	0.9705882352941176
396_O-121	12.166666666666666	12.0	2.6423825122394082	0.7803819444444444	0.9791666666666666
397_O-121	13.0	10.0	2.4453176056576242	0.775363321799308	0.9529411764705882
398_O-121	8.333333333333334	8.0	2.2916004862779906	0.7465564738292012	0.9696969696969697
399_O-121	15.5	13.0	2.6989760871950037	0.789272030651341	0.9425287356321839
39_O-121	9.0	9.0	2.500369534026114	0.7833662064431295	0.9871794871794872
3_O-121	9.25	9.0	2.3223050824044504	0.7501234567901235	0.9777777777777777
400_O-121	12.0	9.0	2.382135541028484	0.7630769230769231	0.9384615384615385
401_O-121	9.5	8.0	2.102104843872881	0.7128177393185506	0.9651162790697675
402_O-121	17.0	11.0	2.590080750703348	0.7793777777777777	0.9466666666666667
403_O-121	14.5	13.0	2.903534515588797	0.8187790418202211	0.9493670886075949
404_O-121	12.5	11.0	2.5165994634341047	0.7656147271531887	0.9487179487179487
405_O-121	9.5	9.0	2.468165618590753	0.7783053323593865	0.972972972972973
406_O-121	6.0	6.0	2.173527702096478	0.744268077601411	1.0
407_O-121	9.0	9.0	2.3866626784516356	0.7572873289708506	0.9878048780487805
408_O-121	11.0	10.0	2.4953112640877233	0.77979387429235	0.963855421686747
409_O-121	13.0	12.0	2.6839535708608704	0.7938000000000001	0.97
40_O-121	8.5	8.0	2.3674718274750726	0.7672087324571174	0.9701492537313433
410_O-121	15.5	13.0	2.756651367626206	0.7955292570677186	0.9358974358974359
411_O-121	12.0	9.0	2.161417130958395	0.7100013211784912	0.9540229885057472
412_O-121	12.0	11.0	2.799303110048151	0.816734693877551	0.9571428571428572
413_O-121	17.75	14.0	2.764124236780945	0.7948904049934679	0.927710843373494
414_O-121	20.0	13.0	2.6299885275414354	0.7798954292460786	0.9090909090909091
415_O-121	12.0	10.0	2.467031870637883	0.7738787765059111	0.9452054794520548
416_O-121	14.333333333333334	11.0	2.4535259069358104	0.7604166666666667	0.9305555555555556
417_O-121	16.333333333333332	13.0	2.7406518958144854	0.7983391003460207	0.9411764705882353
418_O-121	12.5	11.0	2.4751521063703303	0.7435281065088757	0.9711538461538461
419_O-121	8.0	7.0	2.2424677711998116	0.7548500881834215	0.9682539682539683
41_O-121	7.0	7.0	2.192825068692832	0.728515625	0.984375
420_O-121	17.0	12.0	2.585750954590209	0.7611184087070746	0.9315068493150684
421_O-121	11.0	8.0	2.1914183536648673	0.7204368830077714	0.9565217391304348
422_O-121	7.0	7.0	2.171847628397353	0.7309688581314878	0.9852941176470589
423_O-121	12.6	12.0	2.5605415345020894	0.7622267842048062	0.967032967032967
424_O-121	10.6	10.0	2.2616178274548826	0.7195032870708546	0.9594594594594594
425_O-121	10.5	9.0	2.298400925289209	0.7393005933594242	0.9662921348314607
426_O-121	15.5	14.0	2.766414356571748	0.796368814524742	0.9622641509433962
427_O-121	18.0	13.0	2.589063078727121	0.781060875756497	0.9433962264150944
428_O-121	14.0	12.0	2.4135923936963897	0.7385550436231743	0.9603960396039604
429_O-121	9.0	8.0	2.254106937999292	0.7366863905325445	0.9743589743589743
42_O-121	9.333333333333334	9.0	2.3082774773777084	0.7312925170068028	0.9761904761904762
430_O-121	9.5	8.0	2.2771138854738555	0.7670748642848125	0.9662921348314607
431_O-121	8.5	8.0	2.2153066400459243	0.7166863905325443	0.9692307692307692
432_O-121	10.25	10.0	2.4340306590838785	0.753968253968254	0.9761904761904762
433_O-121	10.75	10.0	2.554066752190279	0.7932444444444444	0.96
434_O-121	9.5	8.0	2.165935220804831	0.7242455775234131	0.9516129032258065
435_O-121	28.0	14.0	2.456884515412271	0.7401235173022253	0.9207920792079208
436_O-121	11.6	11.0	2.6319842214811753	0.793644996347699	0.9594594594594594
437_O-121	10.333333333333334	10.0	2.4881402221667934	0.7640138408304499	0.9764705882352941
438_O-121	14.5	12.0	2.5799314961083395	0.7768444119795471	0.9324324324324325
439_O-121	12.0	10.0	2.3616712786480876	0.7579851028910491	0.9550561797752809
43_O-121	12.333333333333334	12.0	2.6064998284507688	0.7769614512471655	0.9809523809523809
440_O-121	8.0	7.0	1.9588781055097775	0.6752628446736759	0.971830985915493
441_O-121	15.0	10.0	2.3190102665309356	0.7391390597103749	0.9295774647887324
442_O-121	9.5	8.0	1.9903507236038651	0.6832238423329595	0.9620253164556962
443_O-121	14.0	8.0	2.114207952768772	0.7213718820861678	0.9523809523809523
444_O-121	11.0	8.0	2.1537603931542173	0.7125333333333334	0.96
445_O-121	23.5	13.0	2.6521689537883946	0.7809645890081718	0.9113924050632911
446_O-121	8.0	8.0	2.357465198205076	0.7590587255310288	0.9897959183673469
447_O-121	13.5	13.0	2.7481011865094183	0.7980818283848586	0.9696969696969697
448_O-121	7.5	7.0	2.0262049961473125	0.69396449704142	0.9692307692307692
449_O-121	20.0	10.0	2.3950689832746823	0.7551793272443752	0.9253731343283582
44_O-121	10.0	9.0	2.1337258181814316	0.7087524569314372	0.967741935483871
450_O-121	16.0	14.0	2.8429983617545362	0.8101676581936181	0.9418604651162791
451_O-121	10.333333333333334	10.0	2.439351068609782	0.7616219008264462	0.9772727272727273
452_O-121	18.5	11.0	2.3604588158759707	0.7542397804136849	0.9405940594059405
453_O-121	13.0	11.0	2.4680261736480795	0.7597619393235593	0.9518072289156626
454_O-121	9.25	9.0	2.4668215538759877	0.7763074984247007	0.9710144927536232
455_O-121	14.333333333333334	11.0	2.4770651382205364	0.7690900777320531	0.9382716049382716
456_O-121	24.0	9.0	2.024787978030254	0.6892403653374917	0.9104477611940298
457_O-121	18.0	13.0	2.6898442167096603	0.7978790556747886	0.9325842696629214
458_O-121	18.0	13.0	2.6157010491946524	0.7796875000000001	0.925
459_O-121	23.5	13.0	2.6425081951390883	0.7882130933372042	0.9156626506024097
45_O-121	13.333333333333334	10.0	2.066543965574532	0.6794871794871795	0.9358974358974359
460_O-121	11.333333333333334	11.0	2.643222666558839	0.7873742629205689	0.978494623655914
461_O-121	7.0	6.0	1.9942049568965778	0.7088888888888889	0.9666666666666667
462_O-121	16.0	11.0	2.397313862808891	0.752170138888889	0.9479166666666666
463_O-121	16.0	14.0	2.737892833955984	0.7825605536332181	0.9411764705882353
464_O-121	14.2	13.0	2.753142425476819	0.79625	0.95
465_O-121	10.75	10.0	2.282542054416154	0.7280276816608997	0.9647058823529412
466_O-121	11.5	10.0	2.3201049138341236	0.7277048438207334	0.9680851063829787
467_O-121	16.5	14.0	2.757082483894002	0.7911357340720222	0.9473684210526316
468_O-121	8.5	8.0	2.2701504834461965	0.7493873914012029	0.9701492537313433
469_O-121	10.5	9.0	2.6086875369904163	0.8110722923945176	0.9508196721311475
46_O-121	7.0	7.0	2.1694480957629856	0.7360553633217992	0.9882352941176471
470_O-121	15.333333333333334	12.0	2.5567430634074855	0.7559453533479508	0.935064935064935
471_O-121	10.333333333333334	10.0	2.4926638055590455	0.7762473217018672	0.9797979797979798
472_O-121	12.0	9.0	2.2935800938964195	0.7517146776406036	0.9506172839506173
473_O-121	12.25	12.0	2.851013628254144	0.8146936347412255	0.975609756097561
474_O-121	15.5	13.0	2.649308728150376	0.7712585034013606	0.9404761904761905
475_O-121	13.0	10.0	2.347256783454828	0.7464658475360021	0.9540229885057472
476_O-121	11.25	11.0	2.5302773922375104	0.7707514082261665	0.979381443298969
477_O-121	8.25	8.0	2.011973834365091	0.6813965255523697	0.974025974025974
478_O-121	32.0	11.0	2.3051866383707473	0.7487501225370061	0.9306930693069306
479_O-121	18.0	13.0	2.4674759583793393	0.7448375800024152	0.9340659340659341
47_O-121	10.5	9.0	2.279240216912112	0.7364969135802469	0.9583333333333334
480_O-121	8.0	8.0	2.5273300943382018	0.79541015625	0.984375
481_O-121	15.5	13.0	2.571919901668883	0.765679012345679	0.9444444444444444
482_O-121	10.5	10.0	2.5411200522067015	0.7725951557093426	0.9764705882352941
483_O-121	26.0	11.0	2.437049585327148	0.7560262965668372	0.9189189189189189
484_O-121	15.5	13.0	2.670652644215664	0.7843316567596403	0.9382716049382716
485_O-121	13.0	11.0	2.5100579779600287	0.7596346625083538	0.9402985074626866
486_O-121	7.5	7.0	2.201489859671925	0.7493112947658402	0.9696969696969697
487_O-121	8.5	8.0	2.346999105811222	0.7653854232304138	0.9710144927536232
488_O-121	9.25	9.0	2.374794808746518	0.7687477357807028	0.978021978021978
489_O-121	10.0	9.0	2.435103029269745	0.7741046831955922	0.9545454545454546
48_O-121	9.333333333333334	9.0	2.2406683035351413	0.7324613555291319	0.9770114942528736
490_O-121	26.0	11.0	2.373327521127013	0.7467179719330013	0.9361702127659575
491_O-121	15.0	12.0	2.706385436142743	0.8033298647242456	0.956989247311828
492_O-121	15.0	13.0	3.1541269998605306	0.8620118343195267	0.9384615384615385
493_O-121	20.0	10.0	2.4377640962716454	0.7633406070224162	0.9295774647887324
494_O-121	20.25	15.0	2.9026362915721506	0.8166438042981253	0.9135802469135803
495_O-121	10.2	10.0	2.5886061063962984	0.7970990048912127	0.974025974025974
496_O-121	14.0	13.0	2.8075979017103028	0.80078125	0.96875
497_O-121	11.75	11.0	2.576988936812551	0.7844389606619248	0.963855421686747
498_O-121	12.0	10.0	2.2565433893823217	0.70654296875	0.9375
499_O-121	17.0	14.0	2.6139491323253767	0.7738657844990549	0.9347826086956522
49_O-121	11.5	10.0	2.387485153413534	0.7533749455653941	0.963855421686747
4_O-121	8.5	8.0	2.374815563403819	0.7721893491124261	0.9743589743589743
500_O-121	17.0	14.0	2.6433608303601193	0.775623268698061	0.9368421052631579
501_O-121	9.333333333333334	9.0	2.134127309793028	0.693721817551162	0.978494623655914
502_O-121	8.0	8.0	2.352975790890755	0.7620335316387237	0.9883720930232558
503_O-121	11.333333333333334	11.0	2.6805736270442	0.7962322183775471	0.9803921568627451
504_O-121	10.0	9.0	2.354504825409218	0.7594666666666666	0.96
505_O-121	13.0	10.0	2.395350354962282	0.7562629757785467	0.9529411764705882
506_O-121	12.25	12.0	2.7645824459665094	0.8030431107354183	0.978021978021978
507_O-121	12.166666666666666	12.0	2.6198149057808116	0.7691901175848856	0.9770114942528736
508_O-121	11.0	8.0	2.3334141461560782	0.7659973728654532	0.9589041095890412
509_O-121	11.0	8.0	2.359016899312027	0.7679516250944822	0.9523809523809523
50_O-121	6.5	6.0	1.8157089520736254	0.6809353943717796	0.9770114942528736
510_O-121	13.0	10.0	2.398502948376398	0.767578125	0.9583333333333334
511_O-121	8.0	8.0	2.3155298429263884	0.7551020408163265	0.9857142857142858
512_O-121	9.25	9.0	2.274683299858617	0.7429111531190926	0.9782608695652174
513_O-121	10.333333333333334	10.0	2.480519007675873	0.762962962962963	0.9777777777777777
514_O-121	15.0	13.0	2.7292730496873117	0.7897376543209877	0.9305555555555556
515_O-121	23.0	13.0	2.7439716722449035	0.792277543910582	0.9397590361445783
516_O-121	17.75	14.0	2.7467959329794476	0.7921748581089241	0.9340659340659341
517_O-121	12.0	10.0	2.385628850075655	0.7565919829294315	0.9506172839506173
518_O-121	32.0	11.0	2.3260254056202774	0.7370151216305063	0.9102564102564102
519_O-121	14.5	12.0	2.740472189095648	0.8068612163065271	0.9253731343283582
51_O-121	8.0	7.0	2.296083240483395	0.7719111111111111	0.9733333333333334
520_O-121	12.5	12.0	2.6392204213804646	0.7821978356957782	0.962962962962963
521_O-121	18.0	13.0	2.5562977396213897	0.7574896694214877	0.9318181818181819
522_O-121	26.0	11.0	2.5314768069100904	0.7821354850816289	0.9178082191780822
523_O-121	11.6	11.0	2.5226067873103952	0.7706916099773242	0.9642857142857143
524_O-121	13.5	12.0	2.6091787019721453	0.7853822314049586	0.9545454545454546
525_O-121	9.5	8.0	2.2582075849629604	0.7542587282847023	0.961038961038961
526_O-121	16.333333333333332	13.0	2.7314970221221238	0.7925170068027211	0.9404761904761905
527_O-121	10.0	10.0	2.4002702574098755	0.7400356930398573	0.9878048780487805
528_O-121	10.25	10.0	2.50530348403292	0.7610803324099723	0.9736842105263158
529_O-121	9.333333333333334	9.0	2.3975820165103054	0.7586641461877757	0.9710144927536232
52_O-121	14.0	11.0	2.5367200134148846	0.78205572898601	0.956989247311828
530_O-121	12.5	11.0	2.530424884587436	0.7730528882792258	0.9506172839506173
531_O-121	15.5	13.0	2.6512557360676143	0.7715682388690712	0.9425287356321839
532_O-121	12.5	11.0	2.3355436597330463	0.7360630526720493	0.9607843137254902
533_O-121	13.5	13.0	2.893410947635503	0.8188691650230112	0.9615384615384616
534_O-121	5.0	5.0	1.791891156009945	0.6745288472655798	0.989247311827957
535_O-121	13.6	13.0	2.8043388166414025	0.804443883348062	0.9662921348314607
536_O-121	25.0	10.0	2.382909659583174	0.7602366863905325	0.9076923076923077
537_O-121	10.0	9.0	2.2698483350471528	0.7335362922608556	0.9620253164556962
538_O-121	11.75	11.0	2.6024400740138085	0.7863403944485026	0.9594594594594594
539_O-121	6.0	6.0	1.9681126722032145	0.7134424017540901	0.987012987012987
53_O-121	17.0	12.0	2.5806608854373327	0.7534626038781164	0.8947368421052632
540_O-121	13.0	11.0	2.3899180004964604	0.7340565417488495	0.9487179487179487
541_O-121	6.0	6.0	2.1357356493237667	0.7367779301935681	0.9876543209876543
542_O-121	14.0	8.0	2.0245015614753594	0.6935517748372191	0.9420289855072463
543_O-121	9.333333333333334	9.0	2.4018728116058097	0.7650208209399167	0.975609756097561
544_O-121	17.0	14.0	2.654174007645299	0.7738195870064002	0.9340659340659341
545_O-121	9.25	9.0	2.356308295143649	0.7639174012800387	0.978021978021978
546_O-121	10.0	10.0	2.5316310356394656	0.7724657805990875	0.9859154929577465
547_O-121	12.0	9.0	2.0907642976494643	0.6851815116048403	0.9436619718309859
548_O-121	8.0	8.0	2.326629326694731	0.750726643598616	0.9882352941176471
549_O-121	16.0	10.0	2.1454743846828537	0.6599999999999999	0.95
54_O-121	11.75	11.0	2.629571197065881	0.7908988944079475	0.9620253164556962
550_O-121	16.333333333333332	13.0	3.0005510068013472	0.8361111111111111	0.9166666666666666
551_O-121	8.333333333333334	8.0	2.208396608404416	0.7381300219138056	0.972972972972973
552_O-121	26.0	11.0	2.3567404841301682	0.7466976339091305	0.927710843373494
553_O-121	12.0	10.0	2.2412197972102215	0.7340691378592253	0.9591836734693877
554_O-121	21.0	11.0	2.6703313994313906	0.8042055147788137	0.9295774647887324
555_O-121	20.5	13.0	2.7217943149910595	0.7796681369460198	0.9130434782608696
556_O-121	14.333333333333334	11.0	2.6537426850358634	0.7965600644987907	0.9180327868852459
557_O-121	12.5	11.0	2.3194482345796237	0.7307999999999999	0.96
558_O-121	10.2	10.0	2.5631841330578977	0.7946000870953694	0.9759036144578314
559_O-121	12.0	10.0	2.175656045072248	0.6984126984126984	0.9523809523809523
55_O-121	10.0	9.0	2.399851753349757	0.7755167441115206	0.9620253164556962
560_O-121	15.0	9.0	2.3448371455490884	0.7538186867684984	0.9436619718309859
561_O-121	18.5	11.0	2.354929878525642	0.7392165828379821	0.9259259259259259
562_O-121	25.0	10.0	2.430425712730308	0.767020970985349	0.8983050847457628
563_O-121	16.0	10.0	2.5267006156252223	0.777625361987502	0.9506172839506173
564_O-121	16.333333333333332	13.0	2.7121125282887064	0.7996	0.95
565_O-121	13.5	11.0	2.428372865287859	0.7582179930795847	0.9264705882352942
566_O-121	8.333333333333334	8.0	2.26009827097043	0.7533802055164954	0.9767441860465116
567_O-121	15.75	12.0	2.4132588428562336	0.7495069033530573	0.9230769230769231
568_O-121	11.0	10.0	2.634824528245098	0.803030303030303	0.9545454545454546
569_O-121	11.75	11.0	2.6616311907879284	0.789612097304405	0.9615384615384616
56_O-121	10.75	10.0	2.3780018505215255	0.7450083828684653	0.962962962962963
570_O-121	12.6	12.0	2.6094281684666405	0.7656147271531887	0.9615384615384616
571_O-121	18.5	11.0	2.3853227522923732	0.7587425830071961	0.9325842696629214
572_O-121	11.5	10.0	2.3520762479829345	0.7434567901234568	0.9666666666666667
573_O-121	14.5	12.0	2.571149375090924	0.7800692041522492	0.9411764705882353
574_O-121	12.0	10.0	2.345915043339732	0.7522790328973444	0.9540229885057472
575_O-121	11.0	10.0	2.394284780936495	0.7552227991788432	0.967032967032967
576_O-121	9.25	9.0	2.2960675670182464	0.7471278878929428	0.9775280898876404
577_O-121	20.25	15.0	2.6826311260047566	0.7733021575087682	0.9278350515463918
578_O-121	14.5	12.0	2.4341730105836095	0.7349333333333333	0.9333333333333333
579_O-121	9.333333333333334	9.0	2.431352418829145	0.7704503288918874	0.974025974025974
57_O-121	10.75	10.0	2.382803031372524	0.7646338014893015	0.970873786407767
580_O-121	9.333333333333334	9.0	2.3505221085789905	0.7522985397512169	0.9767441860465116
581_O-121	18.5	11.0	2.327721301350502	0.7370151216305063	0.9230769230769231
582_O-121	15.0	13.0	2.597475479674958	0.7590401051939514	0.9358974358974359
583_O-121	14.2	13.0	2.8620594529705037	0.8174222222222223	0.9466666666666667
584_O-121	9.5	9.0	2.4449782427718505	0.773892185330135	0.9775280898876404
585_O-121	10.0	9.0	2.2358544570330965	0.737061273051755	0.9634146341463414
586_O-121	12.5	11.0	2.5074946827181046	0.7641208481891537	0.9452054794520548
587_O-121	12.0	9.0	2.356311006749574	0.7685733070348455	0.9487179487179487
588_O-121	10.75	10.0	2.3070435842850525	0.7268005540166205	0.9605263157894737
589_O-121	14.2	13.0	2.6555482397683523	0.7782585181179016	0.9534883720930233
58_O-121	13.0	10.0	2.6009600465452314	0.7880697332493174	0.9565217391304348
590_O-121	26.0	11.0	2.543428561230118	0.7763265306122449	0.9142857142857143
591_O-121	18.0	13.0	2.6934115191426544	0.7933673469387755	0.9285714285714286
592_O-121	14.333333333333334	11.0	2.244173995152232	0.7178638941398865	0.9456521739130435
593_O-121	32.0	11.0	2.3284278374709397	0.7471604938271605	0.9222222222222223
594_O-121	11.0	8.0	2.3208855314623515	0.7718253968253969	0.9642857142857143
595_O-121	13.0	11.0	2.3950777416926936	0.7559183673469387	0.9619047619047619
596_O-121	8.333333333333334	8.0	2.105881945125502	0.7059461805555556	0.9791666666666666
597_O-121	14.0	8.0	2.1796875255506523	0.7393045986220157	0.9493670886075949
598_O-121	16.333333333333332	13.0	2.731379177314585	0.7953514739229025	0.9404761904761905
599_O-121	9.0	9.0	2.3971597973757346	0.7548444444444444	0.9866666666666667
59_O-121	12.0	9.0	2.209029201064852	0.71240234375	0.9375
5_O-121	19.5	12.0	2.484999109421408	0.7650108398529549	0.941747572815534
600_O-121	8.333333333333334	8.0	2.221682448759733	0.7386636756929978	0.9746835443037974
601_O-121	14.2	13.0	2.6875687038803617	0.7781314878892733	0.9529411764705882
602_O-121	13.0	11.0	2.5599145043566427	0.7611862643080125	0.935483870967742
603_O-121	14.0	8.0	2.192996295220739	0.735621301775148	0.9384615384615385
604_O-121	8.5	8.0	2.1340274563422015	0.7122576177285318	0.9736842105263158
605_O-121	12.5	12.0	2.501975856608093	0.7465625	0.9625
606_O-121	10.0	9.0	2.3630593186187285	0.7572222222222222	0.95
607_O-121	18.5	11.0	2.2804540979177683	0.7245846669714984	0.9259259259259259
608_O-121	12.0	9.0	2.3460956332294827	0.744749021003916	0.9245283018867925
609_O-121	11.2	11.0	2.680359217483486	0.8050297458085451	0.9767441860465116
60_O-121	7.5	7.0	2.13471975699851	0.7355442176870748	0.9761904761904762
610_O-121	10.5	10.0	2.5987804695879366	0.7941632231404958	0.9772727272727273
611_O-121	15.0	13.0	2.612005026466723	0.7407407407407408	0.9305555555555556
612_O-121	11.6	11.0	2.4792015635919276	0.7566095177054959	0.9620253164556962
613_O-121	15.0	10.0	2.3413735861124207	0.7523875432525953	0.9411764705882353
614_O-121	13.5	11.0	2.3414386691921134	0.7395555555555555	0.9333333333333333
615_O-121	16.5	14.0	2.738794045991108	0.7858072916666666	0.9479166666666666
616_O-121	9.5	8.0	2.042958233896926	0.695916955017301	0.9647058823529412
617_O-121	10.2	10.0	2.412897745539893	0.7489589530041643	0.975609756097561
618_O-121	18.0	13.0	2.699305029812639	0.7823228634039445	0.9189189189189189
619_O-121	14.0	11.0	2.4683699091828535	0.7595701002294408	0.9560439560439561
61_O-121	12.0	9.0	2.2813301022246706	0.7518078512396694	0.9545454545454546
620_O-121	11.0	10.0	2.488157853453971	0.7773814242304136	0.9655172413793104
621_O-121	20.0	10.0	2.489126384922445	0.7827811942074985	0.9295774647887324
622_O-121	15.0	10.0	2.227306792457459	0.7344378002156652	0.9504950495049505
623_O-121	12.5	12.0	2.52334779227938	0.761015023355637	0.9662921348314607
624_O-121	9.0	9.0	2.5305753781637335	0.7687277051129607	0.9827586206896551
625_O-121	10.0	7.0	2.0820288425544167	0.7245741271715298	0.961038961038961
626_O-121	15.5	13.0	2.9031883816997226	0.8212890625	0.921875
627_O-121	18.0	13.0	2.4894417977175523	0.7584126684890188	0.941747572815534
628_O-121	13.2	12.0	2.517388492272742	0.7641975308641975	0.9555555555555556
629_O-121	11.5	11.0	2.301952088622633	0.7182464798954855	0.963855421686747
62_O-121	12.0	9.0	2.080229676301237	0.6971865503382022	0.9603960396039604
630_O-121	12.0	11.0	2.6616633135048096	0.7915844838921762	0.9615384615384616
631_O-121	12.6	12.0	2.6595325438325683	0.7820311556575292	0.967032967032967
632_O-121	14.333333333333334	11.0	2.4388165119578264	0.7633856138453218	0.9418604651162791
633_O-121	10.0	9.0	2.276173381331992	0.7320841551610782	0.9615384615384616
634_O-121	10.0	10.0	2.372015799303352	0.7180423666910154	0.9864864864864865
635_O-121	10.25	10.0	2.5219532039254036	0.7690311418685121	0.9705882352941176
636_O-121	18.5	11.0	2.459486633907865	0.7546121801229915	0.9154929577464789
637_O-121	10.0	7.0	1.9620634808160224	0.6897777777777778	0.96
638_O-121	11.5	10.0	2.46545686107593	0.7616326530612245	0.9571428571428572
639_O-121	17.0	12.0	2.6561067483071437	0.7848101265822784	0.9367088607594937
63_O-121	16.75	13.0	2.842542880176008	0.8105348024724537	0.9016393442622951
640_O-121	16.0	11.0	2.4913193361187824	0.7590027700831025	0.9342105263157895
641_O-121	12.0	11.0	2.654506586778816	0.79375	0.9625
642_O-121	13.0	10.0	2.477030911202657	0.7782088041828301	0.948051948051948
643_O-121	11.0	8.0	2.3107385927629434	0.7620464009518144	0.9634146341463414
644_O-121	7.5	7.0	2.1965635017380536	0.7513850415512466	0.9736842105263158
645_O-121	7.0	7.0	2.2926485269329833	0.7596346625083538	1.0
646_O-121	7.0	7.0	2.13468295799366	0.7260774287801315	0.9864864864864865
647_O-121	19.5	12.0	2.641691929444028	0.7851616742709779	0.9154929577464789
648_O-121	13.0	10.0	2.4062918157262057	0.7438543816851191	0.9452054794520548
649_O-121	12.0	10.0	2.4556610571983897	0.7720964207450693	0.9459459459459459
64_O-121	12.0	9.0	2.273500626892389	0.7420360110803323	0.9473684210526316
650_O-121	9.5	8.0	2.3283840246489977	0.767429760665973	0.9516129032258065
651_O-121	13.5	12.0	2.6449837055893277	0.7724657805990874	0.9436619718309859
652_O-121	13.0	11.0	2.5350560526140806	0.771374655247496	0.9518072289156626
653_O-121	9.0	9.0	2.528860266957724	0.7864888888888888	0.9866666666666667
654_O-121	10.0	9.0	2.359343294562414	0.7662283737024221	0.9647058823529412
655_O-121	15.333333333333334	12.0	2.624350020367266	0.7821978356957782	0.9382716049382716
656_O-121	10.75	10.0	2.5426373790934846	0.7854938271604939	0.9583333333333334
657_O-121	22.5	12.0	2.4375261913846242	0.7459555555555555	0.9066666666666666
658_O-121	17.75	14.0	2.7622396403754688	0.7978790556747886	0.9325842696629214
659_O-121	11.0	8.0	2.198192497763531	0.7402076124567474	0.9647058823529412
65_O-121	17.75	14.0	2.72176685789723	0.7950209162330375	0.9393939393939394
660_O-121	8.5	8.0	2.287578049830933	0.7437673130193906	0.9736842105263158
661_O-121	16.75	13.0	2.4345038543666537	0.7170811766191137	0.9325842696629214
662_O-121	12.0	9.0	2.2158654417986026	0.7191582841947046	0.967741935483871
663_O-121	16.75	13.0	2.4633392425699245	0.7429760665972945	0.935483870967742
664_O-121	13.0	11.0	2.52538272830128	0.774902158818331	0.9550561797752809
665_O-121	7.5	7.0	2.233222765022742	0.7574039067422811	0.9710144927536232
666_O-121	10.5	9.0	2.203032370790818	0.7152941176470589	0.9647058823529412
667_O-121	8.0	8.0	2.3397503000879167	0.7614692882182594	0.9876543209876543
668_O-121	14.0	8.0	2.1188253035396167	0.717827626918536	0.948051948051948
669_O-121	10.5	9.0	2.2924188545057946	0.7324571173980842	0.9552238805970149
66_O-121	12.0	10.0	2.2865961246504978	0.7404359091601891	0.9506172839506173
670_O-121	18.0	13.0	2.4890593881271847	0.7587143503847895	0.9361702127659575
671_O-121	15.333333333333334	12.0	2.5524008722117992	0.7630291786135942	0.935064935064935
672_O-121	9.5	9.0	2.422237577103302	0.7584	0.9733333333333334
673_O-121	8.333333333333334	8.0	2.1525606428215216	0.7084487534626038	0.9736842105263158
674_O-121	6.0	6.0	1.9726403344741483	0.6899063475546305	0.9838709677419355
675_O-121	11.2	11.0	2.487927300054392	0.7671803415243649	0.9795918367346939
676_O-121	13.0	10.0	2.2127321310412067	0.7100113622017422	0.9550561797752809
677_O-121	25.0	10.0	2.376349959031978	0.7508734211233539	0.9016393442622951
678_O-121	12.5	11.0	2.4355666626961825	0.7585185185185185	0.9555555555555556
679_O-121	11.0	10.0	2.5426016763598893	0.7807999999999999	0.96
67_O-121	13.2	12.0	2.399238862897608	0.7247916918246589	0.9560439560439561
680_O-121	8.0	8.0	2.192811149289126	0.7390123456790123	0.9888888888888889
681_O-121	11.75	11.0	2.562296333937881	0.7771177685950413	0.9659090909090909
682_O-121	12.75	12.0	2.577149223309336	0.7761376539435758	0.9719626168224299
683_O-121	8.0	8.0	2.457997063161658	0.7831250000000001	0.9875
684_O-121	17.0	14.0	2.7336172083961685	0.7783053323593865	0.9189189189189189
685_O-121	14.5	14.0	2.7521545463497	0.7951606805293006	0.9739130434782609
686_O-121	13.5	12.0	2.6017871054328414	0.782716049382716	0.9555555555555556
687_O-121	10.0	9.0	2.328436013252959	0.7531231409875074	0.9634146341463414
688_O-121	14.0	12.0	2.6717121039701994	0.7697504222180522	0.9452054794520548
689_O-121	15.5	13.0	2.6482914141455107	0.7818734311005416	0.9425287356321839
68_O-121	15.0	10.0	2.20866174082932	0.7104630668162154	0.9367088607594937
690_O-121	7.0	6.0	1.9828492822748216	0.7130259511211893	0.9682539682539683
691_O-121	10.5	9.0	2.2872804664716955	0.7518861454046639	0.9722222222222222
692_O-121	10.0	9.0	2.2753488225428495	0.7339813529061694	0.9577464788732395
693_O-121	12.0	11.0	2.53714823168462	0.7748188960310172	0.9696969696969697
694_O-121	7.0	7.0	2.0629990381892163	0.6862003780718336	1.0
695_O-121	10.25	10.0	2.530498322878888	0.770787653904537	0.974025974025974
696_O-121	7.0	7.0	2.0698849302513835	0.7025708388065304	0.9863013698630136
697_O-121	9.333333333333334	9.0	2.1910698840750547	0.6905263157894737	0.9789473684210527
698_O-121	18.5	11.0	2.5578489503286415	0.792644023268906	0.9178082191780822
699_O-121	9.5	9.0	2.2657095688112765	0.7303645445849718	0.979381443298969
69_O-121	9.5	8.0	2.2134175714095257	0.7367178276269185	0.961038961038961
6_O-121	20.0	10.0	2.44842721704154	0.7761012040847433	0.9382716049382716
700_O-121	11.75	11.0	2.577371090962275	0.7816055119371895	0.9620253164556962
701_O-121	12.5	12.0	2.682625300666226	0.7995867768595042	0.9659090909090909
702_O-121	13.0	10.0	2.485451577896665	0.7783111111111111	0.9466666666666667
703_O-121	9.0	9.0	2.3844189969355805	0.751147842056933	0.9848484848484849
704_O-121	9.25	9.0	2.3369453691065414	0.7612440744594751	0.978494623655914
705_O-121	11.75	11.0	2.651660447155374	0.7950222222222222	0.96
706_O-121	13.5	12.0	2.6229899159313312	0.7854320987654321	0.9555555555555556
707_O-121	11.0	10.0	2.596365821362909	0.8037173529883032	0.9620253164556962
708_O-121	13.5	12.0	2.7879373984665965	0.8093498904309715	0.9459459459459459
709_O-121	10.0	7.0	2.0411746604148617	0.7185082324935529	0.9577464788732395
70_O-121	16.0	11.0	2.3683322621850293	0.7540756156781131	0.946236559139785
710_O-121	11.25	11.0	2.445141740597003	0.7500889996440014	0.9811320754716981
711_O-121	17.75	14.0	2.5984520666104576	0.7540170132325141	0.9347826086956522
712_O-121	15.333333333333334	12.0	2.6066782697298847	0.7757553011822106	0.9315068493150684
713_O-121	18.5	11.0	2.3322588339227552	0.7459829867674858	0.9347826086956522
714_O-121	14.5	12.0	2.4727575300780504	0.7612135288140515	0.9397590361445783
715_O-121	11.75	11.0	2.6484965533818388	0.7921777777777778	0.96
716_O-121	11.6	11.0	2.51841198682814	0.7720415224913495	0.9647058823529412
717_O-121	8.0	8.0	2.417635987275503	0.7751020408163265	0.9857142857142858
718_O-121	9.0	9.0	2.504667685129753	0.7741446787021841	1.0
719_O-121	11.0	10.0	2.1477984914153923	0.6713798762782476	0.9662921348314607
71_O-121	13.0	10.0	2.3888067697920885	0.7636939791760977	0.9574468085106383
720_O-121	13.0	10.0	2.3754660074870624	0.7582703213610587	0.9565217391304348
721_O-121	8.5	8.0	2.21508435339735	0.7396539792387543	0.9764705882352941
722_O-121	11.0	8.0	2.3170872347736786	0.7592152199762188	0.9482758620689655
723_O-121	14.5	12.0	2.716584151855022	0.7860082304526749	0.9074074074074074
724_O-121	21.5	11.0	2.0919620040068905	0.7107338820301783	0.9351851851851852
725_O-121	25.0	10.0	2.325175270359419	0.755625	0.925
726_O-121	11.75	11.0	2.596628600836097	0.7938489998843797	0.967741935483871
727_O-121	15.0	9.0	2.2719610269172956	0.747471743010113	0.9512195121951219
728_O-121	11.0	10.0	2.3631234222101747	0.7322448979591836	0.9571428571428572
729_O-121	12.0	9.0	2.357264271464714	0.74981738495252	0.9594594594594594
72_O-121	10.0	9.0	2.4825011324268784	0.7754766600920446	0.9743589743589743
730_O-121	10.333333333333334	10.0	2.504983582114471	0.7756351392715028	0.9797979797979798
731_O-121	17.0	12.0	2.7287094810623826	0.804404996712689	0.9358974358974359
732_O-121	11.0	8.0	2.2628169972180716	0.7562500000000001	0.9625
733_O-121	16.0	11.0	2.392291626260608	0.7589388696655133	0.9509803921568627
734_O-121	10.5	9.0	2.433706180387019	0.765	0.95
735_O-121	7.5	7.0	2.1520183078546107	0.7417283950617284	0.9777777777777777
736_O-121	14.5	12.0	2.6673726540532345	0.7841796875	0.921875
737_O-121	12.5	11.0	2.6753652278153064	0.7899659863945578	0.9642857142857143
738_O-121	11.5	10.0	2.6027432474376897	0.7966672007691076	0.9620253164556962
739_O-121	6.0	6.0	1.9765070391890693	0.7072	0.9866666666666667
73_O-121	7.0	7.0	2.342929385786257	0.7676592797783934	1.0
740_O-121	10.0	9.0	2.3106824106847097	0.7468768590124926	0.9634146341463414
741_O-121	9.5	9.0	2.451693951712902	0.7696875	0.975
742_O-121	10.5	10.0	2.702665533215311	0.8060941828254847	0.9736842105263158
743_O-121	10.2	10.0	2.6486947302615746	0.8053633217993079	0.9705882352941176
744_O-121	13.0	11.0	2.3798891206687802	0.7309375	0.95
745_O-121	8.0	8.0	2.459085830573062	0.7840816326530613	0.9857142857142858
746_O-121	15.0	10.0	2.441450667988675	0.7646484375	0.921875
747_O-121	16.75	13.0	2.377127649959467	0.7273662551440329	0.9444444444444444
748_O-121	15.333333333333334	12.0	2.58018500237072	0.7813066054824296	0.945054945054945
749_O-121	10.0	7.0	2.0011161131855353	0.6943359375	0.953125
74_O-121	16.0	11.0	2.474583752489452	0.7581161408321903	0.9382716049382716
750_O-121	10.75	10.0	2.5064242935848355	0.7788137274350327	0.9577464788732395
751_O-121	8.0	8.0	2.232625510030964	0.7307692307692307	0.9871794871794872
752_O-121	11.75	11.0	2.4336064163296522	0.754	0.97
753_O-121	16.0	11.0	2.2609887757939515	0.7246980424822991	0.9489795918367347
754_O-121	10.5	9.0	2.4798567011745076	0.7893749999999999	0.9625
755_O-121	11.6	11.0	2.446831426270535	0.7622041420118343	0.9711538461538461
756_O-121	19.5	12.0	2.56339996123131	0.7651555555555556	0.92
757_O-121	8.0	8.0	2.1084894051589766	0.6883555555555556	0.9866666666666667
758_O-121	14.5	12.0	2.544935504192282	0.7510414600277722	0.9295774647887324
759_O-121	12.142857142857142	12.0	2.7204472697300504	0.787436084733382	0.972972972972973
75_O-121	8.333333333333334	8.0	2.1643031017620737	0.7283057851239669	0.9772727272727273
760_O-121	11.5	10.0	2.4176435210966543	0.7571660356949703	0.9651162790697675
761_O-121	18.5	11.0	2.29436408488537	0.7258039932937053	0.9259259259259259
762_O-121	16.75	13.0	2.6125264309744436	0.7745389649018442	0.926829268292683
763_O-121	10.25	10.0	2.303665506163785	0.7191840277777777	0.9791666666666666
764_O-121	12.333333333333334	12.0	2.8753518765987667	0.8126115407495538	0.975609756097561
765_O-121	8.0	8.0	2.357739790613009	0.7571549329791087	0.989010989010989
766_O-121	13.5	12.0	2.6149940543765684	0.7776456599286563	0.9540229885057472
767_O-121	9.333333333333334	9.0	2.4045648150469328	0.7572714681440443	0.9736842105263158
768_O-121	16.0	11.0	2.6256540039046476	0.788888888888889	0.9166666666666666
769_O-121	22.5	12.0	2.5883282940441483	0.7801183431952663	0.8923076923076922
76_O-121	10.333333333333334	10.0	2.5053155229118587	0.7691010288412886	0.974025974025974
770_O-121	18.0	13.0	2.4879150010846818	0.7524710383675204	0.9381443298969072
771_O-121	13.0	11.0	2.5306216331279034	0.7796995328872617	0.9550561797752809
772_O-121	15.0	9.0	2.39606273219611	0.7636363636363637	0.9272727272727272
773_O-121	11.75	11.0	2.6061364800952123	0.7938271604938272	0.9666666666666667
774_O-121	8.333333333333334	8.0	2.27748256480344	0.7457142857142857	0.9714285714285714
775_O-121	12.0	11.0	2.5619728687438816	0.7834431726211123	0.967741935483871
776_O-121	19.5	12.0	2.5721359898804312	0.7813801308744794	0.926829268292683
777_O-121	14.2	13.0	2.807153597147627	0.8046537811972228	0.9452054794520548
778_O-121	12.0	9.0	2.3013429889048047	0.7522448979591837	0.9428571428571428
779_O-121	15.5	13.0	2.742477006076368	0.8044444444444445	0.9444444444444444
77_O-121	11.2	11.0	2.5528399931346653	0.7806682853509076	0.978494623655914
780_O-121	8.333333333333334	8.0	2.419205890816158	0.7795041322314049	0.9636363636363636
781_O-121	12.6	12.0	2.7289722951935516	0.7934933544931561	0.9577464788732395
782_O-121	7.0	7.0	2.150144158219633	0.7177545110269548	0.9850746268656716
783_O-121	6.0	6.0	2.0291100409927516	0.7213587566095176	0.9873417721518988
784_O-121	13.0	10.0	2.5308701007681225	0.7833044982698962	0.9411764705882353
785_O-121	8.0	8.0	2.302797078360866	0.7484023668639053	0.9846153846153847
786_O-121	15.5	13.0	2.669721583850609	0.7832344400959474	0.9438202247191011
787_O-121	8.5	8.0	2.250576189232588	0.7457439446366781	0.9764705882352941
788_O-121	10.75	10.0	2.5627525774209414	0.780045351473923	0.9523809523809523
789_O-121	9.0	9.0	2.565410200951709	0.8007407407407408	0.9888888888888889
78_O-121	10.75	10.0	2.4037532464173705	0.7357253086419753	0.9583333333333334
790_O-121	9.5	8.0	2.246051218119235	0.75125	0.9625
791_O-121	13.0	10.0	2.4184328829510755	0.7567389875082182	0.9487179487179487
792_O-121	8.333333333333334	8.0	2.195607428316086	0.7354570637119113	0.9736842105263158
793_O-121	11.0	10.0	2.2442693449674183	0.724779456721111	0.9719626168224299
794_O-121	10.333333333333334	10.0	2.6223782042809205	0.803044982698962	0.9764705882352941
795_O-121	12.0	9.0	2.289911091563234	0.7414408737660155	0.9420289855072463
796_O-121	11.0	11.0	2.694736665416896	0.798269508091652	0.9873417721518988
797_O-121	13.0	10.0	2.4096199559504763	0.7617915180340864	0.9540229885057472
798_O-121	12.0	9.0	2.2319993391626074	0.73781179138322	0.9523809523809523
799_O-121	11.6	11.0	2.474060895581476	0.7610544217687074	0.9642857142857143
79_O-121	11.0	10.0	2.2966424042721445	0.7306238185255198	0.967391304347826
7_O-121	12.2	12.0	2.6226111237850898	0.7752686873565994	0.978021978021978
800_O-121	13.5	12.0	2.615939273274978	0.7885160680529301	0.9565217391304348
801_O-121	14.0	11.0	2.536332087438085	0.772871972318339	0.9529411764705882
802_O-121	8.333333333333334	8.0	2.2814092917068303	0.7560975609756098	0.975609756097561
803_O-121	18.5	11.0	2.3660412383096077	0.7359375	0.925
804_O-121	9.25	9.0	2.3170131668495895	0.7195767195767195	0.9682539682539683
805_O-121	9.25	9.0	2.322196585484032	0.7471655328798187	0.9761904761904762
806_O-121	12.0	11.0	2.6111785127129523	0.7921748581089241	0.967032967032967
807_O-121	9.5	8.0	2.1895995558646444	0.734019227525721	0.961038961038961
808_O-121	10.25	10.0	2.616034970768116	0.7965154503616042	0.9743589743589743
809_O-121	16.0	11.0	2.281605112589727	0.7075555555555556	0.9333333333333333
80_O-121	13.0	10.0	2.254362830966648	0.7164461247637051	0.9565217391304348
810_O-121	14.5	13.0	2.772684613376804	0.8007862180598914	0.956989247311828
811_O-121	10.5	9.0	2.2737510848625013	0.7443750907243432	0.963855421686747
812_O-121	9.0	9.0	2.3971459900947503	0.7616	0.9866666666666667
813_O-121	15.0	10.0	2.1684518526559646	0.7132937760383788	0.9438202247191011
814_O-121	11.0	8.0	2.2912927362350133	0.7566147494839557	0.9589041095890412
815_O-121	20.0	13.0	2.682946910161246	0.7920524691358024	0.9027777777777778
816_O-121	32.0	11.0	2.3389040564925434	0.745	0.9125
817_O-121	16.0	10.0	2.5315756131599887	0.7847111111111111	0.9466666666666667
818_O-121	18.5	11.0	2.5785449324742413	0.7910059171597633	0.9076923076923077
819_O-121	8.0	8.0	2.098117213281183	0.705785667324129	0.9871794871794872
81_O-121	8.5	8.0	2.289913459980884	0.751984126984127	0.9761904761904762
820_O-121	8.0	8.0	2.252307590880316	0.7414453692693883	0.9885057471264368
821_O-121	12.142857142857142	12.0	2.526155620229099	0.760087871430223	0.978494623655914
822_O-121	12.0	10.0	2.4566866933147664	0.7706508875739645	0.9384615384615385
823_O-121	20.0	10.0	2.2870271087893603	0.7459373761395165	0.9425287356321839
824_O-121	10.5	9.0	2.3434255249831164	0.7522448979591836	0.9571428571428572
825_O-121	25.0	10.0	2.149586241271211	0.7170665459483929	0.9361702127659575
826_O-121	16.333333333333332	13.0	2.681191596673436	0.7944087338026732	0.9494949494949495
827_O-121	9.75	9.0	2.0979070581544965	0.7001784651992862	0.9634146341463414
828_O-121	15.666666666666666	14.0	2.916453985212595	0.8251150558842866	0.9358974358974359
829_O-121	13.75	13.0	2.769518772074144	0.8009018723654543	0.9702970297029703
82_O-121	9.333333333333334	9.0	2.429135163980888	0.7773760330578512	0.9772727272727273
830_O-121	10.5	9.0	2.238071751049173	0.7350362899425016	0.970873786407767
831_O-121	34.0	13.0	2.670284127419581	0.7914931588340274	0.9146341463414634
832_O-121	23.333333333333336	14.0	2.6825161007918648	0.7861606462429508	0.9012345679012346
833_O-121	10.0	9.0	2.2829866304345114	0.7462975778546712	0.9647058823529412
834_O-121	12.0	11.0	2.522989322158798	0.7631151974040021	0.9651162790697675
835_O-121	10.2	10.0	2.4589937360727894	0.755624860770773	0.9701492537313433
836_O-121	15.0	10.0	2.240605137032225	0.7259184446408282	0.9438202247191011
837_O-121	8.0	8.0	2.1783044848272013	0.7120865721688767	0.9876543209876543
838_O-121	6.5	6.0	1.8743129450233897	0.6865234375	0.96875
839_O-121	13.0	10.0	2.5596249259457795	0.773533950617284	0.9583333333333334
83_O-121	8.0	8.0	2.35833726385854	0.7724568709101726	0.9878048780487805
840_O-121	10.75	10.0	2.3349939253841745	0.7365323675871435	0.9680851063829787
841_O-121	10.0	7.0	2.1576305464538925	0.7498856881572931	0.962962962962963
842_O-121	12.5	12.0	2.5750032565370367	0.7623529411764706	0.9647058823529412
843_O-121	10.25	10.0	2.338047282535234	0.737217598097503	0.9770114942528736
844_O-121	9.25	9.0	2.227265284778718	0.7250566893424036	0.9761904761904762
845_O-121	10.75	10.0	2.293860489461436	0.7346514047866806	0.967741935483871
846_O-121	11.0	11.0	2.5286381565170375	0.7591813035273625	0.9879518072289156
847_O-121	8.0	7.0	2.2335985497883133	0.7474747474747475	0.9696969696969697
848_O-121	11.5	10.0	2.449632501104455	0.7590702947845804	0.9642857142857143
849_O-121	15.333333333333334	12.0	2.448038843176238	0.7347645429362881	0.9342105263157895
84_O-121	12.142857142857142	12.0	2.6156982440398346	0.7798337950138504	0.9789473684210527
850_O-121	10.0	10.0	2.516821164402413	0.7647158036768427	0.987012987012987
851_O-121	10.25	10.0	2.494363259674599	0.7713507450729049	0.9746835443037974
852_O-121	42.0	14.0	2.7121553948497614	0.7936466942148761	0.9090909090909091
853_O-121	19.5	12.0	2.5305191022380265	0.7782118055555556	0.9375
854_O-121	10.0	7.0	2.0764618076382906	0.726839912715731	0.9577464788732395
855_O-121	12.5	11.0	2.8414584227495356	0.81789802289282	0.9516129032258065
856_O-121	22.5	12.0	2.4301225337742034	0.7554601691705592	0.9213483146067416
857_O-121	8.0	8.0	2.2782508209598302	0.7458654210326978	0.9887640449438202
858_O-121	12.5	11.0	2.67717043342873	0.793356401384083	0.9647058823529412
859_O-121	14.5	12.0	2.69865660741599	0.7915518824609733	0.9242424242424242
85_O-121	18.5	11.0	2.2734565654610845	0.7298591958194223	0.927710843373494
860_O-121	13.6	13.0	2.6620242979359356	0.7799691583475368	0.972972972972973
861_O-121	20.5	13.0	2.5863202467300397	0.7752	0.94
862_O-121	14.0	12.0	2.6054871795321235	0.7818181818181819	0.9636363636363636
863_O-121	13.2	12.0	2.491575971455956	0.7609778180172022	0.9574468085106383
864_O-121	11.0	11.0	2.7810864568272486	0.8053333333333333	0.9866666666666667
865_O-121	13.0	10.0	2.358691865980245	0.7547666009204471	0.9487179487179487
866_O-121	10.0	9.0	2.185913367577448	0.7075298438934803	0.9545454545454546
867_O-121	8.0	8.0	2.1135628413841907	0.7159102986502285	0.9896907216494846
868_O-121	6.0	6.0	2.0683194655660286	0.7093750000000001	1.0
869_O-121	16.75	13.0	2.47761623718064	0.7540756156781131	0.935483870967742
86_O-121	22.5	12.0	2.4019335889257105	0.739416427728116	0.9090909090909091
870_O-121	18.0	13.0	2.5588854638754537	0.760859625057156	0.9259259259259259
871_O-121	18.5	11.0	2.3116602414252645	0.7271531886916502	0.9230769230769231
872_O-121	10.2	10.0	2.50769359254678	0.774490466798159	0.9743589743589743
873_O-121	10.75	10.0	2.470968146110071	0.7742382271468145	0.9605263157894737
874_O-121	24.333333333333336	15.0	2.7594617664042604	0.7972467093346215	0.9120879120879121
875_O-121	12.0	10.0	2.283857541656729	0.7208569628229364	0.9420289855072463
876_O-121	9.5	9.0	2.440010537752928	0.7641284949434861	0.975609756097561
877_O-121	7.5	7.0	2.085022038505403	0.7151290268173385	0.974025974025974
878_O-121	18.5	11.0	2.5329444472474902	0.7809283763915144	0.9130434782608696
879_O-121	21.0	11.0	2.357498404049785	0.7479815455594003	0.9509803921568627
87_O-121	13.0	11.0	2.6175821636547094	0.8007407407407408	0.9555555555555556
880_O-121	13.0	11.0	2.443242674118309	0.7430555555555556	0.9444444444444444
881_O-121	27.0	13.0	2.3108152885806748	0.7043650793650793	0.9047619047619048
882_O-121	16.75	13.0	2.59577481700479	0.7804752066115702	0.9318181818181819
883_O-121	11.0	10.0	2.574199421687413	0.7866544230180594	0.9797979797979798
884_O-121	12.166666666666666	12.0	2.8556873926543167	0.8145209283872248	0.971830985915493
885_O-121	11.0	10.0	2.4245626654627466	0.766518993307569	0.970873786407767
886_O-121	27.0	13.0	2.4675078296425887	0.7516976007243097	0.9148936170212766
887_O-121	17.0	12.0	2.524241688007172	0.7592592592592593	0.9166666666666666
888_O-121	25.0	10.0	2.231494632644087	0.7268749999999999	0.925
889_O-121	9.25	9.0	2.3878686503719084	0.7621875	0.975
88_O-121	10.0	10.0	2.643602871974706	0.7948318110937849	0.9850746268656716
890_O-121	10.0	7.0	2.0019097174214653	0.6963667820069204	0.9558823529411765
891_O-121	14.2	13.0	2.558692076091704	0.7577688461915498	0.9603960396039604
892_O-121	13.5	11.0	2.31299406295602	0.722608024691358	0.9305555555555556
893_O-121	14.333333333333334	11.0	2.3981142866587146	0.7485121107266436	0.9411764705882353
894_O-121	12.5	11.0	2.3609170376716926	0.7313263920325939	0.9574468085106383
895_O-121	11.5	10.0	2.292421900599873	0.7208049886621315	0.9642857142857143
896_O-121	49.0	13.0	2.5453792677453557	0.7672176308539944	0.8636363636363636
897_O-121	11.6	11.0	2.2466535567232087	0.6983966670874888	0.9662921348314607
898_O-121	11.0	10.0	2.3328256604243083	0.7320047590719809	0.9634146341463414
899_O-121	8.333333333333334	8.0	2.1695926175779183	0.7191769269691347	0.974025974025974
89_O-121	13.0	11.0	2.531142341101051	0.7834201388888888	0.9583333333333334
8_O-121	8.0	8.0	2.29440379822353	0.7426989619377162	0.9882352941176471
900_O-121	11.5	10.0	2.470243891605099	0.7742	0.97
901_O-121	13.2	12.0	2.5608420568909422	0.7616	0.9466666666666667
902_O-121	8.5	8.0	2.2861866344495168	0.753099173553719	0.9772727272727273
903_O-121	12.0	12.0	2.6825775832654486	0.7974495589134423	0.9906542056074766
904_O-121	25.0	10.0	2.243451002577725	0.7314285714285714	0.9142857142857143
905_O-121	11.333333333333334	11.0	2.8575530026816054	0.8195592286501377	0.9696969696969697
906_O-121	12.6	12.0	2.75653458415464	0.7881078357268834	0.9523809523809523
907_O-121	10.25	10.0	2.332573853346407	0.7303719008264463	0.9772727272727273
908_O-121	12.75	12.0	2.512475128408976	0.7705456936226167	0.9743589743589743
909_O-121	9.0	9.0	2.4747768133413994	0.7792980368828079	0.9878048780487805
90_O-121	10.5	9.0	2.3821451152147657	0.7560553633217992	0.9558823529411765
910_O-121	17.0	12.0	2.5429984393712832	0.7704936986934906	0.946236559139785
911_O-121	13.0	10.0	2.4802063292514958	0.768595041322314	0.9393939393939394
912_O-121	10.5	9.0	2.265546826114313	0.7205989773557341	0.9594594594594594
913_O-121	14.333333333333334	11.0	2.5524113444626733	0.7672222222222222	0.9166666666666666
914_O-121	19.0	9.0	2.204151919257318	0.7435929806842569	0.9438202247191011
915_O-121	17.0	12.0	2.442761932797958	0.7504293830096446	0.9310344827586207
916_O-121	16.0	11.0	2.420561293746674	0.7570817435541681	0.946236559139785
917_O-121	9.0	9.0	2.5069165929132304	0.7861728395061729	0.9888888888888889
918_O-121	19.0	9.0	2.224651411675638	0.7373818298349624	0.9367088607594937
919_O-121	15.666666666666666	14.0	2.7740785360686075	0.7819877008530053	0.9295774647887324
91_O-121	13.0	10.0	2.416868006733733	0.76473769605192	0.9534883720930233
920_O-121	25.0	10.0	2.3979393528912305	0.7684983138266217	0.9154929577464789
921_O-121	19.0	14.0	2.7386482214387597	0.8025987896048417	0.9433962264150944
922_O-121	15.333333333333334	12.0	2.5595210067718295	0.7796159884071971	0.945054945054945
923_O-121	8.0	8.0	2.353084320431743	0.7653125000000001	0.9875
924_O-121	11.75	11.0	2.577519095760122	0.780785246876859	0.9634146341463414
925_O-121	11.0	10.0	2.599501402881082	0.8018707482993197	0.9642857142857143
926_O-121	14.5	13.0	2.6282478559852325	0.778374291115312	0.9652173913043478
927_O-121	9.5	8.0	2.2471362936845867	0.748070987654321	0.9583333333333334
928_O-121	9.333333333333334	9.0	2.546509773985527	0.7894283251939098	0.9661016949152542
929_O-121	16.333333333333332	13.0	2.6020071581798585	0.762962962962963	0.9444444444444444
92_O-121	11.0	10.0	2.4292326396012176	0.7755486968449932	0.9722222222222222
930_O-121	12.5	11.0	2.445025805577451	0.7626561472715319	0.9487179487179487
931_O-121	27.0	13.0	2.5910931819251375	0.7761306061174704	0.8904109589041096
932_O-121	17.0	12.0	2.6072280669698245	0.7761354474603601	0.9016393442622951
933_O-121	12.5	11.0	2.549052743206002	0.7818559556786704	0.9473684210526316
934_O-121	8.333333333333334	8.0	2.0487197637674055	0.6887755102040816	0.9761904761904762
935_O-121	9.5	8.0	2.2154171314279427	0.7482993197278912	0.9642857142857143
936_O-121	11.75	11.0	2.6865980573007393	0.7948318110937849	0.9552238805970149
937_O-121	13.0	10.0	2.336749804604981	0.7502362948960303	0.9565217391304348
938_O-121	17.0	12.0	2.450971231851582	0.7610677083333333	0.9375
939_O-121	18.0	8.0	1.7988374685661286	0.6402354570637119	0.9342105263157895
93_O-121	17.0	12.0	2.6981009912661555	0.77783203125	0.921875
940_O-121	9.5	8.0	2.1735640516325065	0.7202932098765431	0.9583333333333334
941_O-121	15.333333333333334	12.0	2.6677345167393933	0.7837837837837838	0.9324324324324325
942_O-121	14.0	12.0	2.51001858105611	0.7662809917355372	0.9636363636363636
943_O-121	18.75	15.0	2.8462041280153576	0.8008780991735537	0.9318181818181819
944_O-121	15.333333333333334	12.0	2.6429243738028325	0.796745867768595	0.9431818181818182
945_O-121	9.0	8.0	2.40800486559821	0.7743055555555556	0.9722222222222222
946_O-121	8.0	8.0	2.226870734234303	0.7474747474747475	0.98989898989899
947_O-121	17.0	12.0	2.6785041552548488	0.7985185185185184	0.9444444444444444
948_O-121	12.0	9.0	2.3353423451813122	0.7502784584539987	0.9402985074626866
949_O-121	10.0	7.0	2.1017956841070475	0.7292203927792105	0.9577464788732395
94_O-121	13.0	11.0	2.534606695236396	0.7706722189173112	0.9512195121951219
950_O-121	10.333333333333334	10.0	2.5822483817038524	0.784	0.9733333333333334
951_O-121	14.2	13.0	2.719347011716993	0.7933824417340901	0.9560439560439561
952_O-121	6.0	6.0	1.9464589476101977	0.67919921875	0.984375
953_O-121	13.5	12.0	2.591748684963735	0.7898412698412698	0.9619047619047619
954_O-121	22.5	12.0	2.488361516087934	0.775690357627886	0.925531914893617
955_O-121	10.5	9.0	2.3623183222232145	0.757201646090535	0.962962962962963
956_O-121	18.0	13.0	2.5101591975066313	0.7546571541815299	0.9310344827586207
957_O-121	11.75	11.0	2.455551687633489	0.7534	0.97
958_O-121	22.0	12.0	2.6895812430912263	0.7905982905982906	0.9358974358974359
959_O-121	14.2	13.0	2.798913171301208	0.7978575679428684	0.9436619718309859
95_O-121	12.0	11.0	2.5904407413078676	0.7864197530864198	0.9666666666666667
960_O-121	10.5	9.0	2.3854737946776106	0.7638888888888888	0.9583333333333334
961_O-121	19.0	9.0	2.0866198612117577	0.6755488834678176	0.9315068493150684
962_O-121	10.6	10.0	2.2680527553370924	0.7363321799307958	0.9647058823529412
963_O-121	11.0	8.0	2.03734574791995	0.6773357719859778	0.962962962962963
964_O-121	7.0	6.0	2.0373293305675535	0.7226813590449954	0.9696969696969697
965_O-121	11.6	11.0	2.4730640249221443	0.7454870065463202	0.9577464788732395
966_O-121	15.333333333333334	12.0	2.585993143391309	0.7677136596055515	0.9324324324324325
967_O-121	17.75	14.0	2.7213228913622043	0.7760602457391994	0.9310344827586207
968_O-121	20.0	13.0	2.4472444923017838	0.7429757785467128	0.9176470588235294
969_O-121	20.2	16.0	2.954861240672069	0.8193949002510239	0.9195402298850575
96_O-121	10.2	10.0	2.4294070163490327	0.766901027582477	0.9767441860465116
970_O-121	15.0	9.0	2.252514775960785	0.7417522985397512	0.9534883720930233
971_O-121	13.0	11.0	2.67210846744672	0.7989918084436043	0.9420289855072463
972_O-121	11.75	11.0	2.589525901569625	0.7867615038467122	0.963855421686747
973_O-121	10.0	10.0	2.495353956616845	0.7786776859504133	0.990909090909091
974_O-121	12.0	9.0	2.119342154289043	0.705335683384073	0.9493670886075949
975_O-121	8.5	8.0	2.1892766004770405	0.7274475244351867	0.9746835443037974
976_O-121	13.2	12.0	2.5730382857623826	0.7854131947848251	0.9603960396039604
977_O-121	9.75	9.0	2.2668943022821337	0.742704388505235	0.9552238805970149
978_O-121	6.0	6.0	2.2287494278680806	0.7548444444444444	1.0
979_O-121	12.166666666666666	12.0	2.7609865717490285	0.8069758224336108	0.9770114942528736
97_O-121	11.75	11.0	2.646550543638078	0.7866419294990723	0.961038961038961
980_O-121	14.5	12.0	2.6689066371602705	0.8011536612722321	0.9367088607594937
981_O-121	15.333333333333334	12.0	2.808578539930646	0.8149678604224059	0.9242424242424242
982_O-121	8.5	8.0	2.2514031148063536	0.7397300043547684	0.9759036144578314
983_O-121	16.0	11.0	2.531751330420381	0.7839446366782007	0.9411764705882353
984_O-121	12.0	10.0	2.3114047064396974	0.748161944907362	0.9603960396039604
985_O-121	16.0	11.0	2.5371035853892083	0.7825413223140496	0.9431818181818182
986_O-121	10.5	9.0	2.3363375003269047	0.7582703213610587	0.967391304347826
987_O-121	10.333333333333334	10.0	2.5432071919712023	0.7781845726549678	0.9775280898876404
988_O-121	10.333333333333334	10.0	2.519914921690982	0.7739875163303818	0.9759036144578314
989_O-121	8.0	7.0	2.1021392644842516	0.712430426716141	0.974025974025974
98_O-121	10.0	10.0	2.4948856654472196	0.7782312925170067	0.9904761904761905
990_O-121	11.0	9.0	2.2511938365467907	0.7395861327600107	0.9344262295081968
991_O-121	15.5	13.0	2.5554986859555906	0.7460389316432774	0.9468085106382979
992_O-121	10.25	10.0	2.4449533053060297	0.7650549173084207	0.9775280898876404
993_O-121	16.333333333333332	13.0	2.4909925471659666	0.7394835485214494	0.9489795918367347
994_O-121	13.0	11.0	2.4692748723661184	0.7540484429065744	0.9529411764705882
995_O-121	11.0	10.0	2.324282613872775	0.7224866151100535	0.9634146341463414
996_O-121	10.0	10.0	2.5191851158950778	0.7506887052341598	0.9848484848484849
997_O-121	13.0	11.0	2.596756202074904	0.7892089620484682	0.9506172839506173
998_O-121	11.333333333333334	11.0	2.750509100028973	0.8047091412742382	0.9736842105263158
999_O-121	12.166666666666666	12.0	2.758337326531906	0.8062113369524051	0.9775280898876404
99_O-121	13.0	11.0	2.1820140716609915	0.7001028806584362	0.962962962962963
9_O-121	16.0	10.0	2.3164684612737783	0.740515635721988	0.9603960396039604
