	chao1	observed_otus	shannon	simpson	goods_coverage
1000_H-193	1.0	1.0	-0.0	0.0	1.0
100_H-193	1.0	1.0	-0.0	0.0	1.0
101_H-193	1.0	1.0	-0.0	0.0	1.0
102_H-193	1.0	1.0	-0.0	0.0	1.0
103_H-193	0.0	0.0	nan	nan	nan
104_H-193	1.0	1.0	-0.0	0.0	1.0
105_H-193	0.0	0.0	nan	nan	nan
106_H-193	1.0	1.0	-0.0	0.0	1.0
107_H-193	0.0	0.0	nan	nan	nan
108_H-193	1.0	1.0	-0.0	0.0	1.0
109_H-193	1.0	1.0	-0.0	0.0	1.0
10_H-193	1.0	1.0	-0.0	0.0	1.0
110_H-193	1.0	1.0	-0.0	0.0	1.0
111_H-193	1.0	1.0	-0.0	0.0	0.0
112_H-193	1.0	1.0	-0.0	0.0	0.0
113_H-193	0.0	0.0	nan	nan	nan
114_H-193	0.0	0.0	nan	nan	nan
115_H-193	1.0	1.0	-0.0	0.0	1.0
116_H-193	1.0	1.0	-0.0	0.0	0.0
117_H-193	1.0	1.0	-0.0	0.0	1.0
118_H-193	1.0	1.0	-0.0	0.0	1.0
119_H-193	1.0	1.0	-0.0	0.0	1.0
11_H-193	1.0	1.0	-0.0	0.0	1.0
120_H-193	1.0	1.0	-0.0	0.0	1.0
121_H-193	1.0	1.0	-0.0	0.0	1.0
122_H-193	0.0	0.0	nan	nan	nan
123_H-193	1.0	1.0	-0.0	0.0	1.0
124_H-193	1.0	1.0	-0.0	0.0	1.0
125_H-193	0.0	0.0	nan	nan	nan
126_H-193	1.0	1.0	-0.0	0.0	1.0
127_H-193	0.0	0.0	nan	nan	nan
128_H-193	1.0	1.0	-0.0	0.0	0.0
129_H-193	1.0	1.0	-0.0	0.0	0.0
12_H-193	1.0	1.0	-0.0	0.0	1.0
130_H-193	1.0	1.0	-0.0	0.0	1.0
131_H-193	0.0	0.0	nan	nan	nan
132_H-193	1.0	1.0	-0.0	0.0	1.0
133_H-193	1.0	1.0	-0.0	0.0	1.0
134_H-193	1.0	1.0	-0.0	0.0	1.0
135_H-193	1.0	1.0	-0.0	0.0	0.0
136_H-193	1.0	1.0	-0.0	0.0	1.0
137_H-193	1.0	1.0	-0.0	0.0	1.0
138_H-193	1.0	1.0	-0.0	0.0	1.0
139_H-193	1.0	1.0	-0.0	0.0	1.0
13_H-193	0.0	0.0	nan	nan	nan
140_H-193	1.0	1.0	-0.0	0.0	0.0
141_H-193	0.0	0.0	nan	nan	nan
142_H-193	1.0	1.0	-0.0	0.0	1.0
143_H-193	1.0	1.0	-0.0	0.0	0.0
144_H-193	0.0	0.0	nan	nan	nan
145_H-193	0.0	0.0	nan	nan	nan
146_H-193	0.0	0.0	nan	nan	nan
147_H-193	1.0	1.0	-0.0	0.0	1.0
148_H-193	1.0	1.0	-0.0	0.0	1.0
149_H-193	1.0	1.0	-0.0	0.0	1.0
14_H-193	1.0	1.0	-0.0	0.0	1.0
150_H-193	1.0	1.0	-0.0	0.0	1.0
151_H-193	1.0	1.0	-0.0	0.0	1.0
152_H-193	1.0	1.0	-0.0	0.0	1.0
153_H-193	0.0	0.0	nan	nan	nan
154_H-193	1.0	1.0	-0.0	0.0	1.0
155_H-193	1.0	1.0	-0.0	0.0	1.0
156_H-193	0.0	0.0	nan	nan	nan
157_H-193	1.0	1.0	-0.0	0.0	1.0
158_H-193	1.0	1.0	-0.0	0.0	0.0
159_H-193	1.0	1.0	-0.0	0.0	1.0
15_H-193	1.0	1.0	-0.0	0.0	1.0
160_H-193	1.0	1.0	-0.0	0.0	1.0
161_H-193	1.0	1.0	-0.0	0.0	1.0
162_H-193	1.0	1.0	-0.0	0.0	1.0
163_H-193	1.0	1.0	-0.0	0.0	1.0
164_H-193	0.0	0.0	nan	nan	nan
165_H-193	1.0	1.0	-0.0	0.0	1.0
166_H-193	1.0	1.0	-0.0	0.0	1.0
167_H-193	1.0	1.0	-0.0	0.0	1.0
168_H-193	1.0	1.0	-0.0	0.0	1.0
169_H-193	1.0	1.0	-0.0	0.0	1.0
16_H-193	1.0	1.0	-0.0	0.0	1.0
170_H-193	1.0	1.0	-0.0	0.0	1.0
171_H-193	1.0	1.0	-0.0	0.0	1.0
172_H-193	1.0	1.0	-0.0	0.0	0.0
173_H-193	0.0	0.0	nan	nan	nan
174_H-193	1.0	1.0	-0.0	0.0	1.0
175_H-193	1.0	1.0	-0.0	0.0	0.0
176_H-193	0.0	0.0	nan	nan	nan
177_H-193	0.0	0.0	nan	nan	nan
178_H-193	1.0	1.0	-0.0	0.0	1.0
179_H-193	1.0	1.0	-0.0	0.0	1.0
17_H-193	1.0	1.0	-0.0	0.0	1.0
180_H-193	1.0	1.0	-0.0	0.0	0.0
181_H-193	1.0	1.0	-0.0	0.0	1.0
182_H-193	0.0	0.0	nan	nan	nan
183_H-193	1.0	1.0	-0.0	0.0	1.0
184_H-193	0.0	0.0	nan	nan	nan
185_H-193	1.0	1.0	-0.0	0.0	1.0
186_H-193	1.0	1.0	-0.0	0.0	1.0
187_H-193	1.0	1.0	-0.0	0.0	1.0
188_H-193	1.0	1.0	-0.0	0.0	1.0
189_H-193	1.0	1.0	-0.0	0.0	0.0
18_H-193	0.0	0.0	nan	nan	nan
190_H-193	1.0	1.0	-0.0	0.0	0.0
191_H-193	1.0	1.0	-0.0	0.0	1.0
192_H-193	1.0	1.0	-0.0	0.0	1.0
193_H-193	0.0	0.0	nan	nan	nan
194_H-193	0.0	0.0	nan	nan	nan
195_H-193	1.0	1.0	-0.0	0.0	1.0
196_H-193	1.0	1.0	-0.0	0.0	1.0
197_H-193	1.0	1.0	-0.0	0.0	1.0
198_H-193	0.0	0.0	nan	nan	nan
199_H-193	1.0	1.0	-0.0	0.0	1.0
19_H-193	1.0	1.0	-0.0	0.0	1.0
1_H-193	1.0	1.0	-0.0	0.0	1.0
200_H-193	0.0	0.0	nan	nan	nan
201_H-193	0.0	0.0	nan	nan	nan
202_H-193	1.0	1.0	-0.0	0.0	1.0
203_H-193	0.0	0.0	nan	nan	nan
204_H-193	0.0	0.0	nan	nan	nan
205_H-193	0.0	0.0	nan	nan	nan
206_H-193	0.0	0.0	nan	nan	nan
207_H-193	0.0	0.0	nan	nan	nan
208_H-193	1.0	1.0	-0.0	0.0	1.0
209_H-193	0.0	0.0	nan	nan	nan
20_H-193	0.0	0.0	nan	nan	nan
210_H-193	1.0	1.0	-0.0	0.0	1.0
211_H-193	1.0	1.0	-0.0	0.0	1.0
212_H-193	1.0	1.0	-0.0	0.0	1.0
213_H-193	0.0	0.0	nan	nan	nan
214_H-193	0.0	0.0	nan	nan	nan
215_H-193	1.0	1.0	-0.0	0.0	1.0
216_H-193	0.0	0.0	nan	nan	nan
217_H-193	1.0	1.0	-0.0	0.0	0.0
218_H-193	1.0	1.0	-0.0	0.0	1.0
219_H-193	1.0	1.0	-0.0	0.0	0.0
21_H-193	0.0	0.0	nan	nan	nan
220_H-193	0.0	0.0	nan	nan	nan
221_H-193	1.0	1.0	-0.0	0.0	1.0
222_H-193	1.0	1.0	-0.0	0.0	1.0
223_H-193	0.0	0.0	nan	nan	nan
224_H-193	0.0	0.0	nan	nan	nan
225_H-193	0.0	0.0	nan	nan	nan
226_H-193	1.0	1.0	-0.0	0.0	1.0
227_H-193	1.0	1.0	-0.0	0.0	1.0
228_H-193	1.0	1.0	-0.0	0.0	0.0
229_H-193	1.0	1.0	-0.0	0.0	0.0
22_H-193	0.0	0.0	nan	nan	nan
230_H-193	1.0	1.0	-0.0	0.0	1.0
231_H-193	1.0	1.0	-0.0	0.0	1.0
232_H-193	1.0	1.0	-0.0	0.0	1.0
233_H-193	0.0	0.0	nan	nan	nan
234_H-193	1.0	1.0	-0.0	0.0	1.0
235_H-193	0.0	0.0	nan	nan	nan
236_H-193	0.0	0.0	nan	nan	nan
237_H-193	1.0	1.0	-0.0	0.0	1.0
238_H-193	1.0	1.0	-0.0	0.0	1.0
239_H-193	1.0	1.0	-0.0	0.0	1.0
23_H-193	1.0	1.0	-0.0	0.0	1.0
240_H-193	1.0	1.0	-0.0	0.0	1.0
241_H-193	1.0	1.0	-0.0	0.0	0.0
242_H-193	1.0	1.0	-0.0	0.0	1.0
243_H-193	0.0	0.0	nan	nan	nan
244_H-193	1.0	1.0	-0.0	0.0	1.0
245_H-193	0.0	0.0	nan	nan	nan
246_H-193	0.0	0.0	nan	nan	nan
247_H-193	0.0	0.0	nan	nan	nan
248_H-193	1.0	1.0	-0.0	0.0	1.0
249_H-193	1.0	1.0	-0.0	0.0	1.0
24_H-193	0.0	0.0	nan	nan	nan
250_H-193	1.0	1.0	-0.0	0.0	1.0
251_H-193	0.0	0.0	nan	nan	nan
252_H-193	1.0	1.0	-0.0	0.0	1.0
253_H-193	1.0	1.0	-0.0	0.0	1.0
254_H-193	1.0	1.0	-0.0	0.0	1.0
255_H-193	1.0	1.0	-0.0	0.0	1.0
256_H-193	1.0	1.0	-0.0	0.0	1.0
257_H-193	1.0	1.0	-0.0	0.0	1.0
258_H-193	1.0	1.0	-0.0	0.0	1.0
259_H-193	1.0	1.0	-0.0	0.0	1.0
25_H-193	1.0	1.0	-0.0	0.0	1.0
260_H-193	0.0	0.0	nan	nan	nan
261_H-193	1.0	1.0	-0.0	0.0	1.0
262_H-193	1.0	1.0	-0.0	0.0	0.0
263_H-193	1.0	1.0	-0.0	0.0	1.0
264_H-193	0.0	0.0	nan	nan	nan
265_H-193	1.0	1.0	-0.0	0.0	1.0
266_H-193	1.0	1.0	-0.0	0.0	1.0
267_H-193	0.0	0.0	nan	nan	nan
268_H-193	1.0	1.0	-0.0	0.0	1.0
269_H-193	0.0	0.0	nan	nan	nan
26_H-193	0.0	0.0	nan	nan	nan
270_H-193	0.0	0.0	nan	nan	nan
271_H-193	0.0	0.0	nan	nan	nan
272_H-193	1.0	1.0	-0.0	0.0	1.0
273_H-193	1.0	1.0	-0.0	0.0	1.0
274_H-193	1.0	1.0	-0.0	0.0	0.0
275_H-193	1.0	1.0	-0.0	0.0	1.0
276_H-193	0.0	0.0	nan	nan	nan
277_H-193	1.0	1.0	-0.0	0.0	1.0
278_H-193	0.0	0.0	nan	nan	nan
279_H-193	1.0	1.0	-0.0	0.0	1.0
27_H-193	1.0	1.0	-0.0	0.0	1.0
280_H-193	1.0	1.0	-0.0	0.0	1.0
281_H-193	0.0	0.0	nan	nan	nan
282_H-193	1.0	1.0	-0.0	0.0	1.0
283_H-193	1.0	1.0	-0.0	0.0	0.0
284_H-193	1.0	1.0	-0.0	0.0	1.0
285_H-193	1.0	1.0	-0.0	0.0	1.0
286_H-193	0.0	0.0	nan	nan	nan
287_H-193	1.0	1.0	-0.0	0.0	0.0
288_H-193	1.0	1.0	-0.0	0.0	1.0
289_H-193	0.0	0.0	nan	nan	nan
28_H-193	1.0	1.0	-0.0	0.0	1.0
290_H-193	1.0	1.0	-0.0	0.0	1.0
291_H-193	0.0	0.0	nan	nan	nan
292_H-193	1.0	1.0	-0.0	0.0	1.0
293_H-193	1.0	1.0	-0.0	0.0	1.0
294_H-193	1.0	1.0	-0.0	0.0	1.0
295_H-193	1.0	1.0	-0.0	0.0	1.0
296_H-193	0.0	0.0	nan	nan	nan
297_H-193	1.0	1.0	-0.0	0.0	1.0
298_H-193	1.0	1.0	-0.0	0.0	1.0
299_H-193	1.0	1.0	-0.0	0.0	1.0
29_H-193	1.0	1.0	-0.0	0.0	1.0
2_H-193	1.0	1.0	-0.0	0.0	1.0
300_H-193	1.0	1.0	-0.0	0.0	1.0
301_H-193	1.0	1.0	-0.0	0.0	1.0
302_H-193	1.0	1.0	-0.0	0.0	1.0
303_H-193	1.0	1.0	-0.0	0.0	1.0
304_H-193	0.0	0.0	nan	nan	nan
305_H-193	1.0	1.0	-0.0	0.0	1.0
306_H-193	1.0	1.0	-0.0	0.0	1.0
307_H-193	1.0	1.0	-0.0	0.0	0.0
308_H-193	0.0	0.0	nan	nan	nan
309_H-193	1.0	1.0	-0.0	0.0	1.0
30_H-193	1.0	1.0	-0.0	0.0	1.0
310_H-193	1.0	1.0	-0.0	0.0	1.0
311_H-193	0.0	0.0	nan	nan	nan
312_H-193	1.0	1.0	-0.0	0.0	1.0
313_H-193	1.0	1.0	-0.0	0.0	1.0
314_H-193	0.0	0.0	nan	nan	nan
315_H-193	1.0	1.0	-0.0	0.0	1.0
316_H-193	1.0	1.0	-0.0	0.0	1.0
317_H-193	0.0	0.0	nan	nan	nan
318_H-193	1.0	1.0	-0.0	0.0	1.0
319_H-193	1.0	1.0	-0.0	0.0	1.0
31_H-193	0.0	0.0	nan	nan	nan
320_H-193	0.0	0.0	nan	nan	nan
321_H-193	1.0	1.0	-0.0	0.0	0.0
322_H-193	0.0	0.0	nan	nan	nan
323_H-193	1.0	1.0	-0.0	0.0	1.0
324_H-193	1.0	1.0	-0.0	0.0	1.0
325_H-193	1.0	1.0	-0.0	0.0	1.0
326_H-193	0.0	0.0	nan	nan	nan
327_H-193	1.0	1.0	-0.0	0.0	1.0
328_H-193	1.0	1.0	-0.0	0.0	0.0
329_H-193	1.0	1.0	-0.0	0.0	1.0
32_H-193	1.0	1.0	-0.0	0.0	1.0
330_H-193	1.0	1.0	-0.0	0.0	1.0
331_H-193	0.0	0.0	nan	nan	nan
332_H-193	0.0	0.0	nan	nan	nan
333_H-193	1.0	1.0	-0.0	0.0	1.0
334_H-193	1.0	1.0	-0.0	0.0	1.0
335_H-193	0.0	0.0	nan	nan	nan
336_H-193	0.0	0.0	nan	nan	nan
337_H-193	1.0	1.0	-0.0	0.0	1.0
338_H-193	0.0	0.0	nan	nan	nan
339_H-193	1.0	1.0	-0.0	0.0	1.0
33_H-193	0.0	0.0	nan	nan	nan
340_H-193	0.0	0.0	nan	nan	nan
341_H-193	0.0	0.0	nan	nan	nan
342_H-193	0.0	0.0	nan	nan	nan
343_H-193	1.0	1.0	-0.0	0.0	0.0
344_H-193	1.0	1.0	-0.0	0.0	1.0
345_H-193	0.0	0.0	nan	nan	nan
346_H-193	0.0	0.0	nan	nan	nan
347_H-193	1.0	1.0	-0.0	0.0	1.0
348_H-193	1.0	1.0	-0.0	0.0	1.0
349_H-193	0.0	0.0	nan	nan	nan
34_H-193	0.0	0.0	nan	nan	nan
350_H-193	1.0	1.0	-0.0	0.0	1.0
351_H-193	1.0	1.0	-0.0	0.0	1.0
352_H-193	1.0	1.0	-0.0	0.0	1.0
353_H-193	1.0	1.0	-0.0	0.0	1.0
354_H-193	1.0	1.0	-0.0	0.0	1.0
355_H-193	0.0	0.0	nan	nan	nan
356_H-193	1.0	1.0	-0.0	0.0	1.0
357_H-193	1.0	1.0	-0.0	0.0	1.0
358_H-193	1.0	1.0	-0.0	0.0	1.0
359_H-193	1.0	1.0	-0.0	0.0	1.0
35_H-193	1.0	1.0	-0.0	0.0	1.0
360_H-193	1.0	1.0	-0.0	0.0	1.0
361_H-193	1.0	1.0	-0.0	0.0	1.0
362_H-193	1.0	1.0	-0.0	0.0	1.0
363_H-193	1.0	1.0	-0.0	0.0	0.0
364_H-193	1.0	1.0	-0.0	0.0	1.0
365_H-193	1.0	1.0	-0.0	0.0	1.0
366_H-193	1.0	1.0	-0.0	0.0	0.0
367_H-193	1.0	1.0	-0.0	0.0	0.0
368_H-193	1.0	1.0	-0.0	0.0	1.0
369_H-193	0.0	0.0	nan	nan	nan
36_H-193	0.0	0.0	nan	nan	nan
370_H-193	1.0	1.0	-0.0	0.0	1.0
371_H-193	1.0	1.0	-0.0	0.0	1.0
372_H-193	1.0	1.0	-0.0	0.0	0.0
373_H-193	1.0	1.0	-0.0	0.0	0.0
374_H-193	0.0	0.0	nan	nan	nan
375_H-193	1.0	1.0	-0.0	0.0	0.0
376_H-193	1.0	1.0	-0.0	0.0	1.0
377_H-193	1.0	1.0	-0.0	0.0	1.0
378_H-193	1.0	1.0	-0.0	0.0	1.0
379_H-193	1.0	1.0	-0.0	0.0	1.0
37_H-193	1.0	1.0	-0.0	0.0	0.0
380_H-193	0.0	0.0	nan	nan	nan
381_H-193	1.0	1.0	-0.0	0.0	1.0
382_H-193	1.0	1.0	-0.0	0.0	1.0
383_H-193	0.0	0.0	nan	nan	nan
384_H-193	1.0	1.0	-0.0	0.0	1.0
385_H-193	0.0	0.0	nan	nan	nan
386_H-193	1.0	1.0	-0.0	0.0	1.0
387_H-193	0.0	0.0	nan	nan	nan
388_H-193	0.0	0.0	nan	nan	nan
389_H-193	1.0	1.0	-0.0	0.0	1.0
38_H-193	0.0	0.0	nan	nan	nan
390_H-193	0.0	0.0	nan	nan	nan
391_H-193	1.0	1.0	-0.0	0.0	1.0
392_H-193	1.0	1.0	-0.0	0.0	1.0
393_H-193	0.0	0.0	nan	nan	nan
394_H-193	1.0	1.0	-0.0	0.0	1.0
395_H-193	1.0	1.0	-0.0	0.0	0.0
396_H-193	1.0	1.0	-0.0	0.0	1.0
397_H-193	1.0	1.0	-0.0	0.0	1.0
398_H-193	1.0	1.0	-0.0	0.0	1.0
399_H-193	0.0	0.0	nan	nan	nan
39_H-193	1.0	1.0	-0.0	0.0	1.0
3_H-193	0.0	0.0	nan	nan	nan
400_H-193	1.0	1.0	-0.0	0.0	1.0
401_H-193	1.0	1.0	-0.0	0.0	1.0
402_H-193	1.0	1.0	-0.0	0.0	1.0
403_H-193	1.0	1.0	-0.0	0.0	0.0
404_H-193	1.0	1.0	-0.0	0.0	1.0
405_H-193	0.0	0.0	nan	nan	nan
406_H-193	0.0	0.0	nan	nan	nan
407_H-193	0.0	0.0	nan	nan	nan
408_H-193	1.0	1.0	-0.0	0.0	1.0
409_H-193	1.0	1.0	-0.0	0.0	1.0
40_H-193	1.0	1.0	-0.0	0.0	1.0
410_H-193	1.0	1.0	-0.0	0.0	0.0
411_H-193	1.0	1.0	-0.0	0.0	0.0
412_H-193	0.0	0.0	nan	nan	nan
413_H-193	0.0	0.0	nan	nan	nan
414_H-193	1.0	1.0	-0.0	0.0	0.0
415_H-193	1.0	1.0	-0.0	0.0	1.0
416_H-193	1.0	1.0	-0.0	0.0	1.0
417_H-193	1.0	1.0	-0.0	0.0	1.0
418_H-193	1.0	1.0	-0.0	0.0	0.0
419_H-193	0.0	0.0	nan	nan	nan
41_H-193	0.0	0.0	nan	nan	nan
420_H-193	0.0	0.0	nan	nan	nan
421_H-193	0.0	0.0	nan	nan	nan
422_H-193	1.0	1.0	-0.0	0.0	1.0
423_H-193	1.0	1.0	-0.0	0.0	1.0
424_H-193	1.0	1.0	-0.0	0.0	0.0
425_H-193	1.0	1.0	-0.0	0.0	1.0
426_H-193	0.0	0.0	nan	nan	nan
427_H-193	1.0	1.0	-0.0	0.0	1.0
428_H-193	0.0	0.0	nan	nan	nan
429_H-193	1.0	1.0	-0.0	0.0	1.0
42_H-193	0.0	0.0	nan	nan	nan
430_H-193	1.0	1.0	-0.0	0.0	1.0
431_H-193	1.0	1.0	-0.0	0.0	1.0
432_H-193	1.0	1.0	-0.0	0.0	1.0
433_H-193	1.0	1.0	-0.0	0.0	1.0
434_H-193	1.0	1.0	-0.0	0.0	1.0
435_H-193	1.0	1.0	-0.0	0.0	1.0
436_H-193	0.0	0.0	nan	nan	nan
437_H-193	0.0	0.0	nan	nan	nan
438_H-193	1.0	1.0	-0.0	0.0	1.0
439_H-193	1.0	1.0	-0.0	0.0	1.0
43_H-193	0.0	0.0	nan	nan	nan
440_H-193	1.0	1.0	-0.0	0.0	1.0
441_H-193	1.0	1.0	-0.0	0.0	1.0
442_H-193	0.0	0.0	nan	nan	nan
443_H-193	0.0	0.0	nan	nan	nan
444_H-193	1.0	1.0	-0.0	0.0	1.0
445_H-193	1.0	1.0	-0.0	0.0	1.0
446_H-193	1.0	1.0	-0.0	0.0	1.0
447_H-193	1.0	1.0	-0.0	0.0	1.0
448_H-193	1.0	1.0	-0.0	0.0	1.0
449_H-193	0.0	0.0	nan	nan	nan
44_H-193	1.0	1.0	-0.0	0.0	1.0
450_H-193	0.0	0.0	nan	nan	nan
451_H-193	1.0	1.0	-0.0	0.0	1.0
452_H-193	1.0	1.0	-0.0	0.0	1.0
453_H-193	0.0	0.0	nan	nan	nan
454_H-193	0.0	0.0	nan	nan	nan
455_H-193	0.0	0.0	nan	nan	nan
456_H-193	1.0	1.0	-0.0	0.0	1.0
457_H-193	1.0	1.0	-0.0	0.0	1.0
458_H-193	1.0	1.0	-0.0	0.0	1.0
459_H-193	1.0	1.0	-0.0	0.0	1.0
45_H-193	1.0	1.0	-0.0	0.0	1.0
460_H-193	0.0	0.0	nan	nan	nan
461_H-193	0.0	0.0	nan	nan	nan
462_H-193	0.0	0.0	nan	nan	nan
463_H-193	0.0	0.0	nan	nan	nan
464_H-193	0.0	0.0	nan	nan	nan
465_H-193	1.0	1.0	-0.0	0.0	1.0
466_H-193	1.0	1.0	-0.0	0.0	1.0
467_H-193	1.0	1.0	-0.0	0.0	1.0
468_H-193	1.0	1.0	-0.0	0.0	1.0
469_H-193	1.0	1.0	-0.0	0.0	1.0
46_H-193	0.0	0.0	nan	nan	nan
470_H-193	0.0	0.0	nan	nan	nan
471_H-193	1.0	1.0	-0.0	0.0	1.0
472_H-193	1.0	1.0	-0.0	0.0	1.0
473_H-193	0.0	0.0	nan	nan	nan
474_H-193	1.0	1.0	-0.0	0.0	1.0
475_H-193	1.0	1.0	-0.0	0.0	1.0
476_H-193	1.0	1.0	-0.0	0.0	1.0
477_H-193	1.0	1.0	-0.0	0.0	1.0
478_H-193	0.0	0.0	nan	nan	nan
479_H-193	1.0	1.0	-0.0	0.0	1.0
47_H-193	0.0	0.0	nan	nan	nan
480_H-193	1.0	1.0	-0.0	0.0	1.0
481_H-193	1.0	1.0	-0.0	0.0	1.0
482_H-193	0.0	0.0	nan	nan	nan
483_H-193	1.0	1.0	-0.0	0.0	1.0
484_H-193	1.0	1.0	-0.0	0.0	0.0
485_H-193	0.0	0.0	nan	nan	nan
486_H-193	1.0	1.0	-0.0	0.0	1.0
487_H-193	0.0	0.0	nan	nan	nan
488_H-193	0.0	0.0	nan	nan	nan
489_H-193	1.0	1.0	-0.0	0.0	1.0
48_H-193	1.0	1.0	-0.0	0.0	1.0
490_H-193	0.0	0.0	nan	nan	nan
491_H-193	1.0	1.0	-0.0	0.0	1.0
492_H-193	1.0	1.0	-0.0	0.0	0.0
493_H-193	0.0	0.0	nan	nan	nan
494_H-193	1.0	1.0	-0.0	0.0	1.0
495_H-193	0.0	0.0	nan	nan	nan
496_H-193	1.0	1.0	-0.0	0.0	1.0
497_H-193	0.0	0.0	nan	nan	nan
498_H-193	1.0	1.0	-0.0	0.0	1.0
499_H-193	1.0	1.0	-0.0	0.0	0.0
49_H-193	0.0	0.0	nan	nan	nan
4_H-193	1.0	1.0	-0.0	0.0	1.0
500_H-193	1.0	1.0	-0.0	0.0	1.0
501_H-193	1.0	1.0	-0.0	0.0	1.0
502_H-193	1.0	1.0	-0.0	0.0	0.0
503_H-193	1.0	1.0	-0.0	0.0	1.0
504_H-193	1.0	1.0	-0.0	0.0	1.0
505_H-193	1.0	1.0	-0.0	0.0	1.0
506_H-193	1.0	1.0	-0.0	0.0	1.0
507_H-193	1.0	1.0	-0.0	0.0	1.0
508_H-193	1.0	1.0	-0.0	0.0	1.0
509_H-193	1.0	1.0	-0.0	0.0	0.0
50_H-193	1.0	1.0	-0.0	0.0	1.0
510_H-193	1.0	1.0	-0.0	0.0	1.0
511_H-193	0.0	0.0	nan	nan	nan
512_H-193	1.0	1.0	-0.0	0.0	1.0
513_H-193	1.0	1.0	-0.0	0.0	1.0
514_H-193	1.0	1.0	-0.0	0.0	1.0
515_H-193	1.0	1.0	-0.0	0.0	0.0
516_H-193	0.0	0.0	nan	nan	nan
517_H-193	1.0	1.0	-0.0	0.0	1.0
518_H-193	1.0	1.0	-0.0	0.0	0.0
519_H-193	1.0	1.0	-0.0	0.0	0.0
51_H-193	1.0	1.0	-0.0	0.0	1.0
520_H-193	0.0	0.0	nan	nan	nan
521_H-193	1.0	1.0	-0.0	0.0	1.0
522_H-193	1.0	1.0	-0.0	0.0	1.0
523_H-193	0.0	0.0	nan	nan	nan
524_H-193	1.0	1.0	-0.0	0.0	1.0
525_H-193	1.0	1.0	-0.0	0.0	1.0
526_H-193	1.0	1.0	-0.0	0.0	0.0
527_H-193	1.0	1.0	-0.0	0.0	1.0
528_H-193	0.0	0.0	nan	nan	nan
529_H-193	1.0	1.0	-0.0	0.0	0.0
52_H-193	1.0	1.0	-0.0	0.0	0.0
530_H-193	1.0	1.0	-0.0	0.0	1.0
531_H-193	1.0	1.0	-0.0	0.0	1.0
532_H-193	0.0	0.0	nan	nan	nan
533_H-193	0.0	0.0	nan	nan	nan
534_H-193	1.0	1.0	-0.0	0.0	1.0
535_H-193	0.0	0.0	nan	nan	nan
536_H-193	1.0	1.0	-0.0	0.0	1.0
537_H-193	1.0	1.0	-0.0	0.0	1.0
538_H-193	1.0	1.0	-0.0	0.0	1.0
539_H-193	1.0	1.0	-0.0	0.0	0.0
53_H-193	1.0	1.0	-0.0	0.0	1.0
540_H-193	0.0	0.0	nan	nan	nan
541_H-193	1.0	1.0	-0.0	0.0	1.0
542_H-193	1.0	1.0	-0.0	0.0	1.0
543_H-193	1.0	1.0	-0.0	0.0	1.0
544_H-193	1.0	1.0	-0.0	0.0	1.0
545_H-193	0.0	0.0	nan	nan	nan
546_H-193	1.0	1.0	-0.0	0.0	1.0
547_H-193	0.0	0.0	nan	nan	nan
548_H-193	1.0	1.0	-0.0	0.0	1.0
549_H-193	1.0	1.0	-0.0	0.0	0.0
54_H-193	0.0	0.0	nan	nan	nan
550_H-193	1.0	1.0	-0.0	0.0	1.0
551_H-193	1.0	1.0	-0.0	0.0	0.0
552_H-193	1.0	1.0	-0.0	0.0	1.0
553_H-193	0.0	0.0	nan	nan	nan
554_H-193	1.0	1.0	-0.0	0.0	1.0
555_H-193	0.0	0.0	nan	nan	nan
556_H-193	1.0	1.0	-0.0	0.0	1.0
557_H-193	0.0	0.0	nan	nan	nan
558_H-193	1.0	1.0	-0.0	0.0	0.0
559_H-193	1.0	1.0	-0.0	0.0	1.0
55_H-193	1.0	1.0	-0.0	0.0	1.0
560_H-193	1.0	1.0	-0.0	0.0	0.0
561_H-193	1.0	1.0	-0.0	0.0	0.0
562_H-193	1.0	1.0	-0.0	0.0	1.0
563_H-193	1.0	1.0	-0.0	0.0	1.0
564_H-193	0.0	0.0	nan	nan	nan
565_H-193	0.0	0.0	nan	nan	nan
566_H-193	1.0	1.0	-0.0	0.0	1.0
567_H-193	1.0	1.0	-0.0	0.0	1.0
568_H-193	1.0	1.0	-0.0	0.0	1.0
569_H-193	1.0	1.0	-0.0	0.0	1.0
56_H-193	0.0	0.0	nan	nan	nan
570_H-193	0.0	0.0	nan	nan	nan
571_H-193	1.0	1.0	-0.0	0.0	1.0
572_H-193	1.0	1.0	-0.0	0.0	1.0
573_H-193	1.0	1.0	-0.0	0.0	1.0
574_H-193	1.0	1.0	-0.0	0.0	0.0
575_H-193	1.0	1.0	-0.0	0.0	1.0
576_H-193	1.0	1.0	-0.0	0.0	1.0
577_H-193	1.0	1.0	-0.0	0.0	1.0
578_H-193	1.0	1.0	-0.0	0.0	1.0
579_H-193	0.0	0.0	nan	nan	nan
57_H-193	1.0	1.0	-0.0	0.0	1.0
580_H-193	1.0	1.0	-0.0	0.0	1.0
581_H-193	1.0	1.0	-0.0	0.0	1.0
582_H-193	1.0	1.0	-0.0	0.0	1.0
583_H-193	1.0	1.0	-0.0	0.0	1.0
584_H-193	1.0	1.0	-0.0	0.0	1.0
585_H-193	0.0	0.0	nan	nan	nan
586_H-193	1.0	1.0	-0.0	0.0	1.0
587_H-193	1.0	1.0	-0.0	0.0	0.0
588_H-193	1.0	1.0	-0.0	0.0	1.0
589_H-193	1.0	1.0	-0.0	0.0	1.0
58_H-193	1.0	1.0	-0.0	0.0	1.0
590_H-193	1.0	1.0	-0.0	0.0	1.0
591_H-193	1.0	1.0	-0.0	0.0	1.0
592_H-193	0.0	0.0	nan	nan	nan
593_H-193	1.0	1.0	-0.0	0.0	1.0
594_H-193	1.0	1.0	-0.0	0.0	1.0
595_H-193	1.0	1.0	-0.0	0.0	1.0
596_H-193	1.0	1.0	-0.0	0.0	1.0
597_H-193	0.0	0.0	nan	nan	nan
598_H-193	0.0	0.0	nan	nan	nan
599_H-193	1.0	1.0	-0.0	0.0	1.0
59_H-193	1.0	1.0	-0.0	0.0	1.0
5_H-193	1.0	1.0	-0.0	0.0	1.0
600_H-193	0.0	0.0	nan	nan	nan
601_H-193	1.0	1.0	-0.0	0.0	1.0
602_H-193	0.0	0.0	nan	nan	nan
603_H-193	0.0	0.0	nan	nan	nan
604_H-193	0.0	0.0	nan	nan	nan
605_H-193	0.0	0.0	nan	nan	nan
606_H-193	1.0	1.0	-0.0	0.0	1.0
607_H-193	0.0	0.0	nan	nan	nan
608_H-193	1.0	1.0	-0.0	0.0	0.0
609_H-193	1.0	1.0	-0.0	0.0	1.0
60_H-193	0.0	0.0	nan	nan	nan
610_H-193	0.0	0.0	nan	nan	nan
611_H-193	1.0	1.0	-0.0	0.0	1.0
612_H-193	1.0	1.0	-0.0	0.0	1.0
613_H-193	0.0	0.0	nan	nan	nan
614_H-193	1.0	1.0	-0.0	0.0	1.0
615_H-193	1.0	1.0	-0.0	0.0	1.0
616_H-193	0.0	0.0	nan	nan	nan
617_H-193	1.0	1.0	-0.0	0.0	1.0
618_H-193	1.0	1.0	-0.0	0.0	1.0
619_H-193	0.0	0.0	nan	nan	nan
61_H-193	1.0	1.0	-0.0	0.0	1.0
620_H-193	0.0	0.0	nan	nan	nan
621_H-193	0.0	0.0	nan	nan	nan
622_H-193	1.0	1.0	-0.0	0.0	1.0
623_H-193	1.0	1.0	-0.0	0.0	0.0
624_H-193	1.0	1.0	-0.0	0.0	1.0
625_H-193	0.0	0.0	nan	nan	nan
626_H-193	1.0	1.0	-0.0	0.0	1.0
627_H-193	0.0	0.0	nan	nan	nan
628_H-193	0.0	0.0	nan	nan	nan
629_H-193	1.0	1.0	-0.0	0.0	1.0
62_H-193	1.0	1.0	-0.0	0.0	1.0
630_H-193	1.0	1.0	-0.0	0.0	1.0
631_H-193	1.0	1.0	-0.0	0.0	1.0
632_H-193	1.0	1.0	-0.0	0.0	1.0
633_H-193	0.0	0.0	nan	nan	nan
634_H-193	1.0	1.0	-0.0	0.0	1.0
635_H-193	0.0	0.0	nan	nan	nan
636_H-193	1.0	1.0	-0.0	0.0	1.0
637_H-193	0.0	0.0	nan	nan	nan
638_H-193	1.0	1.0	-0.0	0.0	1.0
639_H-193	1.0	1.0	-0.0	0.0	1.0
63_H-193	1.0	1.0	-0.0	0.0	1.0
640_H-193	0.0	0.0	nan	nan	nan
641_H-193	0.0	0.0	nan	nan	nan
642_H-193	1.0	1.0	-0.0	0.0	1.0
643_H-193	1.0	1.0	-0.0	0.0	1.0
644_H-193	1.0	1.0	-0.0	0.0	0.0
645_H-193	0.0	0.0	nan	nan	nan
646_H-193	0.0	0.0	nan	nan	nan
647_H-193	1.0	1.0	-0.0	0.0	1.0
648_H-193	1.0	1.0	-0.0	0.0	1.0
649_H-193	0.0	0.0	nan	nan	nan
64_H-193	1.0	1.0	-0.0	0.0	1.0
650_H-193	1.0	1.0	-0.0	0.0	1.0
651_H-193	1.0	1.0	-0.0	0.0	1.0
652_H-193	1.0	1.0	-0.0	0.0	1.0
653_H-193	1.0	1.0	-0.0	0.0	1.0
654_H-193	1.0	1.0	-0.0	0.0	1.0
655_H-193	1.0	1.0	-0.0	0.0	1.0
656_H-193	1.0	1.0	-0.0	0.0	1.0
657_H-193	1.0	1.0	-0.0	0.0	1.0
658_H-193	1.0	1.0	-0.0	0.0	0.0
659_H-193	1.0	1.0	-0.0	0.0	1.0
65_H-193	1.0	1.0	-0.0	0.0	1.0
660_H-193	1.0	1.0	-0.0	0.0	1.0
661_H-193	1.0	1.0	-0.0	0.0	1.0
662_H-193	1.0	1.0	-0.0	0.0	1.0
663_H-193	1.0	1.0	-0.0	0.0	1.0
664_H-193	0.0	0.0	nan	nan	nan
665_H-193	0.0	0.0	nan	nan	nan
666_H-193	1.0	1.0	-0.0	0.0	1.0
667_H-193	1.0	1.0	-0.0	0.0	1.0
668_H-193	1.0	1.0	-0.0	0.0	1.0
669_H-193	1.0	1.0	-0.0	0.0	0.0
66_H-193	1.0	1.0	-0.0	0.0	1.0
670_H-193	1.0	1.0	-0.0	0.0	1.0
671_H-193	1.0	1.0	-0.0	0.0	1.0
672_H-193	1.0	1.0	-0.0	0.0	1.0
673_H-193	1.0	1.0	-0.0	0.0	1.0
674_H-193	1.0	1.0	-0.0	0.0	1.0
675_H-193	1.0	1.0	-0.0	0.0	1.0
676_H-193	1.0	1.0	-0.0	0.0	1.0
677_H-193	1.0	1.0	-0.0	0.0	1.0
678_H-193	1.0	1.0	-0.0	0.0	1.0
679_H-193	1.0	1.0	-0.0	0.0	1.0
67_H-193	1.0	1.0	-0.0	0.0	1.0
680_H-193	1.0	1.0	-0.0	0.0	0.0
681_H-193	1.0	1.0	-0.0	0.0	1.0
682_H-193	0.0	0.0	nan	nan	nan
683_H-193	1.0	1.0	-0.0	0.0	1.0
684_H-193	0.0	0.0	nan	nan	nan
685_H-193	1.0	1.0	-0.0	0.0	1.0
686_H-193	1.0	1.0	-0.0	0.0	1.0
687_H-193	1.0	1.0	-0.0	0.0	1.0
688_H-193	1.0	1.0	-0.0	0.0	1.0
689_H-193	1.0	1.0	-0.0	0.0	1.0
68_H-193	1.0	1.0	-0.0	0.0	1.0
690_H-193	1.0	1.0	-0.0	0.0	0.0
691_H-193	1.0	1.0	-0.0	0.0	1.0
692_H-193	1.0	1.0	-0.0	0.0	0.0
693_H-193	1.0	1.0	-0.0	0.0	1.0
694_H-193	1.0	1.0	-0.0	0.0	1.0
695_H-193	1.0	1.0	-0.0	0.0	1.0
696_H-193	1.0	1.0	-0.0	0.0	1.0
697_H-193	1.0	1.0	-0.0	0.0	0.0
698_H-193	1.0	1.0	-0.0	0.0	1.0
699_H-193	1.0	1.0	-0.0	0.0	0.0
69_H-193	0.0	0.0	nan	nan	nan
6_H-193	1.0	1.0	-0.0	0.0	1.0
700_H-193	0.0	0.0	nan	nan	nan
701_H-193	1.0	1.0	-0.0	0.0	0.0
702_H-193	1.0	1.0	-0.0	0.0	1.0
703_H-193	1.0	1.0	-0.0	0.0	1.0
704_H-193	1.0	1.0	-0.0	0.0	1.0
705_H-193	1.0	1.0	-0.0	0.0	1.0
706_H-193	1.0	1.0	-0.0	0.0	1.0
707_H-193	1.0	1.0	-0.0	0.0	1.0
708_H-193	1.0	1.0	-0.0	0.0	1.0
709_H-193	1.0	1.0	-0.0	0.0	0.0
70_H-193	1.0	1.0	-0.0	0.0	1.0
710_H-193	1.0	1.0	-0.0	0.0	1.0
711_H-193	1.0	1.0	-0.0	0.0	1.0
712_H-193	1.0	1.0	-0.0	0.0	0.0
713_H-193	1.0	1.0	-0.0	0.0	1.0
714_H-193	1.0	1.0	-0.0	0.0	1.0
715_H-193	1.0	1.0	-0.0	0.0	1.0
716_H-193	1.0	1.0	-0.0	0.0	1.0
717_H-193	0.0	0.0	nan	nan	nan
718_H-193	1.0	1.0	-0.0	0.0	1.0
719_H-193	1.0	1.0	-0.0	0.0	1.0
71_H-193	1.0	1.0	-0.0	0.0	0.0
720_H-193	0.0	0.0	nan	nan	nan
721_H-193	1.0	1.0	-0.0	0.0	1.0
722_H-193	0.0	0.0	nan	nan	nan
723_H-193	1.0	1.0	-0.0	0.0	1.0
724_H-193	1.0	1.0	-0.0	0.0	1.0
725_H-193	1.0	1.0	-0.0	0.0	1.0
726_H-193	0.0	0.0	nan	nan	nan
727_H-193	0.0	0.0	nan	nan	nan
728_H-193	0.0	0.0	nan	nan	nan
729_H-193	0.0	0.0	nan	nan	nan
72_H-193	1.0	1.0	-0.0	0.0	1.0
730_H-193	0.0	0.0	nan	nan	nan
731_H-193	1.0	1.0	-0.0	0.0	0.0
732_H-193	1.0	1.0	-0.0	0.0	1.0
733_H-193	1.0	1.0	-0.0	0.0	1.0
734_H-193	1.0	1.0	-0.0	0.0	1.0
735_H-193	1.0	1.0	-0.0	0.0	1.0
736_H-193	1.0	1.0	-0.0	0.0	1.0
737_H-193	0.0	0.0	nan	nan	nan
738_H-193	1.0	1.0	-0.0	0.0	1.0
739_H-193	0.0	0.0	nan	nan	nan
73_H-193	1.0	1.0	-0.0	0.0	1.0
740_H-193	0.0	0.0	nan	nan	nan
741_H-193	1.0	1.0	-0.0	0.0	1.0
742_H-193	0.0	0.0	nan	nan	nan
743_H-193	0.0	0.0	nan	nan	nan
744_H-193	1.0	1.0	-0.0	0.0	1.0
745_H-193	1.0	1.0	-0.0	0.0	0.0
746_H-193	0.0	0.0	nan	nan	nan
747_H-193	1.0	1.0	-0.0	0.0	1.0
748_H-193	1.0	1.0	-0.0	0.0	1.0
749_H-193	0.0	0.0	nan	nan	nan
74_H-193	1.0	1.0	-0.0	0.0	1.0
750_H-193	1.0	1.0	-0.0	0.0	1.0
751_H-193	1.0	1.0	-0.0	0.0	0.0
752_H-193	1.0	1.0	-0.0	0.0	1.0
753_H-193	1.0	1.0	-0.0	0.0	1.0
754_H-193	1.0	1.0	-0.0	0.0	1.0
755_H-193	0.0	0.0	nan	nan	nan
756_H-193	0.0	0.0	nan	nan	nan
757_H-193	1.0	1.0	-0.0	0.0	1.0
758_H-193	0.0	0.0	nan	nan	nan
759_H-193	1.0	1.0	-0.0	0.0	1.0
75_H-193	1.0	1.0	-0.0	0.0	1.0
760_H-193	1.0	1.0	-0.0	0.0	1.0
761_H-193	0.0	0.0	nan	nan	nan
762_H-193	1.0	1.0	-0.0	0.0	1.0
763_H-193	1.0	1.0	-0.0	0.0	0.0
764_H-193	1.0	1.0	-0.0	0.0	1.0
765_H-193	1.0	1.0	-0.0	0.0	0.0
766_H-193	1.0	1.0	-0.0	0.0	1.0
767_H-193	1.0	1.0	-0.0	0.0	1.0
768_H-193	1.0	1.0	-0.0	0.0	1.0
769_H-193	1.0	1.0	-0.0	0.0	1.0
76_H-193	0.0	0.0	nan	nan	nan
770_H-193	1.0	1.0	-0.0	0.0	1.0
771_H-193	1.0	1.0	-0.0	0.0	0.0
772_H-193	1.0	1.0	-0.0	0.0	1.0
773_H-193	1.0	1.0	-0.0	0.0	1.0
774_H-193	1.0	1.0	-0.0	0.0	0.0
775_H-193	1.0	1.0	-0.0	0.0	1.0
776_H-193	1.0	1.0	-0.0	0.0	1.0
777_H-193	0.0	0.0	nan	nan	nan
778_H-193	1.0	1.0	-0.0	0.0	0.0
779_H-193	1.0	1.0	-0.0	0.0	1.0
77_H-193	1.0	1.0	-0.0	0.0	1.0
780_H-193	1.0	1.0	-0.0	0.0	1.0
781_H-193	0.0	0.0	nan	nan	nan
782_H-193	1.0	1.0	-0.0	0.0	1.0
783_H-193	1.0	1.0	-0.0	0.0	1.0
784_H-193	1.0	1.0	-0.0	0.0	1.0
785_H-193	1.0	1.0	-0.0	0.0	0.0
786_H-193	0.0	0.0	nan	nan	nan
787_H-193	1.0	1.0	-0.0	0.0	1.0
788_H-193	1.0	1.0	-0.0	0.0	1.0
789_H-193	1.0	1.0	-0.0	0.0	1.0
78_H-193	1.0	1.0	-0.0	0.0	1.0
790_H-193	1.0	1.0	-0.0	0.0	1.0
791_H-193	1.0	1.0	-0.0	0.0	0.0
792_H-193	1.0	1.0	-0.0	0.0	1.0
793_H-193	1.0	1.0	-0.0	0.0	1.0
794_H-193	1.0	1.0	-0.0	0.0	1.0
795_H-193	1.0	1.0	-0.0	0.0	1.0
796_H-193	1.0	1.0	-0.0	0.0	1.0
797_H-193	1.0	1.0	-0.0	0.0	0.0
798_H-193	1.0	1.0	-0.0	0.0	1.0
799_H-193	0.0	0.0	nan	nan	nan
79_H-193	1.0	1.0	-0.0	0.0	0.0
7_H-193	1.0	1.0	-0.0	0.0	1.0
800_H-193	1.0	1.0	-0.0	0.0	1.0
801_H-193	1.0	1.0	-0.0	0.0	1.0
802_H-193	0.0	0.0	nan	nan	nan
803_H-193	0.0	0.0	nan	nan	nan
804_H-193	1.0	1.0	-0.0	0.0	1.0
805_H-193	1.0	1.0	-0.0	0.0	1.0
806_H-193	1.0	1.0	-0.0	0.0	1.0
807_H-193	1.0	1.0	-0.0	0.0	1.0
808_H-193	1.0	1.0	-0.0	0.0	1.0
809_H-193	0.0	0.0	nan	nan	nan
80_H-193	1.0	1.0	-0.0	0.0	0.0
810_H-193	1.0	1.0	-0.0	0.0	1.0
811_H-193	1.0	1.0	-0.0	0.0	1.0
812_H-193	1.0	1.0	-0.0	0.0	1.0
813_H-193	0.0	0.0	nan	nan	nan
814_H-193	1.0	1.0	-0.0	0.0	1.0
815_H-193	1.0	1.0	-0.0	0.0	1.0
816_H-193	1.0	1.0	-0.0	0.0	1.0
817_H-193	1.0	1.0	-0.0	0.0	1.0
818_H-193	0.0	0.0	nan	nan	nan
819_H-193	1.0	1.0	-0.0	0.0	1.0
81_H-193	1.0	1.0	-0.0	0.0	1.0
820_H-193	1.0	1.0	-0.0	0.0	1.0
821_H-193	0.0	0.0	nan	nan	nan
822_H-193	1.0	1.0	-0.0	0.0	1.0
823_H-193	1.0	1.0	-0.0	0.0	0.0
824_H-193	0.0	0.0	nan	nan	nan
825_H-193	1.0	1.0	-0.0	0.0	1.0
826_H-193	1.0	1.0	-0.0	0.0	1.0
827_H-193	0.0	0.0	nan	nan	nan
828_H-193	1.0	1.0	-0.0	0.0	1.0
829_H-193	1.0	1.0	-0.0	0.0	1.0
82_H-193	0.0	0.0	nan	nan	nan
830_H-193	1.0	1.0	-0.0	0.0	1.0
831_H-193	1.0	1.0	-0.0	0.0	0.0
832_H-193	0.0	0.0	nan	nan	nan
833_H-193	1.0	1.0	-0.0	0.0	1.0
834_H-193	1.0	1.0	-0.0	0.0	1.0
835_H-193	1.0	1.0	-0.0	0.0	1.0
836_H-193	0.0	0.0	nan	nan	nan
837_H-193	1.0	1.0	-0.0	0.0	1.0
838_H-193	1.0	1.0	-0.0	0.0	1.0
839_H-193	1.0	1.0	-0.0	0.0	1.0
83_H-193	1.0	1.0	-0.0	0.0	1.0
840_H-193	1.0	1.0	-0.0	0.0	1.0
841_H-193	0.0	0.0	nan	nan	nan
842_H-193	1.0	1.0	-0.0	0.0	0.0
843_H-193	0.0	0.0	nan	nan	nan
844_H-193	1.0	1.0	-0.0	0.0	1.0
845_H-193	0.0	0.0	nan	nan	nan
846_H-193	1.0	1.0	-0.0	0.0	1.0
847_H-193	0.0	0.0	nan	nan	nan
848_H-193	1.0	1.0	-0.0	0.0	0.0
849_H-193	1.0	1.0	-0.0	0.0	1.0
84_H-193	1.0	1.0	-0.0	0.0	1.0
850_H-193	1.0	1.0	-0.0	0.0	1.0
851_H-193	1.0	1.0	-0.0	0.0	1.0
852_H-193	1.0	1.0	-0.0	0.0	1.0
853_H-193	1.0	1.0	-0.0	0.0	1.0
854_H-193	1.0	1.0	-0.0	0.0	1.0
855_H-193	1.0	1.0	-0.0	0.0	1.0
856_H-193	0.0	0.0	nan	nan	nan
857_H-193	1.0	1.0	-0.0	0.0	0.0
858_H-193	1.0	1.0	-0.0	0.0	1.0
859_H-193	1.0	1.0	-0.0	0.0	1.0
85_H-193	1.0	1.0	-0.0	0.0	1.0
860_H-193	1.0	1.0	-0.0	0.0	1.0
861_H-193	1.0	1.0	-0.0	0.0	1.0
862_H-193	1.0	1.0	-0.0	0.0	1.0
863_H-193	0.0	0.0	nan	nan	nan
864_H-193	0.0	0.0	nan	nan	nan
865_H-193	1.0	1.0	-0.0	0.0	1.0
866_H-193	0.0	0.0	nan	nan	nan
867_H-193	1.0	1.0	-0.0	0.0	1.0
868_H-193	0.0	0.0	nan	nan	nan
869_H-193	1.0	1.0	-0.0	0.0	1.0
86_H-193	1.0	1.0	-0.0	0.0	1.0
870_H-193	1.0	1.0	-0.0	0.0	1.0
871_H-193	1.0	1.0	-0.0	0.0	1.0
872_H-193	1.0	1.0	-0.0	0.0	0.0
873_H-193	1.0	1.0	-0.0	0.0	1.0
874_H-193	1.0	1.0	-0.0	0.0	1.0
875_H-193	0.0	0.0	nan	nan	nan
876_H-193	1.0	1.0	-0.0	0.0	1.0
877_H-193	1.0	1.0	-0.0	0.0	1.0
878_H-193	1.0	1.0	-0.0	0.0	0.0
879_H-193	1.0	1.0	-0.0	0.0	1.0
87_H-193	1.0	1.0	-0.0	0.0	1.0
880_H-193	1.0	1.0	-0.0	0.0	1.0
881_H-193	0.0	0.0	nan	nan	nan
882_H-193	1.0	1.0	-0.0	0.0	1.0
883_H-193	1.0	1.0	-0.0	0.0	1.0
884_H-193	1.0	1.0	-0.0	0.0	1.0
885_H-193	0.0	0.0	nan	nan	nan
886_H-193	1.0	1.0	-0.0	0.0	1.0
887_H-193	1.0	1.0	-0.0	0.0	1.0
888_H-193	1.0	1.0	-0.0	0.0	1.0
889_H-193	1.0	1.0	-0.0	0.0	1.0
88_H-193	1.0	1.0	-0.0	0.0	1.0
890_H-193	1.0	1.0	-0.0	0.0	1.0
891_H-193	0.0	0.0	nan	nan	nan
892_H-193	1.0	1.0	-0.0	0.0	1.0
893_H-193	1.0	1.0	-0.0	0.0	1.0
894_H-193	0.0	0.0	nan	nan	nan
895_H-193	1.0	1.0	-0.0	0.0	1.0
896_H-193	1.0	1.0	-0.0	0.0	1.0
897_H-193	1.0	1.0	-0.0	0.0	0.0
898_H-193	1.0	1.0	-0.0	0.0	1.0
899_H-193	0.0	0.0	nan	nan	nan
89_H-193	0.0	0.0	nan	nan	nan
8_H-193	0.0	0.0	nan	nan	nan
900_H-193	1.0	1.0	-0.0	0.0	1.0
901_H-193	0.0	0.0	nan	nan	nan
902_H-193	0.0	0.0	nan	nan	nan
903_H-193	1.0	1.0	-0.0	0.0	0.0
904_H-193	0.0	0.0	nan	nan	nan
905_H-193	0.0	0.0	nan	nan	nan
906_H-193	0.0	0.0	nan	nan	nan
907_H-193	1.0	1.0	-0.0	0.0	1.0
908_H-193	1.0	1.0	-0.0	0.0	1.0
909_H-193	0.0	0.0	nan	nan	nan
90_H-193	1.0	1.0	-0.0	0.0	1.0
910_H-193	1.0	1.0	-0.0	0.0	1.0
911_H-193	1.0	1.0	-0.0	0.0	1.0
912_H-193	0.0	0.0	nan	nan	nan
913_H-193	1.0	1.0	-0.0	0.0	1.0
914_H-193	1.0	1.0	-0.0	0.0	1.0
915_H-193	1.0	1.0	-0.0	0.0	1.0
916_H-193	0.0	0.0	nan	nan	nan
917_H-193	1.0	1.0	-0.0	0.0	1.0
918_H-193	1.0	1.0	-0.0	0.0	1.0
919_H-193	1.0	1.0	-0.0	0.0	0.0
91_H-193	1.0	1.0	-0.0	0.0	1.0
920_H-193	1.0	1.0	-0.0	0.0	1.0
921_H-193	0.0	0.0	nan	nan	nan
922_H-193	0.0	0.0	nan	nan	nan
923_H-193	1.0	1.0	-0.0	0.0	1.0
924_H-193	0.0	0.0	nan	nan	nan
925_H-193	1.0	1.0	-0.0	0.0	1.0
926_H-193	1.0	1.0	-0.0	0.0	1.0
927_H-193	1.0	1.0	-0.0	0.0	1.0
928_H-193	0.0	0.0	nan	nan	nan
929_H-193	1.0	1.0	-0.0	0.0	0.0
92_H-193	1.0	1.0	-0.0	0.0	1.0
930_H-193	1.0	1.0	-0.0	0.0	1.0
931_H-193	1.0	1.0	-0.0	0.0	1.0
932_H-193	1.0	1.0	-0.0	0.0	1.0
933_H-193	0.0	0.0	nan	nan	nan
934_H-193	1.0	1.0	-0.0	0.0	1.0
935_H-193	0.0	0.0	nan	nan	nan
936_H-193	0.0	0.0	nan	nan	nan
937_H-193	1.0	1.0	-0.0	0.0	0.0
938_H-193	0.0	0.0	nan	nan	nan
939_H-193	1.0	1.0	-0.0	0.0	1.0
93_H-193	1.0	1.0	-0.0	0.0	0.0
940_H-193	0.0	0.0	nan	nan	nan
941_H-193	1.0	1.0	-0.0	0.0	1.0
942_H-193	0.0	0.0	nan	nan	nan
943_H-193	0.0	0.0	nan	nan	nan
944_H-193	1.0	1.0	-0.0	0.0	1.0
945_H-193	1.0	1.0	-0.0	0.0	1.0
946_H-193	0.0	0.0	nan	nan	nan
947_H-193	0.0	0.0	nan	nan	nan
948_H-193	1.0	1.0	-0.0	0.0	1.0
949_H-193	1.0	1.0	-0.0	0.0	1.0
94_H-193	1.0	1.0	-0.0	0.0	0.0
950_H-193	1.0	1.0	-0.0	0.0	0.0
951_H-193	0.0	0.0	nan	nan	nan
952_H-193	1.0	1.0	-0.0	0.0	1.0
953_H-193	0.0	0.0	nan	nan	nan
954_H-193	1.0	1.0	-0.0	0.0	1.0
955_H-193	0.0	0.0	nan	nan	nan
956_H-193	0.0	0.0	nan	nan	nan
957_H-193	1.0	1.0	-0.0	0.0	1.0
958_H-193	1.0	1.0	-0.0	0.0	1.0
959_H-193	1.0	1.0	-0.0	0.0	1.0
95_H-193	0.0	0.0	nan	nan	nan
960_H-193	1.0	1.0	-0.0	0.0	1.0
961_H-193	1.0	1.0	-0.0	0.0	1.0
962_H-193	0.0	0.0	nan	nan	nan
963_H-193	1.0	1.0	-0.0	0.0	1.0
964_H-193	1.0	1.0	-0.0	0.0	1.0
965_H-193	1.0	1.0	-0.0	0.0	1.0
966_H-193	1.0	1.0	-0.0	0.0	1.0
967_H-193	0.0	0.0	nan	nan	nan
968_H-193	0.0	0.0	nan	nan	nan
969_H-193	1.0	1.0	-0.0	0.0	1.0
96_H-193	0.0	0.0	nan	nan	nan
970_H-193	1.0	1.0	-0.0	0.0	1.0
971_H-193	0.0	0.0	nan	nan	nan
972_H-193	1.0	1.0	-0.0	0.0	1.0
973_H-193	0.0	0.0	nan	nan	nan
974_H-193	0.0	0.0	nan	nan	nan
975_H-193	1.0	1.0	-0.0	0.0	1.0
976_H-193	0.0	0.0	nan	nan	nan
977_H-193	0.0	0.0	nan	nan	nan
978_H-193	0.0	0.0	nan	nan	nan
979_H-193	1.0	1.0	-0.0	0.0	1.0
97_H-193	1.0	1.0	-0.0	0.0	1.0
980_H-193	0.0	0.0	nan	nan	nan
981_H-193	1.0	1.0	-0.0	0.0	1.0
982_H-193	1.0	1.0	-0.0	0.0	1.0
983_H-193	1.0	1.0	-0.0	0.0	1.0
984_H-193	0.0	0.0	nan	nan	nan
985_H-193	1.0	1.0	-0.0	0.0	1.0
986_H-193	1.0	1.0	-0.0	0.0	1.0
987_H-193	1.0	1.0	-0.0	0.0	1.0
988_H-193	0.0	0.0	nan	nan	nan
989_H-193	0.0	0.0	nan	nan	nan
98_H-193	0.0	0.0	nan	nan	nan
990_H-193	0.0	0.0	nan	nan	nan
991_H-193	1.0	1.0	-0.0	0.0	1.0
992_H-193	1.0	1.0	-0.0	0.0	1.0
993_H-193	0.0	0.0	nan	nan	nan
994_H-193	1.0	1.0	-0.0	0.0	0.0
995_H-193	1.0	1.0	-0.0	0.0	1.0
996_H-193	0.0	0.0	nan	nan	nan
997_H-193	0.0	0.0	nan	nan	nan
998_H-193	0.0	0.0	nan	nan	nan
999_H-193	1.0	1.0	-0.0	0.0	1.0
99_H-193	0.0	0.0	nan	nan	nan
9_H-193	1.0	1.0	-0.0	0.0	1.0
