	chao1	observed_otus	shannon	simpson	goods_coverage
1000_H-10	6.333333333333333	6.0	2.2892464285091583	0.7555555555555555	0.8666666666666667
100_H-10	8.0	8.0	2.82578551293746	0.8469387755102041	0.9642857142857143
101_H-10	8.0	8.0	2.818375827845116	0.8431001890359169	0.9565217391304348
102_H-10	8.25	8.0	2.7744998774912792	0.8344671201814059	0.9047619047619048
103_H-10	8.0	8.0	2.823934896284056	0.84375	0.9583333333333334
104_H-10	6.0	6.0	2.4729055953200563	0.8088888888888889	0.9333333333333333
105_H-10	8.0	8.0	2.856464856747655	0.8506944444444444	0.9583333333333334
106_H-10	9.25	9.0	3.0271691184406184	0.8677685950413223	0.9090909090909091
107_H-10	9.0	9.0	3.1464393446710153	0.885	1.0
108_H-10	7.0	7.0	2.6864949940128127	0.8341836734693877	1.0
109_H-10	9.5	8.0	2.8218881955261788	0.845679012345679	0.8333333333333334
10_H-10	11.0	10.0	3.046439344671015	0.85	0.8
110_H-10	10.25	10.0	3.1110804962442784	0.8711111111111112	0.9333333333333333
111_H-10	5.0	5.0	2.1477309221191607	0.76	0.95
112_H-10	7.0	6.0	2.3718956694089632	0.7901234567901234	0.8888888888888888
113_H-10	8.5	7.0	2.5249449750847117	0.8024691358024691	0.8333333333333334
114_H-10	5.0	5.0	2.2577560641285177	0.7810650887573964	1.0
115_H-10	5.0	5.0	2.0781758650865774	0.7345679012345678	0.9444444444444444
116_H-10	9.25	9.0	2.9356498918388856	0.8532235939643347	0.9259259259259259
117_H-10	8.0	8.0	2.891851946382239	0.8571428571428572	0.9523809523809523
118_H-10	7.0	6.0	2.4488156357251847	0.8061224489795918	0.8571428571428572
119_H-10	8.6	8.0	2.840223928941852	0.8444444444444444	0.8
11_H-10	9.0	9.0	3.090199876515855	0.875	1.0
120_H-10	8.0	8.0	2.8841837197791893	0.855	0.95
121_H-10	6.333333333333333	6.0	2.411602217974672	0.7928994082840236	0.8461538461538461
122_H-10	9.166666666666666	9.0	3.0503018554349817	0.8698060941828255	0.8947368421052632
123_H-10	7.0	7.0	2.5887791855917497	0.8117913832199547	0.9523809523809523
124_H-10	10.2	9.0	3.0	0.859375	0.75
125_H-10	6.0	6.0	2.492203107205413	0.8096885813148789	1.0
126_H-10	10.6	10.0	3.135821824148036	0.871900826446281	0.8636363636363636
127_H-10	7.0	7.0	2.706890595608519	0.8355555555555556	0.9333333333333333
128_H-10	8.5	8.0	2.794238586021476	0.8393194706994329	0.9130434782608696
129_H-10	7.5	7.0	2.660129752633257	0.8304498269896193	0.8823529411764706
12_H-10	8.0	8.0	2.905307776373747	0.8587257617728532	0.9473684210526316
130_H-10	7.333333333333333	7.0	2.6312929881819005	0.8235294117647058	0.8823529411764706
131_H-10	10.0	7.0	2.5521796970665482	0.808641975308642	0.8333333333333334
132_H-10	8.25	8.0	2.895423870280316	0.8581314878892734	0.8823529411764706
133_H-10	4.0	4.0	1.8910611120726528	0.7160493827160495	0.8888888888888888
134_H-10	6.0	6.0	2.372966377227965	0.7845804988662132	0.9523809523809523
135_H-10	8.0	8.0	2.808746230592378	0.8402777777777778	0.9583333333333334
136_H-10	8.25	8.0	2.8205898566665466	0.8421052631578947	0.8947368421052632
137_H-10	9.333333333333334	9.0	3.0068665431825226	0.8645833333333334	0.9166666666666666
138_H-10	7.0	7.0	2.5634425677041555	0.8027210884353742	0.9523809523809523
139_H-10	8.0	8.0	2.8927021732601896	0.8582230623818525	0.9565217391304348
13_H-10	7.0	7.0	2.6689801450225326	0.8310249307479225	0.9473684210526316
140_H-10	6.0	6.0	2.469508336839199	0.8055555555555556	1.0
141_H-10	7.5	7.0	2.4732696895151087	0.7904	0.92
142_H-10	8.0	8.0	2.7516103255281665	0.8166351606805293	1.0
143_H-10	13.0	8.0	2.8150724101159437	0.8402366863905325	0.6153846153846154
144_H-10	7.5	7.0	2.570950594454669	0.81	0.9
145_H-10	6.25	6.0	2.2709424217485368	0.7448979591836735	0.8571428571428572
146_H-10	8.0	7.0	2.610577243331642	0.8163265306122449	0.7857142857142857
147_H-10	7.5	7.0	2.4748917178498933	0.7863894139886578	0.9130434782608696
148_H-10	9.0	9.0	3.0292750707107143	0.8672	0.96
149_H-10	10.428571428571429	10.0	3.195295934496217	0.8808864265927978	0.8421052631578947
14_H-10	7.333333333333333	7.0	2.5497873815230383	0.8033240997229918	0.8947368421052632
150_H-10	7.0	7.0	2.7806390622295667	0.8515625	1.0
151_H-10	7.0	7.0	2.6606732334168424	0.8299319727891157	0.9523809523809523
152_H-10	11.0	9.0	2.9219280948873627	0.85	0.8
153_H-10	8.0	8.0	2.8796640049025948	0.8553719008264463	0.9545454545454546
154_H-10	9.0	9.0	3.1158340921632206	0.8808864265927978	0.9473684210526316
155_H-10	4.0	4.0	1.9362600275315278	0.7272727272727273	1.0
156_H-10	9.0	9.0	3.127986806877676	0.8827160493827161	0.9444444444444444
157_H-10	8.25	8.0	2.8037016960573484	0.84	0.9
158_H-10	10.2	10.0	3.1736606896881865	0.88	0.92
159_H-10	9.2	9.0	3.0761031709967224	0.8753462603878116	0.8947368421052632
15_H-10	10.2	10.0	3.1887218755408675	0.8819444444444444	0.9166666666666666
160_H-10	6.333333333333333	6.0	2.35274578087187	0.7755102040816326	0.8571428571428572
161_H-10	7.0	7.0	2.660673233416842	0.8299319727891157	0.9523809523809523
162_H-10	10.0	9.0	2.9242299136001453	0.847107438016529	0.8636363636363636
163_H-10	10.5	9.0	2.949275070710714	0.8576	0.88
164_H-10	6.5	6.0	2.3071885761626687	0.7681660899653979	0.8823529411764706
165_H-10	8.333333333333334	8.0	2.8464393446710154	0.85	0.9
166_H-10	7.0	7.0	2.6792617822531843	0.8299319727891157	1.0
167_H-10	8.5	7.0	2.6455933144511463	0.826530612244898	0.7857142857142857
168_H-10	8.0	8.0	2.839689958091771	0.8468809073724007	0.9565217391304348
169_H-10	8.0	8.0	2.9096743265455456	0.8582230623818525	1.0
16_H-10	5.0	5.0	2.299896391167891	0.7933884297520661	1.0
170_H-10	11.0	10.0	3.1117568363634582	0.8724279835390947	0.8888888888888888
171_H-10	10.0	8.0	2.481714572986073	0.7685950413223142	0.8181818181818181
172_H-10	9.75	9.0	3.044110417748401	0.8703703703703703	0.8333333333333334
173_H-10	9.0	9.0	3.0420006612655635	0.8698224852071006	0.9615384615384616
174_H-10	9.0	8.0	2.8584585933443494	0.8515625	0.8125
175_H-10	7.0	7.0	2.6360560861958224	0.8209876543209876	0.9444444444444444
176_H-10	8.0	8.0	2.9104404952185816	0.8571428571428572	1.0
177_H-10	7.0	7.0	2.6812763696025814	0.8347107438016529	0.9545454545454546
178_H-10	8.0	8.0	2.892702173260189	0.8582230623818525	0.9565217391304348
179_H-10	9.5	8.0	2.873140679513133	0.8520710059171597	0.6923076923076923
17_H-10	7.0	7.0	2.593411192621123	0.816	0.96
180_H-10	9.5	8.0	2.873140679513133	0.8520710059171597	0.6923076923076923
181_H-10	7.0	7.0	2.706890595608519	0.8355555555555556	0.9333333333333333
182_H-10	8.75	8.0	2.827819531114783	0.84375	0.8125
183_H-10	9.2	9.0	3.005678590456677	0.8616780045351474	0.9047619047619048
184_H-10	7.0	7.0	2.673533209849189	0.8298611111111112	1.0
185_H-10	5.0	5.0	2.2892464285091583	0.7911111111111111	1.0
186_H-10	9.5	9.0	2.9693894195291564	0.8518518518518519	0.8333333333333334
187_H-10	8.5	7.0	2.433206219346495	0.78	0.85
188_H-10	7.5	7.0	2.522865763404686	0.8015122873345936	0.9130434782608696
189_H-10	12.0	10.0	3.101508755867878	0.8677685950413223	0.8181818181818181
18_H-10	8.0	7.0	2.6412498004554794	0.8305785123966942	0.9090909090909091
190_H-10	8.0	7.0	2.5492553971685	0.8	0.8
191_H-10	10.0	9.0	2.8920795639257113	0.84375	0.875
192_H-10	8.166666666666666	8.0	2.9232314287976204	0.8622222222222222	0.8666666666666667
193_H-10	7.333333333333333	7.0	2.609850166028943	0.8166089965397924	0.8823529411764706
194_H-10	7.0	7.0	2.649794462043571	0.8254847645429363	0.9473684210526316
195_H-10	8.2	8.0	2.836591668108979	0.845679012345679	0.8888888888888888
196_H-10	8.5	8.0	2.7497406322591122	0.8340192043895748	0.9259259259259259
197_H-10	9.6	9.0	2.9655839357277816	0.8531855955678671	0.8421052631578947
198_H-10	9.5	8.0	2.8000446184790104	0.8421052631578947	0.8421052631578947
199_H-10	13.0	7.0	2.5	0.796875	0.75
19_H-10	10.0	10.0	3.195846815111717	0.8816568047337278	0.9615384615384616
1_H-10	8.0	8.0	2.9086949695628426	0.86	0.95
200_H-10	11.0	10.0	3.093730583109656	0.8668639053254438	0.8846153846153846
201_H-10	8.0	8.0	2.828368523237413	0.842249657064472	1.0
202_H-10	8.2	8.0	2.836591668108979	0.845679012345679	0.8888888888888888
203_H-10	7.0	7.0	2.6048074635028686	0.814404432132964	0.9473684210526316
204_H-10	7.0	7.0	2.710777084415067	0.8395061728395061	0.9444444444444444
205_H-10	7.0	7.0	2.6528257554939594	0.8253968253968254	0.9523809523809523
206_H-10	11.0	9.0	2.9258530145612833	0.8476454293628809	0.7894736842105263
207_H-10	7.333333333333333	7.0	2.6312929881819	0.8235294117647058	0.8823529411764706
208_H-10	8.0	8.0	2.8797322990860357	0.8532235939643347	1.0
209_H-10	8.5	7.0	2.5366082543914996	0.8027681660899654	0.8235294117647058
20_H-10	8.0	8.0	2.9219280948873627	0.86	1.0
210_H-10	9.333333333333334	9.0	2.934100114803092	0.850480109739369	0.9259259259259259
211_H-10	8.0	7.0	2.6612262562697895	0.8284023668639053	0.7692307692307692
212_H-10	4.0	4.0	1.974937501201927	0.7407407407407407	1.0
213_H-10	6.0	6.0	2.3564924137968246	0.7768595041322315	0.9545454545454546
214_H-10	9.6	9.0	2.9655839357277816	0.853185595567867	0.8421052631578947
215_H-10	5.0	5.0	2.1887218755408675	0.7638888888888888	0.9166666666666666
216_H-10	9.333333333333334	9.0	2.978094888169261	0.8622448979591837	0.9285714285714286
217_H-10	6.0	6.0	2.439268146254097	0.8033240997229918	0.9473684210526316
218_H-10	9.333333333333334	9.0	3.0494520727893937	0.871900826446281	0.9090909090909091
219_H-10	4.0	4.0	1.7604950297661985	0.6745562130177515	0.9230769230769231
21_H-10	6.0	6.0	2.4789990674205953	0.8088642659279779	1.0
220_H-10	6.5	6.0	2.2880192802796895	0.7654320987654322	0.8888888888888888
221_H-10	5.0	5.0	2.0550365325772657	0.7265625	0.9375
222_H-10	4.0	4.0	1.9219280948873625	0.72	1.0
223_H-10	9.0	9.0	3.0705981190900795	0.875	0.9642857142857143
224_H-10	8.5	8.0	2.798260782781601	0.8449931412894376	0.9259259259259259
225_H-10	7.0	7.0	2.6840172808298455	0.8344671201814059	0.9523809523809523
226_H-10	10.0	7.0	2.565448371820826	0.8047337278106509	0.6923076923076923
227_H-10	9.5	9.0	2.9053077763737467	0.8365650969529086	0.8421052631578947
228_H-10	9.0	8.0	2.708694969562842	0.8200000000000001	0.85
229_H-10	10.75	10.0	3.174674231978643	0.8801652892561984	0.8636363636363636
22_H-10	10.0	7.0	2.638920595031594	0.8266666666666667	0.8
230_H-10	9.25	9.0	2.996630848284676	0.8620037807183365	0.9130434782608696
231_H-10	3.0	3.0	1.4488156357251847	0.6122448979591837	0.8571428571428572
232_H-10	8.75	8.0	2.793345194191516	0.8373702422145328	0.8235294117647058
233_H-10	7.0	7.0	2.675595777605311	0.8310249307479225	0.9473684210526316
234_H-10	8.5	8.0	2.8385668472672965	0.8506616257088847	0.9130434782608696
235_H-10	8.25	8.0	2.8397755396455087	0.8476454293628809	0.8947368421052632
236_H-10	10.25	10.0	3.166812680413123	0.8786982248520709	0.9230769230769231
237_H-10	9.2	8.0	2.91829583405449	0.8611111111111112	0.6666666666666667
238_H-10	6.333333333333333	6.0	2.4591479170272446	0.8055555555555556	0.8333333333333334
239_H-10	11.2	10.0	3.077572638281769	0.8616780045351474	0.8095238095238095
23_H-10	5.0	5.0	2.1266144718101816	0.75	0.9375
240_H-10	9.0	9.0	3.118275160770976	0.8798185941043084	1.0
241_H-10	9.0	9.0	3.026678197056295	0.8644444444444445	1.0
242_H-10	6.0	6.0	2.3804304878001115	0.7820069204152249	0.9411764705882353
243_H-10	11.0	8.0	2.7806390622295662	0.8359375	0.75
244_H-10	9.333333333333334	9.0	3.0337940209922127	0.8695652173913043	0.9130434782608696
245_H-10	10.0	8.0	2.521928094887363	0.7699999999999999	0.8
246_H-10	9.0	9.0	3.08232813685843	0.8752834467120182	0.9523809523809523
247_H-10	10.0	7.0	2.523219672335508	0.8049999999999999	0.85
248_H-10	5.0	5.0	2.246439344671016	0.78	0.9
249_H-10	7.25	7.0	2.625	0.8203125	0.875
24_H-10	8.5	8.0	2.8559049224696933	0.8526077097505669	0.9047619047619048
250_H-10	8.0	8.0	2.808884070537636	0.8416	0.96
251_H-10	7.5	7.0	2.6013821620912934	0.8208616780045351	0.9047619047619048
252_H-10	8.0	7.0	2.5735572622751857	0.8088888888888889	0.8
253_H-10	10.166666666666666	10.0	3.153107168362812	0.875	0.9166666666666666
254_H-10	6.0	6.0	2.4677201004744993	0.8061224489795918	0.9285714285714286
255_H-10	9.0	8.0	2.794653473544342	0.8395061728395061	0.8333333333333334
256_H-10	7.333333333333333	7.0	2.6556390622295667	0.828125	0.875
257_H-10	8.25	8.0	2.7918583525674836	0.8390022675736961	0.9047619047619048
258_H-10	8.333333333333334	8.0	2.75707541331394	0.8317580340264651	0.9130434782608696
259_H-10	9.2	9.0	3.046439344671016	0.87	0.9
25_H-10	7.333333333333333	7.0	2.5464393446710156	0.8049999999999999	0.9
260_H-10	7.0	7.0	2.708694969562842	0.84	0.95
261_H-10	5.0	5.0	1.9386790169573507	0.6643598615916955	1.0
262_H-10	8.333333333333334	8.0	2.865576855207249	0.8531855955678671	0.8947368421052632
263_H-10	6.0	6.0	2.5220552088742	0.8194444444444444	0.9166666666666666
264_H-10	9.75	9.0	2.9841837197791894	0.86	0.85
265_H-10	12.0	9.0	2.9398844292635022	0.8550295857988166	0.8846153846153846
266_H-10	12.0	11.0	3.2532590215739536	0.8844953173777316	0.9032258064516129
267_H-10	8.333333333333334	8.0	2.80140367455976	0.8431001890359169	0.9130434782608696
268_H-10	6.0	6.0	2.4709505944546684	0.8049999999999999	1.0
269_H-10	9.142857142857142	9.0	3.00531485689428	0.8587257617728532	0.8947368421052632
26_H-10	7.333333333333333	7.0	2.413911951300548	0.7744	0.92
270_H-10	9.2	9.0	2.988316710610012	0.859504132231405	0.9090909090909091
271_H-10	8.2	8.0	2.7947885411048063	0.8365650969529086	0.8947368421052632
272_H-10	9.25	9.0	3.046381112945884	0.870748299319728	0.9047619047619048
273_H-10	6.333333333333333	6.0	2.2256108145207376	0.740484429065744	0.8823529411764706
274_H-10	6.0	6.0	2.5073801024236353	0.8165680473372781	0.9230769230769231
275_H-10	16.0	11.0	3.195846815111718	0.8757396449704142	0.8076923076923077
276_H-10	10.75	10.0	3.0830741894285696	0.864	0.88
277_H-10	8.0	8.0	2.7865766899407327	0.8333333333333333	0.9583333333333334
278_H-10	12.5	11.0	3.156322337025314	0.8641975308641976	0.8518518518518519
279_H-10	8.75	8.0	2.827819531114783	0.84375	0.8125
27_H-10	4.0	4.0	1.950212064914747	0.7346938775510204	0.8571428571428572
280_H-10	9.5	8.0	2.7035593239513567	0.8223140495867769	0.8636363636363636
281_H-10	4.0	4.0	1.9591479170272446	0.7361111111111112	1.0
282_H-10	6.25	6.0	2.345851989338261	0.7692307692307692	0.8461538461538461
283_H-10	7.0	7.0	2.608694969562842	0.815	0.95
284_H-10	9.0	9.0	3.1156892633000703	0.8803329864724245	1.0
285_H-10	8.0	8.0	2.905307776373747	0.8587257617728532	0.9473684210526316
286_H-10	6.0	6.0	2.4410685859554375	0.8024691358024691	0.9444444444444444
287_H-10	10.5	9.0	2.900051698999543	0.8421052631578947	0.7894736842105263
288_H-10	9.0	9.0	3.1416192081839793	0.8843537414965986	1.0
289_H-10	10.5	9.0	3.030639062229566	0.8671875	0.75
28_H-10	9.333333333333334	9.0	3.0337940209922127	0.8695652173913043	0.9130434782608696
290_H-10	6.0	6.0	2.3900776443040956	0.7892561983471075	0.9545454545454546
291_H-10	7.5	7.0	2.5228657634046865	0.8015122873345936	0.9130434782608696
292_H-10	6.0	6.0	2.452819531114783	0.8046875	0.9375
293_H-10	16.5	9.0	2.985228136034251	0.8571428571428572	0.5714285714285714
294_H-10	13.0	8.0	2.8150724101159437	0.8402366863905325	0.6153846153846154
295_H-10	8.333333333333334	8.0	2.7899290753099995	0.8388429752066116	0.9090909090909091
296_H-10	11.0	10.0	3.1105780147890165	0.8642659279778393	0.7894736842105263
297_H-10	8.0	8.0	2.9151959937952427	0.8616780045351474	0.9523809523809523
298_H-10	9.5	8.0	2.720128777433188	0.8264462809917356	0.8636363636363636
299_H-10	8.5	7.0	2.4885548621928453	0.7901234567901234	0.8333333333333334
29_H-10	6.333333333333333	6.0	2.3787834934861753	0.7857142857142857	0.8571428571428572
2_H-10	9.5	9.0	2.905307776373747	0.8365650969529086	0.8421052631578947
300_H-10	5.0	5.0	1.9698157824268099	0.6920415224913494	0.9411764705882353
301_H-10	4.0	4.0	1.789929075309999	0.6776859504132232	0.9090909090909091
302_H-10	12.5	11.0	3.2720552088742005	0.8854166666666666	0.8333333333333334
303_H-10	7.2	7.0	2.664497779200461	0.826530612244898	0.8571428571428572
304_H-10	7.5	7.0	2.6037016960573482	0.82	0.9
305_H-10	9.166666666666666	9.0	3.050301855434982	0.8698060941828255	0.8947368421052632
306_H-10	7.0	7.0	2.633206219346495	0.8200000000000001	0.95
307_H-10	8.0	8.0	2.9336606896881867	0.864	1.0
308_H-10	8.0	8.0	2.77028346142229	0.8264462809917356	0.9545454545454546
309_H-10	9.5	8.0	2.733206219346495	0.825	0.85
30_H-10	6.0	6.0	2.4606057799537933	0.8099173553719008	0.9545454545454546
310_H-10	9.0	9.0	3.038320189106	0.8680555555555556	0.9583333333333334
311_H-10	10.25	10.0	3.112146840538238	0.8703923900118906	0.9310344827586207
312_H-10	11.0	9.0	2.8870964478055785	0.8435374149659864	0.8095238095238095
313_H-10	7.2	7.0	2.7192945256669794	0.8402366863905325	0.8461538461538461
314_H-10	8.25	8.0	2.8397755396455087	0.8476454293628809	0.8947368421052632
315_H-10	6.0	6.0	2.469670487371862	0.8047337278106509	0.9230769230769231
316_H-10	7.0	7.0	2.678031708493046	0.8344671201814059	0.9523809523809523
317_H-10	6.0	5.0	2.0930692077718898	0.7448979591836735	0.8571428571428572
318_H-10	9.0	8.0	2.720582776146014	0.8199445983379501	0.8421052631578947
319_H-10	8.0	7.0	2.552841670172532	0.8090277777777778	0.9166666666666666
31_H-10	8.5	8.0	2.8197738350294776	0.8472222222222222	0.9166666666666666
320_H-10	9.6	9.0	3.016875695766564	0.8641975308641976	0.8333333333333334
321_H-10	8.0	8.0	2.848373912014369	0.8468809073724007	0.9565217391304348
322_H-10	8.0	7.0	2.5541522113239505	0.8057851239669422	0.9090909090909091
323_H-10	15.0	10.0	3.1018812234760182	0.8650519031141868	0.6470588235294117
324_H-10	8.166666666666666	8.0	2.557587660255864	0.7664399092970522	0.9047619047619048
325_H-10	7.0	6.0	2.3200753827546023	0.775623268698061	0.8947368421052632
326_H-10	6.5	6.0	2.3522170014624826	0.78125	0.875
327_H-10	7.0	7.0	2.724129026400548	0.8402366863905325	1.0
328_H-10	5.0	5.0	2.246439344671016	0.78	0.9
329_H-10	8.25	8.0	2.8638263900908156	0.8518518518518519	0.8888888888888888
32_H-10	8.0	8.0	2.867492461184755	0.8506944444444444	1.0
330_H-10	9.6	9.0	3.057476076289931	0.8719723183391004	0.8235294117647058
331_H-10	8.25	8.0	2.839775539645508	0.8476454293628809	0.8947368421052632
332_H-10	9.2	9.0	2.9585429818803033	0.8512396694214877	0.9090909090909091
333_H-10	8.75	8.0	2.7933451941915157	0.8373702422145328	0.8235294117647058
334_H-10	7.333333333333333	7.0	2.501609497059028	0.79	0.9
335_H-10	8.2	8.0	2.7603136973125117	0.8254847645429363	0.8947368421052632
336_H-10	9.0	8.0	2.812878689342031	0.8448	0.92
337_H-10	8.333333333333334	8.0	2.8152023999804867	0.8435374149659864	0.9047619047619048
338_H-10	7.0	7.0	2.6469854578513536	0.8204158790170133	1.0
339_H-10	7.0	7.0	2.8073549220576037	0.8571428571428572	1.0
33_H-10	18.0	8.0	2.739572261986723	0.8266666666666667	0.6666666666666667
340_H-10	9.0	9.0	3.0900327766014803	0.8753462603878116	0.9473684210526316
341_H-10	7.0	7.0	2.6052912052261448	0.8093278463648834	1.0
342_H-10	8.25	8.0	2.6717897106839215	0.8125	0.9166666666666666
343_H-10	5.0	5.0	2.1867043459100244	0.7603305785123967	0.9090909090909091
344_H-10	8.333333333333334	8.0	2.865576855207249	0.8531855955678671	0.8947368421052632
345_H-10	6.0	6.0	2.557727778739319	0.8271604938271605	1.0
346_H-10	7.0	7.0	2.664498451560164	0.8288	1.0
347_H-10	7.0	7.0	2.7028195311147836	0.8359375	0.9375
348_H-10	9.25	9.0	2.861575817764811	0.8340192043895748	0.9259259259259259
349_H-10	7.0	7.0	2.599665973303957	0.808641975308642	0.9444444444444444
34_H-10	7.2	7.0	2.6644977792004614	0.826530612244898	0.8571428571428572
350_H-10	11.0	8.0	2.7254805569978675	0.8271604938271605	0.7777777777777778
351_H-10	10.0	9.0	2.9870900416203345	0.8616780045351474	0.8571428571428572
352_H-10	11.0	8.0	2.6016094970590276	0.7949999999999999	0.8
353_H-10	6.0	6.0	2.4662478973127313	0.8	1.0
354_H-10	7.0	7.0	2.5634425677041555	0.8027210884353742	0.9523809523809523
355_H-10	9.0	9.0	3.017150719773981	0.8656361474435197	0.9655172413793104
356_H-10	8.0	8.0	2.891851946382239	0.8571428571428572	0.9523809523809523
357_H-10	7.0	7.0	2.66329080817766	0.8271604938271605	0.9444444444444444
358_H-10	8.333333333333334	8.0	2.891061112072653	0.8580246913580247	0.8888888888888888
359_H-10	9.0	8.0	2.7928416378945076	0.8418367346938775	0.9285714285714286
35_H-10	9.0	9.0	2.9671482279386594	0.8545918367346939	0.9642857142857143
360_H-10	7.25	7.0	2.6995138503199656	0.8367346938775511	0.8571428571428572
361_H-10	10.5	9.0	2.92307418942857	0.8512	0.88
362_H-10	7.5	7.0	2.5169435668654394	0.8047337278106509	0.9230769230769231
363_H-10	7.0	7.0	2.7493221814795326	0.8461538461538461	1.0
364_H-10	6.0	6.0	2.440223928941852	0.8	0.9333333333333333
365_H-10	8.0	8.0	2.9387218755408666	0.8645833333333334	1.0
366_H-10	11.0	9.0	2.9037016960573485	0.845	0.8
367_H-10	10.0	9.0	2.9266464798309015	0.8506616257088847	0.8695652173913043
368_H-10	7.0	7.0	2.6835423624332306	0.8333333333333333	0.9444444444444444
369_H-10	8.5	7.0	2.577819531114783	0.8125	0.8125
36_H-10	8.0	8.0	2.838456377350588	0.8402777777777778	1.0
370_H-10	6.0	6.0	2.3935823097180293	0.7901234567901234	0.9444444444444444
371_H-10	9.166666666666666	9.0	3.050301855434982	0.8698060941828255	0.8947368421052632
372_H-10	7.2	7.0	2.664497779200461	0.826530612244898	0.8571428571428572
373_H-10	8.0	8.0	2.879506460812007	0.8531855955678671	0.9473684210526316
374_H-10	7.0	7.0	2.589518302689536	0.8088642659279779	0.9473684210526316
375_H-10	9.2	9.0	2.901363669197544	0.8402777777777778	0.9166666666666666
376_H-10	6.0	6.0	2.5306390622295667	0.8203125	1.0
377_H-10	8.0	8.0	2.819801905828917	0.8443877551020408	0.9642857142857143
378_H-10	9.333333333333334	9.0	2.8440627884410885	0.8299643281807372	0.9310344827586207
379_H-10	8.333333333333334	8.0	2.891061112072652	0.8580246913580247	0.8888888888888888
37_H-10	7.0	7.0	2.7357612830672844	0.8431001890359169	1.0
380_H-10	5.333333333333333	5.0	2.1971597234241496	0.7654320987654322	0.7777777777777778
381_H-10	9.25	9.0	2.9864405016961446	0.8611111111111112	0.9166666666666666
382_H-10	11.0	9.0	2.783735328622077	0.8204158790170133	0.8260869565217391
383_H-10	7.75	7.0	2.623516641218016	0.8165680473372781	0.7692307692307692
384_H-10	8.0	8.0	2.84307418942857	0.848	0.96
385_H-10	10.0	10.0	3.2039873917587562	0.8834019204389575	0.962962962962963
386_H-10	6.0	6.0	2.4729055953200563	0.8088888888888889	0.9333333333333333
387_H-10	9.2	9.0	2.9585429818803033	0.8512396694214877	0.9090909090909091
388_H-10	10.0	7.0	2.6258145836939115	0.8194444444444444	0.6666666666666667
389_H-10	9.333333333333334	9.0	2.954701244167346	0.8571428571428572	0.9285714285714286
38_H-10	7.0	7.0	2.6657769146135104	0.8317580340264651	0.9565217391304348
390_H-10	8.25	8.0	2.8037016960573484	0.84	0.9
391_H-10	6.333333333333333	6.0	2.332914563979398	0.7733333333333333	0.8666666666666667
392_H-10	7.0	7.0	2.658993415253806	0.8305785123966942	0.9545454545454546
393_H-10	7.333333333333333	7.0	2.5842622253153325	0.814404432132964	0.8947368421052632
394_H-10	9.75	9.0	3.010570934268484	0.8642659279778393	0.8421052631578947
395_H-10	5.0	5.0	2.1055872616982603	0.7377777777777778	0.9333333333333333
396_H-10	6.0	6.0	2.4887855917769937	0.8117913832199547	1.0
397_H-10	9.333333333333334	9.0	2.954898257169779	0.8550295857988165	0.9230769230769231
398_H-10	6.0	6.0	2.502736171594004	0.8163265306122449	0.9285714285714286
399_H-10	4.0	4.0	1.8910611120726528	0.7160493827160495	0.8888888888888888
39_H-10	9.75	9.0	2.8342953160960103	0.8298611111111112	0.875
3_H-10	8.25	8.0	2.821928094887362	0.845	0.9
400_H-10	8.0	8.0	2.858278308418045	0.845679012345679	0.9444444444444444
401_H-10	10.0	9.0	2.9870900416203354	0.8616780045351474	0.8571428571428572
402_H-10	6.0	6.0	2.422775066261338	0.7958579881656804	1.0
403_H-10	9.166666666666666	9.0	3.0860486123130384	0.8765432098765432	0.8888888888888888
404_H-10	9.0	8.0	2.658680662942251	0.8072562358276645	0.8571428571428572
405_H-10	10.0	8.0	2.660129752633257	0.8027681660899654	0.7647058823529411
406_H-10	9.0	9.0	3.0837651410695517	0.8760330578512396	0.9545454545454546
407_H-10	10.0	9.0	2.9140163035068447	0.8468809073724008	0.8695652173913043
408_H-10	11.0	8.0	2.670339700231107	0.814404432132964	0.7894736842105263
409_H-10	8.0	8.0	2.801923998388251	0.8418549346016646	0.9655172413793104
40_H-10	7.0	7.0	2.703701696057348	0.835	1.0
410_H-10	6.0	6.0	2.5073801024236353	0.8165680473372781	0.9230769230769231
411_H-10	6.5	6.0	2.2588718484453607	0.76	0.9
412_H-10	7.5	7.0	2.5858279391430417	0.8181818181818182	0.9090909090909091
413_H-10	6.25	6.0	2.481714572986073	0.8099173553719008	0.8181818181818181
414_H-10	12.0	9.0	2.8401998765158556	0.8368055555555556	0.8333333333333334
415_H-10	7.333333333333333	7.0	2.6556390622295667	0.828125	0.875
416_H-10	8.0	8.0	2.871388043013534	0.8544423440453686	0.9565217391304348
417_H-10	9.0	8.0	2.6426434808900545	0.8090737240075614	0.8695652173913043
418_H-10	17.5	10.0	2.9196905740496963	0.834710743801653	0.7272727272727273
419_H-10	8.0	7.0	2.610577243331642	0.8163265306122449	0.7857142857142857
41_H-10	7.2	7.0	2.7192945256669794	0.8402366863905325	0.8461538461538461
420_H-10	5.0	5.0	2.1492553971685	0.7555555555555555	0.9333333333333333
421_H-10	7.0	7.0	2.578830073557112	0.8128	0.96
422_H-10	11.0	8.0	2.8225797618424915	0.8444444444444444	0.7333333333333334
423_H-10	7.5	7.0	2.575588697084778	0.8088642659279779	0.8947368421052632
424_H-10	5.5	5.0	2.1709505944546685	0.76	0.8
425_H-10	4.0	4.0	1.6893917467430877	0.6428571428571428	0.9285714285714286
426_H-10	11.333333333333334	8.0	2.7773627950641693	0.8284023668639053	0.6153846153846154
427_H-10	17.0	7.0	2.3050365325772657	0.7421875	0.6875
428_H-10	8.25	8.0	2.863826390090816	0.8518518518518519	0.8888888888888888
429_H-10	10.5	9.0	2.92307418942857	0.8512000000000001	0.88
42_H-10	9.333333333333334	9.0	2.978066448421354	0.8614540466392319	0.9259259259259259
430_H-10	9.5	8.0	2.7659573209491746	0.835	0.85
431_H-10	8.0	8.0	2.729600002629185	0.8204158790170133	0.9565217391304348
432_H-10	17.5	10.0	3.03111617245602	0.8531855955678671	0.6842105263157895
433_H-10	11.2	10.0	2.996630848284676	0.8468809073724008	0.8260869565217391
434_H-10	12.0	9.0	2.8401998765158556	0.8368055555555556	0.8333333333333334
435_H-10	7.5	7.0	2.484889451733241	0.7936	0.92
436_H-10	8.0	8.0	2.876853130799308	0.8544423440453686	0.9565217391304348
437_H-10	8.5	7.0	2.6455933144511468	0.826530612244898	0.7857142857142857
438_H-10	7.0	7.0	2.610489855539655	0.8224852071005917	0.9615384615384616
439_H-10	8.2	8.0	2.8163401138534083	0.8395061728395061	0.8888888888888888
43_H-10	7.0	7.0	2.658993415253806	0.8305785123966942	0.9545454545454546
440_H-10	7.75	7.0	2.6235166412180155	0.8165680473372781	0.7692307692307692
441_H-10	7.0	7.0	2.704534899819343	0.8373702422145328	0.9411764705882353
442_H-10	9.75	9.0	2.946387519131128	0.8526077097505669	0.8571428571428572
443_H-10	5.0	5.0	2.1713600874958074	0.7654320987654321	0.9444444444444444
444_H-10	8.5	7.0	2.60623892865339	0.8177777777777777	0.8
445_H-10	10.0	9.0	2.9424955222917832	0.8544423440453686	0.8695652173913043
446_H-10	10.25	10.0	3.0937996344817047	0.8656361474435197	0.9310344827586207
447_H-10	10.0	9.0	2.825251737288651	0.8284023668639053	0.8846153846153846
448_H-10	8.0	7.0	2.5243974703476995	0.796875	0.8125
449_H-10	7.0	7.0	2.704534899819343	0.8373702422145328	0.9411764705882353
44_H-10	10.0	9.0	2.888884070537636	0.8448	0.88
450_H-10	9.2	9.0	2.958542981880303	0.8512396694214877	0.9090909090909091
451_H-10	8.333333333333334	8.0	2.772924455774821	0.8355387523629489	0.9130434782608696
452_H-10	8.0	8.0	2.838804369244613	0.8494897959183674	0.9642857142857143
453_H-10	5.0	5.0	2.199687794731328	0.7692307692307692	0.9230769230769231
454_H-10	10.0	7.0	2.508694969562842	0.8	0.85
455_H-10	9.0	9.0	3.038320189106	0.8680555555555556	0.9583333333333334
456_H-10	9.5	8.0	2.8218881955261788	0.845679012345679	0.8333333333333334
457_H-10	10.0	9.0	2.9072682296173893	0.8472222222222222	0.875
458_H-10	6.0	6.0	2.41896119556797	0.7958477508650519	0.9411764705882353
459_H-10	9.0	6.0	2.2221915755066783	0.7272727272727273	0.6363636363636364
45_H-10	10.0	8.0	2.7272170014624826	0.8203125	0.75
460_H-10	12.0	9.0	2.946439344671016	0.855	0.8
461_H-10	7.25	7.0	2.625	0.8203125	0.875
462_H-10	8.0	8.0	2.9057645846554534	0.8580246913580247	0.9444444444444444
463_H-10	8.0	8.0	2.8511494238930326	0.8480725623582767	0.9523809523809523
464_H-10	7.0	7.0	2.6542553132150286	0.8235294117647058	0.9411764705882353
465_H-10	10.5	9.0	2.8464393446710154	0.83	0.8
466_H-10	6.333333333333333	6.0	2.35274578087187	0.7755102040816326	0.8571428571428572
467_H-10	7.333333333333333	7.0	2.6556390622295667	0.828125	0.875
468_H-10	8.75	8.0	2.827819531114783	0.84375	0.8125
469_H-10	8.0	8.0	2.8796640049025943	0.8553719008264463	0.9545454545454546
46_H-10	13.333333333333334	10.0	3.065957320949175	0.86	0.75
470_H-10	13.0	11.0	3.2454472243055625	0.8834019204389575	0.8518518518518519
471_H-10	8.333333333333334	8.0	2.75707541331394	0.8317580340264651	0.9130434782608696
472_H-10	10.0	7.0	2.5724312513221195	0.8148148148148149	0.8333333333333334
473_H-10	21.5	11.0	3.0837651410695517	0.8512396694214877	0.6818181818181819
474_H-10	13.0	7.0	2.4193819456463714	0.7777777777777778	0.7777777777777778
475_H-10	8.0	8.0	2.821711004789828	0.8477508650519031	0.9705882352941176
476_H-10	17.0	7.0	2.358938532350277	0.7555555555555555	0.6666666666666667
477_H-10	7.333333333333333	7.0	2.5941178916311856	0.8148148148148149	0.8888888888888888
478_H-10	7.0	7.0	2.7357612830672853	0.8431001890359169	1.0
479_H-10	9.5	8.0	2.720128777433188	0.8264462809917356	0.8636363636363636
47_H-10	10.0	10.0	3.189275070710714	0.88	0.96
480_H-10	6.0	6.0	2.4300365325772657	0.796875	0.9375
481_H-10	12.0	10.0	3.042481250360578	0.8576388888888888	0.8333333333333334
482_H-10	6.5	6.0	2.3522170014624826	0.78125	0.875
483_H-10	12.0	9.0	2.839079570624175	0.8384	0.84
484_H-10	10.142857142857142	10.0	3.105388542207534	0.8645833333333333	0.9166666666666666
485_H-10	7.0	7.0	2.6126502330422663	0.8181818181818182	0.9545454545454546
486_H-10	8.0	8.0	2.8511494238930326	0.8480725623582767	0.9523809523809523
487_H-10	9.6	9.0	2.9655839357277816	0.8531855955678671	0.8421052631578947
488_H-10	7.0	7.0	2.7028195311147836	0.8359375	0.9375
489_H-10	10.0	7.0	2.4225797618424916	0.7644444444444444	0.7333333333333334
48_H-10	8.333333333333334	8.0	2.8152023999804867	0.8435374149659864	0.9047619047619048
490_H-10	11.0	8.0	2.74894004700543	0.8304498269896194	0.7647058823529411
491_H-10	8.333333333333334	8.0	2.6983768564104893	0.823045267489712	0.9259259259259259
492_H-10	7.333333333333333	7.0	2.6312929881819	0.8235294117647058	0.8823529411764706
493_H-10	8.0	8.0	2.808811272188932	0.8418549346016646	0.9655172413793104
494_H-10	7.0	7.0	2.684017280829845	0.8344671201814059	0.9523809523809523
495_H-10	10.0	9.0	3.0086949695628418	0.865	0.85
496_H-10	8.333333333333334	8.0	2.733941979590484	0.8241965973534972	0.9130434782608696
497_H-10	8.0	8.0	2.8443609377704333	0.8472222222222222	0.9583333333333334
498_H-10	7.25	7.0	2.5424826938097276	0.7958477508650519	0.8823529411764706
499_H-10	8.0	7.0	2.5243974703476995	0.796875	0.8125
49_H-10	9.0	9.0	2.8826633221915623	0.8347205707491082	0.9655172413793104
4_H-10	7.0	6.0	2.4464393446710155	0.7999999999999999	0.7
500_H-10	15.0	9.0	2.9337845426315843	0.8526077097505669	0.8095238095238095
501_H-10	10.0	9.0	2.9424955222917832	0.8544423440453687	0.8695652173913043
502_H-10	8.0	8.0	2.958542981880303	0.8677685950413223	1.0
503_H-10	6.25	6.0	2.481714572986073	0.8099173553719008	0.8181818181818181
504_H-10	9.25	9.0	2.9864405016961446	0.8611111111111112	0.9166666666666666
505_H-10	7.2	7.0	2.7192945256669794	0.8402366863905325	0.8461538461538461
506_H-10	12.0	9.0	2.867633890971212	0.8388429752066116	0.8181818181818181
507_H-10	9.75	9.0	2.833411192621124	0.832	0.88
508_H-10	8.0	7.0	2.6246803469736486	0.8264462809917356	0.9090909090909091
509_H-10	6.0	6.0	2.4692407821722844	0.8096885813148789	0.9411764705882353
50_H-10	5.0	5.0	2.2516291673878226	0.7777777777777778	1.0
510_H-10	7.0	7.0	2.5498535134190377	0.8014268727705113	1.0
511_H-10	10.0	9.0	2.8699100232740657	0.8368055555555556	0.875
512_H-10	6.0	6.0	2.48345859334435	0.8125	0.9375
513_H-10	7.0	7.0	2.6887727794065057	0.8299319727891157	1.0
514_H-10	6.0	6.0	2.5220552088742	0.8194444444444444	0.9166666666666666
515_H-10	8.5	8.0	2.8709505944546683	0.855	0.9
516_H-10	8.5	8.0	2.828781483140606	0.847107438016529	0.9090909090909091
517_H-10	8.333333333333334	8.0	2.776724800062121	0.8347107438016529	0.9090909090909091
518_H-10	7.25	7.0	2.6565647621309543	0.8266666666666667	0.8666666666666667
519_H-10	8.0	8.0	2.8432935484972126	0.8494897959183674	0.9642857142857143
51_H-10	8.75	8.0	2.771902372038558	0.8304498269896193	0.8235294117647058
520_H-10	6.0	6.0	2.565448371820825	0.8284023668639053	1.0
521_H-10	10.5	9.0	2.9638096525384383	0.8582230623818525	0.8695652173913043
522_H-10	8.0	8.0	2.8630945514207635	0.8512396694214877	0.9545454545454546
523_H-10	12.0	9.0	2.88083816621909	0.8429752066115703	0.8181818181818181
524_H-10	6.0	6.0	2.4261207468426806	0.79	1.0
525_H-10	6.0	6.0	2.406666316740689	0.7857142857142857	0.9285714285714286
526_H-10	8.0	8.0	2.840811597071988	0.8471074380165289	0.9545454545454546
527_H-10	9.25	9.0	2.9591479170272446	0.8541666666666667	0.9166666666666666
528_H-10	6.0	6.0	2.3299574748443264	0.7716049382716049	0.9444444444444444
529_H-10	10.166666666666666	10.0	3.186392934223819	0.8809073724007561	0.9130434782608696
52_H-10	8.166666666666666	8.0	2.9232314287976204	0.8622222222222222	0.8666666666666667
530_H-10	12.0	10.0	3.083587370023806	0.8657844990548205	0.8260869565217391
531_H-10	8.0	8.0	2.8067830495217647	0.8418367346938775	0.9642857142857143
532_H-10	12.0	7.0	2.5503407095463886	0.7933884297520661	0.5454545454545454
533_H-10	6.333333333333333	6.0	2.332914563979398	0.7733333333333333	0.8666666666666667
534_H-10	7.5	7.0	2.6100635408770727	0.8199445983379502	0.8947368421052632
535_H-10	10.0	8.0	2.7272170014624826	0.8203125	0.75
536_H-10	8.333333333333334	8.0	2.8325608750566906	0.8480725623582767	0.9047619047619048
537_H-10	11.0	8.0	2.7052290027422967	0.8209876543209876	0.7777777777777778
538_H-10	10.75	10.0	3.0748757755837692	0.863905325443787	0.8846153846153846
539_H-10	9.0	7.0	2.4996981431844145	0.7810650887573964	0.6923076923076923
53_H-10	9.6	9.0	2.9847696187067436	0.8587257617728532	0.8421052631578947
540_H-10	8.0	8.0	2.9151959937952427	0.8616780045351474	0.9523809523809523
541_H-10	9.2	9.0	3.046439344671016	0.87	0.9
542_H-10	7.0	7.0	2.752715278979705	0.845679012345679	1.0
543_H-10	9.75	9.0	3.010570934268484	0.8642659279778393	0.8421052631578947
544_H-10	9.0	9.0	3.08232813685843	0.8752834467120182	0.9523809523809523
545_H-10	6.0	6.0	2.298852726158181	0.754325259515571	0.9411764705882353
546_H-10	8.0	8.0	2.891851946382239	0.8571428571428572	0.9523809523809523
547_H-10	12.5	10.0	2.9870900416203345	0.8435374149659864	0.7619047619047619
548_H-10	8.0	8.0	2.715453546047369	0.8195266272189349	0.9615384615384616
549_H-10	8.25	8.0	2.895423870280316	0.8581314878892734	0.8823529411764706
54_H-10	7.5	7.0	2.4994705707972527	0.7968	0.92
550_H-10	9.0	8.0	2.812878689342031	0.8448	0.92
551_H-10	8.0	8.0	2.8920795639257113	0.8576388888888888	0.9583333333333334
552_H-10	8.333333333333334	8.0	2.8064985287918303	0.8429752066115703	0.9090909090909091
553_H-10	6.5	5.0	2.1556390622295667	0.75	0.625
554_H-10	6.0	6.0	2.4632431204148597	0.8016528925619835	1.0
555_H-10	9.6	9.0	3.016875695766564	0.8641975308641976	0.8333333333333334
556_H-10	8.75	8.0	2.6179781404530442	0.7981859410430839	0.8571428571428572
557_H-10	11.0	9.0	2.9037016960573485	0.845	0.8
558_H-10	7.333333333333333	7.0	2.6312929881819	0.8235294117647058	0.8823529411764706
559_H-10	9.0	9.0	3.0558392436106083	0.8724279835390947	0.962962962962963
55_H-10	6.0	6.0	2.452819531114783	0.8046875	0.9375
560_H-10	12.333333333333334	9.0	2.952819531114783	0.8515625	0.6875
561_H-10	9.2	9.0	3.0230370655328813	0.8662131519274376	0.9047619047619048
562_H-10	8.166666666666666	8.0	2.875	0.8515625	0.875
563_H-10	9.6	9.0	2.838909597982606	0.8264462809917356	0.8636363636363636
564_H-10	10.0	7.0	2.440251218626855	0.7863894139886578	0.8695652173913043
565_H-10	10.0	7.0	2.5654483718208256	0.8047337278106509	0.6923076923076923
566_H-10	9.0	8.0	2.651502640872873	0.8099173553719008	0.8636363636363636
567_H-10	7.0	7.0	2.6061376606679536	0.8163265306122449	0.9523809523809523
568_H-10	9.0	9.0	3.0294520440309136	0.8657844990548205	0.9565217391304348
569_H-10	8.0	8.0	2.824242143590157	0.8429752066115703	0.9545454545454546
56_H-10	8.333333333333334	8.0	2.865576855207249	0.8531855955678671	0.8947368421052632
570_H-10	7.0	7.0	2.614164262105116	0.8166351606805293	0.9565217391304348
571_H-10	8.75	8.0	2.827819531114783	0.84375	0.8125
572_H-10	11.5	10.0	3.027518266288633	0.857421875	0.90625
573_H-10	8.25	8.0	2.895423870280316	0.8581314878892734	0.8823529411764706
574_H-10	7.0	7.0	2.5515956556743835	0.8061224489795918	0.9642857142857143
575_H-10	8.0	8.0	2.9086949695628417	0.86	0.95
576_H-10	8.333333333333334	8.0	2.8064985287918303	0.8429752066115703	0.9090909090909091
577_H-10	6.0	6.0	2.3318026736242863	0.7700831024930748	0.9473684210526316
578_H-10	4.0	4.0	1.6858157091530304	0.628099173553719	0.9090909090909091
579_H-10	8.25	8.0	2.895423870280316	0.8581314878892734	0.8823529411764706
57_H-10	9.6	9.0	2.905684996641921	0.8435374149659864	0.8571428571428572
580_H-10	10.0	7.0	2.525345621169872	0.8033240997229918	0.8421052631578947
581_H-10	8.0	7.0	2.593534684168411	0.8163265306122449	0.9047619047619048
582_H-10	7.0	7.0	2.777362795064169	0.8520710059171597	0.9230769230769231
583_H-10	6.0	6.0	2.35845859334435	0.7734375	0.9375
584_H-10	8.75	8.0	2.827819531114783	0.84375	0.8125
585_H-10	7.0	7.0	2.6061376606679536	0.8163265306122449	0.9523809523809523
586_H-10	10.0	10.0	3.214701622637605	0.8846153846153846	0.9615384615384616
587_H-10	4.0	4.0	1.8512268158971918	0.698961937716263	1.0
588_H-10	6.0	6.0	2.4677201004744993	0.8061224489795918	0.9285714285714286
589_H-10	11.0	8.0	2.7401032600285835	0.831758034026465	0.8695652173913043
58_H-10	7.0	6.0	2.374556048381884	0.7889273356401384	0.8823529411764706
590_H-10	6.0	6.0	2.4217897106839215	0.7951388888888888	1.0
591_H-10	8.0	8.0	2.9057645846554534	0.8580246913580247	0.9444444444444444
592_H-10	8.0	8.0	2.720173332399697	0.828125	0.96875
593_H-10	8.0	8.0	2.9398290174664017	0.8650519031141868	0.9411764705882353
594_H-10	12.0	9.0	2.879248969882696	0.8390022675736961	0.8095238095238095
595_H-10	8.0	8.0	2.8841837197791893	0.855	0.95
596_H-10	10.0	10.0	3.069340279780989	0.8532235939643347	0.962962962962963
597_H-10	8.5	7.0	2.60623892865339	0.8177777777777777	0.8
598_H-10	8.0	7.0	2.5735572622751857	0.8088888888888889	0.8
599_H-10	9.0	9.0	3.0837651410695517	0.8760330578512396	0.9545454545454546
59_H-10	7.0	7.0	2.777776811456786	0.8512110726643598	1.0
5_H-10	7.0	7.0	2.626741758106722	0.8195266272189349	1.0
600_H-10	9.2	9.0	2.882704143954937	0.8402366863905325	0.9230769230769231
601_H-10	6.0	6.0	2.4138338639736006	0.7962962962962963	0.9444444444444444
602_H-10	7.5	6.0	2.2256051990169436	0.7466666666666667	0.8
603_H-10	7.0	7.0	2.6294817080809567	0.8208616780045351	0.9523809523809523
604_H-10	7.0	7.0	2.7516103255281665	0.8468809073724007	1.0
605_H-10	7.0	7.0	2.739572261986723	0.8444444444444444	0.9333333333333333
606_H-10	9.75	9.0	3.010570934268484	0.8642659279778393	0.8421052631578947
607_H-10	8.0	8.0	2.9086949695628426	0.86	0.95
608_H-10	8.0	7.0	2.5492553971685	0.8	0.8
609_H-10	8.5	8.0	2.8385464473934894	0.8480725623582767	0.9047619047619048
60_H-10	7.0	7.0	2.703701696057348	0.835	1.0
610_H-10	7.0	7.0	2.707324075676644	0.8367626886145405	1.0
611_H-10	6.0	6.0	2.5306390622295667	0.8203125	1.0
612_H-10	7.0	7.0	2.681625957074392	0.8355387523629489	0.9565217391304348
613_H-10	8.0	8.0	2.8796640049025943	0.8553719008264463	0.9545454545454546
614_H-10	13.0	7.0	2.4355205042826666	0.7839506172839505	0.7777777777777778
615_H-10	10.0	7.0	2.423794940695399	0.7734375	0.75
616_H-10	6.5	6.0	2.3522170014624826	0.78125	0.875
617_H-10	12.0	9.0	2.7988252450030506	0.8341836734693878	0.8571428571428572
618_H-10	11.0	10.0	3.1288840705376364	0.8735999999999999	0.88
619_H-10	3.0	3.0	1.570950594454669	0.66	1.0
61_H-10	8.0	8.0	2.855539000552653	0.8506616257088847	0.9565217391304348
620_H-10	7.0	7.0	2.6632908081776594	0.8271604938271605	0.9444444444444444
621_H-10	6.0	6.0	2.41896119556797	0.7958477508650519	0.9411764705882353
622_H-10	8.25	8.0	2.895423870280316	0.8581314878892734	0.8823529411764706
623_H-10	6.0	6.0	2.502736171594004	0.8163265306122449	0.9285714285714286
624_H-10	8.25	8.0	2.839775539645508	0.8476454293628809	0.8947368421052632
625_H-10	10.0	7.0	2.565445018842856	0.8096885813148789	0.8235294117647058
626_H-10	8.5	8.0	2.8709505944546687	0.855	0.9
627_H-10	9.0	8.0	2.755057619938308	0.8310249307479225	0.8421052631578947
628_H-10	7.333333333333333	7.0	2.6892464285091586	0.8355555555555555	0.8666666666666667
629_H-10	11.5	10.0	2.9632156925345843	0.8416	0.84
62_H-10	6.0	5.0	2.041946032206046	0.7288888888888889	0.8666666666666667
630_H-10	8.5	7.0	2.5366082543914996	0.8027681660899654	0.8235294117647058
631_H-10	9.2	9.0	2.767407602586202	0.8199791883454735	0.935483870967742
632_H-10	5.0	5.0	2.1887218755408675	0.7638888888888888	0.9166666666666666
633_H-10	7.25	7.0	2.5424826938097276	0.7958477508650519	0.8823529411764706
634_H-10	8.0	8.0	2.8841837197791893	0.855	0.95
635_H-10	10.5	9.0	2.900051698999543	0.8421052631578947	0.7894736842105263
636_H-10	8.5	7.0	2.383593219149464	0.7712665406427222	0.8695652173913043
637_H-10	8.333333333333334	8.0	2.789929075309999	0.8388429752066116	0.9090909090909091
638_H-10	6.0	6.0	2.3993974703476995	0.7890625	0.9375
639_H-10	10.75	10.0	3.109275070710714	0.8704000000000001	0.88
63_H-10	7.0	7.0	2.633206219346495	0.8200000000000001	0.95
640_H-10	8.75	8.0	2.629481708080957	0.8027210884353742	0.8571428571428572
641_H-10	6.0	6.0	2.556054210413333	0.8264462809917356	1.0
642_H-10	7.0	7.0	2.6904685707328277	0.835	0.95
643_H-10	5.5	5.0	2.0381596816459533	0.7218934911242603	0.8461538461538461
644_H-10	8.0	8.0	2.827059781767714	0.8431001890359169	0.9565217391304348
645_H-10	6.0	6.0	2.406666316740689	0.7857142857142857	0.9285714285714286
646_H-10	5.0	5.0	2.2577560641285177	0.7810650887573964	1.0
647_H-10	6.0	6.0	2.4729055953200563	0.8088888888888889	0.9333333333333333
648_H-10	2.0	2.0	1.0	0.5	1.0
649_H-10	11.0	8.0	2.6016094970590276	0.7949999999999999	0.8
64_H-10	9.25	9.0	2.996630848284676	0.8620037807183365	0.9130434782608696
650_H-10	8.0	8.0	2.9673074093304908	0.869684499314129	1.0
651_H-10	19.0	9.0	2.8199578985571474	0.8299319727891157	0.7619047619047619
652_H-10	5.0	5.0	2.0217822215997985	0.7109375	0.9375
653_H-10	7.0	7.0	2.652878689342031	0.8256	1.0
654_H-10	8.5	8.0	2.83854644739349	0.8480725623582767	0.9047619047619048
655_H-10	7.0	7.0	2.6294817080809563	0.8208616780045351	0.9523809523809523
656_H-10	7.0	7.0	2.6360560861958233	0.8209876543209876	0.9444444444444444
657_H-10	8.0	7.0	2.5492553971685	0.8	0.8
658_H-10	6.333333333333333	6.0	2.3527457808718695	0.7755102040816326	0.8571428571428572
659_H-10	6.0	6.0	2.4138338639736006	0.7962962962962963	0.9444444444444444
65_H-10	6.0	6.0	2.3289422821247134	0.7768595041322315	0.9545454545454546
660_H-10	8.2	8.0	2.8163401138534083	0.8395061728395061	0.8888888888888888
661_H-10	10.5	9.0	2.9477027792200907	0.8518518518518519	0.7777777777777778
662_H-10	10.6	10.0	3.0365766899407323	0.8506944444444444	0.875
663_H-10	7.333333333333333	7.0	2.6312929881819	0.8235294117647058	0.8823529411764706
664_H-10	9.2	9.0	2.9585429818803033	0.8512396694214877	0.9090909090909091
665_H-10	5.0	5.0	2.2516291673878226	0.7777777777777778	1.0
666_H-10	7.25	7.0	2.6995138503199656	0.8367346938775511	0.8571428571428572
667_H-10	9.5	9.0	2.9180861336525603	0.8491155046826223	0.935483870967742
668_H-10	8.25	8.0	2.8219280948873626	0.845	0.9
669_H-10	9.0	8.0	2.8221819586428722	0.8442906574394464	0.8235294117647058
66_H-10	9.25	9.0	3.0124798907455577	0.8657844990548205	0.9130434782608696
670_H-10	12.0	9.0	2.9708400131019856	0.8587257617728532	0.7894736842105263
671_H-10	7.333333333333333	7.0	2.6312929881819	0.8235294117647058	0.8823529411764706
672_H-10	6.5	6.0	2.3457192839305274	0.7820069204152249	0.8823529411764706
673_H-10	8.0	8.0	2.9171886421180044	0.8609467455621301	1.0
674_H-10	6.0	6.0	2.3993974703476995	0.7890625	0.9375
675_H-10	10.5	10.0	3.1841837197791887	0.88	0.85
676_H-10	8.25	8.0	2.8037016960573484	0.84	0.9
677_H-10	8.0	7.0	2.5036587269141073	0.7984693877551021	0.9285714285714286
678_H-10	9.0	9.0	3.083616975397232	0.8775510204081632	0.9642857142857143
679_H-10	6.0	6.0	2.4729055953200567	0.8088888888888889	0.9333333333333333
67_H-10	8.0	7.0	2.55829757027802	0.8128	0.92
680_H-10	8.2	8.0	2.9056390622295662	0.859375	0.875
681_H-10	10.142857142857142	10.0	3.1701348924281936	0.8760330578512396	0.9090909090909091
682_H-10	7.25	7.0	2.4806821149663847	0.7777777777777777	0.8888888888888888
683_H-10	8.333333333333334	8.0	2.865576855207249	0.8531855955678671	0.8947368421052632
684_H-10	9.0	8.0	2.7813981497507174	0.8395061728395061	0.9259259259259259
685_H-10	8.0	8.0	2.865957320949175	0.85	0.95
686_H-10	7.0	7.0	2.6689801450225326	0.8310249307479225	0.9473684210526316
687_H-10	9.142857142857142	9.0	3.1018812234760174	0.8788927335640139	0.8823529411764706
688_H-10	11.0	10.0	3.219528282299547	0.8858131487889274	0.7647058823529411
689_H-10	6.333333333333333	6.0	2.2246017527145816	0.734375	0.875
68_H-10	9.0	9.0	3.083798039987033	0.8751714677640604	1.0
690_H-10	9.333333333333334	9.0	3.0337940209922127	0.8695652173913044	0.9130434782608696
691_H-10	5.0	5.0	2.1339375660949167	0.7455621301775148	0.9230769230769231
692_H-10	5.0	5.0	2.186704345910025	0.7603305785123967	0.9090909090909091
693_H-10	5.0	5.0	2.231270254607576	0.7768595041322315	0.9090909090909091
694_H-10	12.0	9.0	2.9708400131019856	0.8587257617728532	0.7894736842105263
695_H-10	6.0	6.0	2.4677201004744993	0.8061224489795918	0.9285714285714286
696_H-10	8.5	7.0	2.4842551447948	0.7922437673130194	0.8421052631578947
697_H-10	7.0	7.0	2.5634425677041555	0.8027210884353742	0.9523809523809523
698_H-10	8.0	7.0	2.4692407821722844	0.7820069204152249	0.8235294117647058
699_H-10	11.0	9.0	2.9037016960573485	0.845	0.8
69_H-10	6.0	6.0	2.413088436425758	0.7933884297520661	1.0
6_H-10	15.0	10.0	2.9708400131019856	0.8365650969529086	0.6842105263157895
700_H-10	9.5	8.0	2.7201287774331884	0.8264462809917356	0.8636363636363636
701_H-10	4.0	4.0	1.950212064914747	0.7346938775510204	0.8571428571428572
702_H-10	8.0	8.0	2.9086949695628426	0.86	0.95
703_H-10	7.0	7.0	2.760666827231598	0.8480725623582767	1.0
704_H-10	9.0	9.0	3.073934896284056	0.875	0.9583333333333334
705_H-10	4.0	4.0	1.8496017527145814	0.6953125	1.0
706_H-10	7.2	7.0	2.5995812306460646	0.8088888888888889	0.8666666666666667
707_H-10	5.0	5.0	2.2709424217485368	0.7857142857142858	1.0
708_H-10	9.2	9.0	2.8352377453121176	0.8316326530612245	0.9285714285714286
709_H-10	5.25	5.0	2.25	0.78125	0.75
70_H-10	7.0	7.0	2.753434386188785	0.846938775510204	0.9285714285714286
710_H-10	9.0	8.0	2.755057619938308	0.8310249307479225	0.8421052631578947
711_H-10	8.0	8.0	2.827059781767714	0.8431001890359169	0.9565217391304348
712_H-10	9.75	9.0	3.010570934268484	0.8642659279778393	0.8421052631578947
713_H-10	9.5	8.0	2.7732698037311416	0.8390022675736961	0.8571428571428572
714_H-10	13.0	7.0	2.5	0.796875	0.75
715_H-10	8.0	7.0	2.3502090290998976	0.7407407407407407	0.8333333333333334
716_H-10	7.333333333333333	7.0	2.5941178916311856	0.8148148148148149	0.8888888888888888
717_H-10	12.333333333333334	9.0	2.952819531114783	0.8515625	0.6875
718_H-10	9.0	9.0	3.1416192081839793	0.8843537414965986	1.0
719_H-10	7.333333333333333	7.0	2.5650765423363704	0.8088642659279779	0.8947368421052632
71_H-10	9.5	9.0	2.9956029237290127	0.8647959183673469	0.9285714285714286
720_H-10	10.166666666666666	10.0	3.153107168362811	0.875	0.9166666666666666
721_H-10	8.5	7.0	2.5249449750847117	0.8024691358024691	0.8333333333333334
722_H-10	9.0	9.0	3.0998755537622293	0.8782518210197711	1.0
723_H-10	7.0	7.0	2.710777084415067	0.8395061728395061	0.9444444444444444
724_H-10	7.75	7.0	2.623516641218016	0.8165680473372781	0.7692307692307692
725_H-10	8.0	8.0	2.823934896284056	0.84375	0.9583333333333334
726_H-10	7.333333333333333	7.0	2.6556390622295667	0.828125	0.875
727_H-10	11.0	9.0	2.8559049224696933	0.8344671201814059	0.8095238095238095
728_H-10	11.0	5.0	2.0	0.6875	0.5
729_H-10	8.75	8.0	2.6475921473084965	0.7977839335180056	0.8421052631578947
72_H-10	8.0	7.0	2.48345859334435	0.78125	0.8125
730_H-10	6.5	6.0	2.2854752972273342	0.77	0.9
731_H-10	7.0	7.0	2.7534343861887844	0.8469387755102041	0.9285714285714286
732_H-10	9.0	7.0	2.4996981431844145	0.7810650887573964	0.6923076923076923
733_H-10	8.5	7.0	2.645593314451147	0.826530612244898	0.7857142857142857
734_H-10	6.5	6.0	2.3898980954642877	0.7911111111111111	0.8666666666666667
735_H-10	10.5	10.0	3.1368637096073178	0.8707482993197279	0.8571428571428572
736_H-10	9.0	9.0	2.981765169536535	0.8587105624142661	0.962962962962963
737_H-10	7.0	7.0	2.649794462043571	0.8254847645429363	0.9473684210526316
738_H-10	8.5	7.0	2.5249449750847117	0.8024691358024691	0.8333333333333334
739_H-10	8.5	7.0	2.577819531114783	0.8125	0.8125
73_H-10	8.6	8.0	2.8962915290459277	0.8571428571428572	0.7857142857142857
740_H-10	10.75	10.0	3.1216535224393334	0.8715277777777778	0.875
741_H-10	9.0	8.0	2.684017280829845	0.8163265306122449	0.8571428571428572
742_H-10	11.0	8.0	2.6688388898504307	0.808641975308642	0.7777777777777778
743_H-10	9.75	9.0	3.010570934268484	0.8642659279778393	0.8421052631578947
744_H-10	8.0	8.0	2.9086949695628426	0.86	0.95
745_H-10	6.0	6.0	2.331802673624286	0.7700831024930748	0.9473684210526316
746_H-10	6.333333333333333	6.0	2.2806390622295667	0.7578125	0.875
747_H-10	9.0	9.0	3.0900327766014803	0.8753462603878117	0.9473684210526316
748_H-10	6.0	6.0	2.4789990674205957	0.8088642659279779	1.0
749_H-10	6.0	6.0	2.3774437510817346	0.7839506172839505	0.9444444444444444
74_H-10	8.0	8.0	2.860320777833045	0.8476454293628809	0.9473684210526316
750_H-10	7.0	7.0	2.6908861745990316	0.8341836734693877	1.0
751_H-10	6.333333333333333	6.0	2.1464393446710153	0.725	0.9
752_H-10	10.75	10.0	3.0665982827014724	0.8641975308641976	0.8888888888888888
753_H-10	6.25	6.0	2.481714572986073	0.8099173553719008	0.8181818181818181
754_H-10	6.0	6.0	2.4047933024618033	0.7922437673130194	0.9473684210526316
755_H-10	7.25	7.0	2.4588718484453604	0.78	0.9
756_H-10	6.0	6.0	2.315738006876835	0.7727272727272727	0.9545454545454546
757_H-10	7.5	6.0	2.413088436425758	0.7933884297520661	0.7272727272727273
758_H-10	7.0	7.0	2.5996659733039564	0.808641975308642	0.9444444444444444
759_H-10	11.0	9.0	2.945038697540245	0.8531855955678671	0.7894736842105263
75_H-10	5.0	5.0	2.161978179679554	0.757396449704142	0.9230769230769231
760_H-10	8.5	8.0	2.793269689515109	0.8416	0.92
761_H-10	8.333333333333334	8.0	2.8064985287918303	0.8429752066115703	0.9090909090909091
762_H-10	8.5	7.0	2.6455933144511468	0.826530612244898	0.7857142857142857
763_H-10	6.25	6.0	2.2709424217485368	0.7448979591836735	0.8571428571428572
764_H-10	9.2	9.0	3.023037065532881	0.8662131519274376	0.9047619047619048
765_H-10	7.0	7.0	2.6469633013224243	0.8223140495867769	1.0
766_H-10	6.5	6.0	2.3242764617775697	0.7750865051903114	0.8823529411764706
767_H-10	9.333333333333334	9.0	2.9689185639620974	0.8579881656804733	0.9230769230769231
768_H-10	9.0	7.0	2.6635327548042547	0.8264462809917356	0.6363636363636364
769_H-10	7.0	7.0	2.6939592513355666	0.8333333333333333	1.0
76_H-10	7.0	6.0	2.2841591278514217	0.75	0.75
770_H-10	11.2	10.0	3.046381112945884	0.8526077097505669	0.8095238095238095
771_H-10	9.0	8.0	2.774401919288771	0.8333333333333333	0.8333333333333334
772_H-10	8.25	8.0	2.820589856666546	0.8421052631578947	0.8947368421052632
773_H-10	6.0	6.0	2.48345859334435	0.8125	0.9375
774_H-10	9.25	9.0	2.9532696895151083	0.8544	0.92
775_H-10	8.5	7.0	2.384183719779189	0.76	0.85
776_H-10	8.333333333333334	8.0	2.8464393446710154	0.85	0.9
777_H-10	8.0	8.0	2.9086949695628426	0.86	0.95
778_H-10	8.25	8.0	2.839775539645508	0.8476454293628809	0.8947368421052632
779_H-10	7.0	7.0	2.684183719779189	0.835	0.95
77_H-10	6.25	6.0	2.481714572986073	0.8099173553719008	0.8181818181818181
780_H-10	6.0	6.0	2.460964047443681	0.8049999999999999	1.0
781_H-10	8.6	8.0	2.633731420642133	0.7901234567901234	0.8333333333333334
782_H-10	10.6	10.0	3.135821824148036	0.871900826446281	0.8636363636363636
783_H-10	7.6	7.0	2.7321588913645707	0.8429752066115702	0.7272727272727273
784_H-10	8.0	8.0	2.8659573209491747	0.85	0.95
785_H-10	7.0	7.0	2.6635327548042547	0.8264462809917356	1.0
786_H-10	7.0	7.0	2.6659573209491745	0.83	0.95
787_H-10	7.0	7.0	2.651502640872873	0.8264462809917356	0.9545454545454546
788_H-10	8.166666666666666	8.0	2.9232314287976213	0.8622222222222222	0.8666666666666667
789_H-10	8.0	8.0	2.836160300632222	0.8494897959183674	0.9642857142857143
78_H-10	7.0	7.0	2.753434386188785	0.8469387755102041	0.9285714285714286
790_H-10	6.0	6.0	2.4086949695628426	0.7949999999999999	0.95
791_H-10	9.6	9.0	2.941446071165522	0.85	0.85
792_H-10	8.5	7.0	2.577819531114783	0.8125	0.8125
793_H-10	14.0	9.0	2.8855130303998817	0.8395061728395061	0.7222222222222222
794_H-10	7.0	7.0	2.708694969562842	0.84	0.95
795_H-10	7.0	7.0	2.73345859334435	0.84375	0.9375
796_H-10	7.0	7.0	2.665957320949175	0.83	0.95
797_H-10	9.0	9.0	3.0416256143692233	0.8662131519274376	0.9523809523809523
798_H-10	9.5	8.0	2.7659573209491746	0.835	0.85
799_H-10	14.333333333333334	11.0	3.2655833228877333	0.8842975206611571	0.7727272727272727
79_H-10	14.0	8.0	2.6203255425432155	0.8090737240075614	0.8260869565217391
7_H-10	9.25	9.0	2.9532696895151083	0.8544	0.92
800_H-10	6.0	6.0	2.5073801024236353	0.8165680473372781	0.9230769230769231
801_H-10	8.0	8.0	2.789896609060177	0.8355387523629489	0.9565217391304348
802_H-10	8.0	8.0	2.7865766899407327	0.8333333333333333	0.9583333333333334
803_H-10	5.0	5.0	2.188721875540867	0.7638888888888888	0.9166666666666666
804_H-10	10.0	9.0	2.9697315665441306	0.8571428571428572	0.8571428571428572
805_H-10	8.0	8.0	2.9311090919354874	0.8642659279778393	0.9473684210526316
806_H-10	8.333333333333334	8.0	2.703664835029799	0.8224852071005917	0.9230769230769231
807_H-10	8.25	8.0	2.8397755396455087	0.8476454293628809	0.8947368421052632
808_H-10	19.0	9.0	2.706629394429896	0.8148148148148149	0.8148148148148149
809_H-10	14.0	9.0	2.7638651219508543	0.81	0.75
80_H-10	6.5	6.0	2.3655962303576024	0.7822222222222222	0.8666666666666667
810_H-10	6.0	6.0	2.5136459293583706	0.8166089965397924	1.0
811_H-10	9.2	8.0	2.91829583405449	0.8611111111111112	0.6666666666666667
812_H-10	8.25	8.0	2.839775539645508	0.8476454293628809	0.8947368421052632
813_H-10	4.0	4.0	1.9071996707089478	0.7222222222222222	1.0
814_H-10	7.0	7.0	2.670118891574809	0.8279773156899811	1.0
815_H-10	15.0	10.0	3.1086949695628427	0.87	0.75
816_H-10	12.0	10.0	2.9784820284039006	0.8461538461538461	0.8461538461538461
817_H-10	7.75	7.0	2.6887218755408666	0.8333333333333333	0.75
818_H-10	9.6	9.0	3.016875695766564	0.8641975308641976	0.8333333333333334
819_H-10	8.0	8.0	2.836038815261277	0.8472222222222222	0.9583333333333334
81_H-10	9.0	9.0	3.0837651410695517	0.8760330578512396	0.9545454545454546
820_H-10	6.0	6.0	2.4466166676282084	0.7962962962962963	1.0
821_H-10	15.0	10.0	3.1018812234760182	0.8650519031141868	0.6470588235294117
822_H-10	5.0	5.0	2.1645691489449597	0.7645429362880887	0.9473684210526316
823_H-10	7.0	7.0	2.710777084415067	0.8395061728395061	0.9444444444444444
824_H-10	7.0	6.0	2.199687794731328	0.7218934911242603	0.7692307692307692
825_H-10	13.333333333333334	10.0	3.0841837197791895	0.865	0.75
826_H-10	10.0	8.0	2.8423709931771084	0.8469387755102041	0.7142857142857143
827_H-10	8.25	8.0	2.8397755396455087	0.8476454293628809	0.8947368421052632
828_H-10	7.2	7.0	2.6644977792004614	0.826530612244898	0.8571428571428572
829_H-10	8.25	8.0	2.8638263900908156	0.8518518518518519	0.8888888888888888
82_H-10	7.0	7.0	2.627945323987672	0.8228299643281807	1.0
830_H-10	10.0	7.0	2.523219672335508	0.8049999999999999	0.85
831_H-10	8.0	8.0	2.808746230592378	0.8402777777777778	0.9583333333333334
832_H-10	7.0	7.0	2.6689801450225326	0.8310249307479225	0.9473684210526316
833_H-10	4.0	4.0	1.924174352300441	0.7244897959183674	1.0
834_H-10	7.25	7.0	2.6565647621309543	0.8266666666666667	0.8666666666666667
835_H-10	4.0	4.0	1.924174352300441	0.7244897959183674	1.0
836_H-10	10.5	10.0	3.1368637096073178	0.8707482993197279	0.8571428571428572
837_H-10	7.25	7.0	2.6565647621309543	0.8266666666666667	0.8666666666666667
838_H-10	9.5	8.0	2.702940087321047	0.8241965973534972	0.8695652173913043
839_H-10	9.25	9.0	2.9648894517332414	0.8576	0.92
83_H-10	8.166666666666666	8.0	2.7527152789797045	0.8209876543209876	0.8888888888888888
840_H-10	9.25	9.0	2.9113898165776413	0.8477366255144032	0.9259259259259259
841_H-10	10.0	10.0	3.0986861672429558	0.8608799048751486	0.9655172413793104
842_H-10	11.0	8.0	2.6247262095042965	0.8072562358276644	0.8095238095238095
843_H-10	6.0	6.0	2.5306016985440762	0.8199445983379501	1.0
844_H-10	11.0	9.0	2.9037016960573485	0.845	0.8
845_H-10	5.333333333333333	5.0	2.1971597234241496	0.7654320987654322	0.7777777777777778
846_H-10	11.0	10.0	3.098255800193077	0.869684499314129	0.8888888888888888
847_H-10	10.0	8.0	2.582059910580258	0.7867036011080333	0.7894736842105263
848_H-10	4.5	4.0	1.6577427265048887	0.6172839506172839	0.7777777777777778
849_H-10	8.2	8.0	2.8665871058289594	0.8512110726643598	0.8823529411764706
84_H-10	11.0	10.0	3.01342268702814	0.8477366255144033	0.8888888888888888
850_H-10	10.0	9.0	2.970573095811685	0.859504132231405	0.8636363636363636
851_H-10	6.5	6.0	2.375	0.7890625	0.875
852_H-10	7.333333333333333	7.0	2.6556390622295667	0.828125	0.875
853_H-10	9.2	9.0	2.950825794518089	0.8541666666666666	0.9166666666666666
854_H-10	9.25	9.0	3.046381112945884	0.870748299319728	0.9047619047619048
855_H-10	7.0	7.0	2.6659573209491745	0.83	0.95
856_H-10	8.0	5.0	1.896240625180289	0.6666666666666667	0.75
857_H-10	6.333333333333333	6.0	2.3787834934861753	0.7857142857142857	0.8571428571428572
858_H-10	9.0	9.0	3.106048095418327	0.8801652892561984	0.9545454545454546
859_H-10	7.25	7.0	2.6565647621309543	0.8266666666666667	0.8666666666666667
85_H-10	8.0	8.0	2.876853130799308	0.8544423440453686	0.9565217391304348
860_H-10	12.333333333333334	9.0	2.8153337792923425	0.8254847645429363	0.736842105263158
861_H-10	7.0	7.0	2.6632908081776594	0.8271604938271605	0.9444444444444444
862_H-10	9.333333333333334	9.0	3.0068665431825226	0.8645833333333334	0.9166666666666666
863_H-10	11.0	8.0	2.734308353573256	0.834319526627219	0.8846153846153846
864_H-10	7.0	7.0	2.753434386188785	0.846938775510204	0.9285714285714286
865_H-10	7.25	7.0	2.699513850319966	0.8367346938775511	0.8571428571428572
866_H-10	5.0	5.0	2.270942421748537	0.7857142857142858	1.0
867_H-10	7.75	7.0	2.6887218755408666	0.8333333333333334	0.75
868_H-10	7.0	7.0	2.5996659733039564	0.808641975308642	0.9444444444444444
869_H-10	9.5	8.0	2.807354922057604	0.8367346938775511	0.7142857142857143
86_H-10	6.0	6.0	2.4633663427540564	0.8027681660899654	1.0
870_H-10	7.0	7.0	2.4906015629507228	0.7881944444444444	0.9583333333333334
871_H-10	6.0	6.0	2.35845859334435	0.7734375	0.9375
872_H-10	7.333333333333333	7.0	2.6556390622295667	0.828125	0.875
873_H-10	6.0	6.0	2.3900776443040956	0.7892561983471075	0.9545454545454546
874_H-10	8.5	7.0	2.577819531114783	0.8125	0.8125
875_H-10	7.0	7.0	2.7321588913645702	0.8429752066115702	1.0
876_H-10	7.25	7.0	2.4806821149663847	0.7777777777777777	0.8888888888888888
877_H-10	6.0	6.0	2.439268146254097	0.8033240997229917	0.9473684210526316
878_H-10	7.333333333333333	7.0	2.5016094970590275	0.79	0.9
879_H-10	6.0	6.0	2.5337712560645578	0.8223140495867769	1.0
87_H-10	7.0	7.0	2.675595777605311	0.8310249307479225	0.9473684210526316
880_H-10	8.75	8.0	2.872905595320056	0.8533333333333333	0.8
881_H-10	11.0	9.0	2.974937501201927	0.8580246913580247	0.7777777777777778
882_H-10	7.333333333333333	7.0	2.5016094970590275	0.79	0.9
883_H-10	6.0	6.0	2.3774437510817346	0.7839506172839505	0.9444444444444444
884_H-10	8.333333333333334	8.0	2.8464393446710154	0.85	0.9
885_H-10	7.25	7.0	2.480682114966385	0.7777777777777778	0.8888888888888888
886_H-10	8.333333333333334	8.0	2.8325608750566906	0.8480725623582767	0.9047619047619048
887_H-10	6.5	6.0	2.41379956460568	0.7959183673469388	0.8571428571428572
888_H-10	7.5	6.0	2.1800365325772657	0.734375	0.8125
889_H-10	7.0	7.0	2.5996659733039564	0.808641975308642	0.9444444444444444
88_H-10	12.0	9.0	2.872511153838009	0.8431001890359169	0.8260869565217391
890_H-10	7.0	7.0	2.684017280829845	0.8344671201814059	0.9523809523809523
891_H-10	9.0	8.0	2.840199876515855	0.8506944444444444	0.9166666666666666
892_H-10	5.0	5.0	2.1492553971685004	0.7555555555555555	0.9333333333333333
893_H-10	6.0	6.0	2.439268146254097	0.8033240997229917	0.9473684210526316
894_H-10	7.0	6.0	2.374556048381884	0.7889273356401384	0.8823529411764706
895_H-10	9.0	9.0	3.01342268702814	0.8641975308641976	0.962962962962963
896_H-10	6.0	6.0	2.4677201004744993	0.8061224489795918	0.9285714285714286
897_H-10	9.5	8.0	2.765957320949175	0.835	0.85
898_H-10	3.0	3.0	1.3787834934861756	0.5714285714285714	0.8571428571428572
899_H-10	8.5	7.0	2.3963104246409683	0.7709750566893424	0.8571428571428572
89_H-10	9.333333333333334	9.0	2.999079570624175	0.864	0.92
8_H-10	8.333333333333334	8.0	2.8152023999804863	0.8435374149659864	0.9047619047619048
900_H-10	8.2	8.0	2.9056390622295662	0.859375	0.875
901_H-10	9.2	9.0	2.8434193364435867	0.831275720164609	0.9259259259259259
902_H-10	9.5	8.0	2.663957611136709	0.8128544423440454	0.8695652173913043
903_H-10	10.75	10.0	3.174674231978643	0.8801652892561984	0.8636363636363636
904_H-10	7.0	7.0	2.7199643047423914	0.8390022675736961	1.0
905_H-10	8.25	8.0	2.863826390090816	0.8518518518518519	0.8888888888888888
906_H-10	11.2	10.0	3.1037016960573482	0.865	0.8
907_H-10	15.0	9.0	2.9511430177077886	0.8571428571428572	0.8095238095238095
908_H-10	9.0	9.0	2.9532433566073992	0.8472222222222222	0.9583333333333334
909_H-10	9.0	9.0	3.0666152167384504	0.8733459357277883	0.9565217391304348
90_H-10	8.333333333333334	8.0	2.8282129458410017	0.845	0.9
910_H-10	5.0	5.0	2.256908989558354	0.7820069204152249	1.0
911_H-10	8.0	8.0	2.892702173260189	0.8582230623818525	0.9565217391304348
912_H-10	9.0	9.0	3.063465189601647	0.8735999999999999	0.96
913_H-10	7.0	7.0	2.684017280829845	0.8344671201814059	0.9523809523809523
914_H-10	5.0	5.0	1.9751060324573733	0.6836734693877551	0.9285714285714286
915_H-10	7.25	7.0	2.6995138503199656	0.8367346938775511	0.8571428571428572
916_H-10	12.0	10.0	3.1180782093497097	0.871900826446281	0.8181818181818181
917_H-10	10.5	9.0	2.856031014430837	0.8422222222222222	0.9
918_H-10	9.75	9.0	2.7892750707107137	0.8192	0.88
919_H-10	7.0	7.0	2.708694969562842	0.84	0.95
91_H-10	9.0	9.0	3.0110276044371003	0.8611111111111112	0.9583333333333334
920_H-10	6.25	6.0	2.4182958340544896	0.7916666666666666	0.8333333333333334
921_H-10	3.0	3.0	1.5485806065228545	0.650887573964497	1.0
922_H-10	7.0	7.0	2.7107770844150676	0.8395061728395061	0.9444444444444444
923_H-10	8.333333333333334	8.0	2.7570754133139395	0.8317580340264651	0.9130434782608696
924_H-10	8.0	7.0	2.6612262562697895	0.8284023668639053	0.7692307692307692
925_H-10	8.0	7.0	2.610577243331642	0.8163265306122449	0.7857142857142857
926_H-10	7.2	7.0	2.7192945256669794	0.8402366863905325	0.8461538461538461
927_H-10	7.0	7.0	2.6606732334168424	0.8299319727891157	0.9523809523809523
928_H-10	6.0	6.0	2.4677201004744993	0.8061224489795918	0.9285714285714286
929_H-10	10.2	10.0	3.122764717808251	0.8698224852071006	0.9230769230769231
92_H-10	9.0	8.0	2.794653473544342	0.8395061728395061	0.8333333333333334
930_H-10	12.0	9.0	2.812878689342031	0.8320000000000001	0.84
931_H-10	7.0	7.0	2.7199643047423914	0.8390022675736961	1.0
932_H-10	6.0	6.0	2.3804304878001115	0.7820069204152249	0.9411764705882353
933_H-10	9.5	8.0	2.765957320949175	0.835	0.85
934_H-10	8.5	7.0	2.4885548621928453	0.7901234567901234	0.8333333333333334
935_H-10	9.0	9.0	2.9976751198055647	0.8596938775510203	0.9642857142857143
936_H-10	10.0	7.0	2.5216406363433186	0.7959183673469388	0.7142857142857143
937_H-10	8.25	8.0	2.895423870280316	0.8581314878892734	0.8823529411764706
938_H-10	6.0	6.0	2.430036532577266	0.796875	0.9375
939_H-10	8.25	8.0	2.863826390090816	0.8518518518518519	0.8888888888888888
93_H-10	6.0	6.0	2.4677201004744993	0.8061224489795918	0.9285714285714286
940_H-10	7.0	7.0	2.642423961771975	0.8264462809917356	0.9545454545454546
941_H-10	8.0	8.0	2.819957898557147	0.8390022675736961	0.9523809523809523
942_H-10	10.333333333333334	10.0	3.1614063297218427	0.88	0.9333333333333333
943_H-10	10.5	9.0	3.010434089033338	0.8662131519274376	0.8571428571428572
944_H-10	8.0	8.0	2.9329993066372904	0.8641975308641976	0.9444444444444444
945_H-10	8.0	8.0	2.905307776373747	0.8587257617728532	0.9473684210526316
946_H-10	9.0	9.0	3.0566419965921416	0.8727705112960761	0.9655172413793104
947_H-10	7.25	7.0	2.699513850319966	0.8367346938775511	0.8571428571428572
948_H-10	12.0	10.0	3.0448894517332414	0.8608	0.84
949_H-10	10.25	10.0	3.1150664225842415	0.8698979591836735	0.9285714285714286
94_H-10	9.2	9.0	3.023037065532881	0.8662131519274376	0.9047619047619048
950_H-10	8.0	7.0	2.610577243331642	0.8163265306122449	0.7857142857142857
951_H-10	8.0	7.0	2.5492553971685	0.8	0.8
952_H-10	12.0	6.0	2.3709505944546683	0.78	0.6
953_H-10	10.5	9.0	2.887984837105443	0.8449931412894376	0.8888888888888888
954_H-10	8.25	8.0	2.618171814778876	0.7988165680473372	0.9230769230769231
955_H-10	15.0	9.0	2.936260027531528	0.8553719008264463	0.8181818181818181
956_H-10	4.0	4.0	1.9808259362290785	0.743801652892562	1.0
957_H-10	14.0	8.0	2.7153266987718094	0.8254847645429363	0.7894736842105263
958_H-10	7.0	7.0	2.6632908081776594	0.8271604938271605	0.9444444444444444
959_H-10	8.2	8.0	2.746439344671016	0.825	0.9
95_H-10	9.0	8.0	2.7550576199383077	0.8310249307479225	0.8421052631578947
960_H-10	7.0	7.0	2.7603136973125117	0.8476454293628809	1.0
961_H-10	6.0	6.0	2.4677201004744993	0.8061224489795918	0.9285714285714286
962_H-10	7.0	7.0	2.6756981353679863	0.8304498269896194	0.9411764705882353
963_H-10	8.333333333333334	8.0	2.7328786893420314	0.8288	0.92
964_H-10	7.25	7.0	2.6995138503199656	0.8367346938775511	0.8571428571428572
965_H-10	8.25	8.0	2.8037016960573484	0.84	0.9
966_H-10	10.0	9.0	2.867601311512057	0.8384	0.88
967_H-10	6.25	6.0	2.4182958340544896	0.7916666666666666	0.8333333333333334
968_H-10	8.25	8.0	2.7709505944546686	0.83	0.9
969_H-10	10.5	9.0	2.97965869499932	0.8620037807183365	0.8695652173913043
96_H-10	7.25	7.0	2.6022170014624826	0.8125	0.875
970_H-10	6.0	6.0	2.41896119556797	0.7958477508650519	0.9411764705882353
971_H-10	7.0	7.0	2.6632908081776594	0.8271604938271605	0.9444444444444444
972_H-10	8.25	8.0	2.895423870280315	0.8581314878892734	0.8823529411764706
973_H-10	11.2	10.0	3.197159723424149	0.8827160493827161	0.7777777777777778
974_H-10	8.5	8.0	2.799007754410897	0.8388429752066116	0.9090909090909091
975_H-10	13.0	10.0	3.1207505427313427	0.8733459357277883	0.8260869565217391
976_H-10	6.5	6.0	2.3522170014624826	0.78125	0.875
977_H-10	8.0	8.0	2.946439344671016	0.865	1.0
978_H-10	9.75	9.0	2.915195993795242	0.8435374149659864	0.8571428571428572
979_H-10	13.0	10.0	3.1381774440611165	0.8775267538644471	0.896551724137931
97_H-10	10.2	10.0	3.207707064470474	0.8846880907372401	0.9130434782608696
980_H-10	9.333333333333334	9.0	2.984498451560164	0.8608	0.92
981_H-10	7.0	7.0	2.73345859334435	0.84375	0.9375
982_H-10	10.0	9.0	2.972772910194569	0.8585017835909632	0.9310344827586207
983_H-10	7.333333333333333	7.0	2.6312929881819005	0.8235294117647058	0.8823529411764706
984_H-10	8.0	8.0	2.936043449643891	0.863905325443787	1.0
985_H-10	11.0	8.0	2.7401032600285835	0.8317580340264651	0.8695652173913043
986_H-10	8.0	8.0	2.8511494238930326	0.8480725623582767	0.9523809523809523
987_H-10	4.0	4.0	1.9329145639793979	0.7288888888888889	1.0
988_H-10	11.0	8.0	2.6016094970590276	0.795	0.8
989_H-10	7.0	7.0	2.6542553132150286	0.8235294117647058	0.9411764705882353
98_H-10	9.166666666666666	9.0	3.050301855434982	0.8698060941828255	0.8947368421052632
990_H-10	8.0	8.0	2.8744934713060357	0.8526077097505669	0.9523809523809523
991_H-10	8.6	8.0	2.774397470347699	0.828125	0.8125
992_H-10	15.0	9.0	2.8041084479761684	0.831275720164609	0.8518518518518519
993_H-10	8.75	8.0	2.827819531114783	0.84375	0.8125
994_H-10	8.333333333333334	8.0	2.8152023999804867	0.8435374149659864	0.9047619047619048
995_H-10	8.5	8.0	2.7464191544421537	0.8347205707491081	0.9310344827586207
996_H-10	8.5	7.0	2.5580510765444573	0.8096885813148789	0.8235294117647058
997_H-10	9.0	8.0	2.741446071165522	0.83	0.85
998_H-10	7.75	7.0	2.549523459597832	0.7959183673469388	0.7857142857142857
999_H-10	8.2	8.0	2.7199643047423914	0.8208616780045351	0.9047619047619048
99_H-10	11.0	9.0	3.0130709291038453	0.8650519031141868	0.7647058823529411
9_H-10	8.2	8.0	2.9056390622295662	0.859375	0.875
