	chao1	observed_otus	shannon	simpson	goods_coverage
1000_OMC-288	37.0	37.0	4.864202534627835	0.958265946657164	1.0
100_OMC-288	39.0	39.0	4.916569608294353	0.9579075043238022	1.0
101_OMC-288	38.333333333333336	38.0	4.797655876745601	0.9521583443427526	0.9951100244498777
102_OMC-288	38.0	38.0	4.86858043342795	0.9557720843371454	1.0
103_OMC-288	42.333333333333336	39.0	4.834355632474252	0.9569986981317861	0.987146529562982
104_OMC-288	39.2	39.0	4.822854952768652	0.951175	0.995
105_OMC-288	39.0	39.0	4.884071550859024	0.9574763000915819	0.9975124378109452
106_OMC-288	38.0	38.0	4.743269459626187	0.9474437974635838	0.9974937343358397
107_OMC-288	38.2	38.0	4.834170730949929	0.9554804210049797	0.9946808510638298
108_OMC-288	39.0	39.0	4.805748783319458	0.9504936744021616	0.9974874371859297
109_OMC-288	38.0	38.0	4.81832849891199	0.9510015484978327	0.9975062344139651
10_OMC-288	39.5	39.0	4.8172423714123935	0.9537274503963209	0.9919137466307277
110_OMC-288	38.333333333333336	38.0	4.84007450237494	0.9548472341232723	0.9948849104859335
111_OMC-288	36.0	36.0	4.802538883373628	0.953175	1.0
112_OMC-288	37.0	37.0	4.855372955559929	0.9574396084964598	0.9974489795918368
113_OMC-288	37.25	37.0	4.742730085495088	0.9508870442708334	0.9947916666666666
114_OMC-288	41.0	38.0	4.849327152046098	0.9583158063417663	0.9896640826873385
115_OMC-288	39.5	38.0	4.783846249901522	0.9535239009115931	0.9899497487437185
116_OMC-288	37.2	37.0	4.754007656487294	0.9522146924682419	0.9949238578680203
117_OMC-288	37.0	37.0	4.835367410216458	0.9557501922337562	1.0
118_OMC-288	36.0	36.0	4.730696940556992	0.949825	1.0
119_OMC-288	42.0	39.0	4.79892118725544	0.9525819561434916	0.9899749373433584
11_OMC-288	37.25	37.0	4.8228784503067725	0.9558906745133544	0.9946808510638298
120_OMC-288	39.2	39.0	4.8755658896915115	0.9572723765432098	0.9953703703703703
121_OMC-288	38.0	38.0	4.828560085842659	0.9558883514946681	0.9974554707379135
122_OMC-288	38.333333333333336	38.0	4.815697576225589	0.953175	0.995
123_OMC-288	39.5	38.0	4.776719413791474	0.9514545595093922	0.9923857868020305
124_OMC-288	38.5	37.0	4.7595355560594745	0.9536123895098254	0.9886039886039886
125_OMC-288	35.0	35.0	4.564531302149026	0.9382296853796904	0.9975550122249389
126_OMC-288	38.0	38.0	4.9271208728019005	0.9603893178689035	1.0
127_OMC-288	38.5	38.0	4.786820386241073	0.9521221092479798	0.9950738916256158
128_OMC-288	40.0	39.0	4.883472725454694	0.9577298079279775	0.9926650366748166
129_OMC-288	38.0	38.0	4.815366099138174	0.9513376516607408	0.9977116704805492
12_OMC-288	38.5	38.0	4.816327622383677	0.9522950727918359	0.9950124688279302
130_OMC-288	38.0	38.0	4.932105673066174	0.9612149007738516	1.0
131_OMC-288	38.0	37.0	4.7725105093497575	0.9527028339451858	0.9923664122137404
132_OMC-288	34.0	34.0	4.808586934718975	0.9576457282187998	0.997289972899729
133_OMC-288	38.5	38.0	4.864808078426765	0.9577174082516019	0.9945504087193461
134_OMC-288	39.0	39.0	4.878851199426672	0.9567263544536272	0.9974747474747475
135_OMC-288	39.0	39.0	4.876500345938871	0.9570881924198251	0.9974489795918368
136_OMC-288	38.0	38.0	4.759602187118749	0.9467687895268998	1.0
137_OMC-288	38.0	38.0	4.837726862024304	0.9549308891285168	0.9975247524752475
138_OMC-288	36.0	36.0	4.7598742057141274	0.9517368888888889	1.0
139_OMC-288	38.25	38.0	4.860874084020329	0.956178536903743	0.9950372208436724
13_OMC-288	39.5	38.0	4.757493168542772	0.9486475839459434	0.9922480620155039
140_OMC-288	38.166666666666664	38.0	4.733970046155377	0.9493799898080516	0.9950738916256158
141_OMC-288	37.0	37.0	4.781079123904513	0.9527981838587899	0.9974747474747475
142_OMC-288	37.0	36.0	4.746160919226477	0.950211628425039	0.9950248756218906
143_OMC-288	39.0	39.0	4.929463330719691	0.9583231261110169	0.9974937343358397
144_OMC-288	39.25	39.0	4.842015415361013	0.9525904323105578	0.995049504950495
145_OMC-288	37.0	37.0	4.817779422693064	0.9549907945134116	1.0
146_OMC-288	37.2	37.0	4.741118091045978	0.9512751786369488	0.9950124688279302
147_OMC-288	37.0	37.0	4.797000851316026	0.9542022934599217	0.9973262032085561
148_OMC-288	39.166666666666664	39.0	4.7409767538238565	0.947325548010603	0.9948320413436692
149_OMC-288	38.5	37.0	4.750178012909144	0.9498393021120294	0.9924242424242424
14_OMC-288	37.5	37.0	4.750479930729326	0.9509766730306404	0.9950124688279302
150_OMC-288	36.5	36.0	4.808939132285594	0.9559498226981844	0.9951338199513382
151_OMC-288	39.166666666666664	39.0	4.772854711272114	0.9540729189871537	0.9950248756218906
152_OMC-288	40.5	39.0	4.824789859613602	0.9538054611188178	0.9892761394101877
153_OMC-288	38.333333333333336	38.0	4.858573805272701	0.9584026825179088	0.9950617283950617
154_OMC-288	39.5	38.0	4.766518642399375	0.9509985207100592	0.9927884615384616
155_OMC-288	39.0	39.0	4.903087539711327	0.9586541166004932	0.9974424552429667
156_OMC-288	38.0	38.0	4.795899704188246	0.9515150469552416	0.9976019184652278
157_OMC-288	38.333333333333336	38.0	4.834316947793007	0.9571182682625582	0.9955456570155902
158_OMC-288	38.5	37.0	4.796186817714195	0.9568386173982419	0.9892761394101877
159_OMC-288	37.5	37.0	4.86579136960901	0.9578430282376489	0.9948849104859335
15_OMC-288	40.0	38.0	4.8063482499926335	0.9558647023339407	0.9900249376558603
160_OMC-288	41.0	38.0	4.814601288351394	0.9543669013365983	0.98989898989899
161_OMC-288	37.5	37.0	4.853255540874791	0.9560786756852973	0.9952830188679245
162_OMC-288	37.0	37.0	4.770305652617572	0.9519038182058396	0.9977011494252873
163_OMC-288	39.0	36.0	4.783666681822642	0.9546312448168378	0.9919786096256684
164_OMC-288	39.0	37.0	4.750731534205377	0.9536620644312952	0.9897435897435898
165_OMC-288	38.0	37.0	4.773807574858869	0.9547055324211778	0.9926829268292683
166_OMC-288	39.0	39.0	4.8664983797351695	0.9563144225306388	0.9977477477477478
167_OMC-288	37.0	37.0	4.789635403594249	0.9535394968755008	0.9974683544303797
168_OMC-288	38.5	38.0	4.8033640869442475	0.9529439897970029	0.9948453608247423
169_OMC-288	42.0	39.0	4.7856268195693	0.9504271982912068	0.9905660377358491
16_OMC-288	42.0	39.0	4.87945110400762	0.9572609728777784	0.989821882951654
170_OMC-288	37.333333333333336	37.0	4.764785266772508	0.9519459536843253	0.9947780678851175
171_OMC-288	38.5	38.0	4.876753037321053	0.9565860908825194	0.9950124688279302
172_OMC-288	38.5	38.0	4.838041344139819	0.9567573225621733	0.9950372208436724
173_OMC-288	39.0	39.0	5.006974828836787	0.9637475345167653	0.9974358974358974
174_OMC-288	37.0	37.0	4.808734004950246	0.954961937716263	0.9976470588235294
175_OMC-288	36.0	36.0	4.778325613038735	0.9539619109778399	0.9975186104218362
176_OMC-288	38.75	38.0	4.861109097741658	0.9595688094160254	0.9920212765957447
177_OMC-288	37.0	37.0	4.7886492436121255	0.9552039118878055	0.9975669099756691
178_OMC-288	37.0	37.0	4.656111634110932	0.9442549392184245	0.9976076555023924
179_OMC-288	40.0	39.0	4.889820310087361	0.9588250287611686	0.9921259842519685
17_OMC-288	37.333333333333336	37.0	4.777158538067483	0.953364608744605	0.9945205479452055
180_OMC-288	40.5	39.0	4.840477445094345	0.95642232762108	0.9903147699757869
181_OMC-288	38.0	38.0	4.8185316553268915	0.9539083878643665	0.9975609756097561
182_OMC-288	49.0	39.0	4.793415744914842	0.9499853354726291	0.988009592326139
183_OMC-288	36.0	36.0	4.84041892836036	0.9566543823105271	0.9974683544303797
184_OMC-288	39.0	39.0	4.8431162552680265	0.9559876543209876	0.9972222222222222
185_OMC-288	36.0	36.0	4.802531042673799	0.953416093913723	1.0
186_OMC-288	38.0	38.0	4.727430097107055	0.9471248976273456	0.9975550122249389
187_OMC-288	37.0	37.0	4.80814949448331	0.9553719008264463	0.9974025974025974
188_OMC-288	39.5	38.0	4.725154380778737	0.9475413333333333	0.9893333333333333
189_OMC-288	35.0	35.0	4.7300875192966005	0.950109569028488	1.0
18_OMC-288	39.0	39.0	4.892088767885355	0.9564894835485215	0.9974489795918368
190_OMC-288	39.333333333333336	39.0	4.902127717615585	0.9582858113518892	0.9950738916256158
191_OMC-288	38.25	38.0	4.742542805185	0.9464673214531237	0.9951100244498777
192_OMC-288	38.0	38.0	4.813391449917715	0.9525409341168454	1.0
193_OMC-288	39.333333333333336	39.0	4.839935470511559	0.9533728569139561	0.9949367088607595
194_OMC-288	39.0	39.0	4.866823684905495	0.9541968987357131	0.9975369458128078
195_OMC-288	37.0	37.0	4.770373176286903	0.9514107680459287	0.9975845410628019
196_OMC-288	39.0	39.0	4.810338537892715	0.9538648095407618	0.9976415094339622
197_OMC-288	40.0	39.0	4.896024935974055	0.9581656830492348	0.9950124688279302
198_OMC-288	38.2	37.0	4.7305796374054365	0.9526012007524028	0.9898477157360406
199_OMC-288	39.75	39.0	4.770071071871627	0.9512115324266036	0.9922480620155039
19_OMC-288	42.0	39.0	4.82548624060507	0.9527410923966566	0.992462311557789
1_OMC-288	39.2	39.0	4.812826080105308	0.9545349482248521	0.9951923076923077
200_OMC-288	38.2	38.0	4.767328212799847	0.9519762623826171	0.9948586118251928
201_OMC-288	40.0	39.0	4.8764489018718855	0.9533379763207641	0.9954233409610984
202_OMC-288	39.25	39.0	4.843523382984326	0.9556187296321385	0.9953810623556582
203_OMC-288	49.0	39.0	4.828569301912526	0.9549775204215888	0.986737400530504
204_OMC-288	38.0	38.0	4.875604586184178	0.9559785510857957	1.0
205_OMC-288	39.5	39.0	4.749533743498816	0.9501403583418517	0.9954441913439636
206_OMC-288	37.5	37.0	4.828959840589949	0.9567057291666666	0.9947916666666666
207_OMC-288	40.0	37.0	4.676463812946256	0.9489375997312505	0.9894179894179894
208_OMC-288	39.0	39.0	4.894599922678662	0.9574971077913585	0.9976359338061466
209_OMC-288	37.6	37.0	4.683272896630953	0.9472445992294526	0.9922879177377892
20_OMC-288	39.2	38.0	4.778376217352357	0.9549918375675951	0.98989898989899
210_OMC-288	39.25	39.0	4.858489177218282	0.9549013878743609	0.9945945945945946
211_OMC-288	37.25	37.0	4.77869852215887	0.9540200871506005	0.9948453608247423
212_OMC-288	38.0	38.0	4.814720064874015	0.9550619834710744	1.0
213_OMC-288	39.5	39.0	4.864546233183693	0.9550834133985501	0.9953271028037384
214_OMC-288	37.0	37.0	4.837797862052669	0.9568819265428427	0.997289972899729
215_OMC-288	35.0	35.0	4.786211143991219	0.9543877904960111	1.0
216_OMC-288	40.5	39.0	4.839769593025992	0.9529767438996607	0.9925558312655087
217_OMC-288	36.166666666666664	36.0	4.722235164837053	0.9520390157827664	0.995049504950495
218_OMC-288	38.0	38.0	4.860334873304082	0.9582655164930556	1.0
219_OMC-288	41.0	38.0	4.801868269166544	0.9542645645907939	0.9906542056074766
21_OMC-288	38.0	38.0	4.961556274101834	0.9618967670604615	1.0
220_OMC-288	40.5	39.0	4.886363873611338	0.9565479032711717	0.9923273657289002
221_OMC-288	36.0	36.0	4.712082498847963	0.9499679868288667	0.9973474801061007
222_OMC-288	39.0	36.0	4.763091041415713	0.9557461061317195	0.9892761394101877
223_OMC-288	39.25	39.0	4.766428243405296	0.9481914963962177	0.9953051643192489
224_OMC-288	39.25	39.0	4.8352954726048125	0.9548898071625345	0.9949494949494949
225_OMC-288	38.0	38.0	4.869144401015352	0.9559004867495944	1.0
226_OMC-288	38.333333333333336	38.0	4.7731856905964705	0.9514784980177269	0.9949748743718593
227_OMC-288	37.5	37.0	4.811501302694383	0.9554484684152594	0.9948186528497409
228_OMC-288	39.5	38.0	4.648877378732236	0.9416247523243408	0.9901234567901235
229_OMC-288	38.5	38.0	4.832137624046169	0.9530674009732947	0.9949622166246851
22_OMC-288	37.5	37.0	4.818778743063051	0.9570980517845288	0.9952153110047847
230_OMC-288	38.0	38.0	4.79122866469382	0.9538606653204379	0.9974226804123711
231_OMC-288	38.0	37.0	4.882641803844144	0.9580160649765594	0.994535519125683
232_OMC-288	38.0	38.0	4.8143720994506705	0.9550797167504784	0.9975429975429976
233_OMC-288	38.5	37.0	4.812932250283234	0.954541296990762	0.9920424403183024
234_OMC-288	37.25	37.0	4.798112373593346	0.955641760836566	0.9948051948051948
235_OMC-288	38.5	38.0	4.828962634034327	0.953899416909621	0.9948979591836735
236_OMC-288	40.0	39.0	4.8031259431301345	0.9529543396025361	0.9927007299270073
237_OMC-288	39.5	38.0	4.840949518073799	0.9574144204351378	0.9925373134328358
238_OMC-288	38.0	37.0	4.870394608836404	0.9582385351278748	0.9947643979057592
239_OMC-288	37.0	37.0	4.827728373716984	0.9551021438852554	1.0
23_OMC-288	38.0	37.0	4.792140642967268	0.9554204444444444	0.992
240_OMC-288	39.5	39.0	4.881607263425422	0.9564402865491564	0.9951456310679612
241_OMC-288	38.0	38.0	4.819692573135756	0.9541500867258443	0.9974747474747475
242_OMC-288	40.5	39.0	4.847295835192345	0.9553960088190401	0.9924812030075187
243_OMC-288	38.25	38.0	4.776990619062825	0.9524872383078099	0.994750656167979
244_OMC-288	41.0	39.0	4.853554930973383	0.9568268779614197	0.9897172236503856
245_OMC-288	37.5	37.0	4.722078630964866	0.9473558583174729	0.9949874686716792
246_OMC-288	39.25	39.0	4.929801177864162	0.9606545250484645	0.9949494949494949
247_OMC-288	37.0	37.0	4.7450179047050485	0.951853597787925	1.0
248_OMC-288	39.75	39.0	4.8075624835260955	0.9542438271604938	0.9916666666666667
249_OMC-288	43.0	37.0	4.768085141401546	0.9539682539682539	0.9904761904761905
24_OMC-288	38.2	38.0	4.852858459560515	0.957105022152917	0.9950248756218906
250_OMC-288	39.75	39.0	4.788771072996446	0.9527587890625	0.9921875
251_OMC-288	38.5	38.0	4.828987029332529	0.9538854003139717	0.9945054945054945
252_OMC-288	35.0	35.0	4.796285537279573	0.9551865692949006	1.0
253_OMC-288	37.0	37.0	4.810534041487902	0.9558921808866118	0.9975124378109452
254_OMC-288	39.5	38.0	4.818899569071417	0.9553861117091967	0.9918256130790191
255_OMC-288	39.0	39.0	4.832817033003517	0.951431944678698	1.0
256_OMC-288	38.0	37.0	4.737829697097705	0.9482364090236687	0.9951923076923077
257_OMC-288	38.333333333333336	38.0	4.721001251604084	0.9481743706597222	0.9947916666666666
258_OMC-288	37.0	37.0	4.759182853478695	0.9494491598079561	0.9976851851851852
259_OMC-288	39.0	38.0	4.801993111149648	0.9547625	0.9925
25_OMC-288	38.333333333333336	38.0	4.823519026840351	0.9552267573696145	0.9952380952380953
260_OMC-288	39.5	38.0	4.845562505526161	0.9570041458153347	0.993006993006993
261_OMC-288	36.0	36.0	4.662939764373199	0.9403175353387105	1.0
262_OMC-288	38.333333333333336	38.0	4.748792044336826	0.9498185941043084	0.9952380952380953
263_OMC-288	36.0	36.0	4.750341921112789	0.9507074365091428	0.9974293059125964
264_OMC-288	41.0	39.0	4.7909298335698445	0.9541219294430072	0.9904306220095693
265_OMC-288	38.0	38.0	4.871595835459839	0.9586697424067666	1.0
266_OMC-288	44.0	39.0	4.785347127273833	0.9529618157397001	0.9869109947643979
267_OMC-288	37.0	37.0	4.708573639623141	0.9454168571864046	0.9975308641975309
268_OMC-288	38.25	38.0	4.770835360829983	0.9520600891545775	0.9949238578680203
269_OMC-288	38.0	38.0	4.828836132587677	0.9549918728966827	0.9976076555023924
26_OMC-288	37.333333333333336	37.0	4.817442568785292	0.9549029140095513	0.9946524064171123
270_OMC-288	37.5	37.0	4.852469555382639	0.9570603508942221	0.9950738916256158
271_OMC-288	37.5	37.0	4.834190022902892	0.9566361485864653	0.9947780678851175
272_OMC-288	38.0	38.0	4.839981157134548	0.9558303012301675	0.9975124378109452
273_OMC-288	37.0	37.0	4.786834656037726	0.9518944627484324	0.9974226804123711
274_OMC-288	38.0	38.0	4.787494439984026	0.9505562496637394	0.9975550122249389
275_OMC-288	38.333333333333336	38.0	4.776941118121872	0.949637845178814	0.9946808510638298
276_OMC-288	38.0	38.0	4.76313529414323	0.9499666134417186	1.0
277_OMC-288	37.0	37.0	4.749074592392168	0.9516101086606767	0.9975124378109452
278_OMC-288	38.5	38.0	4.804238885227317	0.9528517883082956	0.9951100244498777
279_OMC-288	38.2	38.0	4.760065504445926	0.9505957179969542	0.994535519125683
27_OMC-288	38.25	38.0	4.741664791380973	0.9486149584487534	0.9947368421052631
280_OMC-288	38.333333333333336	38.0	4.800390527775115	0.954478929152455	0.9949874686716792
281_OMC-288	39.333333333333336	39.0	4.881736321080385	0.9585365853658536	0.9951219512195122
282_OMC-288	38.0	38.0	4.879449665895751	0.9571393245116138	1.0
283_OMC-288	38.0	38.0	4.705097461908148	0.943395061728395	0.9972222222222222
284_OMC-288	38.333333333333336	38.0	4.872124532169051	0.9582487339261127	0.9951690821256038
285_OMC-288	39.333333333333336	39.0	4.847255903090738	0.9555351188494762	0.995249406175772
286_OMC-288	39.5	39.0	4.798009261216255	0.9488364223240316	0.9948979591836735
287_OMC-288	38.0	38.0	4.799036401183229	0.9508231732212737	1.0
288_OMC-288	37.5	37.0	4.795271075053487	0.95276386424384	0.995260663507109
289_OMC-288	37.2	37.0	4.761723713510082	0.953075	0.995
28_OMC-288	36.0	36.0	4.766161804989332	0.953875699108286	0.9976303317535545
290_OMC-288	36.0	36.0	4.821928814389968	0.9553392440118214	1.0
291_OMC-288	39.0	38.0	4.818242701796821	0.9552538378364379	0.9949109414758269
292_OMC-288	38.5	38.0	4.810826654088191	0.954543063773833	0.9948717948717949
293_OMC-288	39.5	39.0	4.826071730955313	0.9536246631616635	0.9949874686716792
294_OMC-288	40.0	39.0	4.829723779886641	0.9544250853032392	0.9949109414758269
295_OMC-288	39.0	38.0	4.797379348663965	0.9533454563750189	0.9919571045576407
296_OMC-288	40.0	38.0	4.771755269259607	0.9512030477727517	0.9888579387186629
297_OMC-288	35.0	35.0	4.790147387421897	0.9542245355458785	1.0
298_OMC-288	38.6	38.0	4.748016980869768	0.950647294929052	0.9924812030075187
299_OMC-288	38.333333333333336	38.0	4.833383891056259	0.9552955069377704	0.9949874686716792
29_OMC-288	38.0	38.0	4.917319235761052	0.9603985533821181	1.0
2_OMC-288	42.0	39.0	4.813307974632635	0.9527083171430109	0.9926650366748166
300_OMC-288	38.0	38.0	4.78629551478677	0.9512547789432408	1.0
301_OMC-288	39.6	39.0	4.755644736440857	0.9496107266435986	0.9926470588235294
302_OMC-288	37.0	37.0	4.78495384901792	0.9548960756803476	0.9975669099756691
303_OMC-288	37.0	37.0	4.770997229540855	0.951621720116618	0.9974489795918368
304_OMC-288	37.5	37.0	4.777066342563148	0.951146996072207	0.9952038369304557
305_OMC-288	38.5	38.0	4.8410675656877205	0.9543962647928994	0.9951923076923077
306_OMC-288	38.0	38.0	4.8767604930519814	0.9577862448946026	0.9973821989528796
307_OMC-288	39.0	37.0	4.764730558730173	0.9526037493991347	0.9898734177215189
308_OMC-288	38.333333333333336	38.0	4.774750864995481	0.9519198455237781	0.9952267303102625
309_OMC-288	38.25	38.0	4.869286043208684	0.9585374149659864	0.9952380952380953
30_OMC-288	38.0	38.0	4.864928459517607	0.9565394106546669	1.0
310_OMC-288	39.25	39.0	4.882738869527245	0.9590848936378786	0.995049504950495
311_OMC-288	37.0	37.0	4.766076327673306	0.95226622690613	0.9974619289340102
312_OMC-288	41.0	38.0	4.79874675005402	0.953958912003315	0.9923664122137404
313_OMC-288	42.75	39.0	4.7880390518989415	0.955266192228318	0.983739837398374
314_OMC-288	38.25	38.0	4.743061822676994	0.9472218917311125	0.9951219512195122
315_OMC-288	36.0	36.0	4.838522540798008	0.9566361524033482	0.9973544973544973
316_OMC-288	38.25	38.0	4.804003648028075	0.9527089072543617	0.9949494949494949
317_OMC-288	36.333333333333336	36.0	4.703177712568058	0.9480146357803603	0.9949238578680203
318_OMC-288	39.5	38.0	4.811243202212789	0.955789152776882	0.9927360774818402
319_OMC-288	38.25	38.0	4.787713893249255	0.9515232907716326	0.9947780678851175
31_OMC-288	37.2	37.0	4.745133818895572	0.9516666666666667	0.9944444444444445
320_OMC-288	37.0	37.0	4.854560669340777	0.9572886228673768	0.9975728155339806
321_OMC-288	42.0	39.0	4.841654945419668	0.9537126153000042	0.9926650366748166
322_OMC-288	38.25	38.0	4.745599142989388	0.9521791268265137	0.9949622166246851
323_OMC-288	36.0	36.0	4.745411608201208	0.9509817141450088	1.0
324_OMC-288	36.25	36.0	4.784704662044726	0.9567811979217724	0.995049504950495
325_OMC-288	39.333333333333336	39.0	4.835447451177626	0.9528531855955679	0.9947368421052631
326_OMC-288	37.0	37.0	4.788592599447858	0.9516125	1.0
327_OMC-288	38.0	38.0	4.818058748938372	0.9513019930534207	0.9974424552429667
328_OMC-288	38.0	38.0	4.90075397783333	0.9575218423838227	1.0
329_OMC-288	37.0	37.0	4.819974745716572	0.9579507140703379	0.9973821989528796
32_OMC-288	35.0	35.0	4.787297437334856	0.9522865584202419	1.0
330_OMC-288	37.5	37.0	4.9067200923007555	0.9605936686779719	0.9946524064171123
331_OMC-288	38.25	38.0	4.8137383276885375	0.9534141059729723	0.9947643979057592
332_OMC-288	38.0	38.0	4.830784810749391	0.9558875308083095	0.9976359338061466
333_OMC-288	38.333333333333336	38.0	4.807993051600082	0.952904385166515	0.9951690821256038
334_OMC-288	39.0	38.0	4.884693190554456	0.9586510612973617	0.9915492957746479
335_OMC-288	38.0	37.0	4.7707247470797425	0.95270551800051	0.9925187032418953
336_OMC-288	38.0	38.0	4.752373012373379	0.9478508235110016	0.9976359338061466
337_OMC-288	37.0	37.0	4.73679807040258	0.951876849112426	0.9975961538461539
338_OMC-288	38.0	37.0	4.796631445589239	0.9525548232216144	0.9946380697050938
339_OMC-288	37.0	37.0	4.79521574329939	0.9510646395448992	1.0
33_OMC-288	38.5	38.0	4.862991395080513	0.9546599139882299	0.9946808510638298
340_OMC-288	43.0	38.0	4.739052143553807	0.9484393753770188	0.9875311720698254
341_OMC-288	38.5	37.0	4.7372638483007865	0.951511735460747	0.9919354838709677
342_OMC-288	36.0	36.0	4.803130021025996	0.954625850340136	1.0
343_OMC-288	38.75	38.0	4.851476946294954	0.9571259908922247	0.9922077922077922
344_OMC-288	39.5	38.0	4.740474640091998	0.9460837172826193	0.9925742574257426
345_OMC-288	38.25	38.0	4.750460770665937	0.9454647484950516	0.9949494949494949
346_OMC-288	37.6	37.0	4.700900653576714	0.9505626890676707	0.9927007299270073
347_OMC-288	37.0	37.0	4.7638863247852	0.9514107680459287	1.0
348_OMC-288	38.0	38.0	4.756559119182946	0.9504071666011995	0.9975786924939467
349_OMC-288	38.5	37.0	4.799415851068188	0.9561453490320758	0.9934354485776805
34_OMC-288	38.0	38.0	4.784506044498931	0.9502254680913635	1.0
350_OMC-288	38.5	37.0	4.801065266832036	0.9553597179939113	0.9924050632911392
351_OMC-288	39.25	39.0	4.715694608535044	0.9443330562211681	0.9953379953379954
352_OMC-288	36.0	36.0	4.777970386610061	0.953968364750744	0.9974811083123426
353_OMC-288	38.0	38.0	4.830604551697499	0.954476643598616	0.9975490196078431
354_OMC-288	38.0	38.0	4.919092836821084	0.9597120089313685	0.9976133651551312
355_OMC-288	39.75	39.0	4.798875132242697	0.9505072699652778	0.9921875
356_OMC-288	38.0	38.0	4.883062159317809	0.9593604188647097	0.997624703087886
357_OMC-288	38.0	38.0	4.753217128526739	0.9506354683949163	0.9977064220183486
358_OMC-288	39.333333333333336	39.0	4.885858571794164	0.9576356680138824	0.9949622166246851
359_OMC-288	38.75	38.0	4.772541694434776	0.9528451686797168	0.9923469387755102
35_OMC-288	38.5	38.0	4.761406769952498	0.9500865051903115	0.9911764705882353
360_OMC-288	40.0	39.0	4.855259529595574	0.955367929340385	0.9922279792746114
361_OMC-288	38.0	38.0	4.844290012385805	0.9538184171597633	1.0
362_OMC-288	35.0	35.0	4.724175989226083	0.9524238227146814	1.0
363_OMC-288	38.0	38.0	4.8198427901134115	0.9551342720278705	0.9975903614457832
364_OMC-288	38.0	38.0	4.902471786586386	0.9592872645802702	0.9975845410628019
365_OMC-288	36.25	36.0	4.753885056131901	0.9526739946821633	0.9947643979057592
366_OMC-288	38.166666666666664	38.0	4.8308958210604125	0.9564552068511907	0.9948186528497409
367_OMC-288	42.0	39.0	4.869182595503053	0.9568639003450888	0.9931192660550459
368_OMC-288	37.0	37.0	4.832110335698901	0.9565980795610425	1.0
369_OMC-288	38.5	38.0	4.746345321536232	0.9471431111111112	0.9946666666666667
36_OMC-288	38.2	38.0	4.777678087073004	0.9520269187630187	0.9949367088607595
370_OMC-288	38.0	38.0	4.9014011387776835	0.9568427781084	0.9976525821596244
371_OMC-288	38.25	38.0	4.741241733894536	0.9486966093049478	0.9948186528497409
372_OMC-288	38.25	38.0	4.8132506803135096	0.9537702291299471	0.9949367088607595
373_OMC-288	38.0	38.0	4.841733902596136	0.9548936293213088	0.9973118279569892
374_OMC-288	39.5	38.0	4.87726970918089	0.9603355171185001	0.9921465968586387
375_OMC-288	38.166666666666664	38.0	4.7411687807626635	0.9509418282548476	0.9947368421052631
376_OMC-288	42.0	39.0	4.8204606992318855	0.9522884094680758	0.9906542056074766
377_OMC-288	41.0	38.0	4.810569467194271	0.9550427350427351	0.9897435897435898
378_OMC-288	42.0	39.0	4.815951171274349	0.9545434318262727	0.9905660377358491
379_OMC-288	37.0	37.0	4.79086200269384	0.9538966049382716	0.9976851851851852
37_OMC-288	37.0	37.0	4.861164719197087	0.95744	0.9973333333333333
380_OMC-288	38.0	38.0	4.747322747597227	0.94814396346774	1.0
381_OMC-288	37.0	37.0	4.7094568202249665	0.9456569352469788	1.0
382_OMC-288	42.0	37.0	4.796864580734411	0.9556902947216338	0.9857549857549858
383_OMC-288	36.166666666666664	36.0	4.764791992781756	0.9555320426663616	0.9946524064171123
384_OMC-288	38.333333333333336	38.0	4.823551280297506	0.9527304398316156	0.9951807228915662
385_OMC-288	39.25	39.0	4.871912921210915	0.958128078817734	0.9950738916256158
386_OMC-288	37.25	37.0	4.768248129517338	0.9548171815815919	0.9949238578680203
387_OMC-288	39.5	38.0	4.834333144811814	0.9543114866790738	0.9929078014184397
388_OMC-288	38.0	38.0	4.852015906341321	0.9549301063781572	0.9974554707379135
389_OMC-288	36.333333333333336	36.0	4.693851632002577	0.9471557168441889	0.9951456310679612
38_OMC-288	38.0	38.0	4.875481807740128	0.9580926747273117	0.9977116704805492
390_OMC-288	38.333333333333336	38.0	4.7800149568924	0.9510655812677216	0.9946949602122016
391_OMC-288	37.0	37.0	4.849529868755202	0.956823224852071	0.9975961538461539
392_OMC-288	39.0	38.0	4.789400560013458	0.9517705495914116	0.9924050632911392
393_OMC-288	41.0	38.0	4.871608189637021	0.9571072758932311	0.9929577464788732
394_OMC-288	42.0	39.0	4.76686819246101	0.9505952822949927	0.9900497512437811
395_OMC-288	39.0	38.0	4.801425011895992	0.9525665143778554	0.9918032786885246
396_OMC-288	40.0	38.0	4.770491713441468	0.9516110971137426	0.9894179894179894
397_OMC-288	39.333333333333336	39.0	4.886249422363279	0.9585981807898465	0.9954441913439636
398_OMC-288	37.0	37.0	4.713532309457056	0.9455174927113703	0.9974489795918368
399_OMC-288	39.2	39.0	4.8426715656747055	0.9559925788497217	0.9948051948051948
39_OMC-288	41.0	39.0	4.731801244520556	0.9499418277350347	0.989041095890411
3_OMC-288	38.0	38.0	4.740180278564129	0.9468659116462836	0.9974937343358397
400_OMC-288	38.0	38.0	4.8542546098509085	0.9555939893533388	1.0
401_OMC-288	40.5	39.0	4.874599891726062	0.9557130102332823	0.992822966507177
402_OMC-288	37.0	37.0	4.806826588050396	0.9536260932944607	0.9974489795918368
403_OMC-288	38.333333333333336	38.0	4.8528520326118665	0.9567715555555556	0.9946666666666667
404_OMC-288	38.25	38.0	4.80434398371173	0.9542100694444444	0.9947916666666666
405_OMC-288	39.0	39.0	4.853650439793735	0.9534415175022615	0.9973821989528796
406_OMC-288	38.2	38.0	4.767301787384621	0.953250405624662	0.9953488372093023
407_OMC-288	39.0	39.0	4.891916551763095	0.9546145841671336	0.9975186104218362
408_OMC-288	35.0	35.0	4.783575999332171	0.9533572931770866	1.0
409_OMC-288	38.0	38.0	4.915531986924896	0.9596723377441714	0.9975845410628019
40_OMC-288	38.0	38.0	4.7937043821974	0.9529361745986755	0.9974619289340102
410_OMC-288	38.25	38.0	4.808878432888411	0.9527094737846737	0.9947780678851175
411_OMC-288	40.0	39.0	4.777608672563133	0.951808123561298	0.9925373134328358
412_OMC-288	36.0	36.0	4.850793801733849	0.9587894569029652	1.0
413_OMC-288	37.0	37.0	4.7769439691593885	0.9523611372117372	0.9974093264248705
414_OMC-288	38.333333333333336	38.0	4.832865935706204	0.9552282268436507	0.9950738916256158
415_OMC-288	41.0	39.0	4.801997593552291	0.9545367166474433	0.9901960784313726
416_OMC-288	41.0	38.0	4.812417859606639	0.9537054461966954	0.9877300613496932
417_OMC-288	38.5	38.0	4.848562591688636	0.9537082248263888	0.9947916666666666
418_OMC-288	36.0	36.0	4.829000598958552	0.9560737656157049	0.9975609756097561
419_OMC-288	39.0	38.0	4.924313157350444	0.9585018938905924	0.9949238578680203
41_OMC-288	41.333333333333336	38.0	4.795820926944508	0.9540207612456747	0.9882352941176471
420_OMC-288	37.6	37.0	4.813850656804301	0.9565862708719851	0.9922077922077922
421_OMC-288	37.0	37.0	4.841507208922823	0.9555224279102884	1.0
422_OMC-288	37.0	37.0	4.848905042718068	0.9547666009204471	0.9974358974358974
423_OMC-288	43.0	37.0	4.7388971412563965	0.949038062283737	0.9905882352941177
424_OMC-288	38.0	38.0	4.8230015526612755	0.9549198333543745	0.9977528089887641
425_OMC-288	39.25	39.0	4.898235734889389	0.9584370755998189	0.9946808510638298
426_OMC-288	40.5	39.0	4.831331225459884	0.9546253429355281	0.9930555555555556
427_OMC-288	45.0	39.0	4.849441458270976	0.9549856693786982	0.9903846153846154
428_OMC-288	41.0	38.0	4.814989768386136	0.9517650681671845	0.9920634920634921
429_OMC-288	37.0	37.0	4.837876212539391	0.9549901380670611	0.9974358974358974
42_OMC-288	38.5	37.0	4.778733661108381	0.9533427960308999	0.9923273657289002
430_OMC-288	39.0	39.0	4.81159265133988	0.9532979560008195	0.9974293059125964
431_OMC-288	37.5	37.0	4.78586114383548	0.9505414410662224	0.9948979591836735
432_OMC-288	40.5	39.0	4.878328884946598	0.957896364245407	0.9923857868020305
433_OMC-288	38.0	38.0	4.886982438336015	0.9580535028413557	0.9976303317535545
434_OMC-288	38.333333333333336	38.0	4.747413604447799	0.9470890298360244	0.9951100244498777
435_OMC-288	38.0	38.0	4.733267598029991	0.9473189142110611	0.9975903614457832
436_OMC-288	38.0	38.0	4.805559978895147	0.9543311459773376	0.9975429975429976
437_OMC-288	39.5	38.0	4.8139041033939405	0.9538361233692929	0.9926289926289926
438_OMC-288	38.333333333333336	38.0	4.819669798404011	0.9550897309564335	0.994535519125683
439_OMC-288	38.0	38.0	4.877958287367714	0.95797646682142	0.9975186104218362
43_OMC-288	36.25	36.0	4.7283424069541375	0.9526945050438309	0.9952267303102625
440_OMC-288	38.0	37.0	4.80148414912045	0.9553543667123914	0.9950617283950617
441_OMC-288	38.0	38.0	4.828024084000615	0.9536932653661405	1.0
442_OMC-288	38.0	38.0	4.960351311336027	0.9624858826043161	0.9972375690607734
443_OMC-288	38.0	37.0	4.801253106875506	0.9559949216342835	0.9918256130790191
444_OMC-288	39.0	39.0	4.823718442698431	0.9532450176011463	0.9973753280839895
445_OMC-288	37.5	37.0	4.809080463612357	0.953849564750636	0.9951690821256038
446_OMC-288	38.0	38.0	4.901984442187407	0.9587383455663558	1.0
447_OMC-288	38.0	37.0	4.801047459941371	0.95345	0.995
448_OMC-288	36.0	36.0	4.735442819061108	0.9495518968576627	0.9976303317535545
449_OMC-288	36.333333333333336	36.0	4.735543241527075	0.9522531364968718	0.9948320413436692
44_OMC-288	37.0	37.0	4.747551314131691	0.9515526472337894	0.9975609756097561
450_OMC-288	39.0	39.0	4.841463796258009	0.9563389815704428	0.9976635514018691
451_OMC-288	38.0	38.0	4.856398172824276	0.9568711611868395	0.9976359338061466
452_OMC-288	39.0	38.0	4.761464737056667	0.9513190311418686	0.9929411764705882
453_OMC-288	38.0	37.0	4.793348554143477	0.9542345562001582	0.995085995085995
454_OMC-288	37.0	37.0	4.905767648980605	0.9612006489994591	0.9976744186046511
455_OMC-288	38.0	38.0	4.848788901843121	0.9559784698193002	1.0
456_OMC-288	40.0	39.0	4.796519791856569	0.9489708506841166	0.9926829268292683
457_OMC-288	38.25	38.0	4.8660183429460195	0.9580513327780091	0.9948979591836735
458_OMC-288	38.25	38.0	4.793050166611898	0.9525285135262513	0.9951456310679612
459_OMC-288	36.0	36.0	4.735205348745264	0.9495657747155904	1.0
45_OMC-288	39.0	38.0	4.8702386250673895	0.9565415451895044	0.9948979591836735
460_OMC-288	37.2	37.0	4.766914153520756	0.9528808864265927	0.9947368421052631
461_OMC-288	39.0	39.0	4.878346040117714	0.9578059319102533	0.9975786924939467
462_OMC-288	38.333333333333336	38.0	4.749564875090066	0.9496043315285297	0.9948979591836735
463_OMC-288	39.166666666666664	39.0	4.8118309400989245	0.9545970318612081	0.994535519125683
464_OMC-288	39.0	38.0	4.7625760455375925	0.9498326391208611	0.9921671018276762
465_OMC-288	40.0	39.0	4.802344942070828	0.9533179376001508	0.9927184466019418
466_OMC-288	38.25	38.0	4.789849362083669	0.9517445888286749	0.9949109414758269
467_OMC-288	38.0	38.0	4.811428499148606	0.9550332801753597	0.9975186104218362
468_OMC-288	37.5	37.0	4.80506930258947	0.9541958881589074	0.9950372208436724
469_OMC-288	37.333333333333336	37.0	4.758510229287789	0.9529868319876971	0.9950980392156863
46_OMC-288	37.25	37.0	4.758150938458671	0.9503169111891114	0.9949748743718593
470_OMC-288	39.0	39.0	4.824310559993785	0.9527360468163159	0.9976635514018691
471_OMC-288	38.333333333333336	38.0	4.7535982820805325	0.9497426001678551	0.9948586118251928
472_OMC-288	37.2	37.0	4.727687918887136	0.9495896018546237	0.9947229551451188
473_OMC-288	38.5	37.0	4.74161831488583	0.9503676470588235	0.9926470588235294
474_OMC-288	37.0	37.0	4.862502795248711	0.9578656663516067	0.9972826086956522
475_OMC-288	37.5	37.0	4.863925805171808	0.9578656355251248	0.9950372208436724
476_OMC-288	44.0	39.0	4.831447467048694	0.9560779444181794	0.9880668257756563
477_OMC-288	38.5	38.0	4.71617765674059	0.9444205954395091	0.9949748743718593
478_OMC-288	37.0	37.0	4.724768866684647	0.9486666379326268	1.0
479_OMC-288	39.0	39.0	4.748591858616947	0.946362713794213	0.9975124378109452
47_OMC-288	38.0	38.0	4.8966881218607	0.9577417609317427	1.0
480_OMC-288	38.0	38.0	4.716884849361856	0.9431528363177535	0.9974093264248705
481_OMC-288	38.333333333333336	38.0	4.820630910790675	0.9542527999195984	0.9949874686716792
482_OMC-288	37.5	36.0	4.732230887465236	0.9521625	0.9925
483_OMC-288	37.0	37.0	4.838919649220367	0.9554351274530751	0.9974554707379135
484_OMC-288	39.2	39.0	4.798832984275416	0.9520175500011668	0.9951690821256038
485_OMC-288	37.0	37.0	4.845853904965391	0.958986864032938	0.9975247524752475
486_OMC-288	39.333333333333336	39.0	4.884695624816135	0.9570155320075483	0.9951807228915662
487_OMC-288	44.0	39.0	4.715301363723918	0.9481462589599721	0.9844559585492227
488_OMC-288	39.333333333333336	39.0	4.874142310739495	0.9540612313421446	0.994475138121547
489_OMC-288	40.5	38.0	4.82530070192762	0.9578561103080173	0.9872122762148338
48_OMC-288	38.0	38.0	4.849347439099293	0.9560729904206581	0.9974489795918368
490_OMC-288	38.25	38.0	4.808065891195999	0.9528186274509803	0.9950980392156863
491_OMC-288	39.2	38.0	4.686706394616063	0.9489475490291294	0.989821882951654
492_OMC-288	39.25	39.0	4.795032857295741	0.9502280388657546	0.994579945799458
493_OMC-288	39.5	38.0	4.832786258577631	0.9549734281346308	0.9926108374384236
494_OMC-288	39.75	39.0	4.764088697787786	0.9513038790683048	0.9928909952606635
495_OMC-288	37.0	37.0	4.777523520748136	0.9525169101068522	0.9975247524752475
496_OMC-288	39.25	39.0	4.8130905133612245	0.9526234384295063	0.9951219512195122
497_OMC-288	40.0	39.0	4.865060344250166	0.9562125866043555	0.9924812030075187
498_OMC-288	38.333333333333336	38.0	4.742129806463297	0.9488523894806297	0.9951456310679612
499_OMC-288	37.5	37.0	4.8256813005951535	0.9556422813998572	0.9949494949494949
49_OMC-288	41.0	38.0	4.793214146365326	0.953146564975373	0.9923273657289002
4_OMC-288	36.0	36.0	4.844296206581821	0.9567825668963307	0.9974683544303797
500_OMC-288	37.5	37.0	4.777361940975083	0.9527578344357134	0.9949874686716792
501_OMC-288	37.0	36.0	4.703172950066988	0.9510745313214449	0.9925925925925926
502_OMC-288	40.5	39.0	4.847064420554045	0.9566394777637509	0.989769820971867
503_OMC-288	38.0	38.0	4.86701548301651	0.956848467875563	0.9975845410628019
504_OMC-288	38.333333333333336	38.0	4.762900125840333	0.9515733751592981	0.995049504950495
505_OMC-288	39.2	39.0	4.814525254515951	0.9518014666808375	0.9948453608247423
506_OMC-288	38.0	38.0	4.880879169109741	0.956046784294661	0.9973262032085561
507_OMC-288	38.5	37.0	4.795367240035124	0.9549501883167062	0.9920844327176781
508_OMC-288	36.0	36.0	4.7564198512600235	0.9498151493373217	1.0
509_OMC-288	39.25	39.0	4.860854583412399	0.9564365548980933	0.9948717948717949
50_OMC-288	39.0	38.0	4.788237049257447	0.9524556416037643	0.9925742574257426
510_OMC-288	39.0	39.0	4.962008156862336	0.9617734791025138	0.9973753280839895
511_OMC-288	40.0	39.0	4.83835075949044	0.9559093726176308	0.9929742388758782
512_OMC-288	40.0	39.0	4.778388005370777	0.9459845330160619	0.9951219512195122
513_OMC-288	37.0	37.0	4.806118446526052	0.9530143087020678	0.9974160206718347
514_OMC-288	38.0	38.0	4.7899758754938055	0.9502453954722891	0.9975550122249389
515_OMC-288	38.5	37.0	4.823082709679446	0.9569125	0.9925
516_OMC-288	38.0	38.0	4.84754862494316	0.957202216066482	0.9973684210526316
517_OMC-288	39.0	39.0	4.880723706204981	0.9567754902213405	1.0
518_OMC-288	38.333333333333336	38.0	4.924026300401324	0.9602206416025548	0.9951807228915662
519_OMC-288	38.0	38.0	4.900290765438117	0.9595270930857435	0.9974554707379135
51_OMC-288	38.0	38.0	4.780745618030172	0.9500622453598914	1.0
520_OMC-288	38.0	38.0	4.931946204584257	0.9609879187291027	1.0
521_OMC-288	37.5	37.0	4.781457510814452	0.9532067202337473	0.9945945945945946
522_OMC-288	38.25	38.0	4.756551332818937	0.9507154806251205	0.9950124688279302
523_OMC-288	35.0	35.0	4.696526774416226	0.9470640133320263	0.9975247524752475
524_OMC-288	38.5	38.0	4.824103004982051	0.9555161078238001	0.9948717948717949
525_OMC-288	37.5	37.0	4.839665751023017	0.9554221781947438	0.9949109414758269
526_OMC-288	37.0	37.0	4.797542559204138	0.953563995837669	0.9973118279569892
527_OMC-288	38.25	38.0	4.8165494456818205	0.9548341611921166	0.9949367088607595
528_OMC-288	38.25	38.0	4.811074019457386	0.9546725173637499	0.9948586118251928
529_OMC-288	37.0	37.0	4.928078900757972	0.9597924630749908	0.9976580796252927
52_OMC-288	37.0	37.0	4.921675774324077	0.960016835016835	1.0
530_OMC-288	37.0	37.0	4.87374541821774	0.9565889731101433	1.0
531_OMC-288	38.75	38.0	4.849827751721755	0.9553968253968254	0.9928571428571429
532_OMC-288	38.5	38.0	4.838597523815425	0.9561055425287949	0.9949238578680203
533_OMC-288	42.0	39.0	4.872842778347584	0.9583637026239067	0.9897959183673469
534_OMC-288	38.333333333333336	38.0	4.786497247430953	0.9528535980148883	0.9950372208436724
535_OMC-288	38.0	37.0	4.804548030260263	0.9561018224174331	0.9926108374384236
536_OMC-288	37.0	37.0	4.817454830657344	0.9542654658626167	0.9973190348525469
537_OMC-288	36.0	36.0	4.734171284895822	0.9525638608728438	0.9975728155339806
538_OMC-288	41.0	38.0	4.822380404531718	0.9551050975526606	0.9929078014184397
539_OMC-288	40.0	39.0	4.759100205015637	0.9493069965334433	0.9925558312655087
53_OMC-288	39.5	38.0	4.809745697656636	0.9539265495717811	0.9927710843373494
540_OMC-288	38.75	38.0	4.809481808008081	0.9555827586981425	0.9928909952606635
541_OMC-288	40.0	38.0	4.691233956861372	0.9478598113293061	0.989821882951654
542_OMC-288	37.0	37.0	4.780423862177572	0.9528513541356654	0.9976076555023924
543_OMC-288	37.0	37.0	4.770551239556073	0.9509083044982699	0.9975490196078431
544_OMC-288	38.75	38.0	4.713188157072897	0.9485366531148203	0.992462311557789
545_OMC-288	34.0	34.0	4.710628895979394	0.9497804662031017	1.0
546_OMC-288	39.0	39.0	4.844944699030644	0.9548527231083047	0.9973614775725593
547_OMC-288	39.2	39.0	4.739197078634659	0.9478743608473338	0.9945945945945946
548_OMC-288	39.333333333333336	39.0	4.861146387390895	0.954926858246083	0.9950248756218906
549_OMC-288	38.0	38.0	4.768018886617934	0.9504598163461473	0.9973890339425587
54_OMC-288	41.0	38.0	4.800817876517574	0.9490693462573558	0.9928741092636579
550_OMC-288	38.0	38.0	4.896796634171853	0.9584117086242882	1.0
551_OMC-288	36.0	36.0	4.728039727687175	0.9486131712093053	0.9975786924939467
552_OMC-288	44.0	39.0	4.7769304603993055	0.9530780323666079	0.9873417721518988
553_OMC-288	38.333333333333336	38.0	4.777054204910177	0.9496394904223289	0.9950372208436724
554_OMC-288	38.0	38.0	4.677264648154704	0.9466375719103353	0.9976525821596244
555_OMC-288	38.0	38.0	4.853675953082799	0.9551347797501644	1.0
556_OMC-288	37.0	37.0	4.860630126779328	0.9560735368527576	0.9974025974025974
557_OMC-288	36.5	36.0	4.7320969288643715	0.9507562781245464	0.9951807228915662
558_OMC-288	39.0	39.0	4.913629125643229	0.9585139395899279	1.0
559_OMC-288	38.333333333333336	38.0	4.70581284691616	0.9456583552697149	0.9951573849878934
55_OMC-288	38.0	38.0	4.731463938710187	0.9456195896380035	0.9974554707379135
560_OMC-288	37.0	37.0	4.814506931306843	0.9540746339688139	0.9973544973544973
561_OMC-288	36.0	36.0	4.748526142644371	0.9529208314137104	0.9974160206718347
562_OMC-288	38.333333333333336	38.0	4.823849497335918	0.9542328319243392	0.9950372208436724
563_OMC-288	38.0	38.0	4.876886663033236	0.9567078189300412	0.9975308641975309
564_OMC-288	39.0	39.0	4.95455233726996	0.9605639946808885	0.9973474801061007
565_OMC-288	40.2	39.0	4.801125961834127	0.9547504630996805	0.9896373056994818
566_OMC-288	38.2	38.0	4.7909838078381535	0.9522678877645241	0.9949874686716792
567_OMC-288	39.0	37.0	4.8142297535992205	0.9567597720384843	0.9904076738609112
568_OMC-288	37.6	37.0	4.711240705560322	0.9519507134744843	0.9924433249370277
569_OMC-288	42.0	39.0	4.876824187981816	0.9557495161954627	0.9928741092636579
56_OMC-288	38.0	38.0	4.970302393101699	0.9627175132190354	0.9974683544303797
570_OMC-288	39.0	38.0	4.81783664550999	0.9546167765024804	0.9948320413436692
571_OMC-288	37.5	37.0	4.779871486608206	0.9512999561957278	0.9949238578680203
572_OMC-288	39.75	39.0	4.8554088826371835	0.9557471569773621	0.9922680412371134
573_OMC-288	39.0	39.0	4.871974556490363	0.9573276178648452	0.9974160206718347
574_OMC-288	38.0	38.0	4.848697870470811	0.9543288770230173	0.9974293059125964
575_OMC-288	37.0	37.0	4.807841697887654	0.9543964444444445	1.0
576_OMC-288	38.0	38.0	4.842914088495814	0.9566159789762134	0.9976303317535545
577_OMC-288	39.0	39.0	4.820431714535337	0.9498971517799498	0.9977628635346756
578_OMC-288	38.0	38.0	4.804607464301325	0.9544165705497886	0.9975490196078431
579_OMC-288	39.5	38.0	4.849340259201584	0.9544070179092045	0.9923469387755102
57_OMC-288	40.5	39.0	4.760694047247987	0.9488456315074695	0.9929078014184397
580_OMC-288	38.0	38.0	4.7553222433235	0.9446060113105332	1.0
581_OMC-288	37.0	37.0	4.841955389917744	0.9555751220683583	0.9975186104218362
582_OMC-288	37.25	37.0	4.781329240318307	0.9537003490732594	0.9952038369304557
583_OMC-288	36.0	36.0	4.833735255828642	0.9575979271452523	1.0
584_OMC-288	42.333333333333336	39.0	4.838597460790742	0.9570011864804675	0.9874055415617129
585_OMC-288	38.0	37.0	4.827731081722022	0.9578541277671624	0.9919137466307277
586_OMC-288	38.0	37.0	4.8207687703412585	0.9560735368527576	0.9948051948051948
587_OMC-288	37.0	37.0	4.861350109331344	0.9549661145349194	0.997737556561086
588_OMC-288	39.0	39.0	4.8052803964955455	0.9516354214296601	0.9975308641975309
589_OMC-288	37.5	36.0	4.731556078613898	0.9532139424224039	0.9921671018276762
58_OMC-288	39.5	39.0	4.918606795330205	0.9600807486755817	0.9951690821256038
590_OMC-288	38.333333333333336	38.0	4.835906180223411	0.9539905247813412	0.9948979591836735
591_OMC-288	38.166666666666664	38.0	4.6847201469810695	0.9453613203012338	0.9949367088607595
592_OMC-288	37.0	37.0	4.888635690948007	0.9593597054744685	0.9975062344139651
593_OMC-288	38.75	38.0	4.78719047952147	0.9513888888888888	0.9921875
594_OMC-288	41.0	38.0	4.848477903670091	0.956825453345831	0.9931350114416476
595_OMC-288	35.0	35.0	4.784049070956055	0.9554090627109054	0.9973890339425587
596_OMC-288	37.5	37.0	4.745061701468881	0.9480662865554779	0.9953810623556582
597_OMC-288	39.0	37.0	4.8483334827956295	0.9593777126736112	0.9895833333333334
598_OMC-288	38.5	38.0	4.887145471611053	0.9570118322481271	0.9951690821256038
599_OMC-288	39.0	39.0	4.836497439074437	0.9542512189919693	1.0
59_OMC-288	39.0	39.0	4.886137176187476	0.9567741800739343	0.9973614775725593
5_OMC-288	37.0	37.0	4.740315861592935	0.952160553633218	1.0
600_OMC-288	41.0	39.0	4.867530406244273	0.9567836010143702	0.989010989010989
601_OMC-288	39.142857142857146	39.0	4.796830551570099	0.9525188649165692	0.9948453608247423
602_OMC-288	39.5	39.0	4.833759301512214	0.9520121437004554	0.9948051948051948
603_OMC-288	37.0	37.0	4.72509771807485	0.9477725801854366	0.9976359338061466
604_OMC-288	39.6	39.0	4.827241263722503	0.9530006668868041	0.9923664122137404
605_OMC-288	39.333333333333336	39.0	4.838034538403677	0.9543559397086647	0.9952038369304557
606_OMC-288	38.0	38.0	4.875961774292852	0.9555558538484255	1.0
607_OMC-288	38.0	38.0	4.889669625194269	0.9565417488494412	0.9974358974358974
608_OMC-288	38.75	38.0	4.708359559818975	0.9500473197602466	0.9926108374384236
609_OMC-288	40.0	38.0	4.761520393235277	0.9532828282828283	0.98989898989899
60_OMC-288	37.333333333333336	37.0	4.847458667539775	0.9577146814404432	0.9947368421052631
610_OMC-288	39.0	39.0	4.8912293236240805	0.9555588156986758	0.9976689976689976
611_OMC-288	38.166666666666664	38.0	4.771072004668535	0.9521032902957102	0.9948979591836735
612_OMC-288	37.0	37.0	4.776141208121789	0.9528584220944482	0.9975728155339806
613_OMC-288	37.25	37.0	4.808114204986689	0.9559532493459625	0.9953161592505855
614_OMC-288	38.0	37.0	4.753504764554548	0.9501083605506547	0.9917127071823204
615_OMC-288	39.0	39.0	4.904847776560965	0.9580749835292379	1.0
616_OMC-288	40.0	38.0	4.847657113035303	0.958698224852071	0.9897435897435898
617_OMC-288	40.5	39.0	4.8861496335786505	0.9567546530528147	0.992822966507177
618_OMC-288	38.0	38.0	4.823429263478424	0.9521719143536054	0.9974554707379135
619_OMC-288	39.5	39.0	4.7869082577978865	0.9510408158213906	0.9925373134328358
61_OMC-288	39.25	39.0	4.947345665651521	0.9619493796820824	0.9945504087193461
620_OMC-288	38.0	38.0	4.838300349465541	0.9560697619665679	1.0
621_OMC-288	38.0	38.0	4.836495801046106	0.9496998437542831	0.9973821989528796
622_OMC-288	35.0	35.0	4.717029859634796	0.9499671268902038	0.9974358974358974
623_OMC-288	38.0	38.0	4.817254190677238	0.9539372818008854	0.9975186104218362
624_OMC-288	41.0	39.0	4.829900302981819	0.9548078434895891	0.990521327014218
625_OMC-288	37.0	37.0	4.722330432331088	0.9444061830425466	0.9974747474747475
626_OMC-288	44.0	38.0	4.834033285287847	0.95517956452069	0.9902912621359223
627_OMC-288	38.0	38.0	4.791310587535358	0.9518222222222222	0.9973333333333333
628_OMC-288	39.5	38.0	4.889133684401911	0.9599029358984605	0.9919137466307277
629_OMC-288	37.0	37.0	4.9222589478055045	0.9606575147190937	1.0
62_OMC-288	38.333333333333336	38.0	4.820947033648619	0.9533169896030246	0.9945652173913043
630_OMC-288	38.0	38.0	4.733436984483326	0.9486059436562011	0.9974293059125964
631_OMC-288	36.0	36.0	4.791830293945992	0.9549276343190337	0.9974489795918368
632_OMC-288	39.333333333333336	39.0	4.887991650559559	0.9593225668785517	0.995260663507109
633_OMC-288	38.2	38.0	4.867214760802948	0.9562918482304177	0.9948453608247423
634_OMC-288	38.5	37.0	4.726334491024728	0.94955	0.9925
635_OMC-288	37.0	37.0	4.867859646680619	0.9591239002077061	0.9975845410628019
636_OMC-288	38.333333333333336	38.0	4.810664031349668	0.954232586495961	0.9950617283950617
637_OMC-288	38.5	38.0	4.882162040771816	0.9569300935350048	0.9949238578680203
638_OMC-288	38.5	38.0	4.961613286482469	0.9616542809259593	0.9948320413436692
639_OMC-288	37.333333333333336	37.0	4.804179282374578	0.9566172571399713	0.9949748743718593
63_OMC-288	38.0	38.0	4.880155496307206	0.9576557359717912	0.9975062344139651
640_OMC-288	39.0	39.0	4.85037665589591	0.9526681064815938	0.9975369458128078
641_OMC-288	39.5	39.0	4.941760848971475	0.9612856099342586	0.995085995085995
642_OMC-288	39.25	39.0	4.900409631315122	0.9587777176852352	0.9953488372093023
643_OMC-288	44.0	39.0	4.766584746290051	0.9511678004535147	0.9880952380952381
644_OMC-288	37.0	37.0	4.82345915948598	0.9531788023851516	0.9973544973544973
645_OMC-288	38.333333333333336	38.0	4.803691978875823	0.9516347355268638	0.9948979591836735
646_OMC-288	39.5	38.0	4.855664869862125	0.9567942768087688	0.9928057553956835
647_OMC-288	35.0	35.0	4.702062044402479	0.9498776551436902	0.9974489795918368
648_OMC-288	38.2	38.0	4.785679415620496	0.9550893886966552	0.9950980392156863
649_OMC-288	38.5	37.0	4.827755243448429	0.9547886490396399	0.9926650366748166
64_OMC-288	41.0	38.0	4.7872276453893825	0.9506172839506173	0.9924242424242424
650_OMC-288	38.25	38.0	4.822154102665766	0.9557233217710671	0.9946949602122016
651_OMC-288	36.0	36.0	4.745823450727788	0.950809322996894	0.9974874371859297
652_OMC-288	36.0	36.0	4.7340380863549045	0.9505970439884172	0.9974937343358397
653_OMC-288	37.25	37.0	4.809121351946917	0.9555292570677186	0.9948717948717949
654_OMC-288	37.0	37.0	4.837249629727949	0.9544682968729762	0.9973890339425587
655_OMC-288	39.0	38.0	4.746088450404209	0.9485566124983486	0.9913793103448276
656_OMC-288	38.166666666666664	38.0	4.761943678024579	0.9523863993823101	0.9946524064171123
657_OMC-288	39.2	39.0	4.83217580254405	0.9544817777777778	0.9946666666666667
658_OMC-288	39.0	39.0	4.910840011864881	0.9593902746627219	0.9973890339425587
659_OMC-288	39.0	38.0	4.874860885815831	0.957073545133083	0.9947643979057592
65_OMC-288	38.0	38.0	4.823503880304706	0.9559849704777241	0.9975845410628019
660_OMC-288	39.6	39.0	4.830700810190464	0.9546728111855695	0.9921671018276762
661_OMC-288	36.0	36.0	4.8299641237578825	0.9576915793460422	1.0
662_OMC-288	37.0	37.0	4.815893605903843	0.9549073668478961	0.9974619289340102
663_OMC-288	42.0	39.0	4.873302468355395	0.9568179590236251	0.9900990099009901
664_OMC-288	37.0	37.0	4.823541605612321	0.9551749271137027	1.0
665_OMC-288	39.0	38.0	4.897759719265775	0.96095	0.9925
666_OMC-288	37.0	37.0	4.8379530081186415	0.9556637465278838	0.9972375690607734
667_OMC-288	39.0	39.0	4.777819834448076	0.9494784580498866	0.9976190476190476
668_OMC-288	37.333333333333336	37.0	4.842231541203272	0.9579716097771528	0.9947229551451188
669_OMC-288	38.0	38.0	4.857373049230251	0.9543698479369287	0.9976303317535545
66_OMC-288	40.0	39.0	4.9213727646650405	0.9582211093342311	0.9954128440366973
670_OMC-288	35.0	35.0	4.738215327881993	0.949184291635668	1.0
671_OMC-288	38.0	38.0	4.903974865778692	0.9595128027681661	0.9976470588235294
672_OMC-288	39.25	39.0	4.81639673192281	0.9542754325259516	0.9952941176470588
673_OMC-288	38.0	38.0	4.85019508806622	0.9551358107722274	1.0
674_OMC-288	38.0	38.0	4.874769361647489	0.9581806786276618	0.9977426636568849
675_OMC-288	38.5	38.0	4.820421407525407	0.9525578718087925	0.9948849104859335
676_OMC-288	38.75	38.0	4.80294103067452	0.9547348299186355	0.9925742574257426
677_OMC-288	41.0	39.0	4.810297803796174	0.9550901872365455	0.9900990099009901
678_OMC-288	39.5	39.0	4.8556172018321115	0.954629065854831	0.9949367088607595
679_OMC-288	37.75	37.0	4.7926846781438455	0.9545040546227724	0.9924812030075187
67_OMC-288	37.0	37.0	4.777056938497543	0.9514606839531825	1.0
680_OMC-288	37.0	37.0	4.870472270316974	0.9581468779501731	0.9976905311778291
681_OMC-288	38.25	38.0	4.8158634647130505	0.9549940968122786	0.9948051948051948
682_OMC-288	41.0	39.0	4.812360978843253	0.9528747066625854	0.98989898989899
683_OMC-288	40.2	39.0	4.746985927571118	0.951733867973565	0.9900497512437811
684_OMC-288	38.0	38.0	4.905222710538469	0.9594295364984049	0.9972602739726028
685_OMC-288	40.0	39.0	4.895691741968424	0.9581750054519862	0.9922879177377892
686_OMC-288	39.0	38.0	4.889415751427189	0.9567355371900826	0.9954545454545455
687_OMC-288	38.5	37.0	4.708038487310154	0.9473896081600275	0.9927007299270073
688_OMC-288	41.0	38.0	4.84233474975178	0.9557703590205114	0.9928400954653938
689_OMC-288	38.5	38.0	4.796867807352046	0.9530800906039629	0.9949622166246851
68_OMC-288	48.0	38.0	4.7818242891382745	0.9504847645429363	0.9868421052631579
690_OMC-288	36.5	36.0	4.784273996484567	0.9549632585035731	0.9949748743718593
691_OMC-288	39.0	38.0	4.846919337273302	0.957282780929549	0.9914040114613181
692_OMC-288	38.0	38.0	4.818391790802701	0.9541483656482808	0.9975369458128078
693_OMC-288	38.0	38.0	4.805957162980511	0.9553041589858842	0.9974874371859297
694_OMC-288	34.0	34.0	4.773841301174589	0.9539003380354537	1.0
695_OMC-288	41.0	39.0	4.808315234668409	0.953111700040447	0.9901719901719902
696_OMC-288	35.5	35.0	4.690836614381776	0.9484526785024092	0.9949238578680203
697_OMC-288	36.0	36.0	4.693693989248085	0.9478777953770571	0.9974093264248705
698_OMC-288	37.0	37.0	4.893385749707495	0.9594955599478244	0.9976133651551312
699_OMC-288	38.0	38.0	4.904009043191702	0.9589044910575671	0.9973614775725593
69_OMC-288	37.0	37.0	4.7967169091931785	0.9536908461724967	0.9976525821596244
6_OMC-288	37.5	37.0	4.833024130047265	0.9561010192722682	0.9950124688279302
700_OMC-288	38.333333333333336	38.0	4.852661855761772	0.9564837338762084	0.9952038369304557
701_OMC-288	38.5	38.0	4.7856339121510985	0.95106184187268	0.9949748743718593
702_OMC-288	39.5	39.0	4.794615868418191	0.9541704166061837	0.9927710843373494
703_OMC-288	38.6	38.0	4.821726809281219	0.9567819198301272	0.9918256130790191
704_OMC-288	37.0	37.0	4.873029996143998	0.95918472519261	0.9974619289340102
705_OMC-288	37.0	37.0	4.839111343600761	0.9580942222222222	0.9973333333333333
706_OMC-288	37.0	37.0	4.703763486985545	0.9466101862927154	0.9974293059125964
707_OMC-288	40.0	39.0	4.8106898412924375	0.9521052631578948	0.9921052631578947
708_OMC-288	37.0	37.0	4.885127572240841	0.9575043362922151	0.9974747474747475
709_OMC-288	39.375	39.0	4.837292589721964	0.9564733533207651	0.9913544668587896
70_OMC-288	37.333333333333336	37.0	4.765025159480812	0.9529948044309381	0.995049504950495
710_OMC-288	38.166666666666664	38.0	4.832438150511461	0.9557635541860672	0.9947780678851175
711_OMC-288	39.5	39.0	4.8718764798249605	0.9546485260770975	0.9952380952380953
712_OMC-288	37.5	37.0	4.751132953024583	0.9506599603718945	0.9950617283950617
713_OMC-288	37.0	37.0	4.823280968420944	0.9551254325259515	1.0
714_OMC-288	38.5	37.0	4.762966754750132	0.9496831487366372	0.9925187032418953
715_OMC-288	38.0	38.0	4.837412695778831	0.9559248773007987	0.9975429975429976
716_OMC-288	39.0	39.0	4.7893689608336905	0.951655261230777	0.9974874371859297
717_OMC-288	38.0	38.0	4.816232050587968	0.9525442679380155	1.0
718_OMC-288	38.0	38.0	4.788802843954474	0.9515895000659543	0.9974937343358397
719_OMC-288	40.5	39.0	4.865103840824538	0.9561528142161365	0.9922879177377892
71_OMC-288	39.333333333333336	39.0	4.873345563731111	0.956298828125	0.9947916666666666
720_OMC-288	39.0	38.0	4.757753106940357	0.9531656901041666	0.9921875
721_OMC-288	39.0	39.0	4.842179492324002	0.9526451382511989	0.9974747474747475
722_OMC-288	42.0	39.0	4.837452483956512	0.9561501877634583	0.9904076738609112
723_OMC-288	39.0	39.0	4.861728329503601	0.9542205173358619	0.9975186104218362
724_OMC-288	39.2	39.0	4.835071453417526	0.9540775148787923	0.9951807228915662
725_OMC-288	41.0	39.0	4.772418578453613	0.9503480050975395	0.9900990099009901
726_OMC-288	39.75	39.0	4.736183673894374	0.9499106294199581	0.9926650366748166
727_OMC-288	45.0	39.0	4.853926134556532	0.957123469258932	0.9887640449438202
728_OMC-288	39.5	39.0	4.91715980080829	0.9592704728950403	0.9950980392156863
729_OMC-288	38.5	38.0	4.766441291822554	0.950600365833781	0.995085995085995
72_OMC-288	38.0	38.0	4.919330870171345	0.9593380751923356	1.0
730_OMC-288	38.125	38.0	4.722584146238933	0.9509158362954762	0.9949109414758269
731_OMC-288	37.0	37.0	4.860956427629505	0.9567484395412977	0.9975903614457832
732_OMC-288	45.0	39.0	4.865727035565534	0.9554393658289763	0.9896103896103896
733_OMC-288	37.0	37.0	4.767788204940816	0.9493803822726318	0.9975845410628019
734_OMC-288	39.333333333333336	39.0	4.868533376287836	0.9551470812376162	0.9950617283950617
735_OMC-288	39.6	39.0	4.922113578738944	0.9616910546337137	0.9927536231884058
736_OMC-288	38.0	38.0	4.869595216200813	0.9553180966264057	1.0
737_OMC-288	39.0	39.0	4.932994421785471	0.9606336289382973	0.9975429975429976
738_OMC-288	38.2	38.0	4.8657397171493795	0.9586414647839709	0.995085995085995
739_OMC-288	38.5	38.0	4.772235158644107	0.9503982715535194	0.9948979591836735
73_OMC-288	37.5	37.0	4.721347860869118	0.9437080867850098	0.9948717948717949
740_OMC-288	39.333333333333336	39.0	4.8864390125681005	0.9577178519975371	0.9951100244498777
741_OMC-288	39.333333333333336	39.0	4.852862503964413	0.9550998405246962	0.995260663507109
742_OMC-288	36.0	36.0	4.831775666795814	0.955875	1.0
743_OMC-288	40.5	39.0	4.797032655210547	0.951546249917197	0.9932279909706546
744_OMC-288	43.0	37.0	4.744688600739493	0.9519592539847389	0.9900249376558603
745_OMC-288	38.25	38.0	4.793840410779305	0.9542363584697431	0.9948586118251928
746_OMC-288	38.166666666666664	38.0	4.688095630336141	0.9460112363461686	0.9947229551451188
747_OMC-288	39.0	38.0	4.870986267210883	0.9585625	0.9925
748_OMC-288	38.0	38.0	4.769860738360316	0.9476737646592194	0.9975669099756691
749_OMC-288	39.333333333333336	39.0	4.906962269392423	0.9599688444168064	0.9949874686716792
74_OMC-288	40.0	39.0	4.8668792860217165	0.955027700831025	0.9921052631578947
750_OMC-288	41.0	38.0	4.836990652308877	0.9558118003535055	0.9931192660550459
751_OMC-288	37.0	37.0	4.77626120408612	0.9489216505124669	0.9974554707379135
752_OMC-288	38.25	38.0	4.792870395199059	0.9530072154040208	0.9951100244498777
753_OMC-288	44.0	39.0	4.866369659477188	0.9583045434751052	0.9879518072289156
754_OMC-288	39.333333333333336	39.0	4.870288818243974	0.953662214105205	0.9953917050691244
755_OMC-288	36.0	36.0	4.793010068897496	0.95474881676152	0.9974554707379135
756_OMC-288	36.0	36.0	4.884311101148273	0.9587742757275927	1.0
757_OMC-288	37.25	37.0	4.767893913222929	0.9538510796815447	0.9950372208436724
758_OMC-288	38.5	38.0	4.7753043883786805	0.9518801803814089	0.995085995085995
759_OMC-288	38.25	38.0	4.7890651497086845	0.9526276680596364	0.9947780678851175
75_OMC-288	38.333333333333336	38.0	4.820226462326354	0.9512784155287506	0.9949109414758269
760_OMC-288	38.25	38.0	4.819170199784328	0.9528049137972172	0.9947780678851175
761_OMC-288	39.333333333333336	39.0	4.933251627881991	0.9606295092261301	0.9948849104859335
762_OMC-288	38.0	38.0	4.919307267146409	0.9589612610946745	1.0
763_OMC-288	38.333333333333336	38.0	4.796364821180562	0.9534644915867349	0.9951690821256038
764_OMC-288	37.0	37.0	4.901601670669596	0.9597743967390969	1.0
765_OMC-288	38.5	38.0	4.849439097348688	0.9560995934446099	0.9949748743718593
766_OMC-288	41.0	38.0	4.837169019297587	0.9556902214497658	0.9922879177377892
767_OMC-288	43.0	38.0	4.803037373569398	0.955992273452591	0.9867724867724867
768_OMC-288	38.0	38.0	4.778337827239782	0.9487807366595246	0.9974747474747475
769_OMC-288	38.25	38.0	4.752307450816296	0.9500630971696412	0.9948320413436692
76_OMC-288	37.5	37.0	4.829028558405135	0.954454049556213	0.9951923076923077
770_OMC-288	38.0	38.0	4.833833611912328	0.9563112364095165	0.9975429975429976
771_OMC-288	36.25	36.0	4.777931805403184	0.9539279311128507	0.9949748743718593
772_OMC-288	35.333333333333336	35.0	4.761062462495951	0.9546339190263424	0.9947643979057592
773_OMC-288	38.333333333333336	38.0	4.864139456636149	0.9562919132149902	0.9948717948717949
774_OMC-288	38.5	38.0	4.847302212176483	0.9554447555950185	0.9944903581267217
775_OMC-288	39.0	39.0	4.976727069948677	0.9623370163584438	0.9976359338061466
776_OMC-288	37.0	37.0	4.718937085886185	0.9492256950707311	0.9974619289340102
777_OMC-288	41.0	39.0	4.766227763867751	0.9521989168888219	0.9905437352245863
778_OMC-288	38.25	38.0	4.846245854139874	0.9560256651185267	0.9948186528497409
779_OMC-288	37.0	36.0	4.843605910884927	0.9582701495472974	0.9949622166246851
77_OMC-288	37.0	37.0	4.826829322555527	0.9542060792857902	0.9974226804123711
780_OMC-288	37.0	37.0	4.911894200322841	0.961225726623065	0.9974874371859297
781_OMC-288	39.5	39.0	4.880074853522314	0.9573816292520341	0.995049504950495
782_OMC-288	40.0	37.0	4.748342219116356	0.952376454714117	0.9896103896103896
783_OMC-288	38.2	38.0	4.752928642096241	0.951797385620915	0.9950980392156863
784_OMC-288	37.5	37.0	4.7313349543750975	0.9495207090910117	0.995249406175772
785_OMC-288	38.6	38.0	4.691166269951315	0.9475212747169367	0.9923273657289002
786_OMC-288	38.0	38.0	4.822418320016106	0.9506281348920507	0.9974293059125964
787_OMC-288	40.0	39.0	4.92700105867611	0.9568065031209174	0.9951807228915662
788_OMC-288	40.5	39.0	4.826715744334994	0.95495	0.9925
789_OMC-288	38.0	38.0	4.812424022666216	0.9523378941106484	0.9975609756097561
78_OMC-288	36.0	36.0	4.828239622617905	0.9571126302083334	1.0
790_OMC-288	42.0	37.0	4.77774982014521	0.954817241955522	0.9865229110512129
791_OMC-288	40.0	39.0	4.905913709314654	0.9566251531853498	0.995085995085995
792_OMC-288	37.5	37.0	4.741455583363552	0.9496223943398391	0.995085995085995
793_OMC-288	36.0	36.0	4.733438395982529	0.9510039210383991	0.997093023255814
794_OMC-288	38.333333333333336	38.0	4.833483597683123	0.9554505608445659	0.9951456310679612
795_OMC-288	36.5	35.0	4.724088814588146	0.9526890203813281	0.9923076923076923
796_OMC-288	44.0	38.0	4.829884734397539	0.9562463667820069	0.9905882352941177
797_OMC-288	39.0	38.0	4.899412978183133	0.9584922119203547	0.9948586118251928
798_OMC-288	40.5	39.0	4.77306223031196	0.9487187003500049	0.9903147699757869
799_OMC-288	37.25	37.0	4.718423494546802	0.9476403306420608	0.9950980392156863
79_OMC-288	38.0	38.0	4.786367550457664	0.9484029484029484	1.0
7_OMC-288	40.0	39.0	4.850155325763132	0.9573828824582902	0.9927184466019418
800_OMC-288	38.333333333333336	38.0	4.920032893355436	0.9597268463707066	0.9948849104859335
801_OMC-288	42.333333333333336	39.0	4.790497793323164	0.9521955709230664	0.9875311720698254
802_OMC-288	39.0	38.0	4.832119937672736	0.9556464296948726	0.9919786096256684
803_OMC-288	36.0	36.0	4.71778932871392	0.9496477361682786	0.9974874371859297
804_OMC-288	39.6	39.0	4.819158799622195	0.9558495037196745	0.9923664122137404
805_OMC-288	38.25	38.0	4.846909857296717	0.955253019575177	0.9948979591836735
806_OMC-288	37.0	37.0	4.852131052973052	0.9576223912955966	0.9976019184652278
807_OMC-288	38.333333333333336	38.0	4.760989636341395	0.9487260422716598	0.9949748743718593
808_OMC-288	38.333333333333336	38.0	4.908246140189353	0.9589155393378427	0.9952830188679245
809_OMC-288	38.0	38.0	4.8724069542392305	0.9571678791972789	0.9975550122249389
80_OMC-288	38.0	38.0	4.880317962455383	0.9582890985450928	0.9974160206718347
810_OMC-288	39.333333333333336	39.0	4.912878071766188	0.9589977709190672	0.9953703703703703
811_OMC-288	40.0	39.0	4.743028056946003	0.9468977349489781	0.9926650366748166
812_OMC-288	36.25	36.0	4.716309212714338	0.9473490940871468	0.994579945799458
813_OMC-288	39.5	39.0	4.947367896407994	0.9615977035636771	0.9951690821256038
814_OMC-288	39.0	39.0	4.893195368533822	0.9555558538484255	0.9974093264248705
815_OMC-288	39.0	39.0	4.840231912889647	0.9526549366346488	0.9973890339425587
816_OMC-288	38.333333333333336	38.0	4.794861869737805	0.9526649835003042	0.9953596287703016
817_OMC-288	37.0	37.0	4.78098116420528	0.9509196568076533	0.9973821989528796
818_OMC-288	39.0	39.0	4.838653876832338	0.9534826261764111	0.9976303317535545
819_OMC-288	38.2	38.0	4.754927402926919	0.9518396814571407	0.994750656167979
81_OMC-288	38.25	38.0	4.8531770440746325	0.9570648483476686	0.9946808510638298
820_OMC-288	41.0	38.0	4.786938427486713	0.9528972303206997	0.9923469387755102
821_OMC-288	38.0	38.0	4.828024663813764	0.953731773754206	0.9974683544303797
822_OMC-288	39.42857142857143	39.0	4.808335341103075	0.9552614996849401	0.9927536231884058
823_OMC-288	37.0	37.0	4.856505758353728	0.957102131039536	1.0
824_OMC-288	39.0	38.0	4.81497996521178	0.9521459077224672	0.9927536231884058
825_OMC-288	38.0	38.0	4.817987895689149	0.9541425605536332	0.9976470588235294
826_OMC-288	39.25	39.0	4.77662221513925	0.9481252527935574	0.995085995085995
827_OMC-288	38.0	38.0	4.823280881636741	0.95495	0.9975
828_OMC-288	38.0	38.0	4.8033409525020225	0.9502402749067089	0.9974093264248705
829_OMC-288	38.0	38.0	4.82213122658415	0.9536142222222223	0.9973333333333333
82_OMC-288	37.0	37.0	4.82015605440342	0.956812922748309	0.9976415094339622
830_OMC-288	40.5	39.0	4.909141860976204	0.9587010285131682	0.9921259842519685
831_OMC-288	39.0	39.0	4.928015833230401	0.9600650312411736	1.0
832_OMC-288	39.333333333333336	39.0	4.875987382583086	0.9563661371845976	0.9948320413436692
833_OMC-288	36.0	36.0	4.78769008880663	0.9534810356960858	0.9975369458128078
834_OMC-288	38.75	38.0	4.831650253859001	0.9542393633302724	0.9924242424242424
835_OMC-288	38.333333333333336	38.0	4.798616889916529	0.953214486770501	0.9945205479452055
836_OMC-288	37.5	37.0	4.7909100662432245	0.9518001658611913	0.9946524064171123
837_OMC-288	38.0	38.0	4.770778566484724	0.9527411890352439	0.9976415094339622
838_OMC-288	38.333333333333336	38.0	4.827831607970645	0.9543956254901853	0.9953161592505855
839_OMC-288	38.25	38.0	4.844075482994105	0.9555775692947186	0.9949109414758269
83_OMC-288	36.0	36.0	4.6770843894957705	0.9473159424793945	1.0
840_OMC-288	39.0	39.0	4.806840398934827	0.9458436815193572	0.9972972972972973
841_OMC-288	36.0	36.0	4.750486700257698	0.9515895240914024	0.9972451790633609
842_OMC-288	37.333333333333336	37.0	4.791460761673786	0.9539416427728116	0.9948051948051948
843_OMC-288	39.6	39.0	4.840234835707408	0.955595003287311	0.9923076923076923
844_OMC-288	38.0	38.0	4.8317787172528535	0.9559904818560381	0.9975609756097561
845_OMC-288	37.0	37.0	4.7699444725365145	0.9501757680420726	0.9976359338061466
846_OMC-288	38.2	38.0	4.85550289257773	0.9580173795542266	0.9946380697050938
847_OMC-288	39.333333333333336	39.0	4.849069595542759	0.9567154641230236	0.9951573849878934
848_OMC-288	38.25	38.0	4.908213227182768	0.958714540765721	0.9943661971830986
849_OMC-288	38.0	38.0	4.9184255237720285	0.9595321905927967	0.9974747474747475
84_OMC-288	40.5	39.0	4.866514030123827	0.9553645948093397	0.9922480620155039
850_OMC-288	39.333333333333336	39.0	4.867715985358388	0.9561636708563597	0.9949622166246851
851_OMC-288	37.0	37.0	4.849606136196678	0.9593055195020797	0.9975429975429976
852_OMC-288	39.0	39.0	4.9265440914301495	0.9601862837782107	1.0
853_OMC-288	39.0	38.0	4.8209910906183415	0.951695912165474	0.995049504950495
854_OMC-288	39.0	39.0	4.853606124642795	0.9536372258968222	0.9974937343358397
855_OMC-288	39.0	38.0	4.940954561041295	0.9611461667428746	0.9950617283950617
856_OMC-288	38.5	38.0	4.858871578275554	0.957378448407255	0.9950617283950617
857_OMC-288	38.0	38.0	4.783744740841963	0.9531319374145311	0.9975669099756691
858_OMC-288	37.0	37.0	4.852745254079711	0.9559893333333334	1.0
859_OMC-288	39.75	39.0	4.846248467928636	0.9556670348767669	0.9920424403183024
85_OMC-288	36.333333333333336	36.0	4.867092676452312	0.9604803903171326	0.9945205479452055
860_OMC-288	36.0	36.0	4.83074531288902	0.9540111693317489	1.0
861_OMC-288	40.0	39.0	4.895994470868743	0.9564013332026272	0.995049504950495
862_OMC-288	40.5	39.0	4.8039587855432915	0.9531119158990661	0.9930715935334873
863_OMC-288	39.0	37.0	4.653169475519583	0.946887662828232	0.9904306220095693
864_OMC-288	40.5	39.0	4.834484893771803	0.9552728963048374	0.9926289926289926
865_OMC-288	38.0	38.0	4.874830997049714	0.9569110175642328	0.9975903614457832
866_OMC-288	38.25	38.0	4.906124847390309	0.9611965811965812	0.9948717948717949
867_OMC-288	39.0	39.0	4.888324351580502	0.955613687409169	0.9977011494252873
868_OMC-288	36.25	36.0	4.768082248450501	0.9519855926253777	0.994475138121547
869_OMC-288	38.0	38.0	4.923346894394359	0.9583082184393024	1.0
86_OMC-288	39.0	39.0	4.869695659277085	0.9558426476992307	0.9975903614457832
870_OMC-288	41.0	38.0	4.83328171861769	0.9560168384380897	0.9903614457831326
871_OMC-288	36.0	36.0	4.669990746911566	0.9448761931433639	1.0
872_OMC-288	39.0	38.0	4.788572919297631	0.9509333625722979	0.9921465968586387
873_OMC-288	39.0	39.0	4.882688681879842	0.957117068781472	0.9976359338061466
874_OMC-288	37.0	37.0	4.784169621257257	0.9516223899617684	0.9975247524752475
875_OMC-288	41.0	39.0	4.829608672738228	0.9540777552355588	0.9897172236503856
876_OMC-288	40.0	37.0	4.69873633231926	0.9428433405599019	0.9927184466019418
877_OMC-288	38.333333333333336	38.0	4.848421005252892	0.9561999999999999	0.995
878_OMC-288	41.0	39.0	4.901268098921199	0.9587892296609178	0.9900744416873449
879_OMC-288	38.333333333333336	38.0	4.782007001699406	0.9521989168888219	0.9952718676122931
87_OMC-288	36.333333333333336	36.0	4.768518410524495	0.9542138557290072	0.9949494949494949
880_OMC-288	44.0	38.0	4.838852894120442	0.9547503154858482	0.9896640826873385
881_OMC-288	36.0	36.0	4.781760580249035	0.9539148508016245	1.0
882_OMC-288	42.0	36.0	4.708804756295964	0.9489717291954511	0.9896907216494846
883_OMC-288	35.0	35.0	4.6832823556332075	0.9484482715082952	1.0
884_OMC-288	37.0	37.0	4.673552867881927	0.9446727961060033	0.9976744186046511
885_OMC-288	37.0	37.0	4.821368098592566	0.9558971886123254	1.0
886_OMC-288	39.333333333333336	39.0	4.858696677061366	0.9562162162162162	0.9945945945945946
887_OMC-288	38.6	38.0	4.78978008216947	0.9542806518295793	0.9922279792746114
888_OMC-288	38.5	38.0	4.910201811577864	0.9604636649408284	0.9951923076923077
889_OMC-288	38.0	37.0	4.771789951936138	0.9523865784499055	0.9918478260869565
88_OMC-288	39.25	39.0	4.89080782125665	0.958089725410977	0.9949109414758269
890_OMC-288	38.0	38.0	4.855912657042737	0.95747031373567	0.9975429975429976
891_OMC-288	39.333333333333336	39.0	4.81837670390461	0.9543846120359948	0.9950124688279302
892_OMC-288	37.0	37.0	4.789398832213827	0.9512999561957278	0.9974619289340102
893_OMC-288	37.333333333333336	37.0	4.748789946852763	0.9491555840410191	0.9949367088607595
894_OMC-288	38.25	38.0	4.7877460754059795	0.952321870686138	0.9952718676122931
895_OMC-288	38.2	38.0	4.7806819159164755	0.9517980278969475	0.995260663507109
896_OMC-288	39.0	39.0	4.859178334724309	0.9539306249410877	0.9975728155339806
897_OMC-288	37.5	37.0	4.84272740018753	0.957685813148789	0.9952941176470588
898_OMC-288	40.0	39.0	4.8406480850355935	0.9543783579979263	0.9927184466019418
899_OMC-288	39.5	39.0	4.879673623316293	0.957547971788543	0.9951573849878934
89_OMC-288	39.25	39.0	4.796588073585619	0.9502311731519467	0.9951338199513382
8_OMC-288	39.0	39.0	4.858555406645489	0.9561059831330101	0.9975429975429976
900_OMC-288	38.333333333333336	38.0	4.876762906649209	0.9587384156965734	0.9949748743718593
901_OMC-288	38.333333333333336	38.0	4.83864141261805	0.9550404523949497	0.9947089947089947
902_OMC-288	38.0	38.0	4.777451728318626	0.9512677277828793	0.9974747474747475
903_OMC-288	37.0	37.0	4.846851194169954	0.9540035401915868	0.9974489795918368
904_OMC-288	41.0	38.0	4.82630194791897	0.9553245331143294	0.9896640826873385
905_OMC-288	37.0	37.0	4.82629674541327	0.9544518480487021	0.997624703087886
906_OMC-288	43.0	37.0	4.727558153036026	0.9490359149526002	0.9900497512437811
907_OMC-288	36.0	36.0	4.7684386967723125	0.9543046854229015	0.9973890339425587
908_OMC-288	39.2	38.0	4.732990291546851	0.9501658397521998	0.9895287958115183
909_OMC-288	39.0	38.0	4.784411281542449	0.9487931456911849	0.9945504087193461
90_OMC-288	37.333333333333336	37.0	4.758382801154384	0.9516273638998353	0.995433789954338
910_OMC-288	45.0	39.0	4.85680183423729	0.9560551139837541	0.9906542056074766
911_OMC-288	37.0	37.0	4.801643712561392	0.9549593926444963	0.9975186104218362
912_OMC-288	37.75	37.0	4.704603936449704	0.9493583468038764	0.9917355371900827
913_OMC-288	40.0	39.0	4.791422369430259	0.9509356609138399	0.9953051643192489
914_OMC-288	37.6	37.0	4.714055471806898	0.9500151796255693	0.9922077922077922
915_OMC-288	38.0	38.0	4.8441609418098315	0.9548432484720574	1.0
916_OMC-288	38.25	38.0	4.808618815233446	0.9530351588274106	0.9951456310679612
917_OMC-288	38.0	38.0	4.829713446161679	0.9545284224911283	0.9976525821596244
918_OMC-288	40.0	37.0	4.764590624628435	0.951596415612054	0.9926650366748166
919_OMC-288	38.5	38.0	4.812055532222478	0.9522473286932653	0.995049504950495
91_OMC-288	38.2	38.0	4.795070533078334	0.9511583116319444	0.9947916666666666
920_OMC-288	39.2	39.0	4.824064423836966	0.9526438399378776	0.9950738916256158
921_OMC-288	39.75	39.0	4.870299674718778	0.9586376664201184	0.9927884615384616
922_OMC-288	39.5	39.0	4.796240987004666	0.9497193345329117	0.9951100244498777
923_OMC-288	34.5	34.0	4.683888543218008	0.9516167280884473	0.9949367088607595
924_OMC-288	38.0	38.0	4.829622250311502	0.9546715439719555	1.0
925_OMC-288	38.0	38.0	4.8323812283447545	0.9563642851950489	0.9974293059125964
926_OMC-288	39.333333333333336	39.0	4.800785507989046	0.9532582899432691	0.9951100244498777
927_OMC-288	38.333333333333336	38.0	4.884935576757756	0.9586222965379239	0.9947643979057592
928_OMC-288	38.2	38.0	4.833688595810659	0.9532171349288935	0.9946236559139785
929_OMC-288	35.0	35.0	4.7783181692093	0.9538867371974359	0.9976359338061466
92_OMC-288	39.0	39.0	4.911434516695175	0.959225	1.0
930_OMC-288	38.0	37.0	4.805151886016712	0.9527550813070704	0.9950372208436724
931_OMC-288	38.0	38.0	4.812664597887285	0.9529572749495164	0.9974226804123711
932_OMC-288	37.0	37.0	4.93241979521404	0.961339166259636	1.0
933_OMC-288	38.0	38.0	4.819858656091477	0.9527057026657432	0.9975669099756691
934_OMC-288	40.0	38.0	4.821152624584024	0.955322265625	0.9895833333333334
935_OMC-288	37.0	37.0	4.874032559265188	0.9555311926551718	1.0
936_OMC-288	39.0	38.0	4.8488438710983175	0.9546000793270227	0.9951338199513382
937_OMC-288	37.25	37.0	4.830837720462414	0.9565785467128027	0.9952941176470588
938_OMC-288	39.2	39.0	4.8314587487708875	0.9543885754438176	0.994750656167979
939_OMC-288	40.0	39.0	4.8025253045035745	0.9505128068870231	0.9922680412371134
93_OMC-288	39.0	39.0	4.8035100172717495	0.9528601185707419	0.9974683544303797
940_OMC-288	37.166666666666664	37.0	4.758612099453738	0.952727325000539	0.9946380697050938
941_OMC-288	41.0	38.0	4.774359975069599	0.9536394557823129	0.9904761904761905
942_OMC-288	37.0	37.0	4.858735895415663	0.9578019914403004	0.9976635514018691
943_OMC-288	37.0	37.0	4.795883450823854	0.9524924614569502	1.0
944_OMC-288	39.25	39.0	4.798681571318732	0.9506462585034013	0.9952380952380953
945_OMC-288	39.5	39.0	4.752421806169328	0.9493431840919719	0.9927007299270073
946_OMC-288	41.0	38.0	4.771940141597209	0.9527960262778401	0.9924050632911392
947_OMC-288	38.75	38.0	4.773695857441322	0.9534017611085539	0.9926650366748166
948_OMC-288	38.0	38.0	4.857761502159862	0.956903537038084	0.9974937343358397
949_OMC-288	38.5	38.0	4.869222104852457	0.9580020340236687	0.9951923076923077
94_OMC-288	35.0	35.0	4.718777106219385	0.9507366722199084	0.9974489795918368
950_OMC-288	38.5	37.0	4.781219551684172	0.9548005305581063	0.9924242424242424
951_OMC-288	36.0	36.0	4.881743670931679	0.9587924701561066	0.9974747474747475
952_OMC-288	38.0	38.0	4.752242218077105	0.9484737546713703	0.9974811083123426
953_OMC-288	37.0	37.0	4.729821317770093	0.947431678685617	0.9975845410628019
954_OMC-288	40.0	37.0	4.716059579270494	0.9480357584061454	0.9928909952606635
955_OMC-288	37.25	37.0	4.7573122780321055	0.9509476449615313	0.9945205479452055
956_OMC-288	40.0	38.0	4.77300034412278	0.9533025292131267	0.9900249376558603
957_OMC-288	38.75	38.0	4.779209656441319	0.9527947377298027	0.9922077922077922
958_OMC-288	37.0	37.0	4.827599866662757	0.9578510802469136	1.0
959_OMC-288	39.5	39.0	4.783160162177609	0.9508103790357907	0.9923857868020305
95_OMC-288	39.333333333333336	39.0	4.907809096352938	0.9593674894993374	0.995260663507109
960_OMC-288	39.333333333333336	39.0	4.854164222434672	0.9548306857368987	0.9949874686716792
961_OMC-288	37.0	37.0	4.883442761608688	0.9586625078736273	1.0
962_OMC-288	37.5	37.0	4.811410059497821	0.9561771137026239	0.9948979591836735
963_OMC-288	38.5	38.0	4.806513639030455	0.9537263929110665	0.9950248756218906
964_OMC-288	38.6	38.0	4.763814160488195	0.9528833004777382	0.9927007299270073
965_OMC-288	38.25	38.0	4.850304778246357	0.9563595577631789	0.9949367088607595
966_OMC-288	38.0	38.0	4.851469669743054	0.9563224620605146	0.9975728155339806
967_OMC-288	37.5	37.0	4.7354852367346805	0.9490378464978091	0.9951100244498777
968_OMC-288	40.0	39.0	4.857326242848556	0.9555288835268437	0.9925187032418953
969_OMC-288	37.333333333333336	37.0	4.868842949070218	0.9584858732686585	0.9949622166246851
96_OMC-288	37.5	36.0	4.710755885100367	0.9491299471238583	0.9924050632911392
970_OMC-288	37.25	37.0	4.794832347809807	0.9553185595567867	0.9947368421052631
971_OMC-288	36.0	36.0	4.744380298755861	0.9488759859367399	0.9975186104218362
972_OMC-288	37.333333333333336	37.0	4.758032402234017	0.9504096433256602	0.9950248756218906
973_OMC-288	40.0	39.0	4.853327030967415	0.9542330438488997	0.9927007299270073
974_OMC-288	36.0	36.0	4.747460253103855	0.9509378829295881	0.9975728155339806
975_OMC-288	38.0	37.0	4.624685092924937	0.9416125746043768	0.9930715935334873
976_OMC-288	38.0	38.0	4.849493181914452	0.955	0.9975
977_OMC-288	37.25	37.0	4.685744778023722	0.9466670439112721	0.9946808510638298
978_OMC-288	38.6	38.0	4.727527615098464	0.9493628808864266	0.9921052631578947
979_OMC-288	37.5	37.0	4.851735464573368	0.959210492411554	0.9949238578680203
97_OMC-288	39.333333333333336	39.0	4.9266030861277645	0.9607055402509947	0.9949494949494949
980_OMC-288	41.0	39.0	4.814576298202906	0.9543822222222222	0.9893333333333333
981_OMC-288	38.6	38.0	4.764072728031102	0.9515389060226537	0.9920844327176781
982_OMC-288	39.25	39.0	4.893624697417243	0.9587221501545304	0.9951100244498777
983_OMC-288	37.0	37.0	4.7556068413306845	0.9476920559823845	0.9973890339425587
984_OMC-288	38.25	38.0	4.8841569668991545	0.9587771203155818	0.9948717948717949
985_OMC-288	39.0	39.0	4.879695842803749	0.9548712717119923	0.9974093264248705
986_OMC-288	38.0	38.0	4.848084196770811	0.9546981136839978	0.9974874371859297
987_OMC-288	39.0	39.0	4.794171030978619	0.9536172612368351	0.9976133651551312
988_OMC-288	38.0	38.0	4.851482651839879	0.9561	1.0
989_OMC-288	38.0	38.0	4.876137318847355	0.9581290849673203	0.9975490196078431
98_OMC-288	36.0	36.0	4.7907804155577	0.9544889582610706	1.0
990_OMC-288	37.0	37.0	4.768536333910255	0.9504017765161054	0.9976076555023924
991_OMC-288	38.5	38.0	4.825715018581904	0.955873640974718	0.995249406175772
992_OMC-288	39.5	39.0	4.8631938329257345	0.958152274408284	0.9927884615384616
993_OMC-288	38.0	38.0	4.818588290995012	0.9527363184079602	0.9975124378109452
994_OMC-288	45.5	38.0	4.748778266657356	0.9507917923090509	0.9846547314578005
995_OMC-288	40.0	39.0	4.76119968595539	0.9487827989828822	0.9921671018276762
996_OMC-288	41.0	38.0	4.844481698705697	0.9573748137673291	0.992462311557789
997_OMC-288	38.333333333333336	38.0	4.775703779494383	0.9498125780924614	0.9948979591836735
998_OMC-288	38.25	38.0	4.698172961062495	0.9452926287771842	0.9950124688279302
999_OMC-288	38.166666666666664	38.0	4.713360243499357	0.950009884858442	0.9947780678851175
99_OMC-288	41.0	38.0	4.8596196073462785	0.9562709817654873	0.9934065934065934
9_OMC-288	39.5	39.0	4.912386995119306	0.9596091077373905	0.9948849104859335
