	chao1	observed_otus	shannon	simpson	goods_coverage
1000_H-10	2.0	2.0	0.39481484603049405	0.14370045538876708	1.0
100_H-10	2.0	2.0	0.3327795598700386	0.11517181677895283	1.0
101_H-10	2.0	2.0	0.3306551621049746	0.11422571219868516	1.0
102_H-10	2.0	2.0	0.3760198509692728	0.13487603305785134	1.0
103_H-10	2.0	2.0	0.3712323266408757	0.13265306122448983	1.0
104_H-10	2.0	2.0	0.3419384836698487	0.11927461560306707	1.0
105_H-10	2.0	2.0	0.3186630826162664	0.10892445454241706	1.0
106_H-10	2.0	2.0	0.10928571467638523	0.02856542743121193	1.0
107_H-10	2.0	2.0	0.4178642624458584	0.15473120412616548	1.0
108_H-10	2.0	2.0	0.2725736310282041	0.08918983618891274	1.0
109_H-10	2.0	2.0	0.1777593529860349	0.052046097972489935	1.0
10_H-10	2.0	2.0	0.2824748854120174	0.09334186457902072	1.0
110_H-10	2.0	2.0	0.2307099556914764	0.07218749999999985	1.0
111_H-10	2.0	2.0	0.35506053349946926	0.12521958470339167	1.0
112_H-10	2.0	2.0	0.24476508202089722	0.07779401022644272	1.0
113_H-10	2.0	2.0	0.4555658754795198	0.1732582738714188	1.0
114_H-10	2.0	2.0	0.36205125173399794	0.1284185493460166	1.0
115_H-10	2.0	2.0	0.22853814395352803	0.07133058984910856	1.0
116_H-10	2.0	2.0	0.3519554189045147	0.12380574463538974	1.0
117_H-10	2.0	2.0	0.26806843059535923	0.08731684394890848	1.0
118_H-10	2.0	2.0	0.27866980356389914	0.09174045579910017	1.0
119_H-10	2.0	2.0	0.4377885027584024	0.16444827476140333	1.0
11_H-10	2.0	2.0	0.42200051688315315	0.15673469387755112	1.0
120_H-10	2.0	2.0	0.46713909051004654	0.17906364351424386	1.0
121_H-10	2.0	2.0	0.2974722489192897	0.09972299168975085	1.0
122_H-10	2.0	2.0	0.2580186686648155	0.08317580340264641	1.0
123_H-10	2.0	2.0	0.2761954276479391	0.09070294784580502	1.0
124_H-10	2.0	2.0	0.3243029991522007	0.11140927977839343	1.0
125_H-10	2.0	2.0	0.41567403556134047	0.15367325702393342	1.0
126_H-10	2.0	2.0	0.3912435636292556	0.14201183431952646	1.0
127_H-10	2.0	2.0	0.3580422038531606	0.12658131382411208	1.0
128_H-10	2.0	2.0	0.42622865699814483	0.15879017013232533	1.0
129_H-10	2.0	2.0	0.45006665809643814	0.1705190311418685	1.0
12_H-10	2.0	2.0	0.3795243778626806	0.13650969529085866	1.0
130_H-10	2.0	2.0	0.4225988385398595	0.15702510444502993	1.0
131_H-10	2.0	2.0	0.38774318105598654	0.1403621214548949	1.0
132_H-10	2.0	2.0	0.4983728558306004	0.1950023975704619	1.0
133_H-10	2.0	2.0	0.3962077670830096	0.1443605748294381	1.0
134_H-10	2.0	2.0	0.2532989253586311	0.08124885215794309	1.0
135_H-10	2.0	2.0	0.3894846465934144	0.14118219806077326	1.0
136_H-10	2.0	2.0	0.3951431006348975	0.14385594286001702	1.0
137_H-10	2.0	2.0	0.40985537031840497	0.15087258397447934	1.0
138_H-10	2.0	2.0	0.1831220683013728	0.054012345679012475	1.0
139_H-10	2.0	2.0	0.32122717014200325	0.11005228537696055	1.0
13_H-10	2.0	2.0	0.22432696034508795	0.06967629554362031	1.0
140_H-10	2.0	2.0	0.1773894531859974	0.05191111111111102	1.0
141_H-10	2.0	2.0	0.43949698692151334	0.16528925619834722	1.0
142_H-10	2.0	2.0	0.3564660079216588	0.12586096578719563	1.0
143_H-10	2.0	2.0	0.34511731494495296	0.12070759625390237	1.0
144_H-10	2.0	2.0	0.4714480944105985	0.181239108226669	1.0
145_H-10	2.0	2.0	0.0574590202894357	0.013157317661506074	0.9933774834437086
146_H-10	2.0	2.0	0.1502372316284741	0.04223383882821796	1.0
147_H-10	2.0	2.0	0.364504909595104	0.12954654702771995	1.0
148_H-10	2.0	2.0	0.3265813517843845	0.11241729678638945	1.0
149_H-10	2.0	2.0	0.32840071392894665	0.11322398025838298	1.0
14_H-10	2.0	2.0	0.2538784402981616	0.08148483476686263	1.0
150_H-10	2.0	2.0	0.3306551621049746	0.11422571219868516	1.0
151_H-10	2.0	2.0	0.39288290400887316	0.14278628117913827	1.0
152_H-10	2.0	2.0	0.2608629096472069	0.0843425605536332	1.0
153_H-10	2.0	2.0	0.4011570435529855	0.14671287544633493	1.0
154_H-10	2.0	2.0	0.35001059292688497	0.12292243767313016	1.0
155_H-10	2.0	2.0	0.2087072820923857	0.06362534626038796	1.0
156_H-10	2.0	2.0	0.3591016256485496	0.1270661157024795	1.0
157_H-10	2.0	2.0	0.39453756431327963	0.14356914912689578	1.0
158_H-10	2.0	2.0	0.3638469981769295	0.12924382716049387	1.0
159_H-10	2.0	2.0	0.0839009841730119	0.020723116142649545	1.0
15_H-10	2.0	2.0	0.3744088453489206	0.13412686892146897	1.0
160_H-10	2.0	2.0	0.25214862204201066	0.08078095514588468	1.0
161_H-10	2.0	2.0	0.40835401231380997	0.1501522882797357	1.0
162_H-10	2.0	2.0	0.4413357333803406	0.16619571683521706	1.0
163_H-10	2.0	2.0	0.2761954276479391	0.09070294784580502	1.0
164_H-10	2.0	2.0	0.2998025130558692	0.10072430964237222	1.0
165_H-10	2.0	2.0	0.24988229283318544	0.07986111111111094	1.0
166_H-10	2.0	2.0	0.21174617734537202	0.06479198526887409	1.0
167_H-10	2.0	2.0	0.21084230031853216	0.06444444444444453	1.0
168_H-10	2.0	2.0	0.3576467062456333	0.12640045963803503	1.0
169_H-10	2.0	2.0	0.3951431006348975	0.14385594286001702	1.0
16_H-10	2.0	2.0	0.4413357333803406	0.16619571683521706	1.0
170_H-10	2.0	2.0	0.18116640155354566	0.05329330080690564	1.0
171_H-10	2.0	2.0	0.3567800143839433	0.12600438276113946	1.0
172_H-10	2.0	2.0	0.41944445244343936	0.15549574949805645	1.0
173_H-10	2.0	2.0	0.34037328575964604	0.11857074186829042	1.0
174_H-10	2.0	2.0	0.3274449191544763	0.11280000000000001	1.0
175_H-10	2.0	2.0	0.33577155769871303	0.11650785077736203	1.0
176_H-10	2.0	2.0	0.22228483068568797	0.06887755102040805	1.0
177_H-10	2.0	2.0	0.3186630826162664	0.10892445454241706	1.0
178_H-10	2.0	2.0	0.32122717014200325	0.11005228537696055	1.0
179_H-10	2.0	2.0	0.2351933818192415	0.07396449704142016	1.0
17_H-10	2.0	2.0	0.20976880508057996	0.0640322792859962	1.0
180_H-10	2.0	2.0	0.2960360907177139	0.09910718099876115	1.0
181_H-10	2.0	2.0	0.3696663736511825	0.13192815377612832	1.0
182_H-10	2.0	2.0	0.5321362270416111	0.21266909469302808	1.0
183_H-10	2.0	2.0	0.3744088453489206	0.13412686892146897	1.0
184_H-10	2.0	2.0	0.2713895875081111	0.08869659275283936	1.0
185_H-10	2.0	2.0	0.34422774398506073	0.12030612244897965	1.0
186_H-10	2.0	2.0	0.46899559358928117	0.17999999999999994	1.0
187_H-10	2.0	2.0	0.4864692476242521	0.1888816017900543	1.0
188_H-10	2.0	2.0	0.20559250818508307	0.06243496357960443	1.0
189_H-10	2.0	2.0	0.21929730813217538	0.06771314250538629	1.0
18_H-10	2.0	2.0	0.3173238998358585	0.10833663627956147	1.0
190_H-10	2.0	2.0	0.3173238998358585	0.10833663627956147	1.0
191_H-10	2.0	2.0	0.2656359188305164	0.08630980880334516	1.0
192_H-10	2.0	2.0	0.44606369672751084	0.1685329511182776	1.0
193_H-10	2.0	2.0	0.41197796835960676	0.15189257170676296	1.0
194_H-10	2.0	2.0	0.126238940668096	0.034080657556216476	1.0
195_H-10	2.0	2.0	0.31526533955784414	0.10743470597660632	1.0
196_H-10	2.0	2.0	0.31095223801271754	0.10555148335326558	1.0
197_H-10	2.0	2.0	0.31112933956257	0.10562863709716863	1.0
198_H-10	2.0	2.0	0.24988229283318544	0.07986111111111094	1.0
199_H-10	2.0	2.0	0.2932093427520081	0.09789802289282012	1.0
19_H-10	2.0	2.0	0.1646396846915532	0.04730945821854915	1.0
1_H-10	2.0	2.0	0.36124148642566023	0.1280468749999999	1.0
200_H-10	2.0	2.0	0.39288290400887316	0.14278628117913827	1.0
201_H-10	2.0	2.0	0.4912373418243331	0.19132653061224492	1.0
202_H-10	2.0	2.0	0.2351933818192415	0.07396449704142016	1.0
203_H-10	2.0	2.0	0.3681150054280774	0.13121107266435983	1.0
204_H-10	2.0	2.0	0.29181825659888583	0.09730440499671267	1.0
205_H-10	2.0	2.0	0.2960360907177139	0.09910718099876115	1.0
206_H-10	2.0	2.0	0.3586525607695027	0.12686055755050574	1.0
207_H-10	2.0	2.0	0.35031211314757904	0.12305927068019651	1.0
208_H-10	2.0	2.0	0.23405456645586997	0.07351211002474733	1.0
209_H-10	2.0	2.0	0.28998604703320907	0.09652398735995393	1.0
20_H-10	2.0	2.0	0.3327795598700386	0.11517181677895283	1.0
210_H-10	2.0	2.0	0.43326099547253494	0.1622255582660912	1.0
211_H-10	2.0	2.0	0.3880099736705969	0.14048767142026608	1.0
212_H-10	2.0	2.0	0.2725736310282041	0.08918983618891274	1.0
213_H-10	2.0	2.0	0.3995957120941744	0.14596966091612118	1.0
214_H-10	2.0	2.0	0.23228937853565243	0.07281227173119054	1.0
215_H-10	2.0	2.0	0.36124148642566023	0.1280468749999999	1.0
216_H-10	2.0	2.0	0.3731310230942023	0.1335334610009833	1.0
217_H-10	2.0	2.0	0.3894846465934144	0.14118219806077326	1.0
218_H-10	2.0	2.0	0.4593154897072578	0.17513314967860416	1.0
219_H-10	2.0	2.0	0.32122717014200325	0.11005228537696055	1.0
21_H-10	2.0	2.0	0.3514901924779433	0.12359429065743943	1.0
220_H-10	2.0	2.0	0.4225988385398595	0.15702510444502993	1.0
221_H-10	2.0	2.0	0.41944445244343936	0.15549574949805645	1.0
222_H-10	2.0	2.0	0.3269693312473513	0.11258919287174152	1.0
223_H-10	2.0	2.0	0.1949957093536107	0.05842647699230663	1.0
224_H-10	2.0	2.0	0.22641094842107642	0.07049375371802502	1.0
225_H-10	2.0	2.0	0.35031211314757904	0.12305927068019651	1.0
226_H-10	2.0	2.0	0.3533593350214213	0.12444444444444436	1.0
227_H-10	2.0	2.0	0.38483509747596073	0.13899562297437273	1.0
228_H-10	2.0	2.0	0.25214862204201066	0.08078095514588468	1.0
229_H-10	2.0	2.0	0.3255517134879515	0.11196145124716561	1.0
22_H-10	2.0	2.0	0.31112933956257	0.10562863709716863	1.0
230_H-10	2.0	2.0	0.16622269478192106	0.0478753434453687	1.0
231_H-10	2.0	2.0	0.36056974527050306	0.12773877551020418	1.0
232_H-10	2.0	2.0	0.4138168503036338	0.1527777777777779	1.0
233_H-10	2.0	2.0	0.3120895659343453	0.10604721626057323	1.0
234_H-10	2.0	2.0	0.3424637724817959	0.11951109099139878	1.0
235_H-10	2.0	2.0	0.31526533955784414	0.10743470597660632	1.0
236_H-10	2.0	2.0	0.2734264035221074	0.08954551596774918	1.0
237_H-10	2.0	2.0	0.16542703399626682	0.04759071980963725	1.0
238_H-10	2.0	2.0	0.3782416444053623	0.1359111111111111	1.0
239_H-10	2.0	2.0	0.32904135680259033	0.11350840052249911	1.0
23_H-10	2.0	2.0	0.42992832030968897	0.1605949131759028	1.0
240_H-10	2.0	2.0	0.3227569588973983	0.11072664359861584	1.0
241_H-10	2.0	2.0	0.2837689703721876	0.09388812680993741	1.0
242_H-10	2.0	2.0	0.4765877575510341	0.1838438089708232	1.0
243_H-10	2.0	2.0	0.3549051281730471	0.1251487209994051	1.0
244_H-10	2.0	2.0	0.3159971329784247	0.10775510204081629	1.0
245_H-10	2.0	2.0	0.2737691686829418	0.089688581314879	1.0
246_H-10	2.0	2.0	0.33882389555016856	0.1178750840552194	1.0
247_H-10	2.0	2.0	0.3372900666170139	0.1171875	1.0
248_H-10	2.0	2.0	0.30814869239061365	0.10433211637622786	1.0
249_H-10	2.0	2.0	0.10865045858255667	0.028362921173852307	1.0
24_H-10	2.0	2.0	0.2538784402981616	0.08148483476686263	1.0
250_H-10	2.0	2.0	0.41944445244343936	0.15549574949805645	1.0
251_H-10	2.0	2.0	0.3478169135710633	0.12192816635160675	1.0
252_H-10	2.0	2.0	0.2837689703721876	0.09388812680993741	1.0
253_H-10	2.0	2.0	0.20976880508057996	0.0640322792859962	1.0
254_H-10	2.0	2.0	0.3533593350214213	0.12444444444444436	1.0
255_H-10	2.0	2.0	0.30814869239061365	0.10433211637622786	1.0
256_H-10	2.0	2.0	0.4358699153629579	0.16350532467998136	1.0
257_H-10	2.0	2.0	0.26045234837977527	0.08417388552668004	1.0
258_H-10	2.0	2.0	0.40131392165306323	0.14678760962023407	1.0
259_H-10	2.0	2.0	0.3661613004744754	0.13030954602620803	1.0
25_H-10	2.0	2.0	0.36205125173399794	0.1284185493460166	1.0
260_H-10	2.0	2.0	0.36783448900855753	0.13108152531229456	1.0
261_H-10	2.0	2.0	0.34037328575964604	0.11857074186829042	1.0
262_H-10	2.0	2.0	0.30676781052974456	0.10373289708506861	1.0
263_H-10	2.0	2.0	0.3771442080091291	0.1353995707612674	1.0
264_H-10	2.0	2.0	0.2485809237191105	0.07933412604042811	1.0
265_H-10	2.0	2.0	0.3133801388285322	0.10661048868460532	1.0
266_H-10	2.0	2.0	0.2307099556914764	0.07218749999999985	1.0
267_H-10	2.0	2.0	0.3227569588973983	0.11072664359861584	1.0
268_H-10	2.0	2.0	0.3095434291503252	0.1049382716049383	1.0
269_H-10	2.0	2.0	0.41567403556134047	0.15367325702393342	1.0
26_H-10	2.0	2.0	0.3580422038531606	0.12658131382411208	1.0
270_H-10	2.0	2.0	0.39481484603049405	0.14370045538876708	1.0
271_H-10	2.0	2.0	0.4138168503036338	0.1527777777777779	1.0
272_H-10	2.0	2.0	0.32904135680259033	0.11350840052249911	1.0
273_H-10	2.0	2.0	0.28339789375633423	0.09373140249950418	1.0
274_H-10	2.0	2.0	0.34836246943655175	0.12217523174847278	1.0
275_H-10	2.0	2.0	0.18717625687320819	0.05551020408163265	1.0
276_H-10	2.0	2.0	0.34422774398506073	0.12030612244897965	1.0
277_H-10	2.0	2.0	0.1773894531859974	0.05191111111111102	1.0
278_H-10	2.0	2.0	0.23181305002459018	0.07262370950516206	1.0
279_H-10	2.0	2.0	0.2035721978224435	0.061665787658728544	1.0
27_H-10	2.0	2.0	0.3048913304923675	0.10292007959646443	1.0
280_H-10	2.0	2.0	0.3962077670830096	0.1443605748294381	1.0
281_H-10	2.0	2.0	0.40406821593702047	0.1481014368722129	1.0
282_H-10	2.0	2.0	0.2274690586463391	0.07090970680115927	1.0
283_H-10	2.0	2.0	0.2749763748830522	0.09019292041595195	1.0
284_H-10	2.0	2.0	0.3782416444053623	0.1359111111111111	1.0
285_H-10	2.0	2.0	0.24352170057198297	0.07729381559389226	1.0
286_H-10	2.0	2.0	0.22641094842107642	0.07049375371802502	1.0
287_H-10	2.0	2.0	0.45113333276900014	0.1710493827160493	1.0
288_H-10	2.0	2.0	0.4288109647301171	0.16004924592182213	1.0
289_H-10	2.0	2.0	0.43949698692151334	0.16528925619834722	1.0
28_H-10	2.0	2.0	0.2824748854120174	0.09334186457902072	1.0
290_H-10	2.0	2.0	0.17556502585750278	0.05124653739612173	1.0
291_H-10	2.0	2.0	0.3227569588973983	0.11072664359861584	1.0
292_H-10	2.0	2.0	0.25662208764447747	0.08260442006107338	1.0
293_H-10	2.0	2.0	0.38932561445155894	0.1411072530864197	1.0
294_H-10	2.0	2.0	0.34732259594495035	0.12170442211407173	1.0
295_H-10	2.0	2.0	0.23292785546981218	0.07306521390802745	1.0
296_H-10	2.0	2.0	0.33590897715305523	0.11656931277729887	1.0
297_H-10	2.0	2.0	0.46899559358928117	0.17999999999999994	1.0
298_H-10	2.0	2.0	0.34964284928913403	0.12275560765091376	1.0
299_H-10	2.0	2.0	0.3580422038531606	0.12658131382411208	1.0
29_H-10	2.0	2.0	0.32840071392894665	0.11322398025838298	1.0
2_H-10	2.0	2.0	0.27950554563667995	0.09209157127991663	1.0
300_H-10	2.0	2.0	0.3712323266408757	0.13265306122448983	1.0
301_H-10	2.0	2.0	0.2351933818192415	0.07396449704142016	1.0
302_H-10	2.0	2.0	0.4612160405139095	0.17608566329565734	1.0
303_H-10	2.0	2.0	0.3880099736705969	0.14048767142026608	1.0
304_H-10	2.0	2.0	0.3322866302216151	0.11495210329029559	1.0
305_H-10	2.0	2.0	0.2778395739583094	0.09139200000000014	1.0
306_H-10	2.0	2.0	0.35167611921181063	0.12367878601815718	1.0
307_H-10	2.0	2.0	0.279027300430172	0.0918906064209275	1.0
308_H-10	2.0	2.0	0.33130561305778844	0.11451516954193952	1.0
309_H-10	2.0	2.0	0.3729575239039255	0.13345294544833175	1.0
30_H-10	2.0	2.0	0.3809465857053901	0.13717421124828522	1.0
310_H-10	2.0	2.0	0.2375081438285929	0.07488615280823074	1.0
311_H-10	2.0	2.0	0.385551590339795	0.1393319572152374	1.0
312_H-10	2.0	2.0	0.4358699153629579	0.16350532467998136	1.0
313_H-10	2.0	2.0	0.3467314682496637	0.12143700455388773	1.0
314_H-10	2.0	2.0	0.47275799456838713	0.18190192743764166	1.0
315_H-10	2.0	2.0	0.38641529989950085	0.1397376960519201	1.0
316_H-10	2.0	2.0	0.24352170057198297	0.07729381559389226	1.0
317_H-10	2.0	2.0	0.4527366969528152	0.17184746034289367	1.0
318_H-10	2.0	2.0	0.2274690586463391	0.07090970680115927	1.0
319_H-10	2.0	2.0	0.2837689703721876	0.09388812680993741	1.0
31_H-10	2.0	2.0	0.4729953622931482	0.182022111841051	1.0
320_H-10	2.0	2.0	0.34511731494495296	0.12070759625390237	1.0
321_H-10	2.0	2.0	0.2850762574191156	0.09444080089502727	1.0
322_H-10	2.0	2.0	0.32840071392894665	0.11322398025838298	1.0
323_H-10	2.0	2.0	0.38431154412649704	0.13874999999999993	1.0
324_H-10	2.0	2.0	0.4087389097116763	0.1503368557846858	1.0
325_H-10	2.0	2.0	0.1623261801753929	0.046485260770975145	1.0
326_H-10	2.0	2.0	0.24526637282595468	0.07799590191023853	1.0
327_H-10	2.0	2.0	0.33577155769871303	0.11650785077736203	1.0
328_H-10	2.0	2.0	0.33318407429307206	0.11535220498735987	1.0
329_H-10	2.0	2.0	0.2375081438285929	0.07488615280823074	1.0
32_H-10	2.0	2.0	0.36783448900855753	0.13108152531229456	1.0
330_H-10	2.0	2.0	0.2837689703721876	0.09388812680993741	1.0
331_H-10	2.0	2.0	0.23181305002459018	0.07262370950516206	1.0
332_H-10	2.0	2.0	0.3027061893305607	0.1019756893398831	1.0
333_H-10	2.0	2.0	0.3627395915367239	0.12873472159348132	1.0
334_H-10	2.0	2.0	0.3776463213737003	0.1356335514574658	1.0
335_H-10	2.0	2.0	0.3200148627475466	0.10951865873445099	1.0
336_H-10	2.0	2.0	0.1773894531859974	0.05191111111111102	1.0
337_H-10	2.0	2.0	0.34584894969521485	0.12103806228373704	1.0
338_H-10	2.0	2.0	0.3133801388285322	0.10661048868460532	1.0
339_H-10	2.0	2.0	0.28907945973164645	0.09613843935266786	1.0
33_H-10	2.0	2.0	0.24107630848738065	0.07631244243673518	1.0
340_H-10	2.0	2.0	0.22641094842107642	0.07049375371802502	1.0
341_H-10	2.0	2.0	0.31526533955784414	0.10743470597660632	1.0
342_H-10	2.0	2.0	0.52033461578576	0.20644290774160912	1.0
343_H-10	2.0	2.0	0.2837689703721876	0.09388812680993741	1.0
344_H-10	2.0	2.0	0.2875823462229709	0.09550263724602859	1.0
345_H-10	2.0	2.0	0.3227569588973983	0.11072664359861584	1.0
346_H-10	2.0	2.0	0.31526533955784414	0.10743470597660632	1.0
347_H-10	2.0	2.0	0.3255517134879515	0.11196145124716561	1.0
348_H-10	2.0	2.0	0.42622865699814483	0.15879017013232533	1.0
349_H-10	2.0	2.0	0.3826208560182447	0.13795764052312798	1.0
34_H-10	2.0	2.0	0.3241476561692486	0.1113406393333567	1.0
350_H-10	2.0	2.0	0.26790472987137615	0.08724897959183675	1.0
351_H-10	2.0	2.0	0.18213846457886632	0.05365041617122479	1.0
352_H-10	2.0	2.0	0.24876591603536516	0.07940898427926202	1.0
353_H-10	2.0	2.0	0.18391740434740989	0.0543054211791143	1.0
354_H-10	2.0	2.0	0.3356037698561278	0.11643281807372174	1.0
355_H-10	2.0	2.0	0.3769938627492954	0.1353295327401567	1.0
356_H-10	2.0	2.0	0.17925606692832147	0.0525931336742147	1.0
357_H-10	2.0	2.0	0.36552225348981876	0.13001503063938036	1.0
358_H-10	2.0	2.0	0.18822088853744873	0.05589772786087677	1.0
359_H-10	2.0	2.0	0.3120895659343453	0.10604721626057323	1.0
35_H-10	2.0	2.0	0.29461520565280713	0.09849890369370895	1.0
360_H-10	2.0	2.0	0.38932561445155894	0.1411072530864197	1.0
361_H-10	2.0	2.0	0.24107630848738065	0.07631244243673518	1.0
362_H-10	2.0	2.0	0.3356037698561278	0.11643281807372174	1.0
363_H-10	2.0	2.0	0.3227569588973983	0.11072664359861584	1.0
364_H-10	2.0	2.0	0.3809465857053901	0.13717421124828522	1.0
365_H-10	2.0	2.0	0.26676498780302604	0.08677685950413205	1.0
366_H-10	2.0	2.0	0.32122717014200325	0.11005228537696055	1.0
367_H-10	2.0	2.0	0.3327795598700386	0.11517181677895283	1.0
368_H-10	2.0	2.0	0.26045234837977527	0.08417388552668004	1.0
369_H-10	2.0	2.0	0.2725736310282041	0.08918983618891274	1.0
36_H-10	2.0	2.0	0.3836948331693139	0.1384608265074736	1.0
370_H-10	2.0	2.0	0.26676498780302604	0.08677685950413205	1.0
371_H-10	2.0	2.0	0.3760198509692728	0.13487603305785134	1.0
372_H-10	2.0	2.0	0.26547548548399375	0.08624349635796036	1.0
373_H-10	2.0	2.0	0.3429428641121933	0.11972687939426718	1.0
374_H-10	2.0	2.0	0.3255517134879515	0.11196145124716561	1.0
375_H-10	2.0	2.0	0.21832103023746738	0.06733369388858823	1.0
376_H-10	2.0	2.0	0.27760337009254626	0.09129292550197032	1.0
377_H-10	2.0	2.0	0.3339360631363668	0.11568774629386391	1.0
378_H-10	2.0	2.0	0.18213846457886632	0.05365041617122479	1.0
379_H-10	2.0	2.0	0.3776463213737003	0.1356335514574658	1.0
37_H-10	2.0	2.0	0.20818094555717104	0.06342381080354742	1.0
380_H-10	2.0	2.0	0.3241476561692486	0.1113406393333567	1.0
381_H-10	2.0	2.0	0.34732259594495035	0.12170442211407173	1.0
382_H-10	2.0	2.0	0.36835273659330237	0.13132088846880907	1.0
383_H-10	2.0	2.0	0.3372900666170139	0.1171875	1.0
384_H-10	2.0	2.0	0.4087389097116763	0.1503368557846858	1.0
385_H-10	2.0	2.0	0.29367630985136955	0.09809750297265163	1.0
386_H-10	2.0	2.0	0.364504909595104	0.12954654702771995	1.0
387_H-10	2.0	2.0	0.4003096458335464	0.14630937239594743	1.0
388_H-10	2.0	2.0	0.4280696292293063	0.15968749999999998	1.0
389_H-10	2.0	2.0	0.31237534081818913	0.10617187500000003	1.0
38_H-10	2.0	2.0	0.34115389314517625	0.11892164273116657	1.0
390_H-10	2.0	2.0	0.29367630985136955	0.09809750297265163	1.0
391_H-10	2.0	2.0	0.41944445244343936	0.15549574949805645	1.0
392_H-10	2.0	2.0	0.36124148642566023	0.1280468749999999	1.0
393_H-10	2.0	2.0	0.3167327035026755	0.10807740679135058	1.0
394_H-10	2.0	2.0	0.2713895875081111	0.08869659275283936	1.0
395_H-10	2.0	2.0	0.4138168503036338	0.1527777777777779	1.0
396_H-10	2.0	2.0	0.30540057087920036	0.10314049586776863	1.0
397_H-10	2.0	2.0	0.37646189046875067	0.13508179465812908	1.0
398_H-10	2.0	2.0	0.34584894969521485	0.12103806228373704	1.0
399_H-10	2.0	2.0	0.1949957093536107	0.05842647699230663	1.0
39_H-10	2.0	2.0	0.24107630848738065	0.07631244243673518	1.0
3_H-10	2.0	2.0	0.30797532887291956	0.10425683709869205	1.0
400_H-10	2.0	2.0	0.3580422038531606	0.12658131382411208	1.0
401_H-10	2.0	2.0	0.28192426779622587	0.09310968751528192	1.0
402_H-10	2.0	2.0	0.2949296509295193	0.09863343245681455	1.0
403_H-10	2.0	2.0	0.36783448900855753	0.13108152531229456	1.0
404_H-10	2.0	2.0	0.37928848768665563	0.13639956340095605	1.0
405_H-10	2.0	2.0	0.26419969320029124	0.08571663379355687	1.0
406_H-10	2.0	2.0	0.42708558894562587	0.1592076798269335	1.0
407_H-10	2.0	2.0	0.3650551896402849	0.12979989183342355	1.0
408_H-10	2.0	2.0	0.4607075274306461	0.1758306628436499	1.0
409_H-10	2.0	2.0	0.25907719035695215	0.08360954343217175	1.0
40_H-10	2.0	2.0	0.36566263139005484	0.1300797104992908	1.0
410_H-10	2.0	2.0	0.25593004383911305	0.08232165568273775	1.0
411_H-10	2.0	2.0	0.4948682299355441	0.19319444444444445	1.0
412_H-10	2.0	2.0	0.4469557319617579	0.16897496238571041	1.0
413_H-10	2.0	2.0	0.3978937392200025	0.14516069788797048	1.0
414_H-10	2.0	2.0	0.3533593350214213	0.12444444444444436	1.0
415_H-10	2.0	2.0	0.34836246943655175	0.12217523174847278	1.0
416_H-10	2.0	2.0	0.23181305002459018	0.07262370950516206	1.0
417_H-10	2.0	2.0	0.2363445049310826	0.07442247658688861	1.0
418_H-10	2.0	2.0	0.23181305002459018	0.07262370950516206	1.0
419_H-10	2.0	2.0	0.40320713284374027	0.14769034045500562	1.0
41_H-10	2.0	2.0	0.29181825659888583	0.09730440499671267	1.0
420_H-10	2.0	2.0	0.15109697051711368	0.04253308128544431	1.0
421_H-10	2.0	2.0	0.10618783546209644	0.02758081079759389	1.0
422_H-10	2.0	2.0	0.3200148627475466	0.10951865873445099	1.0
423_H-10	2.0	2.0	0.3519554189045147	0.12380574463538974	1.0
424_H-10	2.0	2.0	0.3241476561692486	0.1113406393333567	1.0
425_H-10	2.0	2.0	0.2693860495845807	0.08786357340720219	1.0
426_H-10	2.0	2.0	0.22228483068568797	0.06887755102040805	1.0
427_H-10	2.0	2.0	0.3776463213737003	0.1356335514574658	1.0
428_H-10	2.0	2.0	0.4003096458335464	0.14630937239594743	1.0
429_H-10	2.0	2.0	0.3173238998358585	0.10833663627956147	1.0
42_H-10	2.0	2.0	0.2837689703721876	0.09388812680993741	1.0
430_H-10	2.0	2.0	0.36749849482729147	0.13092640349137086	1.0
431_H-10	2.0	2.0	0.36205125173399794	0.1284185493460166	1.0
432_H-10	2.0	2.0	0.32904135680259033	0.11350840052249911	1.0
433_H-10	2.0	2.0	0.33577155769871303	0.11650785077736203	1.0
434_H-10	2.0	2.0	0.38431154412649704	0.13874999999999993	1.0
435_H-10	2.0	2.0	0.24729443986205674	0.07881403640457885	1.0
436_H-10	2.0	2.0	0.3776463213737003	0.1356335514574658	1.0
437_H-10	2.0	2.0	0.4155407664813446	0.15360894976514028	1.0
438_H-10	2.0	2.0	0.3227569588973983	0.11072664359861584	1.0
439_H-10	2.0	2.0	0.1528492278398859	0.04314446366782021	1.0
43_H-10	2.0	2.0	0.33426813256179383	0.11583600060966326	1.0
440_H-10	2.0	2.0	0.28907945973164645	0.09613843935266786	1.0
441_H-10	2.0	2.0	0.1623261801753929	0.046485260770975145	1.0
442_H-10	2.0	2.0	0.23987382528036544	0.07583102493074789	1.0
443_H-10	2.0	2.0	0.23292785546981218	0.07306521390802745	1.0
444_H-10	2.0	2.0	0.3138129641688651	0.10679957280170882	1.0
445_H-10	2.0	2.0	0.3995957120941744	0.14596966091612118	1.0
446_H-10	2.0	2.0	0.34732259594495035	0.12170442211407173	1.0
447_H-10	2.0	2.0	0.46899559358928117	0.17999999999999994	1.0
448_H-10	2.0	2.0	0.4411185259846716	0.16608856515204073	1.0
449_H-10	2.0	2.0	0.27866980356389914	0.09174045579910017	1.0
44_H-10	2.0	2.0	0.24476508202089722	0.07779401022644272	1.0
450_H-10	2.0	2.0	0.4754316462687207	0.18325697625989168	1.0
451_H-10	2.0	2.0	0.2904417071791297	0.09671791959105835	1.0
452_H-10	2.0	2.0	0.3894846465934144	0.14118219806077326	1.0
453_H-10	2.0	2.0	0.3167327035026755	0.10807740679135058	1.0
454_H-10	2.0	2.0	0.35056382068186565	0.1231735297669363	1.0
455_H-10	2.0	2.0	0.2778395739583094	0.09139200000000014	1.0
456_H-10	2.0	2.0	0.3291873443168347	0.1135732399468663	1.0
457_H-10	2.0	2.0	0.23228937853565243	0.07281227173119054	1.0
458_H-10	2.0	2.0	0.3818578036654199	0.137600438276114	1.0
459_H-10	2.0	2.0	0.3167327035026755	0.10807740679135058	1.0
45_H-10	2.0	2.0	0.31468260413466576	0.10717975206611552	1.0
460_H-10	2.0	2.0	0.39584854676500475	0.1441902562341999	1.0
461_H-10	2.0	2.0	0.38431154412649704	0.13874999999999993	1.0
462_H-10	2.0	2.0	0.35506053349946926	0.12521958470339167	1.0
463_H-10	2.0	2.0	0.39481484603049405	0.14370045538876708	1.0
464_H-10	2.0	2.0	0.3467314682496637	0.12143700455388773	1.0
465_H-10	2.0	2.0	0.4021791902022729	0.1472	1.0
466_H-10	2.0	2.0	0.2363445049310826	0.07442247658688861	1.0
467_H-10	2.0	2.0	0.3159971329784247	0.10775510204081629	1.0
468_H-10	2.0	2.0	0.3533593350214213	0.12444444444444436	1.0
469_H-10	2.0	2.0	0.2904417071791297	0.09671791959105835	1.0
46_H-10	2.0	2.0	0.38431154412649704	0.13874999999999993	1.0
470_H-10	2.0	2.0	0.34511731494495296	0.12070759625390237	1.0
471_H-10	2.0	2.0	0.362865056428413	0.1287923737193939	1.0
472_H-10	2.0	2.0	0.19290007457898412	0.057641407705127046	1.0
473_H-10	2.0	2.0	0.2552421131901918	0.08204081632653049	1.0
474_H-10	2.0	2.0	0.33426813256179383	0.11583600060966326	1.0
475_H-10	2.0	2.0	0.23292785546981218	0.07306521390802745	1.0
476_H-10	2.0	2.0	0.34511731494495296	0.12070759625390237	1.0
477_H-10	2.0	2.0	0.2608629096472069	0.0843425605536332	1.0
478_H-10	2.0	2.0	0.3306551621049746	0.11422571219868516	1.0
479_H-10	2.0	2.0	0.24476508202089722	0.07779401022644272	1.0
47_H-10	2.0	2.0	0.31112933956257	0.10562863709716863	1.0
480_H-10	2.0	2.0	0.2592291924724939	0.08367187499999984	1.0
481_H-10	2.0	2.0	0.1608230208224694	0.04595155709342569	1.0
482_H-10	2.0	2.0	0.29876186325867743	0.10027681660899668	1.0
483_H-10	2.0	2.0	0.31468260413466576	0.10717975206611552	1.0
484_H-10	2.0	2.0	0.3186630826162664	0.10892445454241706	1.0
485_H-10	2.0	2.0	0.32984607020714635	0.1138659320477502	1.0
486_H-10	2.0	2.0	0.4516228221820041	0.17129291453615791	1.0
487_H-10	2.0	2.0	0.3356037698561278	0.11643281807372174	1.0
488_H-10	2.0	2.0	0.2799255016640858	0.09226813590449945	1.0
489_H-10	2.0	2.0	0.17290430438335416	0.050280957336108045	1.0
48_H-10	2.0	2.0	0.31933738653397287	0.10922075194286918	1.0
490_H-10	2.0	2.0	0.1773894531859974	0.05191111111111102	1.0
491_H-10	2.0	2.0	0.3971254186977519	0.14479591836734707	1.0
492_H-10	2.0	2.0	0.4225988385398595	0.15702510444502993	1.0
493_H-10	2.0	2.0	0.2538784402981616	0.08148483476686263	1.0
494_H-10	2.0	2.0	0.3167327035026755	0.10807740679135058	1.0
495_H-10	2.0	2.0	0.35851808419374	0.12679901892729872	1.0
496_H-10	2.0	2.0	0.3419384836698487	0.11927461560306707	1.0
497_H-10	2.0	2.0	0.3818578036654199	0.137600438276114	1.0
498_H-10	2.0	2.0	0.362865056428413	0.1287923737193939	1.0
499_H-10	2.0	2.0	0.3372900666170139	0.1171875	1.0
49_H-10	2.0	2.0	0.2863969571159562	0.09500000000000008	1.0
4_H-10	2.0	2.0	0.41944445244343936	0.15549574949805645	1.0
500_H-10	2.0	2.0	0.3533593350214213	0.12444444444444436	1.0
501_H-10	2.0	2.0	0.30676781052974456	0.10373289708506861	1.0
502_H-10	2.0	2.0	0.17647205925259174	0.05157668523310388	1.0
503_H-10	2.0	2.0	0.3661613004744754	0.13030954602620803	1.0
504_H-10	2.0	2.0	0.38742840500561193	0.14021403091557683	1.0
505_H-10	2.0	2.0	0.2960360907177139	0.09910718099876115	1.0
506_H-10	2.0	2.0	0.3912435636292556	0.14201183431952646	1.0
507_H-10	2.0	2.0	0.3860189005698934	0.13955144179423273	1.0
508_H-10	2.0	2.0	0.26676498780302604	0.08677685950413205	1.0
509_H-10	2.0	2.0	0.3269693312473513	0.11258919287174152	1.0
50_H-10	2.0	2.0	0.3269693312473513	0.11258919287174152	1.0
510_H-10	2.0	2.0	0.3712323266408757	0.13265306122448983	1.0
511_H-10	2.0	2.0	0.38742840500561193	0.14021403091557683	1.0
512_H-10	2.0	2.0	0.20976880508057996	0.0640322792859962	1.0
513_H-10	2.0	2.0	0.46899559358928117	0.17999999999999994	1.0
514_H-10	2.0	2.0	0.3576467062456333	0.12640045963803503	1.0
515_H-10	2.0	2.0	0.33426813256179383	0.11583600060966326	1.0
516_H-10	2.0	2.0	0.27760337009254626	0.09129292550197032	1.0
517_H-10	2.0	2.0	0.4021791902022729	0.1472	1.0
518_H-10	2.0	2.0	0.279027300430172	0.0918906064209275	1.0
519_H-10	2.0	2.0	0.3173238998358585	0.10833663627956147	1.0
51_H-10	2.0	2.0	0.4225988385398595	0.15702510444502993	1.0
520_H-10	2.0	2.0	0.481225663841737	0.18620340698262772	1.0
521_H-10	2.0	2.0	0.39481484603049405	0.14370045538876708	1.0
522_H-10	2.0	2.0	0.22028326695127431	0.06809688581314877	1.0
523_H-10	2.0	2.0	0.35525067854925235	0.12530630429939849	1.0
524_H-10	2.0	2.0	0.3912435636292556	0.14201183431952646	1.0
525_H-10	2.0	2.0	0.42200051688315315	0.15673469387755112	1.0
526_H-10	2.0	2.0	0.34584894969521485	0.12103806228373704	1.0
527_H-10	2.0	2.0	0.35851808419374	0.12679901892729872	1.0
528_H-10	2.0	2.0	0.29181825659888583	0.09730440499671267	1.0
529_H-10	2.0	2.0	0.39288290400887316	0.14278628117913827	1.0
52_H-10	2.0	2.0	0.3823806751537801	0.13784517881394298	1.0
530_H-10	2.0	2.0	0.39584854676500475	0.1441902562341999	1.0
531_H-10	2.0	2.0	0.18116640155354566	0.05329330080690564	1.0
532_H-10	2.0	2.0	0.36783448900855753	0.13108152531229456	1.0
533_H-10	2.0	2.0	0.38171730152865224	0.13753469387755102	1.0
534_H-10	2.0	2.0	0.36657801255334593	0.13050169282856272	1.0
535_H-10	2.0	2.0	0.1851247601005459	0.05475104146002763	1.0
536_H-10	2.0	2.0	0.3058093228194141	0.1033175072411836	1.0
537_H-10	2.0	2.0	0.359633950292304	0.12730990316731616	1.0
538_H-10	2.0	2.0	0.2693860495845807	0.08786357340720219	1.0
539_H-10	2.0	2.0	0.4429586785384854	0.16699696128947017	1.0
53_H-10	2.0	2.0	0.30039141736478187	0.10097777777777783	1.0
540_H-10	2.0	2.0	0.2974722489192897	0.09972299168975085	1.0
541_H-10	2.0	2.0	0.4537163391869449	0.17233560090702937	1.0
542_H-10	2.0	2.0	0.40707680632541937	0.1495402920497566	1.0
543_H-10	2.0	2.0	0.33577155769871303	0.11650785077736203	1.0
544_H-10	2.0	2.0	0.2025783405415805	0.061288255087325716	1.0
545_H-10	2.0	2.0	0.34584894969521485	0.12103806228373704	1.0
546_H-10	2.0	2.0	0.5121423992771171	0.20215305616864088	1.0
547_H-10	2.0	2.0	0.2274690586463391	0.07090970680115927	1.0
548_H-10	2.0	2.0	0.1977649721058072	0.05946780082050518	1.0
549_H-10	2.0	2.0	0.2707180859337133	0.08841717468532084	1.0
54_H-10	2.0	2.0	0.1608230208224694	0.04595155709342569	1.0
550_H-10	2.0	2.0	0.3182152976832331	0.10872781065088755	1.0
551_H-10	2.0	2.0	0.4118255456679546	0.151819262782402	1.0
552_H-10	2.0	2.0	0.35167611921181063	0.12367878601815718	1.0
553_H-10	2.0	2.0	0.2904417071791297	0.09671791959105835	1.0
554_H-10	2.0	2.0	0.38431154412649704	0.13874999999999993	1.0
555_H-10	2.0	2.0	0.39481484603049405	0.14370045538876708	1.0
556_H-10	2.0	2.0	0.31095223801271754	0.10555148335326558	1.0
557_H-10	2.0	2.0	0.34037328575964604	0.11857074186829042	1.0
558_H-10	2.0	2.0	0.33318407429307206	0.11535220498735987	1.0
559_H-10	2.0	2.0	0.3826208560182447	0.13795764052312798	1.0
55_H-10	2.0	2.0	0.3776463213737003	0.1356335514574658	1.0
560_H-10	2.0	2.0	0.3896193248917038	0.14124567474048444	1.0
561_H-10	2.0	2.0	0.43561337348743223	0.16337935568704798	1.0
562_H-10	2.0	2.0	0.4138168503036338	0.1527777777777779	1.0
563_H-10	2.0	2.0	0.2623112196143366	0.08493827160493828	1.0
564_H-10	2.0	2.0	0.28046750269234444	0.09249614197530875	1.0
565_H-10	2.0	2.0	0.35167611921181063	0.12367878601815718	1.0
566_H-10	2.0	2.0	0.2580186686648155	0.08317580340264641	1.0
567_H-10	2.0	2.0	0.25119881670902516	0.08039512934617843	1.0
568_H-10	2.0	2.0	0.3747006154617423	0.13426246537396103	1.0
569_H-10	2.0	2.0	0.34037328575964604	0.11857074186829042	1.0
56_H-10	2.0	2.0	0.38641529989950085	0.1397376960519201	1.0
570_H-10	2.0	2.0	0.41210871600814125	0.1519554637442666	1.0
571_H-10	2.0	2.0	0.37646189046875067	0.13508179465812908	1.0
572_H-10	2.0	2.0	0.3518284035004363	0.12374800406445075	1.0
573_H-10	2.0	2.0	0.32984607020714635	0.1138659320477502	1.0
574_H-10	2.0	2.0	0.3118561808472081	0.10594543940024992	1.0
575_H-10	2.0	2.0	0.3241476561692486	0.1113406393333567	1.0
576_H-10	2.0	2.0	0.35983402385105434	0.1274015632989991	1.0
577_H-10	2.0	2.0	0.26014536394771426	0.08404782031155644	1.0
578_H-10	2.0	2.0	0.2761954276479391	0.09070294784580502	1.0
579_H-10	2.0	2.0	0.39481484603049405	0.14370045538876708	1.0
57_H-10	2.0	2.0	0.3860189005698934	0.13955144179423273	1.0
580_H-10	2.0	2.0	0.29243470830906976	0.09756734693877545	1.0
581_H-10	2.0	2.0	0.2025783405415805	0.061288255087325716	1.0
582_H-10	2.0	2.0	0.05256375109324405	0.011833900226757343	0.9940476190476191
583_H-10	2.0	2.0	0.26790472987137615	0.08724897959183675	1.0
584_H-10	2.0	2.0	0.09408443883267346	0.02380606764407034	1.0
585_H-10	2.0	2.0	0.34511731494495296	0.12070759625390237	1.0
586_H-10	2.0	2.0	0.3095434291503252	0.1049382716049383	1.0
587_H-10	2.0	2.0	0.2863969571159562	0.09500000000000008	1.0
588_H-10	2.0	2.0	0.45006665809643814	0.1705190311418685	1.0
589_H-10	2.0	2.0	0.42622865699814483	0.15879017013232533	1.0
58_H-10	2.0	2.0	0.3776463213737003	0.1356335514574658	1.0
590_H-10	2.0	2.0	0.4305518670104394	0.1608996539792389	1.0
591_H-10	2.0	2.0	0.3241476561692486	0.1113406393333567	1.0
592_H-10	2.0	2.0	0.35716463474214205	0.12618011193397027	1.0
593_H-10	2.0	2.0	0.4434581453896789	0.16724376731301938	1.0
594_H-10	1.0	1.0	-0.0	0.0	1.0
595_H-10	2.0	2.0	0.2460225782203316	0.07830070803831746	1.0
596_H-10	2.0	2.0	0.3095434291503252	0.1049382716049383	1.0
597_H-10	2.0	2.0	0.2538784402981616	0.08148483476686263	1.0
598_H-10	2.0	2.0	0.29181825659888583	0.09730440499671267	1.0
599_H-10	2.0	2.0	0.32122717014200325	0.11005228537696055	1.0
59_H-10	2.0	2.0	0.3894846465934144	0.14118219806077326	1.0
5_H-10	2.0	2.0	0.359633950292304	0.12730990316731616	1.0
600_H-10	2.0	2.0	0.2296183823268296	0.07175649087612346	1.0
601_H-10	2.0	2.0	0.24229218908241482	0.07679999999999998	1.0
602_H-10	2.0	2.0	0.45743218089883964	0.17419073885905068	1.0
603_H-10	2.0	2.0	0.2974722489192897	0.09972299168975085	1.0
604_H-10	2.0	2.0	0.31237534081818913	0.10617187500000003	1.0
605_H-10	2.0	2.0	0.3800401792514394	0.13675059681996315	1.0
606_H-10	2.0	2.0	0.38742840500561193	0.14021403091557683	1.0
607_H-10	2.0	2.0	0.32840071392894665	0.11322398025838298	1.0
608_H-10	2.0	2.0	0.4912373418243331	0.19132653061224492	1.0
609_H-10	2.0	2.0	0.3800401792514394	0.13675059681996315	1.0
60_H-10	2.0	2.0	0.4232915514361946	0.15736151923161268	1.0
610_H-10	2.0	2.0	0.3912435636292556	0.14201183431952646	1.0
611_H-10	2.0	2.0	0.27866980356389914	0.09174045579910017	1.0
612_H-10	2.0	2.0	0.3025157467889951	0.10189349112426038	1.0
613_H-10	2.0	2.0	0.3327795598700386	0.11517181677895283	1.0
614_H-10	2.0	2.0	0.39662777277837885	0.1445597846981932	1.0
615_H-10	2.0	2.0	0.2623112196143366	0.08493827160493828	1.0
616_H-10	2.0	2.0	0.4158296360087401	0.15374834955254535	1.0
617_H-10	2.0	2.0	0.16542703399626682	0.04759071980963725	1.0
618_H-10	2.0	2.0	0.34918437350730797	0.1225477022305832	1.0
619_H-10	2.0	2.0	0.467023598287502	0.1790054396049534	1.0
61_H-10	2.0	2.0	0.33130561305778844	0.11451516954193952	1.0
620_H-10	2.0	2.0	0.2544608946766894	0.08172218917311125	1.0
621_H-10	2.0	2.0	0.30814869239061365	0.10433211637622786	1.0
622_H-10	2.0	2.0	0.33426813256179383	0.11583600060966326	1.0
623_H-10	2.0	2.0	0.4607075274306461	0.1758306628436499	1.0
624_H-10	2.0	2.0	0.45633231006472774	0.1736410354623512	1.0
625_H-10	2.0	2.0	0.33868381719018026	0.11781224489795905	1.0
626_H-10	2.0	2.0	0.20976880508057996	0.0640322792859962	1.0
627_H-10	2.0	2.0	0.28817912669245493	0.09575594943859911	1.0
628_H-10	2.0	2.0	0.27866980356389914	0.09174045579910017	1.0
629_H-10	2.0	2.0	0.1949957093536107	0.05842647699230663	1.0
62_H-10	2.0	2.0	0.28907945973164645	0.09613843935266786	1.0
630_H-10	2.0	2.0	0.4547006858101453	0.17282648383301558	1.0
631_H-10	2.0	2.0	0.2811937964320427	0.09280190362879237	1.0
632_H-10	2.0	2.0	0.4450648570508386	0.16803840877914955	1.0
633_H-10	2.0	2.0	0.26045234837977527	0.08417388552668004	1.0
634_H-10	2.0	2.0	0.3138129641688651	0.10679957280170882	1.0
635_H-10	2.0	2.0	0.3291873443168347	0.1135732399468663	1.0
636_H-10	2.0	2.0	0.23868451135100138	0.07535563244905807	1.0
637_H-10	2.0	2.0	0.4101571128100162	0.15101746514981573	1.0
638_H-10	2.0	2.0	0.30337483608641397	0.1022644265887509	1.0
639_H-10	2.0	2.0	0.1608230208224694	0.04595155709342569	1.0
63_H-10	2.0	2.0	0.4450648570508386	0.16803840877914955	1.0
640_H-10	2.0	2.0	0.28773128460456343	0.09556583995886236	1.0
641_H-10	2.0	2.0	0.3580422038531606	0.12658131382411208	1.0
642_H-10	2.0	2.0	0.24988229283318544	0.07986111111111094	1.0
643_H-10	2.0	2.0	0.3809465857053901	0.13717421124828522	1.0
644_H-10	2.0	2.0	0.42708558894562587	0.1592076798269335	1.0
645_H-10	2.0	2.0	0.31765752451195356	0.10848299777444237	1.0
646_H-10	2.0	2.0	0.32984607020714635	0.1138659320477502	1.0
647_H-10	2.0	2.0	0.42080948947668984	0.15615704937537167	1.0
648_H-10	2.0	2.0	0.2998025130558692	0.10072430964237222	1.0
649_H-10	2.0	2.0	0.2119279789713575	0.06486194315571359	1.0
64_H-10	2.0	2.0	0.363546335237261	0.12910554980119615	1.0
650_H-10	2.0	2.0	0.26676498780302604	0.08677685950413205	1.0
651_H-10	2.0	2.0	0.25214862204201066	0.08078095514588468	1.0
652_H-10	2.0	2.0	0.46506984488164627	0.17802164304221924	1.0
653_H-10	2.0	2.0	0.24229218908241482	0.07679999999999998	1.0
654_H-10	2.0	2.0	0.420485955968157	0.15600024037017013	1.0
655_H-10	2.0	2.0	0.4172806906708318	0.15444912178835835	1.0
656_H-10	2.0	2.0	0.26676498780302604	0.08677685950413205	1.0
657_H-10	2.0	2.0	0.28488868590415	0.094361450631256	1.0
658_H-10	2.0	2.0	0.2623112196143366	0.08493827160493828	1.0
659_H-10	2.0	2.0	0.3809465857053901	0.13717421124828522	1.0
65_H-10	2.0	2.0	0.359633950292304	0.12730990316731616	1.0
660_H-10	2.0	2.0	0.43561337348743223	0.16337935568704798	1.0
661_H-10	2.0	2.0	0.2460225782203316	0.07830070803831746	1.0
662_H-10	2.0	2.0	0.18001486581386772	0.05287098298676751	1.0
663_H-10	2.0	2.0	0.24766050323141423	0.07896193771626292	1.0
664_H-10	2.0	2.0	0.38171730152865224	0.13753469387755102	1.0
665_H-10	2.0	2.0	0.31765752451195356	0.10848299777444237	1.0
666_H-10	2.0	2.0	0.42537552737019263	0.15837482040829975	1.0
667_H-10	2.0	2.0	0.4170477676304796	0.15433657366494136	1.0
668_H-10	2.0	2.0	0.3697863110750615	0.13198363641792832	1.0
669_H-10	2.0	2.0	0.40790598013897633	0.14993752603082044	1.0
66_H-10	2.0	2.0	0.34422774398506073	0.12030612244897965	1.0
670_H-10	2.0	2.0	0.3274449191544763	0.11280000000000001	1.0
671_H-10	2.0	2.0	0.35001059292688497	0.12292243767313016	1.0
672_H-10	2.0	2.0	0.3712323266408757	0.13265306122448983	1.0
673_H-10	2.0	2.0	0.3567800143839433	0.12600438276113946	1.0
674_H-10	2.0	2.0	0.16866093149667025	0.04875000000000007	1.0
675_H-10	2.0	2.0	0.2351933818192415	0.07396449704142016	1.0
676_H-10	2.0	2.0	0.32984607020714635	0.1138659320477502	1.0
677_H-10	2.0	2.0	0.3322866302216151	0.11495210329029559	1.0
678_H-10	2.0	2.0	0.3467314682496637	0.12143700455388773	1.0
679_H-10	2.0	2.0	0.24476508202089722	0.07779401022644272	1.0
67_H-10	2.0	2.0	0.4101571128100162	0.15101746514981573	1.0
680_H-10	2.0	2.0	0.419921097375718	0.1557265731100046	1.0
681_H-10	2.0	2.0	0.3419384836698487	0.11927461560306707	1.0
682_H-10	2.0	2.0	0.3747006154617423	0.13426246537396103	1.0
683_H-10	2.0	2.0	0.35001059292688497	0.12292243767313016	1.0
684_H-10	2.0	2.0	0.2087072820923857	0.06362534626038796	1.0
685_H-10	2.0	2.0	0.22641094842107642	0.07049375371802502	1.0
686_H-10	2.0	2.0	0.4375456336804547	0.16432882414151928	1.0
687_H-10	2.0	2.0	0.26676498780302604	0.08677685950413205	1.0
688_H-10	2.0	2.0	0.3984592740952357	0.14542936288088648	1.0
689_H-10	2.0	2.0	0.24766050323141423	0.07896193771626292	1.0
68_H-10	2.0	2.0	0.3951431006348975	0.14385594286001702	1.0
690_H-10	2.0	2.0	0.3488102478918811	0.12237811791383213	1.0
691_H-10	2.0	2.0	0.2863969571159562	0.09500000000000008	1.0
692_H-10	2.0	2.0	0.25682057528024166	0.08268556622466083	1.0
693_H-10	2.0	2.0	0.40835401231380997	0.1501522882797357	1.0
694_H-10	2.0	2.0	0.22028326695127431	0.06809688581314877	1.0
695_H-10	2.0	2.0	0.35167611921181063	0.12367878601815718	1.0
696_H-10	2.0	2.0	0.4138168503036338	0.1527777777777779	1.0
697_H-10	2.0	2.0	0.27760337009254626	0.09129292550197032	1.0
698_H-10	2.0	2.0	0.3786550128332804	0.13610392926681358	1.0
699_H-10	2.0	2.0	0.32122717014200325	0.11005228537696055	1.0
69_H-10	2.0	2.0	0.36205125173399794	0.1284185493460166	1.0
6_H-10	2.0	2.0	0.25186284771956513	0.08066481994459829	1.0
700_H-10	2.0	2.0	0.29120467627282265	0.0970428719008265	1.0
701_H-10	2.0	2.0	0.4048000181834446	0.1484510628447977	1.0
702_H-10	2.0	2.0	0.16308938744611423	0.04675678582953857	1.0
703_H-10	2.0	2.0	0.43949698692151334	0.16528925619834722	1.0
704_H-10	2.0	2.0	0.34511731494495296	0.12070759625390237	1.0
705_H-10	2.0	2.0	0.25214862204201066	0.08078095514588468	1.0
706_H-10	2.0	2.0	0.3173238998358585	0.10833663627956147	1.0
707_H-10	2.0	2.0	0.2824748854120174	0.09334186457902072	1.0
708_H-10	2.0	2.0	0.3580422038531606	0.12658131382411208	1.0
709_H-10	2.0	2.0	0.29461520565280713	0.09849890369370895	1.0
70_H-10	2.0	2.0	0.24988229283318544	0.07986111111111094	1.0
710_H-10	2.0	2.0	0.29181825659888583	0.09730440499671267	1.0
711_H-10	2.0	2.0	0.32904135680259033	0.11350840052249911	1.0
712_H-10	2.0	2.0	0.24729443986205674	0.07881403640457885	1.0
713_H-10	2.0	2.0	0.19965981838202343	0.06018286331545841	1.0
714_H-10	2.0	2.0	0.32122717014200325	0.11005228537696055	1.0
715_H-10	2.0	2.0	0.2175468793381155	0.06703317901234573	1.0
716_H-10	2.0	2.0	0.31933738653397287	0.10922075194286918	1.0
717_H-10	2.0	2.0	0.3602750564216627	0.12760367798836558	1.0
718_H-10	2.0	2.0	0.32122717014200325	0.11005228537696055	1.0
719_H-10	2.0	2.0	0.24229218908241482	0.07679999999999998	1.0
71_H-10	2.0	2.0	0.20994688390649557	0.06410060742956569	1.0
720_H-10	2.0	2.0	0.21988771218053432	0.06794286847847641	1.0
721_H-10	2.0	2.0	0.4138168503036338	0.1527777777777779	1.0
722_H-10	2.0	2.0	0.3661613004744754	0.13030954602620803	1.0
723_H-10	2.0	2.0	0.2837689703721876	0.09388812680993741	1.0
724_H-10	2.0	2.0	0.45868581620054033	0.17481789802289294	1.0
725_H-10	2.0	2.0	0.3533593350214213	0.12444444444444436	1.0
726_H-10	2.0	2.0	0.2460225782203316	0.07830070803831746	1.0
727_H-10	2.0	2.0	0.4225988385398595	0.15702510444502993	1.0
728_H-10	2.0	2.0	0.4138168503036338	0.1527777777777779	1.0
729_H-10	2.0	2.0	0.32122717014200325	0.11005228537696055	1.0
72_H-10	2.0	2.0	0.4416201315790907	0.16633604443562788	1.0
730_H-10	2.0	2.0	0.3912435636292556	0.14201183431952646	1.0
731_H-10	2.0	2.0	0.3894846465934144	0.14118219806077326	1.0
732_H-10	2.0	2.0	0.45188334201013874	0.17142256923777177	1.0
733_H-10	2.0	2.0	0.2875823462229709	0.09550263724602859	1.0
734_H-10	2.0	2.0	0.33577155769871303	0.11650785077736203	1.0
735_H-10	2.0	2.0	0.2863969571159562	0.09500000000000008	1.0
736_H-10	2.0	2.0	0.3681150054280774	0.13121107266435983	1.0
737_H-10	2.0	2.0	0.2363445049310826	0.07442247658688861	1.0
738_H-10	2.0	2.0	0.34438910560526487	0.12037892000957573	1.0
739_H-10	2.0	2.0	0.4548525435109224	0.17290224913494812	1.0
73_H-10	2.0	2.0	0.5309895737517843	0.21206176751672445	1.0
740_H-10	2.0	2.0	0.30676781052974456	0.10373289708506861	1.0
741_H-10	2.0	2.0	0.31112933956257	0.10562863709716863	1.0
742_H-10	2.0	2.0	0.3372900666170139	0.1171875	1.0
743_H-10	2.0	2.0	0.38431154412649704	0.13874999999999993	1.0
744_H-10	2.0	2.0	0.3095434291503252	0.1049382716049383	1.0
745_H-10	2.0	2.0	0.14690273625769865	0.04107780331556543	1.0
746_H-10	2.0	2.0	0.40790598013897633	0.14993752603082044	1.0
747_H-10	2.0	2.0	0.43949698692151334	0.16528925619834722	1.0
748_H-10	2.0	2.0	0.39741041036992486	0.14493119555611655	1.0
749_H-10	2.0	2.0	0.43739632410036666	0.16425540123456783	1.0
74_H-10	2.0	2.0	0.29243470830906976	0.09756734693877545	1.0
750_H-10	2.0	2.0	0.4593154897072578	0.17513314967860416	1.0
751_H-10	2.0	2.0	0.4153244061998454	0.15350456401962664	1.0
752_H-10	2.0	2.0	0.36952474067615204	0.13186264308012485	1.0
753_H-10	2.0	2.0	0.34378486320682705	0.12010637993651518	1.0
754_H-10	2.0	2.0	0.4118255456679546	0.151819262782402	1.0
755_H-10	2.0	2.0	0.3095434291503252	0.1049382716049383	1.0
756_H-10	2.0	2.0	0.306424729870515	0.10358416213173194	1.0
757_H-10	2.0	2.0	0.4138168503036338	0.1527777777777779	1.0
758_H-10	2.0	2.0	0.3372900666170139	0.1171875	1.0
759_H-10	2.0	2.0	0.3712323266408757	0.13265306122448983	1.0
75_H-10	2.0	2.0	0.40131392165306323	0.14678760962023407	1.0
760_H-10	2.0	2.0	0.28907945973164645	0.09613843935266786	1.0
761_H-10	2.0	2.0	0.25253077151613923	0.08093632215830193	1.0
762_H-10	2.0	2.0	0.2307099556914764	0.07218749999999985	1.0
763_H-10	2.0	2.0	0.1802056702832373	0.05294090425285769	1.0
764_H-10	2.0	2.0	0.32586556063206124	0.11210034647603173	1.0
765_H-10	2.0	2.0	0.39318260537499006	0.1429279904780798	1.0
766_H-10	2.0	2.0	0.4094993996985428	0.1507017153040766	1.0
767_H-10	2.0	2.0	0.4413357333803406	0.16619571683521706	1.0
768_H-10	2.0	2.0	0.3894846465934144	0.14118219806077326	1.0
769_H-10	2.0	2.0	0.2824748854120174	0.09334186457902072	1.0
76_H-10	2.0	2.0	0.12508296719847556	0.033697959183673465	1.0
770_H-10	2.0	2.0	0.4213582670988372	0.15642313019390586	1.0
771_H-10	2.0	2.0	0.28792302804926945	0.09564722322861141	1.0
772_H-10	2.0	2.0	0.33050772714718557	0.11416012942217879	1.0
773_H-10	2.0	2.0	0.41823656965418116	0.15491124260355038	1.0
774_H-10	2.0	2.0	0.39288290400887316	0.14278628117913827	1.0
775_H-10	2.0	2.0	0.20062232431271465	0.060546875	1.0
776_H-10	2.0	2.0	0.3712323266408757	0.13265306122448983	1.0
777_H-10	2.0	2.0	0.30828753904805534	0.10439241781386399	1.0
778_H-10	2.0	2.0	0.47275799456838713	0.18190192743764166	1.0
779_H-10	2.0	2.0	0.30797532887291956	0.10425683709869205	1.0
77_H-10	2.0	2.0	0.28998604703320907	0.09652398735995393	1.0
780_H-10	2.0	2.0	0.2949296509295193	0.09863343245681455	1.0
781_H-10	2.0	2.0	0.36835273659330237	0.13132088846880907	1.0
782_H-10	2.0	2.0	0.3274449191544763	0.11280000000000001	1.0
783_H-10	2.0	2.0	0.33882389555016856	0.1178750840552194	1.0
784_H-10	2.0	2.0	0.3120895659343453	0.10604721626057323	1.0
785_H-10	2.0	2.0	0.4947067955569068	0.19311128240496567	1.0
786_H-10	2.0	2.0	0.36205125173399794	0.1284185493460166	1.0
787_H-10	2.0	2.0	0.41197796835960676	0.15189257170676296	1.0
788_H-10	2.0	2.0	0.3467314682496637	0.12143700455388773	1.0
789_H-10	2.0	2.0	0.28773128460456343	0.09556583995886236	1.0
78_H-10	2.0	2.0	0.364504909595104	0.12954654702771995	1.0
790_H-10	2.0	2.0	0.3782416444053623	0.1359111111111111	1.0
791_H-10	2.0	2.0	0.29367630985136955	0.09809750297265163	1.0
792_H-10	2.0	2.0	0.09645482910708594	0.024536090428610047	1.0
793_H-10	2.0	2.0	0.20976880508057996	0.0640322792859962	1.0
794_H-10	2.0	2.0	0.18116640155354566	0.05329330080690564	1.0
795_H-10	2.0	2.0	0.3040467651483329	0.10255479750326613	1.0
796_H-10	2.0	2.0	0.36952474067615204	0.13186264308012485	1.0
797_H-10	2.0	2.0	0.445468552077406	0.16823823516512437	1.0
798_H-10	2.0	2.0	0.1694912394509791	0.049048692694118046	1.0
799_H-10	2.0	2.0	0.3419384836698487	0.11927461560306707	1.0
79_H-10	2.0	2.0	0.4566836315394428	0.17381656804733736	1.0
7_H-10	2.0	2.0	0.3747006154617423	0.13426246537396103	1.0
800_H-10	2.0	2.0	0.33167274079908005	0.11467863178136461	1.0
801_H-10	2.0	2.0	0.34584894969521485	0.12103806228373704	1.0
802_H-10	2.0	2.0	0.2465658879164888	0.07851988646079144	1.0
803_H-10	2.0	2.0	0.35001059292688497	0.12292243767313016	1.0
804_H-10	2.0	2.0	0.4729953622931482	0.182022111841051	1.0
805_H-10	2.0	2.0	0.4101571128100162	0.15101746514981573	1.0
806_H-10	2.0	2.0	0.2761954276479391	0.09070294784580502	1.0
807_H-10	2.0	2.0	0.3912435636292556	0.14201183431952646	1.0
808_H-10	2.0	2.0	0.26419969320029124	0.08571663379355687	1.0
809_H-10	2.0	2.0	0.3095434291503252	0.1049382716049383	1.0
80_H-10	2.0	2.0	0.19706456474306056	0.05920400909037937	1.0
810_H-10	2.0	2.0	0.4094993996985428	0.1507017153040766	1.0
811_H-10	2.0	2.0	0.31095223801271754	0.10555148335326558	1.0
812_H-10	2.0	2.0	0.40707680632541937	0.1495402920497566	1.0
813_H-10	2.0	2.0	0.25907719035695215	0.08360954343217175	1.0
814_H-10	2.0	2.0	0.41197796835960676	0.15189257170676296	1.0
815_H-10	2.0	2.0	0.21832103023746738	0.06733369388858823	1.0
816_H-10	2.0	2.0	0.3610620840133821	0.12796457082920587	1.0
817_H-10	2.0	2.0	0.42622865699814483	0.15879017013232533	1.0
818_H-10	2.0	2.0	0.3776463213737003	0.1356335514574658	1.0
819_H-10	2.0	2.0	0.2623112196143366	0.08493827160493828	1.0
81_H-10	2.0	2.0	0.3533593350214213	0.12444444444444436	1.0
820_H-10	2.0	2.0	0.4138168503036338	0.1527777777777779	1.0
821_H-10	2.0	2.0	0.41164557093214915	0.15173271524676357	1.0
822_H-10	2.0	2.0	0.19590927087360493	0.058769513314967714	1.0
823_H-10	2.0	2.0	0.21871038915724164	0.0674849625898577	1.0
824_H-10	2.0	2.0	0.3591016256485496	0.1270661157024795	1.0
825_H-10	2.0	2.0	0.24107630848738065	0.07631244243673518	1.0
826_H-10	2.0	2.0	0.45743218089883964	0.17419073885905068	1.0
827_H-10	2.0	2.0	0.4892950240688795	0.1903294702566436	1.0
828_H-10	2.0	2.0	0.3227569588973983	0.11072664359861584	1.0
829_H-10	2.0	2.0	0.3894846465934144	0.14118219806077326	1.0
82_H-10	2.0	2.0	0.36205125173399794	0.1284185493460166	1.0
830_H-10	2.0	2.0	0.22853814395352803	0.07133058984910856	1.0
831_H-10	2.0	2.0	0.33882389555016856	0.1178750840552194	1.0
832_H-10	2.0	2.0	0.2637774366941386	0.08554243706838949	1.0
833_H-10	2.0	2.0	0.31526533955784414	0.10743470597660632	1.0
834_H-10	2.0	2.0	0.3760198509692728	0.13487603305785134	1.0
835_H-10	2.0	2.0	0.18614429306835276	0.05512801166943326	1.0
836_H-10	2.0	2.0	0.3943002379274748	0.1434567901234567	1.0
837_H-10	2.0	2.0	0.31526533955784414	0.10743470597660632	1.0
838_H-10	2.0	2.0	0.4631340763725158	0.1770484399111747	1.0
839_H-10	2.0	2.0	0.3696663736511825	0.13192815377612832	1.0
83_H-10	2.0	2.0	0.4732646976844498	0.1821585098612124	1.0
840_H-10	2.0	2.0	0.3697863110750615	0.13198363641792832	1.0
841_H-10	2.0	2.0	0.2556347149862066	0.08220106138733096	1.0
842_H-10	2.0	2.0	0.37928848768665563	0.13639956340095605	1.0
843_H-10	2.0	2.0	0.45743218089883964	0.17419073885905068	1.0
844_H-10	2.0	2.0	0.131744048041152	0.035916121356335484	1.0
845_H-10	2.0	2.0	0.3400904099597863	0.11844365173734972	1.0
846_H-10	2.0	2.0	0.2119279789713575	0.06486194315571359	1.0
847_H-10	2.0	2.0	0.35167611921181063	0.12367878601815718	1.0
848_H-10	2.0	2.0	0.29892393694554464	0.10034647603175317	1.0
849_H-10	2.0	2.0	0.30540057087920036	0.10314049586776863	1.0
84_H-10	2.0	2.0	0.3930202041906017	0.14285119667013513	1.0
850_H-10	2.0	2.0	0.3744088453489206	0.13412686892146897	1.0
851_H-10	2.0	2.0	0.3995957120941744	0.14596966091612118	1.0
852_H-10	2.0	2.0	0.359633950292304	0.12730990316731616	1.0
853_H-10	2.0	2.0	0.2444084007119112	0.07765043937318317	1.0
854_H-10	2.0	2.0	0.3186630826162664	0.10892445454241706	1.0
855_H-10	2.0	2.0	0.34438910560526487	0.12037892000957573	1.0
856_H-10	2.0	2.0	0.2926113676914938	0.09764273356401398	1.0
857_H-10	2.0	2.0	0.09362545803956357	0.023665244361576132	1.0
858_H-10	2.0	2.0	0.3712323266408757	0.13265306122448983	1.0
859_H-10	2.0	2.0	0.34732259594495035	0.12170442211407173	1.0
85_H-10	2.0	2.0	0.2361792974031946	0.07435670461829624	1.0
860_H-10	2.0	2.0	0.3243029991522007	0.11140927977839343	1.0
861_H-10	2.0	2.0	0.4566836315394428	0.17381656804733736	1.0
862_H-10	2.0	2.0	0.24124918007995425	0.07638171487603307	1.0
863_H-10	2.0	2.0	0.40790598013897633	0.14993752603082044	1.0
864_H-10	2.0	2.0	0.39662777277837885	0.1445597846981932	1.0
865_H-10	2.0	2.0	0.30828753904805534	0.10439241781386399	1.0
866_H-10	2.0	2.0	0.30676781052974456	0.10373289708506861	1.0
867_H-10	2.0	2.0	0.34836246943655175	0.12217523174847278	1.0
868_H-10	2.0	2.0	0.3159971329784247	0.10775510204081629	1.0
869_H-10	2.0	2.0	0.29181825659888583	0.09730440499671267	1.0
86_H-10	2.0	2.0	0.1646396846915532	0.04730945821854915	1.0
870_H-10	2.0	2.0	0.29619490497740925	0.09917522985397509	1.0
871_H-10	2.0	2.0	0.2729708579140699	0.08935546875	1.0
872_H-10	2.0	2.0	0.41197796835960676	0.15189257170676296	1.0
873_H-10	2.0	2.0	0.21639693245126465	0.06658739595719365	1.0
874_H-10	2.0	2.0	0.24876591603536516	0.07940898427926202	1.0
875_H-10	2.0	2.0	0.34964284928913403	0.12275560765091376	1.0
876_H-10	2.0	2.0	0.26293738565095587	0.08519615400219083	1.0
877_H-10	2.0	2.0	0.40790598013897633	0.14993752603082044	1.0
878_H-10	2.0	2.0	0.3728130779461438	0.13338592276524808	1.0
879_H-10	2.0	2.0	0.3776463213737003	0.1356335514574658	1.0
87_H-10	2.0	2.0	0.44376613015883476	0.16739600623711093	1.0
880_H-10	2.0	2.0	0.22946337286666188	0.07169533725667732	1.0
881_H-10	2.0	2.0	0.3912435636292556	0.14201183431952646	1.0
882_H-10	2.0	2.0	0.34037328575964604	0.11857074186829042	1.0
883_H-10	2.0	2.0	0.25943216905006733	0.08375512813682118	1.0
884_H-10	2.0	2.0	0.2025783405415805	0.061288255087325716	1.0
885_H-10	2.0	2.0	0.3255517134879515	0.11196145124716561	1.0
886_H-10	2.0	2.0	0.17203694935311378	0.04996712689020377	1.0
887_H-10	2.0	2.0	0.46012788614713496	0.17554012345679015	1.0
888_H-10	2.0	2.0	0.3467314682496637	0.12143700455388773	1.0
889_H-10	2.0	2.0	0.2450781231224538	0.07792007008683566	1.0
88_H-10	2.0	2.0	0.4488644887230295	0.169921875	1.0
890_H-10	2.0	2.0	0.41197796835960676	0.15189257170676296	1.0
891_H-10	2.0	2.0	0.26168834252843115	0.08468194199647505	1.0
892_H-10	2.0	2.0	0.23987382528036544	0.07583102493074789	1.0
893_H-10	2.0	2.0	0.1931964131710076	0.057752267573696114	1.0
894_H-10	2.0	2.0	0.359633950292304	0.12730990316731616	1.0
895_H-10	2.0	2.0	0.38641529989950085	0.1397376960519201	1.0
896_H-10	2.0	2.0	0.40542962186204856	0.1487520465100738	1.0
897_H-10	2.0	2.0	0.3429428641121933	0.11972687939426718	1.0
898_H-10	2.0	2.0	0.3120895659343453	0.10604721626057323	1.0
899_H-10	2.0	2.0	0.5009551869142463	0.1963376932223544	1.0
89_H-10	2.0	2.0	0.27021686722886556	0.08820876073373651	1.0
8_H-10	2.0	2.0	0.2840583303408163	0.09401038521917648	1.0
900_H-10	2.0	2.0	0.3712323266408757	0.13265306122448983	1.0
901_H-10	2.0	2.0	0.2817615778850653	0.09304111531190928	1.0
902_H-10	2.0	2.0	0.4516228221820041	0.17129291453615791	1.0
903_H-10	2.0	2.0	0.19253105481819402	0.05750342935528119	1.0
904_H-10	2.0	2.0	0.30540057087920036	0.10314049586776863	1.0
905_H-10	2.0	2.0	0.49197010488056275	0.1917030764379981	1.0
906_H-10	2.0	2.0	0.306424729870515	0.10358416213173194	1.0
907_H-10	2.0	2.0	0.2729708579140699	0.08935546875	1.0
908_H-10	2.0	2.0	0.2589591026886216	0.08356112734470722	1.0
909_H-10	2.0	2.0	0.22228483068568797	0.06887755102040805	1.0
90_H-10	2.0	2.0	0.369354939985463	0.1317841154871484	1.0
910_H-10	2.0	2.0	0.31237534081818913	0.10617187500000003	1.0
911_H-10	2.0	2.0	0.2592291924724939	0.08367187499999984	1.0
912_H-10	2.0	2.0	0.3984592740952357	0.14542936288088648	1.0
913_H-10	2.0	2.0	0.20661933275140207	0.06282678360600435	1.0
914_H-10	2.0	2.0	0.26790472987137615	0.08724897959183675	1.0
915_H-10	2.0	2.0	0.17647205925259174	0.05157668523310388	1.0
916_H-10	2.0	2.0	0.28046750269234444	0.09249614197530875	1.0
917_H-10	2.0	2.0	0.23405456645586997	0.07351211002474733	1.0
918_H-10	2.0	2.0	0.19870742232646268	0.05982319768328004	1.0
919_H-10	2.0	2.0	0.3753275396561201	0.1345539477569868	1.0
91_H-10	2.0	2.0	0.29367630985136955	0.09809750297265163	1.0
920_H-10	2.0	2.0	0.3776463213737003	0.1356335514574658	1.0
921_H-10	2.0	2.0	0.3576467062456333	0.12640045963803503	1.0
922_H-10	2.0	2.0	0.2580186686648155	0.08317580340264641	1.0
923_H-10	2.0	2.0	0.38641529989950085	0.1397376960519201	1.0
924_H-10	2.0	2.0	0.3984592740952357	0.14542936288088648	1.0
925_H-10	2.0	2.0	0.3027061893305607	0.1019756893398831	1.0
926_H-10	2.0	2.0	0.38431154412649704	0.13874999999999993	1.0
927_H-10	2.0	2.0	0.3750514064240124	0.13442554085276193	1.0
928_H-10	2.0	2.0	0.2811937964320427	0.09280190362879237	1.0
929_H-10	2.0	2.0	0.2960360907177139	0.09910718099876115	1.0
92_H-10	2.0	2.0	0.34378486320682705	0.12010637993651518	1.0
930_H-10	2.0	2.0	0.2926113676914938	0.09764273356401398	1.0
931_H-10	2.0	2.0	0.32904135680259033	0.11350840052249911	1.0
932_H-10	2.0	2.0	0.3776463213737003	0.1356335514574658	1.0
933_H-10	2.0	2.0	0.40707680632541937	0.1495402920497566	1.0
934_H-10	2.0	2.0	0.3241476561692486	0.1113406393333567	1.0
935_H-10	2.0	2.0	0.3576467062456333	0.12640045963803503	1.0
936_H-10	2.0	2.0	0.3356037698561278	0.11643281807372174	1.0
937_H-10	2.0	2.0	0.3533593350214213	0.12444444444444436	1.0
938_H-10	2.0	2.0	0.29892393694554464	0.10034647603175317	1.0
939_H-10	2.0	2.0	0.28792302804926945	0.09564722322861141	1.0
93_H-10	2.0	2.0	0.35525067854925235	0.12530630429939849	1.0
940_H-10	2.0	2.0	0.3891349659718048	0.14101742322708466	1.0
941_H-10	2.0	2.0	0.133697960635451	0.03657266309170182	1.0
942_H-10	2.0	2.0	0.32586556063206124	0.11210034647603173	1.0
943_H-10	2.0	2.0	0.3912435636292556	0.14201183431952646	1.0
944_H-10	2.0	2.0	0.3744088453489206	0.13412686892146897	1.0
945_H-10	2.0	2.0	0.35031211314757904	0.12305927068019651	1.0
946_H-10	2.0	2.0	0.28522233558187027	0.09450260981044534	1.0
947_H-10	2.0	2.0	0.3058093228194141	0.1033175072411836	1.0
948_H-10	2.0	2.0	0.3429428641121933	0.11972687939426718	1.0
949_H-10	2.0	2.0	0.27866980356389914	0.09174045579910017	1.0
94_H-10	2.0	2.0	0.3567800143839433	0.12600438276113946	1.0
950_H-10	2.0	2.0	0.45079138835466503	0.17087931648273402	1.0
951_H-10	2.0	2.0	0.29461520565280713	0.09849890369370895	1.0
952_H-10	2.0	2.0	0.3650551896402849	0.12979989183342355	1.0
953_H-10	2.0	2.0	0.26676498780302604	0.08677685950413205	1.0
954_H-10	2.0	2.0	0.3514901924779433	0.12359429065743943	1.0
955_H-10	2.0	2.0	0.3027061893305607	0.1019756893398831	1.0
956_H-10	2.0	2.0	0.44319160792916135	0.1671120478753434	1.0
957_H-10	2.0	2.0	0.3159971329784247	0.10775510204081629	1.0
958_H-10	2.0	2.0	0.34511731494495296	0.12070759625390237	1.0
959_H-10	2.0	2.0	0.47098609264718755	0.18100549820022938	1.0
95_H-10	2.0	2.0	0.26806843059535923	0.08731684394890848	1.0
960_H-10	2.0	2.0	0.40985537031840497	0.15087258397447934	1.0
961_H-10	2.0	2.0	0.3602750564216627	0.12760367798836558	1.0
962_H-10	2.0	2.0	0.43949698692151334	0.16528925619834722	1.0
963_H-10	2.0	2.0	0.3894846465934144	0.14118219806077326	1.0
964_H-10	2.0	2.0	0.5127091420308771	0.20244897959183672	1.0
965_H-10	2.0	2.0	0.43408112000433463	0.16262755102040827	1.0
966_H-10	2.0	2.0	0.3415100295308317	0.11908182699054426	1.0
967_H-10	2.0	2.0	0.2863969571159562	0.09500000000000008	1.0
968_H-10	2.0	2.0	0.36783448900855753	0.13108152531229456	1.0
969_H-10	2.0	2.0	0.26676498780302604	0.08677685950413205	1.0
96_H-10	2.0	2.0	0.31526533955784414	0.10743470597660632	1.0
970_H-10	2.0	2.0	0.419921097375718	0.1557265731100046	1.0
971_H-10	2.0	2.0	0.5373760853377335	0.21545090797168376	1.0
972_H-10	2.0	2.0	0.32137942526410285	0.11011935296330488	1.0
973_H-10	2.0	2.0	0.3912435636292556	0.14201183431952646	1.0
974_H-10	2.0	2.0	0.38431154412649704	0.13874999999999993	1.0
975_H-10	2.0	2.0	0.3782416444053623	0.1359111111111111	1.0
976_H-10	2.0	2.0	0.4318049942752078	0.16151257811248199	1.0
977_H-10	2.0	2.0	0.4503450950492192	0.170657424910733	1.0
978_H-10	2.0	2.0	0.3912435636292556	0.14201183431952646	1.0
979_H-10	2.0	2.0	0.3241476561692486	0.1113406393333567	1.0
97_H-10	2.0	2.0	0.23868451135100138	0.07535563244905807	1.0
980_H-10	2.0	2.0	0.4652987598255712	0.17813683071930764	1.0
981_H-10	2.0	2.0	0.3591016256485496	0.1270661157024795	1.0
982_H-10	2.0	2.0	0.3661613004744754	0.13030954602620803	1.0
983_H-10	2.0	2.0	0.21413675678125108	0.06571336017400164	1.0
984_H-10	2.0	2.0	0.33868381719018026	0.11781224489795905	1.0
985_H-10	2.0	2.0	0.457015985247793	0.17398267036518078	1.0
986_H-10	2.0	2.0	0.2748031957462935	0.09012052593133668	1.0
987_H-10	2.0	2.0	0.17925606692832147	0.0525931336742147	1.0
988_H-10	2.0	2.0	0.36657801255334593	0.13050169282856272	1.0
989_H-10	2.0	2.0	0.31526533955784414	0.10743470597660632	1.0
98_H-10	2.0	2.0	0.3372900666170139	0.1171875	1.0
990_H-10	2.0	2.0	0.3327795598700386	0.11517181677895283	1.0
991_H-10	2.0	2.0	0.46481070884016495	0.17789127423822726	1.0
992_H-10	2.0	2.0	0.2974722489192897	0.09972299168975085	1.0
993_H-10	2.0	2.0	0.36124148642566023	0.1280468749999999	1.0
994_H-10	2.0	2.0	0.2532989253586311	0.08124885215794309	1.0
995_H-10	2.0	2.0	0.3339360631363668	0.11568774629386391	1.0
996_H-10	2.0	2.0	0.38499247230118866	0.13906947820679516	1.0
997_H-10	2.0	2.0	0.26419969320029124	0.08571663379355687	1.0
998_H-10	2.0	2.0	0.3880099736705969	0.14048767142026608	1.0
999_H-10	2.0	2.0	0.3389952770978138	0.1179519780918381	1.0
99_H-10	2.0	2.0	0.4358699153629579	0.16350532467998136	1.0
9_H-10	2.0	2.0	0.45458463502421176	0.17276858982451704	1.0
