	chao1	observed_otus	shannon	simpson	goods_coverage
1000_O-39	1.0	1.0	-0.0	0.0	1.0
100_O-39	1.0	1.0	-0.0	0.0	1.0
101_O-39	2.0	2.0	0.7219280948873623	0.31999999999999984	0.8
102_O-39	2.0	2.0	0.9182958340544894	0.4444444444444444	0.6666666666666667
103_O-39	6.5	5.0	2.0588138903312014	0.7160493827160495	0.6666666666666667
104_O-39	3.5	3.0	1.5	0.625	0.5
105_O-39	2.0	2.0	1.0	0.5	1.0
106_O-39	15.0	5.0	2.3219280948873626	0.7999999999999999	0.0
107_O-39	7.0	4.0	1.6644977792004612	0.6122448979591837	0.5714285714285714
108_O-39	3.5	3.0	1.5	0.625	0.5
109_O-39	4.5	4.0	1.75	0.65625	0.75
10_O-39	3.0	2.0	1.0	0.5	0.0
110_O-39	8.0	5.0	2.2516291673878226	0.7777777777777778	0.33333333333333337
111_O-39	2.0	2.0	0.9182958340544894	0.4444444444444444	0.6666666666666667
112_O-39	5.5	4.0	1.9219280948873625	0.72	0.4
113_O-39	4.0	3.0	1.2516291673878228	0.5	0.6666666666666667
114_O-39	2.0	2.0	0.7219280948873623	0.31999999999999984	0.8
115_O-39	2.0	2.0	0.9182958340544894	0.4444444444444444	0.6666666666666667
116_O-39	1.0	1.0	-0.0	0.0	0.0
117_O-39	5.5	4.0	1.9219280948873625	0.72	0.4
118_O-39	2.0	2.0	0.9182958340544894	0.4444444444444444	0.6666666666666667
119_O-39	2.0	2.0	0.9182958340544894	0.4444444444444444	0.6666666666666667
11_O-39	2.0	2.0	0.9182958340544894	0.4444444444444444	0.6666666666666667
120_O-39	1.0	1.0	-0.0	0.0	0.0
121_O-39	3.0	2.0	1.0	0.5	0.0
122_O-39	2.0	2.0	0.9182958340544894	0.4444444444444444	0.6666666666666667
123_O-39	3.0	3.0	1.4591479170272446	0.6111111111111112	0.8333333333333334
124_O-39	3.0	3.0	1.3787834934861756	0.5714285714285714	0.8571428571428572
125_O-39	1.0	1.0	-0.0	0.0	1.0
126_O-39	4.333333333333333	4.0	1.9182958340544893	0.7222222222222222	0.6666666666666667
127_O-39	3.0	3.0	1.5219280948873626	0.6399999999999999	0.8
128_O-39	3.0	2.0	1.0	0.5	0.0
129_O-39	6.0	3.0	1.584962500721156	0.6666666666666667	0.0
12_O-39	8.0	5.0	2.2516291673878226	0.7777777777777778	0.33333333333333337
130_O-39	0.0	0.0	nan	nan	nan
131_O-39	4.333333333333333	4.0	1.9182958340544893	0.7222222222222222	0.6666666666666667
132_O-39	4.0	3.0	1.2516291673878228	0.5	0.6666666666666667
133_O-39	3.0	2.0	1.0	0.5	0.0
134_O-39	2.0	2.0	0.7219280948873623	0.31999999999999984	0.8
135_O-39	3.0	3.0	1.5219280948873626	0.6399999999999999	0.8
136_O-39	0.0	0.0	nan	nan	nan
137_O-39	15.0	5.0	2.3219280948873626	0.7999999999999999	0.0
138_O-39	3.5	3.0	1.5	0.625	0.5
139_O-39	3.0	2.0	1.0	0.5	0.0
13_O-39	3.5	3.0	1.5	0.625	0.5
140_O-39	1.0	1.0	-0.0	0.0	0.0
141_O-39	1.0	1.0	-0.0	0.0	0.0
142_O-39	2.0	2.0	0.7219280948873623	0.31999999999999984	0.8
143_O-39	2.0	2.0	0.9182958340544894	0.4444444444444444	0.6666666666666667
144_O-39	10.0	4.0	2.0	0.75	0.0
145_O-39	2.0	2.0	0.9182958340544894	0.4444444444444444	1.0
146_O-39	1.0	1.0	-0.0	0.0	1.0
147_O-39	5.5	4.0	1.9219280948873625	0.72	0.4
148_O-39	3.5	3.0	1.5	0.625	0.5
149_O-39	4.0	3.0	1.061278124459133	0.40625	0.75
14_O-39	3.0	3.0	1.4591479170272446	0.6111111111111112	0.8333333333333334
150_O-39	3.0	3.0	1.3787834934861756	0.5714285714285714	0.8571428571428572
151_O-39	7.0	4.0	1.4466166676282084	0.5185185185185186	0.6666666666666667
152_O-39	1.0	1.0	-0.0	0.0	1.0
153_O-39	1.0	1.0	-0.0	0.0	1.0
154_O-39	8.0	5.0	2.2516291673878226	0.7777777777777778	0.33333333333333337
155_O-39	1.0	1.0	-0.0	0.0	1.0
156_O-39	5.5	4.0	1.9219280948873625	0.72	0.4
157_O-39	4.0	3.0	1.2516291673878228	0.5	0.6666666666666667
158_O-39	4.0	3.0	1.061278124459133	0.40625	0.75
159_O-39	3.0	3.0	1.5219280948873626	0.6399999999999999	0.8
15_O-39	2.0	2.0	0.9182958340544894	0.4444444444444444	0.6666666666666667
160_O-39	1.0	1.0	-0.0	0.0	0.0
161_O-39	8.0	5.0	2.2516291673878226	0.7777777777777778	0.33333333333333337
162_O-39	2.0	2.0	0.9182958340544894	0.4444444444444444	0.6666666666666667
163_O-39	6.5	5.0	1.8676338909712122	0.6446280991735538	0.7272727272727273
164_O-39	5.5	4.0	1.9219280948873625	0.72	0.4
165_O-39	2.0	2.0	0.9182958340544894	0.4444444444444444	0.6666666666666667
166_O-39	2.0	2.0	1.0	0.5	1.0
167_O-39	3.0	3.0	1.5219280948873626	0.6399999999999999	0.8
168_O-39	11.0	6.0	2.521640636343318	0.8163265306122449	0.2857142857142857
169_O-39	7.0	4.0	1.6644977792004612	0.6122448979591837	0.5714285714285714
16_O-39	7.0	4.0	1.6644977792004612	0.6122448979591837	0.5714285714285714
170_O-39	3.5	3.0	1.5	0.625	0.5
171_O-39	3.0	3.0	1.3787834934861756	0.5714285714285714	0.8571428571428572
172_O-39	4.0	4.0	1.950212064914747	0.7346938775510204	0.8571428571428572
173_O-39	4.0	3.0	1.2516291673878228	0.5	0.6666666666666667
174_O-39	2.0	2.0	0.9182958340544894	0.4444444444444444	0.6666666666666667
175_O-39	1.0	1.0	-0.0	0.0	1.0
176_O-39	1.0	1.0	-0.0	0.0	1.0
177_O-39	4.5	4.0	1.75	0.65625	0.75
178_O-39	3.0	3.0	1.5219280948873626	0.6399999999999999	0.8
179_O-39	3.0	2.0	1.0	0.5	0.0
17_O-39	2.0	2.0	0.9182958340544894	0.4444444444444444	0.6666666666666667
180_O-39	2.0	2.0	0.9182958340544894	0.4444444444444444	0.6666666666666667
181_O-39	1.0	1.0	-0.0	0.0	1.0
182_O-39	5.5	4.0	1.9219280948873625	0.72	0.4
183_O-39	1.0	1.0	-0.0	0.0	1.0
184_O-39	10.0	4.0	2.0	0.75	0.0
185_O-39	8.0	6.0	2.5	0.8125	0.5
186_O-39	6.0	3.0	1.584962500721156	0.6666666666666667	0.0
187_O-39	11.0	6.0	2.521640636343318	0.8163265306122449	0.2857142857142857
188_O-39	0.0	0.0	nan	nan	nan
189_O-39	4.5	4.0	1.75	0.65625	0.75
18_O-39	6.0	5.0	2.2359263506290326	0.7755102040816326	0.5714285714285714
190_O-39	1.0	1.0	-0.0	0.0	1.0
191_O-39	1.0	1.0	-0.0	0.0	0.0
192_O-39	8.0	5.0	2.2516291673878226	0.7777777777777778	0.33333333333333337
193_O-39	3.5	3.0	1.5	0.625	0.5
194_O-39	0.0	0.0	nan	nan	nan
195_O-39	7.0	4.0	1.6644977792004612	0.6122448979591837	0.5714285714285714
196_O-39	1.0	1.0	-0.0	0.0	1.0
197_O-39	3.5	3.0	1.5	0.625	0.5
198_O-39	5.5	4.0	1.9219280948873625	0.72	0.4
199_O-39	3.5	3.0	1.5	0.625	0.5
19_O-39	5.5	4.0	1.9219280948873625	0.72	0.4
1_O-39	1.0	1.0	-0.0	0.0	0.0
200_O-39	15.0	5.0	2.3219280948873626	0.7999999999999999	0.0
201_O-39	4.0	3.0	1.2516291673878228	0.5	0.6666666666666667
202_O-39	2.0	2.0	0.7219280948873623	0.31999999999999984	0.8
203_O-39	2.0	2.0	1.0	0.5	1.0
204_O-39	2.0	2.0	0.9182958340544894	0.4444444444444444	0.6666666666666667
205_O-39	4.5	4.0	1.75	0.65625	0.75
206_O-39	2.0	2.0	0.9182958340544894	0.4444444444444444	0.6666666666666667
207_O-39	7.0	4.0	1.6644977792004612	0.6122448979591837	0.5714285714285714
208_O-39	3.5	3.0	1.5	0.625	0.5
209_O-39	3.0	3.0	1.3787834934861756	0.5714285714285714	0.8571428571428572
20_O-39	1.0	1.0	-0.0	0.0	1.0
210_O-39	3.0	3.0	1.5219280948873626	0.6399999999999999	0.8
211_O-39	8.0	6.0	2.5	0.8125	0.5
212_O-39	6.0	3.0	1.584962500721156	0.6666666666666667	0.0
213_O-39	0.0	0.0	nan	nan	nan
214_O-39	1.0	1.0	-0.0	0.0	1.0
215_O-39	4.333333333333333	4.0	1.9182958340544896	0.7222222222222222	0.6666666666666667
216_O-39	3.5	3.0	1.5	0.625	0.5
217_O-39	22.0	7.0	2.2924812503605785	0.7083333333333334	0.5
218_O-39	15.0	5.0	2.3219280948873626	0.7999999999999999	0.0
219_O-39	3.5	3.0	1.5	0.625	0.5
21_O-39	2.0	2.0	0.8112781244591328	0.375	0.75
220_O-39	3.5	3.0	1.5	0.625	0.5
221_O-39	1.0	1.0	-0.0	0.0	1.0
222_O-39	14.5	7.0	2.75	0.84375	0.25
223_O-39	2.0	2.0	1.0	0.5	1.0
224_O-39	5.5	4.0	1.9219280948873625	0.72	0.4
225_O-39	11.0	6.0	2.521640636343318	0.8163265306122449	0.2857142857142857
226_O-39	3.0	2.0	1.0	0.5	0.0
227_O-39	2.0	2.0	0.7219280948873623	0.31999999999999984	0.8
228_O-39	1.0	1.0	-0.0	0.0	1.0
229_O-39	2.0	2.0	0.7219280948873623	0.31999999999999984	0.8
22_O-39	4.333333333333333	4.0	1.9182958340544893	0.7222222222222222	0.6666666666666667
230_O-39	1.0	1.0	-0.0	0.0	0.0
231_O-39	10.0	4.0	2.0	0.75	0.0
232_O-39	2.0	2.0	1.0	0.5	1.0
233_O-39	0.0	0.0	nan	nan	nan
234_O-39	3.5	3.0	1.5	0.625	0.5
235_O-39	2.0	2.0	0.7219280948873623	0.31999999999999984	0.8
236_O-39	3.0	3.0	1.5219280948873626	0.6399999999999999	0.8
237_O-39	2.0	2.0	0.9182958340544894	0.4444444444444444	0.6666666666666667
238_O-39	6.5	5.0	2.1556390622295667	0.75	0.625
239_O-39	3.5	3.0	1.5	0.625	0.5
23_O-39	2.0	2.0	0.8112781244591328	0.375	0.75
240_O-39	1.0	1.0	-0.0	0.0	1.0
241_O-39	4.0	3.0	1.2516291673878228	0.5	0.6666666666666667
242_O-39	1.0	1.0	-0.0	0.0	1.0
243_O-39	0.0	0.0	nan	nan	nan
244_O-39	2.0	2.0	0.9182958340544894	0.4444444444444444	0.6666666666666667
245_O-39	3.0	3.0	1.3787834934861756	0.5714285714285714	0.8571428571428572
246_O-39	2.0	2.0	0.7219280948873623	0.31999999999999984	0.8
247_O-39	3.5	3.0	1.5	0.625	0.5
248_O-39	2.0	2.0	0.9182958340544894	0.4444444444444444	0.6666666666666667
249_O-39	1.0	1.0	-0.0	0.0	1.0
24_O-39	3.0	3.0	1.5219280948873626	0.6399999999999999	0.8
250_O-39	2.0	2.0	0.7219280948873623	0.31999999999999984	0.8
251_O-39	0.0	0.0	nan	nan	nan
252_O-39	2.0	2.0	0.9182958340544894	0.4444444444444444	0.6666666666666667
253_O-39	2.0	2.0	1.0	0.5	1.0
254_O-39	6.0	3.0	1.584962500721156	0.6666666666666667	0.0
255_O-39	4.0	3.0	1.2516291673878228	0.5	0.6666666666666667
256_O-39	1.0	1.0	-0.0	0.0	1.0
257_O-39	6.0	3.0	1.584962500721156	0.6666666666666667	0.0
258_O-39	5.5	4.0	1.9219280948873625	0.72	0.4
259_O-39	3.0	2.0	1.0	0.5	0.0
25_O-39	3.0	2.0	1.0	0.5	0.0
260_O-39	1.0	1.0	-0.0	0.0	1.0
261_O-39	4.5	4.0	1.75	0.65625	0.75
262_O-39	1.0	1.0	-0.0	0.0	0.0
263_O-39	3.5	3.0	1.5	0.625	0.5
264_O-39	4.0	3.0	1.2516291673878228	0.5	0.6666666666666667
265_O-39	2.0	2.0	0.9182958340544894	0.4444444444444444	0.6666666666666667
266_O-39	1.0	1.0	-0.0	0.0	1.0
267_O-39	0.0	0.0	nan	nan	nan
268_O-39	2.0	2.0	1.0	0.5	1.0
269_O-39	7.0	4.0	1.6644977792004612	0.6122448979591837	0.5714285714285714
26_O-39	6.0	3.0	1.584962500721156	0.6666666666666667	0.0
270_O-39	10.333333333333334	7.0	2.7254805569978684	0.8395061728395061	0.4444444444444444
271_O-39	5.5	4.0	1.9219280948873625	0.72	0.4
272_O-39	15.0	5.0	2.3219280948873626	0.7999999999999999	0.0
273_O-39	4.333333333333333	4.0	1.9182958340544893	0.7222222222222222	0.6666666666666667
274_O-39	3.0	3.0	1.5219280948873626	0.6399999999999999	0.8
275_O-39	6.5	5.0	2.0588138903312014	0.7160493827160495	0.6666666666666667
276_O-39	1.0	1.0	-0.0	0.0	1.0
277_O-39	1.0	1.0	-0.0	0.0	1.0
278_O-39	5.5	4.0	1.9219280948873625	0.72	0.4
279_O-39	2.0	2.0	0.9182958340544894	0.4444444444444444	0.6666666666666667
27_O-39	0.0	0.0	nan	nan	nan
280_O-39	0.0	0.0	nan	nan	nan
281_O-39	8.0	5.0	2.0464393446710156	0.72	0.7
282_O-39	6.5	5.0	2.1556390622295667	0.75	0.625
283_O-39	3.0	2.0	1.0	0.5	0.0
284_O-39	4.333333333333333	4.0	1.9182958340544896	0.7222222222222222	0.6666666666666667
285_O-39	3.0	3.0	1.5219280948873626	0.6399999999999999	0.8
286_O-39	2.0	2.0	0.7219280948873623	0.31999999999999984	0.8
287_O-39	5.5	4.0	1.9219280948873625	0.72	0.4
288_O-39	3.0	2.0	1.0	0.5	0.0
289_O-39	15.0	5.0	2.3219280948873626	0.7999999999999999	0.0
28_O-39	1.0	1.0	-0.0	0.0	1.0
290_O-39	1.0	1.0	-0.0	0.0	1.0
291_O-39	2.0	2.0	0.7219280948873623	0.31999999999999984	0.8
292_O-39	2.0	2.0	0.9182958340544894	0.4444444444444444	0.6666666666666667
293_O-39	2.0	2.0	0.9182958340544894	0.4444444444444444	0.6666666666666667
294_O-39	3.5	3.0	1.5	0.625	0.5
295_O-39	0.0	0.0	nan	nan	nan
296_O-39	4.5	4.0	1.75	0.65625	0.75
297_O-39	6.0	5.0	2.2359263506290326	0.7755102040816326	0.5714285714285714
298_O-39	1.0	1.0	-0.0	0.0	0.0
299_O-39	1.0	1.0	-0.0	0.0	1.0
29_O-39	1.0	1.0	-0.0	0.0	0.0
2_O-39	2.0	2.0	0.9182958340544894	0.4444444444444444	0.6666666666666667
300_O-39	7.0	4.0	1.6644977792004612	0.6122448979591837	0.5714285714285714
301_O-39	1.0	1.0	-0.0	0.0	0.0
302_O-39	4.333333333333333	4.0	1.9182958340544893	0.7222222222222222	0.6666666666666667
303_O-39	15.0	5.0	2.3219280948873626	0.7999999999999999	0.0
304_O-39	2.0	2.0	0.9182958340544894	0.4444444444444444	0.6666666666666667
305_O-39	2.0	2.0	0.9182958340544894	0.4444444444444444	0.6666666666666667
306_O-39	0.0	0.0	nan	nan	nan
307_O-39	5.5	4.0	1.9219280948873625	0.72	0.4
308_O-39	0.0	0.0	nan	nan	nan
309_O-39	6.0	5.0	2.2359263506290326	0.7755102040816326	0.5714285714285714
30_O-39	8.0	5.0	2.2516291673878226	0.7777777777777778	0.33333333333333337
310_O-39	6.0	3.0	1.584962500721156	0.6666666666666667	0.0
311_O-39	2.0	2.0	0.7219280948873623	0.31999999999999984	0.8
312_O-39	3.5	3.0	1.5	0.625	0.5
313_O-39	0.0	0.0	nan	nan	nan
314_O-39	22.0	7.0	2.521928094887362	0.78	0.4
315_O-39	6.0	3.0	1.584962500721156	0.6666666666666667	0.0
316_O-39	8.0	5.0	2.2516291673878226	0.7777777777777778	0.33333333333333337
317_O-39	3.5	3.0	1.5	0.625	0.5
318_O-39	3.5	3.0	1.5	0.625	0.5
319_O-39	1.0	1.0	-0.0	0.0	0.0
31_O-39	5.5	4.0	1.9219280948873625	0.72	0.4
320_O-39	1.0	1.0	-0.0	0.0	1.0
321_O-39	5.5	4.0	1.9219280948873625	0.72	0.4
322_O-39	3.5	3.0	1.5	0.625	0.5
323_O-39	2.0	2.0	0.9182958340544894	0.4444444444444444	0.6666666666666667
324_O-39	7.0	4.0	1.6644977792004612	0.6122448979591837	0.5714285714285714
325_O-39	2.0	2.0	0.9182958340544894	0.4444444444444444	0.6666666666666667
326_O-39	1.0	1.0	-0.0	0.0	1.0
327_O-39	0.0	0.0	nan	nan	nan
328_O-39	1.0	1.0	-0.0	0.0	0.0
329_O-39	2.0	2.0	0.7219280948873623	0.31999999999999984	0.8
32_O-39	3.5	3.0	1.5	0.625	0.5
330_O-39	0.0	0.0	nan	nan	nan
331_O-39	4.0	3.0	1.2516291673878228	0.5	0.6666666666666667
332_O-39	2.0	2.0	0.9182958340544894	0.4444444444444444	1.0
333_O-39	1.0	1.0	-0.0	0.0	1.0
334_O-39	1.0	1.0	-0.0	0.0	1.0
335_O-39	3.0	2.0	1.0	0.5	0.0
336_O-39	6.0	3.0	1.584962500721156	0.6666666666666667	0.0
337_O-39	3.5	3.0	1.5	0.625	0.5
338_O-39	3.0	2.0	1.0	0.5	0.0
339_O-39	1.0	1.0	-0.0	0.0	0.0
33_O-39	8.0	5.0	2.2516291673878226	0.7777777777777778	0.33333333333333337
340_O-39	3.0	2.0	1.0	0.5	0.0
341_O-39	3.5	3.0	1.5	0.625	0.5
342_O-39	1.0	1.0	-0.0	0.0	1.0
343_O-39	2.0	2.0	0.9182958340544894	0.4444444444444444	0.6666666666666667
344_O-39	2.0	2.0	0.9182958340544894	0.4444444444444444	0.6666666666666667
345_O-39	3.5	3.0	1.5	0.625	0.5
346_O-39	3.5	3.0	1.5	0.625	0.5
347_O-39	2.0	2.0	0.9182958340544894	0.4444444444444444	1.0
348_O-39	1.0	1.0	-0.0	0.0	1.0
349_O-39	3.0	3.0	1.2243944454059863	0.49382716049382713	0.8888888888888888
34_O-39	0.0	0.0	nan	nan	nan
350_O-39	3.0	3.0	1.5219280948873626	0.6399999999999999	0.8
351_O-39	2.0	2.0	1.0	0.5	1.0
352_O-39	3.0	3.0	1.5219280948873626	0.6399999999999999	0.8
353_O-39	16.0	6.0	2.281036112553424	0.7407407407407407	0.4444444444444444
354_O-39	3.0	3.0	1.5219280948873626	0.6399999999999999	0.8
355_O-39	3.5	3.0	1.5	0.625	0.5
356_O-39	3.0	3.0	1.5219280948873626	0.6399999999999999	0.8
357_O-39	5.5	4.0	1.9219280948873625	0.72	0.4
358_O-39	1.0	1.0	-0.0	0.0	1.0
359_O-39	4.5	4.0	1.75	0.65625	0.75
35_O-39	9.0	6.0	2.321928094887362	0.76	0.6
360_O-39	2.0	2.0	0.9182958340544894	0.4444444444444444	0.6666666666666667
361_O-39	11.0	5.0	2.0	0.6875	0.5
362_O-39	1.0	1.0	-0.0	0.0	1.0
363_O-39	2.0	2.0	0.9182958340544894	0.4444444444444444	0.6666666666666667
364_O-39	0.0	0.0	nan	nan	nan
365_O-39	1.0	1.0	-0.0	0.0	1.0
366_O-39	11.0	6.0	2.521640636343318	0.8163265306122449	0.2857142857142857
367_O-39	11.0	5.0	2.0	0.6875	0.5
368_O-39	3.5	3.0	1.5	0.625	0.5
369_O-39	8.0	5.0	2.2516291673878226	0.7777777777777777	0.33333333333333337
36_O-39	2.0	2.0	0.8112781244591328	0.375	0.75
370_O-39	11.0	5.0	1.7709505944546686	0.6	0.6
371_O-39	2.0	2.0	0.9182958340544894	0.4444444444444444	1.0
372_O-39	2.0	2.0	0.9182958340544894	0.4444444444444444	1.0
373_O-39	4.333333333333333	4.0	1.9182958340544893	0.7222222222222222	0.6666666666666667
374_O-39	2.0	2.0	1.0	0.5	1.0
375_O-39	2.0	2.0	1.0	0.5	1.0
376_O-39	2.0	2.0	0.9182958340544894	0.4444444444444444	0.6666666666666667
377_O-39	3.5	3.0	1.5	0.625	0.5
378_O-39	3.0	2.0	1.0	0.5	0.0
379_O-39	3.0	2.0	1.0	0.5	0.0
37_O-39	2.0	2.0	0.7219280948873623	0.31999999999999984	0.8
380_O-39	6.0	5.0	2.2359263506290326	0.7755102040816326	0.5714285714285714
381_O-39	2.0	2.0	0.9182958340544894	0.4444444444444444	0.6666666666666667
382_O-39	1.0	1.0	-0.0	0.0	1.0
383_O-39	3.0	2.0	1.0	0.5	0.0
384_O-39	3.5	3.0	1.5	0.625	0.5
385_O-39	1.0	1.0	-0.0	0.0	0.0
386_O-39	1.0	1.0	-0.0	0.0	0.0
387_O-39	5.5	4.0	1.9219280948873625	0.72	0.4
388_O-39	3.5	3.0	1.5	0.625	0.5
389_O-39	3.5	3.0	1.5	0.625	0.5
38_O-39	15.0	5.0	2.3219280948873626	0.7999999999999999	0.0
390_O-39	4.0	4.0	1.950212064914747	0.7346938775510203	0.8571428571428572
391_O-39	0.0	0.0	nan	nan	nan
392_O-39	1.0	1.0	-0.0	0.0	1.0
393_O-39	2.0	2.0	0.7219280948873623	0.31999999999999984	0.8
394_O-39	3.0	3.0	1.3787834934861756	0.5714285714285714	0.8571428571428572
395_O-39	3.0	3.0	1.3787834934861756	0.5714285714285714	0.8571428571428572
396_O-39	2.0	2.0	0.9182958340544894	0.4444444444444444	0.6666666666666667
397_O-39	3.0	3.0	1.5219280948873626	0.6399999999999999	0.8
398_O-39	4.5	4.0	1.75	0.65625	0.75
399_O-39	3.5	3.0	1.5	0.625	0.5
39_O-39	1.0	1.0	-0.0	0.0	0.0
3_O-39	1.0	1.0	-0.0	0.0	1.0
400_O-39	5.5	4.0	1.9219280948873625	0.72	0.4
401_O-39	1.0	1.0	-0.0	0.0	1.0
402_O-39	3.0	2.0	1.0	0.5	0.0
403_O-39	3.0	2.0	1.0	0.5	0.0
404_O-39	5.5	4.0	1.9219280948873625	0.72	0.4
405_O-39	3.0	3.0	1.5219280948873626	0.6399999999999999	0.8
406_O-39	2.0	2.0	0.7219280948873623	0.31999999999999984	0.8
407_O-39	2.0	2.0	0.7219280948873623	0.31999999999999984	0.8
408_O-39	2.0	2.0	0.9182958340544894	0.4444444444444444	0.6666666666666667
409_O-39	6.0	3.0	1.584962500721156	0.6666666666666667	0.0
40_O-39	3.0	2.0	1.0	0.5	0.0
410_O-39	3.5	3.0	1.5	0.625	0.5
411_O-39	3.0	3.0	1.584962500721156	0.6666666666666667	1.0
412_O-39	1.0	1.0	-0.0	0.0	1.0
413_O-39	6.0	3.0	1.584962500721156	0.6666666666666667	0.0
414_O-39	1.0	1.0	-0.0	0.0	1.0
415_O-39	2.0	2.0	0.9182958340544894	0.4444444444444444	0.6666666666666667
416_O-39	5.5	4.0	1.9219280948873625	0.72	0.4
417_O-39	5.5	4.0	1.9219280948873625	0.72	0.4
418_O-39	3.0	3.0	1.5219280948873626	0.6399999999999999	0.8
419_O-39	0.0	0.0	nan	nan	nan
41_O-39	3.5	3.0	1.5	0.625	0.5
420_O-39	5.5	4.0	1.9219280948873625	0.72	0.4
421_O-39	5.5	4.0	1.9219280948873625	0.72	0.4
422_O-39	4.0	3.0	1.2516291673878228	0.5	0.6666666666666667
423_O-39	1.0	1.0	-0.0	0.0	1.0
424_O-39	2.0	2.0	0.9182958340544894	0.4444444444444444	0.6666666666666667
425_O-39	3.0	3.0	1.5219280948873626	0.6399999999999999	0.8
426_O-39	8.0	5.0	2.2516291673878226	0.7777777777777778	0.33333333333333337
427_O-39	6.0	3.0	1.584962500721156	0.6666666666666667	0.0
428_O-39	3.0	3.0	1.5	0.625	1.0
429_O-39	11.0	5.0	2.0	0.6875	0.5
42_O-39	2.0	2.0	0.9182958340544894	0.4444444444444444	0.6666666666666667
430_O-39	2.0	2.0	0.9182958340544894	0.4444444444444444	0.6666666666666667
431_O-39	2.0	2.0	0.9182958340544894	0.4444444444444444	0.6666666666666667
432_O-39	0.0	0.0	nan	nan	nan
433_O-39	3.0	2.0	1.0	0.5	0.0
434_O-39	2.0	2.0	0.9182958340544894	0.4444444444444444	0.6666666666666667
435_O-39	5.5	4.0	1.9219280948873625	0.72	0.4
436_O-39	6.5	5.0	2.1556390622295667	0.75	0.625
437_O-39	2.0	2.0	0.7219280948873623	0.31999999999999984	0.8
438_O-39	22.0	7.0	2.521928094887362	0.7799999999999999	0.4
439_O-39	2.0	2.0	0.9182958340544894	0.4444444444444444	0.6666666666666667
43_O-39	6.0	3.0	1.584962500721156	0.6666666666666667	0.0
440_O-39	2.0	2.0	0.9182958340544894	0.4444444444444444	0.6666666666666667
441_O-39	5.5	4.0	1.9219280948873625	0.72	0.4
442_O-39	3.5	3.0	1.5	0.625	0.5
443_O-39	1.0	1.0	-0.0	0.0	1.0
444_O-39	1.0	1.0	-0.0	0.0	0.0
445_O-39	1.0	1.0	-0.0	0.0	1.0
446_O-39	2.0	2.0	0.9182958340544894	0.4444444444444444	1.0
447_O-39	2.0	2.0	0.7219280948873623	0.31999999999999984	0.8
448_O-39	5.5	4.0	1.9219280948873625	0.72	0.4
449_O-39	5.5	4.0	1.9219280948873625	0.72	0.4
44_O-39	0.0	0.0	nan	nan	nan
450_O-39	3.0	3.0	1.5219280948873626	0.6399999999999999	0.8
451_O-39	5.25	5.0	2.25	0.78125	0.75
452_O-39	8.0	5.0	2.2516291673878226	0.7777777777777778	0.33333333333333337
453_O-39	10.0	4.0	2.0	0.75	0.0
454_O-39	2.0	2.0	1.0	0.5	1.0
455_O-39	2.0	2.0	0.9182958340544894	0.4444444444444444	0.6666666666666667
456_O-39	1.0	1.0	-0.0	0.0	1.0
457_O-39	6.0	5.0	2.2359263506290326	0.7755102040816326	0.5714285714285714
458_O-39	2.0	2.0	0.9182958340544894	0.4444444444444444	0.6666666666666667
459_O-39	3.5	3.0	1.5	0.625	0.5
45_O-39	2.0	2.0	0.7219280948873623	0.31999999999999984	0.8
460_O-39	3.0	3.0	1.584962500721156	0.6666666666666667	1.0
461_O-39	2.0	2.0	0.9182958340544894	0.4444444444444444	0.6666666666666667
462_O-39	3.0	3.0	1.2243944454059863	0.49382716049382713	0.8888888888888888
463_O-39	3.0	3.0	1.5219280948873626	0.6399999999999999	0.8
464_O-39	1.0	1.0	-0.0	0.0	1.0
465_O-39	5.5	4.0	1.9219280948873625	0.72	0.4
466_O-39	7.0	4.0	1.6644977792004612	0.6122448979591837	0.5714285714285714
467_O-39	7.0	4.0	1.6644977792004612	0.6122448979591837	0.5714285714285714
468_O-39	3.5	3.0	1.5	0.625	0.5
469_O-39	1.0	1.0	-0.0	0.0	1.0
46_O-39	6.0	5.0	2.2359263506290326	0.7755102040816326	0.5714285714285714
470_O-39	7.0	4.0	1.6644977792004612	0.6122448979591837	0.5714285714285714
471_O-39	2.0	2.0	0.9182958340544894	0.4444444444444444	0.6666666666666667
472_O-39	3.5	3.0	1.5	0.625	0.5
473_O-39	6.0	3.0	1.584962500721156	0.6666666666666667	0.0
474_O-39	10.0	4.0	2.0	0.75	0.0
475_O-39	3.5	3.0	1.5	0.625	0.5
476_O-39	2.0	2.0	1.0	0.5	1.0
477_O-39	2.0	2.0	0.9182958340544894	0.4444444444444444	0.6666666666666667
478_O-39	1.0	1.0	-0.0	0.0	1.0
479_O-39	2.0	2.0	1.0	0.5	1.0
47_O-39	10.0	4.0	2.0	0.75	0.0
480_O-39	3.0	2.0	1.0	0.5	0.0
481_O-39	1.0	1.0	-0.0	0.0	1.0
482_O-39	1.0	1.0	-0.0	0.0	1.0
483_O-39	1.0	1.0	-0.0	0.0	1.0
484_O-39	8.0	5.0	2.2516291673878226	0.7777777777777778	0.33333333333333337
485_O-39	3.5	3.0	1.5	0.625	0.5
486_O-39	1.0	1.0	-0.0	0.0	1.0
487_O-39	1.0	1.0	-0.0	0.0	0.0
488_O-39	2.0	2.0	0.7219280948873623	0.31999999999999984	0.8
489_O-39	1.0	1.0	-0.0	0.0	0.0
48_O-39	1.0	1.0	-0.0	0.0	1.0
490_O-39	1.0	1.0	-0.0	0.0	0.0
491_O-39	6.0	3.0	1.584962500721156	0.6666666666666667	0.0
492_O-39	7.0	4.0	1.6644977792004612	0.6122448979591837	0.5714285714285714
493_O-39	2.0	2.0	0.9852281360342515	0.48979591836734704	1.0
494_O-39	11.0	6.0	2.521640636343318	0.8163265306122449	0.2857142857142857
495_O-39	6.0	3.0	1.584962500721156	0.6666666666666667	0.0
496_O-39	5.5	4.0	1.9219280948873625	0.72	0.4
497_O-39	6.0	5.0	2.2359263506290326	0.7755102040816326	0.5714285714285714
498_O-39	4.333333333333333	4.0	1.9182958340544893	0.7222222222222222	0.6666666666666667
499_O-39	15.0	5.0	2.3219280948873626	0.7999999999999999	0.0
49_O-39	3.0	2.0	1.0	0.5	0.0
4_O-39	2.0	2.0	0.9182958340544894	0.4444444444444444	0.6666666666666667
500_O-39	6.5	5.0	2.0588138903312014	0.7160493827160495	0.6666666666666667
501_O-39	2.0	2.0	0.9182958340544894	0.4444444444444444	0.6666666666666667
502_O-39	1.0	1.0	-0.0	0.0	0.0
503_O-39	1.0	1.0	-0.0	0.0	1.0
504_O-39	6.0	3.0	1.584962500721156	0.6666666666666667	0.0
505_O-39	7.0	4.0	1.6644977792004612	0.6122448979591837	0.5714285714285714
506_O-39	8.0	6.0	2.5	0.8125	0.5
507_O-39	10.333333333333334	7.0	2.7254805569978684	0.8395061728395061	0.4444444444444444
508_O-39	1.0	1.0	-0.0	0.0	0.0
509_O-39	4.0	4.0	1.6858157091530304	0.628099173553719	0.9090909090909091
50_O-39	1.0	1.0	-0.0	0.0	1.0
510_O-39	1.0	1.0	-0.0	0.0	0.0
511_O-39	4.0	4.0	1.6858157091530304	0.628099173553719	0.9090909090909091
512_O-39	6.0	3.0	1.584962500721156	0.6666666666666667	0.0
513_O-39	1.0	1.0	-0.0	0.0	1.0
514_O-39	3.5	3.0	1.5	0.625	0.5
515_O-39	2.0	2.0	0.7219280948873623	0.31999999999999984	0.8
516_O-39	11.0	6.0	2.521640636343318	0.8163265306122449	0.2857142857142857
517_O-39	2.0	2.0	0.7219280948873623	0.31999999999999984	0.8
518_O-39	6.0	3.0	1.584962500721156	0.6666666666666667	0.0
519_O-39	6.0	3.0	1.584962500721156	0.6666666666666667	0.0
51_O-39	1.0	1.0	-0.0	0.0	1.0
520_O-39	4.333333333333333	4.0	1.9182958340544893	0.7222222222222222	0.6666666666666667
521_O-39	2.0	2.0	0.9182958340544894	0.4444444444444444	1.0
522_O-39	4.0	3.0	1.2516291673878228	0.5	0.6666666666666667
523_O-39	5.5	4.0	1.9219280948873625	0.72	0.4
524_O-39	0.0	0.0	nan	nan	nan
525_O-39	5.5	4.0	1.9219280948873625	0.72	0.4
526_O-39	1.0	1.0	-0.0	0.0	1.0
527_O-39	4.0	4.0	1.950212064914747	0.7346938775510204	0.8571428571428572
528_O-39	2.0	2.0	1.0	0.5	1.0
529_O-39	4.333333333333333	4.0	1.9182958340544896	0.7222222222222222	0.6666666666666667
52_O-39	2.0	2.0	0.5916727785823274	0.24489795918367352	0.8571428571428572
530_O-39	8.0	5.0	2.2516291673878226	0.7777777777777778	0.33333333333333337
531_O-39	3.5	3.0	1.5	0.625	0.5
532_O-39	8.0	5.0	2.2516291673878226	0.7777777777777778	0.33333333333333337
533_O-39	6.0	5.0	2.2359263506290326	0.7755102040816326	0.5714285714285714
534_O-39	7.0	4.0	1.4466166676282084	0.5185185185185186	0.6666666666666667
535_O-39	5.5	4.0	1.9219280948873625	0.72	0.4
536_O-39	3.5	3.0	1.5	0.625	0.5
537_O-39	5.5	4.0	1.9219280948873625	0.72	0.4
538_O-39	10.0	4.0	2.0	0.75	0.0
539_O-39	3.0	3.0	1.5219280948873626	0.6399999999999999	0.8
53_O-39	7.0	4.0	1.6644977792004612	0.6122448979591837	0.5714285714285714
540_O-39	8.0	5.0	2.2516291673878226	0.7777777777777778	0.33333333333333337
541_O-39	4.0	4.0	1.950212064914747	0.7346938775510204	0.8571428571428572
542_O-39	1.0	1.0	-0.0	0.0	0.0
543_O-39	3.5	3.0	1.5	0.625	0.5
544_O-39	5.5	4.0	1.9219280948873625	0.72	0.4
545_O-39	2.0	2.0	0.9182958340544894	0.4444444444444444	0.6666666666666667
546_O-39	3.0	2.0	1.0	0.5	0.0
547_O-39	5.5	4.0	1.9219280948873625	0.72	0.4
548_O-39	1.0	1.0	-0.0	0.0	0.0
549_O-39	2.0	2.0	0.9182958340544894	0.4444444444444444	0.6666666666666667
54_O-39	1.0	1.0	-0.0	0.0	0.0
550_O-39	1.0	1.0	-0.0	0.0	0.0
551_O-39	3.5	3.0	1.5	0.625	0.5
552_O-39	3.5	3.0	1.5	0.625	0.5
553_O-39	2.0	2.0	0.7219280948873623	0.31999999999999984	0.8
554_O-39	1.0	1.0	-0.0	0.0	1.0
555_O-39	6.0	3.0	1.584962500721156	0.6666666666666667	0.0
556_O-39	6.0	3.0	1.584962500721156	0.6666666666666667	0.0
557_O-39	2.0	2.0	0.9182958340544894	0.4444444444444444	0.6666666666666667
558_O-39	2.0	2.0	0.9182958340544894	0.4444444444444444	0.6666666666666667
559_O-39	11.0	5.0	2.0	0.6875	0.5
55_O-39	6.0	3.0	1.584962500721156	0.6666666666666667	0.0
560_O-39	3.0	2.0	1.0	0.5	0.0
561_O-39	1.0	1.0	-0.0	0.0	0.0
562_O-39	5.5	4.0	1.9219280948873625	0.72	0.4
563_O-39	4.0	3.0	1.2516291673878228	0.5	0.6666666666666667
564_O-39	1.0	1.0	-0.0	0.0	0.0
565_O-39	0.0	0.0	nan	nan	nan
566_O-39	2.0	2.0	1.0	0.5	1.0
567_O-39	3.0	3.0	1.3787834934861756	0.5714285714285714	0.8571428571428572
568_O-39	3.0	3.0	1.5219280948873626	0.6399999999999999	0.8
569_O-39	4.333333333333333	4.0	1.9182958340544893	0.7222222222222222	0.6666666666666667
56_O-39	1.0	1.0	-0.0	0.0	0.0
570_O-39	3.0	3.0	1.2243944454059863	0.49382716049382713	0.8888888888888888
571_O-39	1.0	1.0	-0.0	0.0	1.0
572_O-39	1.0	1.0	-0.0	0.0	1.0
573_O-39	1.0	1.0	-0.0	0.0	1.0
574_O-39	5.5	4.0	1.9219280948873625	0.72	0.4
575_O-39	2.0	2.0	1.0	0.5	1.0
576_O-39	5.5	4.0	1.9219280948873625	0.72	0.4
577_O-39	3.0	2.0	1.0	0.5	0.0
578_O-39	4.0	3.0	1.2516291673878228	0.5	0.6666666666666667
579_O-39	1.0	1.0	-0.0	0.0	1.0
57_O-39	3.0	3.0	1.3787834934861756	0.5714285714285714	0.8571428571428572
580_O-39	2.0	2.0	0.9182958340544894	0.4444444444444444	0.6666666666666667
581_O-39	5.5	4.0	1.9219280948873625	0.72	0.4
582_O-39	1.0	1.0	-0.0	0.0	0.0
583_O-39	2.0	2.0	0.9182958340544894	0.4444444444444444	1.0
584_O-39	1.0	1.0	-0.0	0.0	1.0
585_O-39	21.0	6.0	2.584962500721156	0.8333333333333334	0.0
586_O-39	0.0	0.0	nan	nan	nan
587_O-39	3.5	3.0	1.5	0.625	0.5
588_O-39	2.0	2.0	0.9182958340544894	0.4444444444444444	0.6666666666666667
589_O-39	1.0	1.0	-0.0	0.0	1.0
58_O-39	8.0	5.0	2.0464393446710156	0.72	0.7
590_O-39	3.0	2.0	1.0	0.5	0.0
591_O-39	1.0	1.0	-0.0	0.0	0.0
592_O-39	1.0	1.0	-0.0	0.0	1.0
593_O-39	15.0	5.0	2.3219280948873626	0.7999999999999999	0.0
594_O-39	1.0	1.0	-0.0	0.0	1.0
595_O-39	5.25	5.0	2.25	0.78125	0.75
596_O-39	1.0	1.0	-0.0	0.0	1.0
597_O-39	3.0	2.0	1.0	0.5	0.0
598_O-39	3.0	3.0	1.5219280948873626	0.6399999999999999	0.8
599_O-39	13.0	8.0	2.9219280948873627	0.86	0.4
59_O-39	2.0	2.0	1.0	0.5	1.0
5_O-39	1.0	1.0	-0.0	0.0	1.0
600_O-39	2.0	2.0	0.9182958340544894	0.4444444444444444	0.6666666666666667
601_O-39	8.0	5.0	2.2516291673878226	0.7777777777777778	0.33333333333333337
602_O-39	11.0	5.0	2.0	0.6875	0.5
603_O-39	1.0	1.0	-0.0	0.0	1.0
604_O-39	2.0	2.0	0.9182958340544894	0.4444444444444444	0.6666666666666667
605_O-39	2.0	2.0	0.9182958340544894	0.4444444444444444	1.0
606_O-39	1.0	1.0	-0.0	0.0	1.0
607_O-39	6.5	5.0	2.1556390622295667	0.75	0.625
608_O-39	3.0	2.0	1.0	0.5	0.0
609_O-39	5.5	4.0	1.9219280948873625	0.72	0.4
60_O-39	10.0	4.0	2.0	0.75	0.0
610_O-39	2.0	2.0	0.9182958340544894	0.4444444444444444	0.6666666666666667
611_O-39	8.0	6.0	2.5	0.8125	0.5
612_O-39	0.0	0.0	nan	nan	nan
613_O-39	2.0	2.0	0.9182958340544894	0.4444444444444444	1.0
614_O-39	5.5	4.0	1.9219280948873625	0.72	0.4
615_O-39	16.0	6.0	2.281036112553424	0.7407407407407407	0.4444444444444444
616_O-39	1.0	1.0	-0.0	0.0	1.0
617_O-39	10.0	4.0	2.0	0.75	0.0
618_O-39	2.0	2.0	0.9182958340544894	0.4444444444444444	0.6666666666666667
619_O-39	0.0	0.0	nan	nan	nan
61_O-39	5.5	4.0	1.9219280948873625	0.72	0.4
620_O-39	11.0	6.0	2.521640636343318	0.8163265306122449	0.2857142857142857
621_O-39	2.0	2.0	0.9182958340544894	0.4444444444444444	0.6666666666666667
622_O-39	6.0	3.0	1.584962500721156	0.6666666666666667	0.0
623_O-39	2.0	2.0	0.9182958340544894	0.4444444444444444	0.6666666666666667
624_O-39	5.5	4.0	1.9219280948873625	0.72	0.4
625_O-39	3.5	3.0	1.5	0.625	0.5
626_O-39	3.0	3.0	1.5219280948873626	0.6399999999999999	0.8
627_O-39	4.0	3.0	1.2516291673878228	0.5	0.6666666666666667
628_O-39	1.0	1.0	-0.0	0.0	1.0
629_O-39	0.0	0.0	nan	nan	nan
62_O-39	3.0	2.0	1.0	0.5	0.0
630_O-39	1.0	1.0	-0.0	0.0	1.0
631_O-39	6.0	3.0	1.584962500721156	0.6666666666666667	0.0
632_O-39	2.0	2.0	0.9182958340544894	0.4444444444444444	0.6666666666666667
633_O-39	1.0	1.0	-0.0	0.0	1.0
634_O-39	11.0	6.0	2.521640636343318	0.8163265306122449	0.2857142857142857
635_O-39	3.0	3.0	1.5219280948873626	0.6399999999999999	0.8
636_O-39	8.0	6.0	2.5	0.8125	0.5
637_O-39	4.333333333333333	4.0	1.9182958340544896	0.7222222222222222	0.6666666666666667
638_O-39	1.0	1.0	-0.0	0.0	1.0
639_O-39	5.5	4.0	1.9219280948873625	0.72	0.4
63_O-39	3.0	2.0	1.0	0.5	0.0
640_O-39	4.0	3.0	1.2516291673878228	0.5	0.6666666666666667
641_O-39	2.0	2.0	0.9182958340544894	0.4444444444444444	0.6666666666666667
642_O-39	4.0	4.0	1.950212064914747	0.7346938775510204	0.8571428571428572
643_O-39	2.0	2.0	0.9182958340544894	0.4444444444444444	0.6666666666666667
644_O-39	3.0	2.0	1.0	0.5	0.0
645_O-39	1.0	1.0	-0.0	0.0	0.0
646_O-39	5.0	5.0	2.045841640885174	0.7100591715976331	0.9230769230769231
647_O-39	2.0	2.0	0.7219280948873623	0.31999999999999984	0.8
648_O-39	5.5	4.0	1.9219280948873625	0.72	0.4
649_O-39	2.0	2.0	0.9182958340544894	0.4444444444444444	0.6666666666666667
64_O-39	1.0	1.0	-0.0	0.0	1.0
650_O-39	1.0	1.0	-0.0	0.0	1.0
651_O-39	2.0	2.0	0.9182958340544894	0.4444444444444444	0.6666666666666667
652_O-39	7.0	4.0	1.6644977792004612	0.6122448979591837	0.5714285714285714
653_O-39	8.0	6.0	2.5	0.8125	0.5
654_O-39	4.333333333333333	4.0	1.9182958340544893	0.7222222222222222	0.6666666666666667
655_O-39	2.0	2.0	0.9182958340544894	0.4444444444444444	0.6666666666666667
656_O-39	3.5	3.0	1.5	0.625	0.5
657_O-39	3.5	3.0	1.5	0.625	0.5
658_O-39	1.0	1.0	-0.0	0.0	1.0
659_O-39	8.0	5.0	2.2516291673878226	0.7777777777777778	0.33333333333333337
65_O-39	1.0	1.0	-0.0	0.0	0.0
660_O-39	8.0	6.0	2.5	0.8125	0.5
661_O-39	7.0	4.0	1.6644977792004612	0.6122448979591837	0.5714285714285714
662_O-39	5.5	4.0	1.9219280948873625	0.72	0.4
663_O-39	5.5	4.0	1.9219280948873625	0.72	0.4
664_O-39	1.0	1.0	-0.0	0.0	1.0
665_O-39	3.5	3.0	1.5	0.625	0.5
666_O-39	2.0	2.0	1.0	0.5	1.0
667_O-39	1.0	1.0	-0.0	0.0	0.0
668_O-39	2.0	2.0	0.9709505944546688	0.48	1.0
669_O-39	6.0	3.0	1.584962500721156	0.6666666666666667	0.0
66_O-39	0.0	0.0	nan	nan	nan
670_O-39	3.0	3.0	1.3787834934861756	0.5714285714285714	0.8571428571428572
671_O-39	1.0	1.0	-0.0	0.0	1.0
672_O-39	6.0	5.0	2.2359263506290326	0.7755102040816326	0.5714285714285714
673_O-39	2.0	2.0	0.9182958340544894	0.4444444444444444	0.6666666666666667
674_O-39	1.0	1.0	-0.0	0.0	1.0
675_O-39	4.0	3.0	1.2516291673878228	0.5	0.6666666666666667
676_O-39	2.0	2.0	0.9182958340544894	0.4444444444444444	1.0
677_O-39	4.5	4.0	1.8423709931771086	0.6938775510204082	0.7142857142857143
678_O-39	8.0	5.0	2.2516291673878226	0.7777777777777778	0.33333333333333337
679_O-39	3.5	3.0	1.5	0.625	0.5
67_O-39	5.25	5.0	2.25	0.78125	0.75
680_O-39	3.0	2.0	1.0	0.5	0.0
681_O-39	3.0	2.0	1.0	0.5	0.0
682_O-39	1.0	1.0	-0.0	0.0	1.0
683_O-39	1.0	1.0	-0.0	0.0	1.0
684_O-39	3.0	3.0	1.5219280948873626	0.6399999999999999	0.8
685_O-39	13.0	8.0	2.9219280948873627	0.86	0.4
686_O-39	2.0	2.0	0.9182958340544894	0.4444444444444444	0.6666666666666667
687_O-39	8.0	6.0	2.5	0.8125	0.5
688_O-39	0.0	0.0	nan	nan	nan
689_O-39	4.333333333333333	4.0	1.9182958340544893	0.7222222222222222	0.6666666666666667
68_O-39	6.0	3.0	1.584962500721156	0.6666666666666667	0.0
690_O-39	6.0	3.0	1.584962500721156	0.6666666666666667	0.0
691_O-39	0.0	0.0	nan	nan	nan
692_O-39	5.25	5.0	2.25	0.78125	0.75
693_O-39	2.0	2.0	0.9182958340544894	0.4444444444444444	0.6666666666666667
694_O-39	4.333333333333333	4.0	1.9182958340544893	0.7222222222222222	0.6666666666666667
695_O-39	6.0	5.0	2.2359263506290326	0.7755102040816326	0.5714285714285714
696_O-39	15.0	5.0	2.3219280948873626	0.7999999999999999	0.0
697_O-39	3.5	3.0	1.5	0.625	0.5
698_O-39	3.0	3.0	1.3787834934861756	0.5714285714285714	0.8571428571428572
699_O-39	2.0	2.0	0.9182958340544894	0.4444444444444444	1.0
69_O-39	3.0	2.0	1.0	0.5	0.0
6_O-39	5.5	4.0	1.9219280948873625	0.72	0.4
700_O-39	6.5	5.0	2.0588138903312014	0.7160493827160495	0.6666666666666667
701_O-39	1.0	1.0	-0.0	0.0	0.0
702_O-39	16.0	6.0	2.281036112553424	0.7407407407407407	0.4444444444444444
703_O-39	1.0	1.0	-0.0	0.0	0.0
704_O-39	11.0	6.0	2.521640636343318	0.8163265306122449	0.2857142857142857
705_O-39	1.0	1.0	-0.0	0.0	0.0
706_O-39	3.0	2.0	1.0	0.5	0.0
707_O-39	6.0	5.0	2.2359263506290326	0.7755102040816326	0.5714285714285714
708_O-39	4.5	4.0	1.75	0.65625	0.75
709_O-39	2.0	2.0	1.0	0.5	1.0
70_O-39	3.5	3.0	1.5	0.625	0.5
710_O-39	3.0	2.0	1.0	0.5	0.0
711_O-39	3.5	3.0	1.5	0.625	0.5
712_O-39	3.0	3.0	1.5219280948873626	0.6399999999999999	0.8
713_O-39	0.0	0.0	nan	nan	nan
714_O-39	4.333333333333333	4.0	1.9182958340544896	0.7222222222222222	0.6666666666666667
715_O-39	0.0	0.0	nan	nan	nan
716_O-39	3.5	3.0	1.5	0.625	0.5
717_O-39	10.0	4.0	2.0	0.75	0.0
718_O-39	1.0	1.0	-0.0	0.0	1.0
719_O-39	3.5	3.0	1.5	0.625	0.5
71_O-39	2.0	2.0	0.9182958340544894	0.4444444444444444	0.6666666666666667
720_O-39	8.0	6.0	2.5	0.8125	0.5
721_O-39	3.0	2.0	1.0	0.5	0.0
722_O-39	3.0	3.0	1.5219280948873626	0.6399999999999999	0.8
723_O-39	4.0	3.0	1.2516291673878228	0.5	0.6666666666666667
724_O-39	8.0	5.0	2.2516291673878226	0.7777777777777778	0.33333333333333337
725_O-39	11.0	6.0	2.521640636343318	0.8163265306122449	0.2857142857142857
726_O-39	2.0	2.0	1.0	0.5	1.0
727_O-39	11.0	5.0	2.0	0.6875	0.5
728_O-39	1.0	1.0	-0.0	0.0	1.0
729_O-39	2.0	2.0	0.9182958340544894	0.4444444444444444	0.6666666666666667
72_O-39	3.5	3.0	1.5	0.625	0.5
730_O-39	7.0	4.0	1.6644977792004612	0.6122448979591837	0.5714285714285714
731_O-39	2.0	2.0	1.0	0.5	1.0
732_O-39	1.0	1.0	-0.0	0.0	0.0
733_O-39	0.0	0.0	nan	nan	nan
734_O-39	2.0	2.0	0.9182958340544894	0.4444444444444444	0.6666666666666667
735_O-39	8.0	5.0	2.2516291673878226	0.7777777777777778	0.33333333333333337
736_O-39	2.0	2.0	0.7219280948873623	0.31999999999999984	0.8
737_O-39	5.5	4.0	1.9219280948873625	0.72	0.4
738_O-39	0.0	0.0	nan	nan	nan
739_O-39	6.0	3.0	1.584962500721156	0.6666666666666667	0.0
73_O-39	4.0	4.0	1.836591668108979	0.691358024691358	0.8888888888888888
740_O-39	21.0	6.0	2.584962500721156	0.8333333333333334	0.0
741_O-39	8.0	5.0	2.2516291673878226	0.7777777777777778	0.33333333333333337
742_O-39	6.0	5.0	2.2359263506290326	0.7755102040816326	0.5714285714285714
743_O-39	6.0	3.0	1.584962500721156	0.6666666666666667	0.0
744_O-39	6.0	3.0	1.584962500721156	0.6666666666666667	0.0
745_O-39	2.0	2.0	0.9182958340544894	0.4444444444444444	0.6666666666666667
746_O-39	1.0	1.0	-0.0	0.0	1.0
747_O-39	3.5	3.0	1.5	0.625	0.5
748_O-39	2.0	2.0	0.9182958340544894	0.4444444444444444	0.6666666666666667
749_O-39	1.0	1.0	-0.0	0.0	1.0
74_O-39	0.0	0.0	nan	nan	nan
750_O-39	4.333333333333333	4.0	1.9182958340544893	0.7222222222222222	0.6666666666666667
751_O-39	2.0	2.0	0.9182958340544894	0.4444444444444444	0.6666666666666667
752_O-39	5.5	4.0	1.9219280948873625	0.72	0.4
753_O-39	6.5	5.0	2.0588138903312014	0.7160493827160495	0.6666666666666667
754_O-39	14.5	7.0	2.75	0.84375	0.25
755_O-39	2.0	2.0	1.0	0.5	1.0
756_O-39	8.0	5.0	2.2516291673878226	0.7777777777777778	0.33333333333333337
757_O-39	0.0	0.0	nan	nan	nan
758_O-39	7.0	4.0	1.6644977792004612	0.6122448979591837	0.5714285714285714
759_O-39	1.0	1.0	-0.0	0.0	1.0
75_O-39	2.0	2.0	0.9182958340544894	0.4444444444444444	0.6666666666666667
760_O-39	6.2	6.0	2.5219280948873624	0.82	0.8
761_O-39	3.5	3.0	1.5	0.625	0.5
762_O-39	1.0	1.0	-0.0	0.0	0.0
763_O-39	8.0	5.0	2.2516291673878226	0.7777777777777778	0.33333333333333337
764_O-39	1.0	1.0	-0.0	0.0	1.0
765_O-39	6.0	5.0	2.2359263506290326	0.7755102040816326	0.5714285714285714
766_O-39	5.5	4.0	1.9219280948873625	0.72	0.4
767_O-39	2.0	2.0	0.7219280948873623	0.31999999999999984	0.8
768_O-39	1.0	1.0	-0.0	0.0	1.0
769_O-39	2.0	2.0	1.0	0.5	1.0
76_O-39	5.0	4.0	1.7527152789797051	0.6666666666666667	0.7777777777777778
770_O-39	3.0	3.0	1.3787834934861756	0.5714285714285714	0.8571428571428572
771_O-39	2.0	2.0	0.9182958340544894	0.4444444444444444	0.6666666666666667
772_O-39	3.5	3.0	1.5	0.625	0.5
773_O-39	0.0	0.0	nan	nan	nan
774_O-39	3.5	3.0	1.5	0.625	0.5
775_O-39	1.0	1.0	-0.0	0.0	1.0
776_O-39	7.0	4.0	1.6644977792004612	0.6122448979591837	0.5714285714285714
777_O-39	1.0	1.0	-0.0	0.0	1.0
778_O-39	1.0	1.0	-0.0	0.0	0.0
779_O-39	2.0	2.0	0.7219280948873623	0.31999999999999984	0.8
77_O-39	1.0	1.0	-0.0	0.0	0.0
780_O-39	6.0	3.0	1.584962500721156	0.6666666666666667	0.0
781_O-39	2.0	2.0	0.9182958340544894	0.4444444444444444	1.0
782_O-39	6.5	5.0	2.0588138903312014	0.7160493827160495	0.6666666666666667
783_O-39	4.0	4.0	1.950212064914747	0.7346938775510204	0.8571428571428572
784_O-39	7.0	4.0	1.6644977792004612	0.6122448979591837	0.5714285714285714
785_O-39	5.5	4.0	1.9219280948873625	0.72	0.4
786_O-39	10.0	4.0	2.0	0.75	0.0
787_O-39	1.0	1.0	-0.0	0.0	1.0
788_O-39	1.0	1.0	-0.0	0.0	0.0
789_O-39	0.0	0.0	nan	nan	nan
78_O-39	1.0	1.0	-0.0	0.0	1.0
790_O-39	4.0	3.0	1.2516291673878228	0.5	0.6666666666666667
791_O-39	1.0	1.0	-0.0	0.0	1.0
792_O-39	15.0	5.0	2.3219280948873626	0.7999999999999999	0.0
793_O-39	2.0	2.0	0.7219280948873623	0.31999999999999984	0.8
794_O-39	0.0	0.0	nan	nan	nan
795_O-39	3.5	3.0	1.5	0.625	0.5
796_O-39	1.0	1.0	-0.0	0.0	0.0
797_O-39	3.5	3.0	1.5	0.625	0.5
798_O-39	1.0	1.0	-0.0	0.0	1.0
799_O-39	11.0	5.0	2.0	0.6875	0.5
79_O-39	4.5	4.0	1.75	0.65625	0.75
7_O-39	3.5	3.0	1.5	0.625	0.5
800_O-39	7.0	4.0	1.6644977792004612	0.6122448979591837	0.5714285714285714
801_O-39	3.5	3.0	1.5	0.625	0.5
802_O-39	1.0	1.0	-0.0	0.0	1.0
803_O-39	6.0	3.0	1.584962500721156	0.6666666666666667	0.0
804_O-39	4.333333333333333	4.0	1.9182958340544896	0.7222222222222222	0.6666666666666667
805_O-39	11.0	6.0	2.521640636343318	0.8163265306122449	0.2857142857142857
806_O-39	13.0	8.0	2.9219280948873627	0.86	0.4
807_O-39	1.0	1.0	-0.0	0.0	1.0
808_O-39	2.0	2.0	0.9182958340544894	0.4444444444444444	0.6666666666666667
809_O-39	6.0	5.0	2.2359263506290326	0.7755102040816326	0.5714285714285714
80_O-39	3.5	3.0	1.5	0.625	0.5
810_O-39	3.0	3.0	1.5219280948873626	0.6399999999999999	0.8
811_O-39	3.0	2.0	1.0	0.5	0.0
812_O-39	6.0	3.0	1.584962500721156	0.6666666666666667	0.0
813_O-39	1.0	1.0	-0.0	0.0	1.0
814_O-39	2.0	2.0	0.7219280948873623	0.31999999999999984	0.8
815_O-39	2.0	2.0	0.8112781244591328	0.375	0.75
816_O-39	4.0	4.0	1.950212064914747	0.7346938775510203	0.8571428571428572
817_O-39	3.5	3.0	1.5	0.625	0.5
818_O-39	1.0	1.0	-0.0	0.0	1.0
819_O-39	3.5	3.0	1.5	0.625	0.5
81_O-39	2.0	2.0	0.9182958340544894	0.4444444444444444	0.6666666666666667
820_O-39	11.0	6.0	2.521640636343318	0.8163265306122449	0.2857142857142857
821_O-39	5.5	4.0	1.9219280948873625	0.72	0.4
822_O-39	5.5	4.0	1.9219280948873625	0.72	0.4
823_O-39	2.0	2.0	0.9182958340544894	0.4444444444444444	1.0
824_O-39	1.0	1.0	-0.0	0.0	1.0
825_O-39	2.0	2.0	0.9182958340544894	0.4444444444444444	0.6666666666666667
826_O-39	5.5	4.0	1.9219280948873625	0.72	0.4
827_O-39	2.0	2.0	0.9182958340544894	0.4444444444444444	1.0
828_O-39	6.0	5.0	2.2359263506290326	0.7755102040816326	0.5714285714285714
829_O-39	4.333333333333333	4.0	1.9182958340544893	0.7222222222222222	0.6666666666666667
82_O-39	2.0	2.0	0.9182958340544894	0.4444444444444444	0.6666666666666667
830_O-39	4.5	4.0	1.75	0.65625	0.75
831_O-39	1.0	1.0	-0.0	0.0	0.0
832_O-39	4.333333333333333	4.0	1.9182958340544896	0.7222222222222222	0.6666666666666667
833_O-39	1.0	1.0	-0.0	0.0	1.0
834_O-39	3.0	3.0	1.5219280948873626	0.6399999999999999	0.8
835_O-39	3.0	2.0	1.0	0.5	0.0
836_O-39	3.0	2.0	1.0	0.5	0.0
837_O-39	3.5	3.0	1.5	0.625	0.5
838_O-39	2.0	2.0	0.8112781244591328	0.375	1.0
839_O-39	6.0	3.0	1.584962500721156	0.6666666666666667	0.0
83_O-39	3.5	3.0	1.5	0.625	0.5
840_O-39	2.0	2.0	0.9182958340544894	0.4444444444444444	0.6666666666666667
841_O-39	2.0	2.0	0.9182958340544894	0.4444444444444444	0.6666666666666667
842_O-39	2.0	2.0	0.9182958340544894	0.4444444444444444	0.6666666666666667
843_O-39	3.0	2.0	1.0	0.5	0.0
844_O-39	4.333333333333333	4.0	1.9182958340544896	0.7222222222222222	0.6666666666666667
845_O-39	2.0	2.0	0.9182958340544894	0.4444444444444444	0.6666666666666667
846_O-39	3.5	3.0	1.5	0.625	0.5
847_O-39	3.0	2.0	1.0	0.5	0.0
848_O-39	3.0	3.0	1.5219280948873626	0.6399999999999999	0.8
849_O-39	7.0	4.0	1.6644977792004612	0.6122448979591837	0.5714285714285714
84_O-39	15.0	5.0	2.3219280948873626	0.7999999999999999	0.0
850_O-39	4.0	3.0	1.2516291673878228	0.5	0.6666666666666667
851_O-39	3.0	3.0	1.5219280948873626	0.6399999999999999	0.8
852_O-39	11.0	6.0	2.521640636343318	0.8163265306122449	0.2857142857142857
853_O-39	2.0	2.0	0.9182958340544894	0.4444444444444444	0.6666666666666667
854_O-39	22.0	7.0	2.521928094887362	0.7799999999999999	0.4
855_O-39	7.0	4.0	1.6644977792004612	0.6122448979591837	0.5714285714285714
856_O-39	6.0	3.0	1.584962500721156	0.6666666666666667	0.0
857_O-39	1.0	1.0	-0.0	0.0	1.0
858_O-39	3.5	3.0	1.5	0.625	0.5
859_O-39	1.0	1.0	-0.0	0.0	1.0
85_O-39	4.0	3.0	1.2516291673878228	0.5	0.6666666666666667
860_O-39	15.0	5.0	2.3219280948873626	0.7999999999999999	0.0
861_O-39	2.0	2.0	1.0	0.5	1.0
862_O-39	1.0	1.0	-0.0	0.0	1.0
863_O-39	1.0	1.0	-0.0	0.0	0.0
864_O-39	1.0	1.0	-0.0	0.0	1.0
865_O-39	2.0	2.0	0.9182958340544894	0.4444444444444444	0.6666666666666667
866_O-39	3.0	2.0	1.0	0.5	0.0
867_O-39	11.0	6.0	2.521640636343318	0.8163265306122449	0.2857142857142857
868_O-39	5.5	4.0	1.9219280948873625	0.72	0.4
869_O-39	1.0	1.0	-0.0	0.0	1.0
86_O-39	3.0	2.0	1.0	0.5	0.0
870_O-39	2.0	2.0	0.9182958340544894	0.4444444444444444	0.6666666666666667
871_O-39	4.333333333333333	4.0	1.9182958340544893	0.7222222222222222	0.6666666666666667
872_O-39	2.0	2.0	0.9182958340544894	0.4444444444444444	0.6666666666666667
873_O-39	8.0	5.0	2.0464393446710156	0.72	0.7
874_O-39	3.5	3.0	1.5	0.625	0.5
875_O-39	1.0	1.0	-0.0	0.0	1.0
876_O-39	3.5	3.0	1.5	0.625	0.5
877_O-39	3.5	3.0	1.5	0.625	0.5
878_O-39	3.0	3.0	1.584962500721156	0.6666666666666667	1.0
879_O-39	6.0	3.0	1.584962500721156	0.6666666666666667	0.0
87_O-39	5.5	4.0	1.9219280948873625	0.72	0.4
880_O-39	1.0	1.0	-0.0	0.0	1.0
881_O-39	3.0	2.0	1.0	0.5	0.0
882_O-39	2.0	2.0	0.9182958340544894	0.4444444444444444	0.6666666666666667
883_O-39	2.0	2.0	0.9182958340544894	0.4444444444444444	0.6666666666666667
884_O-39	2.0	2.0	0.9182958340544894	0.4444444444444444	0.6666666666666667
885_O-39	3.5	3.0	1.5	0.625	0.5
886_O-39	0.0	0.0	nan	nan	nan
887_O-39	3.5	3.0	1.5	0.625	0.5
888_O-39	3.5	3.0	1.5	0.625	0.5
889_O-39	6.0	5.0	2.2359263506290326	0.7755102040816326	0.5714285714285714
88_O-39	1.0	1.0	-0.0	0.0	0.0
890_O-39	8.0	5.0	2.2516291673878226	0.7777777777777778	0.33333333333333337
891_O-39	4.0	3.0	1.2516291673878228	0.5	0.6666666666666667
892_O-39	4.0	3.0	1.061278124459133	0.40625	0.75
893_O-39	11.0	5.0	2.0	0.6875	0.5
894_O-39	7.0	4.0	1.6644977792004612	0.6122448979591837	0.5714285714285714
895_O-39	3.5	3.0	1.5	0.625	0.5
896_O-39	2.0	2.0	1.0	0.5	1.0
897_O-39	0.0	0.0	nan	nan	nan
898_O-39	1.0	1.0	-0.0	0.0	0.0
899_O-39	3.0	3.0	1.5219280948873626	0.6399999999999999	0.8
89_O-39	5.5	4.0	1.9219280948873625	0.72	0.4
8_O-39	3.5	3.0	1.5	0.625	0.5
900_O-39	1.0	1.0	-0.0	0.0	1.0
901_O-39	5.5	4.0	1.9219280948873625	0.72	0.4
902_O-39	6.0	5.0	2.2359263506290326	0.7755102040816326	0.5714285714285714
903_O-39	3.0	2.0	1.0	0.5	0.0
904_O-39	1.0	1.0	-0.0	0.0	1.0
905_O-39	4.333333333333333	4.0	1.9182958340544896	0.7222222222222222	0.6666666666666667
906_O-39	3.5	3.0	1.5	0.625	0.5
907_O-39	5.5	4.0	1.9219280948873625	0.72	0.4
908_O-39	6.5	5.0	2.0588138903312014	0.7160493827160495	0.6666666666666667
909_O-39	5.5	4.0	1.9219280948873625	0.72	0.4
90_O-39	1.0	1.0	-0.0	0.0	1.0
910_O-39	5.5	4.0	1.9219280948873625	0.72	0.4
911_O-39	1.0	1.0	-0.0	0.0	1.0
912_O-39	3.0	3.0	1.584962500721156	0.6666666666666667	1.0
913_O-39	2.0	2.0	0.9182958340544894	0.4444444444444444	0.6666666666666667
914_O-39	2.0	2.0	0.9182958340544894	0.4444444444444444	0.6666666666666667
915_O-39	6.0	3.0	1.584962500721156	0.6666666666666667	0.0
916_O-39	1.0	1.0	-0.0	0.0	1.0
917_O-39	3.5	3.0	1.5	0.625	0.5
918_O-39	0.0	0.0	nan	nan	nan
919_O-39	3.5	3.0	1.5	0.625	0.5
91_O-39	4.5	4.0	1.75	0.65625	0.75
920_O-39	3.0	2.0	1.0	0.5	0.0
921_O-39	1.0	1.0	-0.0	0.0	1.0
922_O-39	1.0	1.0	-0.0	0.0	0.0
923_O-39	4.0	3.0	1.2516291673878228	0.5	0.6666666666666667
924_O-39	3.0	3.0	1.3787834934861756	0.5714285714285714	0.8571428571428572
925_O-39	3.5	3.0	1.5	0.625	0.5
926_O-39	2.0	2.0	0.9182958340544894	0.4444444444444444	0.6666666666666667
927_O-39	2.0	2.0	0.9182958340544894	0.4444444444444444	0.6666666666666667
928_O-39	1.0	1.0	-0.0	0.0	1.0
929_O-39	0.0	0.0	nan	nan	nan
92_O-39	6.0	3.0	1.584962500721156	0.6666666666666667	0.0
930_O-39	8.0	6.0	2.5	0.8125	0.5
931_O-39	5.5	4.0	1.9219280948873625	0.72	0.4
932_O-39	2.0	2.0	0.7219280948873623	0.31999999999999984	0.8
933_O-39	2.0	2.0	0.9182958340544894	0.4444444444444444	1.0
934_O-39	3.0	3.0	1.3787834934861756	0.5714285714285714	0.8571428571428572
935_O-39	5.5	4.0	1.9219280948873625	0.72	0.4
936_O-39	1.0	1.0	-0.0	0.0	0.0
937_O-39	4.333333333333333	4.0	1.9182958340544893	0.7222222222222222	0.6666666666666667
938_O-39	2.0	2.0	0.5916727785823274	0.24489795918367352	0.8571428571428572
939_O-39	8.0	5.0	2.2516291673878226	0.7777777777777778	0.33333333333333337
93_O-39	2.0	2.0	0.9182958340544894	0.4444444444444444	0.6666666666666667
940_O-39	3.0	3.0	1.3787834934861756	0.5714285714285714	0.8571428571428572
941_O-39	3.0	2.0	1.0	0.5	0.0
942_O-39	5.5	4.0	1.9219280948873625	0.72	0.4
943_O-39	10.0	4.0	2.0	0.75	0.0
944_O-39	10.0	4.0	2.0	0.75	0.0
945_O-39	1.0	1.0	-0.0	0.0	1.0
946_O-39	3.5	3.0	1.5	0.625	0.5
947_O-39	6.5	5.0	2.0588138903312014	0.7160493827160495	0.6666666666666667
948_O-39	3.5	3.0	1.5	0.625	0.5
949_O-39	0.0	0.0	nan	nan	nan
94_O-39	1.0	1.0	-0.0	0.0	0.0
950_O-39	2.0	2.0	0.9182958340544894	0.4444444444444444	1.0
951_O-39	7.0	4.0	1.6644977792004612	0.6122448979591837	0.5714285714285714
952_O-39	3.0	2.0	1.0	0.5	0.0
953_O-39	2.0	2.0	0.9182958340544894	0.4444444444444444	0.6666666666666667
954_O-39	4.5	4.0	1.75	0.65625	0.75
955_O-39	1.0	1.0	-0.0	0.0	0.0
956_O-39	3.0	3.0	1.5219280948873626	0.6399999999999999	0.8
957_O-39	2.0	2.0	0.9182958340544894	0.4444444444444444	0.6666666666666667
958_O-39	1.0	1.0	-0.0	0.0	1.0
959_O-39	1.0	1.0	-0.0	0.0	1.0
95_O-39	1.0	1.0	-0.0	0.0	0.0
960_O-39	9.0	6.0	2.321928094887362	0.76	0.6
961_O-39	1.0	1.0	-0.0	0.0	1.0
962_O-39	10.0	4.0	2.0	0.75	0.0
963_O-39	2.0	2.0	1.0	0.5	1.0
964_O-39	1.0	1.0	-0.0	0.0	1.0
965_O-39	3.5	3.0	1.5	0.625	0.5
966_O-39	4.333333333333333	4.0	1.9182958340544893	0.7222222222222222	0.6666666666666667
967_O-39	2.0	2.0	1.0	0.5	1.0
968_O-39	2.0	2.0	0.9182958340544894	0.4444444444444444	0.6666666666666667
969_O-39	5.25	5.0	2.25	0.78125	0.75
96_O-39	7.0	4.0	1.4466166676282084	0.5185185185185186	0.6666666666666667
970_O-39	6.0	5.0	2.2359263506290326	0.7755102040816326	0.5714285714285714
971_O-39	1.0	1.0	-0.0	0.0	1.0
972_O-39	2.0	2.0	0.7219280948873623	0.31999999999999984	0.8
973_O-39	4.5	4.0	1.75	0.65625	0.75
974_O-39	3.5	3.0	1.5	0.625	0.5
975_O-39	5.5	4.0	1.9219280948873625	0.72	0.4
976_O-39	8.0	5.0	2.2516291673878226	0.7777777777777778	0.33333333333333337
977_O-39	3.5	3.0	1.5	0.625	0.5
978_O-39	3.0	2.0	1.0	0.5	0.0
979_O-39	1.0	1.0	-0.0	0.0	1.0
97_O-39	5.5	4.0	1.9219280948873625	0.72	0.4
980_O-39	3.5	3.0	1.5	0.625	0.5
981_O-39	2.0	2.0	0.7219280948873623	0.31999999999999984	0.8
982_O-39	3.5	3.0	1.5	0.625	0.5
983_O-39	4.5	4.0	1.75	0.65625	0.75
984_O-39	2.0	2.0	0.7219280948873623	0.31999999999999984	0.8
985_O-39	11.0	5.0	2.0	0.6875	0.5
986_O-39	2.0	2.0	1.0	0.5	1.0
987_O-39	2.0	2.0	0.7219280948873623	0.31999999999999984	0.8
988_O-39	4.333333333333333	4.0	1.9182958340544896	0.7222222222222222	0.6666666666666667
989_O-39	2.0	2.0	0.9182958340544894	0.4444444444444444	0.6666666666666667
98_O-39	2.0	2.0	0.9182958340544894	0.4444444444444444	0.6666666666666667
990_O-39	3.0	3.0	1.584962500721156	0.6666666666666667	1.0
991_O-39	8.0	6.0	2.5	0.8125	0.5
992_O-39	6.0	3.0	1.584962500721156	0.6666666666666667	0.0
993_O-39	8.0	6.0	2.5	0.8125	0.5
994_O-39	4.333333333333333	4.0	1.9182958340544896	0.7222222222222222	0.6666666666666667
995_O-39	4.333333333333333	4.0	1.9182958340544893	0.7222222222222222	0.6666666666666667
996_O-39	2.0	2.0	0.9182958340544894	0.4444444444444444	0.6666666666666667
997_O-39	3.0	2.0	1.0	0.5	0.0
998_O-39	1.0	1.0	-0.0	0.0	1.0
999_O-39	4.0	3.0	1.2516291673878228	0.5	0.6666666666666667
99_O-39	0.0	0.0	nan	nan	nan
9_O-39	3.5	3.0	1.5	0.625	0.5
