	chao1	observed_otus	shannon	simpson	goods_coverage
1000_OMC-124	0.0	0.0	nan	nan	nan
100_OMC-124	1.0	1.0	-0.0	0.0	0.0
101_OMC-124	1.0	1.0	-0.0	0.0	0.0
102_OMC-124	1.0	1.0	-0.0	0.0	0.0
103_OMC-124	1.0	1.0	-0.0	0.0	1.0
104_OMC-124	0.0	0.0	nan	nan	nan
105_OMC-124	1.0	1.0	-0.0	0.0	1.0
106_OMC-124	0.0	0.0	nan	nan	nan
107_OMC-124	1.0	1.0	-0.0	0.0	1.0
108_OMC-124	1.0	1.0	-0.0	0.0	1.0
109_OMC-124	1.0	1.0	-0.0	0.0	1.0
10_OMC-124	1.0	1.0	-0.0	0.0	1.0
110_OMC-124	0.0	0.0	nan	nan	nan
111_OMC-124	1.0	1.0	-0.0	0.0	1.0
112_OMC-124	1.0	1.0	-0.0	0.0	1.0
113_OMC-124	1.0	1.0	-0.0	0.0	1.0
114_OMC-124	1.0	1.0	-0.0	0.0	1.0
115_OMC-124	0.0	0.0	nan	nan	nan
116_OMC-124	1.0	1.0	-0.0	0.0	1.0
117_OMC-124	0.0	0.0	nan	nan	nan
118_OMC-124	1.0	1.0	-0.0	0.0	1.0
119_OMC-124	1.0	1.0	-0.0	0.0	1.0
11_OMC-124	1.0	1.0	-0.0	0.0	1.0
120_OMC-124	0.0	0.0	nan	nan	nan
121_OMC-124	1.0	1.0	-0.0	0.0	0.0
122_OMC-124	1.0	1.0	-0.0	0.0	0.0
123_OMC-124	1.0	1.0	-0.0	0.0	0.0
124_OMC-124	1.0	1.0	-0.0	0.0	1.0
125_OMC-124	0.0	0.0	nan	nan	nan
126_OMC-124	1.0	1.0	-0.0	0.0	1.0
127_OMC-124	1.0	1.0	-0.0	0.0	1.0
128_OMC-124	0.0	0.0	nan	nan	nan
129_OMC-124	1.0	1.0	-0.0	0.0	0.0
12_OMC-124	1.0	1.0	-0.0	0.0	0.0
130_OMC-124	1.0	1.0	-0.0	0.0	1.0
131_OMC-124	1.0	1.0	-0.0	0.0	0.0
132_OMC-124	1.0	1.0	-0.0	0.0	1.0
133_OMC-124	1.0	1.0	-0.0	0.0	1.0
134_OMC-124	1.0	1.0	-0.0	0.0	0.0
135_OMC-124	1.0	1.0	-0.0	0.0	1.0
136_OMC-124	1.0	1.0	-0.0	0.0	0.0
137_OMC-124	1.0	1.0	-0.0	0.0	1.0
138_OMC-124	1.0	1.0	-0.0	0.0	1.0
139_OMC-124	1.0	1.0	-0.0	0.0	1.0
13_OMC-124	1.0	1.0	-0.0	0.0	1.0
140_OMC-124	1.0	1.0	-0.0	0.0	0.0
141_OMC-124	1.0	1.0	-0.0	0.0	0.0
142_OMC-124	1.0	1.0	-0.0	0.0	1.0
143_OMC-124	1.0	1.0	-0.0	0.0	1.0
144_OMC-124	1.0	1.0	-0.0	0.0	1.0
145_OMC-124	1.0	1.0	-0.0	0.0	0.0
146_OMC-124	1.0	1.0	-0.0	0.0	1.0
147_OMC-124	1.0	1.0	-0.0	0.0	1.0
148_OMC-124	1.0	1.0	-0.0	0.0	1.0
149_OMC-124	1.0	1.0	-0.0	0.0	1.0
14_OMC-124	1.0	1.0	-0.0	0.0	1.0
150_OMC-124	1.0	1.0	-0.0	0.0	1.0
151_OMC-124	1.0	1.0	-0.0	0.0	1.0
152_OMC-124	1.0	1.0	-0.0	0.0	0.0
153_OMC-124	1.0	1.0	-0.0	0.0	1.0
154_OMC-124	1.0	1.0	-0.0	0.0	0.0
155_OMC-124	1.0	1.0	-0.0	0.0	0.0
156_OMC-124	1.0	1.0	-0.0	0.0	1.0
157_OMC-124	1.0	1.0	-0.0	0.0	1.0
158_OMC-124	1.0	1.0	-0.0	0.0	0.0
159_OMC-124	1.0	1.0	-0.0	0.0	0.0
15_OMC-124	0.0	0.0	nan	nan	nan
160_OMC-124	1.0	1.0	-0.0	0.0	0.0
161_OMC-124	0.0	0.0	nan	nan	nan
162_OMC-124	1.0	1.0	-0.0	0.0	1.0
163_OMC-124	1.0	1.0	-0.0	0.0	1.0
164_OMC-124	0.0	0.0	nan	nan	nan
165_OMC-124	1.0	1.0	-0.0	0.0	1.0
166_OMC-124	1.0	1.0	-0.0	0.0	1.0
167_OMC-124	1.0	1.0	-0.0	0.0	1.0
168_OMC-124	1.0	1.0	-0.0	0.0	1.0
169_OMC-124	0.0	0.0	nan	nan	nan
16_OMC-124	1.0	1.0	-0.0	0.0	1.0
170_OMC-124	1.0	1.0	-0.0	0.0	1.0
171_OMC-124	1.0	1.0	-0.0	0.0	1.0
172_OMC-124	1.0	1.0	-0.0	0.0	0.0
173_OMC-124	1.0	1.0	-0.0	0.0	1.0
174_OMC-124	1.0	1.0	-0.0	0.0	0.0
175_OMC-124	1.0	1.0	-0.0	0.0	1.0
176_OMC-124	1.0	1.0	-0.0	0.0	1.0
177_OMC-124	1.0	1.0	-0.0	0.0	1.0
178_OMC-124	1.0	1.0	-0.0	0.0	1.0
179_OMC-124	1.0	1.0	-0.0	0.0	0.0
17_OMC-124	1.0	1.0	-0.0	0.0	0.0
180_OMC-124	1.0	1.0	-0.0	0.0	0.0
181_OMC-124	1.0	1.0	-0.0	0.0	0.0
182_OMC-124	1.0	1.0	-0.0	0.0	1.0
183_OMC-124	1.0	1.0	-0.0	0.0	0.0
184_OMC-124	1.0	1.0	-0.0	0.0	0.0
185_OMC-124	0.0	0.0	nan	nan	nan
186_OMC-124	1.0	1.0	-0.0	0.0	1.0
187_OMC-124	1.0	1.0	-0.0	0.0	1.0
188_OMC-124	1.0	1.0	-0.0	0.0	1.0
189_OMC-124	1.0	1.0	-0.0	0.0	1.0
18_OMC-124	0.0	0.0	nan	nan	nan
190_OMC-124	1.0	1.0	-0.0	0.0	1.0
191_OMC-124	1.0	1.0	-0.0	0.0	1.0
192_OMC-124	1.0	1.0	-0.0	0.0	1.0
193_OMC-124	0.0	0.0	nan	nan	nan
194_OMC-124	1.0	1.0	-0.0	0.0	1.0
195_OMC-124	1.0	1.0	-0.0	0.0	0.0
196_OMC-124	1.0	1.0	-0.0	0.0	0.0
197_OMC-124	1.0	1.0	-0.0	0.0	0.0
198_OMC-124	1.0	1.0	-0.0	0.0	0.0
199_OMC-124	0.0	0.0	nan	nan	nan
19_OMC-124	1.0	1.0	-0.0	0.0	0.0
1_OMC-124	1.0	1.0	-0.0	0.0	1.0
200_OMC-124	0.0	0.0	nan	nan	nan
201_OMC-124	1.0	1.0	-0.0	0.0	1.0
202_OMC-124	0.0	0.0	nan	nan	nan
203_OMC-124	1.0	1.0	-0.0	0.0	1.0
204_OMC-124	1.0	1.0	-0.0	0.0	1.0
205_OMC-124	1.0	1.0	-0.0	0.0	1.0
206_OMC-124	1.0	1.0	-0.0	0.0	0.0
207_OMC-124	1.0	1.0	-0.0	0.0	0.0
208_OMC-124	1.0	1.0	-0.0	0.0	1.0
209_OMC-124	1.0	1.0	-0.0	0.0	0.0
20_OMC-124	1.0	1.0	-0.0	0.0	1.0
210_OMC-124	1.0	1.0	-0.0	0.0	1.0
211_OMC-124	1.0	1.0	-0.0	0.0	1.0
212_OMC-124	1.0	1.0	-0.0	0.0	1.0
213_OMC-124	1.0	1.0	-0.0	0.0	1.0
214_OMC-124	1.0	1.0	-0.0	0.0	0.0
215_OMC-124	1.0	1.0	-0.0	0.0	1.0
216_OMC-124	0.0	0.0	nan	nan	nan
217_OMC-124	1.0	1.0	-0.0	0.0	1.0
218_OMC-124	1.0	1.0	-0.0	0.0	1.0
219_OMC-124	1.0	1.0	-0.0	0.0	1.0
21_OMC-124	1.0	1.0	-0.0	0.0	0.0
220_OMC-124	1.0	1.0	-0.0	0.0	1.0
221_OMC-124	1.0	1.0	-0.0	0.0	1.0
222_OMC-124	1.0	1.0	-0.0	0.0	1.0
223_OMC-124	1.0	1.0	-0.0	0.0	0.0
224_OMC-124	1.0	1.0	-0.0	0.0	1.0
225_OMC-124	0.0	0.0	nan	nan	nan
226_OMC-124	1.0	1.0	-0.0	0.0	1.0
227_OMC-124	1.0	1.0	-0.0	0.0	1.0
228_OMC-124	1.0	1.0	-0.0	0.0	1.0
229_OMC-124	1.0	1.0	-0.0	0.0	0.0
22_OMC-124	1.0	1.0	-0.0	0.0	0.0
230_OMC-124	1.0	1.0	-0.0	0.0	0.0
231_OMC-124	1.0	1.0	-0.0	0.0	0.0
232_OMC-124	1.0	1.0	-0.0	0.0	0.0
233_OMC-124	1.0	1.0	-0.0	0.0	1.0
234_OMC-124	1.0	1.0	-0.0	0.0	1.0
235_OMC-124	1.0	1.0	-0.0	0.0	1.0
236_OMC-124	1.0	1.0	-0.0	0.0	0.0
237_OMC-124	1.0	1.0	-0.0	0.0	0.0
238_OMC-124	1.0	1.0	-0.0	0.0	1.0
239_OMC-124	1.0	1.0	-0.0	0.0	1.0
23_OMC-124	1.0	1.0	-0.0	0.0	1.0
240_OMC-124	1.0	1.0	-0.0	0.0	0.0
241_OMC-124	1.0	1.0	-0.0	0.0	1.0
242_OMC-124	0.0	0.0	nan	nan	nan
243_OMC-124	1.0	1.0	-0.0	0.0	1.0
244_OMC-124	1.0	1.0	-0.0	0.0	1.0
245_OMC-124	1.0	1.0	-0.0	0.0	1.0
246_OMC-124	1.0	1.0	-0.0	0.0	1.0
247_OMC-124	1.0	1.0	-0.0	0.0	1.0
248_OMC-124	1.0	1.0	-0.0	0.0	0.0
249_OMC-124	0.0	0.0	nan	nan	nan
24_OMC-124	0.0	0.0	nan	nan	nan
250_OMC-124	1.0	1.0	-0.0	0.0	0.0
251_OMC-124	1.0	1.0	-0.0	0.0	1.0
252_OMC-124	1.0	1.0	-0.0	0.0	1.0
253_OMC-124	1.0	1.0	-0.0	0.0	1.0
254_OMC-124	1.0	1.0	-0.0	0.0	1.0
255_OMC-124	1.0	1.0	-0.0	0.0	1.0
256_OMC-124	1.0	1.0	-0.0	0.0	1.0
257_OMC-124	1.0	1.0	-0.0	0.0	1.0
258_OMC-124	1.0	1.0	-0.0	0.0	1.0
259_OMC-124	1.0	1.0	-0.0	0.0	1.0
25_OMC-124	1.0	1.0	-0.0	0.0	1.0
260_OMC-124	1.0	1.0	-0.0	0.0	1.0
261_OMC-124	1.0	1.0	-0.0	0.0	0.0
262_OMC-124	1.0	1.0	-0.0	0.0	0.0
263_OMC-124	1.0	1.0	-0.0	0.0	1.0
264_OMC-124	1.0	1.0	-0.0	0.0	1.0
265_OMC-124	1.0	1.0	-0.0	0.0	1.0
266_OMC-124	1.0	1.0	-0.0	0.0	0.0
267_OMC-124	1.0	1.0	-0.0	0.0	0.0
268_OMC-124	1.0	1.0	-0.0	0.0	1.0
269_OMC-124	1.0	1.0	-0.0	0.0	0.0
26_OMC-124	1.0	1.0	-0.0	0.0	1.0
270_OMC-124	0.0	0.0	nan	nan	nan
271_OMC-124	1.0	1.0	-0.0	0.0	1.0
272_OMC-124	1.0	1.0	-0.0	0.0	0.0
273_OMC-124	1.0	1.0	-0.0	0.0	1.0
274_OMC-124	1.0	1.0	-0.0	0.0	1.0
275_OMC-124	1.0	1.0	-0.0	0.0	1.0
276_OMC-124	1.0	1.0	-0.0	0.0	1.0
277_OMC-124	1.0	1.0	-0.0	0.0	0.0
278_OMC-124	1.0	1.0	-0.0	0.0	1.0
279_OMC-124	1.0	1.0	-0.0	0.0	0.0
27_OMC-124	1.0	1.0	-0.0	0.0	1.0
280_OMC-124	1.0	1.0	-0.0	0.0	1.0
281_OMC-124	1.0	1.0	-0.0	0.0	1.0
282_OMC-124	0.0	0.0	nan	nan	nan
283_OMC-124	0.0	0.0	nan	nan	nan
284_OMC-124	1.0	1.0	-0.0	0.0	0.0
285_OMC-124	1.0	1.0	-0.0	0.0	1.0
286_OMC-124	1.0	1.0	-0.0	0.0	1.0
287_OMC-124	1.0	1.0	-0.0	0.0	0.0
288_OMC-124	1.0	1.0	-0.0	0.0	1.0
289_OMC-124	1.0	1.0	-0.0	0.0	1.0
28_OMC-124	1.0	1.0	-0.0	0.0	1.0
290_OMC-124	1.0	1.0	-0.0	0.0	1.0
291_OMC-124	0.0	0.0	nan	nan	nan
292_OMC-124	0.0	0.0	nan	nan	nan
293_OMC-124	1.0	1.0	-0.0	0.0	1.0
294_OMC-124	1.0	1.0	-0.0	0.0	1.0
295_OMC-124	1.0	1.0	-0.0	0.0	1.0
296_OMC-124	1.0	1.0	-0.0	0.0	0.0
297_OMC-124	1.0	1.0	-0.0	0.0	1.0
298_OMC-124	1.0	1.0	-0.0	0.0	1.0
299_OMC-124	1.0	1.0	-0.0	0.0	1.0
29_OMC-124	1.0	1.0	-0.0	0.0	0.0
2_OMC-124	1.0	1.0	-0.0	0.0	0.0
300_OMC-124	1.0	1.0	-0.0	0.0	0.0
301_OMC-124	1.0	1.0	-0.0	0.0	1.0
302_OMC-124	1.0	1.0	-0.0	0.0	1.0
303_OMC-124	1.0	1.0	-0.0	0.0	1.0
304_OMC-124	1.0	1.0	-0.0	0.0	0.0
305_OMC-124	1.0	1.0	-0.0	0.0	1.0
306_OMC-124	1.0	1.0	-0.0	0.0	1.0
307_OMC-124	1.0	1.0	-0.0	0.0	1.0
308_OMC-124	1.0	1.0	-0.0	0.0	1.0
309_OMC-124	0.0	0.0	nan	nan	nan
30_OMC-124	0.0	0.0	nan	nan	nan
310_OMC-124	1.0	1.0	-0.0	0.0	0.0
311_OMC-124	1.0	1.0	-0.0	0.0	1.0
312_OMC-124	1.0	1.0	-0.0	0.0	1.0
313_OMC-124	1.0	1.0	-0.0	0.0	1.0
314_OMC-124	1.0	1.0	-0.0	0.0	1.0
315_OMC-124	1.0	1.0	-0.0	0.0	1.0
316_OMC-124	1.0	1.0	-0.0	0.0	0.0
317_OMC-124	0.0	0.0	nan	nan	nan
318_OMC-124	1.0	1.0	-0.0	0.0	1.0
319_OMC-124	1.0	1.0	-0.0	0.0	1.0
31_OMC-124	1.0	1.0	-0.0	0.0	0.0
320_OMC-124	1.0	1.0	-0.0	0.0	0.0
321_OMC-124	1.0	1.0	-0.0	0.0	0.0
322_OMC-124	1.0	1.0	-0.0	0.0	0.0
323_OMC-124	1.0	1.0	-0.0	0.0	1.0
324_OMC-124	1.0	1.0	-0.0	0.0	1.0
325_OMC-124	1.0	1.0	-0.0	0.0	1.0
326_OMC-124	1.0	1.0	-0.0	0.0	0.0
327_OMC-124	1.0	1.0	-0.0	0.0	0.0
328_OMC-124	1.0	1.0	-0.0	0.0	0.0
329_OMC-124	1.0	1.0	-0.0	0.0	1.0
32_OMC-124	1.0	1.0	-0.0	0.0	1.0
330_OMC-124	1.0	1.0	-0.0	0.0	0.0
331_OMC-124	1.0	1.0	-0.0	0.0	0.0
332_OMC-124	1.0	1.0	-0.0	0.0	1.0
333_OMC-124	1.0	1.0	-0.0	0.0	1.0
334_OMC-124	1.0	1.0	-0.0	0.0	1.0
335_OMC-124	1.0	1.0	-0.0	0.0	1.0
336_OMC-124	1.0	1.0	-0.0	0.0	1.0
337_OMC-124	1.0	1.0	-0.0	0.0	1.0
338_OMC-124	0.0	0.0	nan	nan	nan
339_OMC-124	1.0	1.0	-0.0	0.0	1.0
33_OMC-124	1.0	1.0	-0.0	0.0	1.0
340_OMC-124	1.0	1.0	-0.0	0.0	1.0
341_OMC-124	1.0	1.0	-0.0	0.0	0.0
342_OMC-124	1.0	1.0	-0.0	0.0	1.0
343_OMC-124	1.0	1.0	-0.0	0.0	0.0
344_OMC-124	0.0	0.0	nan	nan	nan
345_OMC-124	0.0	0.0	nan	nan	nan
346_OMC-124	1.0	1.0	-0.0	0.0	0.0
347_OMC-124	1.0	1.0	-0.0	0.0	0.0
348_OMC-124	1.0	1.0	-0.0	0.0	1.0
349_OMC-124	1.0	1.0	-0.0	0.0	1.0
34_OMC-124	1.0	1.0	-0.0	0.0	1.0
350_OMC-124	1.0	1.0	-0.0	0.0	1.0
351_OMC-124	1.0	1.0	-0.0	0.0	1.0
352_OMC-124	1.0	1.0	-0.0	0.0	1.0
353_OMC-124	1.0	1.0	-0.0	0.0	1.0
354_OMC-124	1.0	1.0	-0.0	0.0	1.0
355_OMC-124	1.0	1.0	-0.0	0.0	0.0
356_OMC-124	1.0	1.0	-0.0	0.0	0.0
357_OMC-124	1.0	1.0	-0.0	0.0	0.0
358_OMC-124	1.0	1.0	-0.0	0.0	0.0
359_OMC-124	0.0	0.0	nan	nan	nan
35_OMC-124	1.0	1.0	-0.0	0.0	0.0
360_OMC-124	1.0	1.0	-0.0	0.0	0.0
361_OMC-124	1.0	1.0	-0.0	0.0	0.0
362_OMC-124	1.0	1.0	-0.0	0.0	1.0
363_OMC-124	1.0	1.0	-0.0	0.0	1.0
364_OMC-124	0.0	0.0	nan	nan	nan
365_OMC-124	0.0	0.0	nan	nan	nan
366_OMC-124	1.0	1.0	-0.0	0.0	0.0
367_OMC-124	1.0	1.0	-0.0	0.0	1.0
368_OMC-124	1.0	1.0	-0.0	0.0	1.0
369_OMC-124	1.0	1.0	-0.0	0.0	0.0
36_OMC-124	1.0	1.0	-0.0	0.0	0.0
370_OMC-124	1.0	1.0	-0.0	0.0	1.0
371_OMC-124	1.0	1.0	-0.0	0.0	0.0
372_OMC-124	1.0	1.0	-0.0	0.0	1.0
373_OMC-124	1.0	1.0	-0.0	0.0	0.0
374_OMC-124	1.0	1.0	-0.0	0.0	0.0
375_OMC-124	1.0	1.0	-0.0	0.0	1.0
376_OMC-124	1.0	1.0	-0.0	0.0	1.0
377_OMC-124	1.0	1.0	-0.0	0.0	1.0
378_OMC-124	1.0	1.0	-0.0	0.0	0.0
379_OMC-124	1.0	1.0	-0.0	0.0	1.0
37_OMC-124	0.0	0.0	nan	nan	nan
380_OMC-124	1.0	1.0	-0.0	0.0	1.0
381_OMC-124	0.0	0.0	nan	nan	nan
382_OMC-124	1.0	1.0	-0.0	0.0	0.0
383_OMC-124	1.0	1.0	-0.0	0.0	0.0
384_OMC-124	1.0	1.0	-0.0	0.0	0.0
385_OMC-124	1.0	1.0	-0.0	0.0	1.0
386_OMC-124	1.0	1.0	-0.0	0.0	0.0
387_OMC-124	1.0	1.0	-0.0	0.0	1.0
388_OMC-124	1.0	1.0	-0.0	0.0	1.0
389_OMC-124	1.0	1.0	-0.0	0.0	1.0
38_OMC-124	1.0	1.0	-0.0	0.0	0.0
390_OMC-124	1.0	1.0	-0.0	0.0	0.0
391_OMC-124	1.0	1.0	-0.0	0.0	0.0
392_OMC-124	0.0	0.0	nan	nan	nan
393_OMC-124	1.0	1.0	-0.0	0.0	1.0
394_OMC-124	1.0	1.0	-0.0	0.0	0.0
395_OMC-124	1.0	1.0	-0.0	0.0	1.0
396_OMC-124	0.0	0.0	nan	nan	nan
397_OMC-124	1.0	1.0	-0.0	0.0	1.0
398_OMC-124	1.0	1.0	-0.0	0.0	1.0
399_OMC-124	1.0	1.0	-0.0	0.0	1.0
39_OMC-124	1.0	1.0	-0.0	0.0	0.0
3_OMC-124	1.0	1.0	-0.0	0.0	1.0
400_OMC-124	1.0	1.0	-0.0	0.0	0.0
401_OMC-124	1.0	1.0	-0.0	0.0	0.0
402_OMC-124	1.0	1.0	-0.0	0.0	1.0
403_OMC-124	1.0	1.0	-0.0	0.0	1.0
404_OMC-124	0.0	0.0	nan	nan	nan
405_OMC-124	0.0	0.0	nan	nan	nan
406_OMC-124	1.0	1.0	-0.0	0.0	0.0
407_OMC-124	1.0	1.0	-0.0	0.0	1.0
408_OMC-124	0.0	0.0	nan	nan	nan
409_OMC-124	1.0	1.0	-0.0	0.0	1.0
40_OMC-124	1.0	1.0	-0.0	0.0	1.0
410_OMC-124	1.0	1.0	-0.0	0.0	1.0
411_OMC-124	0.0	0.0	nan	nan	nan
412_OMC-124	1.0	1.0	-0.0	0.0	1.0
413_OMC-124	1.0	1.0	-0.0	0.0	1.0
414_OMC-124	1.0	1.0	-0.0	0.0	1.0
415_OMC-124	1.0	1.0	-0.0	0.0	1.0
416_OMC-124	1.0	1.0	-0.0	0.0	1.0
417_OMC-124	1.0	1.0	-0.0	0.0	1.0
418_OMC-124	1.0	1.0	-0.0	0.0	0.0
419_OMC-124	0.0	0.0	nan	nan	nan
41_OMC-124	0.0	0.0	nan	nan	nan
420_OMC-124	1.0	1.0	-0.0	0.0	0.0
421_OMC-124	1.0	1.0	-0.0	0.0	1.0
422_OMC-124	1.0	1.0	-0.0	0.0	1.0
423_OMC-124	1.0	1.0	-0.0	0.0	1.0
424_OMC-124	1.0	1.0	-0.0	0.0	0.0
425_OMC-124	1.0	1.0	-0.0	0.0	1.0
426_OMC-124	1.0	1.0	-0.0	0.0	1.0
427_OMC-124	1.0	1.0	-0.0	0.0	1.0
428_OMC-124	1.0	1.0	-0.0	0.0	1.0
429_OMC-124	1.0	1.0	-0.0	0.0	1.0
42_OMC-124	1.0	1.0	-0.0	0.0	0.0
430_OMC-124	1.0	1.0	-0.0	0.0	1.0
431_OMC-124	1.0	1.0	-0.0	0.0	0.0
432_OMC-124	1.0	1.0	-0.0	0.0	0.0
433_OMC-124	1.0	1.0	-0.0	0.0	1.0
434_OMC-124	1.0	1.0	-0.0	0.0	0.0
435_OMC-124	1.0	1.0	-0.0	0.0	1.0
436_OMC-124	1.0	1.0	-0.0	0.0	1.0
437_OMC-124	1.0	1.0	-0.0	0.0	1.0
438_OMC-124	1.0	1.0	-0.0	0.0	1.0
439_OMC-124	1.0	1.0	-0.0	0.0	0.0
43_OMC-124	1.0	1.0	-0.0	0.0	1.0
440_OMC-124	1.0	1.0	-0.0	0.0	1.0
441_OMC-124	1.0	1.0	-0.0	0.0	0.0
442_OMC-124	1.0	1.0	-0.0	0.0	0.0
443_OMC-124	1.0	1.0	-0.0	0.0	0.0
444_OMC-124	1.0	1.0	-0.0	0.0	1.0
445_OMC-124	1.0	1.0	-0.0	0.0	0.0
446_OMC-124	0.0	0.0	nan	nan	nan
447_OMC-124	1.0	1.0	-0.0	0.0	1.0
448_OMC-124	1.0	1.0	-0.0	0.0	1.0
449_OMC-124	1.0	1.0	-0.0	0.0	1.0
44_OMC-124	1.0	1.0	-0.0	0.0	1.0
450_OMC-124	1.0	1.0	-0.0	0.0	0.0
451_OMC-124	1.0	1.0	-0.0	0.0	1.0
452_OMC-124	1.0	1.0	-0.0	0.0	0.0
453_OMC-124	1.0	1.0	-0.0	0.0	0.0
454_OMC-124	1.0	1.0	-0.0	0.0	1.0
455_OMC-124	1.0	1.0	-0.0	0.0	1.0
456_OMC-124	1.0	1.0	-0.0	0.0	0.0
457_OMC-124	0.0	0.0	nan	nan	nan
458_OMC-124	1.0	1.0	-0.0	0.0	1.0
459_OMC-124	1.0	1.0	-0.0	0.0	0.0
45_OMC-124	1.0	1.0	-0.0	0.0	1.0
460_OMC-124	1.0	1.0	-0.0	0.0	0.0
461_OMC-124	1.0	1.0	-0.0	0.0	1.0
462_OMC-124	1.0	1.0	-0.0	0.0	1.0
463_OMC-124	1.0	1.0	-0.0	0.0	1.0
464_OMC-124	1.0	1.0	-0.0	0.0	0.0
465_OMC-124	1.0	1.0	-0.0	0.0	1.0
466_OMC-124	1.0	1.0	-0.0	0.0	1.0
467_OMC-124	1.0	1.0	-0.0	0.0	1.0
468_OMC-124	1.0	1.0	-0.0	0.0	1.0
469_OMC-124	1.0	1.0	-0.0	0.0	0.0
46_OMC-124	0.0	0.0	nan	nan	nan
470_OMC-124	1.0	1.0	-0.0	0.0	0.0
471_OMC-124	1.0	1.0	-0.0	0.0	1.0
472_OMC-124	1.0	1.0	-0.0	0.0	1.0
473_OMC-124	1.0	1.0	-0.0	0.0	0.0
474_OMC-124	1.0	1.0	-0.0	0.0	0.0
475_OMC-124	1.0	1.0	-0.0	0.0	0.0
476_OMC-124	0.0	0.0	nan	nan	nan
477_OMC-124	1.0	1.0	-0.0	0.0	1.0
478_OMC-124	1.0	1.0	-0.0	0.0	1.0
479_OMC-124	1.0	1.0	-0.0	0.0	1.0
47_OMC-124	1.0	1.0	-0.0	0.0	1.0
480_OMC-124	1.0	1.0	-0.0	0.0	1.0
481_OMC-124	0.0	0.0	nan	nan	nan
482_OMC-124	0.0	0.0	nan	nan	nan
483_OMC-124	1.0	1.0	-0.0	0.0	1.0
484_OMC-124	1.0	1.0	-0.0	0.0	0.0
485_OMC-124	1.0	1.0	-0.0	0.0	1.0
486_OMC-124	1.0	1.0	-0.0	0.0	1.0
487_OMC-124	1.0	1.0	-0.0	0.0	1.0
488_OMC-124	1.0	1.0	-0.0	0.0	1.0
489_OMC-124	0.0	0.0	nan	nan	nan
48_OMC-124	1.0	1.0	-0.0	0.0	0.0
490_OMC-124	1.0	1.0	-0.0	0.0	1.0
491_OMC-124	1.0	1.0	-0.0	0.0	0.0
492_OMC-124	1.0	1.0	-0.0	0.0	1.0
493_OMC-124	1.0	1.0	-0.0	0.0	0.0
494_OMC-124	1.0	1.0	-0.0	0.0	1.0
495_OMC-124	1.0	1.0	-0.0	0.0	0.0
496_OMC-124	1.0	1.0	-0.0	0.0	0.0
497_OMC-124	1.0	1.0	-0.0	0.0	1.0
498_OMC-124	1.0	1.0	-0.0	0.0	0.0
499_OMC-124	1.0	1.0	-0.0	0.0	0.0
49_OMC-124	1.0	1.0	-0.0	0.0	1.0
4_OMC-124	1.0	1.0	-0.0	0.0	1.0
500_OMC-124	1.0	1.0	-0.0	0.0	0.0
501_OMC-124	1.0	1.0	-0.0	0.0	1.0
502_OMC-124	1.0	1.0	-0.0	0.0	1.0
503_OMC-124	1.0	1.0	-0.0	0.0	1.0
504_OMC-124	1.0	1.0	-0.0	0.0	1.0
505_OMC-124	1.0	1.0	-0.0	0.0	1.0
506_OMC-124	1.0	1.0	-0.0	0.0	1.0
507_OMC-124	1.0	1.0	-0.0	0.0	1.0
508_OMC-124	1.0	1.0	-0.0	0.0	0.0
509_OMC-124	1.0	1.0	-0.0	0.0	1.0
50_OMC-124	1.0	1.0	-0.0	0.0	0.0
510_OMC-124	1.0	1.0	-0.0	0.0	0.0
511_OMC-124	1.0	1.0	-0.0	0.0	1.0
512_OMC-124	0.0	0.0	nan	nan	nan
513_OMC-124	1.0	1.0	-0.0	0.0	1.0
514_OMC-124	1.0	1.0	-0.0	0.0	0.0
515_OMC-124	1.0	1.0	-0.0	0.0	1.0
516_OMC-124	1.0	1.0	-0.0	0.0	0.0
517_OMC-124	1.0	1.0	-0.0	0.0	0.0
518_OMC-124	1.0	1.0	-0.0	0.0	1.0
519_OMC-124	1.0	1.0	-0.0	0.0	1.0
51_OMC-124	1.0	1.0	-0.0	0.0	1.0
520_OMC-124	0.0	0.0	nan	nan	nan
521_OMC-124	1.0	1.0	-0.0	0.0	1.0
522_OMC-124	1.0	1.0	-0.0	0.0	1.0
523_OMC-124	1.0	1.0	-0.0	0.0	1.0
524_OMC-124	0.0	0.0	nan	nan	nan
525_OMC-124	1.0	1.0	-0.0	0.0	0.0
526_OMC-124	1.0	1.0	-0.0	0.0	1.0
527_OMC-124	1.0	1.0	-0.0	0.0	1.0
528_OMC-124	1.0	1.0	-0.0	0.0	1.0
529_OMC-124	1.0	1.0	-0.0	0.0	1.0
52_OMC-124	1.0	1.0	-0.0	0.0	0.0
530_OMC-124	1.0	1.0	-0.0	0.0	1.0
531_OMC-124	1.0	1.0	-0.0	0.0	1.0
532_OMC-124	1.0	1.0	-0.0	0.0	1.0
533_OMC-124	1.0	1.0	-0.0	0.0	0.0
534_OMC-124	1.0	1.0	-0.0	0.0	1.0
535_OMC-124	1.0	1.0	-0.0	0.0	1.0
536_OMC-124	1.0	1.0	-0.0	0.0	0.0
537_OMC-124	1.0	1.0	-0.0	0.0	1.0
538_OMC-124	1.0	1.0	-0.0	0.0	0.0
539_OMC-124	1.0	1.0	-0.0	0.0	0.0
53_OMC-124	0.0	0.0	nan	nan	nan
540_OMC-124	1.0	1.0	-0.0	0.0	0.0
541_OMC-124	1.0	1.0	-0.0	0.0	1.0
542_OMC-124	1.0	1.0	-0.0	0.0	1.0
543_OMC-124	1.0	1.0	-0.0	0.0	1.0
544_OMC-124	1.0	1.0	-0.0	0.0	1.0
545_OMC-124	1.0	1.0	-0.0	0.0	1.0
546_OMC-124	1.0	1.0	-0.0	0.0	0.0
547_OMC-124	1.0	1.0	-0.0	0.0	1.0
548_OMC-124	1.0	1.0	-0.0	0.0	1.0
549_OMC-124	1.0	1.0	-0.0	0.0	0.0
54_OMC-124	1.0	1.0	-0.0	0.0	1.0
550_OMC-124	1.0	1.0	-0.0	0.0	0.0
551_OMC-124	0.0	0.0	nan	nan	nan
552_OMC-124	0.0	0.0	nan	nan	nan
553_OMC-124	1.0	1.0	-0.0	0.0	1.0
554_OMC-124	1.0	1.0	-0.0	0.0	0.0
555_OMC-124	1.0	1.0	-0.0	0.0	0.0
556_OMC-124	1.0	1.0	-0.0	0.0	1.0
557_OMC-124	1.0	1.0	-0.0	0.0	1.0
558_OMC-124	1.0	1.0	-0.0	0.0	1.0
559_OMC-124	1.0	1.0	-0.0	0.0	1.0
55_OMC-124	1.0	1.0	-0.0	0.0	1.0
560_OMC-124	1.0	1.0	-0.0	0.0	0.0
561_OMC-124	1.0	1.0	-0.0	0.0	1.0
562_OMC-124	1.0	1.0	-0.0	0.0	0.0
563_OMC-124	1.0	1.0	-0.0	0.0	1.0
564_OMC-124	1.0	1.0	-0.0	0.0	0.0
565_OMC-124	1.0	1.0	-0.0	0.0	1.0
566_OMC-124	1.0	1.0	-0.0	0.0	1.0
567_OMC-124	1.0	1.0	-0.0	0.0	1.0
568_OMC-124	1.0	1.0	-0.0	0.0	1.0
569_OMC-124	1.0	1.0	-0.0	0.0	1.0
56_OMC-124	1.0	1.0	-0.0	0.0	1.0
570_OMC-124	0.0	0.0	nan	nan	nan
571_OMC-124	1.0	1.0	-0.0	0.0	0.0
572_OMC-124	1.0	1.0	-0.0	0.0	1.0
573_OMC-124	0.0	0.0	nan	nan	nan
574_OMC-124	1.0	1.0	-0.0	0.0	1.0
575_OMC-124	1.0	1.0	-0.0	0.0	0.0
576_OMC-124	1.0	1.0	-0.0	0.0	1.0
577_OMC-124	1.0	1.0	-0.0	0.0	1.0
578_OMC-124	1.0	1.0	-0.0	0.0	0.0
579_OMC-124	1.0	1.0	-0.0	0.0	1.0
57_OMC-124	1.0	1.0	-0.0	0.0	0.0
580_OMC-124	1.0	1.0	-0.0	0.0	1.0
581_OMC-124	1.0	1.0	-0.0	0.0	0.0
582_OMC-124	1.0	1.0	-0.0	0.0	1.0
583_OMC-124	1.0	1.0	-0.0	0.0	1.0
584_OMC-124	1.0	1.0	-0.0	0.0	1.0
585_OMC-124	1.0	1.0	-0.0	0.0	0.0
586_OMC-124	1.0	1.0	-0.0	0.0	1.0
587_OMC-124	1.0	1.0	-0.0	0.0	0.0
588_OMC-124	1.0	1.0	-0.0	0.0	0.0
589_OMC-124	1.0	1.0	-0.0	0.0	0.0
58_OMC-124	1.0	1.0	-0.0	0.0	1.0
590_OMC-124	1.0	1.0	-0.0	0.0	1.0
591_OMC-124	1.0	1.0	-0.0	0.0	1.0
592_OMC-124	1.0	1.0	-0.0	0.0	0.0
593_OMC-124	1.0	1.0	-0.0	0.0	1.0
594_OMC-124	1.0	1.0	-0.0	0.0	1.0
595_OMC-124	1.0	1.0	-0.0	0.0	1.0
596_OMC-124	0.0	0.0	nan	nan	nan
597_OMC-124	1.0	1.0	-0.0	0.0	1.0
598_OMC-124	1.0	1.0	-0.0	0.0	1.0
599_OMC-124	1.0	1.0	-0.0	0.0	1.0
59_OMC-124	0.0	0.0	nan	nan	nan
5_OMC-124	1.0	1.0	-0.0	0.0	1.0
600_OMC-124	1.0	1.0	-0.0	0.0	1.0
601_OMC-124	1.0	1.0	-0.0	0.0	1.0
602_OMC-124	1.0	1.0	-0.0	0.0	0.0
603_OMC-124	1.0	1.0	-0.0	0.0	1.0
604_OMC-124	1.0	1.0	-0.0	0.0	0.0
605_OMC-124	1.0	1.0	-0.0	0.0	1.0
606_OMC-124	0.0	0.0	nan	nan	nan
607_OMC-124	1.0	1.0	-0.0	0.0	1.0
608_OMC-124	1.0	1.0	-0.0	0.0	0.0
609_OMC-124	1.0	1.0	-0.0	0.0	0.0
60_OMC-124	1.0	1.0	-0.0	0.0	1.0
610_OMC-124	0.0	0.0	nan	nan	nan
611_OMC-124	1.0	1.0	-0.0	0.0	0.0
612_OMC-124	1.0	1.0	-0.0	0.0	1.0
613_OMC-124	1.0	1.0	-0.0	0.0	1.0
614_OMC-124	0.0	0.0	nan	nan	nan
615_OMC-124	1.0	1.0	-0.0	0.0	0.0
616_OMC-124	1.0	1.0	-0.0	0.0	0.0
617_OMC-124	0.0	0.0	nan	nan	nan
618_OMC-124	1.0	1.0	-0.0	0.0	1.0
619_OMC-124	1.0	1.0	-0.0	0.0	1.0
61_OMC-124	1.0	1.0	-0.0	0.0	1.0
620_OMC-124	1.0	1.0	-0.0	0.0	1.0
621_OMC-124	1.0	1.0	-0.0	0.0	1.0
622_OMC-124	1.0	1.0	-0.0	0.0	1.0
623_OMC-124	1.0	1.0	-0.0	0.0	1.0
624_OMC-124	1.0	1.0	-0.0	0.0	1.0
625_OMC-124	1.0	1.0	-0.0	0.0	1.0
626_OMC-124	1.0	1.0	-0.0	0.0	1.0
627_OMC-124	1.0	1.0	-0.0	0.0	1.0
628_OMC-124	1.0	1.0	-0.0	0.0	1.0
629_OMC-124	1.0	1.0	-0.0	0.0	1.0
62_OMC-124	1.0	1.0	-0.0	0.0	1.0
630_OMC-124	1.0	1.0	-0.0	0.0	1.0
631_OMC-124	1.0	1.0	-0.0	0.0	1.0
632_OMC-124	1.0	1.0	-0.0	0.0	0.0
633_OMC-124	1.0	1.0	-0.0	0.0	1.0
634_OMC-124	1.0	1.0	-0.0	0.0	0.0
635_OMC-124	1.0	1.0	-0.0	0.0	0.0
636_OMC-124	1.0	1.0	-0.0	0.0	1.0
637_OMC-124	1.0	1.0	-0.0	0.0	1.0
638_OMC-124	1.0	1.0	-0.0	0.0	0.0
639_OMC-124	1.0	1.0	-0.0	0.0	0.0
63_OMC-124	1.0	1.0	-0.0	0.0	0.0
640_OMC-124	0.0	0.0	nan	nan	nan
641_OMC-124	1.0	1.0	-0.0	0.0	1.0
642_OMC-124	1.0	1.0	-0.0	0.0	0.0
643_OMC-124	1.0	1.0	-0.0	0.0	0.0
644_OMC-124	0.0	0.0	nan	nan	nan
645_OMC-124	1.0	1.0	-0.0	0.0	0.0
646_OMC-124	0.0	0.0	nan	nan	nan
647_OMC-124	1.0	1.0	-0.0	0.0	0.0
648_OMC-124	1.0	1.0	-0.0	0.0	0.0
649_OMC-124	1.0	1.0	-0.0	0.0	1.0
64_OMC-124	1.0	1.0	-0.0	0.0	1.0
650_OMC-124	1.0	1.0	-0.0	0.0	1.0
651_OMC-124	0.0	0.0	nan	nan	nan
652_OMC-124	1.0	1.0	-0.0	0.0	1.0
653_OMC-124	1.0	1.0	-0.0	0.0	1.0
654_OMC-124	1.0	1.0	-0.0	0.0	1.0
655_OMC-124	1.0	1.0	-0.0	0.0	0.0
656_OMC-124	1.0	1.0	-0.0	0.0	1.0
657_OMC-124	1.0	1.0	-0.0	0.0	0.0
658_OMC-124	1.0	1.0	-0.0	0.0	1.0
659_OMC-124	1.0	1.0	-0.0	0.0	0.0
65_OMC-124	1.0	1.0	-0.0	0.0	1.0
660_OMC-124	1.0	1.0	-0.0	0.0	1.0
661_OMC-124	0.0	0.0	nan	nan	nan
662_OMC-124	1.0	1.0	-0.0	0.0	1.0
663_OMC-124	1.0	1.0	-0.0	0.0	1.0
664_OMC-124	1.0	1.0	-0.0	0.0	1.0
665_OMC-124	1.0	1.0	-0.0	0.0	1.0
666_OMC-124	1.0	1.0	-0.0	0.0	0.0
667_OMC-124	1.0	1.0	-0.0	0.0	1.0
668_OMC-124	1.0	1.0	-0.0	0.0	1.0
669_OMC-124	1.0	1.0	-0.0	0.0	1.0
66_OMC-124	1.0	1.0	-0.0	0.0	0.0
670_OMC-124	1.0	1.0	-0.0	0.0	1.0
671_OMC-124	1.0	1.0	-0.0	0.0	1.0
672_OMC-124	1.0	1.0	-0.0	0.0	0.0
673_OMC-124	1.0	1.0	-0.0	0.0	0.0
674_OMC-124	1.0	1.0	-0.0	0.0	0.0
675_OMC-124	0.0	0.0	nan	nan	nan
676_OMC-124	1.0	1.0	-0.0	0.0	1.0
677_OMC-124	0.0	0.0	nan	nan	nan
678_OMC-124	0.0	0.0	nan	nan	nan
679_OMC-124	1.0	1.0	-0.0	0.0	1.0
67_OMC-124	1.0	1.0	-0.0	0.0	1.0
680_OMC-124	1.0	1.0	-0.0	0.0	1.0
681_OMC-124	1.0	1.0	-0.0	0.0	1.0
682_OMC-124	1.0	1.0	-0.0	0.0	1.0
683_OMC-124	1.0	1.0	-0.0	0.0	1.0
684_OMC-124	0.0	0.0	nan	nan	nan
685_OMC-124	1.0	1.0	-0.0	0.0	1.0
686_OMC-124	1.0	1.0	-0.0	0.0	0.0
687_OMC-124	1.0	1.0	-0.0	0.0	1.0
688_OMC-124	1.0	1.0	-0.0	0.0	0.0
689_OMC-124	1.0	1.0	-0.0	0.0	1.0
68_OMC-124	1.0	1.0	-0.0	0.0	1.0
690_OMC-124	1.0	1.0	-0.0	0.0	1.0
691_OMC-124	1.0	1.0	-0.0	0.0	1.0
692_OMC-124	1.0	1.0	-0.0	0.0	1.0
693_OMC-124	1.0	1.0	-0.0	0.0	1.0
694_OMC-124	1.0	1.0	-0.0	0.0	1.0
695_OMC-124	0.0	0.0	nan	nan	nan
696_OMC-124	1.0	1.0	-0.0	0.0	0.0
697_OMC-124	1.0	1.0	-0.0	0.0	0.0
698_OMC-124	1.0	1.0	-0.0	0.0	0.0
699_OMC-124	1.0	1.0	-0.0	0.0	1.0
69_OMC-124	1.0	1.0	-0.0	0.0	1.0
6_OMC-124	1.0	1.0	-0.0	0.0	0.0
700_OMC-124	1.0	1.0	-0.0	0.0	1.0
701_OMC-124	1.0	1.0	-0.0	0.0	1.0
702_OMC-124	1.0	1.0	-0.0	0.0	0.0
703_OMC-124	1.0	1.0	-0.0	0.0	1.0
704_OMC-124	1.0	1.0	-0.0	0.0	0.0
705_OMC-124	1.0	1.0	-0.0	0.0	0.0
706_OMC-124	0.0	0.0	nan	nan	nan
707_OMC-124	1.0	1.0	-0.0	0.0	1.0
708_OMC-124	0.0	0.0	nan	nan	nan
709_OMC-124	1.0	1.0	-0.0	0.0	1.0
70_OMC-124	1.0	1.0	-0.0	0.0	0.0
710_OMC-124	1.0	1.0	-0.0	0.0	1.0
711_OMC-124	1.0	1.0	-0.0	0.0	1.0
712_OMC-124	0.0	0.0	nan	nan	nan
713_OMC-124	1.0	1.0	-0.0	0.0	1.0
714_OMC-124	1.0	1.0	-0.0	0.0	1.0
715_OMC-124	1.0	1.0	-0.0	0.0	1.0
716_OMC-124	1.0	1.0	-0.0	0.0	1.0
717_OMC-124	1.0	1.0	-0.0	0.0	1.0
718_OMC-124	1.0	1.0	-0.0	0.0	1.0
719_OMC-124	1.0	1.0	-0.0	0.0	1.0
71_OMC-124	1.0	1.0	-0.0	0.0	0.0
720_OMC-124	0.0	0.0	nan	nan	nan
721_OMC-124	1.0	1.0	-0.0	0.0	0.0
722_OMC-124	1.0	1.0	-0.0	0.0	1.0
723_OMC-124	1.0	1.0	-0.0	0.0	1.0
724_OMC-124	1.0	1.0	-0.0	0.0	1.0
725_OMC-124	1.0	1.0	-0.0	0.0	1.0
726_OMC-124	1.0	1.0	-0.0	0.0	1.0
727_OMC-124	1.0	1.0	-0.0	0.0	1.0
728_OMC-124	1.0	1.0	-0.0	0.0	0.0
729_OMC-124	1.0	1.0	-0.0	0.0	1.0
72_OMC-124	1.0	1.0	-0.0	0.0	0.0
730_OMC-124	1.0	1.0	-0.0	0.0	0.0
731_OMC-124	0.0	0.0	nan	nan	nan
732_OMC-124	1.0	1.0	-0.0	0.0	1.0
733_OMC-124	1.0	1.0	-0.0	0.0	1.0
734_OMC-124	1.0	1.0	-0.0	0.0	1.0
735_OMC-124	1.0	1.0	-0.0	0.0	0.0
736_OMC-124	1.0	1.0	-0.0	0.0	1.0
737_OMC-124	1.0	1.0	-0.0	0.0	1.0
738_OMC-124	1.0	1.0	-0.0	0.0	0.0
739_OMC-124	1.0	1.0	-0.0	0.0	1.0
73_OMC-124	1.0	1.0	-0.0	0.0	0.0
740_OMC-124	1.0	1.0	-0.0	0.0	1.0
741_OMC-124	1.0	1.0	-0.0	0.0	1.0
742_OMC-124	0.0	0.0	nan	nan	nan
743_OMC-124	1.0	1.0	-0.0	0.0	0.0
744_OMC-124	1.0	1.0	-0.0	0.0	1.0
745_OMC-124	1.0	1.0	-0.0	0.0	1.0
746_OMC-124	1.0	1.0	-0.0	0.0	1.0
747_OMC-124	1.0	1.0	-0.0	0.0	1.0
748_OMC-124	1.0	1.0	-0.0	0.0	1.0
749_OMC-124	1.0	1.0	-0.0	0.0	1.0
74_OMC-124	1.0	1.0	-0.0	0.0	1.0
750_OMC-124	1.0	1.0	-0.0	0.0	0.0
751_OMC-124	1.0	1.0	-0.0	0.0	1.0
752_OMC-124	1.0	1.0	-0.0	0.0	0.0
753_OMC-124	1.0	1.0	-0.0	0.0	1.0
754_OMC-124	1.0	1.0	-0.0	0.0	1.0
755_OMC-124	1.0	1.0	-0.0	0.0	1.0
756_OMC-124	0.0	0.0	nan	nan	nan
757_OMC-124	1.0	1.0	-0.0	0.0	0.0
758_OMC-124	1.0	1.0	-0.0	0.0	0.0
759_OMC-124	1.0	1.0	-0.0	0.0	0.0
75_OMC-124	1.0	1.0	-0.0	0.0	1.0
760_OMC-124	1.0	1.0	-0.0	0.0	0.0
761_OMC-124	0.0	0.0	nan	nan	nan
762_OMC-124	1.0	1.0	-0.0	0.0	1.0
763_OMC-124	0.0	0.0	nan	nan	nan
764_OMC-124	1.0	1.0	-0.0	0.0	1.0
765_OMC-124	1.0	1.0	-0.0	0.0	1.0
766_OMC-124	1.0	1.0	-0.0	0.0	1.0
767_OMC-124	1.0	1.0	-0.0	0.0	1.0
768_OMC-124	1.0	1.0	-0.0	0.0	1.0
769_OMC-124	1.0	1.0	-0.0	0.0	1.0
76_OMC-124	1.0	1.0	-0.0	0.0	1.0
770_OMC-124	1.0	1.0	-0.0	0.0	1.0
771_OMC-124	0.0	0.0	nan	nan	nan
772_OMC-124	1.0	1.0	-0.0	0.0	1.0
773_OMC-124	1.0	1.0	-0.0	0.0	1.0
774_OMC-124	1.0	1.0	-0.0	0.0	1.0
775_OMC-124	1.0	1.0	-0.0	0.0	0.0
776_OMC-124	0.0	0.0	nan	nan	nan
777_OMC-124	1.0	1.0	-0.0	0.0	0.0
778_OMC-124	1.0	1.0	-0.0	0.0	0.0
779_OMC-124	1.0	1.0	-0.0	0.0	1.0
77_OMC-124	1.0	1.0	-0.0	0.0	0.0
780_OMC-124	1.0	1.0	-0.0	0.0	1.0
781_OMC-124	1.0	1.0	-0.0	0.0	1.0
782_OMC-124	1.0	1.0	-0.0	0.0	1.0
783_OMC-124	1.0	1.0	-0.0	0.0	1.0
784_OMC-124	1.0	1.0	-0.0	0.0	0.0
785_OMC-124	1.0	1.0	-0.0	0.0	1.0
786_OMC-124	1.0	1.0	-0.0	0.0	1.0
787_OMC-124	1.0	1.0	-0.0	0.0	1.0
788_OMC-124	1.0	1.0	-0.0	0.0	1.0
789_OMC-124	1.0	1.0	-0.0	0.0	0.0
78_OMC-124	1.0	1.0	-0.0	0.0	1.0
790_OMC-124	1.0	1.0	-0.0	0.0	1.0
791_OMC-124	1.0	1.0	-0.0	0.0	1.0
792_OMC-124	1.0	1.0	-0.0	0.0	1.0
793_OMC-124	1.0	1.0	-0.0	0.0	0.0
794_OMC-124	1.0	1.0	-0.0	0.0	1.0
795_OMC-124	0.0	0.0	nan	nan	nan
796_OMC-124	1.0	1.0	-0.0	0.0	0.0
797_OMC-124	1.0	1.0	-0.0	0.0	1.0
798_OMC-124	1.0	1.0	-0.0	0.0	0.0
799_OMC-124	1.0	1.0	-0.0	0.0	1.0
79_OMC-124	1.0	1.0	-0.0	0.0	1.0
7_OMC-124	1.0	1.0	-0.0	0.0	1.0
800_OMC-124	1.0	1.0	-0.0	0.0	1.0
801_OMC-124	1.0	1.0	-0.0	0.0	0.0
802_OMC-124	1.0	1.0	-0.0	0.0	1.0
803_OMC-124	1.0	1.0	-0.0	0.0	1.0
804_OMC-124	0.0	0.0	nan	nan	nan
805_OMC-124	1.0	1.0	-0.0	0.0	0.0
806_OMC-124	0.0	0.0	nan	nan	nan
807_OMC-124	1.0	1.0	-0.0	0.0	1.0
808_OMC-124	1.0	1.0	-0.0	0.0	1.0
809_OMC-124	1.0	1.0	-0.0	0.0	1.0
80_OMC-124	1.0	1.0	-0.0	0.0	1.0
810_OMC-124	1.0	1.0	-0.0	0.0	0.0
811_OMC-124	1.0	1.0	-0.0	0.0	1.0
812_OMC-124	1.0	1.0	-0.0	0.0	0.0
813_OMC-124	1.0	1.0	-0.0	0.0	1.0
814_OMC-124	1.0	1.0	-0.0	0.0	1.0
815_OMC-124	1.0	1.0	-0.0	0.0	1.0
816_OMC-124	1.0	1.0	-0.0	0.0	0.0
817_OMC-124	0.0	0.0	nan	nan	nan
818_OMC-124	1.0	1.0	-0.0	0.0	1.0
819_OMC-124	1.0	1.0	-0.0	0.0	1.0
81_OMC-124	1.0	1.0	-0.0	0.0	1.0
820_OMC-124	1.0	1.0	-0.0	0.0	1.0
821_OMC-124	1.0	1.0	-0.0	0.0	1.0
822_OMC-124	0.0	0.0	nan	nan	nan
823_OMC-124	1.0	1.0	-0.0	0.0	1.0
824_OMC-124	1.0	1.0	-0.0	0.0	0.0
825_OMC-124	1.0	1.0	-0.0	0.0	0.0
826_OMC-124	1.0	1.0	-0.0	0.0	1.0
827_OMC-124	1.0	1.0	-0.0	0.0	0.0
828_OMC-124	1.0	1.0	-0.0	0.0	1.0
829_OMC-124	1.0	1.0	-0.0	0.0	0.0
82_OMC-124	1.0	1.0	-0.0	0.0	1.0
830_OMC-124	1.0	1.0	-0.0	0.0	0.0
831_OMC-124	1.0	1.0	-0.0	0.0	1.0
832_OMC-124	0.0	0.0	nan	nan	nan
833_OMC-124	1.0	1.0	-0.0	0.0	0.0
834_OMC-124	1.0	1.0	-0.0	0.0	0.0
835_OMC-124	1.0	1.0	-0.0	0.0	1.0
836_OMC-124	1.0	1.0	-0.0	0.0	1.0
837_OMC-124	1.0	1.0	-0.0	0.0	0.0
838_OMC-124	1.0	1.0	-0.0	0.0	1.0
839_OMC-124	1.0	1.0	-0.0	0.0	1.0
83_OMC-124	1.0	1.0	-0.0	0.0	1.0
840_OMC-124	1.0	1.0	-0.0	0.0	0.0
841_OMC-124	1.0	1.0	-0.0	0.0	1.0
842_OMC-124	1.0	1.0	-0.0	0.0	1.0
843_OMC-124	0.0	0.0	nan	nan	nan
844_OMC-124	0.0	0.0	nan	nan	nan
845_OMC-124	1.0	1.0	-0.0	0.0	1.0
846_OMC-124	1.0	1.0	-0.0	0.0	0.0
847_OMC-124	1.0	1.0	-0.0	0.0	1.0
848_OMC-124	1.0	1.0	-0.0	0.0	0.0
849_OMC-124	1.0	1.0	-0.0	0.0	1.0
84_OMC-124	1.0	1.0	-0.0	0.0	1.0
850_OMC-124	1.0	1.0	-0.0	0.0	1.0
851_OMC-124	1.0	1.0	-0.0	0.0	1.0
852_OMC-124	1.0	1.0	-0.0	0.0	1.0
853_OMC-124	0.0	0.0	nan	nan	nan
854_OMC-124	1.0	1.0	-0.0	0.0	1.0
855_OMC-124	1.0	1.0	-0.0	0.0	1.0
856_OMC-124	1.0	1.0	-0.0	0.0	1.0
857_OMC-124	0.0	0.0	nan	nan	nan
858_OMC-124	0.0	0.0	nan	nan	nan
859_OMC-124	1.0	1.0	-0.0	0.0	1.0
85_OMC-124	1.0	1.0	-0.0	0.0	1.0
860_OMC-124	1.0	1.0	-0.0	0.0	1.0
861_OMC-124	1.0	1.0	-0.0	0.0	0.0
862_OMC-124	1.0	1.0	-0.0	0.0	1.0
863_OMC-124	1.0	1.0	-0.0	0.0	1.0
864_OMC-124	0.0	0.0	nan	nan	nan
865_OMC-124	1.0	1.0	-0.0	0.0	1.0
866_OMC-124	1.0	1.0	-0.0	0.0	0.0
867_OMC-124	1.0	1.0	-0.0	0.0	1.0
868_OMC-124	1.0	1.0	-0.0	0.0	1.0
869_OMC-124	1.0	1.0	-0.0	0.0	1.0
86_OMC-124	1.0	1.0	-0.0	0.0	1.0
870_OMC-124	1.0	1.0	-0.0	0.0	1.0
871_OMC-124	1.0	1.0	-0.0	0.0	1.0
872_OMC-124	1.0	1.0	-0.0	0.0	0.0
873_OMC-124	1.0	1.0	-0.0	0.0	1.0
874_OMC-124	1.0	1.0	-0.0	0.0	0.0
875_OMC-124	1.0	1.0	-0.0	0.0	1.0
876_OMC-124	1.0	1.0	-0.0	0.0	1.0
877_OMC-124	1.0	1.0	-0.0	0.0	0.0
878_OMC-124	1.0	1.0	-0.0	0.0	0.0
879_OMC-124	1.0	1.0	-0.0	0.0	0.0
87_OMC-124	1.0	1.0	-0.0	0.0	1.0
880_OMC-124	1.0	1.0	-0.0	0.0	1.0
881_OMC-124	0.0	0.0	nan	nan	nan
882_OMC-124	0.0	0.0	nan	nan	nan
883_OMC-124	1.0	1.0	-0.0	0.0	0.0
884_OMC-124	1.0	1.0	-0.0	0.0	0.0
885_OMC-124	1.0	1.0	-0.0	0.0	1.0
886_OMC-124	1.0	1.0	-0.0	0.0	0.0
887_OMC-124	1.0	1.0	-0.0	0.0	0.0
888_OMC-124	0.0	0.0	nan	nan	nan
889_OMC-124	1.0	1.0	-0.0	0.0	1.0
88_OMC-124	1.0	1.0	-0.0	0.0	1.0
890_OMC-124	1.0	1.0	-0.0	0.0	1.0
891_OMC-124	1.0	1.0	-0.0	0.0	1.0
892_OMC-124	1.0	1.0	-0.0	0.0	0.0
893_OMC-124	0.0	0.0	nan	nan	nan
894_OMC-124	1.0	1.0	-0.0	0.0	0.0
895_OMC-124	1.0	1.0	-0.0	0.0	1.0
896_OMC-124	1.0	1.0	-0.0	0.0	1.0
897_OMC-124	1.0	1.0	-0.0	0.0	1.0
898_OMC-124	1.0	1.0	-0.0	0.0	1.0
899_OMC-124	1.0	1.0	-0.0	0.0	0.0
89_OMC-124	1.0	1.0	-0.0	0.0	1.0
8_OMC-124	1.0	1.0	-0.0	0.0	1.0
900_OMC-124	1.0	1.0	-0.0	0.0	0.0
901_OMC-124	1.0	1.0	-0.0	0.0	1.0
902_OMC-124	1.0	1.0	-0.0	0.0	1.0
903_OMC-124	1.0	1.0	-0.0	0.0	1.0
904_OMC-124	1.0	1.0	-0.0	0.0	0.0
905_OMC-124	1.0	1.0	-0.0	0.0	1.0
906_OMC-124	0.0	0.0	nan	nan	nan
907_OMC-124	1.0	1.0	-0.0	0.0	1.0
908_OMC-124	1.0	1.0	-0.0	0.0	0.0
909_OMC-124	1.0	1.0	-0.0	0.0	0.0
90_OMC-124	1.0	1.0	-0.0	0.0	1.0
910_OMC-124	1.0	1.0	-0.0	0.0	1.0
911_OMC-124	1.0	1.0	-0.0	0.0	0.0
912_OMC-124	1.0	1.0	-0.0	0.0	0.0
913_OMC-124	1.0	1.0	-0.0	0.0	0.0
914_OMC-124	1.0	1.0	-0.0	0.0	0.0
915_OMC-124	1.0	1.0	-0.0	0.0	1.0
916_OMC-124	1.0	1.0	-0.0	0.0	1.0
917_OMC-124	1.0	1.0	-0.0	0.0	0.0
918_OMC-124	1.0	1.0	-0.0	0.0	1.0
919_OMC-124	0.0	0.0	nan	nan	nan
91_OMC-124	1.0	1.0	-0.0	0.0	1.0
920_OMC-124	1.0	1.0	-0.0	0.0	1.0
921_OMC-124	1.0	1.0	-0.0	0.0	1.0
922_OMC-124	1.0	1.0	-0.0	0.0	1.0
923_OMC-124	1.0	1.0	-0.0	0.0	0.0
924_OMC-124	1.0	1.0	-0.0	0.0	1.0
925_OMC-124	1.0	1.0	-0.0	0.0	0.0
926_OMC-124	1.0	1.0	-0.0	0.0	1.0
927_OMC-124	1.0	1.0	-0.0	0.0	1.0
928_OMC-124	1.0	1.0	-0.0	0.0	1.0
929_OMC-124	1.0	1.0	-0.0	0.0	1.0
92_OMC-124	1.0	1.0	-0.0	0.0	1.0
930_OMC-124	1.0	1.0	-0.0	0.0	1.0
931_OMC-124	1.0	1.0	-0.0	0.0	1.0
932_OMC-124	1.0	1.0	-0.0	0.0	1.0
933_OMC-124	1.0	1.0	-0.0	0.0	1.0
934_OMC-124	1.0	1.0	-0.0	0.0	0.0
935_OMC-124	1.0	1.0	-0.0	0.0	1.0
936_OMC-124	1.0	1.0	-0.0	0.0	1.0
937_OMC-124	1.0	1.0	-0.0	0.0	1.0
938_OMC-124	1.0	1.0	-0.0	0.0	1.0
939_OMC-124	1.0	1.0	-0.0	0.0	1.0
93_OMC-124	0.0	0.0	nan	nan	nan
940_OMC-124	1.0	1.0	-0.0	0.0	0.0
941_OMC-124	1.0	1.0	-0.0	0.0	0.0
942_OMC-124	1.0	1.0	-0.0	0.0	0.0
943_OMC-124	1.0	1.0	-0.0	0.0	1.0
944_OMC-124	0.0	0.0	nan	nan	nan
945_OMC-124	1.0	1.0	-0.0	0.0	0.0
946_OMC-124	1.0	1.0	-0.0	0.0	0.0
947_OMC-124	1.0	1.0	-0.0	0.0	1.0
948_OMC-124	1.0	1.0	-0.0	0.0	1.0
949_OMC-124	1.0	1.0	-0.0	0.0	1.0
94_OMC-124	1.0	1.0	-0.0	0.0	1.0
950_OMC-124	1.0	1.0	-0.0	0.0	0.0
951_OMC-124	1.0	1.0	-0.0	0.0	1.0
952_OMC-124	0.0	0.0	nan	nan	nan
953_OMC-124	1.0	1.0	-0.0	0.0	1.0
954_OMC-124	1.0	1.0	-0.0	0.0	1.0
955_OMC-124	1.0	1.0	-0.0	0.0	0.0
956_OMC-124	1.0	1.0	-0.0	0.0	1.0
957_OMC-124	0.0	0.0	nan	nan	nan
958_OMC-124	1.0	1.0	-0.0	0.0	1.0
959_OMC-124	1.0	1.0	-0.0	0.0	0.0
95_OMC-124	1.0	1.0	-0.0	0.0	0.0
960_OMC-124	1.0	1.0	-0.0	0.0	1.0
961_OMC-124	1.0	1.0	-0.0	0.0	1.0
962_OMC-124	1.0	1.0	-0.0	0.0	1.0
963_OMC-124	0.0	0.0	nan	nan	nan
964_OMC-124	1.0	1.0	-0.0	0.0	1.0
965_OMC-124	0.0	0.0	nan	nan	nan
966_OMC-124	1.0	1.0	-0.0	0.0	0.0
967_OMC-124	1.0	1.0	-0.0	0.0	1.0
968_OMC-124	1.0	1.0	-0.0	0.0	1.0
969_OMC-124	1.0	1.0	-0.0	0.0	1.0
96_OMC-124	1.0	1.0	-0.0	0.0	0.0
970_OMC-124	0.0	0.0	nan	nan	nan
971_OMC-124	1.0	1.0	-0.0	0.0	1.0
972_OMC-124	1.0	1.0	-0.0	0.0	1.0
973_OMC-124	1.0	1.0	-0.0	0.0	1.0
974_OMC-124	1.0	1.0	-0.0	0.0	0.0
975_OMC-124	1.0	1.0	-0.0	0.0	1.0
976_OMC-124	1.0	1.0	-0.0	0.0	1.0
977_OMC-124	1.0	1.0	-0.0	0.0	1.0
978_OMC-124	1.0	1.0	-0.0	0.0	1.0
979_OMC-124	1.0	1.0	-0.0	0.0	1.0
97_OMC-124	1.0	1.0	-0.0	0.0	0.0
980_OMC-124	1.0	1.0	-0.0	0.0	0.0
981_OMC-124	0.0	0.0	nan	nan	nan
982_OMC-124	1.0	1.0	-0.0	0.0	1.0
983_OMC-124	1.0	1.0	-0.0	0.0	1.0
984_OMC-124	1.0	1.0	-0.0	0.0	0.0
985_OMC-124	1.0	1.0	-0.0	0.0	1.0
986_OMC-124	1.0	1.0	-0.0	0.0	0.0
987_OMC-124	1.0	1.0	-0.0	0.0	1.0
988_OMC-124	1.0	1.0	-0.0	0.0	1.0
989_OMC-124	0.0	0.0	nan	nan	nan
98_OMC-124	1.0	1.0	-0.0	0.0	1.0
990_OMC-124	1.0	1.0	-0.0	0.0	0.0
991_OMC-124	1.0	1.0	-0.0	0.0	0.0
992_OMC-124	1.0	1.0	-0.0	0.0	1.0
993_OMC-124	1.0	1.0	-0.0	0.0	1.0
994_OMC-124	1.0	1.0	-0.0	0.0	1.0
995_OMC-124	1.0	1.0	-0.0	0.0	1.0
996_OMC-124	1.0	1.0	-0.0	0.0	1.0
997_OMC-124	1.0	1.0	-0.0	0.0	1.0
998_OMC-124	1.0	1.0	-0.0	0.0	1.0
999_OMC-124	1.0	1.0	-0.0	0.0	0.0
99_OMC-124	0.0	0.0	nan	nan	nan
9_OMC-124	1.0	1.0	-0.0	0.0	1.0
