	chao1	observed_otus	shannon	simpson	goods_coverage
1000_H-119	61.6	61.0	4.784563213826593	0.9377902485591584	0.997270245677889
100_H-119	64.0	61.0	4.744648964965913	0.9370923036089102	0.9948409286328461
101_H-119	60.0	60.0	4.747956193178208	0.9344056118612012	0.9991055456171736
102_H-119	63.5	61.0	4.738665668680319	0.9363138937648451	0.9957301451750641
103_H-119	61.0	61.0	4.800024880404065	0.93562052488291	0.9991394148020654
104_H-119	61.166666666666664	61.0	4.825889436921089	0.9408274180466949	0.998280309544282
105_H-119	64.5	63.0	4.778383978080065	0.9342141312300765	0.9964093357271095
106_H-119	62.666666666666664	61.0	4.7362466930480185	0.9359076806702138	0.9957841483979764
107_H-119	60.857142857142854	60.0	4.596765532364866	0.9264338070522922	0.9961977186311787
108_H-119	62.75	62.0	4.7196599314690415	0.9344365413461073	0.9975903614457832
109_H-119	61.857142857142854	61.0	4.709210533939226	0.9339418764467593	0.9965277777777778
10_H-119	62.6	62.0	4.760807156972041	0.9338378448114093	0.997431506849315
110_H-119	63.166666666666664	63.0	4.748348091590068	0.9335945562043972	0.9982578397212544
111_H-119	64.75	61.0	4.670827687473971	0.9305276653083117	0.9948849104859335
112_H-119	58.75	58.0	4.662203229383016	0.9333217011479636	0.9974204643164231
113_H-119	59.0	59.0	4.693947080630729	0.9327334099396725	0.9991525423728813
114_H-119	57.75	57.0	4.698898557053052	0.9347139552121471	0.9971563981042654
115_H-119	59.25	59.0	4.8714820080961845	0.9418845763216094	0.9982773471145564
116_H-119	60.0	60.0	4.762722391070572	0.9337569749010609	0.9991095280498664
117_H-119	63.5	61.0	4.801899565684311	0.9412050448979017	0.9943714821763602
118_H-119	63.0	60.0	4.7030038799435046	0.9365097329108194	0.9937943262411347
119_H-119	62.0	62.0	4.839596575001093	0.9378174367109525	1.0
11_H-119	61.5	61.0	4.7151423677932875	0.9342605142775222	0.9972924187725631
120_H-119	63.25	63.0	4.68931971267545	0.930805839407975	0.9983361064891847
121_H-119	62.6	62.0	4.6849900945893665	0.9312142620706998	0.9973890339425587
122_H-119	61.5	61.0	4.777878385870509	0.9361725723419656	0.998280309544282
123_H-119	62.5	62.0	4.723504078650459	0.933315135213056	0.9973730297723292
124_H-119	61.75	61.0	4.763254411835041	0.9350483813491954	0.9965095986038395
125_H-119	59.75	59.0	4.559342457290713	0.9251343096561986	0.9964601769911504
126_H-119	61.142857142857146	61.0	4.69919045466707	0.9319191268371112	0.998272884283247
127_H-119	61.142857142857146	61.0	4.77655379150676	0.9375812457311565	0.998193315266486
128_H-119	62.666666666666664	62.0	4.674759822124456	0.9320126530691455	0.9964757709251101
129_H-119	65.0	62.0	4.639337623937095	0.929294260889143	0.9939759036144579
12_H-119	61.5	61.0	4.756023899287366	0.9361852308939196	0.9982832618025751
130_H-119	63.5	61.0	4.8063103420929805	0.9365251394890384	0.9954504094631483
131_H-119	70.0	63.0	4.791604302575438	0.9360590432838432	0.9926806953339433
132_H-119	61.42857142857143	61.0	4.7351334458666425	0.9298040701655175	0.9972801450589301
133_H-119	59.0	58.0	4.761399624029598	0.9391917312722737	0.9974182444061962
134_H-119	61.42857142857143	61.0	4.750293019624717	0.937009643148551	0.9974979149291076
135_H-119	61.166666666666664	61.0	4.866623091215068	0.9422755376480842	0.998158379373849
136_H-119	66.0	63.0	4.7840555619983025	0.9355908737334082	0.9965782720273738
137_H-119	62.5	61.0	4.703692929163252	0.9311891313433214	0.9973309608540926
138_H-119	63.0	61.0	4.7988384844796	0.9375503410659438	0.9963436928702011
139_H-119	62.25	62.0	4.793313742173806	0.9377993590720949	0.9983235540653814
13_H-119	63.5	63.0	4.814564110200452	0.939273862399506	0.9975530179445351
140_H-119	62.42857142857143	62.0	4.68317631163141	0.929802617482319	0.9973614775725593
141_H-119	62.125	62.0	4.666935359973864	0.9311850264200939	0.998280309544282
142_H-119	59.0	59.0	4.618369331384907	0.9244578344885528	0.9990942028985508
143_H-119	59.0	59.0	4.778418668329249	0.9365259730130525	1.0
144_H-119	62.166666666666664	62.0	4.719464855398636	0.934052947318851	0.9981900452488688
145_H-119	60.2	60.0	4.732655159863957	0.9303507653061225	0.9982142857142857
146_H-119	60.0	60.0	4.830586857600536	0.9399987736934958	1.0
147_H-119	61.0	60.0	4.6713163783183065	0.9321771000465814	0.9964028776978417
148_H-119	62.333333333333336	62.0	4.883952763780672	0.9425606433256173	0.9982638888888888
149_H-119	65.75	62.0	4.720857814848939	0.9338775914335817	0.9947229551451188
14_H-119	60.5	59.0	4.71750288549314	0.9356313775510204	0.9964285714285714
150_H-119	60.25	60.0	4.740703224344179	0.9344721933171465	0.9982078853046595
151_H-119	58.42857142857143	58.0	4.731907504052016	0.9367297535211268	0.9973591549295775
152_H-119	64.0	61.0	4.643795253810682	0.9291225617922415	0.9946284691136974
153_H-119	64.33333333333333	61.0	4.763297527148545	0.9381191472947695	0.995766299745978
154_H-119	64.75	61.0	4.772719490548044	0.9389177341189245	0.9946188340807175
155_H-119	61.5	61.0	4.701217741057959	0.9339638518518518	0.9973333333333333
156_H-119	62.75	62.0	4.856073485153155	0.943132281993097	0.9973799126637555
157_H-119	66.0	63.0	4.807669261704529	0.9365535142637993	0.9944392956441149
158_H-119	58.6	58.0	4.730837836913575	0.9354077336936668	0.9971751412429378
159_H-119	62.0	60.0	4.752574124466966	0.9353224966420877	0.9965095986038395
15_H-119	61.42857142857143	61.0	4.718889200028609	0.9354636380087167	0.9973730297723292
160_H-119	62.6	62.0	4.752672088443713	0.9337035114027584	0.9975349219391948
161_H-119	61.0	61.0	4.849605097136128	0.9405564316695391	0.9991126885536823
162_H-119	59.0	59.0	4.630399277338209	0.9297354100206418	0.9990867579908675
163_H-119	60.75	60.0	4.746781730962181	0.9362396654081026	0.9973867595818815
164_H-119	61.5	60.0	4.731945106310912	0.9361829430652361	0.9964601769911504
165_H-119	67.0	62.0	4.675795108143092	0.9309683748854046	0.9949281487743026
166_H-119	60.42857142857143	60.0	4.666725790231947	0.9290128304964089	0.9972577696526508
167_H-119	59.0	59.0	4.725499706424148	0.9360189377384989	0.9991326973113617
168_H-119	61.5	61.0	4.7733118668952645	0.9380881846989588	0.9974468085106383
169_H-119	61.75	61.0	4.7374542541440725	0.9328898425261157	0.997275204359673
16_H-119	62.25	62.0	4.808515265709054	0.9364802820191552	0.9981566820276497
170_H-119	61.75	61.0	4.78436885606688	0.9361602406442902	0.9973958333333334
171_H-119	63.0	63.0	4.850374085674971	0.9381342144052911	0.9991423670668954
172_H-119	67.0	62.0	4.808832207894132	0.936125068411398	0.9958540630182421
173_H-119	66.33333333333333	63.0	4.674615103543778	0.9272093830589169	0.9955985915492958
174_H-119	61.333333333333336	61.0	4.66191104181487	0.9330325347424653	0.997384481255449
175_H-119	60.2	59.0	4.769639944405218	0.9365376186997809	0.9963963963963964
176_H-119	63.0	62.0	4.764412509522753	0.9373796334494325	0.9966914805624483
177_H-119	64.2	63.0	4.826251970259877	0.9400998109640831	0.9965217391304347
178_H-119	62.0	62.0	4.594620124911951	0.9251569909009355	0.9991830065359477
179_H-119	61.333333333333336	61.0	4.706705612332726	0.9294643673269677	0.9982471516213848
17_H-119	66.0	61.0	4.753068351045914	0.9369341105273035	0.9948630136986302
180_H-119	63.0	61.0	4.7975071720235904	0.9392643890427824	0.9956140350877193
181_H-119	62.166666666666664	62.0	4.9240693783084355	0.9447480267152398	0.9981785063752276
182_H-119	63.0	62.0	4.785158022437068	0.9352413271347748	0.9975165562913907
183_H-119	59.142857142857146	59.0	4.771967539149816	0.9386617100371747	0.9981412639405205
184_H-119	62.6	62.0	4.6687681069595675	0.9317055681303757	0.9974468085106383
185_H-119	57.25	57.0	4.765785606776954	0.9384908970446889	0.998236331569665
186_H-119	63.75	63.0	4.686972279989572	0.9331794940969412	0.996415770609319
187_H-119	61.0	60.0	4.7026160581884815	0.933499298672587	0.9966187658495351
188_H-119	62.75	62.0	4.6999139277981765	0.9323158303680015	0.9966442953020134
189_H-119	64.0	62.0	4.671121975902349	0.9315797709279353	0.9956101843722563
18_H-119	60.375	60.0	4.738163224512628	0.9352124580183718	0.9973262032085561
190_H-119	68.5	61.0	4.752281580183817	0.9349913043478261	0.9947826086956522
191_H-119	61.142857142857146	61.0	4.682313802221552	0.9301338873499538	0.9982456140350877
192_H-119	62.25	62.0	4.825455313128372	0.9369743019218544	0.9982517482517482
193_H-119	61.333333333333336	61.0	4.781044239643306	0.9383676940163821	0.9982993197278912
194_H-119	63.5	62.0	4.805487878732864	0.9360338534398719	0.9973474801061007
195_H-119	62.0	62.0	4.821730368586199	0.9390950972055586	0.9991467576791809
196_H-119	62.166666666666664	62.0	4.763328676435396	0.9337078146478077	0.9982078853046595
197_H-119	63.0	61.0	4.750955477752342	0.9360118118593065	0.9964664310954063
198_H-119	62.0	61.0	4.80797020495565	0.9389233157501348	0.9960513326752222
199_H-119	59.0	59.0	4.648855516121097	0.9303338575722996	1.0
19_H-119	68.0	63.0	4.844775234843819	0.9380701754385965	0.9947368421052631
1_H-119	62.0	62.0	4.693545815700913	0.9316510435096373	0.9991645781119465
200_H-119	63.142857142857146	63.0	4.682898177294204	0.9323586104727996	0.998324958123953
201_H-119	59.75	59.0	4.742559593177734	0.9360126436687484	0.997411561691113
202_H-119	62.6	62.0	4.807522127167857	0.9400430979845354	0.9964507542147294
203_H-119	64.5	62.0	4.764687976122346	0.936418228928517	0.9958847736625515
204_H-119	60.142857142857146	60.0	4.765497673479128	0.9358993910319372	0.9983922829581994
205_H-119	63.0	61.0	4.6366620247539565	0.9293291761564662	0.995787700084246
206_H-119	64.0	63.0	4.683834483669578	0.9314028530603087	0.9965635738831615
207_H-119	62.166666666666664	62.0	4.788822300488213	0.9389145691871631	0.9982502187226596
208_H-119	61.09090909090909	61.0	4.6759493687525815	0.9336755193365252	0.9982486865148862
209_H-119	83.5	61.0	4.76014471462554	0.9370467549299485	0.9909828674481514
20_H-119	61.0	61.0	4.8225316829107285	0.9368350416402161	0.9991311902693311
210_H-119	62.2	62.0	4.899568082076879	0.9429064525218371	0.9981684981684982
211_H-119	61.5	61.0	4.755203590030293	0.9330465201736908	0.997229916897507
212_H-119	65.75	62.0	4.763999326248809	0.9339916628324708	0.9947414548641542
213_H-119	61.166666666666664	61.0	4.85485545845697	0.938955691730579	0.9982078853046595
214_H-119	62.125	62.0	4.7373817295025775	0.9347705796754407	0.9982832618025751
215_H-119	61.0	61.0	4.7569845367962005	0.9357377186575832	0.9991349480968859
216_H-119	62.6	62.0	4.630270355668882	0.9262554731404888	0.9972375690607734
217_H-119	64.0	62.0	4.7561660974884346	0.9389947958310538	0.9953183520599251
218_H-119	62.0	62.0	4.824552618376775	0.9400547264647092	0.9991189427312775
219_H-119	63.0	61.0	4.723693039557136	0.9336269666119779	0.9964819700967458
21_H-119	62.6	62.0	4.763346834070604	0.9357502703964861	0.9974293059125964
220_H-119	60.0	60.0	4.727524109092108	0.9330777678396401	0.9991617770326907
221_H-119	61.142857142857146	61.0	4.76326542712933	0.9348075269844303	0.9981851179673321
222_H-119	67.0	62.0	4.823616001999013	0.9404472382084988	0.9953917050691244
223_H-119	61.42857142857143	61.0	4.612732055911874	0.9277383466835223	0.9974160206718347
224_H-119	61.2	61.0	4.787746512386702	0.9386895506524692	0.9981498612395929
225_H-119	63.25	62.0	4.722706076215079	0.932572215407959	0.9954296160877514
226_H-119	63.2	63.0	4.731026356910121	0.9326055178180125	0.998324958123953
227_H-119	64.2	63.0	4.665369949735385	0.9293017391000478	0.9965870307167235
228_H-119	62.857142857142854	62.0	4.713202707705495	0.9342965326074741	0.9964664310954063
229_H-119	61.5	61.0	4.690600218615639	0.932911981765923	0.9973190348525469
22_H-119	61.0	61.0	4.7061389010722445	0.9314310760464607	0.9991452991452991
230_H-119	62.2	61.0	4.787813228354582	0.9368005244377162	0.9963235294117647
231_H-119	61.166666666666664	61.0	4.7806618140577415	0.9356908719780168	0.9982238010657194
232_H-119	62.0	62.0	4.7315072833004335	0.9352213541666667	0.9991319444444444
233_H-119	61.0	61.0	4.802201879436567	0.9355611245986373	0.9991150442477876
234_H-119	62.0	61.0	4.901119871357056	0.9447848563327679	0.9967239967239967
235_H-119	63.0	61.0	4.696706074007656	0.9305347386379679	0.9956672443674177
236_H-119	59.0	59.0	4.780825893346166	0.9392685286277291	0.9991181657848325
237_H-119	65.0	62.0	4.759209554839678	0.9350124217173024	0.9946043165467626
238_H-119	63.0	62.0	4.73968336793898	0.9334478575176549	0.9963436928702011
239_H-119	60.333333333333336	60.0	4.717043388568869	0.9346557660339937	0.9973614775725593
23_H-119	62.5	62.0	4.81974064954184	0.9378729363981723	0.9974895397489539
240_H-119	64.75	61.0	4.658342175342313	0.9287193553656198	0.9944802207911684
241_H-119	61.0	61.0	4.798035064030222	0.9397846050693838	0.9991349480968859
242_H-119	64.54545454545455	62.0	4.654251276488823	0.934714713595572	0.9927992799279928
243_H-119	61.0	60.0	4.774690636964163	0.935336716483143	0.9965156794425087
244_H-119	62.0	62.0	4.7836830260556	0.9340659735935847	0.9991518235793045
245_H-119	62.857142857142854	62.0	4.605943047617973	0.9264918297386397	0.9966015293118097
246_H-119	60.666666666666664	59.0	4.633688724653657	0.9294086992263766	0.9942528735632183
247_H-119	62.0	62.0	4.801067425073597	0.9358876327082926	0.9991589571068125
248_H-119	60.0	58.0	4.561181175293298	0.9260768846491373	0.9958088851634534
249_H-119	61.75	61.0	4.781460299642081	0.9366780861313828	0.9974874371859297
24_H-119	61.333333333333336	61.0	4.811193760110411	0.9385038424133788	0.9982532751091703
250_H-119	66.0	60.0	4.699582243233135	0.9300349099830008	0.9965841161400513
251_H-119	59.142857142857146	59.0	4.6334760339745	0.9268675535472557	0.998211091234347
252_H-119	61.25	61.0	4.756895473149023	0.9361802004394475	0.9982190560997328
253_H-119	61.1	61.0	4.757900617876353	0.936817428496453	0.9981325863678805
254_H-119	60.666666666666664	60.0	4.546365067715854	0.9223662544784939	0.9965307892454467
255_H-119	64.0	62.0	4.727298691846098	0.9344630295170728	0.9956784788245462
256_H-119	60.25	59.0	4.686977436138	0.9358475179556764	0.9954296160877514
257_H-119	63.0	61.0	4.746787836091873	0.935214526432272	0.9964539007092199
258_H-119	61.0	61.0	4.752081220676921	0.935129749178583	1.0
259_H-119	60.3	60.0	4.582302960673957	0.926358488681342	0.9973498233215548
25_H-119	60.25	60.0	4.737859178508864	0.9332858445957924	0.9982046678635548
260_H-119	62.0	60.0	4.62206462057727	0.9293780289167286	0.9964125560538116
261_H-119	63.0	62.0	4.844492360067961	0.9395892212349518	0.9973045822102425
262_H-119	60.6	60.0	4.751882254182374	0.9368363445826622	0.9973568281938326
263_H-119	62.25	62.0	4.86151196714777	0.9413113064236112	0.9982638888888888
264_H-119	62.125	62.0	4.700614041423109	0.93395328	0.9984
265_H-119	65.33333333333333	62.0	4.796791626375342	0.9364683594281372	0.9954462659380692
266_H-119	61.0	61.0	4.683341541170967	0.9296505177514793	0.9990384615384615
267_H-119	61.25	61.0	4.802783364092156	0.937790817748201	0.9983805668016195
268_H-119	62.75	62.0	4.601984703396218	0.9270134523362732	0.9965753424657534
269_H-119	63.54545454545455	63.0	4.7347466213555585	0.9364041695362718	0.9962121212121212
26_H-119	67.0	62.0	4.844716318205341	0.940235480441305	0.9955595026642984
270_H-119	59.75	59.0	4.658881065903124	0.931955186355056	0.9962157048249763
271_H-119	66.25	61.0	4.768692784376991	0.9399201490550971	0.9936651583710407
272_H-119	65.5	63.0	4.852272799251043	0.9410194970082472	0.9945897204688909
273_H-119	62.333333333333336	62.0	4.6454302713455835	0.9319205201256483	0.9974358974358974
274_H-119	60.2	60.0	4.738816124906712	0.9339936181436119	0.99830220713073
275_H-119	63.42857142857143	62.0	4.7977795764159845	0.9375562043034577	0.9954873646209387
276_H-119	63.5	63.0	4.774242510965461	0.9372422867485584	0.9973637961335676
277_H-119	61.0	61.0	4.763251498999473	0.9365559306129364	0.9990974729241877
278_H-119	61.666666666666664	60.0	4.71200683771007	0.9354839889006284	0.9952198852772467
279_H-119	62.0	60.0	4.709307545884385	0.9319718929775838	0.9964788732394366
27_H-119	62.142857142857146	62.0	4.711341480020773	0.935466297322253	0.9982456140350877
280_H-119	61.1	61.0	4.701500399919027	0.9350130742695394	0.9982285208148804
281_H-119	58.0	58.0	4.757782481360822	0.9373882902773962	0.9990791896869244
282_H-119	63.666666666666664	63.0	4.807482470986177	0.9385737392764276	0.9963800904977376
283_H-119	63.0	61.0	4.59681146674505	0.9262891199327873	0.9954710144927537
284_H-119	61.5	61.0	4.804301183529543	0.9342760928105243	0.9981701738334858
285_H-119	61.857142857142854	61.0	4.708118473685985	0.9328092955710419	0.9963603275705186
286_H-119	64.5	63.0	4.804655213274051	0.9378062966608918	0.9966301600673968
287_H-119	62.0	61.0	4.7948763995017645	0.9399387482758952	0.9964221824686941
288_H-119	63.0	62.0	4.745107627563349	0.9350347013407843	0.997275204359673
289_H-119	62.5	61.0	4.842355737552376	0.940727539747366	0.9966832504145937
28_H-119	57.0	57.0	4.755043552571131	0.9356847881382666	0.9991063449508489
290_H-119	62.0	61.0	4.656156626526363	0.9278926987560844	0.9972093023255814
291_H-119	61.2	61.0	4.7304400173054155	0.9315600300610213	0.9981834695731153
292_H-119	63.5	61.0	4.689428084685803	0.9317910316382476	0.9946808510638298
293_H-119	63.333333333333336	63.0	4.752681476427338	0.9361535387465344	0.9973521624007061
294_H-119	62.0	62.0	4.921040593731112	0.9428643355320069	0.9990808823529411
295_H-119	63.0	60.0	4.722933416854489	0.9361724778898614	0.9949452401010952
296_H-119	62.0	61.0	4.656853202074523	0.9356706418548093	0.9956024626209323
297_H-119	66.0	63.0	4.748997762574813	0.9366837107377648	0.9936936936936936
298_H-119	62.0	61.0	4.680976787258916	0.9341405543376339	0.9966015293118097
299_H-119	61.25	60.0	4.623054468974705	0.9304840475046604	0.9954995499549955
29_H-119	66.25	61.0	4.764619806720375	0.9384689431740636	0.9939810834049871
2_H-119	64.66666666666667	63.0	4.613313800779604	0.9260402593186079	0.9959546925566343
300_H-119	62.5	61.0	4.647667751052371	0.93056056033512	0.9966442953020134
301_H-119	58.0	58.0	4.691872833162929	0.9352567357014058	0.999163179916318
302_H-119	62.5	62.0	4.874903793807772	0.9415963488446051	0.997229916897507
303_H-119	61.6	61.0	4.606077178380857	0.9280939777006211	0.9965034965034965
304_H-119	63.857142857142854	63.0	4.612669034790242	0.9296255195430069	0.9963800904977376
305_H-119	65.14285714285714	63.0	4.659324902827598	0.9277753209601858	0.9944237918215614
306_H-119	65.75	62.0	4.674047864944893	0.9307973814347343	0.9947229551451188
307_H-119	59.2	59.0	4.66351522012427	0.9335426744790278	0.9982158786797503
308_H-119	61.42857142857143	61.0	4.795992962670666	0.9383447107115701	0.9974874371859297
309_H-119	67.0	62.0	4.719911808466727	0.9311147777822633	0.995366079703429
30_H-119	61.166666666666664	61.0	4.733152694080406	0.9323723793540201	0.9982030548068284
310_H-119	63.2	62.0	4.7044381294289055	0.9325728289759138	0.9965899403239556
311_H-119	61.75	61.0	4.614458096996388	0.928078683150058	0.9975206611570248
312_H-119	62.142857142857146	62.0	4.765927675421507	0.9385512041039812	0.998274374460742
313_H-119	62.6	62.0	4.65545302666737	0.9273678163581343	0.9974070872947277
314_H-119	61.5	61.0	4.66203362499022	0.9336903293782401	0.9974048442906575
315_H-119	61.6	61.0	4.72005918114709	0.93406971650291	0.9972776769509982
316_H-119	63.5	61.0	4.8035313155440305	0.9392039030991642	0.9956255468066492
317_H-119	60.0	58.0	4.679949887432363	0.9348270508442745	0.9955396966993756
318_H-119	61.333333333333336	61.0	4.782347696241812	0.9378919119991498	0.9982817869415808
319_H-119	70.0	60.0	4.7686548216582105	0.936291968533737	0.9954044117647058
31_H-119	61.142857142857146	61.0	4.755671353835469	0.9366034645444996	0.9983122362869198
320_H-119	61.6	61.0	4.666277810341699	0.9307250866804009	0.9973357015985791
321_H-119	61.0	61.0	4.697089337429068	0.9320344626411963	0.9991126885536823
322_H-119	62.0	62.0	4.8084340035026445	0.9383419049462837	0.9991624790619765
323_H-119	59.42857142857143	58.0	4.517391957546467	0.9230690741276116	0.9952696310312205
324_H-119	61.5	61.0	4.721182080002818	0.9355762384555099	0.9974337040205303
325_H-119	62.2	61.0	4.764867558408117	0.9350326306188256	0.996415770609319
326_H-119	61.0	61.0	4.663935003193403	0.9290337629954353	0.9991031390134529
327_H-119	61.0	61.0	4.82050978356083	0.937419189507158	0.9991467576791809
328_H-119	59.75	59.0	4.7151735142622995	0.9357509328358209	0.9972014925373134
329_H-119	66.5	63.0	4.771181416673775	0.9383032275852256	0.9942100909842845
32_H-119	60.857142857142854	60.0	4.743442591443535	0.9342369684499314	0.9962962962962963
330_H-119	61.857142857142854	61.0	4.692713543050362	0.9337085596765939	0.996265172735761
331_H-119	62.857142857142854	62.0	4.685854848892888	0.9317444657725953	0.996524761077324
332_H-119	62.42857142857143	62.0	4.727994616098168	0.9326602154350537	0.9973544973544973
333_H-119	72.5	62.0	4.741759845227686	0.9343698441969147	0.9935956084172004
334_H-119	62.25	61.0	4.579361524823502	0.9253436553849481	0.9954044117647058
335_H-119	60.3	60.0	4.6506583309001455	0.9284201666526387	0.9972477064220183
336_H-119	63.5	62.0	4.740153413053638	0.9360941828254847	0.9964912280701754
337_H-119	60.42857142857143	60.0	4.649533587149515	0.9301445882720392	0.9973357015985791
338_H-119	59.333333333333336	59.0	4.729208190653041	0.93417507878011	0.9983122362869198
339_H-119	65.75	62.0	4.711985433670403	0.9342001591336917	0.9947136563876652
33_H-119	60.0	60.0	4.763337667407637	0.93574835144023	0.9991701244813278
340_H-119	63.0	63.0	4.697254860229111	0.9304323382245461	0.9991341991341991
341_H-119	61.25	60.0	4.683604137515827	0.9327112987201746	0.9952785646836638
342_H-119	67.0	62.0	4.847735535924545	0.9420103888068261	0.9955237242614146
343_H-119	61.42857142857143	61.0	4.615945237715141	0.9271893611643588	0.9972041006523765
344_H-119	59.333333333333336	59.0	4.70093856812307	0.9325306596902042	0.9982668977469671
345_H-119	60.25	60.0	4.633931644701618	0.9300229819017524	0.9983050847457627
346_H-119	61.0	61.0	4.746947047783327	0.9348199799119215	0.9991694352159468
347_H-119	59.6	59.0	4.687851477371121	0.9335554089347511	0.9973427812223207
348_H-119	61.5	60.0	4.764812736041148	0.9370600475624257	0.9974137931034482
349_H-119	64.0	61.0	4.7515980409546446	0.9365310668945312	0.9931640625
34_H-119	63.375	63.0	4.72953752519778	0.9326708884448442	0.9975429975429976
350_H-119	61.0	61.0	4.729538710457634	0.9293635504434032	0.9991031390134529
351_H-119	64.0	61.0	4.799998435624343	0.935361829275324	0.9972375690607734
352_H-119	62.5	61.0	4.775811901666049	0.9379957037994977	0.9964061096136568
353_H-119	66.0	61.0	4.768697617768765	0.9388030548105075	0.9945701357466064
354_H-119	63.75	63.0	4.674987041100228	0.9285582521782327	0.9965004374453194
355_H-119	76.0	62.0	4.5929216329192	0.925832372164552	0.9921568627450981
356_H-119	62.0	61.0	4.7918338647622685	0.9382533757330994	0.9972948602344455
357_H-119	62.1	62.0	4.703395216304504	0.9337355559412814	0.9982394366197183
358_H-119	61.0	61.0	4.7802117217100335	0.9392652127554056	0.9991197183098591
359_H-119	64.0	61.0	4.822628006325025	0.937983614342711	0.9966273187183811
35_H-119	62.666666666666664	61.0	4.700820910774414	0.9317422032925939	0.9956672443674177
360_H-119	63.5	63.0	4.79759057895205	0.9385455391150811	0.9974853310980721
361_H-119	64.0	63.0	4.72978922402337	0.934458691932668	0.9963536918869644
362_H-119	61.0	61.0	4.827717271676925	0.940055977574672	1.0
363_H-119	62.0	60.0	4.57542868707367	0.9220088087701627	0.9963669391462306
364_H-119	62.0	61.0	4.708404164372644	0.9320319406518772	0.9964189794091316
365_H-119	59.0	59.0	4.738798777614477	0.9354360341184085	0.999124343257443
366_H-119	62.2	62.0	4.815154643997372	0.9360319496028656	0.9983150800336984
367_H-119	62.42857142857143	62.0	4.706040272533927	0.9325206972583933	0.9973166368515206
368_H-119	61.2	61.0	4.759398496157395	0.9345109211775878	0.9982905982905983
369_H-119	60.0	60.0	4.6010440266522945	0.9251086773993868	0.9991617770326907
36_H-119	61.0	61.0	4.829384267718463	0.938179920728622	1.0
370_H-119	60.0	60.0	4.698332865490023	0.9318401579943992	1.0
371_H-119	62.0	62.0	4.893343063845947	0.9420404044324555	0.9991189427312775
372_H-119	62.0	60.0	4.673194439879808	0.931845208671704	0.9966386554621849
373_H-119	62.0	59.0	4.62249807796924	0.9287863055399178	0.9945205479452055
374_H-119	61.0	61.0	4.7951390110138	0.9363797336228434	0.9991503823279524
375_H-119	61.25	61.0	4.705976673122777	0.9320488496748881	0.9982832618025751
376_H-119	64.5	61.0	4.701572029782431	0.9326019164123984	0.9938107869142352
377_H-119	64.0	61.0	4.6530262009793395	0.9296392138745646	0.9973498233215548
378_H-119	59.0	59.0	4.738489996735769	0.9365349565107502	0.9991326973113617
379_H-119	60.333333333333336	60.0	4.714240683191871	0.9350269458912037	0.9973958333333334
37_H-119	63.25	63.0	4.894203935560456	0.941857027680731	0.9983606557377049
380_H-119	61.25	61.0	4.803828533195957	0.9378968083235748	0.9980657640232108
381_H-119	68.0	61.0	4.696882527470212	0.9289060128092065	0.9923954372623575
382_H-119	57.2	57.0	4.700215644195434	0.9331197832273526	0.9981549815498155
383_H-119	61.42857142857143	61.0	4.726987056997333	0.9329279541528606	0.9973190348525469
384_H-119	64.0	63.0	4.798380628250426	0.9362190911116062	0.9972014925373134
385_H-119	60.142857142857146	60.0	4.732749128046829	0.9342200486254848	0.9982347749338041
386_H-119	61.2	61.0	4.683248822689844	0.9333918002403916	0.9982713915298185
387_H-119	62.75	62.0	4.803801191753246	0.9387708333333333	0.9975
388_H-119	62.333333333333336	62.0	4.5635180680804295	0.9250142323209822	0.9975124378109452
389_H-119	60.111111111111114	60.0	4.7199714644633515	0.9316820411333482	0.9981167608286252
38_H-119	62.0	62.0	4.734139502702347	0.9331599229865827	0.9991334488734835
390_H-119	60.5	59.0	4.756912335232204	0.936658206239752	0.9962085308056872
391_H-119	61.666666666666664	60.0	4.647624018461246	0.9325136445201085	0.9955476402493322
392_H-119	60.333333333333336	60.0	4.787266498853106	0.9385543755462697	0.9982698961937716
393_H-119	60.6	60.0	4.766867386352257	0.937658661023117	0.9974380871050385
394_H-119	62.42857142857143	62.0	4.799705904940779	0.9388725253815376	0.9972924187725631
395_H-119	62.333333333333336	59.0	4.718017364368351	0.9340789251167558	0.9955237242614146
396_H-119	64.33333333333333	61.0	4.737844874578772	0.934260206152098	0.9954954954954955
397_H-119	63.0	62.0	4.686534460531169	0.9311990991172153	0.9964125560538116
398_H-119	61.42857142857143	61.0	4.685348889042407	0.9316656277021457	0.9973094170403587
399_H-119	69.5	62.0	4.698007330531808	0.9318204347050311	0.9948586118251928
39_H-119	62.0	62.0	4.803545359121598	0.9368080894934339	0.9991142604074402
3_H-119	61.142857142857146	61.0	4.721894123728374	0.936146393609589	0.998324958123953
400_H-119	60.42857142857143	60.0	4.658951621271554	0.9301502194040935	0.997384481255449
401_H-119	68.0	63.0	4.843601708677331	0.9396362108506504	0.99581589958159
402_H-119	62.0	62.0	4.707869444259753	0.9300225769689361	1.0
403_H-119	61.0	61.0	4.669229707265211	0.9300588265092894	1.0
404_H-119	61.0	61.0	4.770701952087348	0.9345036360457735	0.999124343257443
405_H-119	59.0	59.0	4.606665189361873	0.924431048239004	0.9991103202846975
406_H-119	62.25	62.0	4.750390794050125	0.9318075465668371	0.9983108108108109
407_H-119	60.0	59.0	4.682125154173235	0.9324947671386118	0.996524761077324
408_H-119	60.0	59.0	4.662283440180321	0.9322025050635214	0.9974093264248705
409_H-119	68.5	61.0	4.715097752006168	0.9333480279293158	0.9946380697050938
40_H-119	62.25	61.0	4.607335086245094	0.9275293412542094	0.9954254345837146
410_H-119	61.25	61.0	4.841453621556182	0.940078416557082	0.9982030548068284
411_H-119	62.333333333333336	62.0	4.747491692418972	0.9315034578958649	0.9983179142136249
412_H-119	62.375	62.0	4.720016150216994	0.9356250822332354	0.9975165562913907
413_H-119	61.0	61.0	4.797262357921124	0.9391933735565513	0.9991095280498664
414_H-119	63.1	63.0	4.711525765172354	0.9301772441739149	0.9982653946227233
415_H-119	60.5	59.0	4.677823428231182	0.9311018898244989	0.9967159277504105
416_H-119	60.0	60.0	4.662355381928481	0.9271533793905476	0.9990766389658357
417_H-119	68.0	62.0	4.8352132780078065	0.9367441518091283	0.9964973730297724
418_H-119	62.857142857142854	62.0	4.780138719549675	0.9388105153969964	0.9965606190885641
419_H-119	62.0	62.0	4.791976550796989	0.9383209617999211	0.9991721854304636
41_H-119	58.125	58.0	4.759904156568425	0.9373332240127606	0.9980694980694981
420_H-119	62.0	60.0	4.663511152241173	0.9289854623665601	0.9966442953020134
421_H-119	61.375	61.0	4.696468421530586	0.9299307479224377	0.9973684210526316
422_H-119	63.5	62.0	4.828232809359368	0.9391243556246027	0.9966386554621849
423_H-119	63.5	62.0	4.8416538324038045	0.940657606941805	0.9965782720273738
424_H-119	60.0	60.0	4.714852638191647	0.9325654826707908	0.9990791896869244
425_H-119	63.42857142857143	62.0	4.657478521208129	0.9310648179769142	0.9958677685950413
426_H-119	68.5	61.0	4.759792504145062	0.9345309293700808	0.9949537426408747
427_H-119	64.0	62.0	4.763508428755371	0.9365980178523272	0.9956784788245462
428_H-119	61.375	61.0	4.710640116408531	0.9354800832342449	0.9974137931034482
429_H-119	61.0	60.0	4.625263585759238	0.9254122720121205	0.9961832061068703
42_H-119	62.5	60.0	4.62328724901374	0.9284568956192536	0.9953488372093023
430_H-119	65.0	63.0	4.833322963346487	0.9410172138466019	0.9964221824686941
431_H-119	64.66666666666667	63.0	4.6993506848754505	0.9288147738609653	0.9956063268892794
432_H-119	60.166666666666664	60.0	4.670998633965354	0.92875762381248	0.9982847341337907
433_H-119	64.0	61.0	4.636282559551458	0.9268848246638385	0.9946284691136974
434_H-119	63.42857142857143	62.0	4.7126094522168405	0.9333369433942449	0.9954710144927537
435_H-119	64.0	62.0	4.797972300156065	0.9395713013468928	0.9953574744661096
436_H-119	61.2	60.0	4.727150963970216	0.9360032021874187	0.9964317573595004
437_H-119	61.333333333333336	61.0	4.7874189553004785	0.937212624636042	0.9981965734896303
438_H-119	59.0	59.0	4.701438933018227	0.9330592475353254	1.0
439_H-119	62.666666666666664	62.0	4.678334046031573	0.9298332964668503	0.9964125560538116
43_H-119	62.125	62.0	4.78623769294494	0.9369747937342842	0.998093422306959
440_H-119	63.42857142857143	62.0	4.7918970189458445	0.9386478370262153	0.9954954954954955
441_H-119	61.111111111111114	61.0	4.653074555189274	0.930614879110768	0.9982949701619779
442_H-119	58.6	58.0	4.72551236755867	0.9360387811634349	0.9973684210526316
443_H-119	61.25	61.0	4.881415959891743	0.9433630086528737	0.9982332155477032
444_H-119	62.2	61.0	4.673391296808933	0.9308476781849814	0.996548748921484
445_H-119	62.0	62.0	4.794382122788289	0.9382475803506208	0.9991554054054054
446_H-119	61.5	60.0	4.7444322983888885	0.9378205875847091	0.9964125560538116
447_H-119	62.0	62.0	4.70450852592428	0.9345348661119066	1.0
448_H-119	59.0	59.0	4.7971714087033765	0.9380521061602143	0.9990990990990991
449_H-119	62.333333333333336	60.0	4.668136235424095	0.9326369455688096	0.9937833037300178
44_H-119	60.375	60.0	4.702808785958543	0.9322636949516648	0.9971804511278195
450_H-119	62.0	61.0	4.703450441914653	0.930682826276436	0.9962859795728877
451_H-119	62.5	62.0	4.72604689394413	0.9344012155037154	0.9974554707379135
452_H-119	61.0	61.0	4.728929367299915	0.9314670571533432	0.999137187230371
453_H-119	61.1	61.0	4.805723028968478	0.9357422800611281	0.998280309544282
454_H-119	60.0	60.0	4.729807413201232	0.9348902394931217	0.9991701244813278
455_H-119	62.111111111111114	62.0	4.850651887278524	0.9420755586641698	0.9982046678635548
456_H-119	61.75	61.0	4.77957029907157	0.9379932340702641	0.9975083056478405
457_H-119	63.5	61.0	4.685580093186158	0.9310939601024149	0.9957081545064378
458_H-119	63.0	61.0	4.68857873383161	0.9334606959053475	0.9957007738607051
459_H-119	61.857142857142854	61.0	4.67208578945007	0.9319806419753086	0.9964444444444445
45_H-119	62.5	61.0	4.691238321430479	0.9320231162906304	0.9965126416739319
460_H-119	59.0	59.0	4.715749170701249	0.9354452354151779	0.999124343257443
461_H-119	62.375	62.0	4.758032125810802	0.9350956435964989	0.9973498233215548
462_H-119	64.0	62.0	4.667996379648501	0.9287249481767001	0.9955869373345102
463_H-119	62.42857142857143	62.0	4.778542737671763	0.9351735908209737	0.9972451790633609
464_H-119	61.5	60.0	4.674598178348854	0.9288173790286963	0.9964317573595004
465_H-119	60.2	59.0	4.699435268640803	0.9335843614805319	0.9963833634719711
466_H-119	61.2	61.0	4.769028210008711	0.934227681528059	0.9981768459434822
467_H-119	59.25	59.0	4.704344449636016	0.9328554616091627	0.998158379373849
468_H-119	66.0	63.0	4.7479675629466715	0.9351576559546314	0.9947826086956522
469_H-119	61.42857142857143	60.0	4.74046972845557	0.9364304644712146	0.9952696310312205
46_H-119	62.42857142857143	62.0	4.77144089402896	0.9357293846423975	0.997384481255449
470_H-119	61.75	61.0	4.623830456111987	0.9289543498459583	0.9965034965034965
471_H-119	59.75	59.0	4.655004899335805	0.930654069048389	0.9974597798475868
472_H-119	65.0	62.0	4.932442557170418	0.9458610593558691	0.9963800904977376
473_H-119	62.0	59.0	4.71146050911822	0.9320747176074108	0.9975308641975309
474_H-119	63.0	63.0	4.840903424211389	0.93801909433193	0.9991212653778558
475_H-119	62.0	62.0	4.7942182485193845	0.9316848199958276	1.0
476_H-119	61.0	61.0	4.745757833213767	0.9353459971358208	0.999140154772141
477_H-119	59.142857142857146	59.0	4.598121739921041	0.9281828401580452	0.998286203941731
478_H-119	60.0	60.0	4.608262557721807	0.9262511544009315	1.0
479_H-119	66.0	61.0	4.748203926993956	0.9324374904323113	0.9946284691136974
47_H-119	60.0	60.0	4.707158989244665	0.9340880594135803	0.9991319444444444
480_H-119	65.66666666666667	61.0	4.617699225814918	0.9313916516563552	0.9929203539823008
481_H-119	63.2	62.0	4.782706834754032	0.9365479875647393	0.9963570127504554
482_H-119	64.0	63.0	4.748239650166678	0.9346088242165124	0.9964221824686941
483_H-119	63.5	61.0	4.7077563318879205	0.9342156720958512	0.9953746530989824
484_H-119	62.2	61.0	4.721787688485306	0.933321822432536	0.9964881474978051
485_H-119	61.0	61.0	4.755179479747993	0.9373958421008333	0.9990825688073395
486_H-119	61.0	61.0	4.743397579645985	0.9327410453221788	0.9991394148020654
487_H-119	62.75	62.0	4.615359757335526	0.9292592155009451	0.9963768115942029
488_H-119	60.6	60.0	4.681887846167401	0.9301123639115838	0.9973568281938326
489_H-119	62.2	61.0	4.779862059975253	0.9390420752352518	0.9964633068081344
48_H-119	64.5	62.0	4.731570435412225	0.9348278796878112	0.9946761313220941
490_H-119	60.333333333333336	60.0	4.719133317197879	0.9348453634267073	0.9973357015985791
491_H-119	68.0	63.0	4.713762424689253	0.9331945864823415	0.9948141745894555
492_H-119	66.25	61.0	4.707784035926768	0.9359963784517882	0.9940425531914894
493_H-119	57.0	57.0	4.561937167780634	0.9212793535897652	1.0
494_H-119	61.666666666666664	60.0	4.681159346947226	0.9345092879398408	0.9956369982547993
495_H-119	62.6	62.0	4.5990817077867625	0.924213999425639	0.9973498233215548
496_H-119	61.125	61.0	4.714451205113163	0.935102930808967	0.998274374460742
497_H-119	60.125	60.0	4.67552376081875	0.9322611248428024	0.9983646770237122
498_H-119	64.0	63.0	4.861555980436721	0.9417561171478154	0.9966832504145937
499_H-119	62.5	61.0	4.758785778413241	0.9339227817370194	0.9964601769911504
49_H-119	63.2	62.0	4.789014610288107	0.936173280100268	0.9965694682675815
4_H-119	59.142857142857146	59.0	4.686419978118743	0.9309769267010514	0.9982394366197183
500_H-119	63.42857142857143	63.0	4.766789072038197	0.9366409465020576	0.9972222222222222
501_H-119	63.5	62.0	4.6725849122266725	0.9289558686680894	0.9967400162999185
502_H-119	60.42857142857143	60.0	4.656968723112989	0.9290929982579043	0.9974424552429667
503_H-119	60.5	60.0	4.756422967002118	0.9387291250885469	0.9973190348525469
504_H-119	61.42857142857143	60.0	4.667342956960852	0.9300564979701539	0.995579133510168
505_H-119	62.0	62.0	4.743072035773546	0.9334468861583701	1.0
506_H-119	63.0	61.0	4.850485107114562	0.9423405982154858	0.9967845659163987
507_H-119	60.666666666666664	59.0	4.569188385203897	0.9263178411548715	0.9955673758865248
508_H-119	64.42857142857143	63.0	4.79754276990135	0.9398856347136573	0.995640802092415
509_H-119	61.6	61.0	4.6530969689370805	0.9290358113528334	0.9974048442906575
50_H-119	63.42857142857143	62.0	4.73512211467197	0.9367878624871632	0.9956293706293706
510_H-119	63.2	63.0	4.712399459592838	0.9309474600090963	0.9983484723369116
511_H-119	63.0	61.0	4.671535903564959	0.9287598651684323	0.9955476402493322
512_H-119	63.75	63.0	4.790891703907807	0.939179966714958	0.9974048442906575
513_H-119	63.5	61.0	4.6652233057233845	0.9330504718797451	0.9946091644204852
514_H-119	62.857142857142854	62.0	4.665342816784962	0.9315464641161432	0.9966216216216216
515_H-119	63.2	62.0	4.6848199537069135	0.9287111111111112	0.9964444444444445
516_H-119	62.333333333333336	62.0	4.770467363898679	0.9347264449220188	0.998212689901698
517_H-119	60.333333333333336	60.0	4.762594168136587	0.9350672667865445	0.9983443708609272
518_H-119	63.2	62.0	4.644647468654014	0.9293565284336439	0.9964253798033958
519_H-119	61.142857142857146	61.0	4.699360612603153	0.9328304831263411	0.9983093829247676
51_H-119	59.5	59.0	4.640321964857783	0.930205251665796	0.9974979149291076
520_H-119	60.333333333333336	60.0	4.784298628075776	0.9396683577002237	0.998286203941731
521_H-119	63.5	62.0	4.777743408312134	0.9344915254237288	0.9966101694915255
522_H-119	61.42857142857143	61.0	4.63461391033715	0.9293507967612245	0.9972552607502287
523_H-119	62.5	61.0	4.760204379257206	0.9345456170136717	0.9966044142614601
524_H-119	64.33333333333333	61.0	4.683221659233163	0.9331851740757657	0.9956483899042646
525_H-119	64.14285714285714	62.0	4.742769702919445	0.9355182696728787	0.9949958298582152
526_H-119	64.0	62.0	4.872540245553414	0.941945297731569	0.9963768115942029
527_H-119	65.0	63.0	4.7038019634993935	0.9295786666666667	0.9964444444444445
528_H-119	63.42857142857143	62.0	4.76761373635844	0.9362830083684859	0.9956255468066492
529_H-119	59.0	59.0	4.695882902178462	0.9297427682878809	1.0
52_H-119	59.42857142857143	59.0	4.5992233465881665	0.9260128525390439	0.9973799126637555
530_H-119	63.0	62.0	4.81360307223446	0.9397851389364473	0.9973166368515206
531_H-119	63.166666666666664	63.0	4.739863388371535	0.9317946217866125	0.9983633387888707
532_H-119	60.166666666666664	60.0	4.797943597953165	0.9377777777777778	0.9981481481481481
533_H-119	64.42857142857143	63.0	4.8075255177419445	0.9374807100108372	0.9956024626209323
534_H-119	60.857142857142854	60.0	4.668286816583815	0.9332579638823453	0.9963065558633426
535_H-119	59.857142857142854	59.0	4.581808381206636	0.9245445007754565	0.9963898916967509
536_H-119	57.25	57.0	4.684593145469452	0.9345319541266551	0.9982425307557118
537_H-119	60.6	60.0	4.674037403306168	0.9306628685999315	0.9973776223776224
538_H-119	60.0	60.0	4.604597059571859	0.9265891368302052	0.9991039426523297
539_H-119	63.0	62.0	4.8143797817038	0.9370381620710176	0.9973591549295775
53_H-119	61.75	61.0	4.751695477407906	0.9348359212810645	0.9973867595818815
540_H-119	61.1	61.0	4.687611597410091	0.9317470552029017	0.9981965734896303
541_H-119	65.5	63.0	4.661258551842118	0.9330329105400488	0.9949109414758269
542_H-119	62.2	61.0	4.786721282533101	0.938328196828567	0.9966804979253112
543_H-119	63.5	61.0	4.654438837211261	0.9290574055963244	0.995579133510168
544_H-119	62.0	61.0	4.702608319667689	0.930167686984296	0.9963800904977376
545_H-119	62.42857142857143	62.0	4.796555587708805	0.9379828993982064	0.9971671388101983
546_H-119	61.666666666666664	60.0	4.664019196607602	0.9329628098088637	0.9954710144927537
547_H-119	57.0	57.0	4.639360472454282	0.9312126419753086	0.9991111111111111
548_H-119	61.0	61.0	4.721379713079102	0.9329571562819664	0.9991603694374476
549_H-119	63.0	62.0	4.688442866200601	0.9295615069031368	0.9965095986038395
54_H-119	60.25	60.0	4.665406092624662	0.9295011099780268	0.998262380538662
550_H-119	63.5	62.0	4.837156949968814	0.9365266339736048	0.9965870307167235
551_H-119	61.111111111111114	61.0	4.703602036595071	0.933016532865506	0.9982532751091703
552_H-119	62.25	62.0	4.747000779823743	0.9353181271816927	0.99830220713073
553_H-119	62.125	62.0	4.8578316618612165	0.9397424044781602	0.998220640569395
554_H-119	62.25	61.0	4.691427579258092	0.9350570328112404	0.9956063268892794
555_H-119	63.5	62.0	4.717839918221326	0.932301440232689	0.9965753424657534
556_H-119	61.0	61.0	4.838658943481909	0.9399157865547839	0.9991319444444444
557_H-119	61.666666666666664	60.0	4.749995495656938	0.9382339141654394	0.9954873646209387
558_H-119	61.0	61.0	4.711660547701679	0.9300431734126159	0.9991575400168492
559_H-119	64.5	62.0	4.673345002304829	0.930039769499229	0.9954954954954955
55_H-119	61.857142857142854	61.0	4.725991206593557	0.9343987660930607	0.9964943032427696
560_H-119	63.0	61.0	4.877833839411789	0.9419353568130914	0.9965187119234117
561_H-119	62.6	62.0	4.68309610886312	0.9286843587471715	0.9972776769509982
562_H-119	64.11111111111111	63.0	4.669415588570663	0.928426597593936	0.9956255468066492
563_H-119	63.5	61.0	4.679946967813993	0.9334238320095632	0.9959742351046699
564_H-119	62.125	62.0	4.715454387150084	0.9342448272460218	0.9983150800336984
565_H-119	64.33333333333333	61.0	4.728424209202629	0.9346263717647932	0.9956024626209323
566_H-119	61.0	61.0	4.794288761646397	0.9380742620937679	1.0
567_H-119	62.0	62.0	4.677486330465893	0.9291281660242721	0.9991589571068125
568_H-119	63.0	63.0	4.870930205090995	0.9390160264782741	0.9990108803165183
569_H-119	63.0	60.0	4.70989353251856	0.9325743903003378	0.9965986394557823
56_H-119	60.75	60.0	4.694105491448429	0.9341661647831273	0.9974226804123711
570_H-119	60.333333333333336	60.0	4.607367149434447	0.9284395522029651	0.997338065661047
571_H-119	60.2	59.0	4.698091672266883	0.9357847376621558	0.9966527196652719
572_H-119	60.2	60.0	4.67252443074693	0.9321185675944341	0.9983457402812241
573_H-119	62.0	62.0	4.792899606504598	0.936102492290638	0.9991095280498664
574_H-119	59.0	59.0	4.744187438588195	0.9362367038218524	0.99909338168631
575_H-119	60.111111111111114	59.0	4.69280792626429	0.9334266246265396	0.9957044673539519
576_H-119	64.0	61.0	4.599618180928896	0.9281133441253084	0.9948141745894555
577_H-119	63.75	63.0	4.630175744238444	0.9298720020388364	0.9964633068081344
578_H-119	65.5	63.0	4.775812701495159	0.9361623086734694	0.9955357142857143
579_H-119	64.0	63.0	4.76764567631652	0.9339992021825485	0.9974380871050385
57_H-119	61.0	60.0	4.818369044635801	0.9396656554456103	0.9973935708079931
580_H-119	61.42857142857143	61.0	4.695667277356537	0.933632847699233	0.9975389663658737
581_H-119	60.0	60.0	4.69128755013132	0.9325280715380141	0.9991742361684558
582_H-119	63.5	61.0	4.6355534423425615	0.9252714737144498	0.9957627118644068
583_H-119	62.5	61.0	4.808776392383074	0.936167009194159	0.9962790697674418
584_H-119	60.25	60.0	4.7504741418357606	0.9359666287926609	0.99812734082397
585_H-119	62.5	62.0	4.750244309274415	0.9330399338374291	0.9972826086956522
586_H-119	62.142857142857146	62.0	4.761317687941571	0.9369069821237479	0.9983429991714996
587_H-119	61.111111111111114	61.0	4.74840086261842	0.9346340136054422	0.9980952380952381
588_H-119	62.0	62.0	4.755856739012875	0.9337474863544958	0.9991525423728813
589_H-119	63.5	62.0	4.758262038991728	0.9364013888888889	0.9975
58_H-119	63.666666666666664	62.0	4.7295045028138825	0.934555020725425	0.9955869373345102
590_H-119	60.333333333333336	60.0	4.770396140674951	0.9364687718574436	0.9982046678635548
591_H-119	63.0	62.0	4.639163057119312	0.930418347879479	0.9966887417218543
592_H-119	61.111111111111114	61.0	4.742067410527025	0.9376361267856134	0.9982158786797503
593_H-119	65.0	62.0	4.776857847086584	0.9365090009991701	0.9967078189300411
594_H-119	61.6	61.0	4.711033901822816	0.933658338139487	0.9972552607502287
595_H-119	59.0	59.0	4.67049666882921	0.9304219850279078	0.9990592662276576
596_H-119	62.857142857142854	62.0	4.789368508239334	0.9374055729600005	0.9965337954939342
597_H-119	63.0	63.0	4.844110829007402	0.9394048991049244	0.9991142604074402
598_H-119	61.5	59.0	4.742314629972829	0.9362204164580624	0.995697074010327
599_H-119	62.42857142857143	62.0	4.6904353407145845	0.9306481430424676	0.9974446337308348
59_H-119	60.142857142857146	60.0	4.712138677824344	0.9354616771848282	0.9983566146261298
5_H-119	68.0	63.0	4.790987974872422	0.9332469870296204	0.9955237242614146
600_H-119	63.25	62.0	4.741137056076629	0.9323903320056467	0.9955634427684117
601_H-119	61.42857142857143	61.0	4.6540593092313856	0.9279865970342562	0.9971724787935909
602_H-119	62.5	61.0	4.822675055468611	0.935748991491249	0.9974768713204374
603_H-119	61.142857142857146	61.0	4.823497887588435	0.9401144429087461	0.9982773471145564
604_H-119	63.166666666666664	63.0	4.734659364398481	0.9324660835853837	0.998262380538662
605_H-119	62.2	61.0	4.704711640670105	0.9304830528461151	0.9962476547842402
606_H-119	65.5	62.0	4.794442066344007	0.9395958396929845	0.9935125115848007
607_H-119	64.5	62.0	4.723373058920999	0.9360511803119944	0.9948453608247423
608_H-119	63.0	62.0	4.805672866862975	0.9350011770031689	0.9974468085106383
609_H-119	59.166666666666664	59.0	4.7268391570692145	0.933814614585302	0.9982713915298185
60_H-119	61.0	61.0	4.634835234723011	0.9258833592278534	0.9991532599491956
610_H-119	61.6	61.0	4.76553149808868	0.9363442610947392	0.997338065661047
611_H-119	71.0	61.0	4.790239130752854	0.9366433033771613	0.9957734573119188
612_H-119	65.5	62.0	4.616539148246855	0.9283959232501408	0.9940068493150684
613_H-119	59.111111111111114	59.0	4.599365231427748	0.9292558801387002	0.9981532779316713
614_H-119	57.3	57.0	4.543764112332627	0.9241794033226496	0.9972552607502287
615_H-119	64.66666666666667	63.0	4.7121693927841015	0.932713797119699	0.9954669084315503
616_H-119	59.6	59.0	4.657534896630372	0.9247762303754754	0.9973262032085561
617_H-119	62.42857142857143	62.0	4.767420752879701	0.9370149151953977	0.9973591549295775
618_H-119	62.166666666666664	62.0	4.765347495521667	0.9379017554451864	0.998212689901698
619_H-119	61.6	61.0	4.753279492870281	0.9355609154458434	0.9975020815986678
61_H-119	64.5	62.0	4.665293551286727	0.9262824931839296	0.9957519116397621
620_H-119	63.0	61.0	4.726424109903041	0.9363267299532981	0.9953959484346224
621_H-119	62.5	62.0	4.802412049297511	0.9366527147866768	0.9973190348525469
622_H-119	62.142857142857146	62.0	4.745062440589233	0.9352582514487277	0.9984126984126984
623_H-119	61.0	61.0	4.943989063320327	0.943365623691082	0.9990999099909991
624_H-119	61.0	61.0	4.677106331462876	0.9289030229317577	0.9990900818926297
625_H-119	60.5	60.0	4.681535926170101	0.9304856518949398	0.997398091934085
626_H-119	60.0	59.0	4.734295715039317	0.9336990779408665	0.998303647158609
627_H-119	62.0	60.0	4.677837356263552	0.9315532166280864	0.9956597222222222
628_H-119	60.25	60.0	4.756343733822056	0.9339219674556213	0.9980769230769231
629_H-119	62.5	62.0	4.828645005383663	0.9391213013660342	0.9974271012006861
62_H-119	61.0	61.0	4.714611293339388	0.930584341086658	0.9990982867448152
630_H-119	64.0	62.0	4.799126419837118	0.9402558865243529	0.9963603275705186
631_H-119	57.75	57.0	4.698321832458844	0.9352192576382459	0.9972477064220183
632_H-119	60.0	59.0	4.70892296737525	0.9310213288719217	0.9974003466204506
633_H-119	63.42857142857143	62.0	4.684517690693733	0.9286259452890634	0.9957947855340622
634_H-119	59.5	59.0	4.706598475688072	0.9323316118754897	0.9982078853046595
635_H-119	61.5	61.0	4.703685712862874	0.9340018780968619	0.9972627737226277
636_H-119	60.0	60.0	4.8500632309936025	0.941990857843382	1.0
637_H-119	62.2	61.0	4.593804091234123	0.9261268361564527	0.9966914805624483
638_H-119	62.166666666666664	62.0	4.775399118070542	0.9341526614404712	0.9982094897045658
639_H-119	60.125	60.0	4.832661142436335	0.9425670788008795	0.9982593559617058
63_H-119	65.2	61.0	4.723566576847463	0.9379295615421179	0.9937275985663082
640_H-119	62.5	62.0	4.756568011127597	0.9306598038453493	0.9982094897045658
641_H-119	59.142857142857146	59.0	4.638872819666466	0.9284486547718168	0.998109640831758
642_H-119	68.5	61.0	4.712992162108696	0.9315230842716437	0.9946949602122016
643_H-119	60.125	60.0	4.710674489268413	0.9347731482674408	0.9983079526226735
644_H-119	69.5	62.0	4.716861462480308	0.9324879290220538	0.9951179820992677
645_H-119	60.0	60.0	4.69174175736372	0.9345571152498461	0.9990783410138249
646_H-119	61.0	61.0	4.726309615718701	0.9337295759002064	0.9991539763113367
647_H-119	62.0	62.0	4.784608244498496	0.9369981048788486	0.9991482112436116
648_H-119	61.375	61.0	4.66839458455233	0.9315491121603605	0.9974511469838573
649_H-119	61.5	61.0	4.732892698504061	0.9339101524041455	0.9973730297723292
64_H-119	60.46153846153846	60.0	4.590899590722316	0.9264934435946739	0.9961977186311787
650_H-119	59.25	59.0	4.71239035137608	0.9327825582123117	0.998303647158609
651_H-119	60.6	60.0	4.714382354057583	0.9329177742256674	0.9972997299729973
652_H-119	60.5	59.0	4.8181054541241854	0.9420854182186053	0.9966130397967824
653_H-119	61.166666666666664	61.0	4.722341212980995	0.9324295284538927	0.9981114258734656
654_H-119	60.0	60.0	4.661382112709616	0.9293242196243178	0.9991701244813278
655_H-119	61.54545454545455	61.0	4.7182251824289	0.9372271908671896	0.996316758747698
656_H-119	62.5	60.0	4.590633815447647	0.9250993402373232	0.9944547134935305
657_H-119	63.0	62.0	4.787071563033946	0.9367703009323638	0.9964189794091316
658_H-119	60.142857142857146	60.0	4.763275762409535	0.9345417763908751	0.9982920580700256
659_H-119	60.125	60.0	4.601624341780052	0.9296305829608101	0.9981949458483754
65_H-119	62.0	62.0	4.7877314838004015	0.9379668036975692	0.9991714995857498
660_H-119	61.166666666666664	61.0	4.655318620384231	0.9299981985529135	0.998256320836966
661_H-119	63.142857142857146	63.0	4.822808755463303	0.9400203618137677	0.9982300884955753
662_H-119	57.0	57.0	4.6557844620971105	0.9306536043475945	0.9990875912408759
663_H-119	60.75	60.0	4.682178291799715	0.9340562813941239	0.996415770609319
664_H-119	63.0	62.0	4.716270145265661	0.9326737545303744	0.9966414777497901
665_H-119	63.2	62.0	4.792560899477855	0.939414463675754	0.9963931469792606
666_H-119	62.42857142857143	62.0	4.670688516116985	0.9271254698625314	0.9972948602344455
667_H-119	61.42857142857143	61.0	4.7413376949418815	0.9360054710630487	0.9972552607502287
668_H-119	64.5	62.0	4.65800038261474	0.9315678443691079	0.9948586118251928
669_H-119	60.125	60.0	4.659479779160424	0.9303250785302067	0.9982905982905983
66_H-119	62.0	61.0	4.807588697147844	0.9353968700200352	0.9972997299729973
670_H-119	65.33333333333333	62.0	4.664472983311642	0.9295467606492775	0.9957191780821918
671_H-119	62.0	62.0	4.77362416409849	0.9366513079667063	0.9991379310344828
672_H-119	64.5	62.0	4.764285027504221	0.9355250603252961	0.9957081545064378
673_H-119	60.5	60.0	4.682078440683026	0.9307975361703692	0.9972577696526508
674_H-119	61.166666666666664	61.0	4.753242452808864	0.9344272639245176	0.9982347749338041
675_H-119	61.333333333333336	61.0	4.787919541171643	0.9356495797157307	0.9982847341337907
676_H-119	62.5	62.0	4.733872612702582	0.932278294028246	0.9973821989528796
677_H-119	65.75	62.0	4.688539600243952	0.9332003337926217	0.9947136563876652
678_H-119	62.2	62.0	4.789974772555745	0.9354498360635626	0.9982486865148862
679_H-119	61.2	60.0	4.667261887100559	0.9313619834710744	0.9963636363636363
67_H-119	67.6	62.0	4.671080820292506	0.9325021234567902	0.9928888888888889
680_H-119	63.5	61.0	4.749542796156535	0.9360519807051361	0.9953314659197012
681_H-119	60.0	60.0	4.671050555373743	0.9310949096709851	0.9990999099909991
682_H-119	63.75	63.0	4.724807183184847	0.9326882800422057	0.9973890339425587
683_H-119	63.2	62.0	4.7221783377101225	0.9346752890625181	0.9964943032427696
684_H-119	62.42857142857143	62.0	4.793680727882455	0.9365725590570343	0.9974619289340102
685_H-119	65.33333333333333	62.0	4.791175328103384	0.9379682834165042	0.9957698815566836
686_H-119	64.33333333333333	61.0	4.641863574289437	0.9292056899998059	0.9955947136563876
687_H-119	66.33333333333333	63.0	4.780083342205489	0.9354021040532933	0.9957191780821918
688_H-119	63.0	62.0	4.729564310102579	0.9375232231779086	0.9957446808510638
689_H-119	63.25	62.0	4.772352575157064	0.9391114884690781	0.9955830388692579
68_H-119	61.166666666666664	61.0	4.794466462937483	0.9348582429004475	0.9981718464351006
690_H-119	62.0	60.0	4.711194950418232	0.9299120883386054	0.9964757709251101
691_H-119	60.142857142857146	60.0	4.720683359496138	0.9321889702440541	0.9981515711645101
692_H-119	60.5	59.0	4.621536094628024	0.9262324930262319	0.9975062344139651
693_H-119	64.0	62.0	4.623203414434456	0.9272878988457238	0.9954462659380692
694_H-119	61.0	61.0	4.724435944227643	0.933719280447047	1.0
695_H-119	61.0	61.0	4.717181777941808	0.9327368227556815	0.9990774907749077
696_H-119	62.333333333333336	59.0	4.677505776682963	0.9314725566022195	0.9956634865568084
697_H-119	63.111111111111114	63.0	4.722591623783704	0.9308093174171765	0.9982698961937716
698_H-119	63.0	62.0	4.760318910570877	0.9361184250936713	0.9963800904977376
699_H-119	61.42857142857143	61.0	4.71919628521192	0.9330720769955932	0.9973661106233538
69_H-119	61.6	61.0	4.7154892905014645	0.9348000796848359	0.9973890339425587
6_H-119	61.2	61.0	4.755919760454677	0.9364577928967919	0.9983150800336984
700_H-119	64.5	62.0	4.8202037698677165	0.9396639199960878	0.9956293706293706
701_H-119	63.0	58.0	4.609641137203153	0.9257952258202696	0.9954086317722681
702_H-119	64.0	62.0	4.705270565532246	0.933227403096458	0.9953358208955224
703_H-119	64.0	62.0	4.619491554845797	0.9270134902670891	0.9957446808510638
704_H-119	62.857142857142854	62.0	4.76079246078566	0.9363219475412758	0.9966358284272497
705_H-119	63.0	62.0	4.804615778791354	0.9371745788972348	0.9964317573595004
706_H-119	60.166666666666664	60.0	4.790535827131524	0.9386548940266299	0.9981532779316713
707_H-119	63.2	62.0	4.708860988523498	0.9311344764496153	0.9965753424657534
708_H-119	66.2	62.0	4.634178025072703	0.9276538719861104	0.9937444146559428
709_H-119	62.0	62.0	4.8094786131173555	0.9366299784641886	0.9991445680068435
70_H-119	60.166666666666664	60.0	4.714525306411827	0.9333121545395701	0.998272884283247
710_H-119	61.0	59.0	4.64789846425248	0.9318843295963292	0.9957301451750641
711_H-119	63.333333333333336	60.0	4.790538753486409	0.9421978423728721	0.995571302037201
712_H-119	61.0	59.0	4.708004585849671	0.9351883038105484	0.9954792043399638
713_H-119	61.0	61.0	4.839399771605877	0.9415576424219269	0.9991031390134529
714_H-119	62.375	62.0	4.783854926999923	0.93657453027694	0.9972677595628415
715_H-119	61.0	61.0	4.714613399962804	0.9327483901355751	0.9991311902693311
716_H-119	60.6	60.0	4.718410471455647	0.931824579973875	0.99748322147651
717_H-119	60.142857142857146	60.0	4.73591002704536	0.9369953122243224	0.998274374460742
718_H-119	61.0	60.0	4.682332997800379	0.9320219522996609	0.9965606190885641
719_H-119	62.5	61.0	4.7023984570858826	0.933524478265571	0.9963235294117647
71_H-119	61.375	61.0	4.720461756032378	0.9332957437384649	0.9975062344139651
720_H-119	61.42857142857143	61.0	4.7916903601747585	0.940062764500077	0.9973614775725593
721_H-119	59.0	59.0	4.815665049933706	0.942738044268236	0.9990917347865577
722_H-119	63.2	59.0	4.6550302498983624	0.9316971486413019	0.9939341421143848
723_H-119	60.25	60.0	4.874184459036128	0.942822575524132	0.9981718464351006
724_H-119	62.5	61.0	4.775108850536851	0.9367916341483302	0.9965870307167235
725_H-119	62.857142857142854	62.0	4.694002492181935	0.9349610586011342	0.9965217391304347
726_H-119	60.0	60.0	4.665347932435879	0.9317822072900005	0.9991311902693311
727_H-119	62.75	62.0	4.7652997412714795	0.9347649436410788	0.9963996399639964
728_H-119	64.66666666666667	63.0	4.710431453970249	0.932930552431147	0.9953401677539608
729_H-119	61.375	61.0	4.6809316946242285	0.9310019959262983	0.997229916897507
72_H-119	62.0	61.0	4.631625422648564	0.9282383137484511	0.996309963099631
730_H-119	64.14285714285714	62.0	4.739165652423864	0.9362890855962775	0.9947043248014121
731_H-119	61.6	61.0	4.794662570764385	0.9378320903255649	0.9974003466204506
732_H-119	61.2	60.0	4.737709107892015	0.9349957530864197	0.9964444444444445
733_H-119	60.375	60.0	4.611757154278924	0.9290086349996294	0.9973070017953322
734_H-119	63.111111111111114	62.0	4.736084641739609	0.9341921961474652	0.9955516014234875
735_H-119	60.333333333333336	60.0	4.896715826061682	0.943831419224935	0.9982409850483729
736_H-119	63.75	60.0	4.838946018786314	0.9421094331275514	0.9946188340807175
737_H-119	62.0	62.0	4.729710395617314	0.9309207718748302	0.9990714948932219
738_H-119	61.0	61.0	4.698601004923199	0.9306473214285714	0.9991071428571429
739_H-119	60.166666666666664	60.0	4.646538537058133	0.9286637575660077	0.9982062780269059
73_H-119	62.3	62.0	4.666916561862483	0.932225622453599	0.9974468085106383
740_H-119	61.0	61.0	4.76951006390235	0.9344061910217247	0.9991326973113617
741_H-119	61.75	61.0	4.721213855627343	0.9336985901088465	0.9974358974358974
742_H-119	60.2	60.0	4.787500865043865	0.9374854433000362	0.9982014388489209
743_H-119	60.23076923076923	60.0	4.589008668912028	0.9283796776086604	0.9973498233215548
744_H-119	59.5	59.0	4.669154237299644	0.9325606939781482	0.9973568281938326
745_H-119	62.375	62.0	4.85840441781133	0.9396058170719033	0.9971724787935909
746_H-119	61.2	60.0	4.703483992916158	0.9348389146850311	0.9961941008563273
747_H-119	62.0	62.0	4.817951445466477	0.9372090038157695	0.9991714995857498
748_H-119	62.0	62.0	4.853239074063926	0.9401158110302945	1.0
749_H-119	69.0	63.0	4.897273111982026	0.9430108131406832	0.9965367965367965
74_H-119	61.142857142857146	61.0	4.725321474572952	0.9317235956888319	0.9980638915779284
750_H-119	61.2	61.0	4.831785295400257	0.9392079861290823	0.9982014388489209
751_H-119	61.25	61.0	4.856926018586355	0.9416448395514619	0.9981998199819982
752_H-119	62.75	62.0	4.691861800993622	0.9345273757165616	0.996309963099631
753_H-119	65.0	60.0	4.646500470366491	0.9280389613302918	0.9947229551451188
754_H-119	63.42857142857143	63.0	4.82422203585553	0.9403959240060639	0.9973776223776224
755_H-119	61.0	61.0	4.829844547284087	0.9404070375779524	0.9991431019708654
756_H-119	60.6	60.0	4.759514144517289	0.9384994963793328	0.9973262032085561
757_H-119	63.42857142857143	62.0	4.738625849965093	0.9334405590348398	0.9955116696588869
758_H-119	61.166666666666664	61.0	4.772885883372251	0.936687360656269	0.9981768459434822
759_H-119	61.2	61.0	4.806808522976841	0.9372722460899842	0.998274374460742
75_H-119	63.5	61.0	4.654664103062945	0.9304780456131807	0.9954954954954955
760_H-119	69.0	62.0	4.619097875658127	0.9230905088708691	0.9927992799279928
761_H-119	60.0	60.0	4.789785122802766	0.9376313360541164	0.9991518235793045
762_H-119	60.75	60.0	4.778004677230266	0.9356131963223364	0.9972093023255814
763_H-119	63.142857142857146	63.0	4.7982380400568445	0.9350896556773175	0.9982158786797503
764_H-119	64.0	62.0	4.668630298942313	0.9310686724195252	0.9957118353344768
765_H-119	66.6	61.0	4.710249304708662	0.9330498435525278	0.9924098671726755
766_H-119	58.0	58.0	4.717854908436401	0.9341210888808125	0.9991334488734835
767_H-119	61.142857142857146	61.0	4.918917791698786	0.9458698439674839	0.9982547993019197
768_H-119	61.1	61.0	4.637865714461791	0.9280183062758385	0.9981498612395929
769_H-119	63.0	62.0	4.66851989064762	0.9287011283275528	0.99748322147651
76_H-119	63.2	63.0	4.8163806956905235	0.9386170894059656	0.9982378854625551
770_H-119	60.0	60.0	4.745589590638848	0.9361233988030342	1.0
771_H-119	59.166666666666664	59.0	4.605003595248618	0.927925215929223	0.9981634527089073
772_H-119	60.166666666666664	60.0	4.697672373406885	0.932801109424486	0.9982683982683983
773_H-119	59.111111111111114	59.0	4.646186824703267	0.932679868292327	0.9982285208148804
774_H-119	59.2	59.0	4.699504574462051	0.9323220770560613	0.9982094897045658
775_H-119	62.0	62.0	4.830158433019464	0.9399590191926781	0.9991735537190083
776_H-119	61.666666666666664	60.0	4.716649215986102	0.9359553723927333	0.9955035971223022
777_H-119	64.75	61.0	4.769256374620492	0.9363997042897462	0.9947043248014121
778_H-119	63.75	63.0	4.758408703423697	0.9347292189794987	0.997411561691113
779_H-119	59.0	59.0	4.725447511234147	0.935821699536628	0.9990917347865577
77_H-119	58.25	58.0	4.73699484709562	0.9375882209407557	0.9982425307557118
780_H-119	60.333333333333336	60.0	4.723389100966841	0.9318105044904426	0.9982935153583617
781_H-119	62.375	62.0	4.728042451017104	0.933823766402309	0.9975669099756691
782_H-119	57.3	57.0	4.58372868578141	0.9310538524064736	0.9974293059125964
783_H-119	63.666666666666664	62.0	4.726761920360009	0.9340171798566921	0.9953314659197012
784_H-119	67.0	62.0	4.577825108010901	0.9206816603848442	0.9955985915492958
785_H-119	60.3	60.0	4.661049337305273	0.9296064053223907	0.9973867595818815
786_H-119	59.0	59.0	4.745232058864902	0.9354442943102804	0.9991546914623838
787_H-119	64.0	62.0	4.757398406216901	0.935854820415879	0.9956521739130435
788_H-119	65.5	63.0	4.697509951328829	0.9298513150270135	0.9950372208436724
789_H-119	62.5	62.0	4.850428126390728	0.9392736417712174	0.9983593109105825
78_H-119	65.0	62.0	4.641406124695543	0.9280925304197636	0.9947136563876652
790_H-119	59.0	59.0	4.708568719186466	0.9369814617553351	0.9991728701406121
791_H-119	62.375	62.0	4.799363893066594	0.9389071735596286	0.9971777986829727
792_H-119	61.142857142857146	61.0	4.775693357879242	0.9348958658492428	0.9982332155477032
793_H-119	61.125	61.0	4.756971191263184	0.9353143355658574	0.9982285208148804
794_H-119	61.666666666666664	60.0	4.607032021939368	0.9279640099548944	0.9946761313220941
795_H-119	60.333333333333336	60.0	4.763319784964064	0.9347429110114998	0.9982332155477032
796_H-119	60.25	60.0	4.737278887191769	0.9345962878847208	0.9982300884955753
797_H-119	63.2	62.0	4.830932842363445	0.9402604617599172	0.996524761077324
798_H-119	64.75	61.0	4.710701450022781	0.9325182672659699	0.9944392956441149
799_H-119	62.5	62.0	4.857841946369545	0.9417829046115626	0.9973021582733813
79_H-119	60.857142857142854	60.0	4.698523859532926	0.9339481901773221	0.9964850615114236
7_H-119	62.5	60.0	4.688423181399324	0.9337955968931805	0.9947229551451188
800_H-119	59.25	59.0	4.67165741333324	0.9302787452387331	0.9982935153583617
801_H-119	62.2	61.0	4.639341329000712	0.9297076023391813	0.9964912280701754
802_H-119	62.0	62.0	4.793082055350886	0.9390643895075601	1.0
803_H-119	64.0	62.0	4.7477955675470085	0.9348156049382716	0.9955555555555555
804_H-119	66.0	61.0	4.701572128441009	0.9328289200903231	0.9948186528497409
805_H-119	60.6	60.0	4.676608703700501	0.934139997228033	0.9973070017953322
806_H-119	62.166666666666664	62.0	4.641879254523287	0.9279381922479566	0.9983164983164983
807_H-119	58.375	58.0	4.798434258378327	0.9423808327613395	0.997250229147571
808_H-119	61.333333333333336	61.0	4.687115876267965	0.9283014346165279	0.9982471516213848
809_H-119	61.0	61.0	4.753730184449712	0.9341218429345989	0.9991142604074402
80_H-119	63.2	63.0	4.848230886950017	0.9402927712925737	0.9982920580700256
810_H-119	60.857142857142854	60.0	4.645573203046864	0.9320854591836735	0.9964285714285714
811_H-119	59.25	59.0	4.6102336824851005	0.9289761940155875	0.9981566820276497
812_H-119	62.125	62.0	4.741048593019849	0.9353941805216774	0.998351195383347
813_H-119	63.5	61.0	4.7282375276900686	0.9350726776262266	0.9954627949183303
814_H-119	62.25	62.0	4.724867046886733	0.9319048778508238	0.9983619983619983
815_H-119	67.25	62.0	4.673084840341695	0.9299678096064815	0.9939236111111112
816_H-119	77.0	63.0	4.709485852645912	0.9305637970854128	0.9921798631476051
817_H-119	62.25	61.0	4.608547330164857	0.9316771297385682	0.9954914337240758
818_H-119	68.25	63.0	4.733042059380275	0.9354709491953916	0.993897122929381
819_H-119	65.5	63.0	4.746438684942755	0.9353048825901454	0.995291902071563
81_H-119	61.2	60.0	4.6497614159108895	0.9270945400753093	0.9965034965034965
820_H-119	63.5	61.0	4.869138101307942	0.9425238408834741	0.9955516014234875
821_H-119	62.25	62.0	4.820288891671381	0.9395666450090918	0.9984214680347278
822_H-119	63.0	61.0	4.734612471530722	0.9356405130084835	0.9968228752978554
823_H-119	62.5	62.0	4.727007396248191	0.9345289065563918	0.9973614775725593
824_H-119	60.5	60.0	4.665164045184992	0.930309788994505	0.9973474801061007
825_H-119	59.0	59.0	4.89022144432217	0.9447393119518431	0.9991423670668954
826_H-119	61.857142857142854	61.0	4.719855258783975	0.9349074501601833	0.9961051606621227
827_H-119	60.0	60.0	4.741157113248487	0.9351668141124195	1.0
828_H-119	64.0	62.0	4.787678169211591	0.9372142508096312	0.9954914337240758
829_H-119	60.333333333333336	60.0	4.667942238929994	0.9311932865486338	0.9984139571768438
82_H-119	62.5	62.0	4.695000694401985	0.9299466303483689	0.9972924187725631
830_H-119	63.5	61.0	4.689301330532435	0.9319541237489956	0.9957264957264957
831_H-119	64.0	62.0	4.786125018934536	0.9375062299750802	0.9952830188679245
832_H-119	61.75	61.0	4.6795305741488775	0.9318753884456328	0.9974511469838573
833_H-119	64.5	62.0	4.782865201994595	0.9365966552887797	0.9951969260326609
834_H-119	60.0	60.0	4.794232002149121	0.9395703571463863	0.9990925589836661
835_H-119	63.5	62.0	4.744448952892918	0.9341207895477576	0.997431506849315
836_H-119	58.6	58.0	4.685252747202982	0.9343015744046034	0.9972627737226277
837_H-119	63.0	63.0	4.820538646456338	0.9372793408183852	0.9991721854304636
838_H-119	61.42857142857143	61.0	4.740633607569581	0.935026382035075	0.9973070017953322
839_H-119	66.25	61.0	4.76590029888609	0.939297551263218	0.9939024390243902
83_H-119	60.0	57.0	4.586390236741965	0.9274512208056362	0.9965307892454467
840_H-119	60.2	59.0	4.6978932169771035	0.9338021969847252	0.9964788732394366
841_H-119	61.0	61.0	4.816227108321734	0.9387093160504213	0.9991386735572783
842_H-119	63.42857142857143	62.0	4.611471400460824	0.9271651716424358	0.9955277280858676
843_H-119	61.0	60.0	4.70319353929368	0.931635898552636	0.9964973730297724
844_H-119	61.0	60.0	4.731007358098004	0.934139379306876	0.9973404255319149
845_H-119	64.14285714285714	62.0	4.718034001085953	0.9363117053295387	0.9945701357466064
846_H-119	60.0	60.0	4.717334010156688	0.93223759161471	0.9991126885536823
847_H-119	60.2	59.0	4.805851325459063	0.9413688595231255	0.9966101694915255
848_H-119	59.125	59.0	4.663192068197973	0.9318120211546582	0.9982062780269059
849_H-119	62.2	61.0	4.7237585879544834	0.9357091777205444	0.9964943032427696
84_H-119	63.0	61.0	4.6973934995303415	0.9322970153949229	0.9964570416297609
850_H-119	62.0	62.0	4.762188571745439	0.9347081174868316	0.999168744804655
851_H-119	62.5	62.0	4.8240588458671585	0.9399110232328225	0.9974789915966387
852_H-119	62.0	60.0	4.7313088871886775	0.9342674694286914	0.9964973730297724
853_H-119	60.166666666666664	60.0	4.735663405314579	0.9339457309388783	0.9981884057971014
854_H-119	60.375	60.0	4.700156171983372	0.9309724500425043	0.9974048442906575
855_H-119	61.375	61.0	4.7263074681829975	0.93290861453543	0.9973707274320771
856_H-119	61.166666666666664	61.0	4.800986941217705	0.9392753186791127	0.998193315266486
857_H-119	64.33333333333333	61.0	4.712685404588796	0.9339490785112453	0.9956784788245462
858_H-119	63.2	62.0	4.776312660070931	0.9361104683014323	0.9965606190885641
859_H-119	60.25	60.0	4.618628082689126	0.9270459778950499	0.9981718464351006
85_H-119	61.111111111111114	61.0	4.730973336237696	0.9324054804023586	0.9982078853046595
860_H-119	61.75	61.0	4.789696526748229	0.9372776772815016	0.9973867595818815
861_H-119	62.5	61.0	4.686373646438391	0.930513952265863	0.9964726631393298
862_H-119	62.857142857142854	62.0	4.749174367037089	0.937560712669455	0.9966044142614601
863_H-119	62.5	61.0	4.713888910473386	0.9312204429038184	0.997250229147571
864_H-119	62.0	62.0	4.765986614906191	0.9362072345848447	0.9991749174917491
865_H-119	61.2	60.0	4.776691452551075	0.9371045794787343	0.9963269054178145
866_H-119	59.166666666666664	59.0	4.704716730207922	0.9349088545420223	0.9980713596914176
867_H-119	61.111111111111114	61.0	4.690024832103634	0.9332939026394929	0.9982046678635548
868_H-119	62.142857142857146	62.0	4.772386041911372	0.9341647883338376	0.9983831851253031
869_H-119	62.5	62.0	4.827804090178599	0.9418269656458804	0.9974337040205303
86_H-119	58.6	58.0	4.671943216325213	0.9332266783548835	0.9974358974358974
870_H-119	62.2	61.0	4.744725793733054	0.9361998463297165	0.9965367965367965
871_H-119	63.5	61.0	4.631388918067703	0.9296627098829665	0.9955197132616488
872_H-119	63.166666666666664	63.0	4.72445826602065	0.930827417186199	0.9982847341337907
873_H-119	63.0	62.0	4.716415185923041	0.9311851571183611	0.9963336388634281
874_H-119	61.0	61.0	4.658071309030572	0.9266417321503466	0.9991518235793045
875_H-119	61.333333333333336	58.0	4.504962393841752	0.9207768965042522	0.9955396966993756
876_H-119	61.6	61.0	4.6760003685761165	0.9298354006337709	0.9974468085106383
877_H-119	67.0	60.0	4.715936801790878	0.9344887123526304	0.9938488576449912
878_H-119	63.2	62.0	4.771112826899148	0.9370328054699402	0.9965635738831615
879_H-119	63.2	62.0	4.764615335866784	0.9366767728074354	0.9964476021314387
87_H-119	65.75	62.0	4.670523392589393	0.931060614534513	0.9949832775919732
880_H-119	66.33333333333333	63.0	4.812026342516923	0.9394969656023949	0.9957337883959044
881_H-119	83.0	62.0	4.654182499368433	0.927021704986951	0.9939862542955327
882_H-119	61.5	59.0	4.748403316453003	0.9340179913821332	0.9953401677539608
883_H-119	62.5	61.0	4.703561775786534	0.9333802237895197	0.996415770609319
884_H-119	62.2	62.0	4.740259031350483	0.9330904593242255	0.9982683982683983
885_H-119	61.0	61.0	4.846190005883186	0.943166244253777	0.9991575400168492
886_H-119	62.0	62.0	4.767399438737622	0.9351254031611023	0.999083409715857
887_H-119	66.33333333333333	63.0	4.770158521076922	0.935667395466399	0.9958779884583677
888_H-119	61.5	61.0	4.732379540816155	0.9336075312035235	0.997338065661047
889_H-119	62.75	59.0	4.663694667354339	0.9331904877850824	0.9945945945945946
88_H-119	61.5	60.0	4.626325915657468	0.925829079226512	0.9965928449744463
890_H-119	61.75	61.0	4.756936781010651	0.9375919294945988	0.9965277777777778
891_H-119	64.0	61.0	4.823035380034368	0.940850208916224	0.9961051606621227
892_H-119	60.25	60.0	4.7248999640596265	0.9295269072788307	0.9981735159817352
893_H-119	60.333333333333336	60.0	4.694455665141189	0.9323035973874408	0.9981900452488688
894_H-119	62.25	62.0	4.6829616584745715	0.9325341232200514	0.9981965734896303
895_H-119	63.5	63.0	4.708143111333113	0.9331370492553537	0.9973799126637555
896_H-119	62.0	62.0	4.723299650377546	0.9328937465691782	0.9990900818926297
897_H-119	61.5	61.0	4.688211170374959	0.9307902221624184	0.9974204643164231
898_H-119	62.25	61.0	4.713958834637877	0.9349116124451189	0.9957374254049446
899_H-119	64.5	62.0	4.812974334651612	0.9369390303197174	0.9955396966993756
89_H-119	63.5	61.0	4.776896506625162	0.935443364976178	0.9954792043399638
8_H-119	59.75	59.0	4.572369260968105	0.9272254115829293	0.9963503649635036
900_H-119	60.75	60.0	4.786862368977553	0.9364261425414269	0.997338065661047
901_H-119	62.5	61.0	4.7338398718604005	0.9332853585106975	0.9963536918869644
902_H-119	62.75	62.0	4.7220757109146785	0.9351978950466916	0.9965337954939342
903_H-119	61.166666666666664	61.0	4.71525622681662	0.9336195094623694	0.998326359832636
904_H-119	60.857142857142854	60.0	4.629908927615156	0.9326961797632152	0.9965457685664939
905_H-119	62.166666666666664	62.0	4.8357504641704585	0.9407712526952132	0.9982486865148862
906_H-119	61.0	60.0	4.692658689831036	0.9333037747436754	0.9976359338061466
907_H-119	61.5	61.0	4.741255126122289	0.9322208090851865	0.9973118279569892
908_H-119	60.5	60.0	4.673839840629295	0.9333689288915161	0.9973799126637555
909_H-119	62.5	62.0	4.688403683291753	0.9286316015139122	0.9974554707379135
90_H-119	61.142857142857146	61.0	4.774713476612977	0.9354174761446328	0.9981834695731153
910_H-119	60.75	60.0	4.720212116131869	0.9358436494650767	0.9973753280839895
911_H-119	62.5	61.0	4.863050618356056	0.9432401394351454	0.9973474801061007
912_H-119	61.2	61.0	4.756307028568057	0.9377268059126922	0.9983150800336984
913_H-119	59.0	59.0	4.771272167857291	0.9375432198050434	0.9991445680068435
914_H-119	61.142857142857146	61.0	4.762241962508132	0.9367121247771951	0.9982046678635548
915_H-119	59.0	59.0	4.634491729245664	0.9304674351467005	0.9990950226244344
916_H-119	62.166666666666664	62.0	4.695160304614702	0.9315649237609167	0.9981965734896303
917_H-119	65.33333333333333	62.0	4.689415595746379	0.9288624885215794	0.9952651515151515
918_H-119	61.125	61.0	4.727732253639965	0.9328997730103747	0.9983179142136249
919_H-119	62.42857142857143	61.0	4.680520578064504	0.9328177066431516	0.9956101843722563
91_H-119	59.2	59.0	4.691732951051365	0.9310667330095544	0.998280309544282
920_H-119	62.0	61.0	4.717580151643008	0.9348598253736482	0.9965126416739319
921_H-119	63.0	58.0	4.657053642450184	0.9331673145448656	0.9948979591836735
922_H-119	62.0	62.0	4.823775986232607	0.9382952090798986	0.9991166077738516
923_H-119	61.75	61.0	4.774298601706965	0.935963565716686	0.9973637961335676
924_H-119	57.857142857142854	57.0	4.561163469118514	0.9259481900022241	0.9964093357271095
925_H-119	62.75	62.0	4.820301338717155	0.938209917355372	0.9972727272727273
926_H-119	62.0	62.0	4.857728226903216	0.9407487046129364	0.9991189427312775
927_H-119	61.111111111111114	61.0	4.7525416828483396	0.9401727663990721	0.998158379373849
928_H-119	60.5	59.0	4.63838306230892	0.9278402754336373	0.9973753280839895
929_H-119	65.75	62.0	4.776369592795943	0.9378839642967067	0.9947368421052631
92_H-119	63.2	62.0	4.721254747195357	0.9338856635475719	0.996694214876033
930_H-119	61.0	61.0	4.739610167639298	0.9346021486592715	0.9990654205607477
931_H-119	65.0	62.0	4.774776352213593	0.9359878880648643	0.9963436928702011
932_H-119	62.666666666666664	61.0	4.686217600506397	0.9339675550928448	0.9955116696588869
933_H-119	61.666666666666664	61.0	4.74248012577647	0.9389053218780669	0.9966804979253112
934_H-119	63.5	63.0	4.828871637327314	0.9416695652173913	0.9973913043478261
935_H-119	68.25	63.0	4.67125349167247	0.9302637101135749	0.9934883720930232
936_H-119	63.0	62.0	4.78539843658978	0.9356826122010212	0.9975409836065574
937_H-119	62.0	61.0	4.853068089200847	0.9414445153061225	0.9973214285714286
938_H-119	61.0	61.0	4.800223231524299	0.9357049444192949	1.0
939_H-119	63.6	63.0	4.753188102660603	0.9360038364504493	0.9972602739726028
93_H-119	59.6	59.0	4.704150296373442	0.9329783075323778	0.9973285841495992
940_H-119	61.0	61.0	4.6276362999406055	0.9285600271643706	0.9991482112436116
941_H-119	62.75	62.0	4.819580461029684	0.9369711299153808	0.9973867595818815
942_H-119	62.0	62.0	4.7596259466986	0.9347711676054438	0.9991063449508489
943_H-119	84.0	63.0	4.73488414664484	0.9338043956511622	0.9942004971002486
944_H-119	59.75	59.0	4.616763073413398	0.9291140740740741	0.9964444444444445
945_H-119	63.6	63.0	4.8026750431839424	0.9370761742313932	0.9973166368515206
946_H-119	61.142857142857146	61.0	4.756747731792412	0.9351627302978655	0.9981981981981982
947_H-119	62.5	62.0	4.717198872117569	0.9335092770923514	0.9973799126637555
948_H-119	58.6	58.0	4.688305635282446	0.9319042120140713	0.9976057462090981
949_H-119	61.333333333333336	61.0	4.655831801963593	0.9284162642724209	0.9973404255319149
94_H-119	61.0	61.0	4.814199634881885	0.9357348562360664	0.9991460290350128
950_H-119	62.2	61.0	4.829622768386766	0.9412393951365144	0.9966130397967824
951_H-119	62.2	61.0	4.785593733728276	0.9399784076235811	0.9964973730297724
952_H-119	61.0	59.0	4.714242458077918	0.934867635417086	0.9963369963369964
953_H-119	61.2	61.0	4.687774364349631	0.9263850803760416	0.9982532751091703
954_H-119	61.2	61.0	4.821208598693714	0.9376540559390605	0.9982471516213848
955_H-119	61.42857142857143	61.0	4.7417279965305985	0.9351916222682892	0.997338065661047
956_H-119	65.0	62.0	4.7331200461804155	0.9318271907087633	0.996607294317218
957_H-119	62.42857142857143	61.0	4.600778742495947	0.9274627368367538	0.9955436720142602
958_H-119	62.2	61.0	4.692082991157872	0.9318309740696651	0.9964028776978417
959_H-119	61.125	61.0	4.751469223502716	0.9344798672373134	0.9981308411214953
95_H-119	63.2	62.0	4.640389371722665	0.929040337348978	0.9965928449744463
960_H-119	63.0	62.0	4.777985294114635	0.9393065604138269	0.9964349376114082
961_H-119	62.333333333333336	62.0	4.781106642207268	0.9333242648892516	0.9982316534040672
962_H-119	62.0	61.0	4.662183592551052	0.9286119880313868	0.9974271012006861
963_H-119	63.0	62.0	4.813995912449001	0.9420747675078105	0.9962721342031687
964_H-119	63.0	62.0	4.747600727184239	0.9359726101164416	0.9966015293118097
965_H-119	62.75	62.0	4.740303778260987	0.934111654866028	0.9974489795918368
966_H-119	62.0	60.0	4.722948358355843	0.9375930773391022	0.9953488372093023
967_H-119	66.2	62.0	4.780091017579631	0.9367373053275491	0.9934823091247672
968_H-119	63.2	62.0	4.736253451410823	0.9344930692051746	0.996415770609319
969_H-119	61.42857142857143	61.0	4.638712449605653	0.9293029131985732	0.9974137931034482
96_H-119	60.5	60.0	4.652693499919187	0.9295540533072998	0.9974248927038627
970_H-119	63.2	62.0	4.675768581059367	0.9312832002143822	0.9964695498676082
971_H-119	61.0	61.0	4.789435582331462	0.9321717243015778	0.9991334488734835
972_H-119	64.0	62.0	4.83048972859531	0.9391328702423757	0.9966015293118097
973_H-119	63.333333333333336	63.0	4.793012211831065	0.9380891503323494	0.9972350230414746
974_H-119	61.6	61.0	4.735162336499919	0.9337075392400593	0.9974160206718347
975_H-119	62.5	61.0	4.810765759454423	0.9399570757958742	0.9965870307167235
976_H-119	65.2	61.0	4.657948957444924	0.9280815845797292	0.9937722419928826
977_H-119	60.5	60.0	4.812717394541192	0.9389309740516705	0.9971804511278195
978_H-119	62.5	60.0	4.710087565758819	0.9332280675412445	0.995507637017071
979_H-119	64.75	61.0	4.718344751092259	0.937245487614038	0.995085995085995
97_H-119	61.5	60.0	4.777294106647528	0.9367763468809074	0.9972826086956522
980_H-119	61.666666666666664	60.0	4.6812177256046645	0.9338413546069169	0.9956101843722563
981_H-119	63.75	63.0	4.760736651103139	0.935387275379711	0.9966273187183811
982_H-119	60.0	60.0	4.787219534162637	0.939369516184268	1.0
983_H-119	70.33333333333333	61.0	4.635683331195118	0.9263864436619719	0.9929577464788732
984_H-119	61.5	61.0	4.768765683137639	0.93669416813574	0.9973521624007061
985_H-119	64.5	62.0	4.718639369909538	0.9334947674205293	0.9957591178965225
986_H-119	65.5	62.0	4.554667084985981	0.927494311784575	0.9940068493150684
987_H-119	63.42857142857143	63.0	4.805965891784382	0.939036637256166	0.9974248927038627
988_H-119	68.0	63.0	4.842163669191229	0.9400230260534246	0.994413407821229
989_H-119	62.0	60.0	4.726233149210053	0.9335651162229939	0.9965277777777778
98_H-119	60.142857142857146	60.0	4.6559123694606	0.9311954710322518	0.9983498349834984
990_H-119	66.0	63.0	4.70484031390371	0.9350162690080666	0.9948849104859335
991_H-119	62.0	62.0	4.72181785006621	0.9333093975841558	0.999129677980853
992_H-119	60.5	60.0	4.784027059120646	0.9386557249177274	0.9973070017953322
993_H-119	63.2	62.0	4.745294510658771	0.9346972114834623	0.9965546942291128
994_H-119	63.5	63.0	4.674694500068711	0.9281833086419753	0.9973333333333333
995_H-119	60.25	60.0	4.659640769611589	0.9299179341700333	0.998220640569395
996_H-119	61.125	61.0	4.647863117990404	0.9285750284524928	0.9982653946227233
997_H-119	64.2	63.0	4.697571101879341	0.9312744299193444	0.9965635738831615
998_H-119	61.75	61.0	4.720875518151428	0.9304810541561955	0.9974640743871513
999_H-119	64.875	63.0	4.600377103293858	0.9291559401093129	0.9949367088607595
99_H-119	62.75	62.0	4.798862010132123	0.9355001696896246	0.9972401103955841
9_H-119	61.0	61.0	4.8599062732074865	0.9413500547091995	0.9990825688073395
