	chao1	observed_otus	shannon	simpson	goods_coverage
1000_O-123	2.0	2.0	0.8258611443461177	0.38423697064127027	1.0
100_O-123	2.0	2.0	0.8674140587310477	0.41095025671239793	1.0
101_O-123	2.0	2.0	0.855959682646353	0.4035286924622239	1.0
102_O-123	2.0	2.0	0.8732984198823631	0.41477990068176085	1.0
103_O-123	2.0	2.0	0.8321278955930539	0.38822849740025556	1.0
104_O-123	2.0	2.0	0.8476183429401788	0.39815177382723776	1.0
105_O-123	2.0	2.0	0.8571484374283717	0.404296875	1.0
106_O-123	2.0	2.0	0.8483824225964036	0.39864333685227193	1.0
107_O-123	2.0	2.0	0.8475135203935739	0.3980843525788247	1.0
108_O-123	2.0	2.0	0.8297624760087331	0.38672031425792786	1.0
109_O-123	2.0	2.0	0.8453509366224364	0.39669421487603307	1.0
10_O-123	2.0	2.0	0.8350213596129883	0.39007592844475814	1.0
110_O-123	2.0	2.0	0.863977473722477	0.4087190082644627	1.0
111_O-123	2.0	2.0	0.8605553930586319	0.4065010956902848	1.0
112_O-123	2.0	2.0	0.833764907210665	0.38927335640138394	1.0
113_O-123	2.0	2.0	0.8464482275175529	0.39739937175834616	1.0
114_O-123	2.0	2.0	0.8258611443461177	0.38423697064127027	1.0
115_O-123	2.0	2.0	0.8547358171338015	0.4027383154402089	1.0
116_O-123	2.0	2.0	0.8577435372751958	0.40468161079150955	1.0
117_O-123	2.0	2.0	0.8304955225035798	0.3871875	1.0
118_O-123	2.0	2.0	0.8708644692353646	0.4131944444444444	1.0
119_O-123	2.0	2.0	0.8537571733879294	0.4021066645782756	1.0
11_O-123	2.0	2.0	0.8666090766780092	0.41042725797728496	1.0
120_O-123	2.0	2.0	0.8656146915156174	0.4097815020753388	1.0
121_O-123	2.0	2.0	0.8547358171338015	0.4027383154402089	1.0
122_O-123	2.0	2.0	0.8362155583232854	0.3908392288476573	1.0
123_O-123	2.0	2.0	0.8571484374283717	0.404296875	1.0
124_O-123	2.0	2.0	0.8510340662036067	0.40035076530612246	1.0
125_O-123	2.0	2.0	0.8514087087616563	0.40059219279998515	1.0
126_O-123	2.0	2.0	0.8547358171338015	0.4027383154402089	1.0
127_O-123	2.0	2.0	0.8458909094087717	0.3970411694089401	1.0
128_O-123	2.0	2.0	0.8534521929193547	0.4019098851149894	1.0
129_O-123	2.0	2.0	0.8163401867571671	0.3781981616902135	1.0
12_O-123	2.0	2.0	0.8370527164735018	0.3913746049985636	1.0
130_O-123	2.0	2.0	0.8554508105601307	0.4032	1.0
131_O-123	2.0	2.0	0.8530702874505077	0.40166351606805284	1.0
132_O-123	2.0	2.0	0.8366407419411673	0.3911111111111112	1.0
133_O-123	2.0	2.0	0.8506346734007164	0.4000934400815477	1.0
134_O-123	2.0	2.0	0.7968758761575591	0.36594853848677533	1.0
135_O-123	2.0	2.0	0.8497511372532974	0.3995243757431628	1.0
136_O-123	2.0	2.0	0.8554508105601307	0.4032	1.0
137_O-123	2.0	2.0	0.8517080431539843	0.4007851239669421	1.0
138_O-123	2.0	2.0	0.8683587934693187	0.4115643287623374	1.0
139_O-123	2.0	2.0	0.8571484374283717	0.404296875	1.0
13_O-123	2.0	2.0	0.8667256130949591	0.4105029585798816	1.0
140_O-123	2.0	2.0	0.8420183578564089	0.3945550664038755	1.0
141_O-123	2.0	2.0	0.8544669184854022	0.4025647268890513	1.0
142_O-123	2.0	2.0	0.8639510938364712	0.40870189601971707	1.0
143_O-123	2.0	2.0	0.8350213596129883	0.39007592844475814	1.0
144_O-123	2.0	2.0	0.8206501291977116	0.38092799999999993	1.0
145_O-123	2.0	2.0	0.8470237377980211	0.39776937618147445	1.0
146_O-123	2.0	2.0	0.8603817880391175	0.40638868343195256	1.0
147_O-123	2.0	2.0	0.8495266932709812	0.399379858502926	1.0
148_O-123	2.0	2.0	0.8291562623385806	0.38633409888016534	1.0
149_O-123	2.0	2.0	0.8547358171338015	0.4027383154402089	1.0
14_O-123	2.0	2.0	0.8476183429401788	0.39815177382723776	1.0
150_O-123	2.0	2.0	0.8266133906425434	0.3847154029769644	1.0
151_O-123	2.0	2.0	0.8534521929193547	0.4019098851149894	1.0
152_O-123	2.0	2.0	0.8631205685666311	0.40816326530612246	1.0
153_O-123	2.0	2.0	0.7961425805312937	0.36548957490401346	1.0
154_O-123	2.0	2.0	0.8398926865109742	0.3931925711461055	1.0
155_O-123	2.0	2.0	0.8497511372532974	0.3995243757431628	1.0
156_O-123	2.0	2.0	0.833764907210665	0.38927335640138394	1.0
157_O-123	2.0	2.0	0.8453509366224364	0.39669421487603307	1.0
158_O-123	2.0	2.0	0.8571484374283717	0.404296875	1.0
159_O-123	2.0	2.0	0.8510340662036067	0.40035076530612246	1.0
15_O-123	2.0	2.0	0.835322942692384	0.39026864702540376	1.0
160_O-123	2.0	2.0	0.8715939873751148	0.41366943975313264	1.0
161_O-123	2.0	2.0	0.848700815240681	0.39884822943879783	1.0
162_O-123	2.0	2.0	0.8080407338479642	0.37295921739705196	1.0
163_O-123	2.0	2.0	0.8750058871358356	0.41589330841597827	1.0
164_O-123	2.0	2.0	0.863977473722477	0.4087190082644627	1.0
165_O-123	2.0	2.0	0.8520675888862432	0.401016903103107	1.0
166_O-123	2.0	2.0	0.8375360821789878	0.39168383274225405	1.0
167_O-123	2.0	2.0	0.8530702874505077	0.40166351606805284	1.0
168_O-123	2.0	2.0	0.8145364473845275	0.3770575780342873	1.0
169_O-123	2.0	2.0	0.833764907210665	0.38927335640138394	1.0
16_O-123	2.0	2.0	0.848700815240681	0.39884822943879783	1.0
170_O-123	2.0	2.0	0.842527857585359	0.3948818672412806	1.0
171_O-123	2.0	2.0	0.8640055843818898	0.4087372434922525	1.0
172_O-123	2.0	2.0	0.8860318997477157	0.4231064975009612	1.0
173_O-123	2.0	2.0	0.8760643678555243	0.41658401110890697	1.0
174_O-123	2.0	2.0	0.814705548656723	0.37716446124763703	1.0
175_O-123	2.0	2.0	0.8756633923230396	0.41632231404958675	1.0
176_O-123	2.0	2.0	0.8795459503489894	0.4188585162058355	1.0
177_O-123	2.0	2.0	0.8689518071600058	0.4119499362244897	1.0
178_O-123	2.0	2.0	0.8349135582554505	0.3900070483201503	1.0
179_O-123	2.0	2.0	0.8778037341417048	0.4177198291206835	1.0
17_O-123	2.0	2.0	0.8436824610233312	0.395622770511296	1.0
180_O-123	2.0	2.0	0.8603817880391175	0.40638868343195256	1.0
181_O-123	2.0	2.0	0.8517080431539843	0.4007851239669421	1.0
182_O-123	2.0	2.0	0.849324033956362	0.3992493827160495	1.0
183_O-123	2.0	2.0	0.8209552679220007	0.3811215080937095	1.0
184_O-123	2.0	2.0	0.8388435440301052	0.3925206611570249	1.0
185_O-123	2.0	2.0	0.8206501291977116	0.38092799999999993	1.0
186_O-123	2.0	2.0	0.8403586716091171	0.39349112426035515	1.0
187_O-123	2.0	2.0	0.8447760527227751	0.39632493622448983	1.0
188_O-123	2.0	2.0	0.8242209207918308	0.3831944444444444	1.0
189_O-123	2.0	2.0	0.8288678180037643	0.3861503761987568	1.0
18_O-123	2.0	2.0	0.8401101022692878	0.3933318586740131	1.0
190_O-123	2.0	2.0	0.8366407419411673	0.3911111111111112	1.0
191_O-123	2.0	2.0	0.8464482275175529	0.39739937175834616	1.0
192_O-123	2.0	2.0	0.8588499879809652	0.40539725311186636	1.0
193_O-123	2.0	2.0	0.9131623182184593	0.4410264258749107	1.0
194_O-123	2.0	2.0	0.863977473722477	0.4087190082644627	1.0
195_O-123	2.0	2.0	0.8379181087502559	0.39192828562634663	1.0
196_O-123	2.0	2.0	0.8681946065589183	0.41145758686349576	1.0
197_O-123	2.0	2.0	0.8096298287670103	0.3739605034348583	1.0
198_O-123	2.0	2.0	0.8426578772022391	0.3949652777777779	1.0
199_O-123	2.0	2.0	0.8614362250994667	0.40707160493827166	1.0
19_O-123	2.0	2.0	0.8534521929193547	0.4019098851149894	1.0
1_O-123	2.0	2.0	0.880145474371324	0.4192505895711416	1.0
200_O-123	2.0	2.0	0.8362155583232854	0.3908392288476573	1.0
201_O-123	2.0	2.0	0.870625164230476	0.41303866958917324	1.0
202_O-123	2.0	2.0	0.843054496333918	0.39521975308641966	1.0
203_O-123	2.0	2.0	0.8582307926411411	0.4049967126890204	1.0
204_O-123	2.0	2.0	0.8812908992306927	0.42000000000000004	1.0
205_O-123	2.0	2.0	0.8258611443461177	0.38423697064127027	1.0
206_O-123	2.0	2.0	0.8597555090200143	0.4059832406609758	1.0
207_O-123	2.0	2.0	0.8564052389131377	0.4038165589412126	1.0
208_O-123	2.0	2.0	0.8587103706410478	0.40530692729766815	1.0
209_O-123	2.0	2.0	0.8631205685666311	0.40816326530612246	1.0
20_O-123	2.0	2.0	0.8835850861052531	0.4215023139907441	1.0
210_O-123	2.0	2.0	0.8240129902573334	0.38306234883095946	1.0
211_O-123	2.0	2.0	0.8892141218377504	0.42519579921680317	1.0
212_O-123	2.0	2.0	0.8436824610233312	0.395622770511296	1.0
213_O-123	2.0	2.0	0.8794587736429037	0.41880151481398975	1.0
214_O-123	2.0	2.0	0.8537571733879294	0.4021066645782756	1.0
215_O-123	2.0	2.0	0.8514087087616563	0.40059219279998515	1.0
216_O-123	2.0	2.0	0.8579163978157118	0.4047933884297521	1.0
217_O-123	2.0	2.0	0.8639510938364712	0.40870189601971707	1.0
218_O-123	2.0	2.0	0.849324033956362	0.3992493827160495	1.0
219_O-123	2.0	2.0	0.809512300697415	0.37388641975308645	1.0
21_O-123	2.0	2.0	0.8358043794634012	0.39057635985190375	1.0
220_O-123	2.0	2.0	0.8379181087502559	0.39192828562634663	1.0
221_O-123	2.0	2.0	0.8517080431539843	0.4007851239669421	1.0
222_O-123	2.0	2.0	0.8448029889246228	0.3963422363060207	1.0
223_O-123	2.0	2.0	0.8175072881213616	0.3789367598891409	1.0
224_O-123	2.0	2.0	0.8753918540610234	0.4161451247165533	1.0
225_O-123	2.0	2.0	0.8613819514443714	0.40703644474370837	1.0
226_O-123	2.0	2.0	0.8812908992306927	0.42000000000000004	1.0
227_O-123	2.0	2.0	0.8503821170987139	0.39993074792243766	1.0
228_O-123	2.0	2.0	0.8778037341417048	0.4177198291206835	1.0
229_O-123	2.0	2.0	0.8571484374283717	0.404296875	1.0
22_O-123	2.0	2.0	0.8503821170987139	0.39993074792243766	1.0
230_O-123	2.0	2.0	0.8301899714180443	0.3869927438860521	1.0
231_O-123	2.0	2.0	0.8391568510451684	0.3927212758381591	1.0
232_O-123	2.0	2.0	0.8514087087616563	0.40059219279998515	1.0
233_O-123	2.0	2.0	0.8764918104671914	0.41686304081440284	1.0
234_O-123	2.0	2.0	0.8666090766780092	0.41042725797728496	1.0
235_O-123	2.0	2.0	0.8520675888862432	0.401016903103107	1.0
236_O-123	2.0	2.0	0.8453509366224364	0.39669421487603307	1.0
237_O-123	2.0	2.0	0.868533960265235	0.4116782188615836	1.0
238_O-123	2.0	2.0	0.8547358171338015	0.4027383154402089	1.0
239_O-123	2.0	2.0	0.8272448103704763	0.3851171368075952	1.0
23_O-123	2.0	2.0	0.827506266987983	0.3852835251747757	1.0
240_O-123	2.0	2.0	0.8129046760029053	0.37602668969838604	1.0
241_O-123	2.0	2.0	0.8388435440301052	0.3925206611570249	1.0
242_O-123	2.0	2.0	0.8391568510451684	0.3927212758381591	1.0
243_O-123	2.0	2.0	0.8776296673746862	0.4176061170473484	1.0
244_O-123	2.0	2.0	0.8349135582554505	0.3900070483201503	1.0
245_O-123	2.0	2.0	0.864808465435047	0.4092581793319794	1.0
246_O-123	2.0	2.0	0.869137580612638	0.4120707596253901	1.0
247_O-123	2.0	2.0	0.8537571733879294	0.4021066645782756	1.0
248_O-123	2.0	2.0	0.8324707566707886	0.38844726120416484	1.0
249_O-123	2.0	2.0	0.8391568510451684	0.3927212758381591	1.0
24_O-123	2.0	2.0	0.8715939873751148	0.41366943975313264	1.0
250_O-123	2.0	2.0	0.8666090766780092	0.41042725797728496	1.0
251_O-123	2.0	2.0	0.8674140587310477	0.41095025671239793	1.0
252_O-123	2.0	2.0	0.8497511372532974	0.3995243757431628	1.0
253_O-123	2.0	2.0	0.8577435372751958	0.40468161079150955	1.0
254_O-123	2.0	2.0	0.8580784910809343	0.4048982126569505	1.0
255_O-123	2.0	2.0	0.8693355789032744	0.4121995464852608	1.0
256_O-123	2.0	2.0	0.8554508105601307	0.4032	1.0
257_O-123	2.0	2.0	0.8362155583232854	0.3908392288476573	1.0
258_O-123	2.0	2.0	0.8396254776216393	0.39302140542218944	1.0
259_O-123	2.0	2.0	0.8418521897563208	0.3944485025566107	1.0
25_O-123	2.0	2.0	0.8346482851813829	0.3898375676801332	1.0
260_O-123	2.0	2.0	0.874697763355274	0.41569231487315916	1.0
261_O-123	2.0	2.0	0.8718686865520275	0.4138483446066217	1.0
262_O-123	2.0	2.0	0.864808465435047	0.4092581793319794	1.0
263_O-123	2.0	2.0	0.8063495153650777	0.3718945282731292	1.0
264_O-123	2.0	2.0	0.8403586716091171	0.39349112426035515	1.0
265_O-123	2.0	2.0	0.8588499879809652	0.40539725311186636	1.0
266_O-123	2.0	2.0	0.8517080431539843	0.4007851239669421	1.0
267_O-123	2.0	2.0	0.8482330061348384	0.39854719584449305	1.0
268_O-123	2.0	2.0	0.8580784910809343	0.4048982126569505	1.0
269_O-123	2.0	2.0	0.8681946065589183	0.41145758686349576	1.0
26_O-123	2.0	2.0	0.8350213596129883	0.39007592844475814	1.0
270_O-123	2.0	2.0	0.8244357520652581	0.3833309393852342	1.0
271_O-123	2.0	2.0	0.8708644692353646	0.4131944444444444	1.0
272_O-123	2.0	2.0	0.8732984198823631	0.41477990068176085	1.0
273_O-123	2.0	2.0	0.8387034444830611	0.39243096423721147	1.0
274_O-123	2.0	2.0	0.8453509366224364	0.39669421487603307	1.0
275_O-123	2.0	2.0	0.8476183429401788	0.39815177382723776	1.0
276_O-123	2.0	2.0	0.8931734583778568	0.42780000000000007	1.0
277_O-123	2.0	2.0	0.8664998383682041	0.4103563022481942	1.0
278_O-123	2.0	2.0	0.8631205685666311	0.40816326530612246	1.0
279_O-123	2.0	2.0	0.8530702874505077	0.40166351606805284	1.0
27_O-123	2.0	2.0	0.8614362250994667	0.40707160493827166	1.0
280_O-123	2.0	2.0	0.8308111022361421	0.3873886814133869	1.0
281_O-123	2.0	2.0	0.8314743880097293	0.38781163434903054	1.0
282_O-123	2.0	2.0	0.8196004346196012	0.3802625622453599	1.0
283_O-123	2.0	2.0	0.8420183578564089	0.3945550664038755	1.0
284_O-123	2.0	2.0	0.8597555090200143	0.4059832406609758	1.0
285_O-123	2.0	2.0	0.8225856209839526	0.38215595461510654	1.0
286_O-123	2.0	2.0	0.8408400584625579	0.3937996219281663	1.0
287_O-123	2.0	2.0	0.8324707566707886	0.38844726120416484	1.0
288_O-123	2.0	2.0	0.8415251755600592	0.394238815004718	1.0
289_O-123	2.0	2.0	0.8349135582554505	0.3900070483201503	1.0
28_O-123	2.0	2.0	0.8614362250994667	0.40707160493827166	1.0
290_O-123	2.0	2.0	0.8350213596129883	0.39007592844475814	1.0
291_O-123	2.0	2.0	0.8470237377980211	0.39776937618147445	1.0
292_O-123	2.0	2.0	0.8597555090200143	0.4059832406609758	1.0
293_O-123	2.0	2.0	0.8552006772204057	0.40303846477569216	1.0
294_O-123	2.0	2.0	0.8459170485484222	0.39705796735818666	1.0
295_O-123	2.0	2.0	0.8732984198823631	0.41477990068176085	1.0
296_O-123	2.0	2.0	0.8517080431539843	0.4007851239669421	1.0
297_O-123	2.0	2.0	0.8403586716091171	0.39349112426035515	1.0
298_O-123	2.0	2.0	0.8732984198823631	0.41477990068176085	1.0
299_O-123	2.0	2.0	0.8534521929193547	0.4019098851149894	1.0
29_O-123	2.0	2.0	0.8561896130828399	0.4036772383857825	1.0
2_O-123	2.0	2.0	0.8648629720199451	0.40929355281207136	1.0
300_O-123	2.0	2.0	0.8263541679009075	0.38455051442064425	1.0
301_O-123	2.0	2.0	0.8614362250994667	0.40707160493827166	1.0
302_O-123	2.0	2.0	0.8656146915156174	0.4097815020753388	1.0
303_O-123	2.0	2.0	0.8442202034297602	0.3959679901508155	1.0
304_O-123	2.0	2.0	0.8436824610233312	0.395622770511296	1.0
305_O-123	2.0	2.0	0.8507707040532599	0.40018107741059294	1.0
306_O-123	2.0	2.0	0.8541802051521676	0.40237966468361286	1.0
307_O-123	2.0	2.0	0.864808465435047	0.4092581793319794	1.0
308_O-123	2.0	2.0	0.8431619569518377	0.3952887101407643	1.0
309_O-123	2.0	2.0	0.8442723472086637	0.39600147056249013	1.0
30_O-123	2.0	2.0	0.8161734236545362	0.3780926636938069	1.0
310_O-123	2.0	2.0	0.8666090766780092	0.41042725797728496	1.0
311_O-123	2.0	2.0	0.8459170485484222	0.39705796735818666	1.0
312_O-123	2.0	2.0	0.8701120292301896	0.4127047102647181	1.0
313_O-123	2.0	2.0	0.8362155583232854	0.3908392288476573	1.0
314_O-123	2.0	2.0	0.8465022404644964	0.3974340927828832	1.0
315_O-123	2.0	2.0	0.8436824610233312	0.395622770511296	1.0
316_O-123	2.0	2.0	0.847107490529376	0.3978232313754926	1.0
317_O-123	2.0	2.0	0.8447760527227751	0.39632493622448983	1.0
318_O-123	2.0	2.0	0.8666090766780092	0.41042725797728496	1.0
319_O-123	2.0	2.0	0.8795459503489894	0.4188585162058355	1.0
31_O-123	2.0	2.0	0.8564052389131377	0.4038165589412126	1.0
320_O-123	2.0	2.0	0.8675552021398004	0.4110419801891243	1.0
321_O-123	2.0	2.0	0.8470237377980211	0.39776937618147445	1.0
322_O-123	2.0	2.0	0.8596472019757319	0.4059131377577616	1.0
323_O-123	2.0	2.0	0.8497511372532974	0.3995243757431628	1.0
324_O-123	2.0	2.0	0.8304955225035798	0.3871875	1.0
325_O-123	2.0	2.0	0.8214521380842135	0.38143667296786377	1.0
326_O-123	2.0	2.0	0.869137580612638	0.4120707596253901	1.0
327_O-123	2.0	2.0	0.8362155583232854	0.3908392288476573	1.0
328_O-123	2.0	2.0	0.8387034444830611	0.39243096423721147	1.0
329_O-123	2.0	2.0	0.8398926865109742	0.3931925711461055	1.0
32_O-123	2.0	2.0	0.8403586716091171	0.39349112426035515	1.0
330_O-123	2.0	2.0	0.8613819514443714	0.40703644474370837	1.0
331_O-123	2.0	2.0	0.8549336818077841	0.4028660632061274	1.0
332_O-123	2.0	2.0	0.8672816222000259	0.41086419753086423	1.0
333_O-123	2.0	2.0	0.8442723472086637	0.39600147056249013	1.0
334_O-123	2.0	2.0	0.8324707566707886	0.38844726120416484	1.0
335_O-123	2.0	2.0	0.8812908992306927	0.42000000000000004	1.0
336_O-123	2.0	2.0	0.8812908992306927	0.42000000000000004	1.0
337_O-123	2.0	2.0	0.843054496333918	0.39521975308641966	1.0
338_O-123	2.0	2.0	0.8517080431539843	0.4007851239669421	1.0
339_O-123	2.0	2.0	0.8681946065589183	0.41145758686349576	1.0
33_O-123	2.0	2.0	0.8345178669312221	0.38975425330812863	1.0
340_O-123	2.0	2.0	0.8640055843818898	0.4087372434922525	1.0
341_O-123	2.0	2.0	0.8718686865520275	0.4138483446066217	1.0
342_O-123	2.0	2.0	0.8672816222000259	0.41086419753086423	1.0
343_O-123	2.0	2.0	0.8256265261578954	0.384087791495199	1.0
344_O-123	2.0	2.0	0.8266133906425434	0.3847154029769644	1.0
345_O-123	2.0	2.0	0.8488687562058559	0.3989563168083494	1.0
346_O-123	2.0	2.0	0.8510340662036067	0.40035076530612246	1.0
347_O-123	2.0	2.0	0.8732984198823631	0.41477990068176085	1.0
348_O-123	2.0	2.0	0.8596472019757319	0.4059131377577616	1.0
349_O-123	2.0	2.0	0.8374782779405223	0.3916468489892986	1.0
34_O-123	2.0	2.0	0.894329906939531	0.4285616171790938	1.0
350_O-123	2.0	2.0	0.8311372122102247	0.38759661117717004	1.0
351_O-123	2.0	2.0	0.8304955225035798	0.3871875	1.0
352_O-123	2.0	2.0	0.8459170485484222	0.39705796735818666	1.0
353_O-123	2.0	2.0	0.843054496333918	0.39521975308641966	1.0
354_O-123	2.0	2.0	0.8806995695952105	0.4196130598146981	1.0
355_O-123	2.0	2.0	0.8366407419411673	0.3911111111111112	1.0
356_O-123	2.0	2.0	0.8622645802399519	0.4076083618271533	1.0
357_O-123	2.0	2.0	0.8362155583232854	0.3908392288476573	1.0
358_O-123	2.0	2.0	0.8032240938884349	0.36992951726585055	1.0
359_O-123	2.0	2.0	0.8366407419411673	0.3911111111111112	1.0
35_O-123	2.0	2.0	0.8524051786494786	0.4012345679012346	1.0
360_O-123	2.0	2.0	0.8698926856041563	0.4125619834710743	1.0
361_O-123	2.0	2.0	0.8382645294424325	0.3921499973739956	1.0
362_O-123	2.0	2.0	0.8732984198823631	0.41477990068176085	1.0
363_O-123	2.0	2.0	0.8192010975968838	0.3800095067940795	1.0
364_O-123	2.0	2.0	0.8760643678555243	0.41658401110890697	1.0
365_O-123	2.0	2.0	0.8715939873751148	0.41366943975313264	1.0
366_O-123	2.0	2.0	0.8571484374283717	0.404296875	1.0
367_O-123	2.0	2.0	0.8613240637090903	0.40699894431841166	1.0
368_O-123	2.0	2.0	0.864808465435047	0.4092581793319794	1.0
369_O-123	2.0	2.0	0.8732984198823631	0.41477990068176085	1.0
36_O-123	2.0	2.0	0.8865408928220898	0.4234404536862004	1.0
370_O-123	2.0	2.0	0.8664998383682041	0.4103563022481942	1.0
371_O-123	2.0	2.0	0.8497511372532974	0.3995243757431628	1.0
372_O-123	2.0	2.0	0.8824744521750666	0.42077481383730797	1.0
373_O-123	2.0	2.0	0.894329906939531	0.4285616171790938	1.0
374_O-123	2.0	2.0	0.8379181087502559	0.39192828562634663	1.0
375_O-123	2.0	2.0	0.8413376219643219	0.39411856840786275	1.0
376_O-123	2.0	2.0	0.8453509366224364	0.39669421487603307	1.0
377_O-123	2.0	2.0	0.8420183578564089	0.3945550664038755	1.0
378_O-123	2.0	2.0	0.8622645802399519	0.4076083618271533	1.0
379_O-123	2.0	2.0	0.8391568510451684	0.3927212758381591	1.0
37_O-123	2.0	2.0	0.8510340662036067	0.40035076530612246	1.0
380_O-123	2.0	2.0	0.8527483814429971	0.4014558909288344	1.0
381_O-123	2.0	2.0	0.8470237377980211	0.39776937618147445	1.0
382_O-123	2.0	2.0	0.8253993352041927	0.38394335262010526	1.0
383_O-123	2.0	2.0	0.8408400584625579	0.3937996219281663	1.0
384_O-123	2.0	2.0	0.9041605164013699	0.4350537246514983	1.0
385_O-123	2.0	2.0	0.8476183429401788	0.39815177382723776	1.0
386_O-123	2.0	2.0	0.8464482275175529	0.39739937175834616	1.0
387_O-123	2.0	2.0	0.8423846467835268	0.39479000084168003	1.0
388_O-123	2.0	2.0	0.8406115568873533	0.39365317653927157	1.0
389_O-123	2.0	2.0	0.8408400584625579	0.3937996219281663	1.0
38_O-123	2.0	2.0	0.8517080431539843	0.4007851239669421	1.0
390_O-123	2.0	2.0	0.8812908992306927	0.42000000000000004	1.0
391_O-123	2.0	2.0	0.8499682934488342	0.3996642165393829	1.0
392_O-123	2.0	2.0	0.8358043794634012	0.39057635985190375	1.0
393_O-123	2.0	2.0	0.8639510938364712	0.40870189601971707	1.0
394_O-123	2.0	2.0	0.8708644692353646	0.4131944444444444	1.0
395_O-123	2.0	2.0	0.8324707566707886	0.38844726120416484	1.0
396_O-123	2.0	2.0	0.8256265261578954	0.384087791495199	1.0
397_O-123	2.0	2.0	0.8301899714180443	0.3869927438860521	1.0
398_O-123	2.0	2.0	0.8547358171338015	0.4027383154402089	1.0
399_O-123	2.0	2.0	0.7963951684783156	0.36564764681382766	1.0
39_O-123	2.0	2.0	0.8408400584625579	0.3937996219281663	1.0
3_O-123	2.0	2.0	0.895691120538471	0.42945865556216545	1.0
400_O-123	2.0	2.0	0.8370527164735018	0.3913746049985636	1.0
401_O-123	2.0	2.0	0.8465022404644964	0.3974340927828832	1.0
402_O-123	2.0	2.0	0.869137580612638	0.4120707596253901	1.0
403_O-123	2.0	2.0	0.8878141835289391	0.4242762503336649	1.0
404_O-123	2.0	2.0	0.8387034444830611	0.39243096423721147	1.0
405_O-123	2.0	2.0	0.8557139755367106	0.4033699736283227	1.0
406_O-123	2.0	2.0	0.8401101022692878	0.3933318586740131	1.0
407_O-123	2.0	2.0	0.8708644692353646	0.4131944444444444	1.0
408_O-123	2.0	2.0	0.7975678165750102	0.3663817868428614	1.0
409_O-123	2.0	2.0	0.8380078505079931	0.39198571711961905	1.0
40_O-123	2.0	2.0	0.8520675888862432	0.401016903103107	1.0
410_O-123	2.0	2.0	0.8314743880097293	0.38781163434903054	1.0
411_O-123	2.0	2.0	0.8520675888862432	0.401016903103107	1.0
412_O-123	2.0	2.0	0.8464482275175529	0.39739937175834616	1.0
413_O-123	2.0	2.0	0.8758037157279309	0.41641389016962305	1.0
414_O-123	2.0	2.0	0.8577435372751958	0.40468161079150955	1.0
415_O-123	2.0	2.0	0.8524051786494786	0.4012345679012346	1.0
416_O-123	2.0	2.0	0.8622645802399519	0.4076083618271533	1.0
417_O-123	2.0	2.0	0.8331914274685457	0.38890721729511535	1.0
418_O-123	2.0	2.0	0.8605553930586319	0.4065010956902848	1.0
419_O-123	2.0	2.0	0.8379181087502559	0.39192828562634663	1.0
41_O-123	2.0	2.0	0.8743279638844103	0.4154511311031531	1.0
420_O-123	2.0	2.0	0.8683587934693187	0.4115643287623374	1.0
421_O-123	2.0	2.0	0.8564052389131377	0.4038165589412126	1.0
422_O-123	2.0	2.0	0.8317959433987773	0.38801673186675467	1.0
423_O-123	2.0	2.0	0.8514087087616563	0.40059219279998515	1.0
424_O-123	2.0	2.0	0.8656939941993219	0.4098329893038094	1.0
425_O-123	2.0	2.0	0.8693355789032744	0.4121995464852608	1.0
426_O-123	2.0	2.0	0.817815588435027	0.37913194444444454	1.0
427_O-123	2.0	2.0	0.8192010975968838	0.3800095067940795	1.0
428_O-123	2.0	2.0	0.8631205685666311	0.40816326530612246	1.0
429_O-123	2.0	2.0	0.8606341959387986	0.406552125245514	1.0
42_O-123	2.0	2.0	0.833764907210665	0.38927335640138394	1.0
430_O-123	2.0	2.0	0.8715939873751148	0.41366943975313264	1.0
431_O-123	2.0	2.0	0.8517080431539843	0.4007851239669421	1.0
432_O-123	2.0	2.0	0.8447760527227751	0.39632493622448983	1.0
433_O-123	2.0	2.0	0.8374782779405223	0.3916468489892986	1.0
434_O-123	2.0	2.0	0.8580784910809343	0.4048982126569505	1.0
435_O-123	2.0	2.0	0.8253714410380417	0.38392561983471074	1.0
436_O-123	2.0	2.0	0.8800891716251928	0.4192137639369473	1.0
437_O-123	2.0	2.0	0.8667256130949591	0.4105029585798816	1.0
438_O-123	2.0	2.0	0.8328250728673764	0.38867337568636273	1.0
439_O-123	2.0	2.0	0.848700815240681	0.39884822943879783	1.0
43_O-123	2.0	2.0	0.8698926856041563	0.4125619834710743	1.0
440_O-123	2.0	2.0	0.8453509366224364	0.39669421487603307	1.0
441_O-123	2.0	2.0	0.8795459503489894	0.4188585162058355	1.0
442_O-123	2.0	2.0	0.8459458471248849	0.39707647462277085	1.0
443_O-123	2.0	2.0	0.827506266987983	0.3852835251747757	1.0
444_O-123	2.0	2.0	0.8517080431539843	0.4007851239669421	1.0
445_O-123	2.0	2.0	0.8540435057114422	0.402291440254932	1.0
446_O-123	2.0	2.0	0.8413376219643219	0.39411856840786275	1.0
447_O-123	2.0	2.0	0.8892141218377504	0.42519579921680317	1.0
448_O-123	2.0	2.0	0.8163401867571671	0.3781981616902135	1.0
449_O-123	2.0	2.0	0.8605553930586319	0.4065010956902848	1.0
44_O-123	2.0	2.0	0.8370806572210341	0.3913924776314982	1.0
450_O-123	2.0	2.0	0.8588499879809652	0.40539725311186636	1.0
451_O-123	2.0	2.0	0.8556856300843986	0.4033516646848989	1.0
452_O-123	2.0	2.0	0.8447760527227751	0.39632493622448983	1.0
453_O-123	2.0	2.0	0.8240129902573334	0.38306234883095946	1.0
454_O-123	2.0	2.0	0.8112781244591328	0.375	1.0
455_O-123	2.0	2.0	0.8698926856041563	0.4125619834710743	1.0
456_O-123	2.0	2.0	0.8420183578564089	0.3945550664038755	1.0
457_O-123	2.0	2.0	0.8304955225035798	0.3871875	1.0
458_O-123	2.0	2.0	0.8396254776216393	0.39302140542218944	1.0
459_O-123	2.0	2.0	0.8537571733879294	0.4021066645782756	1.0
45_O-123	2.0	2.0	0.8534521929193547	0.4019098851149894	1.0
460_O-123	2.0	2.0	0.874697763355274	0.41569231487315916	1.0
461_O-123	2.0	2.0	0.8453509366224364	0.39669421487603307	1.0
462_O-123	2.0	2.0	0.8556856300843986	0.4033516646848989	1.0
463_O-123	2.0	2.0	0.8597555090200143	0.4059832406609758	1.0
464_O-123	2.0	2.0	0.8442202034297602	0.3959679901508155	1.0
465_O-123	2.0	2.0	0.8370527164735018	0.3913746049985636	1.0
466_O-123	2.0	2.0	0.8159429099599911	0.3779468512240467	1.0
467_O-123	2.0	2.0	0.880145474371324	0.4192505895711416	1.0
468_O-123	2.0	2.0	0.8374782779405223	0.3916468489892986	1.0
469_O-123	2.0	2.0	0.8639510938364712	0.40870189601971707	1.0
46_O-123	2.0	2.0	0.8308111022361421	0.3873886814133869	1.0
470_O-123	2.0	2.0	0.8442202034297602	0.3959679901508155	1.0
471_O-123	2.0	2.0	0.8664998383682041	0.4103563022481942	1.0
472_O-123	2.0	2.0	0.8520675888862432	0.401016903103107	1.0
473_O-123	2.0	2.0	0.8513243283039443	0.40053781216248985	1.0
474_O-123	2.0	2.0	0.799465120618994	0.36757059575287543	1.0
475_O-123	2.0	2.0	0.8420183578564089	0.3945550664038755	1.0
476_O-123	2.0	2.0	0.8510340662036067	0.40035076530612246	1.0
477_O-123	2.0	2.0	0.869137580612638	0.4120707596253901	1.0
478_O-123	2.0	2.0	0.8789274256388384	0.4184541420118344	1.0
479_O-123	2.0	2.0	0.8379181087502559	0.39192828562634663	1.0
47_O-123	2.0	2.0	0.8272448103704763	0.3851171368075952	1.0
480_O-123	2.0	2.0	0.8514087087616563	0.40059219279998515	1.0
481_O-123	2.0	2.0	0.8656146915156174	0.4097815020753388	1.0
482_O-123	2.0	2.0	0.8547358171338015	0.4027383154402089	1.0
483_O-123	2.0	2.0	0.8588499879809652	0.40539725311186636	1.0
484_O-123	2.0	2.0	0.8358043794634012	0.39057635985190375	1.0
485_O-123	2.0	2.0	0.8366407419411673	0.3911111111111112	1.0
486_O-123	2.0	2.0	0.872906966783969	0.4145247781065089	1.0
487_O-123	2.0	2.0	0.8656939941993219	0.4098329893038094	1.0
488_O-123	2.0	2.0	0.849324033956362	0.3992493827160495	1.0
489_O-123	2.0	2.0	0.8605553930586319	0.4065010956902848	1.0
48_O-123	2.0	2.0	0.8571484374283717	0.404296875	1.0
490_O-123	2.0	2.0	0.8464482275175529	0.39739937175834616	1.0
491_O-123	2.0	2.0	0.8231671109975643	0.38252512347209255	1.0
492_O-123	2.0	2.0	0.8588499879809652	0.40539725311186636	1.0
493_O-123	2.0	2.0	0.8244357520652581	0.3833309393852342	1.0
494_O-123	2.0	2.0	0.8435991516404613	0.3955692962879549	1.0
495_O-123	2.0	2.0	0.8918107543797082	0.42690311418685123	1.0
496_O-123	2.0	2.0	0.8666090766780092	0.41042725797728496	1.0
497_O-123	2.0	2.0	0.8379181087502559	0.39192828562634663	1.0
498_O-123	2.0	2.0	0.8807268550699424	0.4196309116778866	1.0
499_O-123	2.0	2.0	0.8858126995052983	0.42296270416630277	1.0
49_O-123	2.0	2.0	0.842527857585359	0.3948818672412806	1.0
4_O-123	2.0	2.0	0.8222285577888931	0.3819293237205852	1.0
500_O-123	2.0	2.0	0.8291562623385806	0.38633409888016534	1.0
501_O-123	2.0	2.0	0.8420183578564089	0.3945550664038755	1.0
502_O-123	2.0	2.0	0.8913851222607505	0.42662310338853004	1.0
503_O-123	2.0	2.0	0.864808465435047	0.4092581793319794	1.0
504_O-123	2.0	2.0	0.870625164230476	0.41303866958917324	1.0
505_O-123	2.0	2.0	0.8318232021339067	0.3880341198979591	1.0
506_O-123	2.0	2.0	0.8403586716091171	0.39349112426035515	1.0
507_O-123	2.0	2.0	0.8476183429401788	0.39815177382723776	1.0
508_O-123	2.0	2.0	0.8681946065589183	0.41145758686349576	1.0
509_O-123	2.0	2.0	0.8554508105601307	0.4032	1.0
50_O-123	2.0	2.0	0.8656939941993219	0.4098329893038094	1.0
510_O-123	2.0	2.0	0.8354065254460505	0.39032206377183143	1.0
511_O-123	2.0	2.0	0.8723016076886871	0.41413034656277903	1.0
512_O-123	2.0	2.0	0.8603817880391175	0.40638868343195256	1.0
513_O-123	2.0	2.0	0.8415251755600592	0.394238815004718	1.0
514_O-123	2.0	2.0	0.7908580905528101	0.3621875000000001	1.0
515_O-123	2.0	2.0	0.8577435372751958	0.40468161079150955	1.0
516_O-123	2.0	2.0	0.817815588435027	0.37913194444444454	1.0
517_O-123	2.0	2.0	0.8398926865109742	0.3931925711461055	1.0
518_O-123	2.0	2.0	0.8382645294424325	0.3921499973739956	1.0
519_O-123	2.0	2.0	0.8865408928220898	0.4234404536862004	1.0
51_O-123	2.0	2.0	0.8499682934488342	0.3996642165393829	1.0
520_O-123	2.0	2.0	0.8541802051521676	0.40237966468361286	1.0
521_O-123	2.0	2.0	0.8514087087616563	0.40059219279998515	1.0
522_O-123	2.0	2.0	0.8534521929193547	0.4019098851149894	1.0
523_O-123	2.0	2.0	0.8324707566707886	0.38844726120416484	1.0
524_O-123	2.0	2.0	0.872906966783969	0.4145247781065089	1.0
525_O-123	2.0	2.0	0.8277764248291762	0.38545547519906487	1.0
526_O-123	2.0	2.0	0.8448029889246228	0.3963422363060207	1.0
527_O-123	2.0	2.0	0.8513243283039443	0.40053781216248985	1.0
528_O-123	2.0	2.0	0.8640055843818898	0.4087372434922525	1.0
529_O-123	2.0	2.0	0.8554508105601307	0.4032	1.0
52_O-123	2.0	2.0	0.8778037341417048	0.4177198291206835	1.0
530_O-123	2.0	2.0	0.8721617883411699	0.41403926234384303	1.0
531_O-123	2.0	2.0	0.8732984198823631	0.41477990068176085	1.0
532_O-123	2.0	2.0	0.8580784910809343	0.4048982126569505	1.0
533_O-123	2.0	2.0	0.8681946065589183	0.41145758686349576	1.0
534_O-123	2.0	2.0	0.8614362250994667	0.40707160493827166	1.0
535_O-123	2.0	2.0	0.798659130358246	0.3670654296875	1.0
536_O-123	2.0	2.0	0.8209552679220007	0.3811215080937095	1.0
537_O-123	2.0	2.0	0.8681946065589183	0.41145758686349576	1.0
538_O-123	2.0	2.0	0.8547358171338015	0.4027383154402089	1.0
539_O-123	2.0	2.0	0.8589810370425963	0.4054820415879017	1.0
53_O-123	2.0	2.0	0.8527483814429971	0.4014558909288344	1.0
540_O-123	2.0	2.0	0.8571484374283717	0.404296875	1.0
541_O-123	2.0	2.0	0.8527483814429971	0.4014558909288344	1.0
542_O-123	2.0	2.0	0.895691120538471	0.42945865556216545	1.0
543_O-123	2.0	2.0	0.8904916402194913	0.42603550295857995	1.0
544_O-123	2.0	2.0	0.8311372122102247	0.38759661117717004	1.0
545_O-123	2.0	2.0	0.8552006772204057	0.40303846477569216	1.0
546_O-123	2.0	2.0	0.8605553930586319	0.4065010956902848	1.0
547_O-123	2.0	2.0	0.8605553930586319	0.4065010956902848	1.0
548_O-123	2.0	2.0	0.8596472019757319	0.4059131377577616	1.0
549_O-123	2.0	2.0	0.8291562623385806	0.38633409888016534	1.0
54_O-123	2.0	2.0	0.8596472019757319	0.4059131377577616	1.0
550_O-123	2.0	2.0	0.8420183578564089	0.3945550664038755	1.0
551_O-123	2.0	2.0	0.8049277932345738	0.371000251952633	1.0
552_O-123	2.0	2.0	0.8778037341417048	0.4177198291206835	1.0
553_O-123	2.0	2.0	0.8541802051521676	0.40237966468361286	1.0
554_O-123	2.0	2.0	0.8161734236545362	0.3780926636938069	1.0
555_O-123	2.0	2.0	0.8341351937169639	0.3895098254072613	1.0
556_O-123	2.0	2.0	0.8622365306847368	0.4075901825486943	1.0
557_O-123	2.0	2.0	0.8935711016541907	0.4280618311533888	1.0
558_O-123	2.0	2.0	0.8291562623385806	0.38633409888016534	1.0
559_O-123	2.0	2.0	0.8597555090200143	0.4059832406609758	1.0
55_O-123	2.0	2.0	0.8631205685666311	0.40816326530612246	1.0
560_O-123	2.0	2.0	0.8579163978157118	0.4047933884297521	1.0
561_O-123	2.0	2.0	0.8096829150280236	0.37399396783922834	1.0
562_O-123	2.0	2.0	0.8362155583232854	0.3908392288476573	1.0
563_O-123	2.0	2.0	0.8374782779405223	0.3916468489892986	1.0
564_O-123	2.0	2.0	0.8324707566707886	0.38844726120416484	1.0
565_O-123	2.0	2.0	0.8622909045747628	0.40762542320714057	1.0
566_O-123	2.0	2.0	0.863977473722477	0.4087190082644627	1.0
567_O-123	2.0	2.0	0.8571484374283717	0.404296875	1.0
568_O-123	2.0	2.0	0.8672816222000259	0.41086419753086423	1.0
569_O-123	2.0	2.0	0.8350213596129883	0.39007592844475814	1.0
56_O-123	2.0	2.0	0.818038653345236	0.37927318668252075	1.0
570_O-123	2.0	2.0	0.8378394231166107	0.39187793188707687	1.0
571_O-123	2.0	2.0	0.8418521897563208	0.3944485025566107	1.0
572_O-123	2.0	2.0	0.8520675888862432	0.401016903103107	1.0
573_O-123	2.0	2.0	0.8317959433987773	0.38801673186675467	1.0
574_O-123	2.0	2.0	0.864808465435047	0.4092581793319794	1.0
575_O-123	2.0	2.0	0.8530702874505077	0.40166351606805284	1.0
576_O-123	2.0	2.0	0.8800891716251928	0.4192137639369473	1.0
577_O-123	2.0	2.0	0.8350213596129883	0.39007592844475814	1.0
578_O-123	2.0	2.0	0.824887537655804	0.38361803631886726	1.0
579_O-123	2.0	2.0	0.8818640354893966	0.42037514602481874	1.0
57_O-123	2.0	2.0	0.826103559888341	0.38439112720688096	1.0
580_O-123	2.0	2.0	0.8614362250994667	0.40707160493827166	1.0
581_O-123	2.0	2.0	0.8891303862385062	0.42514077927325067	1.0
582_O-123	2.0	2.0	0.8453509366224364	0.39669421487603307	1.0
583_O-123	2.0	2.0	0.8398926865109742	0.3931925711461055	1.0
584_O-123	2.0	2.0	0.8435991516404613	0.3955692962879549	1.0
585_O-123	2.0	2.0	0.8436824610233312	0.395622770511296	1.0
586_O-123	2.0	2.0	0.8674140587310477	0.41095025671239793	1.0
587_O-123	2.0	2.0	0.8499682934488342	0.3996642165393829	1.0
588_O-123	2.0	2.0	0.8448029889246228	0.3963422363060207	1.0
589_O-123	2.0	2.0	0.873628663622596	0.41499517081826554	1.0
58_O-123	2.0	2.0	0.8211154105515291	0.3812230774662806	1.0
590_O-123	2.0	2.0	0.8750058871358356	0.41589330841597827	1.0
591_O-123	2.0	2.0	0.8341351937169639	0.3895098254072613	1.0
592_O-123	2.0	2.0	0.8453509366224364	0.39669421487603307	1.0
593_O-123	2.0	2.0	0.8723016076886871	0.41413034656277903	1.0
594_O-123	2.0	2.0	0.8534521929193547	0.4019098851149894	1.0
595_O-123	2.0	2.0	0.8436824610233312	0.395622770511296	1.0
596_O-123	2.0	2.0	0.8224042259549891	0.38204081632653053	1.0
597_O-123	2.0	2.0	0.8580784910809343	0.4048982126569505	1.0
598_O-123	2.0	2.0	0.8476183429401788	0.39815177382723776	1.0
599_O-123	2.0	2.0	0.8524051786494786	0.4012345679012346	1.0
59_O-123	2.0	2.0	0.8503821170987139	0.39993074792243766	1.0
5_O-123	2.0	2.0	0.8317959433987773	0.38801673186675467	1.0
600_O-123	2.0	2.0	0.8540435057114422	0.402291440254932	1.0
601_O-123	2.0	2.0	0.8835850861052531	0.4215023139907441	1.0
602_O-123	2.0	2.0	0.8605553930586319	0.4065010956902848	1.0
603_O-123	2.0	2.0	0.8631205685666311	0.40816326530612246	1.0
604_O-123	2.0	2.0	0.8622645802399519	0.4076083618271533	1.0
605_O-123	2.0	2.0	0.8589810370425963	0.4054820415879017	1.0
606_O-123	2.0	2.0	0.8112781244591328	0.375	1.0
607_O-123	2.0	2.0	0.8656939941993219	0.4098329893038094	1.0
608_O-123	2.0	2.0	0.8674140587310477	0.41095025671239793	1.0
609_O-123	2.0	2.0	0.8656939941993219	0.4098329893038094	1.0
60_O-123	2.0	2.0	0.8354065254460505	0.39032206377183143	1.0
610_O-123	2.0	2.0	0.8544669184854022	0.4025647268890513	1.0
611_O-123	2.0	2.0	0.8048243684904071	0.3709352237252861	1.0
612_O-123	2.0	2.0	0.8764918104671914	0.41686304081440284	1.0
613_O-123	2.0	2.0	0.8750058871358356	0.41589330841597827	1.0
614_O-123	2.0	2.0	0.8771581467462808	0.4172981387788741	1.0
615_O-123	2.0	2.0	0.8520675888862432	0.401016903103107	1.0
616_O-123	2.0	2.0	0.8818640354893966	0.42037514602481874	1.0
617_O-123	2.0	2.0	0.8429359403268015	0.3951436806708011	1.0
618_O-123	2.0	2.0	0.844162761825443	0.39593110917624075	1.0
619_O-123	2.0	2.0	0.8913851222607505	0.42662310338853004	1.0
61_O-123	2.0	2.0	0.8161734236545362	0.3780926636938069	1.0
620_O-123	2.0	2.0	0.8818640354893966	0.42037514602481874	1.0
621_O-123	2.0	2.0	0.8622645802399519	0.4076083618271533	1.0
622_O-123	2.0	2.0	0.8561896130828399	0.4036772383857825	1.0
623_O-123	2.0	2.0	0.8597555090200143	0.4059832406609758	1.0
624_O-123	2.0	2.0	0.8497511372532974	0.3995243757431628	1.0
625_O-123	2.0	2.0	0.8640055843818898	0.4087372434922525	1.0
626_O-123	2.0	2.0	0.843054496333918	0.39521975308641966	1.0
627_O-123	2.0	2.0	0.8698926856041563	0.4125619834710743	1.0
628_O-123	2.0	2.0	0.8382645294424325	0.3921499973739956	1.0
629_O-123	2.0	2.0	0.8853085029681067	0.422632016351834	1.0
62_O-123	2.0	2.0	0.8206501291977116	0.38092799999999993	1.0
630_O-123	2.0	2.0	0.8144326879441559	0.376992	1.0
631_O-123	2.0	2.0	0.8453509366224364	0.39669421487603307	1.0
632_O-123	2.0	2.0	0.8415251755600592	0.394238815004718	1.0
633_O-123	2.0	2.0	0.8579163978157118	0.4047933884297521	1.0
634_O-123	2.0	2.0	0.8715939873751148	0.41366943975313264	1.0
635_O-123	2.0	2.0	0.8520675888862432	0.401016903103107	1.0
636_O-123	2.0	2.0	0.8019325020834525	0.3691184424012981	1.0
637_O-123	2.0	2.0	0.8383729377099397	0.3922193877551021	1.0
638_O-123	2.0	2.0	0.8354065254460505	0.39032206377183143	1.0
639_O-123	2.0	2.0	0.822966749299497	0.38239790749507274	1.0
63_O-123	2.0	2.0	0.8426578772022391	0.3949652777777779	1.0
640_O-123	2.0	2.0	0.8476183429401788	0.39815177382723776	1.0
641_O-123	2.0	2.0	0.8382645294424325	0.3921499973739956	1.0
642_O-123	2.0	2.0	0.8506346734007164	0.4000934400815477	1.0
643_O-123	2.0	2.0	0.8524051786494786	0.4012345679012346	1.0
644_O-123	2.0	2.0	0.8225856209839526	0.38215595461510654	1.0
645_O-123	2.0	2.0	0.8552006772204057	0.40303846477569216	1.0
646_O-123	2.0	2.0	0.8718686865520275	0.4138483446066217	1.0
647_O-123	2.0	2.0	0.8753918540610234	0.4161451247165533	1.0
648_O-123	2.0	2.0	0.8354065254460505	0.39032206377183143	1.0
649_O-123	2.0	2.0	0.8732984198823631	0.41477990068176085	1.0
64_O-123	2.0	2.0	0.8517080431539843	0.4007851239669421	1.0
650_O-123	2.0	2.0	0.8453509366224364	0.39669421487603307	1.0
651_O-123	2.0	2.0	0.8552006772204057	0.40303846477569216	1.0
652_O-123	2.0	2.0	0.8464482275175529	0.39739937175834616	1.0
653_O-123	2.0	2.0	0.8246578332945033	0.38347205707491083	1.0
654_O-123	2.0	2.0	0.8718686865520275	0.4138483446066217	1.0
655_O-123	2.0	2.0	0.8571484374283717	0.404296875	1.0
656_O-123	2.0	2.0	0.8196004346196012	0.3802625622453599	1.0
657_O-123	2.0	2.0	0.8544669184854022	0.4025647268890513	1.0
658_O-123	2.0	2.0	0.8554508105601307	0.4032	1.0
659_O-123	2.0	2.0	0.826103559888341	0.38439112720688096	1.0
65_O-123	2.0	2.0	0.8225856209839526	0.38215595461510654	1.0
660_O-123	2.0	2.0	0.8436824610233312	0.395622770511296	1.0
661_O-123	2.0	2.0	0.833764907210665	0.38927335640138394	1.0
662_O-123	2.0	2.0	0.9165590271665273	0.4432870681092109	1.0
663_O-123	2.0	2.0	0.8503821170987139	0.39993074792243766	1.0
664_O-123	2.0	2.0	0.8401101022692878	0.3933318586740131	1.0
665_O-123	2.0	2.0	0.842527857585359	0.3948818672412806	1.0
666_O-123	2.0	2.0	0.8335704440023031	0.389149188602224	1.0
667_O-123	2.0	2.0	0.8622365306847368	0.4075901825486943	1.0
668_O-123	2.0	2.0	0.8358043794634012	0.39057635985190375	1.0
669_O-123	2.0	2.0	0.8571484374283717	0.404296875	1.0
66_O-123	2.0	2.0	0.8573314940115596	0.40441520961001487	1.0
670_O-123	2.0	2.0	0.8403586716091171	0.39349112426035515	1.0
671_O-123	2.0	2.0	0.8112781244591328	0.375	1.0
672_O-123	2.0	2.0	0.8631205685666311	0.40816326530612246	1.0
673_O-123	2.0	2.0	0.8564052389131377	0.4038165589412126	1.0
674_O-123	2.0	2.0	0.8718686865520275	0.4138483446066217	1.0
675_O-123	2.0	2.0	0.8288678180037643	0.3861503761987568	1.0
676_O-123	2.0	2.0	0.8904916402194913	0.42603550295857995	1.0
677_O-123	2.0	2.0	0.8554508105601307	0.4032	1.0
678_O-123	2.0	2.0	0.848700815240681	0.39884822943879783	1.0
679_O-123	2.0	2.0	0.8656939941993219	0.4098329893038094	1.0
67_O-123	2.0	2.0	0.8698926856041563	0.4125619834710743	1.0
680_O-123	2.0	2.0	0.8350213596129883	0.39007592844475814	1.0
681_O-123	2.0	2.0	0.863977473722477	0.4087190082644627	1.0
682_O-123	2.0	2.0	0.8892141218377504	0.42519579921680317	1.0
683_O-123	2.0	2.0	0.8631205685666311	0.40816326530612246	1.0
684_O-123	2.0	2.0	0.8244357520652581	0.3833309393852342	1.0
685_O-123	2.0	2.0	0.8510340662036067	0.40035076530612246	1.0
686_O-123	2.0	2.0	0.8341351937169639	0.3895098254072613	1.0
687_O-123	2.0	2.0	0.8345178669312221	0.38975425330812863	1.0
688_O-123	2.0	2.0	0.8345178669312221	0.38975425330812863	1.0
689_O-123	2.0	2.0	0.8453509366224364	0.39669421487603307	1.0
68_O-123	2.0	2.0	0.8413376219643219	0.39411856840786275	1.0
690_O-123	2.0	2.0	0.8605553930586319	0.4065010956902848	1.0
691_O-123	2.0	2.0	0.848700815240681	0.39884822943879783	1.0
692_O-123	2.0	2.0	0.8760643678555243	0.41658401110890697	1.0
693_O-123	2.0	2.0	0.8784295210402188	0.4181287182260681	1.0
694_O-123	2.0	2.0	0.8499682934488342	0.3996642165393829	1.0
695_O-123	2.0	2.0	0.869137580612638	0.4120707596253901	1.0
696_O-123	2.0	2.0	0.8812908992306927	0.42000000000000004	1.0
697_O-123	2.0	2.0	0.842527857585359	0.3948818672412806	1.0
698_O-123	2.0	2.0	0.8401101022692878	0.3933318586740131	1.0
699_O-123	2.0	2.0	0.8753918540610234	0.4161451247165533	1.0
69_O-123	2.0	2.0	0.8470237377980211	0.39776937618147445	1.0
6_O-123	2.0	2.0	0.8357467426696916	0.3905395168756838	1.0
700_O-123	2.0	2.0	0.8415251755600592	0.394238815004718	1.0
701_O-123	2.0	2.0	0.8743279638844103	0.4154511311031531	1.0
702_O-123	2.0	2.0	0.864808465435047	0.4092581793319794	1.0
703_O-123	2.0	2.0	0.8406115568873533	0.39365317653927157	1.0
704_O-123	2.0	2.0	0.8991644437439569	0.4317503457982479	1.0
705_O-123	2.0	2.0	0.864808465435047	0.4092581793319794	1.0
706_O-123	2.0	2.0	0.8527483814429971	0.4014558909288344	1.0
707_O-123	2.0	2.0	0.8283446404881286	0.3858172135641005	1.0
708_O-123	2.0	2.0	0.869137580612638	0.4120707596253901	1.0
709_O-123	2.0	2.0	0.8129318294585184	0.3760438367675636	1.0
70_O-123	2.0	2.0	0.8448029889246228	0.3963422363060207	1.0
710_O-123	2.0	2.0	0.8436824610233312	0.395622770511296	1.0
711_O-123	2.0	2.0	0.863977473722477	0.4087190082644627	1.0
712_O-123	2.0	2.0	0.868533960265235	0.4116782188615836	1.0
713_O-123	2.0	2.0	0.8362155583232854	0.3908392288476573	1.0
714_O-123	2.0	2.0	0.8596472019757319	0.4059131377577616	1.0
715_O-123	2.0	2.0	0.8403586716091171	0.39349112426035515	1.0
716_O-123	2.0	2.0	0.8442202034297602	0.3959679901508155	1.0
717_O-123	2.0	2.0	0.8824744521750666	0.42077481383730797	1.0
718_O-123	2.0	2.0	0.8715939873751148	0.41366943975313264	1.0
719_O-123	2.0	2.0	0.8988610370442901	0.4315499999999999	1.0
71_O-123	2.0	2.0	0.8544669184854022	0.4025647268890513	1.0
720_O-123	2.0	2.0	0.8579163978157118	0.4047933884297521	1.0
721_O-123	2.0	2.0	0.8366407419411673	0.3911111111111112	1.0
722_O-123	2.0	2.0	0.8892141218377504	0.42519579921680317	1.0
723_O-123	2.0	2.0	0.8544669184854022	0.4025647268890513	1.0
724_O-123	2.0	2.0	0.8853085029681067	0.422632016351834	1.0
725_O-123	2.0	2.0	0.8514087087616563	0.40059219279998515	1.0
726_O-123	2.0	2.0	0.8677059401846615	0.4111399461745482	1.0
727_O-123	2.0	2.0	0.8362155583232854	0.3908392288476573	1.0
728_O-123	2.0	2.0	0.8554508105601307	0.4032	1.0
729_O-123	2.0	2.0	0.827506266987983	0.3852835251747757	1.0
72_O-123	2.0	2.0	0.8447760527227751	0.39632493622448983	1.0
730_O-123	2.0	2.0	0.8362155583232854	0.3908392288476573	1.0
731_O-123	2.0	2.0	0.8596472019757319	0.4059131377577616	1.0
732_O-123	2.0	2.0	0.8718686865520275	0.4138483446066217	1.0
733_O-123	2.0	2.0	0.8192010975968838	0.3800095067940795	1.0
734_O-123	2.0	2.0	0.872594629943322	0.41432125473228776	1.0
735_O-123	2.0	2.0	0.8503821170987139	0.39993074792243766	1.0
736_O-123	2.0	2.0	0.880145474371324	0.4192505895711416	1.0
737_O-123	2.0	2.0	0.8622645802399519	0.4076083618271533	1.0
738_O-123	2.0	2.0	0.8631205685666311	0.40816326530612246	1.0
739_O-123	2.0	2.0	0.8534521929193547	0.4019098851149894	1.0
73_O-123	2.0	2.0	0.8408400584625579	0.3937996219281663	1.0
740_O-123	2.0	2.0	0.8308111022361421	0.3873886814133869	1.0
741_O-123	2.0	2.0	0.8656939941993219	0.4098329893038094	1.0
742_O-123	2.0	2.0	0.8379181087502559	0.39192828562634663	1.0
743_O-123	2.0	2.0	0.8436824610233312	0.395622770511296	1.0
744_O-123	2.0	2.0	0.8341351937169639	0.3895098254072613	1.0
745_O-123	2.0	2.0	0.8161734236545362	0.3780926636938069	1.0
746_O-123	2.0	2.0	0.8753918540610234	0.4161451247165533	1.0
747_O-123	2.0	2.0	0.8238116333123173	0.38293444328824133	1.0
748_O-123	2.0	2.0	0.8514087087616563	0.40059219279998515	1.0
749_O-123	2.0	2.0	0.849324033956362	0.3992493827160495	1.0
74_O-123	2.0	2.0	0.8436824610233312	0.395622770511296	1.0
750_O-123	2.0	2.0	0.8321278955930539	0.38822849740025556	1.0
751_O-123	2.0	2.0	0.822966749299497	0.38239790749507274	1.0
752_O-123	2.0	2.0	0.8918107543797082	0.42690311418685123	1.0
753_O-123	2.0	2.0	0.8387034444830611	0.39243096423721147	1.0
754_O-123	2.0	2.0	0.8503821170987139	0.39993074792243766	1.0
755_O-123	2.0	2.0	0.8453509366224364	0.39669421487603307	1.0
756_O-123	2.0	2.0	0.8453509366224364	0.39669421487603307	1.0
757_O-123	2.0	2.0	0.8552006772204057	0.40303846477569216	1.0
758_O-123	2.0	2.0	0.8308111022361421	0.3873886814133869	1.0
759_O-123	2.0	2.0	0.8301899714180443	0.3869927438860521	1.0
75_O-123	2.0	2.0	0.8664998383682041	0.4103563022481942	1.0
760_O-123	2.0	2.0	0.8674140587310477	0.41095025671239793	1.0
761_O-123	2.0	2.0	0.864808465435047	0.4092581793319794	1.0
762_O-123	2.0	2.0	0.8597555090200143	0.4059832406609758	1.0
763_O-123	2.0	2.0	0.8664998383682041	0.4103563022481942	1.0
764_O-123	2.0	2.0	0.8795459503489894	0.4188585162058355	1.0
765_O-123	2.0	2.0	0.8631205685666311	0.40816326530612246	1.0
766_O-123	2.0	2.0	0.8398926865109742	0.3931925711461055	1.0
767_O-123	2.0	2.0	0.8396254776216393	0.39302140542218944	1.0
768_O-123	2.0	2.0	0.8362155583232854	0.3908392288476573	1.0
769_O-123	2.0	2.0	0.8534521929193547	0.4019098851149894	1.0
76_O-123	2.0	2.0	0.8530702874505077	0.40166351606805284	1.0
770_O-123	2.0	2.0	0.8448029889246228	0.3963422363060207	1.0
771_O-123	2.0	2.0	0.8231671109975643	0.38252512347209255	1.0
772_O-123	2.0	2.0	0.872594629943322	0.41432125473228776	1.0
773_O-123	2.0	2.0	0.8622645802399519	0.4076083618271533	1.0
774_O-123	2.0	2.0	0.8406115568873533	0.39365317653927157	1.0
775_O-123	2.0	2.0	0.8656939941993219	0.4098329893038094	1.0
776_O-123	2.0	2.0	0.870625164230476	0.41303866958917324	1.0
777_O-123	2.0	2.0	0.8695470495987643	0.4123371108253051	1.0
778_O-123	2.0	2.0	0.8294543189027914	0.3865239735489694	1.0
779_O-123	2.0	2.0	0.8622645802399519	0.4076083618271533	1.0
77_O-123	2.0	2.0	0.8349135582554505	0.3900070483201503	1.0
780_O-123	2.0	2.0	0.8236165431592911	0.3828105316200554	1.0
781_O-123	2.0	2.0	0.8470237377980211	0.39776937618147445	1.0
782_O-123	2.0	2.0	0.8514087087616563	0.40059219279998515	1.0
783_O-123	2.0	2.0	0.8358043794634012	0.39057635985190375	1.0
784_O-123	2.0	2.0	0.8129318294585184	0.3760438367675636	1.0
785_O-123	2.0	2.0	0.8588499879809652	0.40539725311186636	1.0
786_O-123	2.0	2.0	0.8366407419411673	0.3911111111111112	1.0
787_O-123	2.0	2.0	0.8514087087616563	0.40059219279998515	1.0
788_O-123	2.0	2.0	0.8605553930586319	0.4065010956902848	1.0
789_O-123	2.0	2.0	0.869137580612638	0.4120707596253901	1.0
78_O-123	2.0	2.0	0.8391568510451684	0.3927212758381591	1.0
790_O-123	2.0	2.0	0.849324033956362	0.3992493827160495	1.0
791_O-123	2.0	2.0	0.8698926856041563	0.4125619834710743	1.0
792_O-123	2.0	2.0	0.8596472019757319	0.4059131377577616	1.0
793_O-123	2.0	2.0	0.8341351937169639	0.3895098254072613	1.0
794_O-123	2.0	2.0	0.8527483814429971	0.4014558909288344	1.0
795_O-123	2.0	2.0	0.8345178669312221	0.38975425330812863	1.0
796_O-123	2.0	2.0	0.8789274256388384	0.4184541420118344	1.0
797_O-123	2.0	2.0	0.8622645802399519	0.4076083618271533	1.0
798_O-123	2.0	2.0	0.8246578332945033	0.38347205707491083	1.0
799_O-123	2.0	2.0	0.8666090766780092	0.41042725797728496	1.0
79_O-123	2.0	2.0	0.8711195354090137	0.4133604999885534	1.0
7_O-123	2.0	2.0	0.827506266987983	0.3852835251747757	1.0
800_O-123	2.0	2.0	0.8683587934693187	0.4115643287623374	1.0
801_O-123	2.0	2.0	0.876716288999464	0.41700960219478733	1.0
802_O-123	2.0	2.0	0.8639510938364712	0.40870189601971707	1.0
803_O-123	2.0	2.0	0.8447760527227751	0.39632493622448983	1.0
804_O-123	2.0	2.0	0.8420183578564089	0.3945550664038755	1.0
805_O-123	2.0	2.0	0.8403586716091171	0.39349112426035515	1.0
806_O-123	2.0	2.0	0.8835850861052531	0.4215023139907441	1.0
807_O-123	2.0	2.0	0.8491401345637986	0.39913099683998854	1.0
808_O-123	2.0	2.0	0.8605553930586319	0.4065010956902848	1.0
809_O-123	2.0	2.0	0.8711195354090137	0.4133604999885534	1.0
80_O-123	2.0	2.0	0.8537571733879294	0.4021066645782756	1.0
810_O-123	2.0	2.0	0.8631205685666311	0.40816326530612246	1.0
811_O-123	2.0	2.0	0.8374782779405223	0.3916468489892986	1.0
812_O-123	2.0	2.0	0.8491401345637986	0.39913099683998854	1.0
813_O-123	2.0	2.0	0.8683587934693187	0.4115643287623374	1.0
814_O-123	2.0	2.0	0.849324033956362	0.3992493827160495	1.0
815_O-123	2.0	2.0	0.8097081961829472	0.3740099048571295	1.0
816_O-123	2.0	2.0	0.8527483814429971	0.4014558909288344	1.0
817_O-123	2.0	2.0	0.8606341959387986	0.406552125245514	1.0
818_O-123	2.0	2.0	0.8366407419411673	0.3911111111111112	1.0
819_O-123	2.0	2.0	0.8818640354893966	0.42037514602481874	1.0
81_O-123	2.0	2.0	0.8580784910809343	0.4048982126569505	1.0
820_O-123	2.0	2.0	0.8544669184854022	0.4025647268890513	1.0
821_O-123	2.0	2.0	0.8711195354090137	0.4133604999885534	1.0
822_O-123	2.0	2.0	0.8476183429401788	0.39815177382723776	1.0
823_O-123	2.0	2.0	0.8530702874505077	0.40166351606805284	1.0
824_O-123	2.0	2.0	0.8664998383682041	0.4103563022481942	1.0
825_O-123	2.0	2.0	0.8648629720199451	0.40929355281207136	1.0
826_O-123	2.0	2.0	0.8715939873751148	0.41366943975313264	1.0
827_O-123	2.0	2.0	0.8524051786494786	0.4012345679012346	1.0
828_O-123	2.0	2.0	0.8875124091463353	0.4240781150124534	1.0
829_O-123	2.0	2.0	0.8258611443461177	0.38423697064127027	1.0
82_O-123	2.0	2.0	0.8649832752018336	0.40937163023233025	1.0
830_O-123	2.0	2.0	0.8587103706410478	0.40530692729766815	1.0
831_O-123	2.0	2.0	0.8415251755600592	0.394238815004718	1.0
832_O-123	2.0	2.0	0.8301899714180443	0.3869927438860521	1.0
833_O-123	2.0	2.0	0.8503821170987139	0.39993074792243766	1.0
834_O-123	2.0	2.0	0.8510340662036067	0.40035076530612246	1.0
835_O-123	2.0	2.0	0.872594629943322	0.41432125473228776	1.0
836_O-123	2.0	2.0	0.8366407419411673	0.3911111111111112	1.0
837_O-123	2.0	2.0	0.8614362250994667	0.40707160493827166	1.0
838_O-123	2.0	2.0	0.8547358171338015	0.4027383154402089	1.0
839_O-123	2.0	2.0	0.8790363991859846	0.418525376651797	1.0
83_O-123	2.0	2.0	0.8459170485484222	0.39705796735818666	1.0
840_O-123	2.0	2.0	0.8674140587310477	0.41095025671239793	1.0
841_O-123	2.0	2.0	0.8580784910809343	0.4048982126569505	1.0
842_O-123	2.0	2.0	0.8458909094087717	0.3970411694089401	1.0
843_O-123	2.0	2.0	0.8465022404644964	0.3974340927828832	1.0
844_O-123	2.0	2.0	0.8711195354090137	0.4133604999885534	1.0
845_O-123	2.0	2.0	0.8370527164735018	0.3913746049985636	1.0
846_O-123	2.0	2.0	0.8571484374283717	0.404296875	1.0
847_O-123	2.0	2.0	0.8403586716091171	0.39349112426035515	1.0
848_O-123	2.0	2.0	0.8192010975968838	0.3800095067940795	1.0
849_O-123	2.0	2.0	0.822966749299497	0.38239790749507274	1.0
84_O-123	2.0	2.0	0.863977473722477	0.4087190082644627	1.0
850_O-123	2.0	2.0	0.8321278955930539	0.38822849740025556	1.0
851_O-123	2.0	2.0	0.8887619165202824	0.42489869737414443	1.0
852_O-123	2.0	2.0	0.8447760527227751	0.39632493622448983	1.0
853_O-123	2.0	2.0	0.874697763355274	0.41569231487315916	1.0
854_O-123	2.0	2.0	0.8818640354893966	0.42037514602481874	1.0
855_O-123	2.0	2.0	0.8830384585068289	0.4211442045740711	1.0
856_O-123	2.0	2.0	0.8442202034297602	0.3959679901508155	1.0
857_O-123	2.0	2.0	0.8321278955930539	0.38822849740025556	1.0
858_O-123	2.0	2.0	0.8362155583232854	0.3908392288476573	1.0
859_O-123	2.0	2.0	0.8715939873751148	0.41366943975313264	1.0
85_O-123	2.0	2.0	0.8892141218377504	0.42519579921680317	1.0
860_O-123	2.0	2.0	0.8398926865109742	0.3931925711461055	1.0
861_O-123	2.0	2.0	0.8887619165202824	0.42489869737414443	1.0
862_O-123	2.0	2.0	0.8771581467462808	0.4172981387788741	1.0
863_O-123	2.0	2.0	0.8453509366224364	0.39669421487603307	1.0
864_O-123	2.0	2.0	0.8547358171338015	0.4027383154402089	1.0
865_O-123	2.0	2.0	0.8244357520652581	0.3833309393852342	1.0
866_O-123	2.0	2.0	0.8605553930586319	0.4065010956902848	1.0
867_O-123	2.0	2.0	0.8605553930586319	0.4065010956902848	1.0
868_O-123	2.0	2.0	0.8847885006763795	0.422291050295858	1.0
869_O-123	2.0	2.0	0.8470237377980211	0.39776937618147445	1.0
86_O-123	2.0	2.0	0.8718686865520275	0.4138483446066217	1.0
870_O-123	2.0	2.0	0.8370527164735018	0.3913746049985636	1.0
871_O-123	2.0	2.0	0.8288678180037643	0.3861503761987568	1.0
872_O-123	2.0	2.0	0.8760643678555243	0.41658401110890697	1.0
873_O-123	2.0	2.0	0.8415251755600592	0.394238815004718	1.0
874_O-123	2.0	2.0	0.8277764248291762	0.38545547519906487	1.0
875_O-123	2.0	2.0	0.8534521929193547	0.4019098851149894	1.0
876_O-123	2.0	2.0	0.8453509366224364	0.39669421487603307	1.0
877_O-123	2.0	2.0	0.876716288999464	0.41700960219478733	1.0
878_O-123	2.0	2.0	0.8614362250994667	0.40707160493827166	1.0
879_O-123	2.0	2.0	0.8354065254460505	0.39032206377183143	1.0
87_O-123	2.0	2.0	0.804492844152443	0.3707268026429187	1.0
880_O-123	2.0	2.0	0.8622365306847368	0.4075901825486943	1.0
881_O-123	2.0	2.0	0.8614362250994667	0.40707160493827166	1.0
882_O-123	2.0	2.0	0.8622645802399519	0.4076083618271533	1.0
883_O-123	2.0	2.0	0.8622645802399519	0.4076083618271533	1.0
884_O-123	2.0	2.0	0.8517080431539843	0.4007851239669421	1.0
885_O-123	2.0	2.0	0.8580784910809343	0.4048982126569505	1.0
886_O-123	2.0	2.0	0.8112781244591328	0.375	1.0
887_O-123	2.0	2.0	0.8510340662036067	0.40035076530612246	1.0
888_O-123	2.0	2.0	0.8597555090200143	0.4059832406609758	1.0
889_O-123	2.0	2.0	0.8614362250994667	0.40707160493827166	1.0
88_O-123	2.0	2.0	0.8666090766780092	0.41042725797728496	1.0
890_O-123	2.0	2.0	0.8517080431539843	0.4007851239669421	1.0
891_O-123	2.0	2.0	0.8554508105601307	0.4032	1.0
892_O-123	2.0	2.0	0.8476183429401788	0.39815177382723776	1.0
893_O-123	2.0	2.0	0.8520675888862432	0.401016903103107	1.0
894_O-123	2.0	2.0	0.8269916414523996	0.3849560446823981	1.0
895_O-123	2.0	2.0	0.8205046630531412	0.38083576167152344	1.0
896_O-123	2.0	2.0	0.828055725379504	0.3856332703213612	1.0
897_O-123	2.0	2.0	0.8732984198823631	0.41477990068176085	1.0
898_O-123	2.0	2.0	0.8571484374283717	0.404296875	1.0
899_O-123	2.0	2.0	0.849324033956362	0.3992493827160495	1.0
89_O-123	2.0	2.0	0.8470237377980211	0.39776937618147445	1.0
8_O-123	2.0	2.0	0.8382645294424325	0.3921499973739956	1.0
900_O-123	2.0	2.0	0.843054496333918	0.39521975308641966	1.0
901_O-123	2.0	2.0	0.8573314940115596	0.40441520961001487	1.0
902_O-123	2.0	2.0	0.8514087087616563	0.40059219279998515	1.0
903_O-123	2.0	2.0	0.8503821170987139	0.39993074792243766	1.0
904_O-123	2.0	2.0	0.8350213596129883	0.39007592844475814	1.0
905_O-123	2.0	2.0	0.842527857585359	0.3948818672412806	1.0
906_O-123	2.0	2.0	0.8206501291977116	0.38092799999999993	1.0
907_O-123	2.0	2.0	0.8464482275175529	0.39739937175834616	1.0
908_O-123	2.0	2.0	0.8488687562058559	0.3989563168083494	1.0
909_O-123	2.0	2.0	0.8715939873751148	0.41366943975313264	1.0
90_O-123	2.0	2.0	0.8870341576828725	0.42376417233560093	1.0
910_O-123	2.0	2.0	0.8855064177280263	0.4227618128264151	1.0
911_O-123	2.0	2.0	0.8112781244591328	0.375	1.0
912_O-123	2.0	2.0	0.8760643678555243	0.41658401110890697	1.0
913_O-123	2.0	2.0	0.869137580612638	0.4120707596253901	1.0
914_O-123	2.0	2.0	0.8477338446831376	0.3982260681449432	1.0
915_O-123	2.0	2.0	0.8631205685666311	0.40816326530612246	1.0
916_O-123	2.0	2.0	0.8613819514443714	0.40703644474370837	1.0
917_O-123	2.0	2.0	0.8795459503489894	0.4188585162058355	1.0
918_O-123	2.0	2.0	0.8689518071600058	0.4119499362244897	1.0
919_O-123	2.0	2.0	0.8535457524356883	0.40197024826118155	1.0
91_O-123	2.0	2.0	0.8341351937169639	0.3895098254072613	1.0
920_O-123	2.0	2.0	0.8698926856041563	0.4125619834710743	1.0
921_O-123	2.0	2.0	0.8664998383682041	0.4103563022481942	1.0
922_O-123	2.0	2.0	0.8648629720199451	0.40929355281207136	1.0
923_O-123	2.0	2.0	0.8715939873751148	0.41366943975313264	1.0
924_O-123	2.0	2.0	0.8547358171338015	0.4027383154402089	1.0
925_O-123	2.0	2.0	0.8497511372532974	0.3995243757431628	1.0
926_O-123	2.0	2.0	0.8294543189027914	0.3865239735489694	1.0
927_O-123	2.0	2.0	0.8314743880097293	0.38781163434903054	1.0
928_O-123	2.0	2.0	0.8585613163548983	0.4052105034225407	1.0
929_O-123	2.0	2.0	0.8514087087616563	0.40059219279998515	1.0
92_O-123	2.0	2.0	0.8436824610233312	0.395622770511296	1.0
930_O-123	2.0	2.0	0.8408400584625579	0.3937996219281663	1.0
931_O-123	2.0	2.0	0.8470237377980211	0.39776937618147445	1.0
932_O-123	2.0	2.0	0.8161734236545362	0.3780926636938069	1.0
933_O-123	2.0	2.0	0.8350213596129883	0.39007592844475814	1.0
934_O-123	2.0	2.0	0.8362155583232854	0.3908392288476573	1.0
935_O-123	2.0	2.0	0.8145364473845275	0.3770575780342873	1.0
936_O-123	2.0	2.0	0.7921703563573823	0.363006591796875	1.0
937_O-123	2.0	2.0	0.8482330061348384	0.39854719584449305	1.0
938_O-123	2.0	2.0	0.8506346734007164	0.4000934400815477	1.0
939_O-123	2.0	2.0	0.8580784910809343	0.4048982126569505	1.0
93_O-123	2.0	2.0	0.8464482275175529	0.39739937175834616	1.0
940_O-123	2.0	2.0	0.8698926856041563	0.4125619834710743	1.0
941_O-123	2.0	2.0	0.8403586716091171	0.39349112426035515	1.0
942_O-123	2.0	2.0	0.8476183429401788	0.39815177382723776	1.0
943_O-123	2.0	2.0	0.8358043794634012	0.39057635985190375	1.0
944_O-123	2.0	2.0	0.8288678180037643	0.3861503761987568	1.0
945_O-123	2.0	2.0	0.8324707566707886	0.38844726120416484	1.0
946_O-123	2.0	2.0	0.8503821170987139	0.39993074792243766	1.0
947_O-123	2.0	2.0	0.8561896130828399	0.4036772383857825	1.0
948_O-123	2.0	2.0	0.8648629720199451	0.40929355281207136	1.0
949_O-123	2.0	2.0	0.8674140587310477	0.41095025671239793	1.0
94_O-123	2.0	2.0	0.8304955225035798	0.3871875	1.0
950_O-123	2.0	2.0	0.9129992135852474	0.44091796875	1.0
951_O-123	2.0	2.0	0.8750058871358356	0.41589330841597827	1.0
952_O-123	2.0	2.0	0.8362155583232854	0.3908392288476573	1.0
953_O-123	2.0	2.0	0.8506346734007164	0.4000934400815477	1.0
954_O-123	2.0	2.0	0.8517080431539843	0.4007851239669421	1.0
955_O-123	2.0	2.0	0.8569534272193788	0.40417082545817484	1.0
956_O-123	2.0	2.0	0.8453509366224364	0.39669421487603307	1.0
957_O-123	2.0	2.0	0.8382645294424325	0.3921499973739956	1.0
958_O-123	2.0	2.0	0.8387034444830611	0.39243096423721147	1.0
959_O-123	2.0	2.0	0.8631205685666311	0.40816326530612246	1.0
95_O-123	2.0	2.0	0.8544669184854022	0.4025647268890513	1.0
960_O-123	2.0	2.0	0.8272448103704763	0.3851171368075952	1.0
961_O-123	2.0	2.0	0.8503821170987139	0.39993074792243766	1.0
962_O-123	2.0	2.0	0.8256265261578954	0.384087791495199	1.0
963_O-123	2.0	2.0	0.869137580612638	0.4120707596253901	1.0
964_O-123	2.0	2.0	0.8436824610233312	0.395622770511296	1.0
965_O-123	2.0	2.0	0.8408400584625579	0.3937996219281663	1.0
966_O-123	2.0	2.0	0.8771581467462808	0.4172981387788741	1.0
967_O-123	2.0	2.0	0.8453509366224364	0.39669421487603307	1.0
968_O-123	2.0	2.0	0.8366407419411673	0.3911111111111112	1.0
969_O-123	2.0	2.0	0.8488687562058559	0.3989563168083494	1.0
96_O-123	2.0	2.0	0.842527857585359	0.3948818672412806	1.0
970_O-123	2.0	2.0	0.8214521380842135	0.38143667296786377	1.0
971_O-123	2.0	2.0	0.8674140587310477	0.41095025671239793	1.0
972_O-123	2.0	2.0	0.8291562623385806	0.38633409888016534	1.0
973_O-123	2.0	2.0	0.8391568510451684	0.3927212758381591	1.0
974_O-123	2.0	2.0	0.8547358171338015	0.4027383154402089	1.0
975_O-123	2.0	2.0	0.8769484281585035	0.4171611827984141	1.0
976_O-123	2.0	2.0	0.842527857585359	0.3948818672412806	1.0
977_O-123	2.0	2.0	0.8614362250994667	0.40707160493827166	1.0
978_O-123	2.0	2.0	0.842527857585359	0.3948818672412806	1.0
979_O-123	2.0	2.0	0.8453509366224364	0.39669421487603307	1.0
97_O-123	2.0	2.0	0.8561896130828399	0.4036772383857825	1.0
980_O-123	2.0	2.0	0.8773485430995097	0.41742248910573176	1.0
981_O-123	2.0	2.0	0.8387034444830611	0.39243096423721147	1.0
982_O-123	2.0	2.0	0.8379181087502559	0.39192828562634663	1.0
983_O-123	2.0	2.0	0.869137580612638	0.4120707596253901	1.0
984_O-123	2.0	2.0	0.8227730274995235	0.3822749203297191	1.0
985_O-123	2.0	2.0	0.8194629238662932	0.3801754170970397	1.0
986_O-123	2.0	2.0	0.8423846467835268	0.39479000084168003	1.0
987_O-123	2.0	2.0	0.8527483814429971	0.4014558909288344	1.0
988_O-123	2.0	2.0	0.8631205685666311	0.40816326530612246	1.0
989_O-123	2.0	2.0	0.8569534272193788	0.40417082545817484	1.0
98_O-123	2.0	2.0	0.8561896130828399	0.4036772383857825	1.0
990_O-123	2.0	2.0	0.8648629720199451	0.40929355281207136	1.0
991_O-123	2.0	2.0	0.8614362250994667	0.40707160493827166	1.0
992_O-123	2.0	2.0	0.8698926856041563	0.4125619834710743	1.0
993_O-123	2.0	2.0	0.8317959433987773	0.38801673186675467	1.0
994_O-123	2.0	2.0	0.869137580612638	0.4120707596253901	1.0
995_O-123	2.0	2.0	0.8396254776216393	0.39302140542218944	1.0
996_O-123	2.0	2.0	0.8063495153650777	0.3718945282731292	1.0
997_O-123	2.0	2.0	0.8246578332945033	0.38347205707491083	1.0
998_O-123	2.0	2.0	0.8887619165202824	0.42489869737414443	1.0
999_O-123	2.0	2.0	0.8311372122102247	0.38759661117717004	1.0
99_O-123	2.0	2.0	0.8715939873751148	0.41366943975313264	1.0
9_O-123	2.0	2.0	0.8297624760087331	0.38672031425792786	1.0
