	chao1	observed_otus	shannon	simpson	goods_coverage
1000_H-118	0.0	0.0	nan	nan	nan
100_H-118	1.0	1.0	-0.0	0.0	0.0
101_H-118	1.0	1.0	-0.0	0.0	0.0
102_H-118	1.0	1.0	-0.0	0.0	0.0
103_H-118	1.0	1.0	-0.0	0.0	1.0
104_H-118	0.0	0.0	nan	nan	nan
105_H-118	0.0	0.0	nan	nan	nan
106_H-118	1.0	1.0	-0.0	0.0	0.0
107_H-118	1.0	1.0	-0.0	0.0	0.0
108_H-118	0.0	0.0	nan	nan	nan
109_H-118	1.0	1.0	-0.0	0.0	1.0
10_H-118	0.0	0.0	nan	nan	nan
110_H-118	1.0	1.0	-0.0	0.0	0.0
111_H-118	0.0	0.0	nan	nan	nan
112_H-118	0.0	0.0	nan	nan	nan
113_H-118	0.0	0.0	nan	nan	nan
114_H-118	0.0	0.0	nan	nan	nan
115_H-118	0.0	0.0	nan	nan	nan
116_H-118	0.0	0.0	nan	nan	nan
117_H-118	0.0	0.0	nan	nan	nan
118_H-118	1.0	1.0	-0.0	0.0	1.0
119_H-118	1.0	1.0	-0.0	0.0	0.0
11_H-118	1.0	1.0	-0.0	0.0	0.0
120_H-118	0.0	0.0	nan	nan	nan
121_H-118	0.0	0.0	nan	nan	nan
122_H-118	1.0	1.0	-0.0	0.0	1.0
123_H-118	1.0	1.0	-0.0	0.0	0.0
124_H-118	0.0	0.0	nan	nan	nan
125_H-118	1.0	1.0	-0.0	0.0	0.0
126_H-118	0.0	0.0	nan	nan	nan
127_H-118	1.0	1.0	-0.0	0.0	0.0
128_H-118	1.0	1.0	-0.0	0.0	0.0
129_H-118	1.0	1.0	-0.0	0.0	1.0
12_H-118	1.0	1.0	-0.0	0.0	0.0
130_H-118	1.0	1.0	-0.0	0.0	0.0
131_H-118	0.0	0.0	nan	nan	nan
132_H-118	0.0	0.0	nan	nan	nan
133_H-118	1.0	1.0	-0.0	0.0	1.0
134_H-118	1.0	1.0	-0.0	0.0	0.0
135_H-118	1.0	1.0	-0.0	0.0	0.0
136_H-118	0.0	0.0	nan	nan	nan
137_H-118	1.0	1.0	-0.0	0.0	0.0
138_H-118	0.0	0.0	nan	nan	nan
139_H-118	1.0	1.0	-0.0	0.0	0.0
13_H-118	0.0	0.0	nan	nan	nan
140_H-118	0.0	0.0	nan	nan	nan
141_H-118	1.0	1.0	-0.0	0.0	0.0
142_H-118	1.0	1.0	-0.0	0.0	0.0
143_H-118	0.0	0.0	nan	nan	nan
144_H-118	1.0	1.0	-0.0	0.0	0.0
145_H-118	0.0	0.0	nan	nan	nan
146_H-118	1.0	1.0	-0.0	0.0	0.0
147_H-118	0.0	0.0	nan	nan	nan
148_H-118	1.0	1.0	-0.0	0.0	0.0
149_H-118	0.0	0.0	nan	nan	nan
14_H-118	0.0	0.0	nan	nan	nan
150_H-118	1.0	1.0	-0.0	0.0	0.0
151_H-118	1.0	1.0	-0.0	0.0	0.0
152_H-118	1.0	1.0	-0.0	0.0	0.0
153_H-118	0.0	0.0	nan	nan	nan
154_H-118	1.0	1.0	-0.0	0.0	0.0
155_H-118	0.0	0.0	nan	nan	nan
156_H-118	0.0	0.0	nan	nan	nan
157_H-118	0.0	0.0	nan	nan	nan
158_H-118	1.0	1.0	-0.0	0.0	1.0
159_H-118	1.0	1.0	-0.0	0.0	0.0
15_H-118	0.0	0.0	nan	nan	nan
160_H-118	0.0	0.0	nan	nan	nan
161_H-118	0.0	0.0	nan	nan	nan
162_H-118	0.0	0.0	nan	nan	nan
163_H-118	0.0	0.0	nan	nan	nan
164_H-118	1.0	1.0	-0.0	0.0	0.0
165_H-118	0.0	0.0	nan	nan	nan
166_H-118	1.0	1.0	-0.0	0.0	0.0
167_H-118	1.0	1.0	-0.0	0.0	0.0
168_H-118	1.0	1.0	-0.0	0.0	1.0
169_H-118	0.0	0.0	nan	nan	nan
16_H-118	1.0	1.0	-0.0	0.0	1.0
170_H-118	1.0	1.0	-0.0	0.0	0.0
171_H-118	0.0	0.0	nan	nan	nan
172_H-118	0.0	0.0	nan	nan	nan
173_H-118	0.0	0.0	nan	nan	nan
174_H-118	0.0	0.0	nan	nan	nan
175_H-118	0.0	0.0	nan	nan	nan
176_H-118	1.0	1.0	-0.0	0.0	1.0
177_H-118	0.0	0.0	nan	nan	nan
178_H-118	0.0	0.0	nan	nan	nan
179_H-118	1.0	1.0	-0.0	0.0	0.0
17_H-118	0.0	0.0	nan	nan	nan
180_H-118	1.0	1.0	-0.0	0.0	0.0
181_H-118	0.0	0.0	nan	nan	nan
182_H-118	1.0	1.0	-0.0	0.0	1.0
183_H-118	1.0	1.0	-0.0	0.0	0.0
184_H-118	0.0	0.0	nan	nan	nan
185_H-118	1.0	1.0	-0.0	0.0	0.0
186_H-118	0.0	0.0	nan	nan	nan
187_H-118	0.0	0.0	nan	nan	nan
188_H-118	0.0	0.0	nan	nan	nan
189_H-118	1.0	1.0	-0.0	0.0	0.0
18_H-118	0.0	0.0	nan	nan	nan
190_H-118	0.0	0.0	nan	nan	nan
191_H-118	0.0	0.0	nan	nan	nan
192_H-118	0.0	0.0	nan	nan	nan
193_H-118	0.0	0.0	nan	nan	nan
194_H-118	1.0	1.0	-0.0	0.0	1.0
195_H-118	0.0	0.0	nan	nan	nan
196_H-118	0.0	0.0	nan	nan	nan
197_H-118	1.0	1.0	-0.0	0.0	0.0
198_H-118	0.0	0.0	nan	nan	nan
199_H-118	1.0	1.0	-0.0	0.0	0.0
19_H-118	0.0	0.0	nan	nan	nan
1_H-118	0.0	0.0	nan	nan	nan
200_H-118	0.0	0.0	nan	nan	nan
201_H-118	1.0	1.0	-0.0	0.0	0.0
202_H-118	0.0	0.0	nan	nan	nan
203_H-118	0.0	0.0	nan	nan	nan
204_H-118	0.0	0.0	nan	nan	nan
205_H-118	1.0	1.0	-0.0	0.0	1.0
206_H-118	0.0	0.0	nan	nan	nan
207_H-118	1.0	1.0	-0.0	0.0	0.0
208_H-118	0.0	0.0	nan	nan	nan
209_H-118	1.0	1.0	-0.0	0.0	0.0
20_H-118	0.0	0.0	nan	nan	nan
210_H-118	1.0	1.0	-0.0	0.0	0.0
211_H-118	0.0	0.0	nan	nan	nan
212_H-118	1.0	1.0	-0.0	0.0	0.0
213_H-118	1.0	1.0	-0.0	0.0	0.0
214_H-118	1.0	1.0	-0.0	0.0	0.0
215_H-118	1.0	1.0	-0.0	0.0	0.0
216_H-118	1.0	1.0	-0.0	0.0	0.0
217_H-118	0.0	0.0	nan	nan	nan
218_H-118	0.0	0.0	nan	nan	nan
219_H-118	1.0	1.0	-0.0	0.0	0.0
21_H-118	0.0	0.0	nan	nan	nan
220_H-118	0.0	0.0	nan	nan	nan
221_H-118	1.0	1.0	-0.0	0.0	0.0
222_H-118	1.0	1.0	-0.0	0.0	1.0
223_H-118	0.0	0.0	nan	nan	nan
224_H-118	0.0	0.0	nan	nan	nan
225_H-118	1.0	1.0	-0.0	0.0	0.0
226_H-118	0.0	0.0	nan	nan	nan
227_H-118	1.0	1.0	-0.0	0.0	0.0
228_H-118	1.0	1.0	-0.0	0.0	1.0
229_H-118	0.0	0.0	nan	nan	nan
22_H-118	1.0	1.0	-0.0	0.0	0.0
230_H-118	0.0	0.0	nan	nan	nan
231_H-118	1.0	1.0	-0.0	0.0	0.0
232_H-118	1.0	1.0	-0.0	0.0	1.0
233_H-118	0.0	0.0	nan	nan	nan
234_H-118	1.0	1.0	-0.0	0.0	0.0
235_H-118	0.0	0.0	nan	nan	nan
236_H-118	0.0	0.0	nan	nan	nan
237_H-118	0.0	0.0	nan	nan	nan
238_H-118	0.0	0.0	nan	nan	nan
239_H-118	1.0	1.0	-0.0	0.0	0.0
23_H-118	0.0	0.0	nan	nan	nan
240_H-118	1.0	1.0	-0.0	0.0	0.0
241_H-118	0.0	0.0	nan	nan	nan
242_H-118	0.0	0.0	nan	nan	nan
243_H-118	1.0	1.0	-0.0	0.0	1.0
244_H-118	0.0	0.0	nan	nan	nan
245_H-118	1.0	1.0	-0.0	0.0	0.0
246_H-118	0.0	0.0	nan	nan	nan
247_H-118	0.0	0.0	nan	nan	nan
248_H-118	0.0	0.0	nan	nan	nan
249_H-118	0.0	0.0	nan	nan	nan
24_H-118	1.0	1.0	-0.0	0.0	0.0
250_H-118	1.0	1.0	-0.0	0.0	0.0
251_H-118	0.0	0.0	nan	nan	nan
252_H-118	1.0	1.0	-0.0	0.0	0.0
253_H-118	0.0	0.0	nan	nan	nan
254_H-118	1.0	1.0	-0.0	0.0	0.0
255_H-118	1.0	1.0	-0.0	0.0	1.0
256_H-118	1.0	1.0	-0.0	0.0	0.0
257_H-118	0.0	0.0	nan	nan	nan
258_H-118	0.0	0.0	nan	nan	nan
259_H-118	1.0	1.0	-0.0	0.0	1.0
25_H-118	0.0	0.0	nan	nan	nan
260_H-118	1.0	1.0	-0.0	0.0	1.0
261_H-118	0.0	0.0	nan	nan	nan
262_H-118	1.0	1.0	-0.0	0.0	0.0
263_H-118	0.0	0.0	nan	nan	nan
264_H-118	0.0	0.0	nan	nan	nan
265_H-118	0.0	0.0	nan	nan	nan
266_H-118	0.0	0.0	nan	nan	nan
267_H-118	1.0	1.0	-0.0	0.0	0.0
268_H-118	0.0	0.0	nan	nan	nan
269_H-118	0.0	0.0	nan	nan	nan
26_H-118	0.0	0.0	nan	nan	nan
270_H-118	1.0	1.0	-0.0	0.0	0.0
271_H-118	1.0	1.0	-0.0	0.0	1.0
272_H-118	0.0	0.0	nan	nan	nan
273_H-118	0.0	0.0	nan	nan	nan
274_H-118	0.0	0.0	nan	nan	nan
275_H-118	1.0	1.0	-0.0	0.0	0.0
276_H-118	1.0	1.0	-0.0	0.0	0.0
277_H-118	1.0	1.0	-0.0	0.0	0.0
278_H-118	0.0	0.0	nan	nan	nan
279_H-118	0.0	0.0	nan	nan	nan
27_H-118	1.0	1.0	-0.0	0.0	0.0
280_H-118	0.0	0.0	nan	nan	nan
281_H-118	0.0	0.0	nan	nan	nan
282_H-118	0.0	0.0	nan	nan	nan
283_H-118	0.0	0.0	nan	nan	nan
284_H-118	1.0	1.0	-0.0	0.0	0.0
285_H-118	0.0	0.0	nan	nan	nan
286_H-118	1.0	1.0	-0.0	0.0	0.0
287_H-118	0.0	0.0	nan	nan	nan
288_H-118	1.0	1.0	-0.0	0.0	0.0
289_H-118	1.0	1.0	-0.0	0.0	0.0
28_H-118	1.0	1.0	-0.0	0.0	0.0
290_H-118	0.0	0.0	nan	nan	nan
291_H-118	1.0	1.0	-0.0	0.0	0.0
292_H-118	1.0	1.0	-0.0	0.0	0.0
293_H-118	0.0	0.0	nan	nan	nan
294_H-118	0.0	0.0	nan	nan	nan
295_H-118	1.0	1.0	-0.0	0.0	0.0
296_H-118	1.0	1.0	-0.0	0.0	0.0
297_H-118	1.0	1.0	-0.0	0.0	0.0
298_H-118	0.0	0.0	nan	nan	nan
299_H-118	0.0	0.0	nan	nan	nan
29_H-118	0.0	0.0	nan	nan	nan
2_H-118	0.0	0.0	nan	nan	nan
300_H-118	0.0	0.0	nan	nan	nan
301_H-118	1.0	1.0	-0.0	0.0	1.0
302_H-118	1.0	1.0	-0.0	0.0	0.0
303_H-118	1.0	1.0	-0.0	0.0	0.0
304_H-118	0.0	0.0	nan	nan	nan
305_H-118	0.0	0.0	nan	nan	nan
306_H-118	1.0	1.0	-0.0	0.0	0.0
307_H-118	0.0	0.0	nan	nan	nan
308_H-118	1.0	1.0	-0.0	0.0	0.0
309_H-118	1.0	1.0	-0.0	0.0	0.0
30_H-118	0.0	0.0	nan	nan	nan
310_H-118	0.0	0.0	nan	nan	nan
311_H-118	0.0	0.0	nan	nan	nan
312_H-118	1.0	1.0	-0.0	0.0	0.0
313_H-118	0.0	0.0	nan	nan	nan
314_H-118	1.0	1.0	-0.0	0.0	0.0
315_H-118	1.0	1.0	-0.0	0.0	0.0
316_H-118	0.0	0.0	nan	nan	nan
317_H-118	0.0	0.0	nan	nan	nan
318_H-118	0.0	0.0	nan	nan	nan
319_H-118	0.0	0.0	nan	nan	nan
31_H-118	0.0	0.0	nan	nan	nan
320_H-118	0.0	0.0	nan	nan	nan
321_H-118	1.0	1.0	-0.0	0.0	0.0
322_H-118	0.0	0.0	nan	nan	nan
323_H-118	0.0	0.0	nan	nan	nan
324_H-118	1.0	1.0	-0.0	0.0	0.0
325_H-118	0.0	0.0	nan	nan	nan
326_H-118	1.0	1.0	-0.0	0.0	0.0
327_H-118	1.0	1.0	-0.0	0.0	0.0
328_H-118	0.0	0.0	nan	nan	nan
329_H-118	0.0	0.0	nan	nan	nan
32_H-118	1.0	1.0	-0.0	0.0	0.0
330_H-118	0.0	0.0	nan	nan	nan
331_H-118	0.0	0.0	nan	nan	nan
332_H-118	1.0	1.0	-0.0	0.0	0.0
333_H-118	0.0	0.0	nan	nan	nan
334_H-118	1.0	1.0	-0.0	0.0	1.0
335_H-118	0.0	0.0	nan	nan	nan
336_H-118	0.0	0.0	nan	nan	nan
337_H-118	0.0	0.0	nan	nan	nan
338_H-118	0.0	0.0	nan	nan	nan
339_H-118	0.0	0.0	nan	nan	nan
33_H-118	0.0	0.0	nan	nan	nan
340_H-118	0.0	0.0	nan	nan	nan
341_H-118	1.0	1.0	-0.0	0.0	0.0
342_H-118	1.0	1.0	-0.0	0.0	0.0
343_H-118	0.0	0.0	nan	nan	nan
344_H-118	0.0	0.0	nan	nan	nan
345_H-118	1.0	1.0	-0.0	0.0	0.0
346_H-118	0.0	0.0	nan	nan	nan
347_H-118	0.0	0.0	nan	nan	nan
348_H-118	1.0	1.0	-0.0	0.0	0.0
349_H-118	0.0	0.0	nan	nan	nan
34_H-118	1.0	1.0	-0.0	0.0	0.0
350_H-118	0.0	0.0	nan	nan	nan
351_H-118	1.0	1.0	-0.0	0.0	0.0
352_H-118	1.0	1.0	-0.0	0.0	1.0
353_H-118	0.0	0.0	nan	nan	nan
354_H-118	0.0	0.0	nan	nan	nan
355_H-118	1.0	1.0	-0.0	0.0	0.0
356_H-118	0.0	0.0	nan	nan	nan
357_H-118	0.0	0.0	nan	nan	nan
358_H-118	0.0	0.0	nan	nan	nan
359_H-118	0.0	0.0	nan	nan	nan
35_H-118	0.0	0.0	nan	nan	nan
360_H-118	0.0	0.0	nan	nan	nan
361_H-118	0.0	0.0	nan	nan	nan
362_H-118	0.0	0.0	nan	nan	nan
363_H-118	0.0	0.0	nan	nan	nan
364_H-118	0.0	0.0	nan	nan	nan
365_H-118	0.0	0.0	nan	nan	nan
366_H-118	0.0	0.0	nan	nan	nan
367_H-118	0.0	0.0	nan	nan	nan
368_H-118	0.0	0.0	nan	nan	nan
369_H-118	1.0	1.0	-0.0	0.0	1.0
36_H-118	1.0	1.0	-0.0	0.0	0.0
370_H-118	0.0	0.0	nan	nan	nan
371_H-118	1.0	1.0	-0.0	0.0	0.0
372_H-118	0.0	0.0	nan	nan	nan
373_H-118	1.0	1.0	-0.0	0.0	0.0
374_H-118	1.0	1.0	-0.0	0.0	0.0
375_H-118	0.0	0.0	nan	nan	nan
376_H-118	0.0	0.0	nan	nan	nan
377_H-118	0.0	0.0	nan	nan	nan
378_H-118	1.0	1.0	-0.0	0.0	0.0
379_H-118	0.0	0.0	nan	nan	nan
37_H-118	0.0	0.0	nan	nan	nan
380_H-118	0.0	0.0	nan	nan	nan
381_H-118	0.0	0.0	nan	nan	nan
382_H-118	0.0	0.0	nan	nan	nan
383_H-118	1.0	1.0	-0.0	0.0	0.0
384_H-118	0.0	0.0	nan	nan	nan
385_H-118	0.0	0.0	nan	nan	nan
386_H-118	0.0	0.0	nan	nan	nan
387_H-118	1.0	1.0	-0.0	0.0	0.0
388_H-118	1.0	1.0	-0.0	0.0	1.0
389_H-118	0.0	0.0	nan	nan	nan
38_H-118	1.0	1.0	-0.0	0.0	0.0
390_H-118	0.0	0.0	nan	nan	nan
391_H-118	0.0	0.0	nan	nan	nan
392_H-118	1.0	1.0	-0.0	0.0	0.0
393_H-118	0.0	0.0	nan	nan	nan
394_H-118	0.0	0.0	nan	nan	nan
395_H-118	1.0	1.0	-0.0	0.0	0.0
396_H-118	0.0	0.0	nan	nan	nan
397_H-118	1.0	1.0	-0.0	0.0	0.0
398_H-118	1.0	1.0	-0.0	0.0	0.0
399_H-118	1.0	1.0	-0.0	0.0	0.0
39_H-118	0.0	0.0	nan	nan	nan
3_H-118	0.0	0.0	nan	nan	nan
400_H-118	0.0	0.0	nan	nan	nan
401_H-118	0.0	0.0	nan	nan	nan
402_H-118	1.0	1.0	-0.0	0.0	0.0
403_H-118	0.0	0.0	nan	nan	nan
404_H-118	0.0	0.0	nan	nan	nan
405_H-118	1.0	1.0	-0.0	0.0	1.0
406_H-118	1.0	1.0	-0.0	0.0	0.0
407_H-118	0.0	0.0	nan	nan	nan
408_H-118	0.0	0.0	nan	nan	nan
409_H-118	0.0	0.0	nan	nan	nan
40_H-118	1.0	1.0	-0.0	0.0	0.0
410_H-118	0.0	0.0	nan	nan	nan
411_H-118	1.0	1.0	-0.0	0.0	0.0
412_H-118	0.0	0.0	nan	nan	nan
413_H-118	1.0	1.0	-0.0	0.0	0.0
414_H-118	1.0	1.0	-0.0	0.0	0.0
415_H-118	0.0	0.0	nan	nan	nan
416_H-118	1.0	1.0	-0.0	0.0	0.0
417_H-118	1.0	1.0	-0.0	0.0	0.0
418_H-118	0.0	0.0	nan	nan	nan
419_H-118	1.0	1.0	-0.0	0.0	0.0
41_H-118	0.0	0.0	nan	nan	nan
420_H-118	0.0	0.0	nan	nan	nan
421_H-118	1.0	1.0	-0.0	0.0	0.0
422_H-118	1.0	1.0	-0.0	0.0	0.0
423_H-118	0.0	0.0	nan	nan	nan
424_H-118	1.0	1.0	-0.0	0.0	0.0
425_H-118	1.0	1.0	-0.0	0.0	0.0
426_H-118	1.0	1.0	-0.0	0.0	0.0
427_H-118	0.0	0.0	nan	nan	nan
428_H-118	0.0	0.0	nan	nan	nan
429_H-118	0.0	0.0	nan	nan	nan
42_H-118	1.0	1.0	-0.0	0.0	0.0
430_H-118	1.0	1.0	-0.0	0.0	0.0
431_H-118	0.0	0.0	nan	nan	nan
432_H-118	0.0	0.0	nan	nan	nan
433_H-118	1.0	1.0	-0.0	0.0	0.0
434_H-118	1.0	1.0	-0.0	0.0	0.0
435_H-118	0.0	0.0	nan	nan	nan
436_H-118	1.0	1.0	-0.0	0.0	0.0
437_H-118	0.0	0.0	nan	nan	nan
438_H-118	1.0	1.0	-0.0	0.0	0.0
439_H-118	0.0	0.0	nan	nan	nan
43_H-118	0.0	0.0	nan	nan	nan
440_H-118	0.0	0.0	nan	nan	nan
441_H-118	1.0	1.0	-0.0	0.0	0.0
442_H-118	0.0	0.0	nan	nan	nan
443_H-118	1.0	1.0	-0.0	0.0	0.0
444_H-118	0.0	0.0	nan	nan	nan
445_H-118	0.0	0.0	nan	nan	nan
446_H-118	0.0	0.0	nan	nan	nan
447_H-118	1.0	1.0	-0.0	0.0	0.0
448_H-118	1.0	1.0	-0.0	0.0	0.0
449_H-118	1.0	1.0	-0.0	0.0	0.0
44_H-118	0.0	0.0	nan	nan	nan
450_H-118	1.0	1.0	-0.0	0.0	0.0
451_H-118	0.0	0.0	nan	nan	nan
452_H-118	0.0	0.0	nan	nan	nan
453_H-118	1.0	1.0	-0.0	0.0	0.0
454_H-118	0.0	0.0	nan	nan	nan
455_H-118	0.0	0.0	nan	nan	nan
456_H-118	1.0	1.0	-0.0	0.0	0.0
457_H-118	0.0	0.0	nan	nan	nan
458_H-118	0.0	0.0	nan	nan	nan
459_H-118	0.0	0.0	nan	nan	nan
45_H-118	0.0	0.0	nan	nan	nan
460_H-118	0.0	0.0	nan	nan	nan
461_H-118	1.0	1.0	-0.0	0.0	0.0
462_H-118	1.0	1.0	-0.0	0.0	0.0
463_H-118	1.0	1.0	-0.0	0.0	1.0
464_H-118	0.0	0.0	nan	nan	nan
465_H-118	0.0	0.0	nan	nan	nan
466_H-118	1.0	1.0	-0.0	0.0	0.0
467_H-118	0.0	0.0	nan	nan	nan
468_H-118	1.0	1.0	-0.0	0.0	0.0
469_H-118	0.0	0.0	nan	nan	nan
46_H-118	0.0	0.0	nan	nan	nan
470_H-118	1.0	1.0	-0.0	0.0	0.0
471_H-118	0.0	0.0	nan	nan	nan
472_H-118	0.0	0.0	nan	nan	nan
473_H-118	0.0	0.0	nan	nan	nan
474_H-118	1.0	1.0	-0.0	0.0	0.0
475_H-118	0.0	0.0	nan	nan	nan
476_H-118	0.0	0.0	nan	nan	nan
477_H-118	0.0	0.0	nan	nan	nan
478_H-118	0.0	0.0	nan	nan	nan
479_H-118	1.0	1.0	-0.0	0.0	0.0
47_H-118	1.0	1.0	-0.0	0.0	0.0
480_H-118	0.0	0.0	nan	nan	nan
481_H-118	0.0	0.0	nan	nan	nan
482_H-118	0.0	0.0	nan	nan	nan
483_H-118	0.0	0.0	nan	nan	nan
484_H-118	1.0	1.0	-0.0	0.0	0.0
485_H-118	0.0	0.0	nan	nan	nan
486_H-118	0.0	0.0	nan	nan	nan
487_H-118	0.0	0.0	nan	nan	nan
488_H-118	1.0	1.0	-0.0	0.0	0.0
489_H-118	0.0	0.0	nan	nan	nan
48_H-118	0.0	0.0	nan	nan	nan
490_H-118	0.0	0.0	nan	nan	nan
491_H-118	0.0	0.0	nan	nan	nan
492_H-118	0.0	0.0	nan	nan	nan
493_H-118	0.0	0.0	nan	nan	nan
494_H-118	0.0	0.0	nan	nan	nan
495_H-118	1.0	1.0	-0.0	0.0	0.0
496_H-118	0.0	0.0	nan	nan	nan
497_H-118	1.0	1.0	-0.0	0.0	0.0
498_H-118	1.0	1.0	-0.0	0.0	1.0
499_H-118	1.0	1.0	-0.0	0.0	0.0
49_H-118	0.0	0.0	nan	nan	nan
4_H-118	0.0	0.0	nan	nan	nan
500_H-118	0.0	0.0	nan	nan	nan
501_H-118	1.0	1.0	-0.0	0.0	1.0
502_H-118	0.0	0.0	nan	nan	nan
503_H-118	1.0	1.0	-0.0	0.0	0.0
504_H-118	0.0	0.0	nan	nan	nan
505_H-118	0.0	0.0	nan	nan	nan
506_H-118	1.0	1.0	-0.0	0.0	0.0
507_H-118	0.0	0.0	nan	nan	nan
508_H-118	1.0	1.0	-0.0	0.0	1.0
509_H-118	1.0	1.0	-0.0	0.0	1.0
50_H-118	1.0	1.0	-0.0	0.0	0.0
510_H-118	0.0	0.0	nan	nan	nan
511_H-118	1.0	1.0	-0.0	0.0	1.0
512_H-118	1.0	1.0	-0.0	0.0	1.0
513_H-118	0.0	0.0	nan	nan	nan
514_H-118	1.0	1.0	-0.0	0.0	0.0
515_H-118	1.0	1.0	-0.0	0.0	0.0
516_H-118	1.0	1.0	-0.0	0.0	0.0
517_H-118	0.0	0.0	nan	nan	nan
518_H-118	1.0	1.0	-0.0	0.0	0.0
519_H-118	0.0	0.0	nan	nan	nan
51_H-118	0.0	0.0	nan	nan	nan
520_H-118	0.0	0.0	nan	nan	nan
521_H-118	0.0	0.0	nan	nan	nan
522_H-118	0.0	0.0	nan	nan	nan
523_H-118	0.0	0.0	nan	nan	nan
524_H-118	0.0	0.0	nan	nan	nan
525_H-118	1.0	1.0	-0.0	0.0	0.0
526_H-118	1.0	1.0	-0.0	0.0	0.0
527_H-118	0.0	0.0	nan	nan	nan
528_H-118	1.0	1.0	-0.0	0.0	0.0
529_H-118	1.0	1.0	-0.0	0.0	0.0
52_H-118	1.0	1.0	-0.0	0.0	0.0
530_H-118	1.0	1.0	-0.0	0.0	0.0
531_H-118	1.0	1.0	-0.0	0.0	0.0
532_H-118	0.0	0.0	nan	nan	nan
533_H-118	0.0	0.0	nan	nan	nan
534_H-118	1.0	1.0	-0.0	0.0	0.0
535_H-118	0.0	0.0	nan	nan	nan
536_H-118	1.0	1.0	-0.0	0.0	0.0
537_H-118	1.0	1.0	-0.0	0.0	1.0
538_H-118	0.0	0.0	nan	nan	nan
539_H-118	1.0	1.0	-0.0	0.0	0.0
53_H-118	0.0	0.0	nan	nan	nan
540_H-118	0.0	0.0	nan	nan	nan
541_H-118	0.0	0.0	nan	nan	nan
542_H-118	1.0	1.0	-0.0	0.0	0.0
543_H-118	1.0	1.0	-0.0	0.0	0.0
544_H-118	1.0	1.0	-0.0	0.0	0.0
545_H-118	0.0	0.0	nan	nan	nan
546_H-118	1.0	1.0	-0.0	0.0	0.0
547_H-118	0.0	0.0	nan	nan	nan
548_H-118	0.0	0.0	nan	nan	nan
549_H-118	1.0	1.0	-0.0	0.0	0.0
54_H-118	1.0	1.0	-0.0	0.0	0.0
550_H-118	0.0	0.0	nan	nan	nan
551_H-118	1.0	1.0	-0.0	0.0	0.0
552_H-118	0.0	0.0	nan	nan	nan
553_H-118	1.0	1.0	-0.0	0.0	0.0
554_H-118	0.0	0.0	nan	nan	nan
555_H-118	0.0	0.0	nan	nan	nan
556_H-118	1.0	1.0	-0.0	0.0	0.0
557_H-118	1.0	1.0	-0.0	0.0	0.0
558_H-118	0.0	0.0	nan	nan	nan
559_H-118	1.0	1.0	-0.0	0.0	0.0
55_H-118	1.0	1.0	-0.0	0.0	0.0
560_H-118	1.0	1.0	-0.0	0.0	1.0
561_H-118	0.0	0.0	nan	nan	nan
562_H-118	1.0	1.0	-0.0	0.0	0.0
563_H-118	0.0	0.0	nan	nan	nan
564_H-118	0.0	0.0	nan	nan	nan
565_H-118	0.0	0.0	nan	nan	nan
566_H-118	1.0	1.0	-0.0	0.0	0.0
567_H-118	1.0	1.0	-0.0	0.0	1.0
568_H-118	0.0	0.0	nan	nan	nan
569_H-118	0.0	0.0	nan	nan	nan
56_H-118	1.0	1.0	-0.0	0.0	0.0
570_H-118	1.0	1.0	-0.0	0.0	0.0
571_H-118	1.0	1.0	-0.0	0.0	0.0
572_H-118	0.0	0.0	nan	nan	nan
573_H-118	0.0	0.0	nan	nan	nan
574_H-118	0.0	0.0	nan	nan	nan
575_H-118	0.0	0.0	nan	nan	nan
576_H-118	1.0	1.0	-0.0	0.0	0.0
577_H-118	0.0	0.0	nan	nan	nan
578_H-118	1.0	1.0	-0.0	0.0	1.0
579_H-118	0.0	0.0	nan	nan	nan
57_H-118	1.0	1.0	-0.0	0.0	0.0
580_H-118	0.0	0.0	nan	nan	nan
581_H-118	1.0	1.0	-0.0	0.0	0.0
582_H-118	0.0	0.0	nan	nan	nan
583_H-118	0.0	0.0	nan	nan	nan
584_H-118	1.0	1.0	-0.0	0.0	0.0
585_H-118	0.0	0.0	nan	nan	nan
586_H-118	0.0	0.0	nan	nan	nan
587_H-118	0.0	0.0	nan	nan	nan
588_H-118	1.0	1.0	-0.0	0.0	0.0
589_H-118	0.0	0.0	nan	nan	nan
58_H-118	0.0	0.0	nan	nan	nan
590_H-118	0.0	0.0	nan	nan	nan
591_H-118	1.0	1.0	-0.0	0.0	0.0
592_H-118	0.0	0.0	nan	nan	nan
593_H-118	1.0	1.0	-0.0	0.0	1.0
594_H-118	1.0	1.0	-0.0	0.0	0.0
595_H-118	1.0	1.0	-0.0	0.0	0.0
596_H-118	1.0	1.0	-0.0	0.0	0.0
597_H-118	0.0	0.0	nan	nan	nan
598_H-118	0.0	0.0	nan	nan	nan
599_H-118	1.0	1.0	-0.0	0.0	0.0
59_H-118	1.0	1.0	-0.0	0.0	0.0
5_H-118	1.0	1.0	-0.0	0.0	1.0
600_H-118	0.0	0.0	nan	nan	nan
601_H-118	0.0	0.0	nan	nan	nan
602_H-118	0.0	0.0	nan	nan	nan
603_H-118	0.0	0.0	nan	nan	nan
604_H-118	1.0	1.0	-0.0	0.0	0.0
605_H-118	1.0	1.0	-0.0	0.0	0.0
606_H-118	1.0	1.0	-0.0	0.0	1.0
607_H-118	1.0	1.0	-0.0	0.0	0.0
608_H-118	1.0	1.0	-0.0	0.0	0.0
609_H-118	1.0	1.0	-0.0	0.0	1.0
60_H-118	0.0	0.0	nan	nan	nan
610_H-118	1.0	1.0	-0.0	0.0	0.0
611_H-118	0.0	0.0	nan	nan	nan
612_H-118	1.0	1.0	-0.0	0.0	0.0
613_H-118	0.0	0.0	nan	nan	nan
614_H-118	1.0	1.0	-0.0	0.0	0.0
615_H-118	0.0	0.0	nan	nan	nan
616_H-118	0.0	0.0	nan	nan	nan
617_H-118	1.0	1.0	-0.0	0.0	0.0
618_H-118	1.0	1.0	-0.0	0.0	1.0
619_H-118	0.0	0.0	nan	nan	nan
61_H-118	1.0	1.0	-0.0	0.0	0.0
620_H-118	1.0	1.0	-0.0	0.0	0.0
621_H-118	0.0	0.0	nan	nan	nan
622_H-118	1.0	1.0	-0.0	0.0	0.0
623_H-118	0.0	0.0	nan	nan	nan
624_H-118	0.0	0.0	nan	nan	nan
625_H-118	1.0	1.0	-0.0	0.0	0.0
626_H-118	0.0	0.0	nan	nan	nan
627_H-118	0.0	0.0	nan	nan	nan
628_H-118	1.0	1.0	-0.0	0.0	0.0
629_H-118	0.0	0.0	nan	nan	nan
62_H-118	0.0	0.0	nan	nan	nan
630_H-118	0.0	0.0	nan	nan	nan
631_H-118	0.0	0.0	nan	nan	nan
632_H-118	0.0	0.0	nan	nan	nan
633_H-118	0.0	0.0	nan	nan	nan
634_H-118	0.0	0.0	nan	nan	nan
635_H-118	1.0	1.0	-0.0	0.0	0.0
636_H-118	1.0	1.0	-0.0	0.0	0.0
637_H-118	0.0	0.0	nan	nan	nan
638_H-118	0.0	0.0	nan	nan	nan
639_H-118	0.0	0.0	nan	nan	nan
63_H-118	0.0	0.0	nan	nan	nan
640_H-118	0.0	0.0	nan	nan	nan
641_H-118	0.0	0.0	nan	nan	nan
642_H-118	0.0	0.0	nan	nan	nan
643_H-118	0.0	0.0	nan	nan	nan
644_H-118	1.0	1.0	-0.0	0.0	0.0
645_H-118	0.0	0.0	nan	nan	nan
646_H-118	1.0	1.0	-0.0	0.0	0.0
647_H-118	1.0	1.0	-0.0	0.0	0.0
648_H-118	0.0	0.0	nan	nan	nan
649_H-118	0.0	0.0	nan	nan	nan
64_H-118	1.0	1.0	-0.0	0.0	0.0
650_H-118	1.0	1.0	-0.0	0.0	0.0
651_H-118	0.0	0.0	nan	nan	nan
652_H-118	0.0	0.0	nan	nan	nan
653_H-118	1.0	1.0	-0.0	0.0	0.0
654_H-118	1.0	1.0	-0.0	0.0	0.0
655_H-118	0.0	0.0	nan	nan	nan
656_H-118	1.0	1.0	-0.0	0.0	0.0
657_H-118	1.0	1.0	-0.0	0.0	0.0
658_H-118	1.0	1.0	-0.0	0.0	0.0
659_H-118	0.0	0.0	nan	nan	nan
65_H-118	0.0	0.0	nan	nan	nan
660_H-118	0.0	0.0	nan	nan	nan
661_H-118	1.0	1.0	-0.0	0.0	0.0
662_H-118	1.0	1.0	-0.0	0.0	0.0
663_H-118	0.0	0.0	nan	nan	nan
664_H-118	1.0	1.0	-0.0	0.0	1.0
665_H-118	0.0	0.0	nan	nan	nan
666_H-118	0.0	0.0	nan	nan	nan
667_H-118	0.0	0.0	nan	nan	nan
668_H-118	0.0	0.0	nan	nan	nan
669_H-118	1.0	1.0	-0.0	0.0	0.0
66_H-118	0.0	0.0	nan	nan	nan
670_H-118	0.0	0.0	nan	nan	nan
671_H-118	1.0	1.0	-0.0	0.0	0.0
672_H-118	0.0	0.0	nan	nan	nan
673_H-118	0.0	0.0	nan	nan	nan
674_H-118	0.0	0.0	nan	nan	nan
675_H-118	0.0	0.0	nan	nan	nan
676_H-118	0.0	0.0	nan	nan	nan
677_H-118	1.0	1.0	-0.0	0.0	0.0
678_H-118	0.0	0.0	nan	nan	nan
679_H-118	0.0	0.0	nan	nan	nan
67_H-118	0.0	0.0	nan	nan	nan
680_H-118	0.0	0.0	nan	nan	nan
681_H-118	0.0	0.0	nan	nan	nan
682_H-118	0.0	0.0	nan	nan	nan
683_H-118	1.0	1.0	-0.0	0.0	0.0
684_H-118	0.0	0.0	nan	nan	nan
685_H-118	0.0	0.0	nan	nan	nan
686_H-118	0.0	0.0	nan	nan	nan
687_H-118	0.0	0.0	nan	nan	nan
688_H-118	1.0	1.0	-0.0	0.0	0.0
689_H-118	0.0	0.0	nan	nan	nan
68_H-118	1.0	1.0	-0.0	0.0	0.0
690_H-118	0.0	0.0	nan	nan	nan
691_H-118	1.0	1.0	-0.0	0.0	0.0
692_H-118	0.0	0.0	nan	nan	nan
693_H-118	0.0	0.0	nan	nan	nan
694_H-118	1.0	1.0	-0.0	0.0	0.0
695_H-118	1.0	1.0	-0.0	0.0	0.0
696_H-118	0.0	0.0	nan	nan	nan
697_H-118	1.0	1.0	-0.0	0.0	0.0
698_H-118	1.0	1.0	-0.0	0.0	0.0
699_H-118	1.0	1.0	-0.0	0.0	0.0
69_H-118	1.0	1.0	-0.0	0.0	0.0
6_H-118	1.0	1.0	-0.0	0.0	0.0
700_H-118	1.0	1.0	-0.0	0.0	0.0
701_H-118	0.0	0.0	nan	nan	nan
702_H-118	1.0	1.0	-0.0	0.0	0.0
703_H-118	1.0	1.0	-0.0	0.0	0.0
704_H-118	0.0	0.0	nan	nan	nan
705_H-118	0.0	0.0	nan	nan	nan
706_H-118	0.0	0.0	nan	nan	nan
707_H-118	1.0	1.0	-0.0	0.0	0.0
708_H-118	0.0	0.0	nan	nan	nan
709_H-118	0.0	0.0	nan	nan	nan
70_H-118	1.0	1.0	-0.0	0.0	0.0
710_H-118	0.0	0.0	nan	nan	nan
711_H-118	1.0	1.0	-0.0	0.0	0.0
712_H-118	0.0	0.0	nan	nan	nan
713_H-118	0.0	0.0	nan	nan	nan
714_H-118	0.0	0.0	nan	nan	nan
715_H-118	1.0	1.0	-0.0	0.0	0.0
716_H-118	1.0	1.0	-0.0	0.0	1.0
717_H-118	1.0	1.0	-0.0	0.0	0.0
718_H-118	0.0	0.0	nan	nan	nan
719_H-118	0.0	0.0	nan	nan	nan
71_H-118	0.0	0.0	nan	nan	nan
720_H-118	1.0	1.0	-0.0	0.0	0.0
721_H-118	0.0	0.0	nan	nan	nan
722_H-118	1.0	1.0	-0.0	0.0	0.0
723_H-118	0.0	0.0	nan	nan	nan
724_H-118	0.0	0.0	nan	nan	nan
725_H-118	0.0	0.0	nan	nan	nan
726_H-118	0.0	0.0	nan	nan	nan
727_H-118	1.0	1.0	-0.0	0.0	0.0
728_H-118	0.0	0.0	nan	nan	nan
729_H-118	1.0	1.0	-0.0	0.0	1.0
72_H-118	0.0	0.0	nan	nan	nan
730_H-118	1.0	1.0	-0.0	0.0	0.0
731_H-118	1.0	1.0	-0.0	0.0	0.0
732_H-118	0.0	0.0	nan	nan	nan
733_H-118	0.0	0.0	nan	nan	nan
734_H-118	0.0	0.0	nan	nan	nan
735_H-118	0.0	0.0	nan	nan	nan
736_H-118	0.0	0.0	nan	nan	nan
737_H-118	0.0	0.0	nan	nan	nan
738_H-118	0.0	0.0	nan	nan	nan
739_H-118	1.0	1.0	-0.0	0.0	1.0
73_H-118	1.0	1.0	-0.0	0.0	0.0
740_H-118	0.0	0.0	nan	nan	nan
741_H-118	0.0	0.0	nan	nan	nan
742_H-118	1.0	1.0	-0.0	0.0	0.0
743_H-118	1.0	1.0	-0.0	0.0	1.0
744_H-118	1.0	1.0	-0.0	0.0	0.0
745_H-118	0.0	0.0	nan	nan	nan
746_H-118	1.0	1.0	-0.0	0.0	1.0
747_H-118	0.0	0.0	nan	nan	nan
748_H-118	0.0	0.0	nan	nan	nan
749_H-118	1.0	1.0	-0.0	0.0	0.0
74_H-118	0.0	0.0	nan	nan	nan
750_H-118	0.0	0.0	nan	nan	nan
751_H-118	1.0	1.0	-0.0	0.0	0.0
752_H-118	0.0	0.0	nan	nan	nan
753_H-118	0.0	0.0	nan	nan	nan
754_H-118	1.0	1.0	-0.0	0.0	0.0
755_H-118	0.0	0.0	nan	nan	nan
756_H-118	1.0	1.0	-0.0	0.0	0.0
757_H-118	0.0	0.0	nan	nan	nan
758_H-118	1.0	1.0	-0.0	0.0	0.0
759_H-118	1.0	1.0	-0.0	0.0	0.0
75_H-118	1.0	1.0	-0.0	0.0	1.0
760_H-118	1.0	1.0	-0.0	0.0	0.0
761_H-118	0.0	0.0	nan	nan	nan
762_H-118	0.0	0.0	nan	nan	nan
763_H-118	1.0	1.0	-0.0	0.0	0.0
764_H-118	1.0	1.0	-0.0	0.0	0.0
765_H-118	0.0	0.0	nan	nan	nan
766_H-118	0.0	0.0	nan	nan	nan
767_H-118	1.0	1.0	-0.0	0.0	0.0
768_H-118	1.0	1.0	-0.0	0.0	0.0
769_H-118	0.0	0.0	nan	nan	nan
76_H-118	1.0	1.0	-0.0	0.0	0.0
770_H-118	1.0	1.0	-0.0	0.0	0.0
771_H-118	0.0	0.0	nan	nan	nan
772_H-118	0.0	0.0	nan	nan	nan
773_H-118	0.0	0.0	nan	nan	nan
774_H-118	0.0	0.0	nan	nan	nan
775_H-118	1.0	1.0	-0.0	0.0	0.0
776_H-118	0.0	0.0	nan	nan	nan
777_H-118	1.0	1.0	-0.0	0.0	1.0
778_H-118	0.0	0.0	nan	nan	nan
779_H-118	0.0	0.0	nan	nan	nan
77_H-118	1.0	1.0	-0.0	0.0	0.0
780_H-118	1.0	1.0	-0.0	0.0	0.0
781_H-118	1.0	1.0	-0.0	0.0	1.0
782_H-118	0.0	0.0	nan	nan	nan
783_H-118	1.0	1.0	-0.0	0.0	1.0
784_H-118	1.0	1.0	-0.0	0.0	0.0
785_H-118	1.0	1.0	-0.0	0.0	0.0
786_H-118	1.0	1.0	-0.0	0.0	0.0
787_H-118	0.0	0.0	nan	nan	nan
788_H-118	1.0	1.0	-0.0	0.0	0.0
789_H-118	0.0	0.0	nan	nan	nan
78_H-118	1.0	1.0	-0.0	0.0	1.0
790_H-118	0.0	0.0	nan	nan	nan
791_H-118	1.0	1.0	-0.0	0.0	0.0
792_H-118	0.0	0.0	nan	nan	nan
793_H-118	1.0	1.0	-0.0	0.0	1.0
794_H-118	0.0	0.0	nan	nan	nan
795_H-118	1.0	1.0	-0.0	0.0	0.0
796_H-118	0.0	0.0	nan	nan	nan
797_H-118	0.0	0.0	nan	nan	nan
798_H-118	0.0	0.0	nan	nan	nan
799_H-118	0.0	0.0	nan	nan	nan
79_H-118	1.0	1.0	-0.0	0.0	1.0
7_H-118	0.0	0.0	nan	nan	nan
800_H-118	1.0	1.0	-0.0	0.0	0.0
801_H-118	0.0	0.0	nan	nan	nan
802_H-118	1.0	1.0	-0.0	0.0	0.0
803_H-118	0.0	0.0	nan	nan	nan
804_H-118	0.0	0.0	nan	nan	nan
805_H-118	0.0	0.0	nan	nan	nan
806_H-118	0.0	0.0	nan	nan	nan
807_H-118	0.0	0.0	nan	nan	nan
808_H-118	0.0	0.0	nan	nan	nan
809_H-118	0.0	0.0	nan	nan	nan
80_H-118	1.0	1.0	-0.0	0.0	0.0
810_H-118	1.0	1.0	-0.0	0.0	0.0
811_H-118	0.0	0.0	nan	nan	nan
812_H-118	0.0	0.0	nan	nan	nan
813_H-118	1.0	1.0	-0.0	0.0	0.0
814_H-118	1.0	1.0	-0.0	0.0	0.0
815_H-118	0.0	0.0	nan	nan	nan
816_H-118	1.0	1.0	-0.0	0.0	0.0
817_H-118	1.0	1.0	-0.0	0.0	0.0
818_H-118	0.0	0.0	nan	nan	nan
819_H-118	1.0	1.0	-0.0	0.0	1.0
81_H-118	0.0	0.0	nan	nan	nan
820_H-118	0.0	0.0	nan	nan	nan
821_H-118	0.0	0.0	nan	nan	nan
822_H-118	0.0	0.0	nan	nan	nan
823_H-118	1.0	1.0	-0.0	0.0	0.0
824_H-118	0.0	0.0	nan	nan	nan
825_H-118	0.0	0.0	nan	nan	nan
826_H-118	1.0	1.0	-0.0	0.0	1.0
827_H-118	0.0	0.0	nan	nan	nan
828_H-118	0.0	0.0	nan	nan	nan
829_H-118	0.0	0.0	nan	nan	nan
82_H-118	0.0	0.0	nan	nan	nan
830_H-118	0.0	0.0	nan	nan	nan
831_H-118	1.0	1.0	-0.0	0.0	1.0
832_H-118	1.0	1.0	-0.0	0.0	0.0
833_H-118	0.0	0.0	nan	nan	nan
834_H-118	0.0	0.0	nan	nan	nan
835_H-118	1.0	1.0	-0.0	0.0	0.0
836_H-118	1.0	1.0	-0.0	0.0	1.0
837_H-118	0.0	0.0	nan	nan	nan
838_H-118	1.0	1.0	-0.0	0.0	0.0
839_H-118	0.0	0.0	nan	nan	nan
83_H-118	0.0	0.0	nan	nan	nan
840_H-118	1.0	1.0	-0.0	0.0	0.0
841_H-118	0.0	0.0	nan	nan	nan
842_H-118	0.0	0.0	nan	nan	nan
843_H-118	0.0	0.0	nan	nan	nan
844_H-118	0.0	0.0	nan	nan	nan
845_H-118	1.0	1.0	-0.0	0.0	0.0
846_H-118	1.0	1.0	-0.0	0.0	1.0
847_H-118	1.0	1.0	-0.0	0.0	1.0
848_H-118	0.0	0.0	nan	nan	nan
849_H-118	0.0	0.0	nan	nan	nan
84_H-118	0.0	0.0	nan	nan	nan
850_H-118	0.0	0.0	nan	nan	nan
851_H-118	1.0	1.0	-0.0	0.0	0.0
852_H-118	1.0	1.0	-0.0	0.0	0.0
853_H-118	0.0	0.0	nan	nan	nan
854_H-118	1.0	1.0	-0.0	0.0	0.0
855_H-118	0.0	0.0	nan	nan	nan
856_H-118	0.0	0.0	nan	nan	nan
857_H-118	0.0	0.0	nan	nan	nan
858_H-118	0.0	0.0	nan	nan	nan
859_H-118	0.0	0.0	nan	nan	nan
85_H-118	1.0	1.0	-0.0	0.0	0.0
860_H-118	1.0	1.0	-0.0	0.0	0.0
861_H-118	0.0	0.0	nan	nan	nan
862_H-118	1.0	1.0	-0.0	0.0	0.0
863_H-118	1.0	1.0	-0.0	0.0	1.0
864_H-118	0.0	0.0	nan	nan	nan
865_H-118	0.0	0.0	nan	nan	nan
866_H-118	0.0	0.0	nan	nan	nan
867_H-118	1.0	1.0	-0.0	0.0	0.0
868_H-118	0.0	0.0	nan	nan	nan
869_H-118	1.0	1.0	-0.0	0.0	0.0
86_H-118	1.0	1.0	-0.0	0.0	0.0
870_H-118	0.0	0.0	nan	nan	nan
871_H-118	0.0	0.0	nan	nan	nan
872_H-118	1.0	1.0	-0.0	0.0	0.0
873_H-118	1.0	1.0	-0.0	0.0	0.0
874_H-118	0.0	0.0	nan	nan	nan
875_H-118	0.0	0.0	nan	nan	nan
876_H-118	0.0	0.0	nan	nan	nan
877_H-118	0.0	0.0	nan	nan	nan
878_H-118	0.0	0.0	nan	nan	nan
879_H-118	1.0	1.0	-0.0	0.0	1.0
87_H-118	0.0	0.0	nan	nan	nan
880_H-118	0.0	0.0	nan	nan	nan
881_H-118	0.0	0.0	nan	nan	nan
882_H-118	1.0	1.0	-0.0	0.0	1.0
883_H-118	0.0	0.0	nan	nan	nan
884_H-118	1.0	1.0	-0.0	0.0	0.0
885_H-118	1.0	1.0	-0.0	0.0	0.0
886_H-118	0.0	0.0	nan	nan	nan
887_H-118	1.0	1.0	-0.0	0.0	0.0
888_H-118	0.0	0.0	nan	nan	nan
889_H-118	0.0	0.0	nan	nan	nan
88_H-118	0.0	0.0	nan	nan	nan
890_H-118	0.0	0.0	nan	nan	nan
891_H-118	0.0	0.0	nan	nan	nan
892_H-118	0.0	0.0	nan	nan	nan
893_H-118	1.0	1.0	-0.0	0.0	1.0
894_H-118	0.0	0.0	nan	nan	nan
895_H-118	1.0	1.0	-0.0	0.0	0.0
896_H-118	0.0	0.0	nan	nan	nan
897_H-118	1.0	1.0	-0.0	0.0	0.0
898_H-118	0.0	0.0	nan	nan	nan
899_H-118	1.0	1.0	-0.0	0.0	0.0
89_H-118	1.0	1.0	-0.0	0.0	0.0
8_H-118	1.0	1.0	-0.0	0.0	0.0
900_H-118	1.0	1.0	-0.0	0.0	0.0
901_H-118	0.0	0.0	nan	nan	nan
902_H-118	0.0	0.0	nan	nan	nan
903_H-118	0.0	0.0	nan	nan	nan
904_H-118	0.0	0.0	nan	nan	nan
905_H-118	1.0	1.0	-0.0	0.0	1.0
906_H-118	0.0	0.0	nan	nan	nan
907_H-118	0.0	0.0	nan	nan	nan
908_H-118	0.0	0.0	nan	nan	nan
909_H-118	0.0	0.0	nan	nan	nan
90_H-118	0.0	0.0	nan	nan	nan
910_H-118	0.0	0.0	nan	nan	nan
911_H-118	1.0	1.0	-0.0	0.0	1.0
912_H-118	1.0	1.0	-0.0	0.0	1.0
913_H-118	0.0	0.0	nan	nan	nan
914_H-118	1.0	1.0	-0.0	0.0	0.0
915_H-118	0.0	0.0	nan	nan	nan
916_H-118	0.0	0.0	nan	nan	nan
917_H-118	1.0	1.0	-0.0	0.0	0.0
918_H-118	0.0	0.0	nan	nan	nan
919_H-118	0.0	0.0	nan	nan	nan
91_H-118	1.0	1.0	-0.0	0.0	1.0
920_H-118	0.0	0.0	nan	nan	nan
921_H-118	0.0	0.0	nan	nan	nan
922_H-118	0.0	0.0	nan	nan	nan
923_H-118	1.0	1.0	-0.0	0.0	0.0
924_H-118	0.0	0.0	nan	nan	nan
925_H-118	0.0	0.0	nan	nan	nan
926_H-118	0.0	0.0	nan	nan	nan
927_H-118	0.0	0.0	nan	nan	nan
928_H-118	1.0	1.0	-0.0	0.0	0.0
929_H-118	1.0	1.0	-0.0	0.0	0.0
92_H-118	0.0	0.0	nan	nan	nan
930_H-118	0.0	0.0	nan	nan	nan
931_H-118	0.0	0.0	nan	nan	nan
932_H-118	0.0	0.0	nan	nan	nan
933_H-118	0.0	0.0	nan	nan	nan
934_H-118	1.0	1.0	-0.0	0.0	0.0
935_H-118	0.0	0.0	nan	nan	nan
936_H-118	0.0	0.0	nan	nan	nan
937_H-118	0.0	0.0	nan	nan	nan
938_H-118	0.0	0.0	nan	nan	nan
939_H-118	1.0	1.0	-0.0	0.0	1.0
93_H-118	1.0	1.0	-0.0	0.0	0.0
940_H-118	1.0	1.0	-0.0	0.0	0.0
941_H-118	1.0	1.0	-0.0	0.0	1.0
942_H-118	1.0	1.0	-0.0	0.0	0.0
943_H-118	0.0	0.0	nan	nan	nan
944_H-118	1.0	1.0	-0.0	0.0	0.0
945_H-118	0.0	0.0	nan	nan	nan
946_H-118	0.0	0.0	nan	nan	nan
947_H-118	0.0	0.0	nan	nan	nan
948_H-118	0.0	0.0	nan	nan	nan
949_H-118	1.0	1.0	-0.0	0.0	0.0
94_H-118	0.0	0.0	nan	nan	nan
950_H-118	0.0	0.0	nan	nan	nan
951_H-118	1.0	1.0	-0.0	0.0	0.0
952_H-118	0.0	0.0	nan	nan	nan
953_H-118	0.0	0.0	nan	nan	nan
954_H-118	1.0	1.0	-0.0	0.0	0.0
955_H-118	0.0	0.0	nan	nan	nan
956_H-118	1.0	1.0	-0.0	0.0	0.0
957_H-118	1.0	1.0	-0.0	0.0	0.0
958_H-118	0.0	0.0	nan	nan	nan
959_H-118	0.0	0.0	nan	nan	nan
95_H-118	1.0	1.0	-0.0	0.0	0.0
960_H-118	0.0	0.0	nan	nan	nan
961_H-118	0.0	0.0	nan	nan	nan
962_H-118	1.0	1.0	-0.0	0.0	0.0
963_H-118	1.0	1.0	-0.0	0.0	1.0
964_H-118	1.0	1.0	-0.0	0.0	1.0
965_H-118	1.0	1.0	-0.0	0.0	0.0
966_H-118	1.0	1.0	-0.0	0.0	0.0
967_H-118	1.0	1.0	-0.0	0.0	0.0
968_H-118	0.0	0.0	nan	nan	nan
969_H-118	0.0	0.0	nan	nan	nan
96_H-118	1.0	1.0	-0.0	0.0	0.0
970_H-118	0.0	0.0	nan	nan	nan
971_H-118	1.0	1.0	-0.0	0.0	0.0
972_H-118	1.0	1.0	-0.0	0.0	0.0
973_H-118	0.0	0.0	nan	nan	nan
974_H-118	1.0	1.0	-0.0	0.0	1.0
975_H-118	0.0	0.0	nan	nan	nan
976_H-118	0.0	0.0	nan	nan	nan
977_H-118	1.0	1.0	-0.0	0.0	0.0
978_H-118	1.0	1.0	-0.0	0.0	0.0
979_H-118	0.0	0.0	nan	nan	nan
97_H-118	0.0	0.0	nan	nan	nan
980_H-118	0.0	0.0	nan	nan	nan
981_H-118	0.0	0.0	nan	nan	nan
982_H-118	0.0	0.0	nan	nan	nan
983_H-118	1.0	1.0	-0.0	0.0	0.0
984_H-118	1.0	1.0	-0.0	0.0	0.0
985_H-118	0.0	0.0	nan	nan	nan
986_H-118	0.0	0.0	nan	nan	nan
987_H-118	1.0	1.0	-0.0	0.0	1.0
988_H-118	0.0	0.0	nan	nan	nan
989_H-118	1.0	1.0	-0.0	0.0	0.0
98_H-118	0.0	0.0	nan	nan	nan
990_H-118	0.0	0.0	nan	nan	nan
991_H-118	1.0	1.0	-0.0	0.0	0.0
992_H-118	1.0	1.0	-0.0	0.0	1.0
993_H-118	1.0	1.0	-0.0	0.0	0.0
994_H-118	0.0	0.0	nan	nan	nan
995_H-118	0.0	0.0	nan	nan	nan
996_H-118	0.0	0.0	nan	nan	nan
997_H-118	1.0	1.0	-0.0	0.0	0.0
998_H-118	1.0	1.0	-0.0	0.0	0.0
999_H-118	0.0	0.0	nan	nan	nan
99_H-118	0.0	0.0	nan	nan	nan
9_H-118	0.0	0.0	nan	nan	nan
