	chao1	observed_otus	shannon	simpson	goods_coverage
1000_OMC-126	6.0	6.0	1.4588389857434072	0.5011890606420927	0.9827586206896551
100_OMC-126	1.0	1.0	-0.0	0.0	1.0
101_OMC-126	4.0	4.0	0.9573702761383474	0.3260946956212174	1.0
102_OMC-126	4.0	4.0	1.255572940932738	0.47804436396559535	1.0
103_OMC-126	4.0	4.0	1.2361862832554125	0.46502835538752363	1.0
104_OMC-126	6.0	6.0	1.5885758038618192	0.5262855501292731	1.0
105_OMC-126	3.0	3.0	0.5689955935892812	0.18499999999999994	1.0
106_OMC-126	5.0	5.0	1.4874641047151342	0.5197579209683162	1.0
107_OMC-126	4.0	4.0	1.198483227129662	0.45213379469434833	1.0
108_OMC-126	4.0	4.0	0.8797802088546924	0.28409090909090906	1.0
109_OMC-126	5.0	5.0	1.1721597626314755	0.3911111111111111	1.0
10_OMC-126	3.0	3.0	0.9188843576157454	0.3645425418298326	1.0
110_OMC-126	7.0	7.0	1.7363925819746855	0.5583333333333333	1.0
111_OMC-126	7.0	7.0	1.7365833205355823	0.5968858131487889	1.0
112_OMC-126	5.0	5.0	1.3612922154015539	0.4470416362308254	1.0
113_OMC-126	4.0	4.0	0.8302976707487129	0.2736094674556213	1.0
114_OMC-126	7.0	7.0	1.7236031886662115	0.5323456790123458	0.9777777777777777
115_OMC-126	6.0	6.0	1.5450892708135933	0.5321823981985363	1.0
116_OMC-126	6.5	6.0	1.375245999131538	0.44905805459438675	0.9607843137254902
117_OMC-126	7.0	7.0	1.3378901681991087	0.393967374576793	0.9824561403508771
118_OMC-126	8.0	8.0	1.9790978911348054	0.5946745562130178	1.0
119_OMC-126	3.0	3.0	0.5050274803544414	0.15934812132186504	1.0
11_OMC-126	4.0	4.0	1.2087030080822636	0.4272211720226844	1.0
120_OMC-126	4.0	4.0	0.9898315074774172	0.36682520808561225	0.9827586206896551
121_OMC-126	5.0	5.0	1.0558927290103626	0.330078125	1.0
122_OMC-126	2.0	2.0	0.5983474220910422	0.24859504132231414	1.0
123_OMC-126	3.0	3.0	0.7745178605709557	0.2832153269471054	1.0
124_OMC-126	5.0	5.0	1.5999583667609252	0.5609876543209876	1.0
125_OMC-126	5.0	5.0	1.0532341588640246	0.33234244946492275	1.0
126_OMC-126	5.0	5.0	1.2420936737184516	0.41917355371900833	1.0
127_OMC-126	4.0	4.0	1.1183698009902907	0.38530612244897955	1.0
128_OMC-126	7.0	7.0	1.575924324881026	0.5067509336397586	0.9830508474576272
129_OMC-126	7.333333333333333	7.0	1.5884600730019838	0.514377855415211	0.9672131147540983
12_OMC-126	4.0	4.0	0.9731284054960412	0.32373113854595337	1.0
130_OMC-126	4.0	4.0	1.5451521971989497	0.5813148788927336	1.0
131_OMC-126	6.0	6.0	1.619470570797252	0.544	1.0
132_OMC-126	6.0	6.0	1.606115266937257	0.5234567901234568	1.0
133_OMC-126	6.0	6.0	1.6107845483996805	0.5096952908587258	1.0
134_OMC-126	6.0	6.0	1.077351838220023	0.3139427516158818	1.0
135_OMC-126	5.0	5.0	1.2838970058927528	0.4113865932047752	1.0
136_OMC-126	4.0	4.0	0.9094652062254913	0.29591836734693866	1.0
137_OMC-126	5.0	5.0	1.1929993566060648	0.3905325443786982	1.0
138_OMC-126	5.5	5.0	1.1658942083900237	0.39569160997732433	0.9523809523809523
139_OMC-126	5.0	5.0	1.3855538128532954	0.49586776859504134	1.0
13_OMC-126	5.0	5.0	1.353382749604926	0.45520000000000005	1.0
140_OMC-126	3.0	3.0	0.806737929570563	0.2950624628197501	1.0
141_OMC-126	6.0	6.0	1.5486200663804746	0.49479383590170767	1.0
142_OMC-126	5.0	5.0	1.320451213806454	0.46016528925619815	1.0
143_OMC-126	6.0	6.0	1.2989565682277369	0.39644970414201186	1.0
144_OMC-126	4.0	4.0	0.9255982359100634	0.304399524375743	0.9655172413793104
145_OMC-126	5.0	5.0	1.0908625593230996	0.35474930713025954	1.0
146_OMC-126	3.0	3.0	0.8787382513615246	0.34175863296546816	1.0
147_OMC-126	5.0	5.0	1.5660983633312562	0.5847563515202	1.0
148_OMC-126	5.0	5.0	1.5410164458258657	0.5373263888888888	1.0
149_OMC-126	5.0	5.0	1.3415398572273525	0.4800347222222222	0.9791666666666666
14_OMC-126	7.0	7.0	1.3753618803189163	0.40484429065743954	1.0
150_OMC-126	4.0	4.0	1.367368286340047	0.5106382978723405	1.0
151_OMC-126	6.0	6.0	1.3224227955004835	0.42653810835629014	1.0
152_OMC-126	6.0	6.0	1.3164987909901904	0.40737240075614367	0.9782608695652174
153_OMC-126	5.0	5.0	1.2100285140347624	0.38842975206611574	1.0
154_OMC-126	6.0	6.0	1.3741854163060887	0.42361111111111116	1.0
155_OMC-126	4.0	4.0	1.3018135126438912	0.49896694214876036	1.0
156_OMC-126	5.0	5.0	1.3967904469832904	0.47114812611540746	1.0
157_OMC-126	5.0	5.0	1.3386913626239056	0.4581424406497293	1.0
158_OMC-126	3.0	3.0	0.7742433029172697	0.2770083102493076	1.0
159_OMC-126	5.0	5.0	1.4248501191874308	0.5204081632653061	1.0
15_OMC-126	5.0	4.0	0.8268748818646382	0.278393351800554	0.9473684210526316
160_OMC-126	7.0	7.0	1.6567796494470395	0.4950000000000001	1.0
161_OMC-126	4.0	4.0	1.191538069913389	0.4212244897959182	1.0
162_OMC-126	6.0	6.0	1.4348312233063338	0.47212610534409827	0.9803921568627451
163_OMC-126	8.0	8.0	1.9755214393901526	0.5840995132504057	1.0
164_OMC-126	6.0	6.0	1.377702087357906	0.4290657439446367	1.0
165_OMC-126	6.0	6.0	1.3432994441819814	0.42091836734693877	1.0
166_OMC-126	6.333333333333333	6.0	1.379664004902594	0.4473140495867768	0.9545454545454546
167_OMC-126	5.0	5.0	1.2118486281673901	0.3948080043266631	0.9767441860465116
168_OMC-126	6.333333333333333	6.0	1.301065103715944	0.4175347222222222	0.9583333333333334
169_OMC-126	3.0	3.0	1.0211191885631823	0.4224	1.0
16_OMC-126	7.0	7.0	1.4003726279897948	0.43814878892733555	0.9852941176470589
170_OMC-126	5.5	5.0	1.29631161697708	0.4730864197530865	0.9555555555555556
171_OMC-126	6.0	6.0	1.564522173040273	0.5182622068435218	1.0
172_OMC-126	6.0	6.0	1.3121252976772173	0.41386723998925024	1.0
173_OMC-126	5.0	5.0	1.5217530500557586	0.5336409073433295	1.0
174_OMC-126	3.0	3.0	0.9333145936117405	0.36892361111111105	1.0
175_OMC-126	3.0	3.0	0.8703622255167203	0.32837596668649605	1.0
176_OMC-126	3.0	3.0	0.9333145936117405	0.36892361111111105	1.0
177_OMC-126	5.0	5.0	1.4170713362029106	0.4997917534360683	1.0
178_OMC-126	3.0	3.0	0.9790231724570174	0.4005486968449933	1.0
179_OMC-126	7.0	7.0	1.8980873342033335	0.619437522249911	1.0
17_OMC-126	4.0	4.0	1.1241854163060885	0.4062499999999999	1.0
180_OMC-126	5.0	5.0	0.8324899232404123	0.24630177514792906	0.9807692307692307
181_OMC-126	6.0	6.0	0.9654263067035167	0.27548209366391163	1.0
182_OMC-126	4.0	4.0	1.2332247882202199	0.4444444444444444	1.0
183_OMC-126	4.0	4.0	0.6793652793002186	0.20576131687242805	1.0
184_OMC-126	5.0	5.0	1.3627715776536318	0.4728	1.0
185_OMC-126	6.0	6.0	1.6640438025343036	0.5658669081032142	0.9787234042553191
186_OMC-126	5.0	5.0	1.295659529821394	0.43100189035916836	1.0
187_OMC-126	2.0	2.0	0.6807937753703207	0.2956194571351787	1.0
188_OMC-126	4.0	4.0	0.839473435606965	0.27734375	1.0
189_OMC-126	5.0	5.0	1.452277571941642	0.5040562466197946	1.0
18_OMC-126	4.0	4.0	1.2384922763571182	0.45687091017251635	1.0
190_OMC-126	3.0	3.0	0.8626650216510483	0.327977315689981	1.0
191_OMC-126	5.0	5.0	1.2494602799216175	0.40362811791383224	1.0
192_OMC-126	3.0	3.0	1.1567796494470395	0.4600000000000001	1.0
193_OMC-126	5.0	5.0	1.2288606992093019	0.4232	0.98
194_OMC-126	4.0	4.0	1.1096124047627358	0.3998334027488548	1.0
195_OMC-126	8.25	8.0	1.929009811483176	0.58085451595457	0.9534883720930233
196_OMC-126	4.0	4.0	1.2110258515086079	0.4457102171591314	1.0
197_OMC-126	5.0	4.0	0.9933757073838639	0.3866144535421857	0.9622641509433962
198_OMC-126	5.0	5.0	1.124549949992527	0.3612763656030288	0.9767441860465116
199_OMC-126	2.0	2.0	0.6646953053493418	0.28624260355029596	1.0
19_OMC-126	3.0	3.0	1.0762976257251988	0.44500000000000006	1.0
1_OMC-126	5.0	5.0	1.310454374732051	0.4418402777777778	1.0
200_OMC-126	4.0	4.0	1.1771245697587875	0.4383999999999999	1.0
201_OMC-126	6.0	6.0	1.281512300047323	0.3901744393022427	1.0
202_OMC-126	5.0	5.0	0.9410814608879178	0.2843951985226225	1.0
203_OMC-126	4.0	4.0	1.3516292011348525	0.5330812854442344	1.0
204_OMC-126	7.0	7.0	1.6103242884994726	0.4842355740630576	0.975609756097561
205_OMC-126	4.0	4.0	0.9944663403237344	0.3495838287752674	1.0
206_OMC-126	3.0	3.0	1.0220891834324926	0.4200995925758261	1.0
207_OMC-126	7.0	6.0	1.5683698489042166	0.5092975206611572	0.9545454545454546
208_OMC-126	5.0	5.0	1.2618697181577059	0.44506920415224904	0.9852941176470589
209_OMC-126	5.0	5.0	1.2125120231449158	0.41166666666666674	1.0
20_OMC-126	6.0	6.0	1.5673690836774798	0.5380499405469679	1.0
210_OMC-126	3.0	3.0	0.9270279935350783	0.35930993456276017	1.0
211_OMC-126	8.25	8.0	1.6782603278699788	0.49440000000000006	0.96
212_OMC-126	5.0	5.0	1.4686203878546413	0.49739583333333337	1.0
213_OMC-126	2.0	2.0	0.2811937964320427	0.09280190362879237	1.0
214_OMC-126	4.0	4.0	1.1671660297616846	0.4296875	1.0
215_OMC-126	2.0	2.0	0.828055725379504	0.3856332703213612	1.0
216_OMC-126	5.0	5.0	1.0103029464166382	0.31125	0.975
217_OMC-126	5.0	5.0	1.227402569259248	0.41326530612244894	1.0
218_OMC-126	6.0	6.0	1.2511644549200618	0.3870967741935484	1.0
219_OMC-126	5.0	5.0	1.3504177270172832	0.4640998959417273	1.0
21_OMC-126	6.0	6.0	1.2645665437059144	0.3840877914951989	1.0
220_OMC-126	5.0	4.0	0.9722539283649269	0.33999999999999997	0.9333333333333333
221_OMC-126	3.0	3.0	0.9123163027543336	0.35538752362948955	1.0
222_OMC-126	9.0	9.0	2.0702820586008985	0.6120710059171598	0.9846153846153847
223_OMC-126	4.0	4.0	1.1921488389669828	0.4200995925758262	1.0
224_OMC-126	6.0	6.0	1.508073134943777	0.4798154555940023	1.0
225_OMC-126	6.0	6.0	1.9804820237218406	0.6699999999999999	1.0
226_OMC-126	3.0	3.0	1.0331737299469324	0.40790842872008326	1.0
227_OMC-126	4.0	4.0	1.29499507471547	0.4819944598337951	1.0
228_OMC-126	5.0	5.0	1.1530770229532348	0.3706266820453672	1.0
229_OMC-126	4.0	4.0	0.9451696091196166	0.32098765432098775	1.0
22_OMC-126	6.0	6.0	1.2655660091501668	0.3923676431066918	1.0
230_OMC-126	7.0	7.0	1.6042509441678179	0.5098855359001042	1.0
231_OMC-126	2.0	2.0	0.6892019851173655	0.30055401662049874	1.0
232_OMC-126	4.0	4.0	0.6889454351509546	0.20932716269134932	1.0
233_OMC-126	7.2	7.0	1.3689390351944475	0.4012979989183343	0.9534883720930233
234_OMC-126	3.0	3.0	0.8818985780251399	0.3232467070131718	1.0
235_OMC-126	6.0	6.0	1.6528754786975814	0.5353955978584175	1.0
236_OMC-126	2.0	2.0	0.7219280948873623	0.31999999999999984	1.0
237_OMC-126	5.0	5.0	1.2703640733048154	0.4812244897959185	0.9857142857142858
238_OMC-126	3.0	3.0	0.9255008230823549	0.3472057074910819	1.0
239_OMC-126	5.0	5.0	1.3481862976890313	0.44246913580246927	1.0
23_OMC-126	3.0	3.0	1.028020523625857	0.4310743801652892	1.0
240_OMC-126	7.5	6.0	1.3718840341440275	0.4580498866213152	0.9285714285714286
241_OMC-126	3.0	3.0	1.0242843317489212	0.3895432347026717	1.0
242_OMC-126	3.0	3.0	0.7703437707962479	0.2866666666666666	1.0
243_OMC-126	6.0	6.0	1.451710867422338	0.47074380165289254	1.0
244_OMC-126	6.333333333333333	6.0	1.0290465117721326	0.3073721759809749	0.9655172413793104
245_OMC-126	6.0	6.0	2.0518217708080457	0.6868686868686869	1.0
246_OMC-126	5.5	5.0	1.1988912920836219	0.39619377162629754	0.9411764705882353
247_OMC-126	7.0	7.0	1.678641204905631	0.5267489711934157	1.0
248_OMC-126	7.0	7.0	1.7762891575926771	0.5432322317790856	1.0
249_OMC-126	3.0	3.0	0.9444567057613872	0.35428994082840237	1.0
24_OMC-126	6.333333333333333	6.0	1.0698435438003802	0.3219834710743801	0.9636363636363636
250_OMC-126	8.25	8.0	1.8665305461325326	0.5778061224489797	0.9642857142857143
251_OMC-126	6.0	6.0	1.5567796494470394	0.4900000000000001	1.0
252_OMC-126	5.0	5.0	1.3425211019526002	0.4780023781212841	1.0
253_OMC-126	8.0	8.0	1.7996316589729846	0.5644897959183675	1.0
254_OMC-126	5.0	5.0	1.5129156152804817	0.5198000768935025	1.0
255_OMC-126	2.0	2.0	0.7219280948873623	0.31999999999999984	1.0
256_OMC-126	9.0	9.0	2.0560534814580027	0.6021258259120942	1.0
257_OMC-126	5.5	5.0	1.036118213778296	0.34319999999999984	0.96
258_OMC-126	2.0	2.0	0.5435644431995964	0.21875	1.0
259_OMC-126	4.0	4.0	1.0098024657487874	0.34818825489379435	1.0
25_OMC-126	3.0	3.0	0.9546888014467618	0.35576923076923084	1.0
260_OMC-126	7.0	7.0	1.6798383829488075	0.5410895660203139	0.9824561403508771
261_OMC-126	7.0	7.0	1.4990395765324882	0.4457102171591315	1.0
262_OMC-126	5.0	5.0	1.2251593791503779	0.40999789960092403	1.0
263_OMC-126	3.0	3.0	0.9892367461805285	0.40583837664649347	1.0
264_OMC-126	6.0	6.0	1.5623547919385257	0.5072314049586777	0.9772727272727273
265_OMC-126	5.0	5.0	1.4060432231054156	0.46952908587257614	1.0
266_OMC-126	5.0	5.0	0.9410814608879177	0.2843951985226225	1.0
267_OMC-126	6.0	6.0	1.5688886586638113	0.4998347107438017	1.0
268_OMC-126	5.0	5.0	1.2566099322475064	0.4054820415879017	1.0
269_OMC-126	5.0	5.0	1.4715777375347219	0.5172193877551021	1.0
26_OMC-126	5.0	5.0	1.320451213806454	0.46016528925619826	1.0
270_OMC-126	3.0	3.0	0.7349933316162832	0.2593694229625223	1.0
271_OMC-126	4.0	4.0	1.0884595991813415	0.3758573388203017	1.0
272_OMC-126	5.5	5.0	1.036118213778296	0.34319999999999995	0.96
273_OMC-126	6.5	6.0	1.0756294312117076	0.3244444444444444	0.9666666666666667
274_OMC-126	4.0	4.0	1.0406048226800433	0.3569497025419147	1.0
275_OMC-126	5.0	5.0	1.065220438584102	0.32882639264467284	1.0
276_OMC-126	5.0	5.0	1.0299554196792846	0.3192690137059929	1.0
277_OMC-126	7.0	7.0	1.2891293284610361	0.37722222222222224	0.9833333333333333
278_OMC-126	4.0	4.0	0.9251465386504008	0.30220107079119574	1.0
279_OMC-126	7.0	7.0	1.5725675145259195	0.5149911816578483	0.9841269841269842
27_OMC-126	5.0	5.0	1.3871628420862276	0.4752231455832565	1.0
280_OMC-126	4.0	4.0	1.0534081504863568	0.36672967863894124	1.0
281_OMC-126	6.0	6.0	1.2324877755992936	0.39501953125	0.984375
282_OMC-126	7.25	7.0	1.4712577040774155	0.4544405997693196	0.9607843137254902
283_OMC-126	4.0	4.0	1.3095987968852083	0.4884300462798149	1.0
284_OMC-126	4.0	4.0	1.0848063548455138	0.3801652892561983	1.0
285_OMC-126	7.0	7.0	1.8541009412784872	0.6123175507297971	1.0
286_OMC-126	6.0	6.0	1.339940665570382	0.42872008324661803	1.0
287_OMC-126	7.0	7.0	1.5705617925193398	0.5045158580130225	0.9855072463768116
288_OMC-126	3.0	3.0	0.9737837298712215	0.39236111111111105	1.0
289_OMC-126	4.0	4.0	1.28481799201786	0.5028835063437139	1.0
28_OMC-126	6.0	6.0	1.7759194398790203	0.5964181591003748	1.0
290_OMC-126	4.0	4.0	1.347159811281923	0.5235262303948081	1.0
291_OMC-126	7.0	7.0	1.5712363708492152	0.5069204152249134	1.0
292_OMC-126	8.0	8.0	1.6604061294184707	0.4828303850156086	1.0
293_OMC-126	3.0	3.0	1.0154312795576	0.3904000000000001	1.0
294_OMC-126	4.0	4.0	1.2122831218130428	0.4583999999999999	1.0
295_OMC-126	6.25	6.0	0.9385199099667539	0.2695473251028808	0.962962962962963
296_OMC-126	6.0	6.0	1.6138243943587622	0.5123966942148761	1.0
297_OMC-126	5.0	5.0	1.3140830173571307	0.4286653517422747	1.0
298_OMC-126	5.0	4.0	1.014007282652067	0.38814814814814813	0.9555555555555556
299_OMC-126	9.142857142857142	9.0	1.3713204020351688	0.3732782369146005	0.9696969696969697
29_OMC-126	6.333333333333333	6.0	1.288913579608799	0.4290550938750386	0.9649122807017544
2_OMC-126	6.333333333333333	6.0	1.0290465117721326	0.307372175980975	0.9655172413793104
300_OMC-126	4.0	4.0	0.9329906462968529	0.32655709342560557	1.0
301_OMC-126	7.25	7.0	1.6447236193604977	0.5339441899208663	0.9591836734693877
302_OMC-126	5.0	4.0	0.7432839392193463	0.253188775510204	0.9642857142857143
303_OMC-126	5.0	5.0	1.1479204506788934	0.372892561983471	1.0
304_OMC-126	7.0	7.0	1.5604240490249823	0.5022956841138659	0.9848484848484849
305_OMC-126	8.0	8.0	1.9140469586908675	0.6058263971462545	0.9827586206896551
306_OMC-126	4.0	4.0	0.9451696091196166	0.32098765432098775	1.0
307_OMC-126	4.0	4.0	1.0706008383944372	0.37389770723104054	1.0
308_OMC-126	4.0	4.0	1.08472162804639	0.3930041152263375	1.0
309_OMC-126	4.0	4.0	0.9722134357701608	0.31955922865013775	1.0
30_OMC-126	2.0	2.0	0.74959525725948	0.33673469387755106	1.0
310_OMC-126	5.0	5.0	1.3855538128532956	0.49586776859504134	1.0
311_OMC-126	6.0	6.0	1.6668060023248301	0.5567107750472589	1.0
312_OMC-126	3.0	3.0	0.7253759284051439	0.2606310013717421	1.0
313_OMC-126	5.0	5.0	0.940476627222668	0.282968089196463	1.0
314_OMC-126	5.0	5.0	1.3850704949984158	0.4912780348878605	1.0
315_OMC-126	3.0	3.0	0.824980257347893	0.31275720164609055	1.0
316_OMC-126	6.0	6.0	1.2601423897108552	0.37807183364839303	1.0
317_OMC-126	5.0	5.0	1.2982206216336818	0.44650205761316875	1.0
318_OMC-126	4.0	4.0	1.0948778648158881	0.4152249134948096	1.0
319_OMC-126	7.25	7.0	1.6272234761353532	0.5160680529300568	0.9565217391304348
31_OMC-126	5.0	5.0	1.1063137138648347	0.3487999999999999	1.0
320_OMC-126	4.0	4.0	0.9490644350715001	0.3263971462544589	1.0
321_OMC-126	6.0	6.0	1.4487646686454771	0.458125848800362	0.9787234042553191
322_OMC-126	5.0	5.0	0.8526151042733614	0.2554632194521391	0.9824561403508771
323_OMC-126	6.0	6.0	1.5622715950769062	0.5041152263374484	1.0
324_OMC-126	6.333333333333333	6.0	1.0422641189217772	0.3120960295475531	0.9649122807017544
325_OMC-126	5.0	5.0	1.1690496495734346	0.3767999999999999	1.0
326_OMC-126	4.0	4.0	0.9000224216483543	0.29513888888888873	1.0
327_OMC-126	4.0	4.0	1.3970163324616534	0.5163593099345627	1.0
328_OMC-126	7.0	7.0	1.8438561897747248	0.5664	1.0
329_OMC-126	7.0	7.0	1.8938125335527574	0.6050295857988166	0.9807692307692307
32_OMC-126	8.25	8.0	2.151662765397319	0.6723356009070296	0.9523809523809523
330_OMC-126	4.0	4.0	1.1913590983611786	0.4448146605581009	1.0
331_OMC-126	4.0	4.0	1.1160762796829877	0.3875739644970414	1.0
332_OMC-126	6.0	6.0	1.5449508169635267	0.5157750342935529	1.0
333_OMC-126	3.0	3.0	0.9901165555366108	0.40880102040816335	1.0
334_OMC-126	8.25	8.0	1.5729564901124289	0.46492878258532644	0.9672131147540983
335_OMC-126	3.0	3.0	0.46188170471037027	0.14464168310322134	0.9743589743589743
336_OMC-126	6.0	6.0	1.5165386375861194	0.48624999999999996	0.975
337_OMC-126	7.25	7.0	1.2516024819746474	0.36749769159741463	0.9649122807017544
338_OMC-126	8.2	8.0	1.5861603006322211	0.4725765306122449	0.9642857142857143
339_OMC-126	7.25	7.0	1.5640938597543619	0.4990388312187619	0.9607843137254902
33_OMC-126	3.0	3.0	1.0663355526659646	0.4273426889995472	1.0
340_OMC-126	2.0	2.0	0.6699960320994333	0.28931979070483216	1.0
341_OMC-126	6.0	6.0	1.2736250428313687	0.41064230045686645	0.9836065573770492
342_OMC-126	6.0	6.0	1.1515086548527054	0.3410280086180365	1.0
343_OMC-126	5.0	5.0	0.9561210329998506	0.2969821673525377	0.9814814814814815
344_OMC-126	3.0	3.0	1.1024888923155898	0.4727999999999999	1.0
345_OMC-126	4.0	4.0	1.3605273114437084	0.49307479224376727	1.0
346_OMC-126	7.333333333333333	7.0	1.6340641174969903	0.5115436849253056	0.9574468085106383
347_OMC-126	4.0	4.0	0.9274479232123117	0.3062381852551985	1.0
348_OMC-126	2.0	2.0	0.3776463213737003	0.1356335514574658	1.0
349_OMC-126	5.0	5.0	1.5166422780956523	0.5299999999999999	1.0
34_OMC-126	3.0	3.0	0.8818985780251399	0.3232467070131718	1.0
350_OMC-126	5.0	5.0	1.53944727394472	0.5631507469443188	1.0
351_OMC-126	3.0	3.0	0.7962811593381773	0.2933454051607062	1.0
352_OMC-126	3.0	3.0	0.9246329720391453	0.3614814814814815	1.0
353_OMC-126	5.0	5.0	1.534152537963112	0.5321795565170362	1.0
354_OMC-126	3.0	3.0	0.7075696535050606	0.25255102040816324	1.0
355_OMC-126	4.0	4.0	1.08472162804639	0.3930041152263375	1.0
356_OMC-126	5.0	5.0	1.6205387192874232	0.5692148760330578	1.0
357_OMC-126	3.0	3.0	0.8555698088471537	0.3275663206459055	1.0
358_OMC-126	4.0	4.0	1.036210058096259	0.3715814506539833	1.0
359_OMC-126	6.0	6.0	1.595540780878377	0.564516129032258	1.0
35_OMC-126	5.0	5.0	1.2682664005875641	0.434311224489796	1.0
360_OMC-126	4.0	4.0	1.0384282233244868	0.3603440470801266	1.0
361_OMC-126	4.0	4.0	1.496065911543853	0.5397923875432526	1.0
362_OMC-126	8.0	8.0	1.9113172273012269	0.5633680555555556	1.0
363_OMC-126	5.0	5.0	1.5049085724402627	0.5242191036668176	0.9787234042553191
364_OMC-126	7.0	7.0	1.893491711854752	0.6215277777777778	0.9791666666666666
365_OMC-126	6.333333333333333	6.0	1.3417601481809736	0.4212499999999999	0.95
366_OMC-126	4.0	4.0	0.8766097285926856	0.30103550295857995	0.9807692307692307
367_OMC-126	4.0	4.0	1.513397804403961	0.5495867768595042	1.0
368_OMC-126	6.0	6.0	1.2596338797447335	0.385832033860548	1.0
369_OMC-126	5.5	5.0	1.0700101171029648	0.35123966942148765	0.9545454545454546
36_OMC-126	4.0	4.0	1.0346094939342854	0.3629373317954633	1.0
370_OMC-126	4.0	4.0	1.0775580551360835	0.36621315192743775	1.0
371_OMC-126	4.0	4.0	1.0085088279384602	0.3517265930936275	1.0
372_OMC-126	5.0	5.0	1.374482342340851	0.47261204164780435	1.0
373_OMC-126	6.0	6.0	1.4435293231432091	0.4627981488074049	1.0
374_OMC-126	5.0	5.0	1.283838391321844	0.44944444444444454	1.0
375_OMC-126	6.0	6.0	1.6492646673800617	0.5573111174949728	1.0
376_OMC-126	5.0	5.0	1.3287586053280225	0.4722780810112036	1.0
377_OMC-126	4.0	4.0	1.172922359265615	0.4250622997508011	1.0
378_OMC-126	6.5	6.0	1.4425257409143288	0.48810939357907246	0.9655172413793104
379_OMC-126	6.333333333333333	6.0	1.583387183041274	0.5437239738251041	0.9512195121951219
37_OMC-126	6.0	6.0	1.3801055848554313	0.43288241415192497	1.0
380_OMC-126	4.0	4.0	1.2776134368191157	0.44628099173553726	1.0
381_OMC-126	9.2	9.0	1.8738248693308093	0.5390234525182622	0.9607843137254902
382_OMC-126	5.0	5.0	1.6859441865278226	0.5795454545454545	1.0
383_OMC-126	5.0	5.0	1.416984471235774	0.5044213763936948	1.0
384_OMC-126	4.0	4.0	0.8995676323871854	0.30202140309155767	1.0
385_OMC-126	5.0	5.0	1.2884926890861645	0.4378698224852072	1.0
386_OMC-126	2.0	2.0	0.7455178428108284	0.3342516069788797	1.0
387_OMC-126	5.0	5.0	1.287370491821598	0.4244628099173553	1.0
388_OMC-126	4.0	4.0	1.4001108586294284	0.5287460389316432	1.0
389_OMC-126	6.333333333333333	6.0	1.3190133309109342	0.4128494943486021	0.9512195121951219
38_OMC-126	8.0	8.0	1.694349261682807	0.4968505920886874	1.0
390_OMC-126	4.0	4.0	1.267931645520725	0.47933884297520657	1.0
391_OMC-126	9.0	9.0	2.125598263908001	0.6336088154269972	1.0
392_OMC-126	7.25	7.0	1.4626250764221556	0.45679012345679015	0.962962962962963
393_OMC-126	5.5	5.0	1.0655662399881731	0.3550347222222223	0.9583333333333334
394_OMC-126	9.0	9.0	2.3289254527692322	0.6826618379357176	1.0
395_OMC-126	5.0	5.0	1.2754245365381238	0.42663891779396457	1.0
396_OMC-126	4.0	4.0	1.0760226197984133	0.39666756248320345	1.0
397_OMC-126	6.0	6.0	1.4825418332603975	0.46295294753921057	1.0
398_OMC-126	6.0	6.0	1.2371123462622635	0.38196019148400095	1.0
399_OMC-126	3.0	3.0	1.0226297788901695	0.4173553719008264	1.0
39_OMC-126	2.0	2.0	0.691289869405789	0.30178326474622774	1.0
3_OMC-126	5.5	5.0	1.2487781244591327	0.416015625	0.9375
400_OMC-126	8.25	8.0	1.799241199596318	0.5808080808080808	0.9696969696969697
401_OMC-126	6.0	6.0	1.6328773369500162	0.5511111111111111	1.0
402_OMC-126	7.2	7.0	1.4951396761379827	0.4445983379501386	0.9473684210526316
403_OMC-126	7.333333333333333	7.0	1.5884600730019836	0.514377855415211	0.9672131147540983
404_OMC-126	3.0	3.0	0.7163515129214616	0.25652892561983476	1.0
405_OMC-126	2.0	2.0	0.7642045065086203	0.345679012345679	1.0
406_OMC-126	5.0	5.0	1.213076251845615	0.4075100030778701	1.0
407_OMC-126	2.0	2.0	0.3533593350214213	0.12444444444444436	1.0
408_OMC-126	6.0	6.0	1.603213036957295	0.5170362358031368	1.0
409_OMC-126	6.333333333333333	6.0	1.5444214805290837	0.5098612125639153	0.9459459459459459
40_OMC-126	5.0	5.0	1.408222675578688	0.4722222222222221	1.0
410_OMC-126	7.0	7.0	1.7864579954822148	0.5663281009541399	1.0
411_OMC-126	6.0	6.0	1.3944844773569176	0.43096423721140786	1.0
412_OMC-126	7.0	7.0	1.7148454163552083	0.5267401236226821	1.0
413_OMC-126	8.0	8.0	1.5656580973424365	0.44690674053554946	1.0
414_OMC-126	6.0	6.0	1.3649711769415689	0.42731166540690346	1.0
415_OMC-126	5.0	5.0	1.4773815958716257	0.5055179779280883	1.0
416_OMC-126	4.0	4.0	1.3355055565170972	0.5	1.0
417_OMC-126	8.0	8.0	1.8689982646547134	0.5582468281430218	1.0
418_OMC-126	7.0	7.0	1.5234463161137062	0.48277777777777797	0.9833333333333333
419_OMC-126	6.0	6.0	1.7709505944546686	0.5900000000000001	1.0
41_OMC-126	6.0	6.0	1.6475817919659197	0.5489498042007832	0.9811320754716981
420_OMC-126	5.0	5.0	1.4961268547517816	0.5387811634349031	0.9736842105263158
421_OMC-126	9.166666666666666	9.0	1.961154232803017	0.5659259259259258	0.9555555555555556
422_OMC-126	7.25	7.0	1.4267992677050207	0.44387755102040827	0.9642857142857143
423_OMC-126	3.0	3.0	0.6402064333604701	0.2145328719723183	1.0
424_OMC-126	6.0	6.0	1.1566039791655804	0.3577727387251197	0.9841269841269842
425_OMC-126	8.166666666666666	8.0	1.3392300788425848	0.3756377551020408	0.9642857142857143
426_OMC-126	5.0	5.0	1.370912144923495	0.4897959183673468	1.0
427_OMC-126	6.333333333333333	6.0	1.0402471478258133	0.32001836547291085	0.9696969696969697
428_OMC-126	4.0	4.0	0.9518318601943571	0.3347107438016529	1.0
429_OMC-126	6.0	6.0	1.5482921968886938	0.503429355281207	0.9814814814814815
42_OMC-126	5.0	5.0	1.1336983823367466	0.36734693877551017	1.0
430_OMC-126	5.5	5.0	1.2844662195082455	0.4822485207100592	0.9615384615384616
431_OMC-126	7.0	7.0	1.6014465249842877	0.5179063360881544	1.0
432_OMC-126	4.0	4.0	1.1704085199112535	0.42666666666666686	1.0
433_OMC-126	6.0	6.0	1.678897902987479	0.5449999999999999	1.0
434_OMC-126	8.0	8.0	2.1225475022168	0.6697209496043315	1.0
435_OMC-126	5.0	5.0	1.1685658795253677	0.3853493382579256	1.0
436_OMC-126	4.0	4.0	0.9653723546781459	0.32552083333333326	1.0
437_OMC-126	4.0	4.0	0.9964156475663195	0.35262303948080054	0.9767441860465116
438_OMC-126	3.0	3.0	0.8458045338231152	0.3304142011834319	1.0
439_OMC-126	5.0	5.0	1.5820872630553264	0.5665038781959206	1.0
43_OMC-126	5.0	5.0	1.6253753620026588	0.5494276795005203	1.0
440_OMC-126	4.0	4.0	1.2843873173166744	0.48674959437533816	1.0
441_OMC-126	6.0	6.0	1.5064431878202944	0.47165532879818584	1.0
442_OMC-126	8.0	8.0	1.8681904264514715	0.5864314219701743	1.0
443_OMC-126	4.0	4.0	1.042344321483692	0.37037037037037035	1.0
444_OMC-126	5.0	5.0	1.3824386729122555	0.460223537146614	1.0
445_OMC-126	4.0	4.0	0.9942748421041112	0.33016800584368144	1.0
446_OMC-126	5.0	5.0	1.6095692831305726	0.5983471074380167	0.9818181818181818
447_OMC-126	8.2	8.0	1.925569098901347	0.5709876543209877	0.9444444444444444
448_OMC-126	6.0	6.0	1.867576946176195	0.6213151927437641	1.0
449_OMC-126	9.0	9.0	1.7015940214938867	0.49737450115521953	0.9855072463768116
44_OMC-126	5.0	5.0	1.2593984370492775	0.41666666666666663	1.0
450_OMC-126	6.0	6.0	1.505876255604107	0.49112426035502976	1.0
451_OMC-126	6.0	6.0	1.5941859576379551	0.5119999999999999	1.0
452_OMC-126	5.0	5.0	1.6178264234917545	0.5778512396694215	1.0
453_OMC-126	5.0	5.0	1.5394705707972522	0.5408	1.0
454_OMC-126	4.0	4.0	1.2688342307774811	0.4714702207413578	1.0
455_OMC-126	4.0	4.0	0.9828291224878022	0.33679354094579017	1.0
456_OMC-126	4.0	4.0	1.2756083071080524	0.47337278106508873	1.0
457_OMC-126	3.0	3.0	1.0056659577324911	0.39001189060642105	1.0
458_OMC-126	6.0	6.0	1.776853277436914	0.5836776859504131	1.0
459_OMC-126	3.0	3.0	0.8703622255167203	0.32837596668649616	1.0
45_OMC-126	3.0	3.0	1.0785278600930746	0.4523456790123458	1.0
460_OMC-126	5.0	5.0	1.0590912367179681	0.34512396694214864	0.9818181818181818
461_OMC-126	6.0	6.0	1.8724183115502744	0.6432291666666666	1.0
462_OMC-126	7.0	7.0	1.4899241524959304	0.45525494276795	1.0
463_OMC-126	6.0	6.0	1.6688388898504305	0.5308641975308642	1.0
464_OMC-126	6.333333333333333	6.0	1.6731257851555188	0.593694229625223	0.9512195121951219
465_OMC-126	6.25	6.0	1.0931293447299506	0.3233471074380163	0.9545454545454546
466_OMC-126	5.0	5.0	1.3833236450705653	0.48596693579392536	1.0
467_OMC-126	6.0	6.0	1.4635876967842194	0.4979881656804732	1.0
468_OMC-126	2.0	2.0	0.8112781244591328	0.375	1.0
469_OMC-126	5.0	5.0	0.9945637531514431	0.3067776456599286	1.0
46_OMC-126	8.2	8.0	1.7129603518108854	0.5644909779460905	0.9701492537313433
470_OMC-126	9.0	9.0	2.213744643618978	0.6538351048549267	1.0
471_OMC-126	3.0	3.0	0.9201433068550069	0.3397530864197529	1.0
472_OMC-126	4.0	4.0	1.2706525337308519	0.48487712665406424	1.0
473_OMC-126	3.0	3.0	0.6025148591007898	0.20984315846403456	0.9767441860465116
474_OMC-126	8.0	8.0	1.835927554761159	0.5618311533888227	1.0
475_OMC-126	6.0	6.0	1.7454445718286176	0.5806067816775728	1.0
476_OMC-126	6.0	6.0	1.2803301792260264	0.3977777777777778	1.0
477_OMC-126	6.0	6.0	1.360097764548871	0.42710743801652884	1.0
478_OMC-126	4.0	4.0	1.0245555716484194	0.3502066115702479	1.0
479_OMC-126	6.0	6.0	1.4619539684742775	0.4696745562130178	1.0
47_OMC-126	4.0	4.0	0.7759702961322433	0.245906348750359	1.0
480_OMC-126	7.0	7.0	1.48944817963616	0.44677734375	1.0
481_OMC-126	4.0	4.0	1.0482127699741064	0.3687999999999999	1.0
482_OMC-126	6.0	6.0	1.4368598371875363	0.4705325443786982	1.0
483_OMC-126	5.0	5.0	1.7235463909056528	0.6170798898071626	1.0
484_OMC-126	5.0	5.0	1.2758310101212371	0.42799999999999994	1.0
485_OMC-126	7.0	7.0	1.8399523669888795	0.5905895078420769	0.9767441860465116
486_OMC-126	4.0	4.0	1.1358480869029604	0.4021415823914336	1.0
487_OMC-126	3.0	3.0	0.5587770161236656	0.18084473527662093	1.0
488_OMC-126	5.0	5.0	1.1065928551583468	0.35433884297520657	0.9772727272727273
489_OMC-126	7.0	7.0	1.8582154817610796	0.5897920604914934	1.0
48_OMC-126	6.0	6.0	1.493416900401561	0.49615266235764854	1.0
490_OMC-126	5.0	5.0	1.3047827041622575	0.4444444444444444	1.0
491_OMC-126	3.0	3.0	1.0340238311909427	0.4262759924385633	1.0
492_OMC-126	4.0	4.0	1.2159434146433499	0.4807256235827665	1.0
493_OMC-126	5.0	5.0	1.295659529821394	0.43100189035916825	1.0
494_OMC-126	3.0	3.0	1.167436723286701	0.4986149584487535	1.0
495_OMC-126	6.0	6.0	1.4289516207607682	0.4548156956004755	1.0
496_OMC-126	7.0	7.0	1.5504460149179355	0.471938775510204	1.0
497_OMC-126	3.0	3.0	1.0355818111935686	0.4240129799891835	1.0
498_OMC-126	3.0	3.0	0.9132829641650988	0.3490304709141274	1.0
499_OMC-126	6.0	6.0	1.532690529491945	0.5094517958412097	0.9782608695652174
49_OMC-126	3.0	3.0	0.7876672014273051	0.29488703923900117	1.0
4_OMC-126	6.0	6.0	1.2601423897108552	0.37807183364839303	1.0
500_OMC-126	2.0	2.0	0.2460225782203316	0.07830070803831746	1.0
501_OMC-126	5.0	5.0	1.2639896122354166	0.4417360285374553	0.9827586206896551
502_OMC-126	5.5	5.0	1.1109086221737026	0.36149584487534614	0.9473684210526316
503_OMC-126	2.0	2.0	0.5328350630342235	0.21303948576675857	1.0
504_OMC-126	8.0	8.0	1.8381369068114948	0.5801248699271593	0.9838709677419355
505_OMC-126	8.25	8.0	1.777459182079258	0.5563020693361999	0.9672131147540983
506_OMC-126	3.0	3.0	0.7745178605709557	0.2832153269471054	1.0
507_OMC-126	4.0	4.0	1.2439904575514165	0.4767999999999998	1.0
508_OMC-126	5.0	5.0	1.315323144476333	0.4442975206611569	1.0
509_OMC-126	5.0	5.0	1.7096051616758505	0.6219578150351541	0.9767441860465116
50_OMC-126	3.0	3.0	1.0582741989496858	0.4136000000000001	1.0
510_OMC-126	6.0	6.0	1.5102026638481423	0.5025510204081631	1.0
511_OMC-126	7.25	7.0	1.7010875253642983	0.5598958333333333	0.9583333333333334
512_OMC-126	6.0	6.0	1.2038795066534187	0.35818408996251583	1.0
513_OMC-126	7.0	7.0	1.4365373703083955	0.4359091601889957	1.0
514_OMC-126	4.0	4.0	0.8869622484143627	0.28987921699291963	1.0
515_OMC-126	7.0	7.0	1.6274736551867257	0.5395411004678102	0.9850746268656716
516_OMC-126	7.333333333333333	7.0	1.4613037274758844	0.4435742257030971	0.9622641509433962
517_OMC-126	7.25	7.0	1.7682356925009415	0.5725623582766439	0.9523809523809523
518_OMC-126	4.0	4.0	1.3968024277163564	0.5322448979591836	1.0
519_OMC-126	6.0	6.0	1.5230096548354992	0.47916666666666663	1.0
51_OMC-126	2.0	2.0	0.7382848661434506	0.32986111111111116	1.0
520_OMC-126	3.0	3.0	0.8700820018717121	0.3165347771761765	1.0
521_OMC-126	7.25	7.0	1.8226872845888167	0.622000905387053	0.9574468085106383
522_OMC-126	5.0	5.0	0.9833557549816875	0.29861111111111094	1.0
523_OMC-126	3.0	3.0	0.7163515129214616	0.25652892561983476	1.0
524_OMC-126	5.0	5.0	1.2819038666887628	0.43500000000000016	1.0
525_OMC-126	3.0	3.0	0.9123163027543336	0.35538752362948955	1.0
526_OMC-126	4.0	4.0	1.255572940932738	0.47804436396559524	1.0
527_OMC-126	7.5	6.0	1.1624515717078805	0.38227146814404434	0.9473684210526316
528_OMC-126	5.0	5.0	1.327828719365986	0.4958345303073829	0.9830508474576272
529_OMC-126	4.0	4.0	1.0702145051627519	0.3950617283950618	0.9777777777777777
52_OMC-126	2.0	2.0	0.8051250074646823	0.37112426035502954	1.0
530_OMC-126	3.0	3.0	0.7943095546405662	0.2816000000000002	1.0
531_OMC-126	6.0	6.0	1.6606563603375244	0.5361570247933884	1.0
532_OMC-126	3.0	3.0	0.9411388429774533	0.36624999999999996	1.0
533_OMC-126	8.0	7.0	1.2763151681231972	0.38965835641735924	0.9473684210526316
534_OMC-126	3.0	3.0	1.0355818111935686	0.4240129799891835	1.0
535_OMC-126	5.0	5.0	1.3415618584949456	0.4521604938271605	0.9722222222222222
536_OMC-126	7.0	7.0	1.3022856597068977	0.37677816224529037	0.9803921568627451
537_OMC-126	7.0	7.0	1.911742960373561	0.6148760330578513	1.0
538_OMC-126	6.0	6.0	1.463014721797014	0.4891158290782047	1.0
539_OMC-126	4.0	4.0	1.0594873517384962	0.369140625	1.0
53_OMC-126	3.0	3.0	1.0529407605626349	0.42592592592592593	1.0
540_OMC-126	3.0	3.0	0.9695628382076225	0.38716049382716056	1.0
541_OMC-126	8.2	8.0	1.6911664292941309	0.5439453125	0.96875
542_OMC-126	6.0	6.0	1.2220198859116511	0.36458333333333326	1.0
543_OMC-126	3.0	3.0	0.8076702057269437	0.2986767485822306	1.0
544_OMC-126	4.0	4.0	1.3492867881359532	0.5286458333333334	0.9791666666666666
545_OMC-126	6.0	6.0	1.5337998802705037	0.4778393351800555	1.0
546_OMC-126	6.5	6.0	1.5567014090503184	0.5137912385073014	0.9534883720930233
547_OMC-126	3.0	3.0	0.8891136180964337	0.3468934911242605	1.0
548_OMC-126	4.0	4.0	1.0379870687018355	0.3599632690541782	1.0
549_OMC-126	3.0	3.0	1.1660870601063935	0.491349480968858	1.0
54_OMC-126	5.5	5.0	1.1315763694478795	0.3696128560993426	0.9459459459459459
550_OMC-126	5.0	5.0	1.2086489509530647	0.382716049382716	1.0
551_OMC-126	6.0	6.0	1.0446187334303485	0.3047347810608758	0.9811320754716981
552_OMC-126	6.0	6.0	1.4937949574648774	0.4999999999999999	0.98
553_OMC-126	4.0	4.0	0.7653636126766977	0.23818525519848766	1.0
554_OMC-126	4.0	4.0	1.0238995733215064	0.35416666666666674	1.0
555_OMC-126	5.333333333333333	5.0	0.7833514224564077	0.2300347222222222	0.9583333333333334
556_OMC-126	5.333333333333333	5.0	0.8362214933905643	0.24896694214876025	0.9545454545454546
557_OMC-126	8.0	8.0	1.9797218324096135	0.6048	1.0
558_OMC-126	2.0	2.0	0.6098403047164005	0.2550000000000001	1.0
559_OMC-126	5.0	5.0	1.532419498446859	0.5215419501133787	1.0
55_OMC-126	7.0	7.0	1.5482884121171452	0.48051599032518144	1.0
560_OMC-126	3.0	3.0	0.9218410579144519	0.36318200749687635	1.0
561_OMC-126	7.0	7.0	1.6741859576379552	0.5151999999999999	1.0
562_OMC-126	8.2	8.0	1.7038166899312193	0.5388888888888889	0.9666666666666667
563_OMC-126	3.0	3.0	0.7253759284051439	0.2606310013717421	1.0
564_OMC-126	9.25	9.0	1.8692080416162586	0.5442247658688867	0.967741935483871
565_OMC-126	5.0	5.0	1.2758310101212371	0.42799999999999994	1.0
566_OMC-126	4.0	4.0	1.1429008132491238	0.40504770698676507	1.0
567_OMC-126	3.0	3.0	1.0828237856060903	0.4688307957483482	1.0
568_OMC-126	6.333333333333333	6.0	1.585892746741299	0.5557851239669421	0.9545454545454546
569_OMC-126	3.0	3.0	0.7540104506672378	0.27374086889657834	1.0
56_OMC-126	7.0	7.0	1.729138121632174	0.5421487603305786	1.0
570_OMC-126	6.0	6.0	1.696451671948292	0.5624661979448351	1.0
571_OMC-126	4.0	4.0	1.2257468531484326	0.434567901234568	1.0
572_OMC-126	5.0	5.0	1.3283714976772816	0.45149153453372737	1.0
573_OMC-126	4.0	4.0	0.9517146549329366	0.31986672219908363	1.0
574_OMC-126	5.0	5.0	1.2928979154146678	0.43481882548937945	1.0
575_OMC-126	5.0	5.0	1.1386865525783179	0.36111111111111105	1.0
576_OMC-126	5.0	5.0	1.2759169274267115	0.41838842975206614	1.0
577_OMC-126	4.0	4.0	1.2901208527411527	0.47633136094674566	1.0
578_OMC-126	8.2	8.0	1.7791646828061025	0.5650510204081634	0.9642857142857143
579_OMC-126	2.0	2.0	0.5746356978376794	0.23553719008264462	1.0
57_OMC-126	4.0	4.0	1.0766029385821068	0.38107638888888884	1.0
580_OMC-126	5.0	5.0	1.6783410091690611	0.619761630142253	1.0
581_OMC-126	3.0	3.0	0.7694449140302984	0.277892561983471	1.0
582_OMC-126	6.0	6.0	1.8350553095348328	0.6064049586776858	1.0
583_OMC-126	5.0	5.0	1.214779490172688	0.41232638888888884	0.9791666666666666
584_OMC-126	3.0	3.0	0.5048637698517882	0.16493827160493824	0.9777777777777777
585_OMC-126	5.0	5.0	1.4190352743388661	0.4800000000000002	1.0
586_OMC-126	5.0	5.0	1.4673660893793234	0.4885215794306702	1.0
587_OMC-126	5.0	5.0	1.338141847079169	0.47353497164461256	0.9782608695652174
588_OMC-126	7.25	7.0	1.60185184229817	0.5386444708680143	0.9655172413793104
589_OMC-126	6.0	6.0	1.3334676189666654	0.4273469387755101	1.0
58_OMC-126	5.0	5.0	1.4081503203204975	0.48974609375	1.0
590_OMC-126	6.0	6.0	1.3580686499116486	0.4444444444444444	1.0
591_OMC-126	4.0	4.0	1.1710370534794163	0.4279336734693878	1.0
592_OMC-126	7.0	7.0	1.6597224094502605	0.5029585798816569	1.0
593_OMC-126	6.0	6.0	1.1313482974594995	0.33660871756109856	1.0
594_OMC-126	7.0	7.0	1.620070952136186	0.5060018467220684	1.0
595_OMC-126	7.0	7.0	1.2009958664784348	0.3441358024691359	1.0
596_OMC-126	5.0	5.0	1.4758629148469413	0.4954648526077098	1.0
597_OMC-126	3.0	3.0	0.8315435491770657	0.3099173553719007	1.0
598_OMC-126	5.0	5.0	1.44726249944121	0.4877126654064272	1.0
599_OMC-126	4.0	4.0	0.7789598728797985	0.24994082840236687	1.0
59_OMC-126	4.0	4.0	0.8869622484143627	0.2898792169929195	1.0
5_OMC-126	4.0	4.0	1.1364116341009105	0.42007831968672127	1.0
600_OMC-126	8.0	8.0	1.5090426096198688	0.4600888888888889	0.9866666666666667
601_OMC-126	2.0	2.0	0.4450648570508386	0.16803840877914955	1.0
602_OMC-126	4.0	4.0	0.7686989926615753	0.2406550373798504	1.0
603_OMC-126	6.333333333333333	6.0	1.422877116288701	0.4637188208616779	0.9523809523809523
604_OMC-126	5.0	5.0	0.9584205674480689	0.2920497566252028	0.9767441860465116
605_OMC-126	8.0	8.0	2.174669216670374	0.6638016528925621	1.0
606_OMC-126	5.0	5.0	1.374482342340851	0.47261204164780435	1.0
607_OMC-126	5.0	5.0	1.4675909709919186	0.5251736111111112	1.0
608_OMC-126	6.333333333333333	6.0	1.6153196182512768	0.5498614958448753	0.9473684210526316
609_OMC-126	4.0	4.0	0.8225746626043481	0.2782394582948601	0.9824561403508771
60_OMC-126	7.0	7.0	1.769545992558975	0.5561224489795917	1.0
610_OMC-126	5.0	5.0	1.5172263780483684	0.5195061728395063	1.0
611_OMC-126	6.0	6.0	1.2645665437059144	0.3840877914951989	1.0
612_OMC-126	6.0	6.0	1.8665286790779034	0.6228373702422145	1.0
613_OMC-126	2.0	2.0	0.8739810481273579	0.4152249134948096	1.0
614_OMC-126	8.0	8.0	1.8689982646547134	0.558246828143022	1.0
615_OMC-126	7.25	7.0	1.2693912625352288	0.3698224852071007	0.9615384615384616
616_OMC-126	3.0	3.0	1.0032709271829536	0.37946788497715667	1.0
617_OMC-126	9.6	9.0	1.7522795031339915	0.5231866825208086	0.9482758620689655
618_OMC-126	3.0	3.0	1.0975596723589818	0.45925044616299804	1.0
619_OMC-126	6.0	6.0	1.3348600837085751	0.41601719967750606	1.0
61_OMC-126	5.0	5.0	1.2567644096644408	0.41243459526008	1.0
620_OMC-126	6.0	6.0	1.5019566687463544	0.4714702207413578	1.0
621_OMC-126	12.0	6.0	1.1757154457546046	0.3822314049586778	0.9090909090909091
622_OMC-126	7.0	7.0	1.5504460149179355	0.47193877551020413	1.0
623_OMC-126	4.0	4.0	1.145235779471061	0.4	1.0
624_OMC-126	4.0	4.0	1.1096124047627358	0.3998334027488547	1.0
625_OMC-126	4.5	4.0	0.8059584928680417	0.25765306122448994	0.9285714285714286
626_OMC-126	4.0	4.0	1.2735555847112208	0.47562425683709864	1.0
627_OMC-126	4.0	4.0	0.8140523082198735	0.258225739275302	1.0
628_OMC-126	5.0	4.0	0.8388343508275391	0.29425079221367134	0.9574468085106383
629_OMC-126	4.0	4.0	1.2772018112022605	0.46366782006920404	1.0
62_OMC-126	4.0	4.0	0.8453874979537443	0.2764565992865634	1.0
630_OMC-126	4.0	4.0	1.068187337458506	0.38165680473372776	1.0
631_OMC-126	5.0	5.0	1.7387586809150082	0.6199999999999999	1.0
632_OMC-126	5.0	5.0	1.3972094326096418	0.5214497041420119	0.9807692307692307
633_OMC-126	2.0	2.0	0.6292492238560347	0.2659279778393353	1.0
634_OMC-126	4.0	4.0	0.9308927290103626	0.322265625	1.0
635_OMC-126	3.0	3.0	0.8076702057269437	0.2986767485822306	1.0
636_OMC-126	4.0	4.0	1.2567796494470396	0.4650000000000001	1.0
637_OMC-126	3.0	3.0	0.8997559594359128	0.36408163265306115	1.0
638_OMC-126	6.0	6.0	1.4435293231432091	0.4627981488074049	1.0
639_OMC-126	5.0	5.0	1.522729892501702	0.5564236111111112	1.0
63_OMC-126	5.333333333333333	5.0	0.8657150405901117	0.2596371882086168	0.9523809523809523
640_OMC-126	4.0	4.0	1.4007257672724922	0.525432098765432	1.0
641_OMC-126	6.0	6.0	1.6712827934145755	0.5560330578512398	0.9818181818181818
642_OMC-126	4.0	4.0	1.0797374117849927	0.38919667590027696	0.9736842105263158
643_OMC-126	5.0	5.0	1.4529289228805036	0.5360528583740305	0.9830508474576272
644_OMC-126	4.0	4.0	0.9794636179479979	0.3313716613852422	1.0
645_OMC-126	3.0	3.0	1.069385738534449	0.4342857142857143	1.0
646_OMC-126	3.0	3.0	0.9188843576157454	0.3645425418298326	1.0
647_OMC-126	6.0	6.0	1.5995415317064778	0.5725619834710745	0.9818181818181818
648_OMC-126	5.0	5.0	1.105152376027551	0.35850694444444453	0.9791666666666666
649_OMC-126	5.0	5.0	1.2120890457978268	0.4026063100137174	1.0
64_OMC-126	7.333333333333333	7.0	1.4747728914519418	0.46831955922865	0.9696969696969697
650_OMC-126	5.0	5.0	1.4955037305511907	0.5328798185941043	0.9761904761904762
651_OMC-126	6.0	6.0	1.339940665570382	0.42872008324661803	1.0
652_OMC-126	5.0	5.0	1.055767528240695	0.33714880332986485	1.0
653_OMC-126	2.0	2.0	0.5746356978376794	0.23553719008264462	1.0
654_OMC-126	3.0	3.0	0.5304060778306042	0.1694214876033059	1.0
655_OMC-126	6.0	6.0	1.3009376049438532	0.3925619834710743	1.0
656_OMC-126	4.0	4.0	0.611957695331837	0.18300653594771243	0.9803921568627451
657_OMC-126	2.0	2.0	0.5159469300074474	0.20414201183431957	1.0
658_OMC-126	5.0	5.0	1.4421654769909644	0.535077288941736	1.0
659_OMC-126	5.0	5.0	1.3363816313106465	0.44378698224852076	1.0
65_OMC-126	9.0	9.0	1.838914793206157	0.5240299038803846	0.9811320754716981
660_OMC-126	4.0	4.0	0.9721971827701483	0.32449972958355866	1.0
661_OMC-126	4.0	4.0	1.1545676820893709	0.41965973534971657	1.0
662_OMC-126	6.0	6.0	1.3386052991513016	0.44122448979591844	1.0
663_OMC-126	8.0	8.0	1.6475594387512627	0.4800295857988165	0.9807692307692307
664_OMC-126	6.0	5.0	1.2534540948802004	0.42340565417488474	0.9487179487179487
665_OMC-126	8.0	8.0	2.191796609574732	0.6871455576559546	0.9782608695652174
666_OMC-126	5.0	5.0	1.36625315355054	0.4620408163265305	1.0
667_OMC-126	3.0	3.0	0.9862797907095945	0.38860482103725347	1.0
668_OMC-126	4.0	4.0	1.1913590983611786	0.4448146605581009	1.0
669_OMC-126	4.0	4.0	1.3778903318832147	0.5079365079365079	1.0
66_OMC-126	5.0	5.0	1.415334117406218	0.5050505050505051	1.0
670_OMC-126	7.25	7.0	1.4880745037859744	0.47140495867768595	0.9636363636363636
671_OMC-126	7.25	7.0	1.5098547158324525	0.48469387755102045	0.9642857142857143
672_OMC-126	5.0	5.0	1.5157895841746822	0.5185185185185186	1.0
673_OMC-126	6.0	6.0	1.3645503384480078	0.41679012345679023	1.0
674_OMC-126	5.5	5.0	1.1413448893089646	0.415479709755442	0.9672131147540983
675_OMC-126	8.0	8.0	2.1371365593292255	0.6588541666666667	1.0
676_OMC-126	4.0	4.0	1.1975982397133222	0.44328922495274103	1.0
677_OMC-126	4.0	4.0	0.9828291224878022	0.33679354094579006	1.0
678_OMC-126	3.0	3.0	0.5395046027107564	0.17306652244456477	1.0
679_OMC-126	7.0	7.0	2.0296858630221895	0.6472303206997085	1.0
67_OMC-126	3.0	3.0	0.9828401803140903	0.3802625622453599	1.0
680_OMC-126	4.0	4.0	1.1108340201025677	0.40859504132231406	1.0
681_OMC-126	4.0	4.0	0.8165292402728603	0.26181818181818184	1.0
682_OMC-126	5.0	5.0	0.9661099411467312	0.29355371900826455	1.0
683_OMC-126	5.0	5.0	1.1731858679717249	0.3742911153119092	1.0
684_OMC-126	4.0	4.0	1.1160762796829877	0.3875739644970414	1.0
685_OMC-126	5.0	5.0	1.1310469589756322	0.37360000000000004	0.98
686_OMC-126	5.0	5.0	1.47312842712131	0.5124716553287982	1.0
687_OMC-126	5.0	5.0	1.163540201121071	0.3656509695290858	1.0
688_OMC-126	4.0	4.0	1.1024107498169229	0.3772839506172839	1.0
689_OMC-126	4.0	4.0	1.0374012540422355	0.35434007134363843	1.0
68_OMC-126	6.0	6.0	1.3637502839628146	0.42283163265306123	1.0
690_OMC-126	4.0	4.0	0.8892758390287986	0.29423868312757195	1.0
691_OMC-126	4.0	4.0	1.1391653284207475	0.41285649615210496	1.0
692_OMC-126	5.0	5.0	1.5152929271780944	0.554820415879017	0.9782608695652174
693_OMC-126	6.0	6.0	1.3580686499116488	0.4444444444444443	1.0
694_OMC-126	7.0	7.0	2.0450448197428472	0.6383673469387756	0.9714285714285714
695_OMC-126	5.0	5.0	1.3310152376851465	0.47729105079279766	1.0
696_OMC-126	5.5	5.0	1.310503073692669	0.4977810650887574	0.9615384615384616
697_OMC-126	4.0	4.0	1.229672286024253	0.4576446280991734	1.0
698_OMC-126	3.0	3.0	0.8841837197791889	0.33499999999999985	1.0
699_OMC-126	6.333333333333333	6.0	1.5660823047158263	0.548148148148148	0.9555555555555556
69_OMC-126	5.0	5.0	1.0613282950879122	0.33179067283730856	1.0
6_OMC-126	4.0	4.0	1.335438683141686	0.4964598084131613	1.0
700_OMC-126	4.0	4.0	1.1400677626718574	0.39446366782006914	1.0
701_OMC-126	3.0	3.0	0.8440628803439406	0.3158464034613304	1.0
702_OMC-126	8.2	8.0	1.7406788859330649	0.5517241379310345	0.9655172413793104
703_OMC-126	3.0	3.0	0.7883699704399463	0.28341855368882396	1.0
704_OMC-126	4.0	4.0	1.0406048226800433	0.3569497025419147	1.0
705_OMC-126	3.0	3.0	0.7262600383509772	0.27376033057851235	0.9772727272727273
706_OMC-126	3.0	3.0	0.787043555045382	0.29191883232467064	1.0
707_OMC-126	4.0	4.0	1.1385945907452588	0.4321418973394249	1.0
708_OMC-126	6.0	6.0	1.3354312795575995	0.40959999999999996	1.0
709_OMC-126	5.5	5.0	1.3067796494470396	0.46625000000000005	0.95
70_OMC-126	5.0	5.0	1.0144044449514422	0.3100189035916824	1.0
710_OMC-126	6.0	6.0	1.3801055848554313	0.4328824141519251	1.0
711_OMC-126	5.0	5.0	0.9270745023710717	0.2781065088757396	1.0
712_OMC-126	5.0	5.0	1.3386913626239056	0.4581424406497294	1.0
713_OMC-126	7.0	7.0	1.612499698866534	0.5097899608401567	0.9811320754716981
714_OMC-126	8.2	8.0	1.6977983458038368	0.5416233090530698	0.967741935483871
715_OMC-126	10.0	10.0	2.4742372123839216	0.7166942148760331	1.0
716_OMC-126	5.0	5.0	1.4336142275766306	0.47590719809637116	1.0
717_OMC-126	7.0	7.0	1.8098225451324987	0.5729166666666667	1.0
718_OMC-126	5.0	5.0	1.0654116416498174	0.3486662465868514	1.0
719_OMC-126	5.0	5.0	1.2593984370492775	0.41666666666666663	1.0
71_OMC-126	6.0	6.0	1.3702597121163909	0.423469387755102	1.0
720_OMC-126	4.0	4.0	0.9719107472497721	0.33609693877551006	1.0
721_OMC-126	5.0	5.0	1.2551880960645947	0.4390618992695118	0.9803921568627451
722_OMC-126	4.0	4.0	1.0582770432263342	0.3601108033240997	1.0
723_OMC-126	7.333333333333333	7.0	1.8480573796771764	0.5938345051379124	0.9534883720930233
724_OMC-126	7.0	7.0	1.8833809438630704	0.596076323568933	1.0
725_OMC-126	3.0	3.0	0.9133533657970414	0.3526077097505669	1.0
726_OMC-126	6.0	6.0	1.6492646673800615	0.5573111174949728	1.0
727_OMC-126	6.333333333333333	6.0	1.2815518144866518	0.415680473372781	0.9615384615384616
728_OMC-126	6.5	6.0	1.391004799028134	0.4636598678540649	0.9661016949152542
729_OMC-126	7.0	7.0	1.5869314271403676	0.5177514792899409	0.9871794871794872
72_OMC-126	5.0	5.0	1.1554927842134017	0.39774078478002384	0.9827586206896551
730_OMC-126	7.75	7.0	1.2640848337134574	0.3666846944294214	0.9302325581395349
731_OMC-126	4.0	4.0	1.1183698009902907	0.38530612244897944	1.0
732_OMC-126	6.333333333333333	6.0	1.1842840870425297	0.3735537190082644	0.9636363636363636
733_OMC-126	3.0	3.0	0.8440628803439406	0.3158464034613304	1.0
734_OMC-126	3.0	3.0	1.134969974603941	0.47530864197530864	1.0
735_OMC-126	6.0	6.0	1.9801287952376792	0.653061224489796	1.0
736_OMC-126	8.0	8.0	1.9545304475546978	0.6063100137174211	1.0
737_OMC-126	4.0	4.0	1.243413935573068	0.4454504300588501	1.0
738_OMC-126	5.0	5.0	1.7031752704621441	0.6100594916170903	1.0
739_OMC-126	5.0	5.0	1.1065928551583468	0.35433884297520657	0.9772727272727273
73_OMC-126	5.0	4.0	1.028116797593649	0.3992756903576279	0.9574468085106383
740_OMC-126	5.0	5.0	1.3818975667152502	0.47532820280669996	0.9787234042553191
741_OMC-126	6.0	6.0	1.545550668024657	0.5110946745562129	1.0
742_OMC-126	3.0	3.0	0.9917601481809734	0.395	1.0
743_OMC-126	4.0	4.0	1.2477239410791814	0.4575206611570247	1.0
744_OMC-126	3.0	3.0	0.8262803458900769	0.3184681279919376	1.0
745_OMC-126	8.0	8.0	1.92492409768062	0.5850178359096314	1.0
746_OMC-126	4.0	4.0	1.1540157730727998	0.41000000000000014	1.0
747_OMC-126	4.0	4.0	1.153345356800611	0.46106494305940293	0.9824561403508771
748_OMC-126	5.0	5.0	1.089397047991443	0.3523531861724283	0.9795918367346939
749_OMC-126	2.0	2.0	0.6593758812786993	0.2831647828673409	1.0
74_OMC-126	4.0	4.0	0.7159123798853684	0.2276785714285714	0.9821428571428571
750_OMC-126	5.0	5.0	1.1158194831514674	0.3675509419454057	0.9803921568627451
751_OMC-126	6.0	6.0	1.7007550943681298	0.6152	0.98
752_OMC-126	4.0	4.0	1.0238995733215064	0.35416666666666663	1.0
753_OMC-126	3.0	3.0	0.787043555045382	0.29191883232467064	1.0
754_OMC-126	4.0	4.0	0.7304366920296937	0.224906289046231	1.0
755_OMC-126	6.0	6.0	1.255290870511893	0.3834719072814311	1.0
756_OMC-126	2.0	2.0	0.6631968402398287	0.2853745541022592	1.0
757_OMC-126	4.0	4.0	1.1626848846806317	0.4040404040404041	1.0
758_OMC-126	6.0	6.0	1.3862522222511056	0.4245867768595041	1.0
759_OMC-126	6.0	6.0	1.4002534110600915	0.46056941295036535	1.0
75_OMC-126	5.0	5.0	1.365492538086959	0.4737500000000001	0.975
760_OMC-126	7.333333333333333	7.0	1.7498258993735294	0.5540740740740739	0.9555555555555556
761_OMC-126	6.0	6.0	1.5565228601892285	0.49975308641975313	1.0
762_OMC-126	4.0	4.0	0.6120692840122651	0.18106139438085334	1.0
763_OMC-126	5.0	5.0	1.3386913626239056	0.4581424406497293	1.0
764_OMC-126	5.0	5.0	1.2884926890861645	0.4378698224852072	1.0
765_OMC-126	4.0	4.0	0.6793652793002186	0.20576131687242816	1.0
766_OMC-126	6.0	6.0	1.3917601481809734	0.42500000000000004	1.0
767_OMC-126	4.0	4.0	1.191169066616985	0.4526748971193415	1.0
768_OMC-126	7.0	6.0	1.567108948944828	0.5227777777777778	0.9666666666666667
769_OMC-126	3.0	3.0	0.8841837197791889	0.33499999999999996	1.0
76_OMC-126	6.0	6.0	1.3413777324890235	0.41580633677465295	1.0
770_OMC-126	3.0	3.0	0.42912234085338874	0.1319632233639806	0.9767441860465116
771_OMC-126	4.0	4.0	0.8797802088546924	0.28409090909090895	1.0
772_OMC-126	4.0	4.0	1.1160762796829877	0.3875739644970414	1.0
773_OMC-126	4.0	4.0	1.0238995733215066	0.35416666666666674	1.0
774_OMC-126	5.0	5.0	1.3325097579429528	0.4494649227110582	1.0
775_OMC-126	4.0	4.0	1.0374012540422355	0.3543400713436383	1.0
776_OMC-126	6.0	6.0	1.853688226483452	0.6089965397923875	1.0
777_OMC-126	4.0	4.0	1.2594699922635713	0.4912780348878606	1.0
778_OMC-126	5.0	5.0	1.4406226301476934	0.4982146607855492	1.0
779_OMC-126	2.0	2.0	0.5746356978376794	0.23553719008264462	1.0
77_OMC-126	6.0	6.0	1.2032711222875692	0.36626654355186217	0.9824561403508771
780_OMC-126	8.2	8.0	1.6685913790996132	0.540432167520606	0.9701492537313433
781_OMC-126	5.0	5.0	0.9923389167519489	0.30458060678167764	0.975609756097561
782_OMC-126	5.0	5.0	1.142597043466652	0.3924159724217179	0.9830508474576272
783_OMC-126	2.0	2.0	0.5225593745369408	0.20761245674740492	1.0
784_OMC-126	7.25	7.0	1.6266291673878228	0.5217013888888888	0.9583333333333334
785_OMC-126	4.0	4.0	1.0047469817198165	0.33789411064842345	1.0
786_OMC-126	7.5	6.0	1.1520474006128922	0.3553719008264463	0.9318181818181819
787_OMC-126	4.0	4.0	1.124828377482011	0.40331360946745565	1.0
788_OMC-126	6.0	6.0	1.2309297240736905	0.36908284023668647	1.0
789_OMC-126	5.0	5.0	1.2235006502659687	0.42039542143600406	1.0
78_OMC-126	6.0	6.0	1.8567138345126746	0.5987144168962351	1.0
790_OMC-126	5.0	5.0	0.9986167977281122	0.30421004979628785	1.0
791_OMC-126	8.166666666666666	8.0	1.6220767169813273	0.4683612763656032	0.9534883720930233
792_OMC-126	6.0	6.0	1.2469873517384964	0.37890625	1.0
793_OMC-126	6.0	6.0	1.3741854163060887	0.42361111111111094	1.0
794_OMC-126	5.0	5.0	1.1625336732554155	0.37860082304526754	1.0
795_OMC-126	8.333333333333334	8.0	1.7392382894093066	0.5391836734693878	0.9714285714285714
796_OMC-126	3.0	3.0	0.922855438974896	0.3760302962797951	1.0
797_OMC-126	3.0	3.0	0.9805558371025991	0.4038165589412128	1.0
798_OMC-126	7.0	7.0	1.3888567894493777	0.4079287561045677	1.0
799_OMC-126	5.0	5.0	1.1161182137782961	0.3495999999999998	1.0
79_OMC-126	9.2	9.0	2.1364445124630156	0.625	0.9545454545454546
7_OMC-126	5.0	5.0	1.4185891053054804	0.483011937557392	0.9696969696969697
800_OMC-126	5.0	5.0	1.1330956836910782	0.3638042474607571	0.9824561403508771
801_OMC-126	4.0	4.0	1.0688601941652132	0.3733333333333334	1.0
802_OMC-126	4.0	4.0	1.1559739978306767	0.4107142857142857	1.0
803_OMC-126	6.333333333333333	6.0	1.3864213133329042	0.4437834622248661	0.9512195121951219
804_OMC-126	6.0	6.0	1.4573382806827189	0.47768544167436144	1.0
805_OMC-126	4.0	4.0	1.0622051509466475	0.37484381507705133	1.0
806_OMC-126	4.0	4.0	0.7649942500802788	0.24408284023668625	0.9807692307692307
807_OMC-126	5.0	5.0	1.0201433152964865	0.3163265306122449	1.0
808_OMC-126	5.0	5.0	1.6485919211274576	0.5879629629629629	1.0
809_OMC-126	5.0	5.0	1.4955714202331842	0.5428681276432141	0.9803921568627451
80_OMC-126	6.0	6.0	1.5063681083679135	0.5145681581685745	1.0
810_OMC-126	6.5	6.0	1.628897902987479	0.54125	0.95
811_OMC-126	6.0	6.0	1.600243047682881	0.5233399079552926	0.9743589743589743
812_OMC-126	6.0	6.0	1.4873586710109135	0.4841580633677466	1.0
813_OMC-126	5.0	5.0	1.3140830173571307	0.4286653517422747	1.0
814_OMC-126	2.0	2.0	0.5127091420308771	0.20244897959183672	1.0
815_OMC-126	6.0	6.0	1.143695821173856	0.35302734375	0.984375
816_OMC-126	5.0	5.0	1.3140830173571307	0.4286653517422747	1.0
817_OMC-126	5.0	5.0	1.3911539460452989	0.4983673469387756	1.0
818_OMC-126	5.0	5.0	1.2917601481809733	0.42000000000000015	1.0
819_OMC-126	4.0	4.0	1.4299111709758698	0.5306122448979591	1.0
81_OMC-126	7.0	7.0	1.8278208994696836	0.5609876543209875	1.0
820_OMC-126	5.0	5.0	1.227402569259248	0.41326530612244894	1.0
821_OMC-126	4.0	4.0	1.1297409520452593	0.39473684210526316	1.0
822_OMC-126	7.25	7.0	1.3875670205983723	0.4348293469497445	0.9672131147540983
823_OMC-126	5.0	5.0	1.6794293668139548	0.6049382716049382	1.0
824_OMC-126	4.0	4.0	1.1495728712492275	0.4032140248356464	1.0
825_OMC-126	5.0	5.0	1.4232414618050697	0.4936903662665436	1.0
826_OMC-126	4.0	4.0	0.9721971827701483	0.32449972958355866	1.0
827_OMC-126	3.0	3.0	1.134969974603941	0.47530864197530864	1.0
828_OMC-126	5.0	5.0	1.2100285140347624	0.38842975206611574	1.0
829_OMC-126	5.0	5.0	1.5693645486853582	0.561570493753718	1.0
82_OMC-126	4.0	4.0	1.014276262260999	0.3698458975426906	0.9795918367346939
830_OMC-126	5.0	5.0	1.2982206216336818	0.44650205761316875	1.0
831_OMC-126	5.0	5.0	1.3032782651297383	0.430727023319616	1.0
832_OMC-126	4.0	4.0	0.7077989816294474	0.21882086167800452	0.9761904761904762
833_OMC-126	8.0	8.0	1.548860699209302	0.4423999999999999	0.98
834_OMC-126	5.0	5.0	1.0253807870643001	0.32319866722199075	0.9795918367346939
835_OMC-126	3.0	3.0	0.668213698712926	0.2299683114531461	1.0
836_OMC-126	4.0	4.0	1.2260269476353076	0.48543184183142574	1.0
837_OMC-126	3.0	3.0	0.6746799231474563	0.23777777777777775	1.0
838_OMC-126	5.0	5.0	1.2420659761030026	0.4098292378175762	1.0
839_OMC-126	4.0	4.0	1.068187337458506	0.38165680473372776	1.0
83_OMC-126	5.0	4.0	1.0113650418263795	0.3820861678004537	0.9523809523809523
840_OMC-126	6.0	6.0	1.7003319468582216	0.576530612244898	1.0
841_OMC-126	8.2	8.0	1.6840865335173265	0.5459136822773187	0.9696969696969697
842_OMC-126	7.25	7.0	1.1910523808146045	0.346680999731255	0.9672131147540983
843_OMC-126	4.0	4.0	1.4707606737735521	0.5693296602387511	1.0
844_OMC-126	8.2	8.0	1.4227550945341234	0.40850330364837684	0.9661016949152542
845_OMC-126	8.0	8.0	1.7958904031317102	0.5483333333333333	1.0
846_OMC-126	4.0	4.0	1.0090321957438955	0.3437037037037036	1.0
847_OMC-126	6.0	6.0	1.401475275184332	0.45184304399524367	1.0
848_OMC-126	5.0	5.0	1.5220552088742005	0.5208333333333334	1.0
849_OMC-126	7.0	7.0	1.4602754919002696	0.4323966942148759	1.0
84_OMC-126	3.0	3.0	0.9123163027543336	0.35538752362948955	1.0
850_OMC-126	7.25	7.0	1.4267992677050207	0.44387755102040816	0.9642857142857143
851_OMC-126	3.0	3.0	0.7745178605709557	0.2832153269471054	1.0
852_OMC-126	6.0	6.0	1.401475275184332	0.45184304399524367	1.0
853_OMC-126	7.25	7.0	1.329369077511633	0.4039069232979029	0.9661016949152542
854_OMC-126	7.0	7.0	1.5891117727019497	0.48481590970169297	1.0
855_OMC-126	6.0	5.0	1.1779885325473696	0.4056632810095414	0.9649122807017544
856_OMC-126	6.0	6.0	1.4915560089120212	0.4756944444444444	1.0
857_OMC-126	5.0	5.0	1.3367228245845555	0.4365079365079364	1.0
858_OMC-126	5.0	5.0	1.3047827041622575	0.4444444444444444	1.0
859_OMC-126	5.0	5.0	1.2772552219457063	0.42372114078768675	1.0
85_OMC-126	3.0	3.0	0.5489544344250401	0.1768707482993196	1.0
860_OMC-126	5.0	5.0	1.1803672498887106	0.41252513645504163	0.9830508474576272
861_OMC-126	5.0	5.0	1.2060406019341154	0.38732645069419713	1.0
862_OMC-126	5.0	5.0	1.32151018873626	0.45119999999999993	1.0
863_OMC-126	6.0	6.0	1.3110022671212271	0.4090368608799049	1.0
864_OMC-126	8.0	8.0	1.902214743274028	0.6086956521739131	0.9855072463768116
865_OMC-126	5.0	5.0	1.1055872616982603	0.3488888888888887	1.0
866_OMC-126	5.5	5.0	0.951909596230769	0.31857988165680484	0.9692307692307692
867_OMC-126	5.0	5.0	1.2235006502659687	0.42039542143600406	1.0
868_OMC-126	5.5	5.0	1.1109086221737026	0.36149584487534614	0.9473684210526316
869_OMC-126	6.5	6.0	1.5003029327790194	0.4878312601406165	0.9534883720930233
86_OMC-126	3.0	3.0	0.8194186622719397	0.30419753086419765	1.0
870_OMC-126	5.0	5.0	1.1547935160027691	0.37990487514863247	1.0
871_OMC-126	3.0	3.0	1.0355818111935686	0.4240129799891835	1.0
872_OMC-126	5.0	5.0	1.2420659761030026	0.4098292378175762	1.0
873_OMC-126	4.0	4.0	0.9274479232123117	0.3062381852551985	1.0
874_OMC-126	2.0	2.0	0.6840384356390417	0.2975206611570247	1.0
875_OMC-126	5.0	5.0	0.8976287709224354	0.2698053417836125	0.9787234042553191
876_OMC-126	6.0	6.0	1.1975019460674377	0.3584710743801651	0.9772727272727273
877_OMC-126	6.0	6.0	1.4166471199212332	0.43392504930966447	1.0
878_OMC-126	6.0	6.0	1.6838561897747246	0.5536	1.0
879_OMC-126	5.0	5.0	1.53944727394472	0.5631507469443188	1.0
87_OMC-126	7.0	7.0	1.4624805653581407	0.4369797859690844	1.0
880_OMC-126	3.0	3.0	0.6219041416291193	0.2100591715976332	1.0
881_OMC-126	7.0	7.0	1.4792134603853224	0.44580078125	1.0
882_OMC-126	4.0	4.0	0.9567657083663145	0.3181818181818181	1.0
883_OMC-126	5.0	5.0	1.3975806058917861	0.48697916666666663	1.0
884_OMC-126	2.0	2.0	0.6051865766334205	0.25240054869684503	1.0
885_OMC-126	3.0	3.0	1.0104072215944044	0.4140625	1.0
886_OMC-126	4.0	4.0	1.0337944479666719	0.35048010973936905	1.0
887_OMC-126	7.25	7.0	1.5063459186290935	0.4780521262002744	0.962962962962963
888_OMC-126	6.0	6.0	1.2511644549200618	0.3870967741935485	1.0
889_OMC-126	4.0	4.0	1.0952376752970234	0.3735871505056514	1.0
88_OMC-126	2.0	2.0	0.7153220528038851	0.31604407417360925	1.0
890_OMC-126	5.0	5.0	1.5013397424044412	0.5331632653061225	1.0
891_OMC-126	5.0	5.0	1.139596042519454	0.36668175645088263	0.9787234042553191
892_OMC-126	8.25	8.0	1.5305703780441906	0.44506001846722076	0.9649122807017544
893_OMC-126	7.0	7.0	1.560362806897318	0.4635581711181529	1.0
894_OMC-126	5.0	5.0	1.3047827041622575	0.4444444444444444	1.0
895_OMC-126	2.0	2.0	0.5916727785823274	0.24489795918367352	1.0
896_OMC-126	4.0	4.0	1.1717885052072272	0.44001423994304034	1.0
897_OMC-126	8.75	8.0	1.3729778874973544	0.3945829485995691	0.9473684210526316
898_OMC-126	6.0	6.0	1.527376886667482	0.509090909090909	1.0
899_OMC-126	5.5	5.0	1.1933501489130847	0.42399000416493127	0.9591836734693877
89_OMC-126	4.0	4.0	1.1875516731558096	0.41968631692806935	1.0
8_OMC-126	4.0	4.0	0.9000224216483543	0.29513888888888873	1.0
900_OMC-126	5.0	5.0	1.2300544394722286	0.4101103595585617	0.9811320754716981
901_OMC-126	5.0	5.0	1.1795447015446547	0.39293798098687194	0.9787234042553191
902_OMC-126	3.0	3.0	1.0211191885631823	0.4224	1.0
903_OMC-126	4.0	4.0	1.3752793655393794	0.5066666666666666	1.0
904_OMC-126	4.0	4.0	0.6610547526158855	0.19897959183673464	1.0
905_OMC-126	5.0	5.0	1.3372449392958776	0.43767313019390597	1.0
906_OMC-126	3.0	3.0	0.8176338568998315	0.3064000000000001	1.0
907_OMC-126	4.0	4.0	1.354230790830409	0.5180802103879026	1.0
908_OMC-126	4.0	4.0	1.2241465475596076	0.443758573388203	1.0
909_OMC-126	4.0	4.0	1.1661671991020361	0.4119822485207101	1.0
90_OMC-126	3.0	3.0	0.9571656385340859	0.3809073724007561	1.0
910_OMC-126	10.0	10.0	1.9534857860021786	0.5604733727810649	0.9846153846153847
911_OMC-126	9.0	9.0	2.366079445682285	0.7024793388429752	1.0
912_OMC-126	6.0	6.0	1.4409300088806372	0.4714625445897741	1.0
913_OMC-126	8.0	8.0	1.6606171448299694	0.5030905670518677	0.9836065573770492
914_OMC-126	5.0	5.0	1.3125349516616016	0.4726331360946747	0.9807692307692307
915_OMC-126	4.0	4.0	1.2843873173166744	0.48674959437533816	1.0
916_OMC-126	5.5	5.0	1.036118213778296	0.34319999999999995	0.96
917_OMC-126	5.0	5.0	0.9255636700495734	0.28125	1.0
918_OMC-126	6.0	6.0	1.696451671948292	0.5624661979448351	1.0
919_OMC-126	7.0	7.0	1.531672344100384	0.46537396121883645	1.0
91_OMC-126	4.0	4.0	1.029916359848474	0.36495867768595036	1.0
920_OMC-126	4.0	4.0	1.2059413017339653	0.45138888888888873	1.0
921_OMC-126	6.0	6.0	1.3000955516299977	0.3966863905325444	1.0
922_OMC-126	4.0	4.0	1.2134236515967678	0.4503703703703704	1.0
923_OMC-126	6.333333333333333	6.0	1.0842395166071523	0.3271604938271606	0.962962962962963
924_OMC-126	5.0	5.0	1.1063667712836147	0.3567181926278238	1.0
925_OMC-126	5.0	5.0	1.5177199029496027	0.5249307479224377	1.0
926_OMC-126	4.0	4.0	1.1400677626718572	0.39446366782006914	1.0
927_OMC-126	7.0	7.0	1.3080712894411726	0.3961352657004831	0.9855072463768116
928_OMC-126	3.0	3.0	0.8315435491770657	0.3099173553719007	1.0
929_OMC-126	7.0	7.0	1.2586998206829205	0.36680541103017694	0.9838709677419355
92_OMC-126	4.0	4.0	1.2129475529683413	0.44847568657092474	1.0
930_OMC-126	5.0	5.0	1.257162987432089	0.42524005486968464	1.0
931_OMC-126	4.0	4.0	1.29499507471547	0.4819944598337951	1.0
932_OMC-126	7.0	7.0	1.9332062193464952	0.605	1.0
933_OMC-126	6.0	6.0	1.707863963063381	0.5807291666666667	0.9791666666666666
934_OMC-126	7.0	7.0	1.7441662851601891	0.5396106835672251	1.0
935_OMC-126	5.333333333333333	5.0	0.8813347950309174	0.26531826293872696	0.9512195121951219
936_OMC-126	7.25	7.0	1.1014425767459441	0.3129251700680272	0.9682539682539683
937_OMC-126	5.0	5.0	1.4122956380631606	0.48790123456790124	1.0
938_OMC-126	7.333333333333333	7.0	1.547288821218287	0.4805843906189927	0.9607843137254902
939_OMC-126	5.0	5.0	1.1625336732554155	0.37860082304526743	1.0
93_OMC-126	7.25	7.0	1.5119612604947845	0.4689712619741776	0.9591836734693877
940_OMC-126	4.0	4.0	1.0975378398419537	0.3765432098765431	1.0
941_OMC-126	4.0	4.0	1.3043230193266142	0.47640306122448983	1.0
942_OMC-126	6.5	6.0	1.4145169989766084	0.4554096876414666	0.9574468085106383
943_OMC-126	6.0	6.0	1.621282558502016	0.5642056880206836	0.9830508474576272
944_OMC-126	2.0	2.0	0.5983474220910422	0.24859504132231414	1.0
945_OMC-126	6.0	6.0	1.4570701904659702	0.458125848800362	1.0
946_OMC-126	8.2	8.0	1.5091102964076828	0.46571428571428564	0.9714285714285714
947_OMC-126	4.0	4.0	0.9699184342750371	0.33136094674556205	1.0
948_OMC-126	4.0	4.0	0.9920978043445202	0.35223725286160246	1.0
949_OMC-126	3.0	3.0	0.8451064151274782	0.3224852071005917	1.0
94_OMC-126	5.0	5.0	1.498247802151896	0.5505574778931182	1.0
950_OMC-126	4.0	4.0	0.7927004008313919	0.2515432098765431	0.9722222222222222
951_OMC-126	8.0	8.0	1.7048490825921663	0.4993622448979592	1.0
952_OMC-126	6.0	6.0	1.3534271290385973	0.41735918744229006	1.0
953_OMC-126	3.0	3.0	0.9695628382076225	0.38716049382716056	1.0
954_OMC-126	5.0	5.0	1.0476747992754052	0.3223140495867767	1.0
955_OMC-126	4.0	4.0	1.4244681771437897	0.5297962322183776	1.0
956_OMC-126	2.0	2.0	0.787126586201269	0.3598615916955018	1.0
957_OMC-126	4.0	4.0	1.1608964715221441	0.44240160873312273	1.0
958_OMC-126	5.0	5.0	1.257162987432089	0.42524005486968464	1.0
959_OMC-126	5.0	5.0	1.0932286250707244	0.35162309681126114	1.0
95_OMC-126	5.0	5.0	1.2593984370492775	0.41666666666666663	1.0
960_OMC-126	5.0	5.0	1.7743974703476992	0.640625	1.0
961_OMC-126	6.333333333333333	6.0	1.1982106702250597	0.36849253055681297	0.9574468085106383
962_OMC-126	8.75	8.0	1.6298916775658547	0.503429355281207	0.9444444444444444
963_OMC-126	6.0	6.0	1.5343440482877637	0.48985404058383775	1.0
964_OMC-126	6.0	6.0	0.954526044078813	0.2717754511026954	1.0
965_OMC-126	4.0	4.0	0.7976006419216277	0.26406035665294936	0.9814814814814815
966_OMC-126	3.0	3.0	0.8699959791362581	0.3400713436385254	1.0
967_OMC-126	7.0	7.0	1.6922718656836102	0.528888888888889	1.0
968_OMC-126	3.0	3.0	0.7253759284051439	0.2606310013717421	1.0
969_OMC-126	4.0	4.0	0.9273528153410447	0.3172222222222223	1.0
96_OMC-126	5.5	5.0	1.0201510648983996	0.3418181818181817	0.9636363636363636
970_OMC-126	4.0	4.0	0.9410871458875489	0.337190082644628	0.9818181818181818
971_OMC-126	4.0	4.0	1.1922508602346424	0.42659279778393366	1.0
972_OMC-126	9.2	9.0	2.0175594295963433	0.5954142011834318	0.9615384615384616
973_OMC-126	7.0	7.0	1.8802704430860198	0.6076388888888888	1.0
974_OMC-126	2.0	2.0	0.6098403047164005	0.2550000000000001	1.0
975_OMC-126	5.0	5.0	1.3536106452538863	0.4505959246443676	1.0
976_OMC-126	4.0	4.0	1.0775223153938256	0.3681519357195032	1.0
977_OMC-126	6.0	6.0	1.524878173479852	0.4982698961937716	1.0
978_OMC-126	5.0	5.0	1.0476747992754052	0.3223140495867767	1.0
979_OMC-126	6.0	6.0	1.5565228601892285	0.49975308641975313	1.0
97_OMC-126	4.0	4.0	0.8964780785480543	0.2892622352081812	1.0
980_OMC-126	7.333333333333333	7.0	1.5210209356741722	0.4852607709750567	0.9682539682539683
981_OMC-126	5.0	5.0	1.5408072197905875	0.5330812854442344	1.0
982_OMC-126	4.0	4.0	1.1183698009902907	0.38530612244897955	1.0
983_OMC-126	6.0	6.0	1.4919415436622194	0.49392361111111105	0.9791666666666666
984_OMC-126	6.333333333333333	6.0	1.275915779380494	0.3969713358572201	0.9534883720930233
985_OMC-126	5.0	5.0	1.2377709337221383	0.4053497942386831	1.0
986_OMC-126	5.0	5.0	1.1348908664728132	0.35640495867768596	1.0
987_OMC-126	5.0	5.0	1.3719644916392575	0.46908442330558864	1.0
988_OMC-126	5.0	5.0	1.2870724848079707	0.45231153685964176	0.9795918367346939
989_OMC-126	6.333333333333333	6.0	1.2357440831502564	0.38222222222222213	0.9555555555555556
98_OMC-126	4.0	4.0	0.8630636700495734	0.279296875	1.0
990_OMC-126	5.0	5.0	1.5403714190035538	0.5809896760412958	1.0
991_OMC-126	5.0	5.0	1.2252357794710609	0.4032	1.0
992_OMC-126	2.0	2.0	0.3159971329784247	0.10775510204081629	1.0
993_OMC-126	4.0	4.0	0.9699184342750371	0.33136094674556216	1.0
994_OMC-126	4.0	4.0	1.48398045731737	0.5657596371882087	1.0
995_OMC-126	4.0	4.0	1.4033045451719655	0.5443213296398892	1.0
996_OMC-126	4.0	4.0	1.4166422780956525	0.5249999999999999	1.0
997_OMC-126	4.0	4.0	1.2122831218130428	0.4583999999999999	1.0
998_OMC-126	4.0	4.0	0.804176974974862	0.2531097890751759	1.0
999_OMC-126	7.25	7.0	1.5048861640918427	0.4555785123966941	0.9545454545454546
99_OMC-126	4.0	4.0	1.1099959562103223	0.41200951248513673	1.0
9_OMC-126	6.0	6.0	1.4895915674322722	0.48580332409972315	1.0
