	chao1	observed_otus	shannon	simpson	goods_coverage
1000_H-314	10.0	10.0	2.970789501160842	0.859353302916088	1.0
100_H-314	11.0	11.0	2.9635148956843125	0.852	0.9933333333333333
101_H-314	11.5	11.0	2.9869744736538553	0.8581630628843484	0.9859154929577465
102_H-314	11.5	11.0	2.9789308808479653	0.8538895502303193	0.9856115107913669
103_H-314	12.0	11.0	2.979748473789365	0.8554768846314036	0.9863945578231292
104_H-314	11.0	11.0	2.93424021163697	0.8491832106992457	0.9931972789115646
105_H-314	14.0	11.0	2.899361760508223	0.8478654212919947	0.9790209790209791
106_H-314	11.0	10.0	2.8991245966000054	0.8523469387755102	0.9857142857142858
107_H-314	11.333333333333334	11.0	2.8296332647894746	0.8317033184464921	0.9849624060150376
108_H-314	11.0	11.0	3.0459996058834586	0.8640696909927679	0.9935897435897436
109_H-314	9.0	9.0	2.861910258979569	0.8451967592592593	1.0
10_H-314	11.5	11.0	2.9130001440230453	0.8471404858910517	0.9858156028368794
110_H-314	11.0	11.0	2.9409947954197455	0.846637493083849	0.9929078014184397
111_H-314	14.0	11.0	2.83732251621083	0.8338019031141869	0.9779411764705882
112_H-314	11.5	11.0	2.8975410125423133	0.8443287037037037	0.9861111111111112
113_H-314	12.0	11.0	2.991353282346599	0.8566495878814882	0.9850746268656716
114_H-314	11.5	11.0	2.9034719235220905	0.8404092939114705	0.9849624060150376
115_H-314	12.0	11.0	2.889477068825977	0.839762484514503	0.9869281045751634
116_H-314	11.0	11.0	3.0273962919253252	0.8547574039067423	0.9927536231884058
117_H-314	10.0	10.0	2.9337071825927237	0.8494542528041849	0.9929078014184397
118_H-314	10.0	10.0	2.9886033341000324	0.8579919585105763	1.0
119_H-314	11.0	11.0	2.9785165573096033	0.8541940326515294	0.9931506849315068
11_H-314	11.5	11.0	3.0025540586014063	0.8615837009031716	0.9855072463768116
120_H-314	10.0	10.0	2.9944373755265308	0.8546831955922864	1.0
121_H-314	14.0	11.0	2.882641710098223	0.8448117539026629	0.9772727272727273
122_H-314	10.0	10.0	2.934134274804606	0.8548624238605336	0.9927536231884058
123_H-314	11.0	11.0	3.0188018631487026	0.8619262782401902	0.993103448275862
124_H-314	11.0	11.0	3.0233317287493002	0.8619321563181909	0.9929577464788732
125_H-314	11.0	11.0	2.9905855592077986	0.8577907353417558	0.9931972789115646
126_H-314	11.0	11.0	3.0237164992172643	0.8565197428833793	0.9924242424242424
127_H-314	10.0	10.0	2.9587919459018956	0.8564285714285714	1.0
128_H-314	11.5	11.0	2.9150519610385697	0.84719552308941	0.9869281045751634
129_H-314	10.0	10.0	2.8356023423997674	0.8262244897959183	1.0
12_H-314	11.0	11.0	2.966939955850894	0.8523853071178175	0.9938271604938271
130_H-314	11.0	11.0	3.0032440264747535	0.8580409082379433	0.9931506849315068
131_H-314	10.0	10.0	2.9045644545376015	0.8495252008765523	0.9932432432432432
132_H-314	11.0	11.0	2.96204673164615	0.8497959183673469	0.9928571428571429
133_H-314	14.0	11.0	2.961275795449511	0.8567527830287754	0.9782608695652174
134_H-314	10.0	10.0	2.9646351274809737	0.8540877701047004	1.0
135_H-314	11.0	11.0	3.0001045717414216	0.8553963518998484	0.993006993006993
136_H-314	11.0	11.0	2.999864208630638	0.8515259523279126	0.9925373134328358
137_H-314	11.0	11.0	2.9513346917692433	0.8519800076893502	0.9934640522875817
138_H-314	10.0	10.0	3.0324149356903307	0.8629400698736899	1.0
139_H-314	11.0	11.0	2.974890677556227	0.8501087509833866	0.9931972789115646
13_H-314	11.0	11.0	2.994871748930098	0.8575679428684785	0.9929577464788732
140_H-314	10.0	10.0	2.88956884133015	0.8428380485631544	0.9925373134328358
141_H-314	11.0	11.0	2.987409298426318	0.8564768895060504	0.9929577464788732
142_H-314	11.0	11.0	2.9388133335555873	0.8503120256367009	0.9935064935064936
143_H-314	12.0	11.0	3.003773458282089	0.8598511080332409	0.9868421052631579
144_H-314	14.0	11.0	2.9118236327356697	0.8509632312257934	0.9787234042553191
145_H-314	14.0	11.0	2.8669601007641727	0.8411911758256216	0.9801324503311258
146_H-314	11.0	11.0	3.0537740285516355	0.86408439448026	0.9927007299270073
147_H-314	11.0	11.0	2.9945124266128027	0.8558853733678908	0.993006993006993
148_H-314	10.0	10.0	2.943244262841432	0.8529720646922916	1.0
149_H-314	10.0	10.0	2.9404008698406985	0.8526397861439073	0.9925373134328358
14_H-314	11.0	11.0	3.0507577433578374	0.8617001313567274	0.9931506849315068
150_H-314	11.0	11.0	2.942448517622652	0.8529591836734693	0.9928571428571429
151_H-314	11.0	11.0	2.9423573443312616	0.8520332936979786	0.993103448275862
152_H-314	11.5	11.0	2.9739079093303147	0.8537755102040816	0.9857142857142858
153_H-314	14.0	11.0	2.9787550525295763	0.8592	0.98
154_H-314	10.0	10.0	2.957052383199161	0.8539930645411729	0.9928057553956835
155_H-314	11.0	11.0	3.077508337246817	0.8677073898449571	0.9927007299270073
156_H-314	11.0	11.0	2.949599004396861	0.8505061372194239	0.993006993006993
157_H-314	12.0	11.0	3.0084362674619642	0.8592627824019025	0.9862068965517241
158_H-314	11.0	11.0	2.998344971192909	0.8520431588613406	0.9924242424242424
159_H-314	10.0	10.0	2.9732535628040764	0.8614285714285714	0.9928571428571429
15_H-314	11.0	11.0	2.971217110690595	0.8540801392349986	0.9937106918238994
160_H-314	11.0	11.0	2.946047112366837	0.845234375	0.99375
161_H-314	11.0	10.0	2.8353196630077018	0.842613550626226	0.9858156028368794
162_H-314	10.0	10.0	2.9768041010307713	0.8541818845872899	1.0
163_H-314	11.0	10.0	2.8807986184529253	0.8496903734284106	0.9863013698630136
164_H-314	11.0	11.0	2.983879140358945	0.8522727272727273	0.9924242424242424
165_H-314	11.0	11.0	2.9620519709020083	0.8522376543209876	0.9930555555555556
166_H-314	10.0	10.0	2.9779173417999942	0.8550065312373316	1.0
167_H-314	11.0	11.0	2.9673952683863334	0.8522516444594367	0.9935064935064936
168_H-314	9.0	9.0	2.91397944465495	0.8520268851081706	1.0
169_H-314	12.0	11.0	2.9226811831661	0.8468809073724007	0.9855072463768116
16_H-314	10.0	10.0	2.8865566080949807	0.8445704683889939	0.9927536231884058
170_H-314	11.0	11.0	2.9262632965187962	0.8526561449309759	0.9937106918238994
171_H-314	10.0	10.0	2.981185310519512	0.8589333333333333	1.0
172_H-314	10.0	10.0	2.8798496858113585	0.8442857142857143	1.0
173_H-314	11.0	11.0	2.9768979652825354	0.8530906916143364	0.9934640522875817
174_H-314	10.0	10.0	2.8089443126938667	0.8377441713925646	0.9927536231884058
175_H-314	11.0	11.0	2.9962216478748545	0.8580473740742834	0.9924812030075187
176_H-314	10.0	10.0	2.853263803665326	0.8422905765563108	0.993006993006993
177_H-314	11.5	11.0	2.8891181759322446	0.83898891966759	0.9868421052631579
178_H-314	12.0	11.0	3.03012021511537	0.8638269240722529	0.9856115107913669
179_H-314	10.0	10.0	2.9076397429846694	0.8468873783559099	1.0
17_H-314	9.0	9.0	2.7989787224069453	0.8390630348672307	0.993006993006993
180_H-314	10.0	10.0	3.0001546516190416	0.8627886528761164	1.0
181_H-314	11.0	11.0	2.9953868515634126	0.8528640522114096	0.9923664122137404
182_H-314	11.5	11.0	2.9455953043616776	0.8536467698785141	0.9867549668874173
183_H-314	12.0	11.0	2.9473172817885427	0.8527983740449396	0.9877300613496932
184_H-314	10.0	10.0	2.919681062092057	0.8525086505190311	0.9926470588235294
185_H-314	12.0	11.0	2.9357145715301263	0.8463683662851197	0.9870967741935484
186_H-314	12.0	11.0	2.949953636540626	0.8516961498439126	0.9870967741935484
187_H-314	12.0	11.0	2.883226395095856	0.8442293644996348	0.9864864864864865
188_H-314	12.0	11.0	2.9445897934383622	0.8453297117851215	0.9858156028368794
189_H-314	9.0	9.0	2.825706384666124	0.841552734375	0.9921875
18_H-314	11.0	11.0	2.965746795383986	0.8531204771720539	0.9933774834437086
190_H-314	12.0	11.0	2.9617662080560754	0.8533481419778796	0.9863945578231292
191_H-314	10.0	10.0	2.949267966016034	0.8567895362663496	0.993103448275862
192_H-314	11.0	11.0	2.9531425925595856	0.8473604317760162	0.9935064935064936
193_H-314	11.0	11.0	3.004029069157187	0.8572065047894855	0.9925373134328358
194_H-314	14.0	11.0	2.9241250549369595	0.8515259523279126	0.9776119402985075
195_H-314	10.0	10.0	2.8993996482918694	0.8445656891313782	0.9921259842519685
196_H-314	11.5	11.0	2.867528168745064	0.8373240915773997	0.9855072463768116
197_H-314	10.0	10.0	2.9103696048879297	0.8499059392636388	0.9918032786885246
198_H-314	10.0	10.0	2.901624559156305	0.8521284185493461	0.993103448275862
199_H-314	11.5	11.0	2.920553247962998	0.8475800235303663	0.9872611464968153
19_H-314	11.0	11.0	2.9798669517190595	0.8555975635370721	0.9927536231884058
1_H-314	12.0	11.0	3.0198408969706128	0.8595023709307901	0.9854014598540146
200_H-314	12.0	11.0	2.9939910585723966	0.8597153060711231	0.9858156028368794
201_H-314	11.0	11.0	2.833577372237544	0.8194783261399887	0.9931506849315068
202_H-314	11.0	11.0	3.0371820233802524	0.8615933641975309	0.9930555555555556
203_H-314	11.0	11.0	2.9763434298304747	0.8523473802275277	0.9936708860759493
204_H-314	10.0	10.0	2.890723984209281	0.8448334881901316	1.0
205_H-314	14.0	11.0	2.936517302443004	0.8539737654320987	0.9791666666666666
206_H-314	11.0	11.0	2.924677519449279	0.8370414201183431	0.9923076923076923
207_H-314	11.5	11.0	2.9514138872238873	0.8516068052930057	0.9855072463768116
208_H-314	14.0	11.0	2.9101954398530236	0.845872899926954	0.9797297297297297
209_H-314	10.0	10.0	2.94014015085303	0.8539992695398101	0.9932432432432432
20_H-314	11.0	11.0	2.984585014140321	0.8564961521050249	0.9929078014184397
210_H-314	11.5	11.0	3.006699116486884	0.860885764076678	0.9844961240310077
211_H-314	11.0	11.0	2.9693069322901438	0.8440598521723454	0.9922480620155039
212_H-314	14.0	11.0	2.979397867962777	0.8596933417349297	0.9782608695652174
213_H-314	11.5	11.0	2.934933876095878	0.8505979938271605	0.9861111111111112
214_H-314	11.0	11.0	2.9621744059461186	0.850909090909091	0.9939393939393939
215_H-314	10.0	10.0	2.9549911209191877	0.8495064062171813	1.0
216_H-314	12.0	11.0	2.9497387672516773	0.8424657534246576	0.9863013698630136
217_H-314	11.5	11.0	2.95128216855268	0.852321756589346	0.9869281045751634
218_H-314	11.0	11.0	2.989005471845919	0.8580409082379433	0.9931506849315068
219_H-314	11.0	11.0	2.9813900151352453	0.8567527830287754	0.9927536231884058
21_H-314	11.0	11.0	2.9237998472090143	0.8412422839506173	0.9930555555555556
220_H-314	11.0	11.0	3.028606137574242	0.8576160654210445	0.9928057553956835
221_H-314	11.0	11.0	2.979693057277218	0.8556378600823045	0.9925925925925926
222_H-314	11.0	11.0	3.0408221903262507	0.8605799794610983	0.993006993006993
223_H-314	11.0	11.0	3.002609815011296	0.8572541551246537	0.993421052631579
224_H-314	10.0	10.0	2.9227797807259144	0.8486662465868515	0.9927536231884058
225_H-314	11.0	11.0	2.952014901729921	0.8498566470499472	0.9929078014184397
226_H-314	11.0	11.0	3.012951359157903	0.8624888888888889	0.9933333333333333
227_H-314	10.0	10.0	2.8605069211491636	0.8354852144939608	0.9931972789115646
228_H-314	10.0	10.0	2.9501870719266954	0.8537808641975309	1.0
229_H-314	11.333333333333334	11.0	2.823373082069443	0.8331682302896102	0.9847328244274809
22_H-314	11.0	11.0	2.949895485849939	0.8453947368421053	0.993421052631579
230_H-314	12.0	11.0	2.915092915325794	0.8452260865751502	0.9867549668874173
231_H-314	12.0	11.0	2.956371090032174	0.8495918367346939	0.9857142857142858
232_H-314	10.0	10.0	2.917375470125267	0.8519387755102041	0.9928571428571429
233_H-314	10.0	10.0	2.9119856017717956	0.8526167820069204	0.9926470588235294
234_H-314	10.0	10.0	2.846092493559188	0.8391282438901486	0.9920634920634921
235_H-314	10.0	10.0	2.9212943068721713	0.8498310888981443	1.0
236_H-314	12.0	11.0	2.9189732970879563	0.8461355529131986	0.9862068965517241
237_H-314	11.0	11.0	2.927800715145464	0.8459278101837638	0.9933774834437086
238_H-314	11.5	11.0	2.9369558654252206	0.8494088947269657	0.9863013698630136
239_H-314	9.0	9.0	2.850570272783974	0.8446255218550375	1.0
23_H-314	10.5	10.0	2.8733779917295257	0.8496114261709725	0.9855072463768116
240_H-314	11.5	11.0	2.9286717743258013	0.8487005089860817	0.9865771812080537
241_H-314	11.0	11.0	3.032779880293116	0.8591597796143251	0.9924242424242424
242_H-314	10.0	10.0	2.9484167013538274	0.8572778827977316	0.9927536231884058
243_H-314	14.0	11.0	2.7897728206090613	0.8248269896193772	0.9779411764705882
244_H-314	11.0	11.0	3.0405499229145048	0.8646392800116127	0.9939759036144579
245_H-314	10.0	10.0	2.918970688701143	0.848	1.0
246_H-314	12.0	11.0	2.9450299283940278	0.8502533308313004	0.9863013698630136
247_H-314	10.0	10.0	2.8729731727263084	0.8428410583599174	0.9931506849315068
248_H-314	11.5	11.0	2.9140753185518973	0.8452126200274348	0.9851851851851852
249_H-314	11.0	11.0	2.9178815057836553	0.8432963466514627	0.9933774834437086
24_H-314	12.0	11.0	3.0103725299144783	0.8576515704894083	0.9864864864864865
250_H-314	11.5	11.0	2.9760181183583687	0.8561224489795918	0.9857142857142858
251_H-314	10.0	10.0	2.889193024830134	0.8446754883427852	1.0
252_H-314	11.0	11.0	2.9428859595420005	0.8487204405571753	0.9931972789115646
253_H-314	11.0	11.0	2.9583495439402316	0.8514694830109568	0.9937106918238994
254_H-314	11.0	11.0	3.01345167049593	0.8564444444444445	0.9933333333333333
255_H-314	10.0	10.0	2.8684991440632337	0.8393900657414171	0.9932432432432432
256_H-314	11.333333333333334	11.0	2.841163627854316	0.8304498269896193	0.9852941176470589
257_H-314	10.0	10.0	2.926660055975939	0.8497078159240321	1.0
258_H-314	12.0	11.0	2.994259843356263	0.854884873339314	0.9869281045751634
259_H-314	10.0	10.0	2.8619291713587307	0.8365478515625	0.9921875
25_H-314	12.0	11.0	2.9451389192423933	0.8496165084002921	0.9864864864864865
260_H-314	11.0	11.0	2.9948150425685127	0.8580246913580246	0.9930555555555556
261_H-314	11.0	11.0	2.9733244158026304	0.8518005540166205	0.993421052631579
262_H-314	11.0	11.0	3.0122961974235416	0.8573279651996853	0.9931972789115646
263_H-314	11.0	11.0	2.920376783739919	0.8472699726123186	0.9923664122137404
264_H-314	11.0	11.0	2.9141025041250113	0.8417151435541377	0.9931506849315068
265_H-314	11.5	11.0	2.9760277982981638	0.8570556640625	0.984375
266_H-314	14.0	11.0	2.8282083841963432	0.8365595325054784	0.9797297297297297
267_H-314	11.5	11.0	2.9741569213702044	0.8553129873022945	0.9850746268656716
268_H-314	11.0	11.0	2.9533908446423944	0.8533333333333333	0.9925925925925926
269_H-314	12.0	11.0	2.9787969292181606	0.8529948867786705	0.9864864864864865
26_H-314	10.0	10.0	2.950294063312358	0.8534117248007236	1.0
270_H-314	9.0	9.0	2.779835379604832	0.8246858037067828	1.0
271_H-314	12.0	11.0	2.9672048904797474	0.8542878588853443	0.9863013698630136
272_H-314	12.0	11.0	2.9891949372393474	0.8562819576333089	0.9864864864864865
273_H-314	9.0	9.0	2.8114093761037346	0.8409385813148789	1.0
274_H-314	11.5	11.0	2.881849461999599	0.8425535503457582	0.987012987012987
275_H-314	11.5	11.0	2.915267175069696	0.8479591836734695	0.9857142857142858
276_H-314	11.0	11.0	2.997102009740186	0.8562962962962963	0.9925925925925926
277_H-314	12.0	11.0	2.952207243589653	0.8472	0.9866666666666667
278_H-314	14.0	11.0	2.987367777653049	0.8609055416351028	0.9770992366412213
279_H-314	11.0	10.0	2.9061718793766733	0.8502121913580247	0.9861111111111112
27_H-314	9.0	9.0	2.8731321747007916	0.8466879339463314	1.0
280_H-314	11.0	11.0	2.9962439046136904	0.8553668753659746	0.9932885906040269
281_H-314	12.0	11.0	2.992721823317727	0.8559334126040428	0.9862068965517241
282_H-314	9.0	9.0	2.88148452008898	0.84716796875	1.0
283_H-314	9.0	9.0	2.8614322366695277	0.844702216066482	1.0
284_H-314	11.0	11.0	3.0322781873434956	0.8571597633136094	0.9923076923076923
285_H-314	12.0	11.0	2.943821846065652	0.8407480419841228	0.9854014598540146
286_H-314	12.0	11.0	3.033285500171301	0.8606122448979592	0.9857142857142858
287_H-314	12.0	11.0	2.99547863266714	0.859448301745168	0.9863013698630136
288_H-314	10.0	10.0	2.8899436715968037	0.8477023462446203	1.0
289_H-314	11.5	11.0	2.967824487298977	0.8575941230486686	0.9878787878787879
28_H-314	11.0	11.0	2.9695752668879423	0.8474716629574038	0.9928057553956835
290_H-314	10.0	10.0	2.8858284019794254	0.8458512656763386	0.9931972789115646
291_H-314	10.0	10.0	2.9300907870395534	0.8464888888888888	1.0
292_H-314	11.0	11.0	3.0570103357124814	0.8677333333333332	0.9933333333333333
293_H-314	11.0	11.0	3.039224107461706	0.8610586011342155	0.9927536231884058
294_H-314	11.5	11.0	2.8845021452188218	0.8428895367670878	0.9863945578231292
295_H-314	11.5	11.0	2.9218064635046326	0.8493150684931506	0.9863013698630136
296_H-314	10.0	10.0	2.914911944166749	0.8490608531147246	0.9932885906040269
297_H-314	11.0	11.0	3.027613690324614	0.8621720679012346	0.9930555555555556
298_H-314	11.0	10.0	2.9723476274683036	0.8618987607645452	0.9855072463768116
299_H-314	10.0	10.0	2.9076357446335828	0.8528571428571429	0.9928571428571429
29_H-314	14.0	11.0	2.952833884116652	0.8542031771157217	0.9774436090225564
2_H-314	11.5	11.0	2.797005316013497	0.8219457965266511	0.9844961240310077
300_H-314	11.0	11.0	3.073367514767271	0.8665777777777778	0.9933333333333333
301_H-314	11.5	11.0	2.9459305935780695	0.8527489427143407	0.9869281045751634
302_H-314	10.0	10.0	2.9352668931153656	0.8511242603550295	0.9923076923076923
303_H-314	11.0	11.0	2.973143639727026	0.851063829787234	0.9929078014184397
304_H-314	14.0	11.0	2.845683833783867	0.8311869937649321	0.9770992366412213
305_H-314	11.5	11.0	3.0381852005230554	0.8647514713594779	0.9847328244274809
306_H-314	11.0	10.0	2.9155338828420656	0.8566678077167588	0.986013986013986
307_H-314	10.0	10.0	2.9568954316628284	0.8584282850017115	0.993006993006993
308_H-314	10.0	10.0	2.9354852387459975	0.8528122717311907	1.0
309_H-314	11.0	11.0	2.9897843663058796	0.8522448979591837	0.9928571428571429
30_H-314	11.0	11.0	2.953814260226965	0.8470632388815913	0.9931506849315068
310_H-314	10.0	10.0	2.9201974861007884	0.8539613191965475	0.9927007299270073
311_H-314	11.5	11.0	2.9357737639833927	0.8483996539792388	0.9852941176470589
312_H-314	11.0	11.0	2.9503192141866625	0.8502319715328138	0.9932885906040269
313_H-314	11.5	11.0	2.912309530829162	0.8422354340071343	0.9862068965517241
314_H-314	12.0	11.0	3.034622770620452	0.8635191430271771	0.9859154929577465
315_H-314	11.0	11.0	3.0141902133224163	0.8576671295377901	0.9929577464788732
316_H-314	11.0	11.0	2.8871946954623473	0.8424700693131695	0.9927536231884058
317_H-314	11.0	11.0	2.9702844733748215	0.8486469891671418	0.9933774834437086
318_H-314	11.0	11.0	2.9214832244663906	0.8411238293444329	0.9935483870967742
319_H-314	11.0	11.0	2.9227625397926427	0.8471807912367353	0.993006993006993
31_H-314	10.0	10.0	2.9760133181362085	0.861005949161709	0.9922480620155039
320_H-314	12.0	11.0	2.932916390610872	0.8474151234567902	0.9861111111111112
321_H-314	11.0	11.0	2.973517527207552	0.8506039415130324	0.993006993006993
322_H-314	12.0	11.0	2.956811184136726	0.850724062685975	0.9859154929577465
323_H-314	12.0	11.0	2.898873245178172	0.8364197530864197	0.9861111111111112
324_H-314	12.0	11.0	2.9429906693240686	0.8459189482946017	0.9856115107913669
325_H-314	10.0	10.0	2.9768049637758534	0.8589298758217677	1.0
326_H-314	12.0	11.0	2.910682598589015	0.845518118245391	0.986013986013986
327_H-314	10.0	10.0	2.8931689009181336	0.8475944037542213	0.9933774834437086
328_H-314	11.5	11.0	2.944705080078509	0.8486662465868515	0.9855072463768116
329_H-314	11.5	11.0	2.9438718843739657	0.8542947827811942	0.9859154929577465
32_H-314	11.5	11.0	2.9337008030284344	0.8438404989975496	0.9850746268656716
330_H-314	14.0	11.0	2.999996511444254	0.8615637860082305	0.9777777777777777
331_H-314	12.0	11.0	2.9276114445130337	0.8436418685121108	0.9852941176470589
332_H-314	10.0	10.0	2.9596154966633073	0.8574779508350535	1.0
333_H-314	10.0	10.0	2.9012974303632935	0.8463469529085872	0.993421052631579
334_H-314	11.0	11.0	3.023608960552689	0.8571580798124567	0.9927007299270073
335_H-314	11.5	11.0	2.889870521979755	0.8439076310796427	0.9863945578231292
336_H-314	12.0	11.0	2.9787702416304085	0.8558563221365354	0.9856115107913669
337_H-314	10.0	10.0	2.8820686641428477	0.8401110890696291	1.0
338_H-314	11.333333333333334	11.0	2.890856338480033	0.8466574092441976	0.9859154929577465
339_H-314	12.0	11.0	2.9971035830445816	0.8569211102994887	0.9864864864864865
33_H-314	11.0	11.0	3.0119904621537743	0.858368	0.992
340_H-314	10.0	10.0	2.9818267215777254	0.8578039334037524	1.0
341_H-314	12.0	11.0	2.978251780239052	0.8548979591836735	0.9857142857142858
342_H-314	11.5	11.0	2.9318592458518777	0.8497119341563786	0.9851851851851852
343_H-314	10.0	10.0	2.8877723503232495	0.8475500892680023	0.9929577464788732
344_H-314	11.0	11.0	3.007066218521326	0.8565413797640454	0.9933774834437086
345_H-314	14.0	11.0	2.9871375025209472	0.8606724549851407	0.9770992366412213
346_H-314	11.5	11.0	2.8581578299992705	0.8372595829016711	0.9865771812080537
347_H-314	10.0	10.0	2.8473426475300068	0.8394244906532241	0.9927536231884058
348_H-314	11.0	11.0	2.9066238625469887	0.8394706994328922	0.991304347826087
349_H-314	14.0	11.0	2.928411849550539	0.8503213957759412	0.9772727272727273
34_H-314	11.0	11.0	2.9449978141471456	0.8443555555555555	0.9933333333333333
350_H-314	10.0	10.0	2.946629613532971	0.8485714285714285	1.0
351_H-314	14.0	11.0	2.9671413106252915	0.8540964094425709	0.9788732394366197
352_H-314	10.0	10.0	2.8843045903992324	0.8428061831153388	1.0
353_H-314	10.0	10.0	2.930085198502856	0.8537799909461294	0.9929078014184397
354_H-314	11.0	11.0	2.9983676571755167	0.8590222222222221	0.9933333333333333
355_H-314	11.0	11.0	2.9742548647656073	0.8494405864197531	0.9930555555555556
356_H-314	10.0	10.0	2.922406658766668	0.8490816326530612	1.0
357_H-314	12.0	11.0	2.930919802152353	0.8472591324715103	0.9865771812080537
358_H-314	10.0	10.0	2.8546292487283638	0.8416297530810052	0.9933774834437086
359_H-314	10.0	10.0	2.938959319511066	0.854320987654321	0.9925925925925926
35_H-314	11.0	11.0	2.8920883156820465	0.8461224489795919	0.9928571428571429
360_H-314	12.0	11.0	3.0166261226061235	0.862116527942925	0.9862068965517241
361_H-314	11.5	11.0	2.9835632592405856	0.8595237051006535	0.9867549668874173
362_H-314	11.0	11.0	3.0654420846616777	0.8663112675327365	0.9928057553956835
363_H-314	12.0	11.0	2.986385131771902	0.8581336369753119	0.9856115107913669
364_H-314	10.0	10.0	2.938155089170676	0.852926294484736	1.0
365_H-314	11.0	11.0	3.0307339267837943	0.8641975308641975	0.9930555555555556
366_H-314	11.0	11.0	2.9149476269577472	0.8373362950622426	0.9931972789115646
367_H-314	11.0	10.0	2.904697386715569	0.847780915339123	0.9854014598540146
368_H-314	9.0	9.0	2.8289039059331227	0.8437948227580083	0.9917355371900827
369_H-314	11.5	11.0	3.0320398419355405	0.8635502958579881	0.9846153846153847
36_H-314	10.0	10.0	2.879521877276097	0.8444664654745282	0.9932885906040269
370_H-314	14.0	11.0	2.934594068192324	0.850986920332937	0.9793103448275862
371_H-314	10.0	10.0	2.946083758812333	0.8542286122925213	0.9938650306748467
372_H-314	11.0	11.0	2.9950900227346544	0.8519732016235513	0.993006993006993
373_H-314	11.0	11.0	2.9867825605826352	0.8539382695226851	0.9935064935064936
374_H-314	12.0	11.0	3.0080186667158233	0.8597898659489674	0.9856115107913669
375_H-314	12.0	11.0	3.0100129509474476	0.8594530321046373	0.9862068965517241
376_H-314	11.0	11.0	3.0402794317599837	0.8628775267538644	0.993103448275862
377_H-314	11.0	10.0	2.777954045373827	0.8312199161534082	0.9856115107913669
378_H-314	11.0	11.0	3.0584146321182333	0.8660995589161941	0.9927536231884058
379_H-314	10.0	10.0	2.869608451712979	0.8416128313655602	1.0
37_H-314	11.5	11.0	2.9625103429903046	0.8557875690742824	0.986013986013986
380_H-314	11.333333333333334	11.0	2.8982706826007676	0.8472102076124568	0.9852941176470589
381_H-314	11.0	11.0	2.9291982386171402	0.8490816326530612	0.9928571428571429
382_H-314	11.0	11.0	3.0195726375204415	0.8604050237365543	0.9922480620155039
383_H-314	11.5	11.0	2.9379183142773964	0.8532021604938271	0.9861111111111112
384_H-314	10.0	10.0	2.9541081554723125	0.8560768175582991	0.9925925925925926
385_H-314	11.0	11.0	2.9627361778694983	0.8540444444444444	0.9933333333333333
386_H-314	10.0	10.0	2.992073673792912	0.8585069444444444	1.0
387_H-314	12.0	11.0	2.978879519276433	0.8544558071585099	0.9864864864864865
388_H-314	11.5	11.0	2.9543812079287703	0.854137811634349	0.9868421052631579
389_H-314	11.0	11.0	2.9146677560509335	0.8433769322235434	0.993103448275862
38_H-314	12.0	11.0	2.9499527029852843	0.8480927488225247	0.9856115107913669
390_H-314	11.0	11.0	2.9485845373255866	0.8504121435971352	0.9932885906040269
391_H-314	11.5	11.0	2.948738050652178	0.8501858259643726	0.9869281045751634
392_H-314	11.5	11.0	3.029771163898513	0.8647805747382491	0.9850746268656716
393_H-314	11.5	11.0	2.8577878064726625	0.8291848012127732	0.986013986013986
394_H-314	10.5	10.0	2.8381626802821804	0.8430612244897959	0.9857142857142858
395_H-314	11.0	11.0	3.01178320403167	0.8578035620106292	0.9936305732484076
396_H-314	11.5	11.0	2.9731213960823752	0.856	0.9866666666666667
397_H-314	8.0	8.0	2.8009867265434627	0.8423525726368548	1.0
398_H-314	11.0	11.0	3.0381385874334588	0.8620037807183365	0.9927536231884058
399_H-314	11.5	11.0	2.951953111504673	0.8514145689463133	0.9850746268656716
39_H-314	10.0	10.0	2.9034220948546596	0.8454163623082542	0.9932432432432432
3_H-314	14.0	11.0	2.9490159403125276	0.8569884239448673	0.9798657718120806
400_H-314	11.333333333333334	11.0	2.8232778776691454	0.826718126397965	0.9867549668874173
401_H-314	12.0	11.0	2.9721525844201624	0.853632	0.984
402_H-314	11.5	11.0	2.9478754828873184	0.8536825216086124	0.9856115107913669
403_H-314	11.5	11.0	2.9470275676444424	0.8510774287801315	0.9864864864864865
404_H-314	10.0	10.0	2.8767307847715196	0.8471415632159411	0.9927007299270073
405_H-314	10.0	10.0	2.943985826574722	0.8541935483870968	0.9935483870967742
406_H-314	10.0	10.0	2.914109621755021	0.8486582848564459	1.0
407_H-314	11.0	11.0	2.970433647221484	0.8565041617122473	0.993103448275862
408_H-314	11.0	11.0	2.983294954230223	0.8550345758137966	0.9935064935064936
409_H-314	10.0	10.0	2.922201219317231	0.8488506614355416	0.9929078014184397
40_H-314	14.0	11.0	2.8948254737244428	0.8444674012855831	0.9772727272727273
410_H-314	10.0	10.0	2.948239267366691	0.8516674211558775	1.0
411_H-314	12.0	11.0	3.0361625629127618	0.8643272659035466	0.9863013698630136
412_H-314	11.0	11.0	2.9937344672469224	0.8551765927977839	0.993421052631579
413_H-314	10.0	10.0	2.936908847652358	0.8562153739612188	0.993421052631579
414_H-314	10.0	10.0	3.005703123301894	0.8622138206259189	1.0
415_H-314	10.0	10.0	2.8833540363844277	0.850480109739369	0.9925925925925926
416_H-314	10.0	10.0	2.9325153519193408	0.8512244897959184	1.0
417_H-314	11.0	11.0	2.943794272183822	0.8510655343694921	0.9936708860759493
418_H-314	9.0	9.0	2.8548237572945223	0.8472770511296076	1.0
419_H-314	11.0	11.0	2.969487030774419	0.8543162901307967	0.993103448275862
41_H-314	10.0	10.0	2.922732952369599	0.8502258672865225	0.9933774834437086
420_H-314	11.0	11.0	3.0387000566053546	0.8618329696488792	0.9929577464788732
421_H-314	11.333333333333334	11.0	2.8725451225486704	0.8462244897959184	0.9857142857142858
422_H-314	12.0	11.0	2.9497777771900497	0.8485488657512198	0.9858156028368794
423_H-314	11.0	11.0	3.0443269576003313	0.8619555555555556	0.9933333333333333
424_H-314	11.0	11.0	2.9868604910090695	0.857479005233478	0.9936305732484076
425_H-314	10.0	10.0	2.9549756196392796	0.8510817055240496	0.9927536231884058
426_H-314	12.0	11.0	3.0035957537106643	0.8591597796143251	0.9848484848484849
427_H-314	11.0	11.0	2.9755620178639517	0.8548595213319459	0.9935483870967742
428_H-314	11.0	11.0	2.9237629411440302	0.847265625	0.99375
429_H-314	10.0	10.0	2.971198584335066	0.8589788856719158	0.9915966386554622
42_H-314	11.0	11.0	2.858133090161792	0.8289426013146317	0.9928057553956835
430_H-314	12.0	11.0	2.9912291521234216	0.8547928994082841	0.9846153846153847
431_H-314	11.0	11.0	2.9963893148758878	0.8550949598246895	0.9932432432432432
432_H-314	10.0	10.0	2.9278571981563157	0.8514183693711566	0.9929577464788732
433_H-314	11.333333333333334	11.0	2.9340903806798053	0.8544587903188486	0.9863945578231292
434_H-314	11.0	11.0	2.978396560979784	0.8565081806142936	0.9934640522875817
435_H-314	11.0	11.0	2.9935165346311012	0.8544660150443674	0.9932885906040269
436_H-314	10.0	10.0	2.9034520131387476	0.8507841209047151	0.9928057553956835
437_H-314	11.5	11.0	2.9214290520671886	0.8480902777777778	0.9861111111111112
438_H-314	11.0	11.0	2.967094928495337	0.8482915224913495	0.9926470588235294
439_H-314	11.0	11.0	3.053964195599673	0.8638712771058661	0.9927007299270073
43_H-314	10.0	10.0	2.9351331015145425	0.8539644970414201	0.9923076923076923
440_H-314	10.0	10.0	2.916788042897308	0.8488891401435921	0.9924812030075187
441_H-314	11.0	11.0	3.0250633481720155	0.8605945303210464	0.993103448275862
442_H-314	12.0	11.0	2.9733610795858345	0.8547870707425113	0.9867549668874173
443_H-314	14.0	11.0	2.972233679239188	0.8570398413556878	0.9767441860465116
444_H-314	11.0	11.0	2.9889959002102864	0.8518288201707276	0.9924812030075187
445_H-314	10.0	10.0	2.8975353301611086	0.8487990487514864	0.993103448275862
446_H-314	10.0	10.0	2.946004399766075	0.8526570048309179	1.0
447_H-314	11.0	11.0	3.0487986075126976	0.8617998163452709	0.9924242424242424
448_H-314	10.0	10.0	2.9781749528730583	0.8593958122435932	1.0
449_H-314	14.0	11.0	2.8982413300675307	0.8446736758579647	0.9788732394366197
44_H-314	11.5	11.0	2.832164450595536	0.8277146806081366	0.9844961240310077
450_H-314	10.0	10.0	2.88184434458686	0.847900390625	0.9921875
451_H-314	11.0	11.0	2.966174600016607	0.8487111111111111	0.9933333333333333
452_H-314	10.0	10.0	2.900928446347692	0.84705760571399	0.9928057553956835
453_H-314	14.0	11.0	2.8920112220988976	0.8406635802469136	0.9791666666666666
454_H-314	10.0	10.0	2.8117370519702214	0.8333954925675315	0.9927007299270073
455_H-314	12.0	11.0	2.9505883339696437	0.8468218871543503	0.9854014598540146
456_H-314	11.0	11.0	3.000044747094333	0.8582956887855796	0.9933774834437086
457_H-314	11.5	11.0	2.8244730690249735	0.8321781138416299	0.9855072463768116
458_H-314	11.0	11.0	2.9730063613681237	0.8535318559556786	0.993421052631579
459_H-314	11.0	10.0	2.8350402282915033	0.8363816114681166	0.9831932773109243
45_H-314	11.0	11.0	2.9476222289924885	0.8468557825828209	0.9929577464788732
460_H-314	11.0	11.0	2.9517197881010167	0.8490608531147246	0.9932885906040269
461_H-314	12.0	11.0	2.900843284317482	0.8422600294055871	0.9855072463768116
462_H-314	10.0	10.0	2.8770217816116777	0.8433523069091582	0.9931972789115646
463_H-314	10.0	10.0	2.947610810236668	0.8565413797640454	0.9933774834437086
464_H-314	12.0	11.0	2.9765110843090863	0.8538805895075701	0.9858156028368794
465_H-314	12.0	11.0	2.9641622489148793	0.8544442570416597	0.987012987012987
466_H-314	11.0	11.0	3.0069591647781557	0.8560801428288038	0.9929577464788732
467_H-314	11.0	11.0	2.828652756422134	0.826954604556504	0.9924812030075187
468_H-314	11.0	10.0	2.868049842042005	0.847084117172803	0.9836065573770492
469_H-314	11.0	11.0	3.020405016293346	0.8587962962962963	0.9930555555555556
46_H-314	11.5	11.0	2.9435497352786713	0.8502121913580247	0.9861111111111112
470_H-314	10.0	10.0	2.916036023899471	0.8482840236686391	0.9923076923076923
471_H-314	11.0	11.0	3.0028813918376858	0.8557825828208689	0.9929577464788732
472_H-314	11.5	11.0	2.923907379661895	0.8440001851080569	0.9863945578231292
473_H-314	10.0	10.0	2.945598491034597	0.8485207100591716	1.0
474_H-314	11.0	11.0	2.961414462403167	0.8483502244435189	0.9931972789115646
475_H-314	12.0	11.0	2.9784327920052562	0.8553895679291786	0.9858156028368794
476_H-314	10.0	10.0	3.083214118126416	0.8704142011834319	1.0
477_H-314	11.0	11.0	3.0248480769903425	0.8613423517169615	0.9919354838709677
478_H-314	10.0	10.0	2.9396596565637303	0.8514926631809749	1.0
479_H-314	11.5	11.0	2.9562662941263427	0.8533333333333333	0.9851851851851852
47_H-314	11.0	10.0	2.8551698027222896	0.8489892984542211	0.9862068965517241
480_H-314	10.0	10.0	2.9149970188049976	0.8508180131556755	1.0
481_H-314	11.0	11.0	2.9818524646523348	0.8508035062089117	0.9932432432432432
482_H-314	12.0	11.0	3.0629515589201404	0.865226108264647	0.9850746268656716
483_H-314	10.0	10.0	2.9563589611143635	0.8535350844477596	1.0
484_H-314	10.0	10.0	2.907775424163266	0.8475624256837099	0.993103448275862
485_H-314	11.0	11.0	2.984281921509124	0.8586666666666667	0.9933333333333333
486_H-314	11.5	11.0	2.902178810763089	0.8392084775086505	0.9852941176470589
487_H-314	12.0	11.0	2.969758866459174	0.853935790725327	0.9862068965517241
488_H-314	10.0	10.0	2.9446692163788715	0.85410693202901	1.0
489_H-314	10.0	10.0	2.888146114078573	0.840530099271358	1.0
48_H-314	14.0	11.0	2.912001893753534	0.8495027209607806	0.9794520547945206
490_H-314	11.0	11.0	2.8878415564201547	0.8340164857438854	0.9932885906040269
491_H-314	12.0	11.0	2.876510481573091	0.8346558222574886	0.9859154929577465
492_H-314	10.0	10.0	2.97009666901266	0.8511159023366937	1.0
493_H-314	11.0	11.0	3.0157653884661366	0.8553338232800045	0.9924812030075187
494_H-314	10.0	10.0	2.8531651115979932	0.8386426592797784	0.993421052631579
495_H-314	10.0	10.0	2.8945970993982453	0.8438353287124554	0.9927536231884058
496_H-314	10.0	10.0	2.9390634303160277	0.8546461871086888	0.9932885906040269
497_H-314	12.0	11.0	2.9188375392624617	0.8443559556786704	0.9868421052631579
498_H-314	11.0	11.0	2.913761532611057	0.8427141491876666	0.9929078014184397
499_H-314	11.0	10.0	2.774617792803386	0.8292492760080196	0.9850746268656716
49_H-314	10.0	10.0	2.9050336343493504	0.8510848126232742	0.9935897435897436
4_H-314	12.0	11.0	2.905780804550647	0.8434978419966223	0.9863013698630136
500_H-314	10.0	10.0	2.903431787829294	0.8466087697799562	1.0
501_H-314	11.0	11.0	2.9472666378940646	0.8502828210909379	0.9937106918238994
502_H-314	10.0	10.0	2.954452490338109	0.8559809561594922	1.0
503_H-314	14.0	11.0	2.881830761208899	0.8429153463105478	0.9787234042553191
504_H-314	12.0	11.0	3.0250791353091127	0.861446094922623	0.9856115107913669
505_H-314	11.0	11.0	2.9479718984713825	0.8487456599344712	0.993006993006993
506_H-314	11.0	11.0	3.007733622035023	0.8596863516381139	0.9928057553956835
507_H-314	12.0	11.0	2.9610959909569052	0.8443987889273357	0.9852941176470589
508_H-314	10.0	10.0	2.7825151164644994	0.8243519619500594	1.0
509_H-314	11.5	11.0	2.9808746664133716	0.8570720095219203	0.9859154929577465
50_H-314	10.0	10.0	2.8647442328256183	0.8398306972599687	0.9925373134328358
510_H-314	11.0	11.0	2.9284888602802326	0.8429333333333333	0.9933333333333333
511_H-314	10.0	10.0	2.893224411479108	0.8394816789633579	1.0
512_H-314	11.0	11.0	3.044120003845769	0.8635191430271771	0.9929577464788732
513_H-314	10.0	10.0	2.9283416405273073	0.8484482671897792	1.0
514_H-314	11.0	11.0	3.0072480290593147	0.8592	0.9933333333333333
515_H-314	11.5	11.0	2.9462690192708827	0.8496554499270661	0.9858156028368794
516_H-314	11.0	11.0	2.99684810812795	0.8551774837219072	0.9927536231884058
517_H-314	12.0	11.0	2.95820156362714	0.8521412037037037	0.9861111111111112
518_H-314	11.0	11.0	2.9693738249355373	0.854260778036051	0.9933774834437086
519_H-314	11.0	11.0	3.030618274524366	0.8626014568158169	0.9935483870967742
51_H-314	11.5	11.0	2.9071797363102876	0.8493536542427443	0.9858156028368794
520_H-314	10.0	10.0	2.898155256312578	0.842218327774323	0.9924812030075187
521_H-314	11.0	11.0	2.959558891814568	0.8482049947970863	0.9919354838709677
522_H-314	12.0	11.0	2.959235958034568	0.8508491832106992	0.9863945578231292
523_H-314	11.5	11.0	2.966252255670922	0.8546523839529511	0.9855072463768116
524_H-314	11.0	10.0	2.867842798659264	0.8447802908752134	0.9856115107913669
525_H-314	11.0	11.0	2.9611289074990412	0.8518135904499541	0.9924242424242424
526_H-314	10.0	10.0	2.870965209078227	0.8381604432232782	0.9932885906040269
527_H-314	12.0	11.0	2.9563077492239374	0.8482666666666666	0.9866666666666667
528_H-314	11.5	11.0	2.9799107288513476	0.8595516762547114	0.9859154929577465
529_H-314	11.0	11.0	2.928020067705997	0.8430222222222222	0.9933333333333333
52_H-314	11.0	11.0	3.0016883869590014	0.8585714285714285	0.9928571428571429
530_H-314	11.0	11.0	2.9976353796179898	0.8588531821045999	0.9927536231884058
531_H-314	11.0	11.0	2.979192350832909	0.8472102076124567	0.9926470588235294
532_H-314	11.5	11.0	2.9428249191022466	0.8520262926349568	0.9856115107913669
533_H-314	14.0	11.0	2.958006640008809	0.8552370650802236	0.9767441860465116
534_H-314	11.5	11.0	3.0092359323501974	0.8606858710562414	0.9851851851851852
535_H-314	11.5	11.0	2.9529158880770328	0.8488775510204082	0.9857142857142858
536_H-314	11.0	11.0	2.9324172058946374	0.842798353909465	0.9925925925925926
537_H-314	11.0	11.0	2.9831056082494247	0.8536887521893288	0.9934640522875817
538_H-314	11.0	11.0	3.0076629779009814	0.8594984834892563	0.9934640522875817
539_H-314	11.5	11.0	2.9096331303164686	0.8424	0.9866666666666667
53_H-314	11.5	11.0	2.8874281202625616	0.8453333333333333	0.9866666666666667
540_H-314	12.0	11.0	3.001639903496568	0.8592732619197647	0.9855072463768116
541_H-314	11.0	11.0	2.947395751957698	0.8486662465868515	0.9927536231884058
542_H-314	14.0	11.0	2.938256430761332	0.8535332500347077	0.9795918367346939
543_H-314	11.5	11.0	2.9280134646957623	0.8477526753864447	0.9862068965517241
544_H-314	10.0	10.0	2.8363155283029235	0.8396045753325397	0.9928057553956835
545_H-314	11.5	11.0	2.976323662392405	0.8574826989619377	0.9852941176470589
546_H-314	12.0	11.0	2.952597626056276	0.8450666666666666	0.9866666666666667
547_H-314	11.0	10.0	2.8975682088510744	0.849833925761902	0.9847328244274809
548_H-314	11.5	11.0	2.937892841247061	0.8511867254778408	0.9855072463768116
549_H-314	10.0	10.0	2.9062178211198066	0.8524187535634402	0.9933774834437086
54_H-314	12.0	11.0	2.954562885567595	0.8455648038049941	0.9862068965517241
550_H-314	11.5	11.0	2.9397095434033615	0.844931878568602	0.9849624060150376
551_H-314	12.0	11.0	2.9769329026715927	0.8566222222222222	0.9866666666666667
552_H-314	10.0	10.0	2.968395129966058	0.8547437673130194	1.0
553_H-314	11.5	11.0	2.9664045984386145	0.8567744495139853	0.9859154929577465
554_H-314	11.0	11.0	2.9785067064943878	0.8557919621749409	0.9929078014184397
555_H-314	10.0	10.0	2.9296153790091535	0.8533029160880777	0.9929577464788732
556_H-314	11.0	11.0	2.848032118908815	0.8349464313441333	0.9928057553956835
557_H-314	11.0	11.0	3.0076389203280534	0.8580444444444444	0.9933333333333333
558_H-314	11.0	11.0	3.022233714933495	0.8585069444444444	0.9930555555555556
559_H-314	10.0	10.0	2.966999447552467	0.8594530321046373	0.993103448275862
55_H-314	9.0	9.0	2.810108390025066	0.8400985865902117	0.9929078014184397
560_H-314	14.0	11.0	2.892748085813796	0.8452337472607743	0.9797297297297297
561_H-314	11.0	11.0	2.9357808799126315	0.8450182794206118	0.9931972789115646
562_H-314	10.0	10.0	2.963009571248052	0.8558991463621459	1.0
563_H-314	11.0	11.0	3.066072101681652	0.8669372585456502	0.993006993006993
564_H-314	11.5	11.0	2.947998856045576	0.8518078889700511	0.9864864864864865
565_H-314	11.0	11.0	2.9289536199454607	0.8473663975394079	0.9934640522875817
566_H-314	11.0	11.0	2.972567219324757	0.8543484934871277	0.9933774834437086
567_H-314	12.0	11.0	2.9567175445105227	0.8533470032893331	0.9869281045751634
568_H-314	12.0	11.0	2.945069214327288	0.8519381688466112	0.9862068965517241
569_H-314	11.5	11.0	2.935498931647831	0.846850577092283	0.9856115107913669
56_H-314	11.0	11.0	2.996838027560284	0.853491512345679	0.9930555555555556
570_H-314	12.0	11.0	2.9779473203971882	0.8532021604938271	0.9861111111111112
571_H-314	11.0	11.0	2.936368591074665	0.8526118626430801	0.9935483870967742
572_H-314	12.0	11.0	2.9859155280556253	0.8576488446618317	0.987012987012987
573_H-314	10.0	10.0	2.9086876032539357	0.8477210670027305	0.9927536231884058
574_H-314	11.0	10.0	2.904670034444814	0.8512600438276114	0.9864864864864865
575_H-314	11.0	11.0	2.9062585136127845	0.8417081635732608	0.9929078014184397
576_H-314	11.5	11.0	2.8795187674108784	0.8369387755102041	0.9857142857142858
577_H-314	11.0	11.0	3.0592497754960966	0.8656509695290859	0.993421052631579
578_H-314	11.5	11.0	2.8575838732855234	0.8374330489982147	0.9859154929577465
579_H-314	11.0	11.0	2.956637668367378	0.850859375	0.99375
57_H-314	11.0	11.0	2.9817013869262152	0.856979957019429	0.9933774834437086
580_H-314	12.0	11.0	2.9034822320617315	0.8449265381083563	0.9848484848484849
581_H-314	11.0	11.0	3.030793340268658	0.8620313429875025	0.9929577464788732
582_H-314	11.0	11.0	3.0113858916810354	0.8578039334037524	0.9929078014184397
583_H-314	10.0	10.0	2.8985543509963536	0.8493150684931507	0.9931506849315068
584_H-314	11.5	11.0	2.891862134493269	0.8406414832969258	0.9854014598540146
585_H-314	11.0	11.0	2.9959120791960676	0.8579484834628868	0.9938271604938271
586_H-314	10.0	10.0	2.8796071511703416	0.8427472321261025	0.9931506849315068
587_H-314	12.0	11.0	2.9219656969314847	0.8489978509714486	0.9867549668874173
588_H-314	10.0	10.0	2.8859755481409253	0.8463005525942588	0.993006993006993
589_H-314	14.0	11.0	2.8936785917003784	0.8470456940913882	0.9763779527559056
58_H-314	10.0	10.0	2.9307192784348652	0.8459357277882797	1.0
590_H-314	10.0	10.0	2.96345705180358	0.8544378698224852	1.0
591_H-314	11.0	11.0	2.9109397145828235	0.8387009594162426	0.9932885906040269
592_H-314	10.0	10.0	2.9356854053663124	0.8505275748643684	1.0
593_H-314	12.0	11.0	2.8922246460017913	0.8380394857667586	0.9848484848484849
594_H-314	11.0	11.0	3.044809217982128	0.8637891199327873	0.9927536231884058
595_H-314	11.0	11.0	3.005018919398075	0.8567212008770451	0.9935064935064936
596_H-314	10.0	10.0	2.9029792512233095	0.85261065357621	0.9936305732484076
597_H-314	11.0	11.0	3.018862307937914	0.8580370678272776	0.993006993006993
598_H-314	12.0	11.0	3.0329007200054736	0.8638888888888889	0.9833333333333333
599_H-314	10.0	10.0	2.883393064368204	0.8387943709304768	0.9927536231884058
59_H-314	11.0	10.0	2.9111312851187923	0.8491155046826222	0.9838709677419355
5_H-314	11.5	11.0	2.916649822921425	0.8492028074161223	0.9872611464968153
600_H-314	11.0	11.0	3.024527100665501	0.8537649219467401	0.9924242424242424
601_H-314	10.0	10.0	2.942510840512935	0.8506039415130324	1.0
602_H-314	10.0	10.0	2.8148547843462097	0.830683302553939	0.9932885906040269
603_H-314	12.0	11.0	2.8980131931029423	0.8347800925925926	0.9861111111111112
604_H-314	10.0	10.0	2.9433187841416464	0.8533333333333333	1.0
605_H-314	10.0	10.0	2.9617179766724377	0.8559556786703602	1.0
606_H-314	10.0	10.0	2.9064662440225373	0.8429333333333333	1.0
607_H-314	11.0	11.0	2.879557207745363	0.8345299338571994	0.9924812030075187
608_H-314	10.0	10.0	2.994125829971103	0.8625182101977107	0.9935483870967742
609_H-314	10.0	10.0	2.996782162176136	0.860213856092671	0.9925373134328358
60_H-314	10.0	10.0	2.9123828715459985	0.849614984391259	1.0
610_H-314	11.5	11.0	2.9186752396282376	0.8471428571428572	0.9857142857142858
611_H-314	12.5	11.0	2.869415897201213	0.8450657161951437	0.9776119402985075
612_H-314	11.0	10.0	2.876406579449262	0.8446153846153845	0.9846153846153847
613_H-314	11.0	11.0	2.993886703515736	0.856305610314881	0.9927007299270073
614_H-314	10.0	10.0	2.9596709340403855	0.8546139175509805	1.0
615_H-314	11.0	10.0	2.8633352087313466	0.8437333333333333	0.9866666666666667
616_H-314	11.0	11.0	2.933438015733206	0.8461755893493131	0.9924812030075187
617_H-314	11.0	11.0	2.9456702518516216	0.8435491276400368	0.9924242424242424
618_H-314	9.0	9.0	2.9676525708516306	0.861755540166205	1.0
619_H-314	11.5	11.0	2.860563167892469	0.8274934009626831	0.9856115107913669
61_H-314	12.0	11.0	2.968407868871972	0.8542222222222222	0.9866666666666667
620_H-314	11.0	11.0	2.9857488024290966	0.8507462686567164	0.9925373134328358
621_H-314	12.0	11.0	2.9849335082075994	0.8549890894663758	0.9859154929577465
622_H-314	14.0	11.0	2.8408006431924058	0.8370919067215363	0.9777777777777777
623_H-314	11.0	11.0	2.9948208781170336	0.8549821640903686	0.993103448275862
624_H-314	10.0	10.0	2.943773909436492	0.8552888888888889	1.0
625_H-314	12.0	11.0	2.9561886398615074	0.8469694126477764	0.9863013698630136
626_H-314	11.0	11.0	2.977276771089959	0.852833044982699	0.9926470588235294
627_H-314	11.0	11.0	2.9857401568098623	0.8510204081632653	0.9928571428571429
628_H-314	11.5	11.0	2.928470164932764	0.8423593964334706	0.9851851851851852
629_H-314	11.5	11.0	2.9326727641378945	0.8471807912367353	0.986013986013986
62_H-314	10.0	10.0	2.9188999284974533	0.8499560064178873	0.9928057553956835
630_H-314	12.5	11.0	2.8699805903672377	0.8451108334490258	0.9795918367346939
631_H-314	11.0	11.0	3.0002293242489095	0.8568595041322314	0.9939393939393939
632_H-314	10.0	10.0	2.996971008338655	0.8572839506172839	1.0
633_H-314	10.0	10.0	2.953347838327869	0.8547230380438495	0.9917355371900827
634_H-314	11.5	11.0	2.967221371076744	0.8511029411764706	0.9852941176470589
635_H-314	11.0	11.0	3.0356936911858403	0.8597683225662731	0.9925373134328358
636_H-314	12.0	11.0	2.9385407220941873	0.8447367235710103	0.9865771812080537
637_H-314	11.5	11.0	2.943850029251155	0.852792817807395	0.9863945578231292
638_H-314	11.0	11.0	3.0266560515788576	0.8622116527942925	0.993103448275862
639_H-314	10.0	10.0	2.932946989249742	0.8573524377720182	0.993006993006993
63_H-314	10.0	10.0	2.9158268684584074	0.8502958579881656	1.0
640_H-314	11.5	11.0	3.003976594180918	0.8603555555555555	0.9866666666666667
641_H-314	10.0	10.0	2.924597793110383	0.844914825434306	1.0
642_H-314	10.0	10.0	2.9319519384916353	0.8515354671280276	1.0
643_H-314	11.333333333333334	11.0	2.8356378622548113	0.832706261757592	0.9836065573770492
644_H-314	11.0	11.0	3.001961743751601	0.857550535077289	0.993103448275862
645_H-314	14.0	11.0	2.932476536988421	0.8551379325468181	0.9801324503311258
646_H-314	12.0	11.0	2.9945055999394277	0.8568983379127066	0.9865771812080537
647_H-314	11.0	11.0	2.963257385571096	0.8486254005734525	0.9935064935064936
648_H-314	10.0	10.0	2.885265330770318	0.8479452655585281	0.9933774834437086
649_H-314	12.0	11.0	2.9681820328389974	0.8535353535353536	0.9848484848484849
64_H-314	11.0	11.0	2.996781295409791	0.8557825828208689	0.9929577464788732
650_H-314	11.0	11.0	3.0455575726568265	0.8632213294375456	0.9932432432432432
651_H-314	11.0	11.0	3.0189430400899844	0.8561793294981155	0.9929577464788732
652_H-314	11.0	11.0	2.9750174491619297	0.8545423709650065	0.9924812030075187
653_H-314	11.0	11.0	2.9102539294860725	0.840138882096924	0.993006993006993
654_H-314	9.0	9.0	2.849796300539841	0.8436818091648483	1.0
655_H-314	10.0	10.0	2.85479929089911	0.8359322789039876	0.9925373134328358
656_H-314	10.0	10.0	2.9572009626041074	0.856938775510204	1.0
657_H-314	10.0	10.0	2.871411421569384	0.8460404280618311	0.993103448275862
658_H-314	12.0	11.0	3.0532037344262175	0.8664576124567474	0.9852941176470589
659_H-314	14.0	11.0	2.9151470370738757	0.8518598615916955	0.9779411764705882
65_H-314	10.0	10.0	2.945844456674044	0.8538109121199501	0.9931972789115646
660_H-314	10.0	10.0	2.965155740114791	0.8539438085327784	1.0
661_H-314	11.5	11.0	2.9552231702876606	0.854916445205171	0.9865771812080537
662_H-314	12.0	11.0	2.9966890671640796	0.8585598095615949	0.9859154929577465
663_H-314	11.0	11.0	2.967364403465561	0.8510946638372755	0.9928057553956835
664_H-314	11.0	10.0	2.9102503301966633	0.853376	0.984
665_H-314	10.0	10.0	2.9676823511951054	0.856305610314881	1.0
666_H-314	11.0	11.0	2.997407177339869	0.8560249739854319	0.9935483870967742
667_H-314	11.0	11.0	2.9722484280129833	0.850180802103879	0.9935897435897436
668_H-314	11.0	11.0	2.886454096895539	0.8387696219864051	0.993006993006993
669_H-314	10.0	10.0	2.925564369044884	0.8536422365783025	0.9925373134328358
66_H-314	12.0	11.0	2.9924070886147285	0.856690598677144	0.9849624060150376
670_H-314	10.0	10.0	2.9269111048086573	0.8472785955303438	1.0
671_H-314	12.0	11.0	2.925801509885549	0.840873168439489	0.9869281045751634
672_H-314	11.5	11.0	2.940862714712389	0.8490906566708316	0.9863945578231292
673_H-314	10.0	10.0	2.884495795994036	0.842421875	0.99375
674_H-314	9.0	9.0	2.774042201464146	0.8232345734016485	0.9925373134328358
675_H-314	10.0	10.0	2.963534432232227	0.8571428571428572	1.0
676_H-314	11.0	11.0	2.9414731643042438	0.8469916765755053	0.993103448275862
677_H-314	11.0	11.0	3.0688762878143563	0.8663221269113964	0.9927007299270073
678_H-314	10.0	10.0	2.9283443205879323	0.8505898491083677	0.9925925925925926
679_H-314	10.0	10.0	2.9413854582760064	0.8499560064178873	1.0
67_H-314	14.0	11.0	2.833235313839135	0.8318668252080856	0.9793103448275862
680_H-314	11.5	11.0	2.955170955017697	0.8528069827415196	0.9859154929577465
681_H-314	11.0	10.0	2.8934234864807564	0.8439871816495192	0.987012987012987
682_H-314	11.0	11.0	2.985547752232492	0.8522448979591837	0.9928571428571429
683_H-314	11.5	11.0	2.9818102554870567	0.8553114620360118	0.9847328244274809
684_H-314	10.0	9.0	2.717389947773043	0.8307322929171669	0.9831932773109243
685_H-314	11.0	11.0	2.952597192747539	0.8486582848564459	0.9931506849315068
686_H-314	11.0	11.0	2.9418106525214474	0.843731685225638	0.9927007299270073
687_H-314	11.0	11.0	3.036256397636236	0.8616735253772291	0.9925925925925926
688_H-314	9.0	9.0	2.9053006114983497	0.8470833333333334	1.0
689_H-314	14.0	11.0	2.9352651285768547	0.8512193993243556	0.9795918367346939
68_H-314	12.0	11.0	2.9172029914803908	0.8451169481591987	0.9854014598540146
690_H-314	12.0	11.0	3.0067019926376735	0.8585476942187258	0.9856115107913669
691_H-314	10.0	10.0	2.869879197426644	0.8375322356675263	1.0
692_H-314	12.0	11.0	2.933076700424741	0.848046875	0.9875
693_H-314	12.0	11.0	2.9579523244015244	0.8519422030399699	0.9863013698630136
694_H-314	11.0	11.0	2.970452259772433	0.8501297577854672	0.9926470588235294
695_H-314	12.0	11.0	3.0136606676835167	0.8618666666666667	0.9866666666666667
696_H-314	10.0	10.0	2.8978690917177983	0.8443444667220891	1.0
697_H-314	12.0	11.0	2.92519421562244	0.8424444570071796	0.9849624060150376
698_H-314	11.0	10.0	2.9137289409967555	0.8502606310013717	0.9851851851851852
699_H-314	10.0	10.0	2.914110236915872	0.8478503007351303	1.0
69_H-314	11.0	11.0	3.0061417732542597	0.8595108328453673	0.9932885906040269
6_H-314	11.5	11.0	2.91245636024943	0.8481844508799288	0.9850746268656716
700_H-314	11.0	11.0	3.011308910697364	0.8593864134404674	0.9932432432432432
701_H-314	14.0	11.0	2.9423747407581837	0.8517236960143535	0.9803921568627451
702_H-314	12.0	11.0	2.9905296312713614	0.8566255144032922	0.9851851851851852
703_H-314	11.0	10.0	2.9025583542528155	0.8524137931034482	0.9862068965517241
704_H-314	11.5	11.0	2.9317934793470126	0.8450506556729968	0.9867549668874173
705_H-314	10.0	10.0	2.915174038925789	0.8496459808413162	1.0
706_H-314	12.5	11.0	2.8813547528912067	0.8469851826495183	0.9790209790209791
707_H-314	12.0	11.0	2.982954152623201	0.8567979477893466	0.9858156028368794
708_H-314	11.5	11.0	2.9272700822394193	0.8457137268326079	0.986013986013986
709_H-314	11.0	11.0	2.992354799159364	0.852112676056338	0.9929577464788732
70_H-314	11.0	11.0	2.8997589845302456	0.8469529085872576	0.993421052631579
710_H-314	11.0	11.0	2.902743304395805	0.8408163265306122	0.9928571428571429
711_H-314	12.0	11.0	2.9435005608305684	0.8544576872143193	0.9869281045751634
712_H-314	11.0	11.0	2.9872530161088324	0.8554183813443073	0.9925925925925926
713_H-314	10.0	10.0	2.9609785859932565	0.855789078626384	1.0
714_H-314	10.0	10.0	2.891545362880623	0.8435063488527512	0.9925373134328358
715_H-314	11.5	11.0	2.95209898938449	0.8500779683671197	0.9850746268656716
716_H-314	10.0	10.0	2.890075857391726	0.8463541666666666	0.9930555555555556
717_H-314	11.0	11.0	2.8775129452125214	0.8353994490358126	0.9924242424242424
718_H-314	9.0	9.0	2.9089111289661957	0.8549946294307197	1.0
719_H-314	11.0	11.0	2.920350720673663	0.8446745562130178	0.9935897435897436
71_H-314	10.0	10.0	2.851144371592146	0.8413148498214661	0.9927536231884058
720_H-314	9.0	9.0	2.8623479751288268	0.8387158145065399	1.0
721_H-314	11.0	11.0	2.942343297670462	0.8505650193961882	0.9935064935064936
722_H-314	11.0	11.0	2.9501269881155716	0.8494674556213018	0.9923076923076923
723_H-314	11.0	10.0	2.849922047756201	0.838424915691331	0.9859154929577465
724_H-314	12.0	11.0	2.9017203324051732	0.8420138888888888	0.9861111111111112
725_H-314	14.0	11.0	2.9461615694483867	0.8476268861454047	0.9777777777777777
726_H-314	11.0	11.0	2.9484683480114824	0.8420451843043995	0.993103448275862
727_H-314	10.0	10.0	2.968879257936406	0.8568	0.9933333333333333
728_H-314	10.0	10.0	2.9531180679825737	0.8536376953125	0.9921875
729_H-314	10.0	10.0	2.9285850470433608	0.845322509658174	1.0
72_H-314	12.0	11.0	2.914188447509098	0.847511027095148	0.9855072463768116
730_H-314	11.0	11.0	3.009152985868049	0.8580370678272775	0.993006993006993
731_H-314	10.0	10.0	2.9287866061236536	0.8529411764705882	1.0
732_H-314	11.0	11.0	2.911653584846873	0.8429591836734694	0.9928571428571429
733_H-314	11.0	10.0	2.8496523017236393	0.8409266095987666	0.9872611464968153
734_H-314	10.0	10.0	2.9409994592076627	0.8471907281431091	1.0
735_H-314	10.0	10.0	2.9690286878770493	0.8564377231674019	0.9927536231884058
736_H-314	11.0	11.0	2.907592753341946	0.8387158145065399	0.993103448275862
737_H-314	12.0	11.0	3.0085806904982575	0.8561247628303021	0.9863945578231292
738_H-314	11.0	11.0	2.9878362619371517	0.8561905179597387	0.9933774834437086
739_H-314	11.5	11.0	2.88412279645118	0.8432597528807442	0.9863945578231292
73_H-314	12.0	11.0	2.9159333960725764	0.8466087697799562	0.9854014598540146
740_H-314	11.0	11.0	2.982187990235263	0.8527696153677471	0.9933774834437086
741_H-314	11.0	11.0	2.9728270521517617	0.8519692168401992	0.9929078014184397
742_H-314	11.0	11.0	2.985683288139528	0.8555405633327711	0.9935064935064936
743_H-314	10.0	10.0	2.861790524590636	0.8432171419948695	0.9929078014184397
744_H-314	11.0	11.0	2.926526362104868	0.8472126038781164	0.993421052631579
745_H-314	10.0	10.0	2.9664126122906542	0.8561851211072664	0.9926470588235294
746_H-314	11.0	11.0	2.9438934325594106	0.8496085033875613	0.9936305732484076
747_H-314	11.5	11.0	2.920133092211952	0.8501584427342689	0.9858156028368794
748_H-314	11.5	11.0	2.963152991611638	0.8559767310940138	0.9863013698630136
749_H-314	10.0	10.0	2.9168783779814667	0.8527527700831025	1.0
74_H-314	10.0	10.0	2.875972187311192	0.8454696789536267	0.993103448275862
750_H-314	11.0	11.0	3.03073606729186	0.8622685185185185	0.9930555555555556
751_H-314	12.0	11.0	2.993090001471131	0.8535544738897902	0.9844961240310077
752_H-314	10.0	10.0	2.904669555997871	0.8432888888888889	0.9933333333333333
753_H-314	12.0	11.0	2.974581076132782	0.8557875690742823	0.986013986013986
754_H-314	12.0	11.0	2.973711055796084	0.8517159293790915	0.9859154929577465
755_H-314	10.0	10.0	2.929007291273082	0.8480458729440169	0.9929078014184397
756_H-314	11.0	11.0	2.991643270216508	0.8546831955922864	0.9924242424242424
757_H-314	11.5	11.0	2.9397703561320943	0.851530612244898	0.9857142857142858
758_H-314	11.0	11.0	3.0110741626888813	0.8603907962016071	0.9932432432432432
759_H-314	11.0	11.0	2.988170189258084	0.8555919604870654	0.993006993006993
75_H-314	11.0	11.0	2.898978704572693	0.838817159516868	0.9931972789115646
760_H-314	11.5	11.0	2.9320890113409313	0.8513863758619004	0.986013986013986
761_H-314	12.0	11.0	2.9942575426336044	0.8561236623067776	0.9862068965517241
762_H-314	12.0	11.0	2.979080088898479	0.8526928129104898	0.9863013698630136
763_H-314	10.0	10.0	2.870220371296948	0.8439476813317479	0.993103448275862
764_H-314	10.0	10.0	2.9082947384732236	0.8518430439952438	0.993103448275862
765_H-314	11.0	11.0	2.9754769665254868	0.8506039415130324	0.993006993006993
766_H-314	11.0	11.0	2.9780189602829505	0.8514273356401384	0.9926470588235294
767_H-314	14.0	11.0	2.870357826254436	0.8438353287124554	0.9782608695652174
768_H-314	11.333333333333334	11.0	2.8196873740541224	0.835933297471759	0.986013986013986
769_H-314	11.0	11.0	3.051651274892197	0.86408439448026	0.9927007299270073
76_H-314	11.0	11.0	2.9475309154072598	0.8474060071413568	0.9927536231884058
770_H-314	12.0	11.0	2.9567140254467446	0.848513674197384	0.9862068965517241
771_H-314	10.0	10.0	2.995871581309954	0.8619284744228157	1.0
772_H-314	11.0	11.0	3.0587587068721285	0.8635215794306703	0.9924242424242424
773_H-314	10.0	10.0	2.9430803061494513	0.851318359375	1.0
774_H-314	10.0	10.0	2.898317936541396	0.8454801038062284	0.9926470588235294
775_H-314	14.0	11.0	2.8968603481305553	0.8451843043995244	0.9793103448275862
776_H-314	10.0	10.0	2.971729239213902	0.8587721123829344	0.9935483870967742
777_H-314	11.0	11.0	2.9554443524702494	0.8524470416362309	0.9932432432432432
778_H-314	12.0	11.0	2.975349882065586	0.855899687512361	0.9874213836477987
779_H-314	11.5	11.0	3.021662524777849	0.8631098240142571	0.9850746268656716
77_H-314	11.0	11.0	2.930263237751067	0.8470632388815913	0.9931506849315068
780_H-314	11.0	11.0	2.9646781978190133	0.8507620341029123	0.9929078014184397
781_H-314	11.0	11.0	3.0098702090234086	0.8605673561941783	0.9931972789115646
782_H-314	10.0	10.0	2.9928331347977637	0.8615504566718646	0.9925373134328358
783_H-314	10.0	10.0	2.9753745233122935	0.8597814776274714	0.9919354838709677
784_H-314	10.0	10.0	3.0104499238649054	0.8587755102040816	1.0
785_H-314	10.0	10.0	2.9382904873022873	0.8505061372194239	0.993006993006993
786_H-314	11.5	11.0	2.9770327224185356	0.8587093204567174	0.9858156028368794
787_H-314	12.0	11.0	2.9022186980585527	0.8441756128825508	0.9873417721518988
788_H-314	11.0	11.0	2.989482419659256	0.8541836734693877	0.9928571428571429
789_H-314	12.0	11.0	2.9572286788060564	0.8512973520166232	0.9854014598540146
78_H-314	14.0	11.0	2.9166736663361097	0.8459438197047526	0.9795918367346939
790_H-314	11.0	11.0	2.9155394084236987	0.8407729381559389	0.9932885906040269
791_H-314	10.0	10.0	2.8586881414288845	0.8378579886847068	1.0
792_H-314	12.0	11.0	2.9628479422148826	0.8514083319278125	0.987012987012987
793_H-314	11.0	11.0	3.0094148901175464	0.8619321563181909	0.9929577464788732
794_H-314	11.0	11.0	2.938707038943285	0.8500161969549724	0.9931972789115646
795_H-314	10.0	10.0	2.9919776002748426	0.861455463728191	0.9924242424242424
796_H-314	12.0	11.0	2.9724835842557944	0.8534021027573895	0.9859154929577465
797_H-314	10.0	10.0	2.841646828760907	0.834854195596112	1.0
798_H-314	11.0	11.0	2.995192948322015	0.8559183673469388	0.9928571428571429
799_H-314	12.0	11.0	2.9873414182262388	0.8565992865636147	0.9862068965517241
79_H-314	14.0	11.0	2.9574150464520716	0.8556471374470929	0.9776119402985075
7_H-314	11.5	11.0	2.9310071673263636	0.8485333333333334	0.9866666666666667
800_H-314	11.0	11.0	2.955369383616269	0.8473312574009911	0.9933774834437086
801_H-314	11.0	11.0	3.004102769303196	0.85498046875	0.9921875
802_H-314	10.0	10.0	2.987272794528891	0.8541002064177143	1.0
803_H-314	14.0	11.0	2.8347547960071156	0.8354815695600476	0.9793103448275862
804_H-314	10.0	10.0	2.848607981981745	0.8385843310228944	0.9927536231884058
805_H-314	11.5	11.0	2.930712753930837	0.8487403292997422	0.9859154929577465
806_H-314	12.0	11.0	2.9480020467639996	0.8526077097505669	0.9863945578231292
807_H-314	10.0	10.0	2.9388657557057023	0.8508711172678353	0.9927007299270073
808_H-314	11.0	11.0	3.0247868529147337	0.85693359375	0.9921875
809_H-314	12.0	11.0	2.9472796383947415	0.8477584939793091	0.9849624060150376
80_H-314	10.0	10.0	2.9279172301052125	0.8439429012345678	1.0
810_H-314	11.0	11.0	2.982297903194271	0.8514045073811838	0.9931972789115646
811_H-314	11.0	11.0	2.9700051223630943	0.8510342912675274	0.9931972789115646
812_H-314	10.0	10.0	2.916622522480687	0.8539219176456627	0.9937106918238994
813_H-314	10.0	10.0	2.9647323147422315	0.8576981813133416	0.9931972789115646
814_H-314	10.0	10.0	2.89927775314167	0.8442603550295857	1.0
815_H-314	11.0	11.0	3.1002129190484857	0.8714285714285714	0.9928571428571429
816_H-314	10.0	10.0	2.8621727682818996	0.8376391514387733	0.9927536231884058
817_H-314	9.0	9.0	2.9268467653941044	0.8597333333333333	0.9933333333333333
818_H-314	11.0	11.0	3.0531598951539065	0.8653796387350551	0.9928057553956835
819_H-314	11.5	11.0	2.9182642104561105	0.8455989773557341	0.9864864864864865
81_H-314	11.0	11.0	2.972139364581882	0.8517775930363343	0.993006993006993
820_H-314	11.0	11.0	3.0404018867266545	0.863905325443787	0.9935897435897436
821_H-314	9.0	9.0	2.8982409341083732	0.8488891401435921	1.0
822_H-314	12.0	11.0	2.9998156809407783	0.8585476942187258	0.9856115107913669
823_H-314	10.0	10.0	2.913038227198557	0.8480953274535561	1.0
824_H-314	9.0	9.0	2.8771295632946523	0.8461612654320988	1.0
825_H-314	10.0	10.0	2.913953091702939	0.8505256893473517	0.9929577464788732
826_H-314	11.0	11.0	2.9700758155136713	0.851992067784388	0.9922480620155039
827_H-314	10.0	10.0	2.892220782340338	0.8393975467108328	1.0
828_H-314	10.0	10.0	2.9703233546138788	0.8578655028764134	0.9929577464788732
829_H-314	11.0	11.0	2.972891983499476	0.8512650269101152	0.9929078014184397
82_H-314	10.0	10.0	2.9650125763908646	0.8566471877282689	0.9932432432432432
830_H-314	10.0	10.0	2.8254323466958184	0.8356481481481481	0.9930555555555556
831_H-314	11.0	11.0	2.9363199932276824	0.8469592336823346	0.9925373134328358
832_H-314	11.0	10.0	2.8500379724949747	0.8392524487711075	0.9844961240310077
833_H-314	9.0	9.0	2.8656127960218667	0.8440607993995122	1.0
834_H-314	12.0	11.0	2.928881744686949	0.8459317273842015	0.9874213836477987
835_H-314	10.0	10.0	2.9025981700458092	0.8473865159372997	0.9923664122137404
836_H-314	11.0	11.0	2.92736327956761	0.8473372781065088	0.9923076923076923
837_H-314	9.0	9.0	2.938389848774203	0.8597898659489674	1.0
838_H-314	12.0	11.0	2.9954874108258522	0.8586976918746482	0.9863013698630136
839_H-314	11.0	11.0	2.992380943507771	0.854884873339314	0.9934640522875817
83_H-314	14.0	11.0	2.8143795517394414	0.8371069489950609	0.9790209790209791
840_H-314	11.0	11.0	2.980637241675244	0.8487654320987654	0.9930555555555556
841_H-314	10.0	10.0	2.9741737730064033	0.8586238935889285	1.0
842_H-314	12.0	11.0	2.892911147352954	0.8363764398169106	0.9858156028368794
843_H-314	12.0	11.0	2.966216852174478	0.8558829048601989	0.9863013698630136
844_H-314	12.0	11.0	2.9474566672123923	0.8522328913275415	0.9876543209876543
845_H-314	11.0	11.0	2.9197003734095706	0.8440927391364709	0.9931972789115646
846_H-314	10.0	10.0	2.995127697985735	0.8607266435986158	1.0
847_H-314	10.0	10.0	3.013224981632398	0.86016	1.0
848_H-314	10.0	10.0	2.974246102778293	0.8594063279377965	0.993006993006993
849_H-314	11.5	11.0	2.9672156908114893	0.8547959183673469	0.9857142857142858
84_H-314	10.0	10.0	2.9308179171851787	0.8526086094028962	0.9929577464788732
850_H-314	12.0	11.0	3.0143539798781442	0.8594524895853998	0.9859154929577465
851_H-314	11.0	11.0	2.9673843862511884	0.8514792899408283	0.9923076923076923
852_H-314	11.0	11.0	2.9982454729304746	0.8577731529656607	0.9935483870967742
853_H-314	11.5	11.0	2.955563602310999	0.8552866494743107	0.9859154929577465
854_H-314	10.0	10.0	2.948108396995144	0.8516797887427258	1.0
855_H-314	11.0	10.0	2.8612382974742547	0.8438012324043191	0.9849624060150376
856_H-314	10.0	10.0	2.9129037699815203	0.8483238170614507	1.0
857_H-314	10.0	10.0	2.938528997707094	0.8493324856961221	1.0
858_H-314	10.0	10.0	3.03227490575673	0.8626543209876543	1.0
859_H-314	11.5	11.0	2.966036694913949	0.8555281207133059	0.9851851851851852
85_H-314	11.5	11.0	2.972659259899398	0.8540817866304512	0.9858156028368794
860_H-314	11.0	11.0	3.0631574890315942	0.8664158950617284	0.9930555555555556
861_H-314	10.0	10.0	2.8943220424857454	0.8450032873109796	1.0
862_H-314	11.0	11.0	3.016791543604471	0.8595839207142552	0.9934640522875817
863_H-314	12.0	11.0	2.972101549439821	0.8543939694505058	0.9859154929577465
864_H-314	10.0	10.0	2.970977593012906	0.8615837009031716	0.9927536231884058
865_H-314	10.0	10.0	2.978789723745652	0.8565095155709342	1.0
866_H-314	11.0	11.0	3.0498242070906043	0.8636836628511967	0.9935483870967742
867_H-314	11.5	11.0	2.923633189563293	0.8464961611814759	0.986013986013986
868_H-314	11.0	11.0	3.0308821904196055	0.8582169251142723	0.9934640522875817
869_H-314	10.0	10.0	2.932929130927471	0.8567318450636688	0.9927007299270073
86_H-314	10.0	10.0	2.9234899356045294	0.8474422815753735	1.0
870_H-314	11.0	11.0	3.0426056714630443	0.8642092746730083	0.993103448275862
871_H-314	12.5	11.0	2.8852021055007646	0.8508444444444444	0.98
872_H-314	11.5	11.0	2.9823605537191455	0.8581198060941828	0.9868421052631579
873_H-314	10.0	10.0	2.90815053524485	0.8485208181154127	0.9932432432432432
874_H-314	10.0	10.0	2.9813525223085535	0.8587093204567174	0.9929078014184397
875_H-314	12.0	11.0	2.982018331968042	0.8566944114149821	0.9862068965517241
876_H-314	10.0	10.0	2.8756659827127766	0.8378828655645265	1.0
877_H-314	11.0	11.0	2.9669967055462223	0.8497991234477721	0.9932432432432432
878_H-314	12.0	11.0	2.997000777485582	0.8590816326530613	0.9857142857142858
879_H-314	11.0	11.0	3.000007532059336	0.8555529131985731	0.993103448275862
87_H-314	10.0	10.0	3.010495890045151	0.8627756738694586	1.0
880_H-314	11.5	11.0	2.94333034543034	0.8477361459122429	0.9847328244274809
881_H-314	10.0	10.0	2.9070985274490675	0.849664	0.992
882_H-314	10.0	10.0	2.9421502122115615	0.8549474030243261	1.0
883_H-314	10.0	10.0	2.963580857631565	0.8556017112034224	1.0
884_H-314	12.0	11.0	3.0012184862553313	0.8587581829002182	0.9859154929577465
885_H-314	11.0	11.0	2.924385842765599	0.8448038049940547	0.993103448275862
886_H-314	10.5	10.0	2.845037098614117	0.8431228447057494	0.9849624060150376
887_H-314	14.0	11.0	3.0045570696416153	0.861268641041798	0.9782608695652174
888_H-314	12.0	11.0	2.9815805129811506	0.8527475088864285	0.9847328244274809
889_H-314	10.0	10.0	2.880084977372319	0.8447086801426873	0.993103448275862
88_H-314	11.0	11.0	2.9119693209956976	0.8397476649224901	0.993006993006993
890_H-314	10.0	10.0	2.968845206778499	0.859375	0.9930555555555556
891_H-314	11.0	11.0	2.9156209601618226	0.8424556213017751	0.9935897435897436
892_H-314	12.0	11.0	2.9363991532676317	0.8480730674983292	0.9850746268656716
893_H-314	11.0	11.0	3.0096864516959503	0.8598511080332409	0.993421052631579
894_H-314	12.0	11.0	3.013989419033253	0.8609777777777777	0.9866666666666667
895_H-314	11.5	11.0	2.9076692815371317	0.8448038049940547	0.9862068965517241
896_H-314	11.5	11.0	2.8664963417737415	0.8370091447014524	0.986013986013986
897_H-314	11.0	10.0	2.8752344627725526	0.8484427784719331	0.9863945578231292
898_H-314	11.0	10.0	2.8810920986310555	0.8444664654745282	0.9865771812080537
899_H-314	12.5	11.0	2.8257509242967007	0.8347800925925926	0.9791666666666666
89_H-314	11.5	11.0	2.9723258422544285	0.8568	0.9866666666666667
8_H-314	11.0	11.0	2.9206859145657673	0.8459631025590161	0.9929577464788732
900_H-314	11.0	10.0	2.896096534220145	0.8509104020191094	0.9844961240310077
901_H-314	11.0	11.0	3.0045311185505645	0.8557875690742823	0.993006993006993
902_H-314	11.0	11.0	2.9927678418916037	0.8560705573278289	0.9931506849315068
903_H-314	11.0	11.0	3.0187326014366596	0.860859375	0.99375
904_H-314	12.0	11.0	2.9982867468112615	0.857283950617284	0.9851851851851852
905_H-314	11.0	11.0	2.977611037942261	0.8512110726643598	0.9915966386554622
906_H-314	10.0	10.0	2.8269877237545438	0.8287111111111111	0.9933333333333333
907_H-314	14.0	11.0	2.9353560131305927	0.85	0.9785714285714285
908_H-314	11.5	11.0	2.92539769832783	0.8468693599888936	0.9863945578231292
909_H-314	11.5	11.0	3.041996417543182	0.8653254437869822	0.9846153846153847
90_H-314	10.0	10.0	2.8673660618192383	0.8362029384756657	1.0
910_H-314	11.5	11.0	2.965686682517053	0.854233437461966	0.9872611464968153
911_H-314	11.0	11.0	2.9661493504322016	0.8468087023107067	0.9932885906040269
912_H-314	12.0	11.0	2.9981408145887944	0.8580119375573921	0.9848484848484849
913_H-314	11.0	11.0	2.9927770410989383	0.8553777777777778	0.9933333333333333
914_H-314	11.5	11.0	2.908790085930732	0.8494096680775228	0.9850746268656716
915_H-314	11.333333333333334	11.0	2.8907359052262884	0.8464003944773175	0.9871794871794872
916_H-314	11.0	11.0	2.9552370990440493	0.8524694975757898	0.9927007299270073
917_H-314	10.5	10.0	2.920581528541699	0.8567720784099446	0.9834710743801653
918_H-314	11.0	11.0	3.006387884712596	0.8592627824019025	0.993103448275862
919_H-314	10.5	10.0	2.7653309219395856	0.8315366237398754	0.9847328244274809
91_H-314	12.0	11.0	2.9479007629877634	0.8484427692918072	0.9859154929577465
920_H-314	10.0	10.0	2.8670197707912703	0.8443489320643831	0.9933774834437086
921_H-314	11.0	11.0	2.9881664986578813	0.8548595213319459	0.9935483870967742
922_H-314	11.0	11.0	2.8981365141733844	0.8401200975792832	0.9931506849315068
923_H-314	11.5	11.0	3.0370147906790925	0.8656020630827217	0.9859154929577465
924_H-314	11.0	11.0	2.980418850407037	0.856080994489299	0.9934640522875817
925_H-314	11.0	11.0	2.9798216326142235	0.8502127243385984	0.993006993006993
926_H-314	12.0	11.0	2.9201801553514373	0.8453841370343151	0.9849624060150376
927_H-314	11.5	11.0	2.915722328774453	0.8487159722503955	0.9872611464968153
928_H-314	10.0	10.0	2.904374802879384	0.8468678459937565	0.9935483870967742
929_H-314	12.0	11.0	3.001117284828448	0.8591687800838466	0.9856115107913669
92_H-314	11.5	11.0	2.879574525880537	0.8401566393734425	0.9874213836477987
930_H-314	12.0	11.0	2.994344292087132	0.8541306228373702	0.9852941176470589
931_H-314	11.0	11.0	2.9017028364344424	0.8401963568501765	0.9936305732484076
932_H-314	10.0	10.0	2.9927319783301467	0.8570088196659786	1.0
933_H-314	11.0	11.0	2.986677243127541	0.8542868127643215	0.9934640522875817
934_H-314	12.0	11.0	2.945067381232724	0.8495023281643812	0.9869281045751634
935_H-314	14.0	11.0	2.88108773063599	0.8454013413644325	0.9803921568627451
936_H-314	11.0	11.0	3.03129496483295	0.858612697156425	0.9924812030075187
937_H-314	11.0	11.0	3.072471422728102	0.8679191438763376	0.993103448275862
938_H-314	11.5	11.0	2.9571777249374835	0.8552266222393097	0.9869281045751634
939_H-314	11.0	10.0	2.8730084854839424	0.8450928879714769	0.9863013698630136
93_H-314	11.5	11.0	2.916463758761945	0.8475115740740741	0.9861111111111112
940_H-314	10.0	10.0	2.9868858273515393	0.856962822936358	1.0
941_H-314	14.0	11.0	2.9104409395727697	0.8517159293790915	0.9788732394366197
942_H-314	17.0	11.0	2.860535555895737	0.8449940546967896	0.9724137931034482
943_H-314	10.0	10.0	2.951452157705884	0.8520710059171597	0.9914529914529915
944_H-314	11.0	10.0	2.8517862854441014	0.8370461127199822	0.9850746268656716
945_H-314	12.0	11.0	3.073926406517676	0.8698385635888966	0.9854014598540146
946_H-314	9.0	9.0	2.923139293453188	0.8533080864335041	1.0
947_H-314	11.0	11.0	3.000535590087807	0.8605202913631633	0.9935483870967742
948_H-314	11.0	11.0	3.030533785090259	0.8595172140878512	0.9924812030075187
949_H-314	11.5	11.0	2.919799401120949	0.8476196025872618	0.9847328244274809
94_H-314	12.0	11.0	2.9709449877884286	0.8532557703133796	0.9863013698630136
950_H-314	10.0	10.0	2.9555378679124216	0.8529752024546049	1.0
951_H-314	10.0	10.0	2.9670134491923847	0.8550783753860498	0.9923664122137404
952_H-314	10.0	10.0	3.011400323160379	0.859917695473251	1.0
953_H-314	11.5	11.0	2.979046139244308	0.8549946294307197	0.9849624060150376
954_H-314	11.0	11.0	2.9697693015446807	0.8459093354198249	0.993006993006993
955_H-314	12.0	11.0	2.995611568896174	0.8569949795559236	0.9856115107913669
956_H-314	11.5	11.0	2.8889667921025275	0.838079561042524	0.9851851851851852
957_H-314	11.0	11.0	3.0609812607485503	0.8658003612843075	0.9923664122137404
958_H-314	10.0	10.0	2.8620707107369054	0.8357445987654321	0.9930555555555556
959_H-314	11.0	11.0	2.975895854449101	0.84969723183391	0.9926470588235294
95_H-314	11.0	11.0	2.899479319193122	0.8334881901315467	0.993006993006993
960_H-314	11.0	11.0	2.9076603559111907	0.84412330283783	0.9923664122137404
961_H-314	11.5	11.0	2.8763072163533283	0.8430923331024562	0.9854014598540146
962_H-314	10.0	10.0	2.897533703428933	0.8464365198488691	0.9928057553956835
963_H-314	11.0	11.0	2.9513695166757774	0.8513695987654321	0.9930555555555556
964_H-314	11.0	10.0	2.966432577943452	0.8612345679012345	0.9851851851851852
965_H-314	11.0	11.0	2.861087412009725	0.8328180737217599	0.993103448275862
966_H-314	11.0	11.0	2.9917237901806515	0.8573602853745541	0.993103448275862
967_H-314	12.0	11.0	2.8763375915899196	0.8363791358090469	0.9854014598540146
968_H-314	10.0	10.0	2.9793830444314136	0.8547815820543093	1.0
969_H-314	11.0	11.0	2.962313432389022	0.8498263888888888	0.9930555555555556
96_H-314	11.0	11.0	3.0243174321691852	0.8579266083536049	0.9928057553956835
970_H-314	10.0	10.0	2.9207226690188093	0.8491555555555556	0.9933333333333333
971_H-314	11.5	11.0	2.9821803320679905	0.8595455558030742	0.9850746268656716
972_H-314	10.0	10.0	2.932428219017157	0.8518005540166205	1.0
973_H-314	12.0	11.0	2.947111800491518	0.8517157497023964	0.9856115107913669
974_H-314	14.0	11.0	2.8948691519095973	0.8467063020214031	0.9793103448275862
975_H-314	14.0	11.0	2.885923831994091	0.8444775960360168	0.9781021897810219
976_H-314	10.0	10.0	2.9619082816959783	0.8570749108204518	0.993103448275862
977_H-314	11.333333333333334	11.0	2.8444827983112053	0.8386729465348585	0.9856115107913669
978_H-314	12.0	11.0	3.001587841216756	0.8583406655970187	0.9856115107913669
979_H-314	10.0	10.0	2.9482124834884607	0.8552889693677381	1.0
97_H-314	11.0	11.0	3.0298324489940787	0.8596910049096887	0.9932885906040269
980_H-314	11.0	11.0	2.98235137269144	0.8552675386444708	0.993103448275862
981_H-314	11.5	11.0	2.8997860928018824	0.8400475624256837	0.9862068965517241
982_H-314	10.0	10.0	2.8965532893202495	0.8477389173535308	0.9925373134328358
983_H-314	12.0	11.0	2.9689323086446024	0.8549788371574961	0.9850746268656716
984_H-314	11.5	11.0	2.9274073979415896	0.8433054504768501	0.9854014598540146
985_H-314	11.0	11.0	3.027278274416514	0.8615916955017301	0.9926470588235294
986_H-314	11.0	11.0	2.9782250193078683	0.8538980361039477	0.9929577464788732
987_H-314	12.0	11.0	2.9662073294149756	0.854516113257372	0.986013986013986
988_H-314	11.5	11.0	2.9288239721410294	0.8506666666666667	0.9866666666666667
989_H-314	11.0	11.0	3.0465109004516493	0.8607142857142858	0.9928571428571429
98_H-314	12.0	11.0	3.0064783880973494	0.8597534602076125	0.9852941176470589
990_H-314	12.0	11.0	3.013216861490757	0.862490869247626	0.9864864864864865
991_H-314	11.5	11.0	2.92031070225914	0.8468444444444444	0.9866666666666667
992_H-314	11.0	11.0	2.9691824180599276	0.8534971644612477	0.9927536231884058
993_H-314	11.0	11.0	3.013776051538059	0.8592888888888889	0.9933333333333333
994_H-314	11.0	11.0	3.0504229963613128	0.8613443072702331	0.9925925925925926
995_H-314	11.0	11.0	2.9304029486844727	0.8437793206980673	0.9931506849315068
996_H-314	10.0	10.0	2.8210241987102895	0.8307291666666666	0.9930555555555556
997_H-314	11.0	11.0	2.9878474631497305	0.8485276463526588	0.9915966386554622
998_H-314	11.0	11.0	2.9865294447550346	0.8527576319784111	0.9935064935064936
999_H-314	11.0	11.0	2.999967499828593	0.8544576872143193	0.9934640522875817
99_H-314	11.5	11.0	3.017009104265934	0.8631632653061224	0.9857142857142858
9_H-314	11.0	11.0	2.938391772368936	0.8498666666666667	0.9933333333333333
