	chao1	observed_otus	shannon	simpson	goods_coverage
1000_O-122	9.0	6.0	1.6071740636409333	0.6678770919067216	0.9977777777777778
100_O-122	5.0	5.0	1.6082951133354566	0.6676451448619285	1.0
101_O-122	4.0	4.0	1.5878482452546345	0.66513553736155	0.9992937853107344
102_O-122	5.0	5.0	1.5943662084373313	0.6636769771878213	0.9993552546744036
103_O-122	4.0	4.0	1.5903308706058041	0.6663423765359168	0.9993206521739131
104_O-122	9.0	6.0	1.6012189285857215	0.665905030205606	0.9979919678714859
105_O-122	6.0	5.0	1.5987067767976932	0.6674402500080707	0.9986513823331086
106_O-122	3.0	3.0	1.5795772283707719	0.6641760413674231	1.0
107_O-122	4.0	4.0	1.6002456638167541	0.6665186726789224	1.0
108_O-122	6.0	5.0	1.5897945722438815	0.6632825609645071	0.9986403806934059
109_O-122	6.0	6.0	1.6097235515767139	0.6650248096383814	0.9992942836979535
10_O-122	5.0	5.0	1.5993122975562737	0.6656978825083517	0.9993373094764745
110_O-122	4.0	4.0	1.5848245346188101	0.6638808547615935	0.9993215739484396
111_O-122	4.0	4.0	1.6021032596205962	0.6674541110565149	1.0
112_O-122	4.0	4.0	1.5882690431145758	0.665302132995027	0.9992852037169406
113_O-122	6.5	6.0	1.602304550790844	0.6640206221013487	0.9986082115518441
114_O-122	5.0	5.0	1.595418025932373	0.6635388746603654	0.9992952783650458
115_O-122	5.0	5.0	1.5991816467920057	0.6656479325120137	0.9993368700265252
116_O-122	6.0	5.0	1.5922251687158588	0.6643060267270102	0.9986244841815681
117_O-122	5.0	5.0	1.6027789670133283	0.6670761900662661	0.9993160054719562
118_O-122	4.0	4.0	1.575394950005232	0.6593445178340762	0.9992967651195499
119_O-122	4.0	4.0	1.5982590853463263	0.6655587184928315	1.0
11_O-122	5.0	5.0	1.5992327850991144	0.6651096717017034	0.9992779783393502
120_O-122	7.5	7.0	1.6269422555186759	0.6682774250341817	0.9986139986139986
121_O-122	5.0	5.0	1.603080994471074	0.6673410947897511	0.999330207635633
122_O-122	4.0	4.0	1.6058442071533816	0.6672017274423281	1.0
123_O-122	6.0	5.0	1.5924837744438352	0.6643946121481039	0.9985805535841022
124_O-122	5.0	5.0	1.6000720568832598	0.6659224532627993	0.9993297587131368
125_O-122	4.0	4.0	1.5849380185771111	0.663947889559324	0.9993315508021391
126_O-122	5.0	5.0	1.6023864401723147	0.6665942788215121	0.9992826398852224
127_O-122	5.0	5.0	1.6055094938070447	0.6664259159724089	0.9993169398907104
128_O-122	4.0	4.0	1.587204602100435	0.6648632810095414	0.9992982456140351
129_O-122	4.0	4.0	1.6054324789193033	0.6669610262303949	1.0
12_O-122	3.0	3.0	1.5828953666852152	0.6657141998250119	1.0
130_O-122	3.0	3.0	1.5796148498278788	0.6642456249650239	1.0
131_O-122	6.0	5.0	1.596722164142028	0.6661856671843467	0.9985590778097982
132_O-122	4.0	4.0	1.5974284711507263	0.6674390585999618	1.0
133_O-122	9.0	6.0	1.603809938033862	0.6668114229119798	0.997913769123783
134_O-122	4.0	4.0	1.584828105774297	0.6638710528554145	0.9993412384716732
135_O-122	4.0	4.0	1.5915789994326832	0.6645726629125098	1.0
136_O-122	4.0	4.0	1.5894481163541774	0.6658579785433945	0.9993011879804332
137_O-122	4.0	4.0	1.5830711946407994	0.6630403454032315	0.9993045897079277
138_O-122	5.0	5.0	1.59606735922936	0.664209912041507	0.9993485342019544
139_O-122	9.0	6.0	1.602546219538264	0.6658862285577386	0.997808619430241
13_O-122	5.0	5.0	1.5978501203550142	0.6642941661587006	0.999251497005988
140_O-122	6.0	5.0	1.5892870027533077	0.663350105393134	0.9987029831387808
141_O-122	4.0	4.0	1.5946954448380115	0.6661751138275436	1.0
142_O-122	4.0	4.0	1.589257060395173	0.6635495432998034	1.0
143_O-122	5.0	5.0	1.6042070386864913	0.6662827811138272	0.9993556701030928
144_O-122	5.0	5.0	1.5940579044506407	0.6629352644511594	0.9992862241256245
145_O-122	5.0	5.0	1.5978212585539509	0.6650801500068693	0.9993416721527321
146_O-122	5.0	5.0	1.59517684059997	0.6636958294748043	0.9993215739484396
147_O-122	4.0	4.0	1.5855365716814072	0.6640418713088816	0.9992810927390366
148_O-122	4.0	4.0	1.5949799785642838	0.6640053566512024	1.0
149_O-122	3.0	3.0	1.5706153051053815	0.6601795144529332	1.0
14_O-122	4.0	4.0	1.5900353316003444	0.6661025688353169	0.9992917847025495
150_O-122	4.0	4.0	1.5999164481251023	0.6668252567831041	1.0
151_O-122	6.0	5.0	1.5978062966642685	0.6672497408711673	0.9987163029525032
152_O-122	4.0	4.0	1.584392193849151	0.6636381872154635	0.9993145990404386
153_O-122	4.0	4.0	1.5956343032532931	0.6647969654867594	1.0
154_O-122	4.0	4.0	1.590344877937116	0.6639004804927526	1.0
155_O-122	5.0	5.0	1.598864557065895	0.6654885686588461	0.9993399339933994
156_O-122	4.0	4.0	1.5929847164674202	0.6655123011887286	1.0
157_O-122	6.0	5.0	1.596424100327318	0.6664725231349502	0.9986754966887417
158_O-122	6.0	5.0	1.5913511543059247	0.663872837035124	0.9985795454545454
159_O-122	4.0	4.0	1.6011402544047886	0.667369631567283	1.0
15_O-122	5.0	5.0	1.6069116306290476	0.6673805579529694	0.999346832135859
160_O-122	4.0	4.0	1.5895853343977209	0.6658606100836431	0.9992790194664745
161_O-122	6.0	5.0	1.5965579979575601	0.6660819430092434	0.9985369422092173
162_O-122	5.0	5.0	1.6012725033930206	0.6641850917210567	0.9992846924177397
163_O-122	3.0	3.0	1.579670486365509	0.6641771049794896	1.0
164_O-122	3.0	3.0	1.5806694467650078	0.6647132364431942	1.0
165_O-122	3.0	3.0	1.5771766913184166	0.6630551499164696	1.0
166_O-122	5.0	5.0	1.5909605115421777	0.6620221195783489	0.99933598937583
167_O-122	5.0	5.0	1.601239075819742	0.665783530593784	0.9992520568436799
168_O-122	3.0	3.0	1.5786769552786313	0.6638299018353689	1.0
169_O-122	5.0	5.0	1.6033256633904724	0.6672811644891623	0.9993117687543015
16_O-122	4.0	4.0	1.6013637202816653	0.6668150333049887	1.0
170_O-122	13.0	7.0	1.60793386852949	0.6657215017809008	0.9971969166082691
171_O-122	5.0	5.0	1.602450806766297	0.6666767694677188	0.9992892679459844
172_O-122	6.0	5.0	1.5914256855277087	0.6642412648812505	0.9987080103359173
173_O-122	4.0	4.0	1.587461512173172	0.6649900005486927	0.9993122420907841
174_O-122	4.0	4.0	1.5815976755409504	0.6623899768116646	0.9993031358885017
175_O-122	6.0	5.0	1.590780036085758	0.6640030099435636	0.9986885245901639
176_O-122	5.0	5.0	1.5920017681256542	0.6627579960535248	0.9993702770780857
177_O-122	6.0	6.0	1.613540829871581	0.6671797301037083	0.9993247805536799
178_O-122	5.0	5.0	1.5998874542160024	0.6653758516986119	0.9992748368382887
179_O-122	4.0	4.0	1.5892532628143132	0.6658273875372154	0.9993188010899182
17_O-122	6.0	5.0	1.5935403796460876	0.6649544929043071	0.9986072423398329
180_O-122	5.0	5.0	1.6062426043971725	0.6666143876908543	1.0
181_O-122	4.0	4.0	1.5863396794235376	0.6623839403133471	1.0
182_O-122	5.0	5.0	1.6028386111096464	0.6649142397263719	0.999290780141844
183_O-122	3.0	3.0	1.5770395954711576	0.6629912492250782	1.0
184_O-122	6.0	6.0	1.6151091621803046	0.667920532399503	0.9993261455525606
185_O-122	6.0	5.0	1.5975251003966282	0.6667808140777144	0.9986187845303868
186_O-122	4.0	4.0	1.596448157297088	0.6652118267168865	1.0
187_O-122	5.0	5.0	1.5921065235955898	0.6622877526753863	0.9993103448275862
188_O-122	4.0	4.0	1.5933765027959377	0.6654821952729455	1.0
189_O-122	4.0	4.0	1.5953459187569219	0.6663492468115175	1.0
18_O-122	4.0	4.0	1.6027339726118335	0.6662721610593197	1.0
190_O-122	6.0	5.0	1.5871355826594737	0.6619652221493671	0.9985724482512491
191_O-122	4.0	4.0	1.591201535869239	0.6667744696184856	0.9993288590604027
192_O-122	4.0	4.0	1.587545204255341	0.6650375947121736	0.9993045897079277
193_O-122	5.0	5.0	1.6010799134703315	0.6663869612856099	0.9993243243243243
194_O-122	6.0	5.0	1.5869230051398895	0.6619592565538511	0.9986139986139986
195_O-122	6.0	5.0	1.590656634711863	0.663543380904013	0.9985925404644617
196_O-122	3.0	3.0	1.574476770979523	0.6619469856805918	1.0
197_O-122	4.0	4.0	1.5907334511849258	0.6665244792385445	0.9993183367416496
198_O-122	3.0	3.0	1.5792687614291563	0.6640868276744216	1.0
199_O-122	6.5	6.0	1.6033007185407007	0.6643653088559534	0.9986139986139986
19_O-122	3.0	3.0	1.5751703937099202	0.6621705595892284	1.0
1_O-122	4.0	4.0	1.5893177405962262	0.6659598949963739	0.9993451211525868
200_O-122	6.0	5.0	1.5988802002897686	0.6674815755871157	0.9986403806934059
201_O-122	6.5	6.0	1.6019240693532961	0.6641078456548306	0.9986504723346828
202_O-122	4.0	4.0	1.5888149551996378	0.6635439603648946	1.0
203_O-122	4.0	4.0	1.5801381267612202	0.661900673449104	0.9993634627625716
204_O-122	5.0	5.0	1.6024223858734474	0.6611402656300616	1.0
205_O-122	4.0	4.0	1.5819202231024043	0.6625968665327749	0.9993256911665542
206_O-122	9.0	6.0	1.595805149853764	0.663464438946096	0.9979825151311366
207_O-122	4.0	4.0	1.589311542082257	0.6658664871416116	0.999315537303217
208_O-122	6.0	5.0	1.5985230203655658	0.6670270692958334	0.9985559566787003
209_O-122	7.0	6.0	1.6028293026924876	0.6623692655918806	0.9986082115518441
20_O-122	5.0	5.0	1.607696983615193	0.6668327004642478	0.9992657856093979
210_O-122	6.0	5.0	1.593728324389118	0.6648610043770256	0.9985549132947977
211_O-122	8.5	7.0	1.6125824510999336	0.6654953571809756	0.9978510028653295
212_O-122	3.0	3.0	1.5794432881711122	0.6641530594656708	1.0
213_O-122	6.0	5.0	1.5959403843446647	0.6657332312708917	0.9985174203113417
214_O-122	5.0	5.0	1.607197659313259	0.6673738715606429	0.9993337774816788
215_O-122	4.0	4.0	1.5851514963060733	0.6639370781924927	0.9993122420907841
216_O-122	5.0	5.0	1.5989352223915643	0.6633724166824493	0.9993084370677732
217_O-122	5.0	5.0	1.6036566513436477	0.6676569507715044	0.99933598937583
218_O-122	5.0	5.0	1.5987226136732104	0.6635610074071947	0.999330207635633
219_O-122	4.0	4.0	1.5893024452543871	0.6658003645373058	0.9992977528089888
21_O-122	4.0	4.0	1.5910992460318363	0.6667450628112268	0.9993351063829787
220_O-122	4.0	4.0	1.5831453240742557	0.6629609592407544	0.9992892679459844
221_O-122	5.0	5.0	1.5891014006429451	0.6609992607924964	0.9993328885923949
222_O-122	6.5	6.0	1.6100191325963886	0.6674869335991997	0.9986139986139986
223_O-122	4.0	4.0	1.5933278140385156	0.6657077067697685	1.0
224_O-122	5.0	5.0	1.5953155616278405	0.6615407052697597	0.9992821249102656
225_O-122	3.0	3.0	1.578535874900128	0.6637571826556514	1.0
226_O-122	5.0	5.0	1.5946916725842273	0.6633310186819825	0.9992997198879552
227_O-122	4.0	4.0	1.5960515080778048	0.6649124520117793	1.0
228_O-122	5.0	5.0	1.5995768793797966	0.665317530148543	0.9992805755395684
229_O-122	4.0	4.0	1.5978141706238265	0.6635498088489541	1.0
22_O-122	6.0	5.0	1.593065076733454	0.6648945118978788	0.9986531986531987
230_O-122	6.5	6.0	1.6076704740547916	0.6660554980119616	0.9985549132947977
231_O-122	5.0	5.0	1.5995898186299526	0.6656855515435082	0.9993261455525606
232_O-122	4.0	4.0	1.5924985772405365	0.6648631437974861	1.0
233_O-122	5.0	5.0	1.6019818954308875	0.6665415820252385	0.9992982456140351
234_O-122	4.0	4.0	1.5859039140687154	0.6642637688816704	0.9993256911665542
235_O-122	4.0	4.0	1.5863621248766167	0.6623708306852152	1.0
236_O-122	4.0	4.0	1.5823267997021826	0.6628669578240697	0.9993527508090615
237_O-122	4.0	4.0	1.587395392469375	0.6649176750644713	0.9992957746478873
238_O-122	5.0	5.0	1.6029568231750981	0.6649355286649474	0.9992957746478873
239_O-122	4.0	4.0	1.5938222051189637	0.6656414926952666	1.0
23_O-122	4.0	4.0	1.5849276977334272	0.6637688344081707	0.9993021632937893
240_O-122	4.0	4.0	1.5881127046057866	0.6651440997010636	0.9992641648270787
241_O-122	4.0	4.0	1.584254885335488	0.6637197169156559	0.9993535875888817
242_O-122	3.0	3.0	1.579030488125562	0.6639503663819658	1.0
243_O-122	5.0	5.0	1.6024337489749143	0.6647572791653816	1.0
244_O-122	9.0	6.0	1.5928517492929217	0.6622126996660593	0.9980379332897319
245_O-122	4.0	4.0	1.5976292383862005	0.6674430941358025	1.0
246_O-122	6.0	5.0	1.5961834126766163	0.6661067186008799	0.9986072423398329
247_O-122	6.0	5.0	1.596319565096864	0.6662298232551298	0.9986178299930891
248_O-122	6.5	6.0	1.6093574748702506	0.666954668976081	0.9985775248933144
249_O-122	4.0	4.0	1.5838835159150049	0.6632653009825813	0.9992902767920511
24_O-122	4.0	4.0	1.5824270658258166	0.6627696758915904	0.9993394980184941
250_O-122	6.5	6.0	1.6076877807329164	0.6667513214075966	0.99867197875166
251_O-122	3.0	3.0	1.5743987347488553	0.6617777028166638	1.0
252_O-122	5.0	5.0	1.6034086268960448	0.6672910470821359	0.9993089149965446
253_O-122	3.0	3.0	1.577666622822461	0.6633669896844148	1.0
254_O-122	4.0	4.0	1.5885498590965415	0.6634653015713611	1.0
255_O-122	3.0	3.0	1.579884866486639	0.6643334161345904	1.0
256_O-122	9.0	6.0	1.60381699204957	0.6671013705567352	0.998003992015968
257_O-122	5.0	5.0	1.601021367996533	0.6664850439376625	0.99933818663137
258_O-122	4.0	4.0	1.5804531560961497	0.662019416075078	0.999340804218853
259_O-122	4.0	4.0	1.5899289522006754	0.6662178201756939	0.99933598937583
25_O-122	5.0	5.0	1.6043954259531068	0.6675916126670254	0.9992927864214993
260_O-122	5.0	5.0	1.5978057575940423	0.6621297534545381	1.0
261_O-122	5.0	5.0	1.6012110865221607	0.666103571973132	0.9992917847025495
262_O-122	5.0	5.0	1.6135300632576999	0.6678734948028152	1.0
263_O-122	5.0	5.0	1.6015711094237686	0.6664858618381961	0.9993108201240524
264_O-122	5.0	5.0	1.5983810708367805	0.6650485714721773	0.9993093922651933
265_O-122	3.0	3.0	1.581371822837419	0.6650355969935419	1.0
266_O-122	5.0	5.0	1.6036333461405627	0.6673156905272715	0.9993002099370188
267_O-122	4.0	4.0	1.5867779260881931	0.6645710716734559	0.9992922859164898
268_O-122	9.0	6.0	1.6047559436904961	0.6670643907111143	0.9978632478632479
269_O-122	5.0	5.0	1.604949492503318	0.6643121775892067	0.9993093922651933
26_O-122	6.0	5.0	1.5920985402822792	0.664244321945727	0.998589562764457
270_O-122	6.0	5.0	1.5956076720350194	0.6657109441210777	0.9985538684020245
271_O-122	5.0	5.0	1.610100222276557	0.6663993876155504	0.9992942836979535
272_O-122	4.0	4.0	1.5962200490569682	0.6667164891781492	1.0
273_O-122	9.0	6.0	1.6062887019531777	0.6678692520775623	0.9978947368421053
274_O-122	5.0	5.0	1.6009100111540788	0.6665115377820818	0.999345977763244
275_O-122	6.0	5.0	1.5923244058934147	0.6643967884897475	0.9986033519553073
276_O-122	4.0	4.0	1.5877699971788013	0.665146478118557	0.9993174061433447
277_O-122	3.0	3.0	1.5770776993590883	0.6631107060582639	1.0
278_O-122	4.0	4.0	1.590942998031211	0.666430620668832	0.9992630803242447
279_O-122	6.0	5.0	1.5978719636715808	0.6668298437512539	0.9985835694050992
27_O-122	4.0	4.0	1.5894134045987394	0.6658297153496135	0.9992917847025495
280_O-122	4.0	4.0	1.5899431513747362	0.6659958018788105	0.9992716678805535
281_O-122	4.0	4.0	1.5894442711373094	0.6657998242265208	0.9992769342010123
282_O-122	5.0	5.0	1.6081647499366019	0.6671710108073745	1.0
283_O-122	5.0	5.0	1.6007081696625667	0.6660840381476023	0.9993108201240524
284_O-122	4.0	4.0	1.5871198486381835	0.6648028726403509	0.9992912827781715
285_O-122	6.0	6.0	1.6115279534625353	0.6660199945752643	0.9993065187239945
286_O-122	4.0	4.0	1.5784732207288001	0.6609101122756726	0.9993169398907104
287_O-122	3.0	3.0	1.5778811839192002	0.6634218830707644	1.0
288_O-122	5.0	5.0	1.5938131832694422	0.6630999418955756	0.9993238674780257
289_O-122	6.0	5.0	1.5887685496959847	0.6627038286054354	0.9985915492957746
28_O-122	6.0	5.0	1.5967167077941757	0.6660230049869689	0.9984984984984985
290_O-122	6.0	5.0	1.5960182516622916	0.6659418850452319	0.9985744832501782
291_O-122	7.0	6.0	1.6154554383749093	0.6676131503694542	0.9985621854780733
292_O-122	6.0	5.0	1.5929573230330043	0.664743088837131	0.9986244841815681
293_O-122	5.0	5.0	1.600536141113863	0.6659700792198725	0.9993122420907841
294_O-122	5.0	5.0	1.5936630496471533	0.6628500510835507	0.9992962702322308
295_O-122	7.0	6.0	1.6110107049512101	0.666238952679707	0.9986513823331086
296_O-122	4.0	4.0	1.588882290158102	0.6654791263621747	0.9992716678805535
297_O-122	6.0	5.0	1.5926200648130557	0.6643882063093356	0.9985835694050992
298_O-122	4.0	4.0	1.5817342236704874	0.6624245085763005	0.9992967651195499
299_O-122	5.0	5.0	1.5934846227317951	0.6626261580663526	0.9992805755395684
29_O-122	4.0	4.0	1.5865009615683143	0.6645696909316943	0.9993089149965446
2_O-122	4.0	4.0	1.6010536653108862	0.6672632297177883	1.0
300_O-122	6.0	5.0	1.5897252279598295	0.6632396940017979	0.9985974754558204
301_O-122	4.0	4.0	1.6037710198567512	0.6665709136707207	1.0
302_O-122	4.0	4.0	1.590683679258444	0.6663822613413914	0.9992826398852224
303_O-122	5.0	5.0	1.609848037643269	0.667937069333496	1.0
304_O-122	3.0	3.0	1.5813276176434827	0.6649722025245267	1.0
305_O-122	5.0	5.0	1.6024491675499057	0.6669084620870427	0.9993141289437586
306_O-122	6.0	5.0	1.5960719189140598	0.6660082738806988	0.9985835694050992
307_O-122	4.0	4.0	1.5895129392716993	0.665961803782432	0.9993164730006835
308_O-122	4.0	4.0	1.5915098122587552	0.6668075769570192	0.9992972593113141
309_O-122	6.0	5.0	1.5961273373278448	0.6662386207598027	0.9986522911051213
30_O-122	13.0	7.0	1.609777698042072	0.6665108459260567	0.9971671388101983
310_O-122	4.0	4.0	1.594270474044979	0.6660538599381811	1.0
311_O-122	6.0	5.0	1.5937116501717754	0.6650203629043058	0.9986043265875785
312_O-122	4.0	4.0	1.5861878283694557	0.6644820620455365	0.9993211133740665
313_O-122	4.0	4.0	1.5800462777705366	0.6617418311073322	0.9993127147766323
314_O-122	3.0	3.0	1.5803014901738426	0.664555263651717	1.0
315_O-122	5.0	5.0	1.6019146235682233	0.6647383004262231	1.0
316_O-122	5.0	5.0	1.6176990389491663	0.6687601875947268	0.9993315508021391
317_O-122	4.0	4.0	1.5848605042499133	0.6639125549196438	0.9993279569892473
318_O-122	4.0	4.0	1.5986226145731923	0.6661185171658144	1.0
319_O-122	7.333333333333333	7.0	1.6098744612223759	0.6621222309465735	0.9985549132947977
31_O-122	3.0	3.0	1.5807409010345497	0.6647059626728254	1.0
320_O-122	3.0	3.0	1.5773217582761128	0.6632234587154282	1.0
321_O-122	3.0	3.0	1.5764460881317641	0.6628205751949835	1.0
322_O-122	9.0	6.0	1.6044530840470586	0.6669132278911547	0.9978617248752673
323_O-122	6.0	5.0	1.58810123880601	0.6624990362559291	0.9985984583041345
324_O-122	3.0	3.0	1.5810440771061152	0.6648719565688777	1.0
325_O-122	5.0	5.0	1.603289383373054	0.6670523422955636	0.999288256227758
326_O-122	4.0	4.0	1.5941460822739908	0.6658558382547233	1.0
327_O-122	4.0	4.0	1.590920539528498	0.6666069612217775	0.9993188010899182
328_O-122	5.0	5.0	1.6073326729515778	0.6648159164518475	0.9992609016999261
329_O-122	5.0	5.0	1.6152786434152118	0.6682568500779684	0.9992537313432835
32_O-122	4.0	4.0	1.5885273407623113	0.665334869434161	0.9992609016999261
330_O-122	4.0	4.0	1.5911500071437519	0.6643557839251442	1.0
331_O-122	6.0	5.0	1.597218006183716	0.6665677588072503	0.9985935302390999
332_O-122	4.0	4.0	1.5865960885416102	0.6645275769890383	0.9992841803865425
333_O-122	6.0	5.0	1.597747693805709	0.6670406053701703	0.9986639946559787
334_O-122	4.0	4.0	1.5826138862877783	0.6628572127479815	0.9993141289437586
335_O-122	4.0	4.0	1.5963076068684017	0.6670316641124145	1.0
336_O-122	3.0	3.0	1.5817707760371025	0.6651929144894306	1.0
337_O-122	4.0	4.0	1.60094989927276	0.6668809100575687	1.0
338_O-122	6.0	5.0	1.5963431039865947	0.6662152940932168	0.9986101459346769
339_O-122	4.0	4.0	1.5918913491087205	0.6647664067708153	1.0
33_O-122	5.0	5.0	1.603435266191675	0.6674729336008798	0.9993265993265993
340_O-122	5.0	5.0	1.604058187708675	0.664228556662505	0.999330207635633
341_O-122	4.0	4.0	1.5813202712909682	0.6622636949997797	0.9993041057759221
342_O-122	4.0	4.0	1.5868955682690844	0.6647409300724194	0.999302649930265
343_O-122	6.0	6.0	1.6237991717738487	0.6693050072418893	0.9992872416250891
344_O-122	6.0	5.0	1.5884632565405101	0.6626900077160494	0.9986111111111111
345_O-122	4.0	4.0	1.5905814973881804	0.6664162695901247	0.9993065187239945
346_O-122	4.0	4.0	1.5926475518635868	0.6651161500509825	1.0
347_O-122	4.0	4.0	1.5940314818130785	0.6658936585451519	1.0
348_O-122	6.0	5.0	1.5954410357393385	0.6657958724159075	0.9986091794158554
349_O-122	3.0	3.0	1.5803570067674804	0.6645639597499102	1.0
34_O-122	4.0	4.0	1.5934322190990287	0.6656795005775508	1.0
350_O-122	4.0	4.0	1.5816322096264424	0.6623886192690615	0.9993016759776536
351_O-122	4.0	4.0	1.5975117746079386	0.6653619033247825	1.0
352_O-122	5.0	5.0	1.5975921085922795	0.6645765817901235	0.9993055555555556
353_O-122	5.0	5.0	1.5984482283574792	0.6651095794265026	0.9993141289437586
354_O-122	3.0	3.0	1.5827967928659235	0.665676468531037	1.0
355_O-122	9.0	6.0	1.6048108833656156	0.6668422530300866	0.997789240972734
356_O-122	4.0	4.0	1.5864064934458313	0.664627021396406	0.9993498049414824
357_O-122	4.0	4.0	1.5847430495006292	0.6616791846742344	1.0
358_O-122	4.0	4.0	1.5872793538876189	0.664873587950511	0.9993006993006993
359_O-122	4.0	4.0	1.5890546927741727	0.6657107596124272	0.9993045897079277
35_O-122	9.0	6.0	1.6010064727335793	0.6653044720486696	0.9978510028653295
360_O-122	5.0	5.0	1.598938339785589	0.6652686930632791	0.9993188010899182
361_O-122	5.0	5.0	1.5976281568141546	0.6625444038412509	1.0
362_O-122	9.0	6.0	1.5989596675421378	0.6649440145427796	0.9980053191489362
363_O-122	5.0	5.0	1.6011747790726731	0.6662633382130305	0.9993065187239945
364_O-122	4.0	4.0	1.585695040531266	0.6643774893258696	0.9993581514762516
365_O-122	4.0	4.0	1.5900041528380808	0.6637772583000962	1.0
366_O-122	4.0	4.0	1.601433896388011	0.6669720330578512	1.0
367_O-122	5.0	5.0	1.603398024259038	0.6669714982472184	0.9992737835875091
368_O-122	4.0	4.0	1.585584869138381	0.6641423904809999	0.9992977528089888
369_O-122	4.0	4.0	1.5940016887461423	0.6636253551023014	1.0
36_O-122	5.0	5.0	1.597692697238566	0.663011126599738	0.999322951929587
370_O-122	5.0	5.0	1.5950380686943302	0.6631830749440342	0.9992774566473989
371_O-122	6.0	5.0	1.5968345214475026	0.6664574494063062	0.9986187845303868
372_O-122	3.0	3.0	1.5729350856494126	0.6612112951058225	1.0
373_O-122	6.0	5.0	1.5955751615211462	0.6657415359996239	0.9985704074338814
374_O-122	3.0	3.0	1.576555493667688	0.6627852321883653	1.0
375_O-122	4.0	4.0	1.588837518531112	0.6657209295780594	0.9993368700265252
376_O-122	5.0	5.0	1.5956096330738954	0.6636888577003627	0.9992952783650458
377_O-122	9.0	6.0	1.599450983549692	0.6649581044744384	0.9979423868312757
378_O-122	6.5	6.0	1.6060697336751877	0.665827327504726	0.998641304347826
379_O-122	4.0	4.0	1.5904397467017066	0.6663101261926747	0.9992982456140351
37_O-122	5.0	5.0	1.5994783598707576	0.6655066913687147	0.9993060374739764
380_O-122	4.0	4.0	1.5872978327810865	0.6649347604560492	0.9993206521739131
381_O-122	4.0	4.0	1.5895951699133164	0.6659509057416412	0.9993089149965446
382_O-122	6.0	5.0	1.5914281999033189	0.6638448979591837	0.9985714285714286
383_O-122	6.0	5.0	1.5962224512848806	0.6662810937052459	0.9986449864498645
384_O-122	4.0	4.0	1.596100084038117	0.6665870792008237	1.0
385_O-122	3.0	3.0	1.5821825364735855	0.6654004781385265	1.0
386_O-122	5.0	5.0	1.6022564844048757	0.6669759846086732	0.9993311036789297
387_O-122	4.0	4.0	1.5898866758498882	0.6661278864631937	0.9993192648059904
388_O-122	6.0	6.0	1.6057161148645176	0.6626374064587249	0.9992609016999261
389_O-122	4.0	4.0	1.5874301178504995	0.6629586415803436	1.0
38_O-122	4.0	4.0	1.5892622166729655	0.6658323647506339	0.9993131868131868
390_O-122	5.0	5.0	1.603741429366738	0.6673090427399534	0.9992937853107344
391_O-122	6.0	5.0	1.597519655124927	0.6666341993977322	0.9985754985754985
392_O-122	6.0	5.0	1.5977176423905572	0.6666569354481355	0.9985559566787003
393_O-122	6.0	5.0	1.594826249892727	0.6653734628345374	0.9985825655563431
394_O-122	3.0	3.0	1.5737802399351326	0.6616642985352086	1.0
395_O-122	4.0	4.0	1.5917307260691549	0.6669122232079454	0.9992987377279102
396_O-122	3.0	3.0	1.573805995694943	0.6614861849007072	1.0
397_O-122	5.0	5.0	1.6036205033750985	0.6648312893430124	1.0
398_O-122	6.0	5.0	1.5806587597718302	0.6593914259581403	0.9986291980808774
399_O-122	4.0	4.0	1.589658737856784	0.6637196795997674	1.0
39_O-122	5.0	5.0	1.5957875192619104	0.6635963360066385	0.9992748368382887
3_O-122	6.0	5.0	1.5899011410590602	0.6633542682723083	0.9986082115518441
400_O-122	4.0	4.0	1.5935146796562454	0.665907560759418	1.0
401_O-122	9.0	6.0	1.6026916753193692	0.6664271441045913	0.9979494190020506
402_O-122	4.0	4.0	1.5904958993015716	0.6662418506300203	0.9992721979621543
403_O-122	6.0	5.0	1.5932900040987539	0.6649123179934106	0.9986254295532646
404_O-122	5.0	5.0	1.5971493394019136	0.6643633683874699	0.9993089149965446
405_O-122	5.0	5.0	1.6038579278148066	0.6674150052177734	0.9992997198879552
406_O-122	4.0	4.0	1.5872722182969878	0.6648700654632018	0.9992957746478873
407_O-122	6.5	6.0	1.6057834858710662	0.6656112280380891	0.9986197377501725
408_O-122	5.0	5.0	1.6034990142496162	0.6672446588993428	0.9992987377279102
409_O-122	4.0	4.0	1.5885990690610239	0.6655972155337853	0.9993297587131368
40_O-122	5.0	5.0	1.6134261116612083	0.6663240394576821	1.0
410_O-122	6.0	5.0	1.5930108209213143	0.6649077144526605	0.9986728599867286
411_O-122	4.0	4.0	1.5870804349756527	0.6647550934656964	0.9992810927390366
412_O-122	5.0	5.0	1.604299607197591	0.6676212671537938	0.9993002099370188
413_O-122	4.0	4.0	1.593362787314269	0.665487956477797	1.0
414_O-122	5.0	5.0	1.5922604320942935	0.6622643001204618	0.9992992291520673
415_O-122	6.0	5.0	1.5960640804781616	0.6659360091362891	0.9985693848354793
416_O-122	5.0	5.0	1.5922284908976794	0.6622262009140215	0.9993036211699164
417_O-122	5.0	5.0	1.5970555657988386	0.6641243814324529	0.9992862241256245
418_O-122	4.0	4.0	1.5881223244087599	0.6653922407272795	0.9993319973279893
419_O-122	9.0	6.0	1.5982282688336054	0.6643560302199447	0.9979238754325259
41_O-122	5.0	5.0	1.6034585627633853	0.667110341397545	0.9992872416250891
420_O-122	4.0	4.0	1.5887568528352691	0.665610112036771	0.9993220338983051
421_O-122	4.0	4.0	1.5881078970728608	0.6653052525712095	0.9993079584775086
422_O-122	6.0	5.0	1.596406463536844	0.6664532876867361	0.9986702127659575
423_O-122	3.0	3.0	1.5800476326431265	0.6644393368868893	1.0
424_O-122	5.0	5.0	1.6030979765235993	0.6656576189196453	0.999344262295082
425_O-122	3.0	3.0	1.580188265099998	0.6644741978591444	1.0
426_O-122	4.0	4.0	1.5756167441355213	0.6597781337397242	0.9993002099370188
427_O-122	4.0	4.0	1.5861511323251878	0.6645284447107687	0.999340804218853
428_O-122	13.0	7.0	1.604867473658873	0.663849322313457	0.9970059880239521
429_O-122	4.0	4.0	1.5879509381443913	0.665131626752365	0.9992821249102656
42_O-122	5.0	5.0	1.6090997862262355	0.6677607556436533	0.9992917847025495
430_O-122	4.0	4.0	1.5837727000719046	0.6634487479088794	0.9993328885923949
431_O-122	4.0	4.0	1.5943706945884568	0.6659112915056971	1.0
432_O-122	3.0	3.0	1.5795687362911695	0.6642175251073315	1.0
433_O-122	6.0	5.0	1.586438900747916	0.6616572285324007	0.9985621854780733
434_O-122	9.0	6.0	1.6034633819854247	0.6667464336841669	0.9979409746053535
435_O-122	6.0	5.0	1.5959745576476767	0.6657837479897833	0.998533724340176
436_O-122	3.0	3.0	1.570033789831326	0.6599831968073934	1.0
437_O-122	9.0	6.0	1.603131742953565	0.6666968389090266	0.9979716024340771
438_O-122	5.0	5.0	1.5997907271757605	0.6655875592938529	0.9993006993006993
439_O-122	6.0	5.0	1.5867013478572907	0.6619516383728048	0.9986120749479528
43_O-122	4.0	4.0	1.5887965167099716	0.6655473954235871	0.9993011879804332
440_O-122	6.0	5.0	1.5916199949409215	0.6642105404232566	0.9986403806934059
441_O-122	4.0	4.0	1.5756903929059378	0.659685564789166	0.9992982456140351
442_O-122	4.0	4.0	1.58419032752031	0.6635096115927754	0.9993065187239945
443_O-122	4.0	4.0	1.5818810614810785	0.6625629283657084	0.9993211133740665
444_O-122	4.0	4.0	1.5815108292088969	0.6624041271000731	0.9993243243243243
445_O-122	4.0	4.0	1.5938364678124182	0.6657371185136262	1.0
446_O-122	6.0	5.0	1.5987288419910222	0.6672093270423683	0.9985805535841022
447_O-122	4.0	4.0	1.5902060178863366	0.6642974000370334	1.0
448_O-122	4.0	4.0	1.5896949271490428	0.6639016435069038	1.0
449_O-122	4.0	4.0	1.5886655345414367	0.6655616948172534	0.9993098688750862
44_O-122	6.5	6.0	1.6096657280527957	0.6676392222344361	0.9986657771847899
450_O-122	5.0	5.0	1.6054500051953204	0.6646521930075806	1.0
451_O-122	4.0	4.0	1.593465299908048	0.6654386201334386	1.0
452_O-122	4.0	4.0	1.5892955387207477	0.6657026527938048	0.9992706053975201
453_O-122	6.0	5.0	1.5956062852038082	0.6658131864663553	0.9985955056179775
454_O-122	6.5	6.0	1.6080387764932236	0.6664095290067331	0.9985835694050992
455_O-122	4.0	4.0	1.5816111197039673	0.6623844441739306	0.9993117687543015
456_O-122	3.0	3.0	1.5803895681019209	0.6645893061398168	1.0
457_O-122	4.0	4.0	1.5950398982412524	0.6663860517936591	1.0
458_O-122	3.0	3.0	1.5751628917113456	0.6622329010968908	1.0
459_O-122	5.0	5.0	1.6098614152964181	0.6677926988345567	1.0
45_O-122	5.0	5.0	1.5987153102821994	0.6651610725308642	0.9993055555555556
460_O-122	4.0	4.0	1.5901246355197292	0.6661701104523927	0.9992962702322308
461_O-122	3.0	3.0	1.5816247794191869	0.6651355730029019	1.0
462_O-122	4.0	4.0	1.5915090810551278	0.6647198199867734	1.0
463_O-122	6.5	6.0	1.6105966550568191	0.6679968625973419	0.9986541049798116
464_O-122	3.0	3.0	1.5732754673454983	0.6614407551080426	1.0
465_O-122	4.0	4.0	1.5879678456062352	0.6651936191130114	0.9993016759776536
466_O-122	3.0	3.0	1.5796341471606432	0.6642570140718451	1.0
467_O-122	5.0	5.0	1.5996925888865132	0.6652004108548413	0.9992641648270787
468_O-122	5.0	5.0	1.5962420605690686	0.6643011048377552	0.9993403693931399
469_O-122	5.0	5.0	1.5976086159747618	0.6645295373051181	0.9992997198879552
46_O-122	3.0	3.0	1.5827308659483679	0.6656483604978904	1.0
470_O-122	4.0	4.0	1.5949095738857841	0.6662461119860906	1.0
471_O-122	5.0	5.0	1.5973699789698574	0.6629670321289483	0.999330207635633
472_O-122	3.0	3.0	1.5713136561203465	0.6605720671770406	1.0
473_O-122	5.0	5.0	1.6041732056402798	0.6662898518722367	0.9993581514762516
474_O-122	5.0	5.0	1.602619247777879	0.6649270690447784	1.0
475_O-122	5.0	5.0	1.5999605930514227	0.665825531409395	0.9993188010899182
476_O-122	6.0	5.0	1.5976273351776964	0.6667819203826681	0.9986062717770035
477_O-122	3.0	3.0	1.577744281960805	0.6633914501122342	1.0
478_O-122	4.0	4.0	1.5889699087317473	0.6634120641835843	1.0
479_O-122	4.0	4.0	1.5850082192170722	0.6638010068803664	0.9992821249102656
47_O-122	5.0	5.0	1.6084092567023733	0.667487437111271	0.9992962702322308
480_O-122	4.0	4.0	1.5872844278325835	0.6647946899336663	0.9992743105950653
481_O-122	5.0	5.0	1.608323889247261	0.6670555320189684	1.0
482_O-122	4.0	4.0	1.5864295861381021	0.6645416952990577	0.9993041057759221
483_O-122	4.0	4.0	1.5852228726878606	0.6639673289871008	0.9993270524899058
484_O-122	4.0	4.0	1.5774924788319773	0.6605483026331568	0.9993060374739764
485_O-122	4.0	4.0	1.5971699233283596	0.6674378328922002	1.0
486_O-122	5.0	5.0	1.6038442065465803	0.6674685144111372	0.9993065187239945
487_O-122	5.0	5.0	1.6012296068101197	0.6660476881406427	0.9992867332382311
488_O-122	4.0	4.0	1.5950174648163198	0.6660039143473908	1.0
489_O-122	4.0	4.0	1.583991502629831	0.6634503277419828	0.9993060374739764
48_O-122	6.0	5.0	1.5937164595328253	0.6648372933884297	0.9985795454545454
490_O-122	4.0	4.0	1.6029105528854797	0.6678248138496922	1.0
491_O-122	5.0	5.0	1.6048103647676293	0.6661465130269795	0.9993197278911564
492_O-122	6.0	5.0	1.597330971194014	0.6665216213331582	0.998567335243553
493_O-122	6.0	5.0	1.5882121768667699	0.662521829403495	0.9985805535841022
494_O-122	6.5	6.0	1.6066505522161474	0.6663233151312811	0.9986702127659575
495_O-122	6.0	5.0	1.595616279796623	0.6658075980034083	0.9985925404644617
496_O-122	6.0	5.0	1.5968386080649597	0.6662796026555687	0.9985632183908046
497_O-122	4.0	4.0	1.5881599639989739	0.6651989877070326	0.9992695398100804
498_O-122	6.0	5.0	1.5871785636248779	0.6621155105838475	0.9985974754558204
499_O-122	4.0	4.0	1.5749921522985715	0.6597372274250449	0.9993730407523511
49_O-122	3.0	3.0	1.5765413742237058	0.6628678632048812	1.0
4_O-122	5.0	5.0	1.6006435608180873	0.6661792899375779	0.9993234100135318
500_O-122	6.0	5.0	1.5949105751252257	0.6654317884388267	0.998587570621469
501_O-122	6.0	5.0	1.594034035750811	0.6651351525220138	0.9985984583041345
502_O-122	4.0	4.0	1.591775229512902	0.6629440540472953	1.0
503_O-122	6.0	5.0	1.5956958274794646	0.6656609715838722	0.9985272459499264
504_O-122	3.0	3.0	1.5769000985505415	0.6629755811942735	1.0
505_O-122	4.0	4.0	1.5887313542685377	0.6656353245641825	0.9993238674780257
506_O-122	6.0	5.0	1.5968872705120223	0.6665554636629432	0.9986348122866894
507_O-122	4.0	4.0	1.595281868080156	0.6663254587679797	1.0
508_O-122	4.0	4.0	1.5905341910983295	0.6662772571377036	0.999275887038378
509_O-122	4.0	4.0	1.601235657791343	0.6671788534436903	1.0
50_O-122	4.0	4.0	1.5946027015035886	0.6661050778255888	1.0
510_O-122	4.0	4.0	1.5866329257352834	0.6647573710007506	0.9993434011818779
511_O-122	6.5	6.0	1.6108483547967172	0.6676763988622482	0.9985845718329794
512_O-122	5.0	5.0	1.6064375881976267	0.6661384162990969	1.0
513_O-122	3.0	3.0	1.5764965643106585	0.6628504342913637	1.0
514_O-122	6.0	5.0	1.5912360865536221	0.6640995346282806	0.9986559139784946
515_O-122	6.0	5.0	1.5928452275612577	0.6646935166845009	0.9986225895316805
516_O-122	3.0	3.0	1.5787617932903455	0.6638600393760874	1.0
517_O-122	6.0	5.0	1.5947166304081783	0.6654993358290062	0.9986263736263736
518_O-122	6.5	6.0	1.6081621275794378	0.6672781065088758	0.9987179487179487
519_O-122	5.0	5.0	1.604473546216639	0.6678502632022796	0.9993164730006835
51_O-122	9.0	6.0	1.5949107180997149	0.6628812069045305	0.9979591836734694
520_O-122	6.0	6.0	1.621621893372	0.6686142668402452	0.9993045897079277
521_O-122	6.0	5.0	1.598385373356079	0.6670737276811616	0.9985885673959068
522_O-122	4.0	4.0	1.587530033775482	0.6650512090931047	0.9993131868131868
523_O-122	6.0	5.0	1.5949844233513442	0.6653266539974559	0.9985228951255539
524_O-122	6.5	6.0	1.590589511033177	0.658794385546213	0.9985885673959068
525_O-122	5.0	5.0	1.5980560484091597	0.6650477530433836	0.9993319973279893
526_O-122	4.0	4.0	1.576382132862631	0.6602005925934593	0.9993535875888817
527_O-122	5.0	5.0	1.6037821658835267	0.6673949002840112	0.9993016759776536
528_O-122	6.0	5.0	1.586953349954643	0.6620334622723459	0.9986376021798365
529_O-122	6.0	5.0	1.5989136946095819	0.667261224489796	0.9985714285714286
52_O-122	4.0	4.0	1.5767801527235792	0.6600633161851999	0.9992481203007518
530_O-122	4.0	4.0	1.5835896354437984	0.6633310932266824	0.9993252361673415
531_O-122	6.0	5.0	1.589637005757542	0.6633796175858481	0.9986559139784946
532_O-122	6.0	5.0	1.5940619369711868	0.6654589791523801	0.9986902423051736
533_O-122	4.0	4.0	1.5895439125835806	0.6658259603562182	0.9992810927390366
534_O-122	4.0	4.0	1.5827196554158762	0.6630274026957808	0.9993446920052425
535_O-122	4.0	4.0	1.5862782232135266	0.6646178309212006	0.9993472584856397
536_O-122	6.0	5.0	1.5978281461925905	0.6665701137352994	0.9985130111524163
537_O-122	13.0	7.0	1.6136270353796922	0.6678104184382085	0.9970238095238095
538_O-122	4.0	4.0	1.5895651624853613	0.6659653876343437	0.9993131868131868
539_O-122	6.0	5.0	1.585087150595588	0.6611413389881609	0.9985775248933144
53_O-122	6.0	5.0	1.5970689521745347	0.666722893933691	0.9986604152712659
540_O-122	4.0	4.0	1.58176383693239	0.6625167445165349	0.9993174061433447
541_O-122	5.0	5.0	1.5946530869835807	0.6628837313682484	0.999275887038378
542_O-122	3.0	3.0	1.5747670649740975	0.6619863118593827	1.0
543_O-122	4.0	4.0	1.5913050821524068	0.6646915482415162	1.0
544_O-122	4.0	4.0	1.5875736382291927	0.6650356184263911	0.9993016759776536
545_O-122	6.0	5.0	1.5952608593526572	0.6657986507754436	0.9986273164035689
546_O-122	5.0	5.0	1.6061122457063621	0.6660967099137669	0.9992625368731564
547_O-122	6.0	5.0	1.5859117162198204	0.6617420744844568	0.9986504723346828
548_O-122	4.0	4.0	1.5823075947874263	0.662573151176697	0.9992826398852224
549_O-122	4.0	4.0	1.5811086793030678	0.662298234486083	0.9993451211525868
54_O-122	5.0	5.0	1.5947634246566162	0.6630519237568635	0.9992641648270787
550_O-122	3.0	3.0	1.582335537839072	0.6654641936123785	1.0
551_O-122	4.0	4.0	1.5836358525988126	0.6632644982176329	0.999315537303217
552_O-122	6.0	5.0	1.5877484961663137	0.6625091397103059	0.998639455782313
553_O-122	5.0	5.0	1.60508881248783	0.6680272233680926	0.9993050729673384
554_O-122	5.0	5.0	1.6031248657580612	0.6649855292867064	1.0
555_O-122	4.0	4.0	1.5806976824594332	0.6620851871284922	0.9993297587131368
556_O-122	4.0	4.0	1.5844988679344878	0.6636898929845422	0.9993103448275862
557_O-122	4.0	4.0	1.611608798881885	0.6685422078300272	1.0
558_O-122	4.0	4.0	1.5895709768490152	0.6659613569570522	0.9993074792243767
559_O-122	5.0	5.0	1.6013677392313357	0.6662159234084216	0.9992917847025495
55_O-122	6.0	5.0	1.595539928628942	0.6657244505588016	0.9985744832501782
560_O-122	5.0	5.0	1.597049960743795	0.6648632674297607	0.9993548387096775
561_O-122	4.0	4.0	1.588201025330888	0.6654709698668195	0.999346832135859
562_O-122	4.0	4.0	1.5896810188349904	0.6659582375666292	0.9993006993006993
563_O-122	4.0	4.0	1.595214108023852	0.6664316142707223	1.0
564_O-122	6.0	5.0	1.5911337609684715	0.6637794879533223	0.9985815602836879
565_O-122	5.0	5.0	1.6020065822877945	0.6664078528592556	0.9992862241256245
566_O-122	4.0	4.0	1.5876547880899987	0.665083487868654	0.9993036211699164
567_O-122	4.0	4.0	1.5882023601679711	0.6654526941690224	0.999348109517601
568_O-122	5.0	5.0	1.601993388812844	0.6665674195571979	0.9993002099370188
569_O-122	5.0	5.0	1.604763424216783	0.6659947439941369	0.9993108201240524
56_O-122	5.0	5.0	1.6050219651524933	0.6662758093062251	0.999322951929587
570_O-122	6.0	5.0	1.5941060333081503	0.6651335600019783	0.9986004198740378
571_O-122	4.0	4.0	1.5903730586866063	0.6639634993056933	1.0
572_O-122	5.0	5.0	1.5974586335451755	0.6648692167332338	0.9993390614672836
573_O-122	3.0	3.0	1.5798759547661758	0.6643619712596465	1.0
574_O-122	3.0	3.0	1.5800366675485253	0.6644330650658322	1.0
575_O-122	5.0	5.0	1.6040804318329196	0.6679412573245004	0.9993451211525868
576_O-122	5.0	5.0	1.6111480152432849	0.6685205861002399	1.0
577_O-122	5.0	5.0	1.5941757946283162	0.6631017975242228	0.9993011879804332
578_O-122	5.0	5.0	1.6074419051932969	0.6669571054064665	0.999288256227758
579_O-122	6.0	5.0	1.5939771579493731	0.6653579736513545	0.998674618952949
57_O-122	4.0	4.0	1.5932085959850828	0.6655502081165452	1.0
580_O-122	4.0	4.0	1.5889457263957776	0.6655471024701795	0.9992673992673993
581_O-122	6.0	5.0	1.5928052128756855	0.6645590510520799	0.9985845718329794
582_O-122	4.0	4.0	1.5866001018508105	0.664651020984356	0.9993145990404386
583_O-122	6.0	6.0	1.6151882891808917	0.6679282322863405	0.9993243243243243
584_O-122	4.0	4.0	1.5935385084973688	0.6655126492764114	1.0
585_O-122	4.0	4.0	1.5905933994039974	0.6664883646587862	0.9993261455525606
586_O-122	4.0	4.0	1.5817793365364485	0.6602022587500479	1.0
587_O-122	4.0	4.0	1.5758228355796249	0.6600143363130376	0.9993506493506493
588_O-122	4.0	4.0	1.5911935542098188	0.664312935292089	1.0
589_O-122	4.0	4.0	1.5872619543206667	0.6648917803125166	0.9993112947658402
58_O-122	4.0	4.0	1.5865962869635872	0.6645844078555843	0.9992957746478873
590_O-122	5.0	5.0	1.5954489150068185	0.6639321841188501	0.9993319973279893
591_O-122	4.0	4.0	1.5812354525938868	0.6622330629752687	0.9993074792243767
592_O-122	6.0	5.0	1.588754701776009	0.6625989304156152	0.9985693848354793
593_O-122	5.0	5.0	1.5997735835521447	0.6657146966462265	0.999315537303217
594_O-122	5.0	5.0	1.6028113704246554	0.6671214169301485	0.9993192648059904
595_O-122	9.0	6.0	1.6022981229789057	0.665654800165538	0.9977744807121661
596_O-122	4.0	4.0	1.58972847428494	0.6639190003011142	1.0
597_O-122	4.0	4.0	1.5885715382249763	0.6654370194987638	0.9992852037169406
598_O-122	3.0	3.0	1.5833721212393925	0.665939733466496	1.0
599_O-122	5.0	5.0	1.60085323219227	0.6662833888265542	0.9993247805536799
59_O-122	6.0	5.0	1.5966705240457593	0.6661477146333399	0.9985475671750181
5_O-122	3.0	3.0	1.5745151260445236	0.6619488846026996	1.0
600_O-122	3.0	3.0	1.5819642142730819	0.6652614623997494	1.0
601_O-122	4.0	4.0	1.5838679915617753	0.6634162131732032	0.9993150684931507
602_O-122	6.0	5.0	1.5980010671969782	0.6670168770699738	0.9986216402481047
603_O-122	5.0	5.0	1.6046091250877095	0.665576388524166	1.0
604_O-122	4.0	4.0	1.5930643143286667	0.6656219962704157	1.0
605_O-122	5.0	5.0	1.6039026567368868	0.6671993308472156	0.9992737835875091
606_O-122	4.0	4.0	1.5894676223849944	0.6659605877047318	0.9993211133740665
607_O-122	5.0	5.0	1.6042589519320676	0.6677837937896247	0.9993197278911564
608_O-122	9.0	6.0	1.6034933531627384	0.6665472972837797	0.9978783592644979
609_O-122	6.0	6.0	1.6217176958174913	0.6688301347172263	0.9993145990404386
60_O-122	9.0	6.0	1.6005266927868145	0.6655097645317716	0.9979811574697174
610_O-122	4.0	4.0	1.584800809739856	0.6636937520661157	0.9992727272727273
611_O-122	4.0	4.0	1.594735266593015	0.6658923211874683	1.0
612_O-122	4.0	4.0	1.5891757833194864	0.6658107541091469	0.9993183367416496
613_O-122	6.0	5.0	1.5850336176415634	0.6609754592172175	0.9985347985347985
614_O-122	4.0	4.0	1.5858809468125552	0.6642870350803043	0.9993131868131868
615_O-122	4.0	4.0	1.586956396640014	0.6648180757617028	0.9993164730006835
616_O-122	5.0	5.0	1.6023658498123714	0.6668206661577989	0.9993084370677732
617_O-122	5.0	5.0	1.599921293763221	0.666007036347199	0.9993399339933994
618_O-122	5.0	5.0	1.5948612010055647	0.6631896984071871	0.9993011879804332
619_O-122	4.0	4.0	1.5931218638836528	0.6653772223970043	1.0
61_O-122	4.0	4.0	1.5922747495373133	0.6650741063807222	1.0
620_O-122	5.0	5.0	1.5970386192269714	0.6643178865835447	0.9993031358885017
621_O-122	4.0	4.0	1.5786785112084494	0.6611674399954173	0.9993412384716732
622_O-122	5.0	5.0	1.6022348676310239	0.666879684172555	0.9993234100135318
623_O-122	5.0	5.0	1.606537684052152	0.6664604766878887	1.0
624_O-122	5.0	5.0	1.6003049060738805	0.6660328022544455	0.9993234100135318
625_O-122	4.0	4.0	1.5908684195322746	0.6641213197119771	1.0
626_O-122	4.0	4.0	1.5862988909581222	0.6645074429710918	0.9993141289437586
627_O-122	7.0	6.0	1.6128451218991913	0.6668570138637803	0.9986168741355463
628_O-122	5.0	5.0	1.6099171814908326	0.6677535424098295	1.0
629_O-122	9.0	6.0	1.6032665103862147	0.6665760030864198	0.9979166666666667
62_O-122	4.0	4.0	1.5988670617222254	0.664135160364214	1.0
630_O-122	6.0	5.0	1.5911972554395228	0.6640109438920243	0.9986338797814208
631_O-122	4.0	4.0	1.5842289103987734	0.663598099203879	0.9993256911665542
632_O-122	4.0	4.0	1.590642183268052	0.6645185294083411	1.0
633_O-122	4.0	4.0	1.590021323847076	0.666200469229113	0.9993188010899182
634_O-122	5.0	5.0	1.5956124795095126	0.6636657909551511	0.9993150684931507
635_O-122	5.0	5.0	1.593952313325304	0.663334892949363	0.9993368700265252
636_O-122	6.0	5.0	1.5936515145227033	0.6650230823688472	0.9986291980808774
637_O-122	4.0	4.0	1.6038049171242095	0.6668269139255311	1.0
638_O-122	4.0	4.0	1.5905111899589108	0.6663906794637575	0.9993117687543015
639_O-122	9.0	6.0	1.6034509046866472	0.6670068965996101	0.9980237154150198
63_O-122	4.0	4.0	1.5968067922795735	0.6671627693191611	1.0
640_O-122	6.5	6.0	1.6093625278701487	0.6669805341783612	0.9985815602836879
641_O-122	4.0	4.0	1.583199905111605	0.6631133365779152	0.9993065187239945
642_O-122	4.0	4.0	1.584418619390131	0.6636835599046693	0.9993188010899182
643_O-122	6.0	5.0	1.5957341100793712	0.6661240539417735	0.9986639946559787
644_O-122	4.0	4.0	1.595582490377201	0.6648829332221153	1.0
645_O-122	7.0	6.0	1.612819373601036	0.6668905795937441	0.9986273164035689
646_O-122	6.0	5.0	1.5974575020906192	0.6668652858551849	0.9986531986531987
647_O-122	4.0	4.0	1.5942417111579743	0.6660153396639883	1.0
648_O-122	4.0	4.0	1.5878921167869453	0.6652893666856209	0.9993324432576769
649_O-122	4.0	4.0	1.592022325232404	0.6669382788245716	0.999266862170088
64_O-122	6.0	5.0	1.5949983707066802	0.6655866702038014	0.9986033519553073
650_O-122	4.0	4.0	1.584878326229842	0.6637458288647922	0.9992852037169406
651_O-122	6.0	5.0	1.5979089221961758	0.6670388443513179	0.9986403806934059
652_O-122	4.0	4.0	1.59091293495852	0.666652167486832	0.9993337774816788
653_O-122	5.0	5.0	1.6086559329302863	0.6679807215891176	0.9993288590604027
654_O-122	4.0	4.0	1.584764877848069	0.663765418050182	0.999302649930265
655_O-122	6.0	5.0	1.5884787454796876	0.6625430184770624	0.9985549132947977
656_O-122	6.0	5.0	1.5924256969036468	0.6645613346182865	0.9986422267481331
657_O-122	4.0	4.0	1.5997083367996974	0.6662209139899478	1.0
658_O-122	4.0	4.0	1.5846143335567253	0.6617397163682022	1.0
659_O-122	6.0	5.0	1.5813018306922746	0.6598263786774717	0.9986798679867986
65_O-122	6.0	5.0	1.5984909031734043	0.667123531231059	0.9985885673959068
660_O-122	4.0	4.0	1.5885256473754763	0.6654457492924999	0.9993045897079277
661_O-122	6.0	5.0	1.5951386904071099	0.6655447420049094	0.9985845718329794
662_O-122	5.0	5.0	1.6029835822394416	0.6665385546272724	0.999251497005988
663_O-122	7.0	6.0	1.6216882372109847	0.6691711245733989	0.9986254295532646
664_O-122	4.0	4.0	1.5870257449051348	0.662500278419173	1.0
665_O-122	4.0	4.0	1.5848003817921068	0.6614804144413143	1.0
666_O-122	4.0	4.0	1.5883964575969558	0.6654478751402477	0.9993122420907841
667_O-122	6.0	5.0	1.594691169521179	0.6653081632653062	0.9985714285714286
668_O-122	4.0	4.0	1.5861904860410225	0.664450055034266	0.9993098688750862
669_O-122	6.0	5.0	1.5886697438535895	0.6629007045043005	0.9986702127659575
66_O-122	4.0	4.0	1.5962816177820986	0.6667929557937734	1.0
670_O-122	5.0	5.0	1.6109085058708381	0.6670519119613454	0.9993117687543015
671_O-122	5.0	5.0	1.6075847830887362	0.6666833246919827	1.0
672_O-122	6.0	5.0	1.5956268485355498	0.6659648013608284	0.9986282578875172
673_O-122	5.0	5.0	1.6007836712030317	0.6662143845134647	0.9993201903467029
674_O-122	5.0	5.0	1.5925493685405434	0.6627965527579427	0.9993564993564994
675_O-122	4.0	4.0	1.5896830684264038	0.6660214030915577	0.9993103448275862
676_O-122	4.0	4.0	1.5892828676378628	0.6657735562377199	0.9992992291520673
677_O-122	6.0	5.0	1.5950537321478764	0.6653903849508245	0.9985347985347985
678_O-122	6.0	5.0	1.5944690735153804	0.6653158260415254	0.9985905567300916
679_O-122	9.0	6.0	1.6056217686825496	0.6675530236081303	0.9978932584269663
67_O-122	4.0	4.0	1.595521277368475	0.6665578856650387	1.0
680_O-122	6.0	6.0	1.614292641322372	0.6654448314854025	0.9993112947658402
681_O-122	5.0	5.0	1.6044339273230128	0.6678853203102557	0.9993220338983051
682_O-122	6.0	5.0	1.588883737866785	0.6626719554392776	0.9985652797704447
683_O-122	4.0	4.0	1.587377804723775	0.6649950972606968	0.999315537303217
684_O-122	5.0	5.0	1.599053316260335	0.6659324053514554	0.9993738259236068
685_O-122	5.0	5.0	1.5975719438733478	0.6648502319715328	0.9993288590604027
686_O-122	4.0	4.0	1.58130783821238	0.6621807954359711	0.9992841803865425
687_O-122	4.0	4.0	1.5726239764801886	0.6582492763468809	0.9993206521739131
688_O-122	5.0	5.0	1.5962464312453548	0.6639110072158505	0.9992877492877493
689_O-122	5.0	5.0	1.6004372525181496	0.6658614113159568	0.9993006993006993
68_O-122	7.0	6.0	1.6087982291719831	0.6652949514466611	0.9986495611073599
690_O-122	6.5	6.0	1.6112543139904927	0.6680382605538531	0.9986139986139986
691_O-122	4.0	4.0	1.5836406047680303	0.6633150255677416	0.9993084370677732
692_O-122	9.0	6.0	1.5946246926734318	0.6627183687926936	0.997943797121316
693_O-122	5.0	5.0	1.60088264483633	0.6643144680241873	1.0
694_O-122	3.0	3.0	1.5719546861588438	0.6606231111111112	1.0
695_O-122	4.0	4.0	1.5883766860025565	0.6632800552417215	1.0
696_O-122	5.0	5.0	1.6007023094571904	0.6657059009609795	0.9992690058479532
697_O-122	5.0	5.0	1.5905023910267142	0.6612952686528026	0.9993050729673384
698_O-122	4.0	4.0	1.5821925685225064	0.6606071950328707	1.0
699_O-122	6.0	6.0	1.6049251740604074	0.6632875190892684	0.9993197278911564
69_O-122	5.0	5.0	1.6032431885066067	0.6655890823602447	0.99933598937583
6_O-122	3.0	3.0	1.584221133104369	0.6663245315841553	1.0
700_O-122	4.0	4.0	1.591830990583837	0.6670296636500845	0.9993192648059904
701_O-122	4.0	4.0	1.6005614053186288	0.6668965362367388	1.0
702_O-122	9.0	6.0	1.5984577919158829	0.6645370247930891	0.9979811574697174
703_O-122	6.0	5.0	1.5963594347645191	0.666325757856989	0.9986376021798365
704_O-122	6.0	5.0	1.5972681856185342	0.6665839335180055	0.9985964912280701
705_O-122	4.0	4.0	1.5886028985724887	0.6635481245510668	1.0
706_O-122	5.0	5.0	1.5982754970156186	0.6651330363114875	0.9993265993265993
707_O-122	4.0	4.0	1.5846854207298753	0.6615765345207316	1.0
708_O-122	4.0	4.0	1.5882148588872638	0.6632539082122947	1.0
709_O-122	4.0	4.0	1.5806427677095127	0.662041138546555	0.9993377483443708
70_O-122	6.5	6.0	1.607682957495312	0.6665857260627045	0.998638529611981
710_O-122	4.0	4.0	1.5893643655389813	0.6659169321595417	0.9993238674780257
711_O-122	5.0	5.0	1.6065972188456712	0.667064509712209	0.999330655957162
712_O-122	4.0	4.0	1.5877639087567494	0.6651473994740195	0.9993108201240524
713_O-122	4.0	4.0	1.5876144541678485	0.6650017343045438	0.9992831541218637
714_O-122	6.0	5.0	1.5943953431679492	0.6651814025319338	0.9985805535841022
715_O-122	3.0	3.0	1.5823345980550836	0.6654692652065518	1.0
716_O-122	4.0	4.0	1.5887888362095857	0.6655864614276712	0.9993098688750862
717_O-122	5.0	5.0	1.6101490674180703	0.6660047365154951	1.0
718_O-122	6.0	5.0	1.5935246909425549	0.6648168313061307	0.9985652797704447
719_O-122	6.0	5.0	1.592309196977668	0.6643781167150613	0.9985955056179775
71_O-122	5.0	5.0	1.6064855547596808	0.666352027357729	0.9992721979621543
720_O-122	4.0	4.0	1.5860759569990501	0.6642543039755024	0.9992967651195499
721_O-122	6.5	6.0	1.6055617513647145	0.6655777578539028	0.9986329460013671
722_O-122	4.0	4.0	1.590428221011649	0.666366406913948	0.9993164730006835
723_O-122	6.0	5.0	1.596897151775371	0.6663829787234042	0.9985815602836879
724_O-122	4.0	4.0	1.5844552387588204	0.6637114165394049	0.9993197278911564
725_O-122	4.0	4.0	1.586141419291663	0.6644218890278619	0.9993074792243767
726_O-122	4.0	4.0	1.594098654168063	0.6658195370840457	1.0
727_O-122	5.0	5.0	1.595490735741648	0.6634091900826447	0.9992727272727273
728_O-122	5.0	5.0	1.6043400670271553	0.6675096486553354	0.9992872416250891
729_O-122	5.0	5.0	1.605590544659578	0.6665025908765565	0.9993211133740665
72_O-122	3.0	3.0	1.5823795178465185	0.6654753722794959	1.0
730_O-122	9.0	6.0	1.5979016793876253	0.6639534435580221	0.9978494623655914
731_O-122	5.0	5.0	1.6040488118301595	0.6654971691344981	1.0
732_O-122	5.0	5.0	1.6031734223402831	0.6674373775372172	0.99933598937583
733_O-122	4.0	4.0	1.5873306696890754	0.6648021374285176	0.9992721979621543
734_O-122	6.5	6.0	1.6003479207349078	0.6627979070483225	0.9985964912280701
735_O-122	6.5	6.0	1.606486717583599	0.6659061078721651	0.9986187845303868
736_O-122	4.0	4.0	1.5910880615434526	0.6646253555313549	1.0
737_O-122	4.0	4.0	1.5846612928726438	0.6636352273500379	0.9992737835875091
738_O-122	4.0	4.0	1.5850738461593465	0.6639621231093809	0.9993112947658402
739_O-122	6.0	5.0	1.5967035166755774	0.6664953748922724	0.9986440677966102
73_O-122	4.0	4.0	1.5868847714197036	0.664791279542807	0.9993183367416496
740_O-122	4.0	4.0	1.5931762295045755	0.663448725489359	1.0
741_O-122	5.0	5.0	1.5960459453456988	0.663672236908091	0.999271137026239
742_O-122	3.0	3.0	1.5810838271880063	0.66488113085469	1.0
743_O-122	4.0	4.0	1.590532249942078	0.6665197146396685	0.9993464052287582
744_O-122	3.0	3.0	1.583043876292101	0.6657766717240394	1.0
745_O-122	3.0	3.0	1.5751836709727394	0.662280667654579	1.0
746_O-122	6.0	5.0	1.5894856796202232	0.6633322823296248	0.9986577181208054
747_O-122	4.0	4.0	1.5828787143825622	0.6630362522167417	0.9993270524899058
748_O-122	4.0	4.0	1.592058252773345	0.666994621540076	0.9992784992784993
749_O-122	4.0	4.0	1.5897956139549108	0.6660412495948675	0.9993060374739764
74_O-122	4.0	4.0	1.5911778434079955	0.6646213543588146	1.0
750_O-122	5.0	5.0	1.6017064252897655	0.6665198573127229	0.9993103448275862
751_O-122	6.0	5.0	1.5936513701447272	0.6653016119815037	0.9986953685583823
752_O-122	4.0	4.0	1.5941289778792103	0.6659355357655846	1.0
753_O-122	4.0	4.0	1.5889461565378258	0.6657839683655781	0.9993403693931399
754_O-122	4.0	4.0	1.5889583726412362	0.6657451268574217	0.9993252361673415
755_O-122	3.0	3.0	1.5747764412190113	0.6620258262292976	1.0
756_O-122	3.0	3.0	1.5825918536330976	0.6655814067961511	1.0
757_O-122	4.0	4.0	1.580962669844463	0.6620422731853004	0.9993031358885017
758_O-122	4.0	4.0	1.5900470236498794	0.6659358907001194	0.9992372234935164
759_O-122	4.0	4.0	1.602226108328729	0.6674613006844008	1.0
75_O-122	13.0	7.0	1.6064054284619385	0.6651399435192035	0.9972356599861782
760_O-122	6.0	5.0	1.591919669685923	0.6642232498254925	0.9986320109439124
761_O-122	5.0	5.0	1.6026802123573944	0.6672664087168297	0.9993412384716732
762_O-122	5.0	5.0	1.6018136730987076	0.6665177433257657	0.9993031358885017
763_O-122	4.0	4.0	1.5911516236452028	0.6666853745541023	0.9993103448275862
764_O-122	4.0	4.0	1.59029432368836	0.6641947533824648	1.0
765_O-122	4.0	4.0	1.5909403514947795	0.6664649707077693	0.999275887038378
766_O-122	6.0	5.0	1.5930180015172468	0.6645224572192567	0.9985734664764622
767_O-122	5.0	5.0	1.6013496521211756	0.6661716905566517	0.9992902767920511
768_O-122	4.0	4.0	1.5834608059337387	0.663351825658173	0.9993577392421323
769_O-122	5.0	5.0	1.603390696717856	0.6673409645336836	0.9993150684931507
76_O-122	6.0	5.0	1.5965831767623184	0.6664402173913044	0.998641304347826
770_O-122	4.0	4.0	1.588813849861127	0.6635718091778195	1.0
771_O-122	4.0	4.0	1.5826445555301771	0.6629356441757907	0.9993261455525606
772_O-122	4.0	4.0	1.5840233198615699	0.6633953796859948	0.9992892679459844
773_O-122	4.0	4.0	1.5876980536994767	0.6652297907824701	0.999340804218853
774_O-122	6.0	5.0	1.5975552847783103	0.6668073085866623	0.9986244841815681
775_O-122	5.0	5.0	1.607502143677578	0.6674330385749071	1.0
776_O-122	4.0	4.0	1.5954780941400464	0.6665711444899574	1.0
777_O-122	6.0	5.0	1.5969576504728664	0.6666636718441159	0.9986595174262735
778_O-122	3.0	3.0	1.5809500326475625	0.6648065272805399	1.0
779_O-122	5.0	5.0	1.6035932146895162	0.6672883759597046	0.9993006993006993
77_O-122	9.0	6.0	1.605368698394304	0.6676171770218271	0.997943797121316
780_O-122	4.0	4.0	1.5837993041551415	0.6633953722050049	0.9993141289437586
781_O-122	4.0	4.0	1.5837753385916753	0.6632051842325413	0.9992932862190813
782_O-122	4.0	4.0	1.5916000717935301	0.6648641514077023	1.0
783_O-122	6.5	6.0	1.6024784567027701	0.6639575151695811	0.9985855728429985
784_O-122	4.0	4.0	1.5804777424067333	0.6617526121445795	0.9993174061433447
785_O-122	4.0	4.0	1.586354388742687	0.6623854101346711	1.0
786_O-122	4.0	4.0	1.5841219004569917	0.6635530046647764	0.9993368700265252
787_O-122	4.0	4.0	1.5877128593024794	0.6650790995018043	0.9992932862190813
788_O-122	5.0	5.0	1.6034257765683666	0.6654633702833369	0.9993192648059904
789_O-122	7.0	6.0	1.6166316793058808	0.6668387639499453	0.9986235375086029
78_O-122	6.5	6.0	1.6064735158263854	0.6660530334582813	0.998639455782313
790_O-122	5.0	5.0	1.606471103786391	0.6672369503449459	0.9993514915693904
791_O-122	6.5	6.0	1.6013658637446597	0.6633031304694067	0.9985580389329488
792_O-122	5.0	5.0	1.5996937556938369	0.6659365491625778	0.9993455497382199
793_O-122	4.0	4.0	1.589675763608271	0.6659932741686799	0.9993031358885017
794_O-122	6.0	5.0	1.5933826938131177	0.6646473530458659	0.9985433357611071
795_O-122	5.0	5.0	1.6020482774312523	0.666338629913893	0.9992737835875091
796_O-122	5.0	5.0	1.5981610661704644	0.6647561708103018	0.9992877492877493
797_O-122	4.0	4.0	1.588259719914172	0.6654332725584725	0.9993311036789297
798_O-122	6.5	6.0	1.5901008701543704	0.6587275624654458	0.9986168741355463
799_O-122	4.0	4.0	1.5792427285639534	0.6614076083736702	0.9993275050437121
79_O-122	3.0	3.0	1.5741637378274251	0.6616790901060924	1.0
7_O-122	4.0	4.0	1.5910390975045856	0.6627012521951348	1.0
800_O-122	6.0	5.0	1.5933807292823756	0.6649669879096997	0.998631074606434
801_O-122	6.0	5.0	1.5961857277546088	0.6659185732362094	0.9985380116959064
802_O-122	5.0	5.0	1.5983969907607738	0.6648441213568668	0.9992892679459844
803_O-122	5.0	5.0	1.6046639030370526	0.6657398944273214	1.0
804_O-122	5.0	5.0	1.6036002478406237	0.6652682315134049	1.0
805_O-122	5.0	5.0	1.6016249332202033	0.666372166571499	0.9992962702322308
806_O-122	4.0	4.0	1.5915919055116912	0.6668838329110833	0.9993093922651933
807_O-122	6.5	6.0	1.607966315796425	0.6665571220436646	0.9986197377501725
808_O-122	7.0	6.0	1.6030149124027058	0.6624215511353209	0.9986244841815681
809_O-122	5.0	5.0	1.5866912699064115	0.6600956098416737	0.9993377483443708
80_O-122	4.0	4.0	1.5895065890167321	0.6659879474068663	0.9993243243243243
810_O-122	5.0	5.0	1.6040710568182501	0.6673703595341074	0.9992841803865425
811_O-122	4.0	4.0	1.5858289130928118	0.6641769780659584	0.9992769342010123
812_O-122	4.0	4.0	1.5894857747258795	0.6657885726480355	0.999275887038378
813_O-122	5.0	5.0	1.5950669742909944	0.66376975998595	0.999330655957162
814_O-122	4.0	4.0	1.594556324869084	0.6660183681315663	1.0
815_O-122	3.0	3.0	1.5793161940142737	0.6641115287961754	1.0
816_O-122	6.0	5.0	1.588077824281445	0.6625696531411261	0.9986159169550173
817_O-122	4.0	4.0	1.5976609756051765	0.6674167779703325	1.0
818_O-122	4.0	4.0	1.595040769797935	0.6663844131546266	1.0
819_O-122	3.0	3.0	1.5748332513367456	0.6620756145595493	1.0
81_O-122	9.0	6.0	1.604333578664852	0.6671248568155784	0.9979381443298969
820_O-122	5.0	5.0	1.601161934738804	0.6661391618143515	0.9992947813822285
821_O-122	4.0	4.0	1.5896982926954135	0.6639845035901932	1.0
822_O-122	4.0	4.0	1.5828552267964964	0.6628451169481592	0.9992700729927008
823_O-122	6.5	6.0	1.6054149468443515	0.6655680503493915	0.998639455782313
824_O-122	5.0	5.0	1.5994789523495987	0.6654248124255221	0.9992972593113141
825_O-122	4.0	4.0	1.5867203307884206	0.6645857048828746	0.9992927864214993
826_O-122	6.0	5.0	1.589222165672367	0.6631767410836611	0.9986495611073599
827_O-122	6.0	5.0	1.5906118073847348	0.6637763616493384	0.998641304347826
828_O-122	4.0	4.0	1.5913847544996995	0.6668003185001812	0.9993131868131868
829_O-122	6.0	5.0	1.5831013921800312	0.6603487782845308	0.9986449864498645
82_O-122	5.0	5.0	1.6071801673159103	0.6669392053426302	1.0
830_O-122	4.0	4.0	1.590636884020385	0.6665049788992947	0.9993279569892473
831_O-122	6.5	6.0	1.6115836159344334	0.6681929010411338	0.9986139986139986
832_O-122	6.0	5.0	1.595697991548801	0.6658277090739835	0.9985835694050992
833_O-122	6.0	5.0	1.599751133373889	0.6676183280486194	0.9985632183908046
834_O-122	5.0	5.0	1.6035250051189145	0.6670468792764144	0.9992779783393502
835_O-122	4.0	4.0	1.590659501704513	0.6642298588555988	1.0
836_O-122	5.0	5.0	1.5958576411136154	0.6641066923502648	0.9993297587131368
837_O-122	6.5	6.0	1.6069358169619732	0.6662555554172895	0.9986422267481331
838_O-122	4.0	4.0	1.5845342091129948	0.6637910946333357	0.9993337774816788
839_O-122	6.0	5.0	1.5954896435878005	0.6658393960085964	0.9986091794158554
83_O-122	3.0	3.0	1.5723756442310057	0.6610073119949804	1.0
840_O-122	6.0	5.0	1.594442586912758	0.6651307966706302	0.9985632183908046
841_O-122	9.0	6.0	1.6044721328535714	0.6670367207936674	0.9978917779339423
842_O-122	4.0	4.0	1.5770984525423641	0.660435760528943	0.999315537303217
843_O-122	4.0	4.0	1.5896578213335049	0.6659233915782525	0.9992922859164898
844_O-122	4.0	4.0	1.5856425041727464	0.6641444830246913	0.9993055555555556
845_O-122	4.0	4.0	1.5882333965670876	0.6631873849823399	1.0
846_O-122	6.0	5.0	1.5963348757170341	0.6661775206592062	0.9985974754558204
847_O-122	6.0	5.0	1.5938151691195641	0.6648167353282719	0.9985304922850845
848_O-122	5.0	5.0	1.6049795495755332	0.665726379367297	1.0
849_O-122	5.0	5.0	1.5963623919033918	0.6641290317616348	0.9993065187239945
84_O-122	4.0	4.0	1.5891549089106236	0.6636084726044696	1.0
850_O-122	4.0	4.0	1.587370418956563	0.6647903777377502	0.9992625368731564
851_O-122	4.0	4.0	1.5844861866904953	0.6636428753535917	0.9993031358885017
852_O-122	5.0	5.0	1.602406542803115	0.6665004732287723	0.9992732558139535
853_O-122	4.0	4.0	1.590033092796146	0.664198290428563	1.0
854_O-122	4.0	4.0	1.5869833384300691	0.6628608823386081	1.0
855_O-122	3.0	3.0	1.5689283125336764	0.6591632412838234	1.0
856_O-122	3.0	3.0	1.5789277755747586	0.6639395073065106	1.0
857_O-122	6.0	5.0	1.596994725500386	0.6666756270956203	0.998661311914324
858_O-122	4.0	4.0	1.5954298324655205	0.6665227036077113	1.0
859_O-122	5.0	5.0	1.595281166510254	0.6637669489564533	0.9993197278911564
85_O-122	4.0	4.0	1.5885895954467792	0.6654667001819401	0.9992937853107344
860_O-122	4.0	4.0	1.5873594955777002	0.6649780554339946	0.9993136582017845
861_O-122	9.0	6.0	1.6050538747960639	0.6671290305884788	0.9978417266187051
862_O-122	6.0	5.0	1.5946251030003078	0.6654896551724139	0.9986206896551724
863_O-122	5.0	5.0	1.600198718289753	0.6659760774287802	0.9993243243243243
864_O-122	3.0	3.0	1.5790298906949263	0.6639227800486249	1.0
865_O-122	5.0	5.0	1.5980800722045958	0.6650272910083309	0.9993220338983051
866_O-122	9.0	6.0	1.5997602013353085	0.6652242954956995	0.9980053191489362
867_O-122	3.0	3.0	1.574840050566228	0.6620168474591269	1.0
868_O-122	6.5	6.0	1.6059975753828797	0.6660516150820734	0.9986737400530504
869_O-122	4.0	4.0	1.5829270224597605	0.6630863356454091	0.9993346640053227
86_O-122	5.0	5.0	1.6025116272667097	0.6647504464229177	0.999288256227758
870_O-122	4.0	4.0	1.5832955704312917	0.6631261598879323	0.9993079584775086
871_O-122	3.0	3.0	1.5833020208733417	0.6659059569323269	1.0
872_O-122	4.0	4.0	1.5788704725947478	0.6610591372052695	0.9993117687543015
873_O-122	4.0	4.0	1.5850714477644197	0.6640395116568583	0.9993351063829787
874_O-122	5.0	5.0	1.6029953790865876	0.6671172658212479	0.9993112947658402
875_O-122	6.0	5.0	1.5959637876782184	0.6660300975318316	0.9986072423398329
876_O-122	6.0	5.0	1.5968152486416543	0.6662371779879047	0.9985549132947977
877_O-122	6.0	5.0	1.5905894712414506	0.6635847619523281	0.9985865724381625
878_O-122	5.0	5.0	1.6156963233946595	0.6685642223026882	1.0
879_O-122	6.0	5.0	1.5901258998277292	0.6636611047113161	0.998681608437706
87_O-122	4.0	4.0	1.5843964880091466	0.6636604588332612	0.9993112947658402
880_O-122	3.0	3.0	1.5843572191852788	0.6663862052404173	1.0
881_O-122	6.0	5.0	1.5919994723176014	0.6642990343614044	0.9986139986139986
882_O-122	5.0	5.0	1.5954196285057314	0.6633446134794163	0.999266862170088
883_O-122	6.0	5.0	1.5929245411436148	0.6647167894109075	0.9986291980808774
884_O-122	4.0	4.0	1.580211501840379	0.6616409719706423	0.9992673992673993
885_O-122	4.0	4.0	1.6006218924639095	0.6668924050511833	1.0
886_O-122	6.5	6.0	1.6001141542342248	0.6634006838448225	0.9986657771847899
887_O-122	5.0	5.0	1.5945068824952067	0.6634927334348943	0.9993270524899058
888_O-122	3.0	3.0	1.5841934389230063	0.6663107446917924	1.0
889_O-122	6.0	5.0	1.5940581838077417	0.6650330678995243	0.9985580389329488
88_O-122	4.0	4.0	1.5973668187991676	0.66542709923957	1.0
890_O-122	4.0	4.0	1.5840669987307585	0.6634291480267954	0.9993074792243767
891_O-122	4.0	4.0	1.5854378761760508	0.6619820563561534	1.0
892_O-122	6.0	5.0	1.5967423364164108	0.6666216989813505	0.99867637326274
893_O-122	4.0	4.0	1.5819800999418239	0.6603477218925128	1.0
894_O-122	6.0	5.0	1.5879846143258982	0.6625792831675736	0.9986301369863013
895_O-122	4.0	4.0	1.589300916666804	0.663442476310468	1.0
896_O-122	6.0	5.0	1.593744349882602	0.6650388179313799	0.9986225895316805
897_O-122	4.0	4.0	1.587909487675445	0.6652227219320037	0.9993122420907841
898_O-122	9.0	6.0	1.6003084102937712	0.6648429470407492	0.9978021978021978
899_O-122	5.0	5.0	1.6040242484600389	0.667324159400185	0.9992816091954023
89_O-122	3.0	3.0	1.5845840482202964	0.666492280668762	1.0
8_O-122	5.0	5.0	1.601215763343383	0.6663922199905482	0.9993206521739131
900_O-122	5.0	5.0	1.5950685661374497	0.6635384050036122	0.9993192648059904
901_O-122	4.0	4.0	1.5866551780781128	0.6646948643638788	0.9993201903467029
902_O-122	6.5	6.0	1.6079928900233451	0.6666850687082329	0.9986320109439124
903_O-122	3.0	3.0	1.5678473635210806	0.6587600578360062	1.0
904_O-122	7.0	6.0	1.6100275773794956	0.6656880207704383	0.9986263736263736
905_O-122	6.0	5.0	1.5896452654939233	0.6633564358612125	0.9986604152712659
906_O-122	6.0	5.0	1.5978990609111248	0.6669917981598681	0.998631074606434
907_O-122	5.0	5.0	1.6060480487598545	0.6661542989999942	0.9992769342010123
908_O-122	5.0	5.0	1.602200164509515	0.666462692020853	0.9992810927390366
909_O-122	4.0	4.0	1.5806478161062043	0.6619315184129999	0.9992877492877493
90_O-122	4.0	4.0	1.5937668954502782	0.6637469066566968	1.0
910_O-122	9.0	6.0	1.599113918571415	0.6646201468399768	0.9979123173277662
911_O-122	4.0	4.0	1.5866190116804952	0.6646627297694782	0.9993211133740665
912_O-122	5.0	5.0	1.6072371067434819	0.6668393132716048	1.0
913_O-122	6.0	5.0	1.5928906042197515	0.6646434434272597	0.9986043265875785
914_O-122	3.0	3.0	1.5771990338842055	0.663064751743285	1.0
915_O-122	6.0	5.0	1.5987062693982936	0.6670907754238806	0.9985486211901307
916_O-122	4.0	4.0	1.5869256708042483	0.6646238802939308	0.9992892679459844
917_O-122	4.0	4.0	1.5902239361589767	0.6640209723787692	1.0
918_O-122	6.0	5.0	1.593360801567677	0.6652218616229634	0.9987088444157521
919_O-122	4.0	4.0	1.596650244905986	0.6669780066998168	1.0
91_O-122	6.0	5.0	1.5976044643522125	0.6667588604069079	0.9985994397759104
920_O-122	4.0	4.0	1.5915885852729834	0.6668521688102107	0.9993006993006993
921_O-122	6.0	5.0	1.5951536994127957	0.6657051949070809	0.9986291980808774
922_O-122	5.0	5.0	1.6015265068738076	0.666194223281104	0.9992852037169406
923_O-122	4.0	4.0	1.5908941970898023	0.6665478759497439	0.9993060374739764
924_O-122	6.0	5.0	1.5995009333127899	0.6675863417281114	0.998587570621469
925_O-122	9.0	6.0	1.5925975161494081	0.6620124444444444	0.998
926_O-122	5.0	5.0	1.6008508708709515	0.6655954651715139	0.999247554552295
927_O-122	4.0	4.0	1.5906056812405018	0.6664303911111793	0.9993074792243767
928_O-122	5.0	5.0	1.6044427881779222	0.6677590108832684	0.9993084370677732
929_O-122	3.0	3.0	1.5812055508364962	0.6649310433094218	1.0
92_O-122	3.0	3.0	1.57820970660353	0.6636046213646997	1.0
930_O-122	4.0	4.0	1.5908782991138084	0.6644118105343749	1.0
931_O-122	4.0	4.0	1.591518143044314	0.6668290899046663	0.999302649930265
932_O-122	6.0	5.0	1.5916625887366156	0.663936999781606	0.9985663082437276
933_O-122	6.0	5.0	1.5879502849462979	0.6623817633006198	0.9985795454545454
934_O-122	3.0	3.0	1.5803718105616422	0.6645516862490479	1.0
935_O-122	6.0	5.0	1.5936298532447648	0.6649568482610034	0.9985964912280701
936_O-122	3.0	3.0	1.579013166936955	0.6639801302805651	1.0
937_O-122	13.0	7.0	1.6121461613501817	0.667730451366815	0.9972027972027973
938_O-122	4.0	4.0	1.5967934478424708	0.6668936125845508	1.0
939_O-122	7.0	6.0	1.6085974789163082	0.6649550558074466	0.9986139986139986
93_O-122	4.0	4.0	1.588925170083844	0.6657631447487846	0.9993368700265252
940_O-122	6.0	6.0	1.6156131794729598	0.6678018264433874	0.9993045897079277
941_O-122	4.0	4.0	1.5880999955240502	0.6652510473504036	0.9992992291520673
942_O-122	6.0	5.0	1.5944594138996888	0.664993558571636	0.9984939759036144
943_O-122	6.5	6.0	1.6093310490554482	0.6670525238168845	0.9985945186226283
944_O-122	6.0	5.0	1.5850142786717578	0.6612244742223986	0.9986187845303868
945_O-122	4.0	4.0	1.5856324456684148	0.6640336662645312	0.9992695398100804
946_O-122	6.0	5.0	1.589132375116034	0.6628283281105558	0.9986023759608665
947_O-122	4.0	4.0	1.5848934443159581	0.6637636155568178	0.9992774566473989
948_O-122	4.0	4.0	1.5833745518736773	0.6632771220463639	0.9993319973279893
949_O-122	4.0	4.0	1.5912089872136879	0.6667893640118289	0.9993324432576769
94_O-122	6.5	6.0	1.5996361716513519	0.662687748215832	0.9986338797814208
950_O-122	5.0	5.0	1.6006631521645764	0.6659908065443184	0.9993011879804332
951_O-122	6.0	5.0	1.599163799979563	0.667524804137476	0.9986149584487535
952_O-122	4.0	4.0	1.5785297616459977	0.6609267822080935	0.999271137026239
953_O-122	4.0	4.0	1.5866307408648983	0.6645097740782742	0.9992679355783309
954_O-122	4.0	4.0	1.578275845136583	0.6609475840441988	0.9993089149965446
955_O-122	4.0	4.0	1.5952739803393676	0.6665213685491173	1.0
956_O-122	6.0	5.0	1.5919730062106852	0.6642113151774394	0.9985905567300916
957_O-122	6.0	5.0	1.5973726455118065	0.66684587805537	0.9986568166554735
958_O-122	3.0	3.0	1.581010535929644	0.6648694411414982	1.0
959_O-122	4.0	4.0	1.5868696209865005	0.6647543400713436	0.9993103448275862
95_O-122	5.0	5.0	1.6028652638964223	0.666740988441036	0.9992748368382887
960_O-122	5.0	5.0	1.600520808705888	0.6642228685159479	0.9993224932249323
961_O-122	6.5	6.0	1.6050142902947844	0.6657469203553095	0.9986945169712794
962_O-122	6.0	5.0	1.5979995997919143	0.6671000497841999	0.9986477349560514
963_O-122	4.0	4.0	1.5941139149692811	0.6659053188335875	1.0
964_O-122	5.0	5.0	1.6019150932526045	0.6665519005464035	0.999302649930265
965_O-122	7.0	6.0	1.6162184077386283	0.668335262345679	0.9986111111111111
966_O-122	4.0	4.0	1.5893742217915992	0.6659415442780282	0.9993311036789297
967_O-122	4.0	4.0	1.5833487590599649	0.6630754263101288	0.9992836676217765
968_O-122	6.0	6.0	1.6123133254420545	0.6655894295286432	0.9992609016999261
969_O-122	9.0	6.0	1.6025619437451637	0.6661850415512465	0.9978947368421053
96_O-122	4.0	4.0	1.6022339405411417	0.6677430459550173	1.0
970_O-122	6.0	5.0	1.5929686048539349	0.6644539767861343	0.9985326485693323
971_O-122	6.0	5.0	1.5992236004125324	0.6674821685105996	0.9985945186226283
972_O-122	4.0	4.0	1.5739338994212342	0.6588508855700632	0.9992917847025495
973_O-122	6.5	6.0	1.608546784556207	0.6668648870215222	0.9986216402481047
974_O-122	5.0	5.0	1.59408748680182	0.663123891545792	0.999322951929587
975_O-122	5.0	5.0	1.5962669105867389	0.6640502354788069	0.9993131868131868
976_O-122	4.0	4.0	1.5816215198157257	0.662430468786154	0.9993197278911564
977_O-122	4.0	4.0	1.5938711478399668	0.6660001686625063	1.0
978_O-122	6.0	5.0	1.5960816325645366	0.666234197859508	0.9986477349560514
979_O-122	6.0	5.0	1.594990789367748	0.6654390632336689	0.9985704074338814
97_O-122	7.333333333333333	7.0	1.6150156167672947	0.6650632369017123	0.9986468200270636
980_O-122	4.0	4.0	1.5883426239851297	0.6653901346380313	0.9993031358885017
981_O-122	9.0	6.0	1.5983558984565374	0.664383807665138	0.9979238754325259
982_O-122	6.0	5.0	1.5880227258986825	0.6622795283966794	0.9985486211901307
983_O-122	4.0	4.0	1.587677559185087	0.6652024034033595	0.9993377483443708
984_O-122	5.0	5.0	1.6037023032186906	0.6648749923998609	1.0
985_O-122	9.0	6.0	1.5983922285365388	0.6639760957739964	0.9977843426883308
986_O-122	4.0	4.0	1.5879271705081062	0.6651488528771445	0.9992852037169406
987_O-122	6.0	5.0	1.5943845167402322	0.6654300549463559	0.9986504723346828
988_O-122	4.0	4.0	1.588580698640078	0.6655379551938501	0.9993145990404386
989_O-122	4.0	4.0	1.5840876109538404	0.6633881887437212	0.9992831541218637
98_O-122	9.0	6.0	1.598169066533752	0.664388886827101	0.997943797121316
990_O-122	6.0	5.0	1.58973407057562	0.6629372243536878	0.9985029940119761
991_O-122	4.0	4.0	1.5871279237368694	0.6647864152414753	0.9992947813822285
992_O-122	4.0	4.0	1.5877139590850808	0.6650580309314131	0.9992912827781715
993_O-122	9.0	6.0	1.5997879946578302	0.6650025409589727	0.9979296066252588
994_O-122	4.0	4.0	1.5951353450567127	0.6662744576146585	1.0
995_O-122	6.0	5.0	1.5925479741516892	0.664223066419243	0.9985207100591716
996_O-122	9.0	6.0	1.6027755206228527	0.6663504265148585	0.9979181124219292
997_O-122	5.0	5.0	1.603043541232777	0.667467788924013	0.9993451211525868
998_O-122	4.0	4.0	1.5824855597789875	0.6627763022742528	0.9993045897079277
999_O-122	6.0	5.0	1.5932211276956771	0.6647372982689854	0.9985835694050992
99_O-122	5.0	5.0	1.5945937760690834	0.6631039315021998	0.9992784992784993
9_O-122	6.0	5.0	1.5976680706521291	0.6667138801600132	0.9985775248933144
