	chao1	observed_otus	shannon	simpson	goods_coverage
1000_O-39	10.0	10.0	3.1659571010506276	0.8759617188966035	1.0
100_O-39	11.0	11.0	3.254719892333008	0.8848032174662454	0.9830508474576272
101_O-39	10.0	10.0	3.0199948941800847	0.8537455410225921	1.0
102_O-39	10.0	10.0	2.983589002168411	0.8459171597633135	0.9846153846153847
103_O-39	10.0	10.0	3.0724404811102217	0.8620037807183365	1.0
104_O-39	10.5	10.0	2.996105543878211	0.8565936178392926	0.9607843137254902
105_O-39	10.0	10.0	2.8400431339155867	0.8216666666666667	0.9833333333333333
106_O-39	10.0	10.0	3.1150664225842415	0.8737244897959184	0.9821428571428571
107_O-39	9.0	9.0	2.9309835614584006	0.8548387096774194	1.0
108_O-39	10.0	10.0	2.929706556916506	0.8402766065103727	0.987012987012987
109_O-39	11.0	11.0	3.097751673200125	0.8629704108014938	0.9830508474576272
10_O-39	10.0	10.0	3.1347092982428966	0.871037242228378	1.0
110_O-39	11.0	11.0	3.142161162920047	0.869118442401298	0.9883720930232558
111_O-39	11.0	11.0	3.310813622394219	0.8922222222222222	0.9833333333333333
112_O-39	11.5	10.0	2.624568342958388	0.7789248843004628	0.9433962264150944
113_O-39	11.0	11.0	3.2748336902074184	0.8839111111111111	1.0
114_O-39	11.0	11.0	3.2110228830458483	0.8784	0.98
115_O-39	8.0	8.0	2.6101143274987684	0.8085612366230678	0.9827586206896551
116_O-39	11.5	11.0	3.1805459540273744	0.8732638888888888	0.9583333333333334
117_O-39	10.0	10.0	3.1016417331025914	0.8709375	1.0
118_O-39	11.0	11.0	3.3676284754154118	0.8977777777777778	1.0
119_O-39	11.0	11.0	3.1446031118612714	0.8696586938994895	0.9836065573770492
11_O-39	10.0	10.0	3.1080119507161843	0.870748299319728	1.0
120_O-39	10.0	10.0	3.119507766524555	0.8728373702422145	1.0
121_O-39	10.0	10.0	3.1146969052745535	0.8663494809688581	1.0
122_O-39	10.0	10.0	2.854287713850844	0.8276135687363618	1.0
123_O-39	9.0	9.0	2.903974334995377	0.8418314255983351	1.0
124_O-39	11.0	11.0	3.205421834965999	0.8779675135360266	0.9795918367346939
125_O-39	10.0	10.0	3.1841021425665508	0.8788107835726884	1.0
126_O-39	11.0	11.0	3.1154396167353133	0.8586685653257387	0.9811320754716981
127_O-39	11.0	11.0	3.2714452464935717	0.8857206504789485	1.0
128_O-39	9.0	9.0	2.915718625678518	0.8521449396084965	0.9795918367346939
129_O-39	9.0	9.0	3.036783994242529	0.8678993094230341	1.0
12_O-39	11.0	11.0	3.196949127477516	0.8734211233539371	0.9836065573770492
130_O-39	11.0	11.0	3.217844092657393	0.8796471329552615	0.9855072463768116
131_O-39	10.0	10.0	3.0971728539924865	0.87	0.9875
132_O-39	9.0	9.0	3.048467254327241	0.8698649813272048	1.0
133_O-39	11.0	11.0	3.2387034116067914	0.8792924037460979	1.0
134_O-39	10.0	10.0	3.090507178899451	0.8677685950413223	1.0
135_O-39	10.0	10.0	3.096604630336916	0.8641195058891122	1.0
136_O-39	11.0	11.0	3.256408792381986	0.8834375	1.0
137_O-39	11.0	11.0	3.1634621850138114	0.8720856962822936	0.9855072463768116
138_O-39	11.0	11.0	3.1765392380015576	0.8716528162511542	0.9824561403508771
139_O-39	10.0	10.0	3.1787806768070497	0.8786159169550173	1.0
13_O-39	11.0	11.0	3.1719794864783735	0.8694119532126261	1.0
140_O-39	10.0	10.0	2.943732802777085	0.8470507544581619	0.9814814814814815
141_O-39	10.0	10.0	3.1824143474212887	0.8807813846595806	1.0
142_O-39	10.0	10.0	3.0184389243234526	0.853798849434636	1.0
143_O-39	8.0	8.0	2.7993189841394925	0.83984375	1.0
144_O-39	11.333333333333334	11.0	3.1226536729574965	0.871756109851348	0.9682539682539683
145_O-39	10.5	10.0	2.965427479939106	0.8492530556813038	0.9574468085106383
146_O-39	11.333333333333334	11.0	3.1714157579936733	0.8691650230111768	0.9487179487179487
147_O-39	11.0	11.0	3.280884853735352	0.8863964108315975	1.0
148_O-39	10.0	10.0	3.147389810251449	0.8738025822573927	1.0
149_O-39	9.0	9.0	3.0373261452560083	0.86875	1.0
14_O-39	11.0	11.0	3.1304708220197957	0.864883401920439	1.0
150_O-39	11.0	11.0	3.3331872234329674	0.89375	1.0
151_O-39	11.5	11.0	3.1209132974675167	0.8675667911519678	0.9661016949152542
152_O-39	11.0	11.0	3.208291831166107	0.8739956172388604	1.0
153_O-39	10.0	10.0	3.1054481770523465	0.867044738500315	1.0
154_O-39	10.0	10.0	3.090140194811035	0.8686365254538981	0.9811320754716981
155_O-39	10.0	10.0	3.1937352421489758	0.88035360463344	1.0
156_O-39	10.0	10.0	3.12620520220695	0.8714792899408283	1.0
157_O-39	10.0	10.0	2.924675387318204	0.8406658739595719	0.9827586206896551
158_O-39	10.0	10.0	3.132911774158201	0.8728888888888888	1.0
159_O-39	11.0	11.0	3.0182294377451795	0.8445675592489997	1.0
15_O-39	10.0	10.0	3.1652331444786665	0.8766909469302809	1.0
160_O-39	10.0	10.0	2.990112226173312	0.8532778355879292	0.9838709677419355
161_O-39	11.0	11.0	3.220323445587542	0.8745393366447685	1.0
162_O-39	10.0	10.0	2.9640556441659145	0.8480350818013156	0.987012987012987
163_O-39	11.0	11.0	3.1640862428445637	0.86420395421436	0.9838709677419355
164_O-39	11.0	11.0	3.186554366114002	0.8735207100591716	0.9807692307692307
165_O-39	9.0	9.0	2.98408690734505	0.8593805624777501	1.0
166_O-39	11.0	11.0	3.1395455881711856	0.8648393194706995	0.9782608695652174
167_O-39	10.0	10.0	2.8974286956706083	0.8300777147658055	0.9855072463768116
168_O-39	10.0	10.0	3.0019268335244265	0.8472766108935564	1.0
169_O-39	10.0	10.0	3.1590913690395133	0.8762130177514793	1.0
16_O-39	10.2	10.0	2.799458000080889	0.8256	0.96
170_O-39	11.25	11.0	3.073294175306637	0.8568	0.96
171_O-39	11.0	11.0	3.2900732657682106	0.8904267589388697	0.9803921568627451
172_O-39	11.0	11.0	3.2037711312818242	0.8788888888888889	0.9833333333333333
173_O-39	10.0	10.0	3.211515873587295	0.8858024691358024	1.0
174_O-39	10.0	10.0	3.0054198868905226	0.8545333036310983	1.0
175_O-39	11.0	11.0	3.207888751794066	0.8815426997245179	0.9848484848484849
176_O-39	10.0	10.0	3.182451295684244	0.882876468494126	0.9811320754716981
177_O-39	10.0	10.0	2.912259588392617	0.8335932278903988	1.0
178_O-39	11.0	11.0	3.248873355382988	0.8816666666666667	1.0
179_O-39	11.0	11.0	3.152377903533378	0.8600823045267489	1.0
17_O-39	10.0	10.0	2.7778620674454055	0.8166666666666667	0.9833333333333333
180_O-39	11.0	11.0	3.2648427827501565	0.8794831811093785	1.0
181_O-39	9.0	9.0	3.1001554164956415	0.8777439512898574	1.0
182_O-39	11.0	11.0	3.274340773037432	0.8846280991735538	1.0
183_O-39	10.0	10.0	3.0575222649643083	0.8610586011342155	0.9782608695652174
184_O-39	11.333333333333334	11.0	2.9781203160622782	0.8399885090491238	0.9661016949152542
185_O-39	10.0	10.0	3.0211144039433724	0.8573127229488704	0.9827586206896551
186_O-39	10.0	10.0	3.059121802293525	0.8688271604938271	0.9861111111111112
187_O-39	9.0	9.0	2.8848152921314028	0.8401920438957475	1.0
188_O-39	11.0	11.0	3.0583601693048466	0.8524590163934426	0.9836065573770492
189_O-39	10.0	10.0	3.0306435568461962	0.8593777777777778	0.9866666666666667
18_O-39	11.25	11.0	2.9423429045922416	0.8422931957944852	0.971830985915493
190_O-39	11.333333333333334	11.0	3.003161422018249	0.8448275862068966	0.9655172413793104
191_O-39	10.0	10.0	3.085292960404076	0.864378698224852	1.0
192_O-39	10.0	10.0	2.9277820273653683	0.84326171875	0.984375
193_O-39	11.0	11.0	3.2661300793157952	0.8813775510204082	1.0
194_O-39	10.0	10.0	3.0927886210242956	0.8653644192396556	1.0
195_O-39	11.0	11.0	3.056546696308741	0.8415217939027463	1.0
196_O-39	12.0	11.0	3.10293567963794	0.8620118343195267	0.9692307692307692
197_O-39	11.0	11.0	3.262424418480244	0.8823646101963896	1.0
198_O-39	10.0	10.0	3.030465515770249	0.8603316326530612	0.9821428571428571
199_O-39	11.0	11.0	3.1807260477147024	0.8687326782564878	1.0
19_O-39	9.0	9.0	2.7550289263715935	0.8068181818181819	0.9772727272727273
1_O-39	10.0	10.0	3.122859435424905	0.871756109851348	1.0
200_O-39	11.0	11.0	3.165154850809474	0.8697978596908442	0.9827586206896551
201_O-39	10.5	10.0	2.9471421110978135	0.8473663975394079	0.9607843137254902
202_O-39	14.0	11.0	3.0069733798222216	0.8515625	0.953125
203_O-39	9.0	9.0	2.9096339151943034	0.8516666666666666	0.9833333333333333
204_O-39	11.0	11.0	3.2799647980180895	0.8886576482830385	0.9838709677419355
205_O-39	11.0	11.0	3.146819643428197	0.8654545454545455	1.0
206_O-39	10.0	10.0	3.0885480604897806	0.8683431952662722	0.9807692307692307
207_O-39	11.0	11.0	3.1405180192884465	0.8647805747382491	1.0
208_O-39	11.0	11.0	3.1554340112911605	0.8732457117398085	0.9850746268656716
209_O-39	11.0	11.0	3.2498155959217665	0.884989269031688	1.0
20_O-39	11.0	11.0	3.122199762765755	0.8611880578639581	1.0
210_O-39	9.0	9.0	2.7524487114079195	0.8264046359284455	0.9841269841269842
211_O-39	10.0	10.0	3.050978070807848	0.859504132231405	0.9818181818181818
212_O-39	9.0	9.0	2.8543409038502343	0.8270321361058601	1.0
213_O-39	10.0	9.0	2.8619404173052736	0.8485952133194589	0.967741935483871
214_O-39	9.0	9.0	2.785308730736174	0.8146938775510204	0.9714285714285714
215_O-39	11.5	11.0	3.0924007012869366	0.8626713249126579	0.9672131147540983
216_O-39	11.0	11.0	3.0935231758234165	0.8541940326515294	1.0
217_O-39	10.0	10.0	2.943739700432684	0.8366285119667014	1.0
218_O-39	10.0	10.0	3.0822424288284176	0.8636503539550631	1.0
219_O-39	11.0	11.0	3.096455367413606	0.8545333036310983	0.9850746268656716
21_O-39	11.0	11.0	3.0492154846211803	0.8566732412886259	0.9871794871794872
220_O-39	9.0	9.0	2.8956400332086782	0.8371157713300775	1.0
221_O-39	11.0	11.0	3.168047498790606	0.8689986282578875	0.9814814814814815
222_O-39	11.0	11.0	3.0879459176732045	0.8594290657439446	0.9852941176470589
223_O-39	10.0	10.0	3.076343171492857	0.8644470868014269	1.0
224_O-39	9.333333333333334	9.0	2.8159220638351665	0.8222222222222222	0.9333333333333333
225_O-39	11.0	11.0	3.1289290375457712	0.8645833333333333	1.0
226_O-39	9.0	9.0	2.8665428106725988	0.8440103418557885	0.9830508474576272
227_O-39	10.0	10.0	3.0299765784080606	0.86376953125	0.984375
228_O-39	9.0	9.0	3.0423653084782147	0.8693485226059096	1.0
229_O-39	11.0	11.0	3.2387889699221235	0.8796406394503897	1.0
22_O-39	10.0	10.0	3.122735342992651	0.8756377551020409	0.9821428571428571
230_O-39	11.0	11.0	3.2162704616867193	0.88	1.0
231_O-39	10.0	10.0	3.078602969954025	0.8675506782502668	1.0
232_O-39	10.5	10.0	2.959434353213552	0.8544378698224853	0.9692307692307692
233_O-39	10.0	10.0	3.0046962067504324	0.8489256198347108	1.0
234_O-39	11.0	11.0	3.242169088263149	0.8819204152249135	1.0
235_O-39	10.0	10.0	3.118518556898168	0.8738425925925926	1.0
236_O-39	10.0	10.0	3.0089785779511407	0.8571428571428572	0.9821428571428571
237_O-39	10.0	10.0	3.118090031925268	0.87146614069691	1.0
238_O-39	10.0	10.0	2.9932477938100046	0.8450413223140496	0.9772727272727273
239_O-39	11.0	11.0	3.1114272212401284	0.8615165539337842	0.9811320754716981
23_O-39	11.0	11.0	3.057192308306191	0.8509861212563915	0.9864864864864865
240_O-39	9.0	9.0	2.967554699649682	0.8589965397923875	1.0
241_O-39	11.0	11.0	3.2024470536499394	0.8754463348036127	1.0
242_O-39	10.0	10.0	3.039713958364741	0.8532235939643347	1.0
243_O-39	11.0	11.0	3.257550768040066	0.8816884661117717	0.9827586206896551
244_O-39	11.0	11.0	3.3302234704100644	0.889348025711662	1.0
245_O-39	11.0	11.0	3.218942368655129	0.8807776234874033	0.9859154929577465
246_O-39	10.0	10.0	3.0609588571349216	0.8688271604938271	0.9861111111111112
247_O-39	11.0	11.0	3.0902907702259146	0.8511966701352758	1.0
248_O-39	11.0	11.0	3.156013268756423	0.8696376509787589	0.9795918367346939
249_O-39	10.0	10.0	3.113698910017613	0.8719526627218934	1.0
24_O-39	11.0	11.0	3.147259671914628	0.8653549382716049	1.0
250_O-39	10.0	10.0	3.213567519064914	0.88525390625	1.0
251_O-39	10.0	9.0	2.7806970617927367	0.8244170096021948	0.962962962962963
252_O-39	10.0	10.0	2.902881439459612	0.8304358780549257	1.0
253_O-39	10.0	10.0	3.091238002585826	0.8675667911519678	1.0
254_O-39	11.0	11.0	3.033354119799223	0.8517865726646371	1.0
255_O-39	10.0	10.0	3.119127645090811	0.8714416896235078	1.0
256_O-39	10.0	10.0	3.1725582436409456	0.8794444444444445	1.0
257_O-39	10.0	10.0	3.238517753746171	0.8888888888888888	1.0
258_O-39	11.0	11.0	3.176688407959366	0.8733459357277883	1.0
259_O-39	11.0	11.0	3.223617555308499	0.8819304797471991	0.9830508474576272
25_O-39	9.5	9.0	2.5878738436346107	0.7920661157024793	0.9636363636363636
260_O-39	9.0	9.0	3.001613847310315	0.8622448979591837	1.0
261_O-39	10.0	10.0	3.1164914238315826	0.8724279835390947	0.9814814814814815
262_O-39	11.5	11.0	2.947852631956577	0.8202096210696049	0.9672131147540983
263_O-39	10.0	10.0	3.013267629177993	0.8577994829072105	0.9830508474576272
264_O-39	11.0	11.0	3.128491694282497	0.866112650046168	0.9824561403508771
265_O-39	10.0	10.0	3.081107718817889	0.8686087990487514	0.9827586206896551
266_O-39	9.0	9.0	2.8200884408210123	0.8341333333333333	0.9866666666666667
267_O-39	10.0	10.0	2.9528610174737233	0.837465564738292	1.0
268_O-39	10.0	9.0	2.773206895875523	0.8283333333333334	0.9666666666666667
269_O-39	10.0	10.0	3.0866850947574536	0.8654336734693877	1.0
26_O-39	11.0	11.0	3.150828115334257	0.8655489809335963	0.9871794871794872
270_O-39	9.0	9.0	2.811398010919092	0.8288	0.98
271_O-39	10.0	10.0	3.142035932165452	0.87353515625	1.0
272_O-39	9.0	9.0	2.8490885219739885	0.8392937980986872	0.9787234042553191
273_O-39	10.5	10.0	2.7663403501272907	0.8206018518518519	0.9722222222222222
274_O-39	9.0	9.0	2.9767092283297645	0.8626634958382877	0.9827586206896551
275_O-39	8.0	8.0	2.757875422274489	0.831275720164609	1.0
276_O-39	11.0	11.0	3.154872649467375	0.8689795918367347	1.0
277_O-39	12.0	9.0	2.7917643763970963	0.8235294117647058	0.9117647058823529
278_O-39	8.0	8.0	2.924052087371135	0.8628257887517147	1.0
279_O-39	10.0	10.0	2.98467566761931	0.8532235939643347	0.9814814814814815
27_O-39	10.0	10.0	3.0999793979792027	0.8657988165680472	1.0
280_O-39	11.5	10.0	2.83955201268605	0.8275237664101404	0.9361702127659575
281_O-39	11.0	11.0	3.1563322247900762	0.8725057760974585	0.9855072463768116
282_O-39	10.0	10.0	2.973420719157507	0.8488520408163265	0.9821428571428571
283_O-39	10.0	10.0	3.1414619563276256	0.8738868141338696	1.0
284_O-39	10.0	10.0	2.9153803089084773	0.8416568047337278	0.9846153846153847
285_O-39	10.0	10.0	2.9284606725644937	0.842449464922711	0.9827586206896551
286_O-39	11.0	11.0	2.9505042699568094	0.8269230769230769	0.9807692307692307
287_O-39	11.0	11.0	3.181223595975987	0.8694598337950139	1.0
288_O-39	11.0	11.0	3.054471651110518	0.849186901314324	0.9850746268656716
289_O-39	11.0	11.0	3.245075755850543	0.884969037342841	0.9863013698630136
28_O-39	8.0	8.0	2.7950101402603247	0.8389081122645137	1.0
290_O-39	11.0	11.0	3.23039771125992	0.8796875	1.0
291_O-39	10.0	10.0	3.1669958555334285	0.8759618344105878	1.0
292_O-39	11.0	11.0	3.2319461881351814	0.8806584362139918	1.0
293_O-39	10.0	10.0	3.1372761215450917	0.8767951625094482	0.9841269841269842
294_O-39	9.0	9.0	2.8431453096277757	0.8317580340264651	1.0
295_O-39	10.0	10.0	3.0282565027628032	0.8597500495933347	0.9859154929577465
296_O-39	10.0	10.0	2.9757157199135102	0.8535353535353536	0.9848484848484849
297_O-39	10.0	10.0	3.0333481109868403	0.8523419449695442	0.9855072463768116
298_O-39	7.0	7.0	2.4158639607192516	0.7792980368828079	1.0
299_O-39	11.0	11.0	3.1840601671178286	0.8730489073881373	0.9838709677419355
29_O-39	11.0	11.0	3.0211017333616668	0.8461111111111111	0.9833333333333333
2_O-39	11.0	10.0	2.925223157231432	0.8416666666666667	0.9666666666666667
300_O-39	11.0	11.0	3.0415773416180407	0.8420583648919582	0.9850746268656716
301_O-39	9.0	9.0	2.992982541345256	0.8615165539337842	1.0
302_O-39	11.0	11.0	3.0501130745328933	0.853515625	0.984375
303_O-39	10.0	10.0	3.04905971782055	0.8544423440453686	1.0
304_O-39	10.0	10.0	3.217155689496036	0.8858131487889274	1.0
305_O-39	11.0	11.0	3.132029509763884	0.8609402896250744	1.0
306_O-39	10.0	10.0	3.031579805813121	0.8598797059478727	0.9850746268656716
307_O-39	11.0	11.0	3.295479527427068	0.88916015625	1.0
308_O-39	10.0	10.0	3.1856152972565708	0.881909950328473	1.0
309_O-39	10.0	10.0	3.049741990893844	0.8602430555555556	0.9791666666666666
30_O-39	10.0	10.0	3.1282526264214785	0.8754463348036127	0.9855072463768116
310_O-39	11.0	11.0	3.1348635647960563	0.8633217993079585	1.0
311_O-39	11.0	11.0	3.2136382277348288	0.8747165532879819	1.0
312_O-39	10.0	10.0	2.9488181572112437	0.8457339844872163	0.9830508474576272
313_O-39	11.0	11.0	3.0496120527904633	0.8505859375	1.0
314_O-39	11.0	11.0	3.158802416023836	0.8732698961937716	0.9852941176470589
315_O-39	10.0	10.0	3.012496038621627	0.8511242603550295	1.0
316_O-39	9.0	9.0	2.9380865861497396	0.8508465466272508	1.0
317_O-39	11.0	11.0	3.10330000710236	0.8521038044847569	1.0
318_O-39	13.0	10.0	2.925213001936782	0.8432	0.94
319_O-39	11.5	11.0	3.1905043533466895	0.88	0.9692307692307692
31_O-39	9.0	9.0	2.5861954919817953	0.7877526753864447	0.9827586206896551
320_O-39	11.333333333333334	11.0	3.0580324397179877	0.858110187750077	0.9649122807017544
321_O-39	11.0	11.0	3.039249081888957	0.8560993425858291	0.9864864864864865
322_O-39	10.0	10.0	3.0889032212826772	0.8667820069204152	1.0
323_O-39	10.0	10.0	3.1265553892502584	0.8760493827160494	0.9777777777777777
324_O-39	10.0	10.0	3.072367072430647	0.8650416171224733	1.0
325_O-39	11.0	11.0	3.2014914175333327	0.8710180441078191	1.0
326_O-39	10.5	10.0	2.9342654234617114	0.85	0.9666666666666667
327_O-39	10.0	10.0	3.0545897902655623	0.8637392485287461	0.9787234042553191
328_O-39	11.0	11.0	3.2493723579650307	0.8827777777777778	1.0
329_O-39	11.0	11.0	3.1617183156759907	0.8684556201914055	1.0
32_O-39	9.0	9.0	2.894083698388017	0.844297520661157	0.9818181818181818
330_O-39	8.0	8.0	2.7241790728662956	0.8281430219146482	0.9803921568627451
331_O-39	10.0	9.0	2.8152084707948033	0.8306213017751479	0.9615384615384616
332_O-39	9.0	9.0	2.82394621856945	0.8294444444444444	1.0
333_O-39	11.0	11.0	3.1929001898056177	0.8678459937565036	1.0
334_O-39	9.0	9.0	2.8735976893987334	0.8410178886369363	1.0
335_O-39	9.0	9.0	2.9537527257515057	0.8579758433985839	0.9795918367346939
336_O-39	10.0	10.0	2.954599581012132	0.8458184700753072	1.0
337_O-39	9.0	9.0	2.968555679948513	0.8598797059478726	1.0
338_O-39	11.0	11.0	3.1752283006912982	0.870986920332937	0.9827586206896551
339_O-39	13.0	10.0	2.906495760962361	0.844	0.94
33_O-39	10.0	10.0	2.9659556292016447	0.85194220303997	0.9863013698630136
340_O-39	11.0	11.0	3.2655212502515036	0.8823668639053255	1.0
341_O-39	10.0	10.0	2.731165955371866	0.7927295918367347	0.9821428571428571
342_O-39	10.0	10.0	3.080927057319561	0.8655555555555555	0.9833333333333333
343_O-39	10.0	10.0	2.9729085277261174	0.8487413677879261	1.0
344_O-39	10.0	10.0	3.0099580587625328	0.8525700215450909	1.0
345_O-39	11.0	11.0	3.2508807522862333	0.8827331486611265	1.0
346_O-39	10.0	10.0	3.02442001744878	0.8521070341291459	1.0
347_O-39	10.0	10.0	2.9958525580519617	0.8531510107015458	0.9827586206896551
348_O-39	10.0	10.0	2.9463988803082706	0.8428819444444444	0.9791666666666666
349_O-39	11.333333333333334	11.0	3.0578858935343614	0.8579604578563995	0.967741935483871
34_O-39	10.0	10.0	3.0014485151529025	0.8501842653420927	0.9873417721518988
350_O-39	10.0	10.0	2.8990441309778037	0.8372190716236084	0.9855072463768116
351_O-39	11.0	11.0	3.3300993795936784	0.892	1.0
352_O-39	11.0	11.0	3.3173937078781344	0.8929150892374256	1.0
353_O-39	12.0	11.0	2.983286582775798	0.839891975308642	0.9722222222222222
354_O-39	9.0	9.0	2.9754930134691757	0.8518518518518519	1.0
355_O-39	11.0	11.0	3.2188576370368494	0.8776036500694306	1.0
356_O-39	11.0	10.0	2.9968106538731054	0.8582248520710059	0.9692307692307692
357_O-39	11.0	11.0	3.2385083153131156	0.8799048751486326	1.0
358_O-39	11.0	11.0	3.2793305722651422	0.8861528082307303	1.0
359_O-39	11.0	11.0	3.150414660915905	0.8654336734693877	0.9821428571428571
35_O-39	11.0	11.0	2.988766892601942	0.834319526627219	0.9807692307692307
360_O-39	11.0	11.0	3.2928007450642567	0.8856829802775749	1.0
361_O-39	10.0	10.0	3.0851226654106503	0.8688888888888888	0.9833333333333333
362_O-39	10.5	10.0	2.9529092031011137	0.8503090567051867	0.9672131147540983
363_O-39	10.0	10.0	3.1070059183749406	0.86279296875	1.0
364_O-39	11.0	11.0	3.109898548542633	0.8601652892561984	0.9818181818181818
365_O-39	11.0	11.0	3.2120933091951014	0.875	1.0
366_O-39	10.0	10.0	3.1707019012070212	0.8757716049382716	1.0
367_O-39	10.0	10.0	2.877870376134857	0.8328554562320796	1.0
368_O-39	11.0	11.0	3.147109195599995	0.8632640201638311	1.0
369_O-39	10.0	10.0	2.915986542969351	0.8320343993550121	0.9836065573770492
36_O-39	10.0	10.0	3.1043444895160777	0.8653061224489795	1.0
370_O-39	10.0	10.0	3.13102697358502	0.8741151123422591	1.0
371_O-39	11.0	11.0	3.350115251893512	0.896	1.0
372_O-39	11.0	11.0	3.224500651793587	0.8760330578512396	1.0
373_O-39	9.0	9.0	2.87829757027802	0.8464	0.98
374_O-39	10.0	10.0	2.9946601702807603	0.8525700215450909	0.9824561403508771
375_O-39	10.0	10.0	3.1531789564565273	0.8775510204081632	1.0
376_O-39	10.0	10.0	3.0411262397329306	0.8603316326530612	0.9821428571428571
377_O-39	10.0	10.0	3.0260341128511556	0.8549788371574961	1.0
378_O-39	10.0	10.0	2.9365683331237085	0.8454221165279429	0.9827586206896551
379_O-39	10.0	10.0	2.935009838009079	0.8431952662721893	0.9807692307692307
37_O-39	11.0	11.0	3.2643775931744683	0.8848032174662454	0.9830508474576272
380_O-39	11.0	11.0	3.238737936309548	0.8806611570247934	1.0
381_O-39	10.0	10.0	2.822073520343391	0.8256	0.9866666666666667
382_O-39	11.0	11.0	3.2022590993000875	0.8748264233287046	1.0
383_O-39	9.0	9.0	2.968356719526683	0.8533163265306123	1.0
384_O-39	10.0	10.0	2.9672415910594805	0.8515017853392144	0.9855072463768116
385_O-39	11.0	11.0	3.19694036357618	0.87744140625	0.984375
386_O-39	10.0	10.0	3.0272218366831574	0.8496459808413162	1.0
387_O-39	10.0	10.0	2.9622957696923895	0.8488520408163265	1.0
388_O-39	10.0	10.0	3.1188434077324096	0.8753719008264463	0.9818181818181818
389_O-39	11.0	11.0	3.155925041227209	0.865	1.0
38_O-39	11.0	11.0	3.065254586133821	0.8583333333333334	0.9833333333333333
390_O-39	11.25	11.0	3.027998636416962	0.8515702479338844	0.9636363636363636
391_O-39	10.0	10.0	3.033926272823455	0.8538775510204082	1.0
392_O-39	10.0	10.0	3.113919615297673	0.873070987654321	1.0
393_O-39	11.5	11.0	3.03188787884723	0.8537981269510926	0.967741935483871
394_O-39	11.0	11.0	3.302591166205005	0.8878116343490305	1.0
395_O-39	10.0	10.0	3.096674663207436	0.8654545454545455	0.9818181818181818
396_O-39	11.0	11.0	3.2642660410919855	0.8857142857142857	1.0
397_O-39	10.0	10.0	2.9404458573540606	0.8445290858725762	1.0
398_O-39	9.0	9.0	2.8813649124486407	0.8379841732611412	1.0
399_O-39	11.0	11.0	3.2150271047622665	0.8766909469302809	0.9838709677419355
39_O-39	10.0	10.0	2.9203063576829247	0.8485714285714285	0.9857142857142858
3_O-39	10.0	10.0	3.0603241369506646	0.8572222222222222	1.0
400_O-39	10.0	10.0	3.0706490237615602	0.8611111111111112	1.0
401_O-39	9.0	9.0	2.896848289609947	0.8370986920332937	1.0
402_O-39	11.0	11.0	3.19856676343296	0.8754109138724523	1.0
403_O-39	10.0	10.0	3.0814163815431566	0.8667296786389413	0.9782608695652174
404_O-39	11.0	11.0	3.1544906046567482	0.872732426303855	1.0
405_O-39	11.0	11.0	2.8910204683515497	0.8192041522491349	1.0
406_O-39	11.0	11.0	3.1368999955790193	0.86181640625	1.0
407_O-39	9.0	9.0	2.937084542691339	0.8537455410225921	1.0
408_O-39	11.0	11.0	3.098393847974173	0.859375	0.984375
409_O-39	9.0	9.0	2.989911425519563	0.8587257617728532	1.0
40_O-39	10.0	10.0	3.0946438025409595	0.8685121107266436	1.0
410_O-39	10.0	10.0	3.1448488893257025	0.879247015610652	0.9848484848484849
411_O-39	10.0	10.0	3.0367338440387206	0.8608815426997245	0.9848484848484849
412_O-39	9.0	9.0	2.9917546492711113	0.8620242214532872	1.0
413_O-39	10.333333333333334	10.0	2.864142680173027	0.8274793388429752	0.9545454545454546
414_O-39	8.0	8.0	2.725302096385634	0.8323424494649228	0.9827586206896551
415_O-39	10.0	10.0	3.0079235654413843	0.8488520408163265	0.9821428571428571
416_O-39	8.0	8.0	2.878936385427369	0.8542148760330579	1.0
417_O-39	10.0	10.0	3.1383854796946107	0.8741349480968859	1.0
418_O-39	11.0	11.0	3.0580027784383996	0.8576989619377162	0.9852941176470589
419_O-39	11.0	11.0	2.9885994750786784	0.8445452254976065	0.9841269841269842
41_O-39	10.0	10.0	2.864438816731223	0.8307957483481757	0.9830508474576272
420_O-39	10.0	10.0	3.0154620138496084	0.8595679012345678	0.9861111111111112
421_O-39	11.0	11.0	3.1051833871599404	0.8618827160493827	1.0
422_O-39	11.0	11.0	3.2029887723599146	0.8742905446202149	1.0
423_O-39	10.0	10.0	3.1107512543783393	0.8727705112960761	0.9827586206896551
424_O-39	10.0	10.0	3.014608339100554	0.8576467624086672	1.0
425_O-39	11.0	11.0	3.310848383785713	0.8912591050988554	1.0
426_O-39	10.0	10.0	3.1829891239902066	0.8809349890430972	1.0
427_O-39	10.0	10.0	3.1211436676359257	0.8754325259515571	0.9852941176470589
428_O-39	12.0	11.0	3.1364875569273334	0.8702040816326531	0.9714285714285714
429_O-39	11.0	11.0	3.127608139602521	0.865916955017301	1.0
42_O-39	10.0	10.0	3.0233623527669686	0.8533163265306123	1.0
430_O-39	10.0	10.0	3.106852670664654	0.8732394366197183	0.9859154929577465
431_O-39	11.0	11.0	3.273827247416188	0.8872452333990796	1.0
432_O-39	11.0	11.0	3.2985407412523577	0.8895060503868281	1.0
433_O-39	11.0	11.0	3.2970602331190606	0.8865877712031558	1.0
434_O-39	8.0	8.0	2.8490782457290407	0.84940138626339	1.0
435_O-39	11.0	11.0	3.2093463545695466	0.8746666666666667	1.0
436_O-39	11.0	11.0	3.2700085615979795	0.8844953173777316	1.0
437_O-39	10.0	10.0	3.1323938831513374	0.8728836334318731	1.0
438_O-39	10.0	10.0	3.113990644424628	0.8692033293697978	0.9827586206896551
439_O-39	8.0	8.0	2.776513264225162	0.8333333333333333	1.0
43_O-39	10.333333333333334	10.0	2.9124304539274184	0.8431952662721893	0.9615384615384616
440_O-39	11.0	10.0	3.0280411073575193	0.8630347799322868	0.9649122807017544
441_O-39	8.0	8.0	2.7347575460837703	0.8154296875	1.0
442_O-39	10.0	10.0	3.1090209494934804	0.8672209624590577	1.0
443_O-39	11.0	11.0	3.251716440544561	0.8816884661117717	1.0
444_O-39	11.0	11.0	3.371794041162346	0.8978052126200274	1.0
445_O-39	10.0	10.0	3.20516407632447	0.8871014076414823	0.9830508474576272
446_O-39	10.0	10.0	2.91572175074808	0.8391836734693877	1.0
447_O-39	10.0	10.0	3.193437100813511	0.8790532544378697	1.0
448_O-39	11.5	11.0	3.1353248721778724	0.8705555555555555	0.9666666666666667
449_O-39	11.0	11.0	3.281338863128994	0.8852071005917159	1.0
44_O-39	11.0	11.0	3.171279298440282	0.8692719698472525	1.0
450_O-39	11.0	11.0	3.1962260952992163	0.8727777777777778	1.0
451_O-39	9.0	9.0	2.8959848403891115	0.8491812697500718	0.9830508474576272
452_O-39	10.0	10.0	3.015340688918306	0.8539644970414201	0.9846153846153847
453_O-39	9.0	9.0	2.890399849365889	0.8422222222222222	1.0
454_O-39	11.0	11.0	3.012209986410684	0.842311111111111	1.0
455_O-39	10.0	10.0	3.060408335838184	0.8652261082646469	0.9850746268656716
456_O-39	11.0	11.0	3.1464239234448668	0.8658284856445863	1.0
457_O-39	8.0	8.0	2.7472495851506102	0.8281632653061225	1.0
458_O-39	10.0	10.0	3.095661322017758	0.8667455621301775	1.0
459_O-39	9.0	9.0	2.947047780856865	0.8520818115412709	1.0
45_O-39	9.0	9.0	2.8071483079945216	0.8287419651056015	1.0
460_O-39	10.0	10.0	3.07591482962503	0.8637152777777778	1.0
461_O-39	11.0	11.0	3.0401500702973108	0.8458526165895337	0.9811320754716981
462_O-39	10.0	10.0	3.1166967231239804	0.873046875	0.984375
463_O-39	10.0	10.0	3.1338071208674956	0.8751486325802615	0.9827586206896551
464_O-39	11.5	10.0	2.860625918002233	0.8350694444444444	0.9375
465_O-39	11.0	11.0	3.108673981555098	0.8610822060353798	0.9838709677419355
466_O-39	13.0	10.0	2.821464711711149	0.8243890148652053	0.9523809523809523
467_O-39	11.0	11.0	3.0484993400890468	0.8506944444444444	0.9861111111111112
468_O-39	11.25	11.0	3.025651481983504	0.8511659807956105	0.962962962962963
469_O-39	10.0	10.0	3.183038107582095	0.88037109375	1.0
46_O-39	11.0	11.0	3.2611273036140096	0.88	1.0
470_O-39	11.0	11.0	3.1707719877780955	0.8662131519274376	1.0
471_O-39	11.0	11.0	3.154647974776231	0.8635449583453031	1.0
472_O-39	11.0	11.0	3.1829103290776946	0.8699271592091571	1.0
473_O-39	11.0	11.0	3.2047553581183177	0.8732897085068412	1.0
474_O-39	10.0	10.0	3.1758776308300347	0.8801652892561983	1.0
475_O-39	10.0	10.0	3.1082620859329744	0.8685837140553615	1.0
476_O-39	11.0	11.0	3.074080169407647	0.8569198751300728	0.9838709677419355
477_O-39	10.0	10.0	2.922451783847308	0.845422116527943	0.9827586206896551
478_O-39	8.0	8.0	2.8984685548763434	0.859375	1.0
479_O-39	10.0	10.0	3.0371935430206456	0.8614744351961949	0.9827586206896551
47_O-39	10.0	10.0	2.8781635868747806	0.8337191358024691	1.0
480_O-39	11.0	11.0	3.252992222758049	0.8821563822677656	1.0
481_O-39	10.333333333333334	10.0	2.9121873771247304	0.8429355281207134	0.962962962962963
482_O-39	11.0	11.0	3.2372660557690645	0.8807111111111111	1.0
483_O-39	10.0	10.0	3.060473522765667	0.8535537190082645	1.0
484_O-39	10.0	10.0	2.9682971171136514	0.8360116873630387	1.0
485_O-39	8.0	8.0	2.7355639978668465	0.8174603174603174	1.0
486_O-39	11.0	11.0	3.1009013509871686	0.8564961521050249	0.9787234042553191
487_O-39	10.0	10.0	3.008737594846366	0.8527284681130836	1.0
488_O-39	12.0	11.0	3.2042088945984117	0.8808532778355879	0.967741935483871
489_O-39	9.0	9.0	2.9415973031421165	0.8543965824136703	1.0
48_O-39	11.0	11.0	3.1642219637329942	0.87109375	0.984375
490_O-39	8.0	8.0	2.763434128126343	0.8363636363636364	0.9818181818181818
491_O-39	10.0	10.0	3.0302694093072633	0.8594341724214747	0.9850746268656716
492_O-39	10.0	10.0	2.869125749288124	0.8191000918273645	1.0
493_O-39	10.0	10.0	3.0409766075392346	0.8580246913580247	1.0
494_O-39	10.0	10.0	3.167282373698695	0.8804081632653061	1.0
495_O-39	9.0	9.0	2.992280172750566	0.8606722206262568	1.0
496_O-39	10.0	10.0	2.9327675755354017	0.8395159690537592	0.9859154929577465
497_O-39	10.0	10.0	3.050555433391534	0.8638888888888889	0.9833333333333333
498_O-39	11.0	11.0	3.2013874911291484	0.8784831944843435	0.9830508474576272
499_O-39	10.25	10.0	2.9026311691171895	0.8398760330578512	0.9545454545454546
49_O-39	10.0	10.0	3.125991202727341	0.8715886239586326	1.0
4_O-39	10.0	10.0	3.1154396167353133	0.8757564969740121	0.9811320754716981
500_O-39	11.0	11.0	3.1462972497041366	0.8659320477502296	1.0
501_O-39	11.0	11.0	3.1088276632896994	0.8605917159763313	1.0
502_O-39	9.0	9.0	2.9122878077231777	0.8424556213017752	1.0
503_O-39	10.0	10.0	2.9761527229697426	0.8527511695255068	0.9850746268656716
504_O-39	11.0	11.0	2.974755085916599	0.8314967860422406	1.0
505_O-39	9.0	9.0	2.93342137317637	0.855127236079617	1.0
506_O-39	10.0	10.0	3.068829259397904	0.8605742165509477	1.0
507_O-39	11.333333333333334	11.0	3.120751368964924	0.8661242603550297	0.9615384615384616
508_O-39	9.5	9.0	2.7865144334196374	0.8210372534696859	0.9459459459459459
509_O-39	10.0	10.0	3.115424871885147	0.8636936255983876	1.0
50_O-39	10.0	10.0	3.0971932305582444	0.8733345843497842	0.9863013698630136
510_O-39	11.0	11.0	3.2030356325076625	0.8771626297577855	1.0
511_O-39	10.0	10.0	3.174593618018129	0.8828402366863906	0.9846153846153847
512_O-39	11.0	11.0	3.2020070680768167	0.873267825648778	1.0
513_O-39	11.0	11.0	3.196425761921258	0.8735207100591715	1.0
514_O-39	9.0	9.0	2.8731473391041633	0.8360969387755102	1.0
515_O-39	10.0	10.0	3.1072306083643553	0.870748299319728	1.0
516_O-39	9.0	9.0	3.07136693300988	0.8738461538461538	1.0
517_O-39	10.0	10.0	3.1197283367882886	0.8718820861678005	1.0
518_O-39	11.0	10.0	2.914224229364867	0.8401920438957476	0.962962962962963
519_O-39	11.0	11.0	3.1487294094478586	0.8715373961218837	0.9868421052631579
51_O-39	11.5	10.0	2.78838759423976	0.8237807048771805	0.9433962264150944
520_O-39	11.0	11.0	3.421266406982562	0.904320987654321	1.0
521_O-39	10.0	10.0	3.064613625823918	0.8574999999999999	0.975
522_O-39	11.0	11.0	3.264961472128745	0.8860482103725347	1.0
523_O-39	10.0	10.0	2.833085784579017	0.8279289940828403	0.9846153846153847
524_O-39	10.0	10.0	3.0770497632448377	0.86	1.0
525_O-39	11.0	11.0	3.0924955509109386	0.85986328125	1.0
526_O-39	11.0	11.0	3.359928239242737	0.8971893491124261	1.0
527_O-39	10.0	10.0	3.237381554556118	0.8888888888888888	1.0
528_O-39	11.0	11.0	3.177453180130231	0.874375	1.0
529_O-39	10.0	10.0	3.1098728692948434	0.8650416171224733	1.0
52_O-39	10.0	10.0	2.9719804751394654	0.8525443786982249	0.9846153846153847
530_O-39	10.0	10.0	3.1110528185266983	0.8674537758966362	1.0
531_O-39	10.0	10.0	2.96493999202338	0.84716796875	0.984375
532_O-39	10.0	10.0	2.9633629758385536	0.8395061728395061	1.0
533_O-39	10.0	10.0	3.152597626559456	0.8738775510204082	1.0
534_O-39	11.5	10.0	2.7830522731732725	0.8232323232323232	0.9545454545454546
535_O-39	11.0	11.0	3.0456659310789385	0.8512110726643598	0.9852941176470589
536_O-39	10.0	10.0	2.9713106477300117	0.8515976331360946	1.0
537_O-39	9.0	9.0	2.8561774894424223	0.8319941563184806	1.0
538_O-39	10.0	10.0	3.0208416999114647	0.8555371900826446	1.0
539_O-39	10.333333333333334	10.0	2.853638935025677	0.8355879292403746	0.967741935483871
53_O-39	10.0	10.0	2.884174949040014	0.8334593096497859	1.0
540_O-39	10.0	10.0	3.2055677903863	0.8834929828469592	1.0
541_O-39	11.0	11.0	3.3393861380138605	0.8946745562130177	1.0
542_O-39	11.0	11.0	3.367633269461244	0.8972385694884564	1.0
543_O-39	11.0	11.0	3.1464172347453703	0.862826046162507	1.0
544_O-39	11.0	10.0	3.0576557424307382	0.868099173553719	0.9636363636363636
545_O-39	10.0	10.0	2.9742531080493864	0.8540877701047004	0.9850746268656716
546_O-39	10.0	10.0	2.968532295815733	0.851860102472711	0.9850746268656716
547_O-39	10.0	10.0	3.033542092950355	0.8555012927319736	1.0
548_O-39	10.0	10.0	3.0807367265603642	0.8641868512110726	1.0
549_O-39	10.0	10.0	3.007303222630598	0.8543965824136703	0.9811320754716981
54_O-39	11.0	11.0	3.230316612048663	0.8809073724007561	1.0
550_O-39	10.0	10.0	3.0744725416043597	0.8635204081632653	1.0
551_O-39	10.0	10.0	2.747570089992127	0.7904652056901191	0.9803921568627451
552_O-39	9.0	9.0	2.748809216510222	0.8169642857142857	0.9821428571428571
553_O-39	9.75	9.0	2.4003098992521807	0.7441860465116279	0.9302325581395349
554_O-39	10.0	10.0	3.1779108148769346	0.8827777777777778	0.9833333333333333
555_O-39	10.0	10.0	2.882411916092631	0.8182397959183674	0.9821428571428571
556_O-39	11.0	11.0	3.10294735745238	0.8562634656817483	1.0
557_O-39	9.0	9.0	2.976614307106763	0.8587278106508875	1.0
558_O-39	10.333333333333334	10.0	2.89213154771788	0.8380177514792899	0.9615384615384616
559_O-39	10.0	10.0	3.1516884494219912	0.8777777777777778	1.0
55_O-39	10.0	10.0	2.9154646598169047	0.8429752066115702	0.9848484848484849
560_O-39	11.0	11.0	3.2545262270450084	0.8817475320310859	1.0
561_O-39	10.0	10.0	3.1163120850431745	0.8729592794145243	1.0
562_O-39	10.0	10.0	3.1498778069900317	0.8768099799509913	1.0
563_O-39	11.5	10.0	2.797265915402702	0.8262226847034339	0.9516129032258065
564_O-39	9.0	9.0	2.7796566120799957	0.819672131147541	1.0
565_O-39	10.0	10.0	3.153158028088347	0.8740851942203041	1.0
566_O-39	9.0	9.0	2.910065972073301	0.8431952662721893	1.0
567_O-39	10.0	10.0	3.0539135006838456	0.8620037807183365	0.9855072463768116
568_O-39	10.0	10.0	3.180205555420937	0.8806611570247934	1.0
569_O-39	10.0	10.0	3.1896925701061765	0.881199538638985	1.0
56_O-39	10.0	10.0	3.006248667465368	0.8567589357699543	0.9836065573770492
570_O-39	11.0	11.0	2.9102007817665667	0.8135593220338984	1.0
571_O-39	11.0	10.0	3.0575623962346414	0.8671386922115785	0.9591836734693877
572_O-39	11.0	11.0	2.945391168863495	0.8331093791991401	0.9836065573770492
573_O-39	12.0	11.0	2.870187112454978	0.8157537347215935	0.9361702127659575
574_O-39	11.333333333333334	11.0	2.9995292684834785	0.8454734651404787	0.967741935483871
575_O-39	10.0	10.0	3.091628353059058	0.8705725105814213	0.9850746268656716
576_O-39	12.5	11.0	3.095095649545759	0.85625	0.925
577_O-39	10.0	10.0	3.205931080828042	0.8844953173777316	1.0
578_O-39	10.333333333333334	10.0	2.8433087370031043	0.8310743801652893	0.9636363636363636
579_O-39	10.0	10.0	3.090776481665038	0.867603550295858	0.9807692307692307
57_O-39	11.0	11.0	3.318722989322955	0.8906962904185678	1.0
580_O-39	8.0	8.0	2.8094701769475177	0.8375510204081633	1.0
581_O-39	11.0	11.0	2.986659667802869	0.8298647242455776	0.9838709677419355
582_O-39	10.0	10.0	3.050190527089097	0.8598236066804279	1.0
583_O-39	11.0	11.0	3.2486734655772054	0.879316482734069	1.0
584_O-39	11.0	11.0	3.254016989711176	0.8851792713020757	1.0
585_O-39	10.0	10.0	3.0369915028440224	0.8607435412728418	1.0
586_O-39	11.0	10.0	3.0127788199047014	0.8559670781893004	0.962962962962963
587_O-39	11.333333333333334	11.0	3.033374291381326	0.8533737024221453	0.9705882352941176
588_O-39	9.0	9.0	2.95113513981918	0.857421875	1.0
589_O-39	11.0	11.0	3.240808751543362	0.8780407626561473	1.0
58_O-39	10.0	10.0	2.991874484794833	0.8552	0.98
590_O-39	11.5	10.0	2.7844605169643635	0.8207471109916689	0.9508196721311475
591_O-39	10.0	10.0	3.1530034881151785	0.8772990677752582	1.0
592_O-39	8.0	8.0	2.762648615429363	0.840877914951989	0.9814814814814815
593_O-39	10.0	10.0	3.138325521005663	0.87646484375	0.984375
594_O-39	10.0	10.0	3.1418712574507195	0.87646484375	1.0
595_O-39	11.0	11.0	3.2127143513997627	0.8779591836734694	0.9857142857142858
596_O-39	10.0	10.0	3.0093558866989714	0.8595213319458896	0.9838709677419355
597_O-39	11.0	11.0	3.178781935680163	0.8750262549884478	1.0
598_O-39	9.0	9.0	2.7812958827484406	0.8229166666666666	0.9791666666666666
599_O-39	10.0	9.0	2.8314702713290223	0.843004627981488	0.9622641509433962
59_O-39	9.0	9.0	2.8382220613548417	0.8311453146220009	0.9787234042553191
5_O-39	10.0	10.0	3.0360318712752394	0.862258953168044	1.0
600_O-39	9.0	9.0	2.9241637085152705	0.8522222222222222	1.0
601_O-39	11.5	11.0	3.117921897303339	0.8682277318640955	0.9696969696969697
602_O-39	9.0	9.0	2.8641752069174484	0.8473469387755102	0.9857142857142858
603_O-39	11.0	11.0	3.163300142005305	0.8668054110301769	0.9838709677419355
604_O-39	9.0	9.0	2.88167306225212	0.8440236686390532	1.0
605_O-39	11.0	11.0	3.1745298647692546	0.8767951625094482	0.9841269841269842
606_O-39	10.0	10.0	3.164549509197455	0.8788004997917535	1.0
607_O-39	11.0	11.0	3.262214473359958	0.8857833915614082	0.9836065573770492
608_O-39	11.0	11.0	3.2457296329160403	0.8808	1.0
609_O-39	10.0	10.0	3.140181674038864	0.8778696051423324	1.0
60_O-39	10.0	10.0	3.1552777604504145	0.87509130752374	1.0
610_O-39	12.0	11.0	3.0398437650806605	0.8544423440453686	0.9710144927536232
611_O-39	10.0	10.0	2.973245377765374	0.8520408163265306	0.9821428571428571
612_O-39	10.0	10.0	3.002371889615371	0.8559027777777778	0.9791666666666666
613_O-39	11.0	11.0	3.350909377088531	0.8974609375	1.0
614_O-39	10.0	10.0	3.003939943645512	0.8572444444444445	0.9866666666666667
615_O-39	11.0	10.0	3.036197907311359	0.8628099173553719	0.9636363636363636
616_O-39	11.5	11.0	3.115455557478639	0.8655692729766804	0.962962962962963
617_O-39	11.0	11.0	3.0973649143739084	0.8629782045419905	1.0
618_O-39	11.5	10.0	2.8514694673916434	0.8379944570420761	0.9523809523809523
619_O-39	11.0	11.0	3.1634970472193307	0.8715625	1.0
61_O-39	10.0	10.0	3.1582231864385997	0.8772309356408869	1.0
620_O-39	10.0	10.0	3.0950434174103663	0.8707482993197279	1.0
621_O-39	11.0	11.0	3.1468681264692564	0.8608815426997245	1.0
622_O-39	10.0	10.0	3.102158171787785	0.8696814435286255	1.0
623_O-39	11.0	11.0	3.2196954087146934	0.880853277835588	0.9838709677419355
624_O-39	10.0	10.0	3.046358372770741	0.8604382929642446	0.9803921568627451
625_O-39	10.0	10.0	3.120217937674553	0.8727777777777778	1.0
626_O-39	10.333333333333334	10.0	2.893311497912624	0.84375	0.9642857142857143
627_O-39	11.0	11.0	3.2622673813539396	0.885	1.0
628_O-39	11.0	11.0	3.2081198851538315	0.8736912452662062	1.0
629_O-39	11.0	10.0	3.0013639386731805	0.8512396694214877	0.9545454545454546
62_O-39	9.0	9.0	2.788042387994801	0.8159487362050551	1.0
630_O-39	11.0	11.0	3.193325958544661	0.8754463348036127	1.0
631_O-39	10.0	10.0	3.216056228196588	0.8857833915614082	1.0
632_O-39	10.0	10.0	3.186608240540301	0.8801775147928994	1.0
633_O-39	9.0	9.0	2.8774584476556546	0.8429355281207134	1.0
634_O-39	10.0	10.0	3.0814892400530405	0.8619761630142253	1.0
635_O-39	9.0	9.0	2.8906770645138904	0.847621607094867	1.0
636_O-39	10.0	10.0	2.978444299176059	0.845	1.0
637_O-39	11.0	10.0	2.9605093254141583	0.8433364112034473	0.9649122807017544
638_O-39	10.0	10.0	2.9175641375834043	0.8406795224977044	1.0
639_O-39	9.0	9.0	3.006087515314964	0.8634319526627219	1.0
63_O-39	11.0	11.0	3.196798373081448	0.8783287419651056	0.9848484848484849
640_O-39	8.0	8.0	2.780585305784051	0.8397502601456815	0.9838709677419355
641_O-39	10.0	10.0	3.12267354386502	0.8741349480968859	0.9852941176470589
642_O-39	10.0	10.0	3.1247339466350175	0.8709825528007347	1.0
643_O-39	10.0	10.0	3.1356783002253867	0.8741367787926042	1.0
644_O-39	9.0	9.0	2.899051170622012	0.8463905325443787	1.0
645_O-39	10.0	10.0	3.060182387656513	0.8641322314049587	0.9818181818181818
646_O-39	11.0	11.0	3.176151897746539	0.8715277777777778	0.9791666666666666
647_O-39	9.0	9.0	2.912151306746035	0.844297520661157	1.0
648_O-39	11.0	11.0	3.3473721595041286	0.8957759412304866	1.0
649_O-39	10.0	10.0	3.1686508576782932	0.8771428571428571	1.0
64_O-39	10.0	10.0	3.148989612612948	0.8757431629013079	1.0
650_O-39	10.0	10.0	3.077382774632147	0.8655555555555555	1.0
651_O-39	11.0	11.0	3.2048748943232344	0.8745541022592151	1.0
652_O-39	10.0	10.0	2.989409506736243	0.8490378893076771	1.0
653_O-39	11.0	11.0	3.272670228059542	0.8861661840053464	1.0
654_O-39	10.0	10.0	3.108190845174369	0.8641344046749453	1.0
655_O-39	10.0	10.0	3.1022880867127935	0.8729085083659666	0.9811320754716981
656_O-39	11.0	11.0	3.2815916248206722	0.887517146776406	0.9814814814814815
657_O-39	11.0	11.0	3.1821650063595754	0.869605142332415	1.0
658_O-39	10.0	10.0	2.962650171490336	0.8508465466272508	0.9836065573770492
659_O-39	9.25	9.0	2.642703651917082	0.7981859410430839	0.9523809523809523
65_O-39	10.0	10.0	2.9565844645334773	0.8534434227810096	0.9863013698630136
660_O-39	10.5	10.0	2.84900112395443	0.8296602387511478	0.9696969696969697
661_O-39	9.0	9.0	2.912240837681238	0.8437166251334994	1.0
662_O-39	11.0	11.0	3.325154950033532	0.8916957807041118	1.0
663_O-39	10.0	9.0	2.899548163078266	0.8528746038931643	0.9574468085106383
664_O-39	10.0	10.0	3.073119753934735	0.8606722206262568	1.0
665_O-39	10.0	10.0	3.100982814479987	0.872260015117158	0.9841269841269842
666_O-39	10.0	10.0	3.03966268258103	0.8608045567817728	0.9811320754716981
667_O-39	10.0	10.0	3.1231992840335034	0.8695652173913043	1.0
668_O-39	11.0	11.0	3.116383482427809	0.8531510107015458	1.0
669_O-39	11.0	11.0	3.147917562210359	0.8677685950413223	1.0
66_O-39	8.0	8.0	2.825496100813657	0.8430046279814881	1.0
670_O-39	10.0	10.0	3.082335855431807	0.8689777777777777	0.9866666666666667
671_O-39	9.0	9.0	3.1074093740415867	0.8790577420281528	1.0
672_O-39	10.0	10.0	3.0685815739962106	0.8608815426997245	1.0
673_O-39	11.0	11.0	3.194912208119876	0.8737997256515775	1.0
674_O-39	11.0	11.0	3.215346286465401	0.8783694937541091	1.0
675_O-39	10.0	10.0	2.8305860072779656	0.8172255095332018	1.0
676_O-39	11.0	11.0	3.0513628093714615	0.846546627250739	1.0
677_O-39	10.0	10.0	3.0599360907482147	0.8561466942148761	1.0
678_O-39	9.0	9.0	2.9762234619916725	0.8525	1.0
679_O-39	9.0	9.0	2.956561643630055	0.8607681755829905	0.9814814814814815
67_O-39	10.0	10.0	3.143617468753556	0.8708589565562388	1.0
680_O-39	10.0	10.0	3.1374306037200426	0.875	1.0
681_O-39	10.5	10.0	2.8670951265974693	0.8353151010701545	0.9655172413793104
682_O-39	11.0	11.0	3.2455881298100255	0.8832	0.98
683_O-39	10.0	10.0	3.089315307855591	0.8679716784673053	0.9795918367346939
684_O-39	11.0	11.0	3.2154942893386766	0.88	0.9833333333333333
685_O-39	10.0	10.0	2.945997031703709	0.8417159763313609	0.9807692307692307
686_O-39	9.0	9.0	3.046476175631674	0.8673469387755102	1.0
687_O-39	10.0	10.0	2.8425298347129053	0.8221329437545654	1.0
688_O-39	10.0	10.0	3.00863612093436	0.8505920886873268	1.0
689_O-39	9.0	9.0	3.0184258762625142	0.8665897731641676	1.0
68_O-39	11.0	11.0	3.1693176876443174	0.8726851851851851	1.0
690_O-39	10.0	10.0	3.0294122764561506	0.8548624238605335	1.0
691_O-39	10.0	10.0	3.024864945972594	0.8583714055361462	0.9836065573770492
692_O-39	11.0	11.0	3.157823737594009	0.8665897731641676	0.9803921568627451
693_O-39	10.0	10.0	3.1255957812818393	0.8727272727272727	1.0
694_O-39	10.0	10.0	3.109498335794787	0.8686087990487514	1.0
695_O-39	11.0	11.0	3.1591375457323223	0.8701961838215534	0.9836065573770492
696_O-39	10.0	10.0	3.1329096603837856	0.8747107438016529	1.0
697_O-39	10.0	10.0	3.1383549679250957	0.8750821827744905	1.0
698_O-39	10.0	10.0	3.262046753088499	0.8923611111111112	1.0
699_O-39	11.0	11.0	3.234946750297236	0.8815999999999999	0.98
69_O-39	10.0	10.0	3.062042485947682	0.865234375	1.0
6_O-39	11.0	11.0	3.2080030435786826	0.8773148148148149	0.9861111111111112
700_O-39	10.0	10.0	2.9523811384053364	0.8447261204164781	0.9787234042553191
701_O-39	10.0	10.0	2.818552285089565	0.8240740740740741	0.9861111111111112
702_O-39	10.0	10.0	3.0662506486322894	0.8627777777777778	1.0
703_O-39	10.0	10.0	3.169738495199041	0.882876468494126	0.9811320754716981
704_O-39	10.0	10.0	3.073951036893172	0.8633217993079585	1.0
705_O-39	10.0	10.0	3.1653993800384943	0.8775951557093425	1.0
706_O-39	10.0	10.0	3.140207031828774	0.8751300728407908	1.0
707_O-39	11.0	11.0	3.1257607678143744	0.8654531807093263	1.0
708_O-39	9.0	9.0	2.87898681779621	0.8473009871875656	0.9855072463768116
709_O-39	9.0	9.0	2.9502829265618016	0.8545918367346939	1.0
70_O-39	11.0	11.0	3.244268228925942	0.8796296296296297	1.0
710_O-39	9.5	9.0	2.8250112108241767	0.8385416666666666	0.9583333333333334
711_O-39	10.0	10.0	3.1110819782054806	0.8704216682056017	1.0
712_O-39	10.333333333333334	10.0	2.786122427408074	0.8138842975206612	0.9636363636363636
713_O-39	9.0	9.0	2.8481553822280365	0.8384793110691031	0.9855072463768116
714_O-39	10.0	10.0	3.0591516215125947	0.8621305296568141	1.0
715_O-39	10.0	10.0	3.1635290735598884	0.8775580992022199	1.0
716_O-39	10.0	10.0	3.1140398142253196	0.8704344482891195	1.0
717_O-39	9.0	9.0	2.8651789681217674	0.8428720083246618	0.9838709677419355
718_O-39	12.5	11.0	2.900722330278418	0.8326627218934911	0.9538461538461538
719_O-39	9.0	9.0	2.942454281069116	0.8573388203017833	0.9814814814814815
71_O-39	11.5	10.0	2.755983544339135	0.8144132653061225	0.9464285714285714
720_O-39	11.0	11.0	3.0919759762360894	0.8585858585858586	0.9848484848484849
721_O-39	10.0	10.0	3.164741748299722	0.8778924884300463	1.0
722_O-39	10.0	10.0	3.1933076673227334	0.8819834710743801	1.0
723_O-39	10.0	10.0	3.053206735058858	0.8542857142857143	1.0
724_O-39	11.0	11.0	3.208162959128786	0.8796296296296297	0.9861111111111112
725_O-39	11.0	10.0	3.007977116745714	0.8585017835909632	0.9655172413793104
726_O-39	10.0	10.0	3.034643632276494	0.8603252394742704	0.9850746268656716
727_O-39	9.0	9.0	2.9674326934147177	0.8585858585858586	1.0
728_O-39	10.0	10.0	3.1524516020093745	0.8813303099017384	0.9841269841269842
729_O-39	11.0	11.0	3.23105521873239	0.8786776859504132	0.9818181818181818
72_O-39	10.0	10.0	3.0251230863667837	0.8585598095615949	0.9859154929577465
730_O-39	11.0	11.0	3.205622602442938	0.8794391098917848	0.9876543209876543
731_O-39	10.0	10.0	3.060673335657245	0.8615165539337843	0.9811320754716981
732_O-39	8.0	8.0	2.5917951110206023	0.8030783159800815	0.9787234042553191
733_O-39	8.0	8.0	2.61361227486393	0.8035714285714286	0.9821428571428571
734_O-39	11.25	11.0	3.0497402662292847	0.8496459808413162	0.9591836734693877
735_O-39	11.0	11.0	2.9506714580760898	0.8269054178145088	1.0
736_O-39	11.0	11.0	3.216054268025403	0.8725333333333334	1.0
737_O-39	11.0	11.0	2.984291945873366	0.8437333333333333	0.9866666666666667
738_O-39	11.0	11.0	3.1823864505938473	0.8775510204081632	0.9857142857142858
739_O-39	8.0	8.0	2.875972426114747	0.8522314049586777	1.0
73_O-39	11.0	11.0	3.2325779582173415	0.8808264046359284	1.0
740_O-39	10.0	10.0	3.0282490627696093	0.8555363321799307	0.9852941176470589
741_O-39	11.0	11.0	3.135496200869339	0.8669922436081585	1.0
742_O-39	12.5	11.0	3.0573204570852	0.8586685653257387	0.9433962264150944
743_O-39	11.0	11.0	3.202050203286907	0.8779086469405344	0.9830508474576272
744_O-39	9.0	9.0	2.968911358014264	0.8622285510857957	0.9811320754716981
745_O-39	11.0	11.0	3.2090199292973214	0.8755102040816326	1.0
746_O-39	10.0	10.0	3.156767176163163	0.8769513314967861	1.0
747_O-39	9.0	9.0	2.982900442744023	0.8585162634193239	1.0
748_O-39	11.0	11.0	3.1919117057989954	0.8740495867768595	0.9818181818181818
749_O-39	10.0	10.0	3.092702897606361	0.8662037905798461	1.0
74_O-39	10.0	10.0	3.0770954959558154	0.8677777777777778	0.9833333333333333
750_O-39	10.0	10.0	3.0967260181932024	0.8724260355029585	0.9846153846153847
751_O-39	11.0	11.0	3.079138389246499	0.8581818181818182	0.9818181818181818
752_O-39	11.0	10.0	2.8973267367721705	0.8348765432098766	0.9166666666666666
753_O-39	10.0	10.0	3.1342313250066067	0.8734567901234568	1.0
754_O-39	9.0	9.0	2.96465713632849	0.8542899408284024	1.0
755_O-39	10.0	10.0	3.0967654329539047	0.8687903764758298	1.0
756_O-39	11.0	10.0	2.8937409315627427	0.8306213017751479	0.9615384615384616
757_O-39	9.0	9.0	2.863223041293699	0.8352593388873959	1.0
758_O-39	11.0	11.0	3.2060023309968897	0.87890625	0.984375
759_O-39	11.0	11.0	3.1914971360285977	0.8737244897959183	0.9821428571428571
75_O-39	11.0	11.0	3.1458231613498917	0.8685714285714285	0.9857142857142858
760_O-39	11.0	11.0	3.143863811413665	0.8704395288710141	0.9830508474576272
761_O-39	10.0	10.0	3.124650898903223	0.8687603305785124	1.0
762_O-39	9.0	9.0	2.858072338012363	0.8451406194375222	0.9811320754716981
763_O-39	10.0	10.0	3.0561194498424946	0.8626430801248699	1.0
764_O-39	10.0	10.0	3.0686489512362884	0.8674891844255728	0.9873417721518988
765_O-39	11.0	10.0	3.070186078420801	0.8704216682056017	0.9649122807017544
766_O-39	10.0	10.0	3.115124829424177	0.8715397923875432	1.0
767_O-39	10.0	10.0	3.0649970849209676	0.8622222222222222	0.9866666666666667
768_O-39	11.0	11.0	3.2267628814235567	0.8799287146357764	1.0
769_O-39	11.0	11.0	3.151636702851421	0.8685121107266436	0.9852941176470589
76_O-39	10.0	10.0	3.097476562978525	0.8728	0.98
770_O-39	9.0	9.0	2.946602971312251	0.8473338203067933	1.0
771_O-39	10.0	10.0	3.192504147321561	0.8820018365472911	1.0
772_O-39	10.0	10.0	2.936038962680109	0.8452708907254362	0.9848484848484849
773_O-39	10.25	10.0	2.9361880613610714	0.8447809626825311	0.9534883720930233
774_O-39	8.0	8.0	2.7986494983656014	0.8396429670667898	1.0
775_O-39	11.333333333333334	11.0	3.0315681667818404	0.8531116150163769	0.9682539682539683
776_O-39	10.0	10.0	3.1578721140611075	0.8779149519890261	1.0
777_O-39	10.0	10.0	3.0541542667031516	0.8626634958382877	0.9827586206896551
778_O-39	11.0	11.0	3.1331394710255203	0.8632271468144045	1.0
779_O-39	10.0	10.0	3.050991049755884	0.8655555555555555	0.9833333333333333
77_O-39	11.5	10.0	2.798273163778955	0.8244628099173554	0.9454545454545454
780_O-39	10.0	10.0	2.9727576048345816	0.8469592336823346	0.9850746268656716
781_O-39	10.0	10.0	3.0014508930191193	0.8551020408163266	1.0
782_O-39	11.0	11.0	3.0791703495356813	0.8599216141675134	1.0
783_O-39	10.0	10.0	3.026725230827726	0.8585017835909631	0.9827586206896551
784_O-39	11.5	11.0	3.151877835668229	0.8733727810650888	0.9692307692307692
785_O-39	9.0	9.0	2.9299479269456423	0.852	1.0
786_O-39	9.0	9.0	3.0151986284177177	0.8648979591836734	1.0
787_O-39	11.0	11.0	3.2733797159310436	0.8824422330915838	1.0
788_O-39	9.0	9.0	2.8514222898282524	0.8445848893995979	0.9830508474576272
789_O-39	10.0	10.0	3.0486453895349475	0.8527511695255068	1.0
78_O-39	11.0	11.0	3.0695123584521293	0.8521038044847569	0.9841269841269842
790_O-39	11.0	11.0	2.9911681367360106	0.8455678670360112	0.9868421052631579
791_O-39	8.0	8.0	2.7993253277870958	0.8427527873894656	0.9803921568627451
792_O-39	11.0	11.0	3.124335250735518	0.8608045567817728	0.9811320754716981
793_O-39	10.0	10.0	3.0694075964823906	0.8602853745541023	1.0
794_O-39	10.0	10.0	3.0969916461108546	0.8720703125	1.0
795_O-39	11.0	11.0	3.220329137930126	0.8746141975308642	1.0
796_O-39	9.0	9.0	2.9153947854333238	0.8406830549821731	1.0
797_O-39	11.0	11.0	3.2338124699720963	0.8828571428571429	1.0
798_O-39	9.0	9.0	2.983262054519388	0.8641195058891122	0.9830508474576272
799_O-39	11.5	11.0	3.060131852351773	0.8568047337278106	0.9692307692307692
79_O-39	11.333333333333334	11.0	2.9369332534837063	0.8370064279155188	0.9696969696969697
7_O-39	10.0	10.0	2.9379638631294087	0.8459171597633136	0.9846153846153847
800_O-39	11.0	11.0	3.1974787902410293	0.8772826880934989	0.9864864864864865
801_O-39	9.0	9.0	2.928911310182787	0.8561236623067776	0.9827586206896551
802_O-39	11.0	11.0	3.1239331801181955	0.86584314852054	1.0
803_O-39	11.0	11.0	3.244166464291536	0.879757785467128	1.0
804_O-39	11.0	11.0	3.124168258465652	0.8604224058769514	1.0
805_O-39	8.0	8.0	2.752930427457616	0.8373724489795918	0.9821428571428571
806_O-39	10.0	10.0	2.9794149411703046	0.8465306122448979	1.0
807_O-39	9.0	9.0	2.8827065868842854	0.8403305785123967	0.9818181818181818
808_O-39	10.0	10.0	3.107086935205096	0.8711734693877551	1.0
809_O-39	10.0	10.0	3.110133792236504	0.8694119532126262	1.0
80_O-39	10.5	10.0	2.9713931251178796	0.8519544475223145	0.9649122807017544
810_O-39	11.0	11.0	2.939540254249766	0.8362664290487859	0.9850746268656716
811_O-39	11.5	11.0	3.1550016295504095	0.872	0.96
812_O-39	9.0	9.0	2.921032683257237	0.8554768846314036	0.9795918367346939
813_O-39	10.0	10.0	3.1252908648318596	0.8718367346938776	1.0
814_O-39	12.0	9.0	2.71902734545786	0.8220486111111112	0.9375
815_O-39	9.0	9.0	3.0743418722112006	0.8729042725797729	1.0
816_O-39	10.0	10.0	3.1992746214614423	0.8838383838383839	1.0
817_O-39	10.0	10.0	3.053641935564693	0.8645640074211502	0.987012987012987
818_O-39	10.0	10.0	2.694343289096729	0.7863519143027177	1.0
819_O-39	11.0	11.0	3.1269094515238907	0.8629737609329446	0.9795918367346939
81_O-39	10.0	10.0	3.019618483327436	0.853517877739331	0.9803921568627451
820_O-39	11.5	11.0	3.134673176325048	0.8676268861454046	0.962962962962963
821_O-39	10.0	10.0	2.9714445546526322	0.8482958342615281	1.0
822_O-39	11.0	11.0	3.1766439203485075	0.8629585798816568	1.0
823_O-39	10.0	10.0	3.1581424814439876	0.880853277835588	0.9838709677419355
824_O-39	10.0	10.0	3.054750424575595	0.865	0.9833333333333333
825_O-39	9.0	9.0	3.0691770591977017	0.8730867346938775	1.0
826_O-39	10.0	10.0	3.253680546117745	0.890621519269325	1.0
827_O-39	10.0	10.0	3.137039006693777	0.8730867346938775	1.0
828_O-39	10.0	10.0	3.0341735151387836	0.8610822060353798	0.9838709677419355
829_O-39	11.0	10.0	2.972087550838256	0.8491812697500718	0.9661016949152542
82_O-39	10.0	10.0	3.0267144591483968	0.855625	1.0
830_O-39	10.0	10.0	2.9107539442012142	0.8403094624082523	0.9859154929577465
831_O-39	14.0	11.0	3.0329687745696097	0.8525700215450909	0.9473684210526316
832_O-39	9.0	9.0	2.8699628293363495	0.8442330558858502	0.9827586206896551
833_O-39	11.0	11.0	3.2233344233950865	0.87451171875	1.0
834_O-39	11.0	10.0	2.8858007419871052	0.8313655602584095	0.9701492537313433
835_O-39	11.0	11.0	3.256607631895039	0.8827172077312817	1.0
836_O-39	10.0	10.0	3.02376977516146	0.8598797059478726	1.0
837_O-39	11.0	11.0	3.1861795895442073	0.8720661157024794	0.9818181818181818
838_O-39	11.0	11.0	3.193244685023786	0.8733884297520661	0.9818181818181818
839_O-39	9.0	9.0	2.973071998605605	0.8583333333333334	1.0
83_O-39	10.0	10.0	3.2413080610846494	0.8896293211162016	1.0
840_O-39	10.0	10.0	3.156967988002217	0.8773340993967251	1.0
841_O-39	11.0	10.0	2.9935191567280683	0.8568339100346021	0.9705882352941176
842_O-39	11.0	11.0	3.1331723836334375	0.866954400450366	0.9863013698630136
843_O-39	10.0	10.0	3.066814725348482	0.859353302916088	1.0
844_O-39	9.0	9.0	2.8203166177831944	0.8314436885865457	0.9841269841269842
845_O-39	11.0	11.0	3.1133593801396398	0.8650137741046832	0.9848484848484849
846_O-39	10.0	10.0	3.2065665125153684	0.8824	1.0
847_O-39	9.0	9.0	3.0159006473830763	0.8668252080856124	1.0
848_O-39	9.0	9.0	2.857964780509259	0.8433364112034473	0.9824561403508771
849_O-39	11.0	11.0	3.192677752058979	0.8728836334318731	1.0
84_O-39	10.0	10.0	3.033832375200709	0.8628439403486663	0.9855072463768116
850_O-39	9.0	9.0	2.998015613339367	0.8618213157138753	1.0
851_O-39	10.0	10.0	2.9451117866823906	0.8404938271604938	0.9777777777777777
852_O-39	10.0	10.0	2.9649158098960786	0.845679012345679	0.9814814814814815
853_O-39	11.0	11.0	3.1639717694985645	0.869140625	1.0
854_O-39	10.0	10.0	2.982033502551238	0.8542387543252595	0.9852941176470589
855_O-39	10.0	10.0	3.006865129390541	0.8615777940102265	0.9864864864864865
856_O-39	10.0	9.0	2.8544778866688625	0.8436385255648038	0.9655172413793104
857_O-39	11.0	11.0	3.2070823764051095	0.8766863905325444	0.9846153846153847
858_O-39	9.0	9.0	2.9886805956415206	0.859448301745168	1.0
859_O-39	11.0	11.0	3.1366652585698747	0.8637463047567858	0.9836065573770492
85_O-39	9.0	9.0	2.6983511651817893	0.8105920053972002	0.987012987012987
860_O-39	10.0	10.0	3.0065749370793826	0.8568047337278106	0.9846153846153847
861_O-39	10.0	10.0	3.1474861194076933	0.8779086469405343	1.0
862_O-39	11.0	11.0	3.094341952615446	0.8656716417910447	0.9850746268656716
863_O-39	11.0	11.0	3.2228803424338044	0.8794378698224852	0.9807692307692307
864_O-39	11.0	10.0	2.6733641625055764	0.7766729373824242	0.9672131147540983
865_O-39	11.0	11.0	3.139246306667363	0.8634710743801653	0.9818181818181818
866_O-39	10.0	10.0	3.0583372140839526	0.8615916955017301	0.9852941176470589
867_O-39	9.0	9.0	2.819049450414414	0.8291420118343195	1.0
868_O-39	11.0	11.0	3.246983998743702	0.8834720570749108	0.9827586206896551
869_O-39	11.0	11.0	3.250209059654525	0.8816568047337278	1.0
86_O-39	10.0	10.0	3.0353451110358454	0.8545918367346939	1.0
870_O-39	11.0	11.0	3.2418714592948805	0.8819252077562327	1.0
871_O-39	10.0	10.0	3.084297989379686	0.8688046647230321	0.9795918367346939
872_O-39	10.0	10.0	3.105282764685647	0.8673257023933403	1.0
873_O-39	10.0	10.0	3.0689250793612644	0.8672222222222222	0.9833333333333333
874_O-39	11.0	11.0	3.1973678950680244	0.8751714677640604	1.0
875_O-39	11.0	11.0	3.1669218519523628	0.8624852071005917	1.0
876_O-39	11.0	11.0	3.1579772079178765	0.8728373702422145	0.9852941176470589
877_O-39	10.0	10.0	3.064917484271221	0.8676268861454046	0.9814814814814815
878_O-39	9.0	9.0	3.0147991901765603	0.8621487603305785	1.0
879_O-39	10.0	10.0	3.091981774280505	0.868882395909423	1.0
87_O-39	8.0	8.0	2.7138258079914404	0.8220603537981269	1.0
880_O-39	10.0	10.0	3.125133073084442	0.871756109851348	1.0
881_O-39	10.0	10.0	3.035990455878067	0.8600976730824476	1.0
882_O-39	11.0	11.0	3.286213163537036	0.8882395909422937	1.0
883_O-39	10.0	10.0	3.0062846380782235	0.8538011695906433	1.0
884_O-39	11.0	11.0	3.137144839074077	0.86669921875	0.984375
885_O-39	9.0	9.0	2.9151833975858357	0.8450255102040817	1.0
886_O-39	11.0	10.0	3.0630500139778736	0.8705234159779615	0.9696969696969697
887_O-39	10.0	10.0	3.0234496909549264	0.85546875	1.0
888_O-39	10.0	10.0	2.9423180062816336	0.8399294984778081	1.0
889_O-39	13.0	10.0	2.813198930062442	0.823068707725169	0.9433962264150944
88_O-39	11.0	11.0	3.1272622545641124	0.8659972299168975	1.0
890_O-39	10.0	10.0	3.144512565068572	0.8787158145065398	1.0
891_O-39	11.0	11.0	3.0714091478200136	0.8596449704142012	0.9846153846153847
892_O-39	11.0	11.0	3.1959213953372054	0.8703114186851211	1.0
893_O-39	11.0	11.0	3.176710554081462	0.8719526627218935	0.9846153846153847
894_O-39	10.0	10.0	2.9925556397628545	0.8545918367346939	0.9821428571428571
895_O-39	11.0	11.0	3.112611845375764	0.8625400573452522	0.987012987012987
896_O-39	10.0	10.0	2.9856690401583776	0.8543965824136703	0.9811320754716981
897_O-39	11.0	11.0	3.3085590172767634	0.889792899408284	1.0
898_O-39	10.0	10.0	3.0931647082787164	0.8628571428571428	1.0
899_O-39	10.0	10.0	3.1229599638992416	0.8750210828132906	1.0
89_O-39	11.5	10.0	2.811459602974908	0.8189158016147635	0.9411764705882353
8_O-39	9.0	9.0	2.734232028923714	0.8183673469387756	1.0
900_O-39	11.0	11.0	3.134222819925911	0.8627180899908173	1.0
901_O-39	9.0	9.0	2.887629199076436	0.8452005881117413	0.9855072463768116
902_O-39	10.0	10.0	2.9929777995587425	0.8532778355879292	0.9838709677419355
903_O-39	11.333333333333334	11.0	2.9551115053075963	0.8384983623078861	0.9682539682539683
904_O-39	11.0	11.0	3.278973262666538	0.8857196472133608	1.0
905_O-39	11.0	10.0	3.012173463333303	0.8612163065270662	0.9701492537313433
906_O-39	10.0	10.0	3.069809480241137	0.8621487603305785	0.9818181818181818
907_O-39	10.0	10.0	3.0680352040049104	0.8646446355817112	0.9787234042553191
908_O-39	10.0	10.0	3.1917317028614423	0.8828775267538644	1.0
909_O-39	10.0	10.0	3.159316899841161	0.8779296875	1.0
90_O-39	10.0	10.0	3.0094589018886526	0.8525519848771266	0.9782608695652174
910_O-39	10.0	10.0	3.1279581708472546	0.8739100346020761	1.0
911_O-39	11.0	11.0	3.1579143596070938	0.8667820069204152	1.0
912_O-39	11.0	11.0	3.1485212921996175	0.8647805747382491	1.0
913_O-39	11.0	11.0	3.247657620545597	0.8802708525700216	1.0
914_O-39	11.5	11.0	3.0336815756195326	0.84375	0.9583333333333334
915_O-39	10.0	10.0	3.1028276922944857	0.86279296875	1.0
916_O-39	10.0	10.0	3.0277748390455437	0.8600416233090531	0.9838709677419355
917_O-39	11.0	11.0	3.2538750239356324	0.8885714285714286	0.9857142857142858
918_O-39	11.0	11.0	3.2271601291593743	0.8801903114186851	1.0
919_O-39	10.0	10.0	3.017600028478854	0.8571428571428572	0.9795918367346939
91_O-39	10.0	10.0	2.969724251720436	0.8448	0.98
920_O-39	10.0	10.0	3.0639508212302284	0.863265306122449	1.0
921_O-39	10.333333333333334	10.0	2.967090774749888	0.8524305555555556	0.9583333333333334
922_O-39	16.0	10.0	2.818285260161018	0.829867674858223	0.9130434782608696
923_O-39	11.333333333333334	11.0	2.86329753498041	0.8092718568909045	0.9682539682539683
924_O-39	10.0	10.0	3.039978214963556	0.852663666715053	1.0
925_O-39	11.0	11.0	3.1234819981287503	0.8621399176954733	0.9814814814814815
926_O-39	11.0	11.0	3.169108151150905	0.8679111111111111	1.0
927_O-39	10.0	10.0	3.1418228421232954	0.8753719008264463	1.0
928_O-39	11.0	11.0	3.2466615133232826	0.8793335124966407	1.0
929_O-39	10.0	10.0	3.042284672909664	0.8494126023495906	1.0
92_O-39	10.0	10.0	3.1084930703645584	0.8728	0.98
930_O-39	10.0	10.0	2.9985486757924775	0.8520408163265306	1.0
931_O-39	10.0	10.0	3.0864858932846158	0.8657885368458527	0.9811320754716981
932_O-39	11.0	11.0	3.183570703648523	0.8720661157024794	0.9818181818181818
933_O-39	10.0	10.0	2.9393051933467556	0.8412629757785467	0.9852941176470589
934_O-39	11.0	11.0	3.071533864024932	0.8487573964497042	1.0
935_O-39	11.0	11.0	3.066690930811566	0.8513388734995384	0.9824561403508771
936_O-39	11.0	11.0	3.1766288807476104	0.8780003967466773	0.9859154929577465
937_O-39	10.0	10.0	3.235354478093193	0.889030612244898	1.0
938_O-39	10.0	10.0	3.0998473423396717	0.871037242228378	0.9824561403508771
939_O-39	10.0	10.0	3.1273018324559856	0.8707336737436173	1.0
93_O-39	11.0	11.0	3.140281179081402	0.86	1.0
940_O-39	10.0	10.0	3.034014722361495	0.8601185707418683	0.9873417721518988
941_O-39	10.0	10.0	3.009023629273738	0.8554666666666666	0.9866666666666667
942_O-39	11.0	11.0	3.1478103220842355	0.8732394366197183	1.0
943_O-39	10.0	10.0	3.2174951887715197	0.8863636363636364	1.0
944_O-39	12.0	11.0	3.179136435758441	0.8771626297577855	0.9705882352941176
945_O-39	10.0	10.0	3.0415988722699256	0.8576467624086672	0.9841269841269842
946_O-39	11.0	11.0	3.0506901096596604	0.8530681178457497	0.9863013698630136
947_O-39	11.0	11.0	3.078970576128763	0.8634375	0.9875
948_O-39	9.0	9.0	2.8446824468001113	0.8365650969529086	0.9736842105263158
949_O-39	10.0	10.0	3.0068925658689216	0.8494809688581315	1.0
94_O-39	10.0	10.0	2.9827978281450394	0.8505047268066015	0.9873417721518988
950_O-39	10.0	10.0	3.233066137258036	0.8892746913580247	1.0
951_O-39	10.0	10.0	2.973454040391117	0.8527777777777777	0.9833333333333333
952_O-39	10.0	10.0	3.0570949179363485	0.8631692806922662	0.9767441860465116
953_O-39	8.0	8.0	2.5269708016089574	0.7928593413357956	0.9824561403508771
954_O-39	11.0	11.0	3.1288596962871122	0.8614958448753463	1.0
955_O-39	10.0	10.0	2.9281045473472154	0.8449341574845471	0.9836065573770492
956_O-39	10.0	10.0	3.038013643131537	0.8542148760330579	1.0
957_O-39	9.0	9.0	2.9054744256545293	0.8482610033856571	1.0
958_O-39	12.0	11.0	3.1659068054533837	0.873771730914588	0.9682539682539683
959_O-39	9.0	9.0	2.9483172609891666	0.8521038044847569	1.0
95_O-39	10.0	10.0	3.009340758286915	0.85375	0.975
960_O-39	11.0	11.0	3.136200560096254	0.8670082423702383	0.9850746268656716
961_O-39	11.0	11.0	3.1968332404399282	0.8693877551020408	1.0
962_O-39	10.0	10.0	3.0984724855873402	0.8626713249126579	1.0
963_O-39	11.0	11.0	3.1803474270787393	0.8738775510204082	0.9857142857142858
964_O-39	11.0	11.0	3.2374879835447112	0.8775999999999999	1.0
965_O-39	10.0	10.0	3.0780058890183986	0.866500533997864	0.9811320754716981
966_O-39	10.5	10.0	2.9594854762273384	0.8491083676268861	0.962962962962963
967_O-39	10.0	10.0	2.939305388136664	0.8433333333333333	0.9833333333333333
968_O-39	10.333333333333334	10.0	2.5980689617379658	0.7700063011972275	0.9710144927536232
969_O-39	9.0	9.0	2.9251088248943744	0.8521449396084965	0.9795918367346939
96_O-39	9.0	9.0	2.916543578022147	0.8542148760330579	0.9818181818181818
970_O-39	10.0	10.0	2.924721426738051	0.8375322356675263	1.0
971_O-39	11.5	11.0	3.130774407549151	0.8672125311498754	0.9622641509433962
972_O-39	9.0	9.0	2.951113334830898	0.8496732026143791	1.0
973_O-39	10.0	10.0	3.0582591020927308	0.864378698224852	1.0
974_O-39	10.0	10.0	2.9649410810683197	0.8491083676268861	0.9814814814814815
975_O-39	11.0	11.0	3.19723845301651	0.8719091111606149	1.0
976_O-39	9.0	9.0	2.7040781416379875	0.8076052512449072	1.0
977_O-39	10.0	10.0	3.1514829460623432	0.8771555555555556	1.0
978_O-39	11.0	11.0	3.288286883944385	0.887669562566682	1.0
979_O-39	10.0	10.0	3.1576650820937515	0.876953125	1.0
97_O-39	10.0	10.0	3.083246470941106	0.8626713249126579	1.0
980_O-39	11.5	11.0	3.0340212518281033	0.85205078125	0.96875
981_O-39	11.0	11.0	3.2169666209896453	0.8802045288531775	0.9864864864864865
982_O-39	10.0	10.0	3.119543220801593	0.8703703703703703	1.0
983_O-39	9.0	9.0	3.0800793884567943	0.8741965105601469	1.0
984_O-39	11.0	11.0	3.33220777682367	0.8914897837730609	1.0
985_O-39	9.0	9.0	2.953555882287483	0.8520710059171598	1.0
986_O-39	10.0	10.0	3.1216558170520985	0.8718086535877452	1.0
987_O-39	10.0	10.0	3.098512315330558	0.8727810650887574	0.9807692307692307
988_O-39	10.0	10.0	3.0644307890208	0.861842105263158	1.0
989_O-39	9.0	9.0	2.953030191063848	0.8510204081632653	1.0
98_O-39	10.0	10.0	3.1363551317655345	0.8741151123422591	1.0
990_O-39	10.0	10.0	3.0791525191587565	0.8675667911519678	0.9830508474576272
991_O-39	9.0	9.0	3.076770925444579	0.8743195266272189	1.0
992_O-39	10.0	10.0	3.2308454476238984	0.8868583714055361	1.0
993_O-39	10.0	10.0	2.9387605961692684	0.8435502958579881	0.9846153846153847
994_O-39	11.0	11.0	3.195143628973292	0.876929012345679	0.9861111111111112
995_O-39	11.0	11.0	3.3247762045829488	0.8923900118906064	1.0
996_O-39	9.0	9.0	2.9298409150427793	0.8562214458478904	0.9836065573770492
997_O-39	9.0	9.0	2.9906269477926077	0.8611880578639581	1.0
998_O-39	8.0	8.0	2.6751881961672064	0.8141289437585735	1.0
999_O-39	10.0	10.0	3.110833539157887	0.871252204585538	1.0
99_O-39	10.0	10.0	3.0591895185194193	0.8576520383158833	1.0
9_O-39	11.0	11.0	3.142635549575757	0.8678993094230341	0.9850746268656716
