	chao1	observed_otus	shannon	simpson	goods_coverage
1000_O-418	12.5	11.0	2.938002054226406	0.8355555555555556	0.95
100_O-418	14.6	14.0	3.366517522482348	0.8788888888888888	0.95
101_O-418	11.2	11.0	2.924624058414471	0.8368718086535878	0.9672131147540983
102_O-418	14.0	11.0	2.9972970794983205	0.8501584427342689	0.9148936170212766
103_O-418	15.75	12.0	2.500814583693911	0.7074652777777777	0.875
104_O-418	16.5	14.0	3.064347473270188	0.8305785123966942	0.9242424242424242
105_O-418	13.25	13.0	3.3029123698940155	0.8753462603878116	0.9649122807017544
106_O-418	14.75	14.0	3.2959376671468554	0.8587257617728532	0.9473684210526316
107_O-418	13.6	13.0	3.1877865065653213	0.8568790397045245	0.9473684210526316
108_O-418	12.75	12.0	3.02912383403078	0.8422866992243608	0.9491525423728814
109_O-418	15.0	13.0	3.196448612928233	0.8592	0.92
10_O-418	12.5	11.0	2.8182372103017896	0.8252046991812032	0.9245283018867925
110_O-418	16.0	14.0	3.155488446143064	0.8460207612456747	0.9411764705882353
111_O-418	14.2	14.0	3.385319847224312	0.8779086469405343	0.9661016949152542
112_O-418	13.25	13.0	3.228855259829769	0.86455463728191	0.9696969696969697
113_O-418	16.5	15.0	3.357542767730259	0.8672189349112426	0.9384615384615385
114_O-418	11.25	11.0	2.9834157836091695	0.8430439952437574	0.9655172413793104
115_O-418	14.0	12.0	3.0727291398815963	0.855281207133059	0.9259259259259259
116_O-418	14.0	13.0	3.2038490201448626	0.8581506676744772	0.9523809523809523
117_O-418	12.5	11.0	2.9873265245997334	0.8436213991769548	0.9444444444444444
118_O-418	12.0	12.0	3.0813368637622727	0.8485764676240867	0.9841269841269842
119_O-418	18.0	13.0	2.9826708073459383	0.8156956004756242	0.9137931034482758
11_O-418	16.0	15.0	3.221023946202082	0.8474047672087325	0.9402985074626866
120_O-418	11.5	11.0	3.1024893556290287	0.8587278106508875	0.9615384615384616
121_O-418	15.6	15.0	3.484754512831048	0.8813443072702332	0.9444444444444444
122_O-418	17.75	14.0	3.052535498740633	0.8366666666666667	0.9
123_O-418	15.142857142857142	15.0	3.333345785412039	0.8583984375	0.96875
124_O-418	14.25	14.0	3.304766765621464	0.8532031025567366	0.9661016949152542
125_O-418	15.5	14.0	3.1103057748470384	0.8339632149155959	0.9365079365079365
126_O-418	18.0	13.0	2.9449038717394576	0.808388394139615	0.9152542372881356
127_O-418	12.5	12.0	2.9826164719035884	0.8255208333333333	0.9375
128_O-418	16.0	14.0	3.2045678761911747	0.850478967097043	0.8979591836734694
129_O-418	13.166666666666666	13.0	3.199250396597323	0.8542148760330579	0.9636363636363636
12_O-418	17.333333333333332	14.0	3.1821764196389757	0.845183133271776	0.9122807017543859
130_O-418	12.25	12.0	3.1901152518935123	0.8608	0.96
131_O-418	21.5	14.0	3.0901595081643256	0.8388165680473373	0.9076923076923077
132_O-418	13.75	13.0	3.1060177875143085	0.8427777777777778	0.95
133_O-418	13.2	13.0	3.3717991365128688	0.8853550295857988	0.9615384615384616
134_O-418	14.25	14.0	3.4355123257033546	0.8868583714055361	0.9672131147540983
135_O-418	12.25	12.0	3.1709412304242823	0.8650416171224733	0.9655172413793104
136_O-418	14.6	14.0	3.263719347301307	0.8519544475223146	0.9473684210526316
137_O-418	16.5	14.0	3.079963704325948	0.8233266302786555	0.9152542372881356
138_O-418	12.0	11.0	2.891934060106043	0.8158575122091353	0.9661016949152542
139_O-418	14.125	14.0	3.3348115434493355	0.8693485226059096	0.9622641509433962
13_O-418	18.0	13.0	3.038024798281423	0.8366666666666667	0.9166666666666666
140_O-418	13.6	13.0	3.3608248816455397	0.8822314049586777	0.9318181818181819
141_O-418	16.666666666666668	15.0	3.0907618984159426	0.8200000000000001	0.9166666666666666
142_O-418	13.2	13.0	3.279314072984037	0.875	0.9666666666666667
143_O-418	12.5	11.0	2.9243423232310555	0.8204536716647444	0.9411764705882353
144_O-418	16.2	15.0	3.3316344309309445	0.8632580261593341	0.9310344827586207
145_O-418	12.2	12.0	3.0443616645959684	0.8335798816568047	0.9615384615384616
146_O-418	15.428571428571429	15.0	3.3934891737604924	0.8727705112960761	0.9482758620689655
147_O-418	10.5	10.0	2.9563261338327083	0.8478260869565217	0.9565217391304348
148_O-418	17.0	12.0	2.8514080436546667	0.8012302960399846	0.9019607843137255
149_O-418	19.0	14.0	3.2644035206740365	0.8664176960643493	0.9152542372881356
14_O-418	16.0	13.0	3.16674236882676	0.8533163265306123	0.9285714285714286
150_O-418	17.333333333333332	14.0	3.2382511962420244	0.8641195058891123	0.9152542372881356
151_O-418	13.2	13.0	3.241627866685116	0.8647933884297521	0.9636363636363636
152_O-418	14.0	12.0	2.8675805507723187	0.8078473528621338	0.9344262295081968
153_O-418	17.5	15.0	3.3240795866109663	0.8662131519274376	0.9206349206349207
154_O-418	15.6	15.0	3.324980347206715	0.8601467962705813	0.9577464788732395
155_O-418	14.5	13.0	3.0939156550488445	0.8436385255648038	0.9310344827586207
156_O-418	14.6	14.0	3.2399974012046084	0.8494444444444444	0.95
157_O-418	14.0	14.0	3.1314549511656584	0.814404432132964	0.9824561403508771
158_O-418	11.0	11.0	3.1010645080321004	0.8560758402757828	0.9830508474576272
159_O-418	13.0	13.0	3.3674632595510436	0.883964296706679	0.9824561403508771
15_O-418	12.0	11.0	2.9760024038329274	0.847621607094867	0.9508196721311475
160_O-418	13.2	13.0	3.311234605095824	0.8757396449704142	0.9615384615384616
161_O-418	12.0	12.0	3.117685102447688	0.847457627118644	0.9830508474576272
162_O-418	10.0	10.0	2.873338872455663	0.8177777777777778	1.0
163_O-418	8.5	8.0	2.4260683150937443	0.7613168724279835	0.962962962962963
164_O-418	15.0	13.0	3.2009764082947436	0.8672209624590577	0.9365079365079365
165_O-418	21.0	11.0	2.705293739699343	0.7911851652781511	0.9180327868852459
166_O-418	11.333333333333334	11.0	3.0546004134045464	0.8528106508875739	0.9615384615384616
167_O-418	13.0	13.0	3.079963704325948	0.824475725366274	0.9830508474576272
168_O-418	13.6	13.0	3.0461367886504616	0.8236380424746076	0.9473684210526316
169_O-418	11.0	11.0	3.025976922863783	0.8395061728395061	0.9814814814814815
16_O-418	20.0	15.0	3.2461164452645375	0.8524590163934427	0.9016393442622951
170_O-418	24.5	14.0	3.0957906294262316	0.8351726593093628	0.8679245283018868
171_O-418	13.75	13.0	3.269451024098821	0.8727272727272728	0.9454545454545454
172_O-418	16.0	13.0	2.9090773168268047	0.7946586041824137	0.9365079365079365
173_O-418	11.0	11.0	3.0677462072114845	0.8492340768610589	0.9836065573770492
174_O-418	17.333333333333332	14.0	3.2422664753906685	0.8657092466616276	0.9206349206349207
175_O-418	17.0	11.0	2.826486344580942	0.8170066072967538	0.9322033898305084
176_O-418	13.0	12.0	2.990876807541684	0.8214285714285714	0.9464285714285714
177_O-418	14.75	14.0	3.38207365328151	0.8799725651577504	0.9444444444444444
178_O-418	14.6	14.0	3.354840598865858	0.8696655132641291	0.9411764705882353
179_O-418	14.0	14.0	3.340658070832191	0.8589088954582101	0.9836065573770492
17_O-418	12.0	12.0	3.30162579489346	0.8813443072702332	1.0
180_O-418	17.333333333333332	14.0	3.3396109237530887	0.876	0.9
181_O-418	11.2	11.0	2.9760312730416425	0.8431952662721893	0.9615384615384616
182_O-418	14.6	14.0	3.3127584271485775	0.8686087990487514	0.9482758620689655
183_O-418	15.666666666666666	14.0	3.287533372970543	0.8646694214876033	0.8863636363636364
184_O-418	16.5	14.0	3.1866758749629596	0.8537455410225921	0.9137931034482758
185_O-418	10.5	10.0	2.6090999404378223	0.7604042806183116	0.9655172413793104
186_O-418	12.0	12.0	3.2041341533956205	0.8641195058891122	0.9830508474576272
187_O-418	18.75	15.0	3.2026598817296463	0.844297520661157	0.8909090909090909
188_O-418	17.0	12.0	2.7232700080934324	0.761094674556213	0.9038461538461539
189_O-418	14.2	14.0	3.4051641312098258	0.8796552785472453	0.9649122807017544
18_O-418	14.0	14.0	3.3461963517411886	0.8721759809750297	0.9827586206896551
190_O-418	11.75	11.0	2.6951632906948015	0.785406492387245	0.9491525423728814
191_O-418	16.0	13.0	3.1044546979547514	0.8380102040816326	0.9285714285714286
192_O-418	21.5	14.0	3.055155445548393	0.8287197231833909	0.9117647058823529
193_O-418	12.0	12.0	3.255797297807069	0.8715886239586326	0.9830508474576272
194_O-418	14.0	13.0	3.1826857445569403	0.8509049123814996	0.9491525423728814
195_O-418	16.333333333333332	13.0	3.014955459783524	0.8271074380165289	0.9090909090909091
196_O-418	14.5	13.0	3.301515493375091	0.8779086469405344	0.9491525423728814
197_O-418	16.0	14.0	3.265052824383566	0.8695857988165681	0.9384615384615385
198_O-418	13.25	13.0	3.156711021628642	0.8452005881117413	0.9710144927536232
199_O-418	17.0	16.0	3.4025421001089233	0.8626713249126579	0.9344262295081968
19_O-418	10.0	10.0	3.012784845178479	0.8481353325643983	1.0
1_O-418	9.25	9.0	2.465905820295233	0.7603550295857988	0.9615384615384616
200_O-418	12.333333333333334	12.0	3.012401485636572	0.8152367390530437	0.9622641509433962
201_O-418	12.0	12.0	3.012227242150184	0.8255845202902445	0.9836065573770492
202_O-418	12.5	12.0	2.6869788210827346	0.7538888888888888	0.95
203_O-418	13.75	13.0	3.2125872704015377	0.8559670781893004	0.9444444444444444
204_O-418	12.2	12.0	3.108387615574966	0.8590010405827263	0.967741935483871
205_O-418	14.5	13.0	3.077731281207801	0.84286124676817	0.9322033898305084
206_O-418	15.2	14.0	2.8840830979570886	0.771484375	0.9375
207_O-418	13.5	12.0	2.9870439034771885	0.8327566320645905	0.9215686274509804
208_O-418	12.333333333333334	12.0	3.0171523676646097	0.8259007306626355	0.9682539682539683
209_O-418	12.75	12.0	3.115967051899418	0.8521449396084965	0.9387755102040817
20_O-418	17.333333333333332	14.0	3.1678220201689595	0.8551038062283737	0.9264705882352942
210_O-418	12.2	12.0	3.0772402574378863	0.8417159763313609	0.9615384615384616
211_O-418	10.2	10.0	2.64309871257711	0.7708333333333333	0.9583333333333334
212_O-418	13.125	13.0	3.0013107016287677	0.8062130177514792	0.9615384615384616
213_O-418	19.0	14.0	3.1426248023551087	0.8389396302071731	0.9253731343283582
214_O-418	14.0	14.0	3.4996581417943187	0.8947704081632653	0.9821428571428571
215_O-418	12.25	12.0	3.054225824463516	0.8428612467681701	0.9661016949152542
216_O-418	11.0	11.0	2.83008941262171	0.790680473372781	0.9807692307692307
217_O-418	13.6	13.0	3.1522937418933172	0.8519544475223145	0.9473684210526316
218_O-418	14.0	12.0	2.787618495013451	0.7859690844233056	0.9310344827586207
219_O-418	14.0	13.0	3.2156390673715474	0.855281207133059	0.9444444444444444
21_O-418	13.5	12.0	3.072043265397483	0.8431122448979592	0.9464285714285714
220_O-418	13.5	12.0	3.08312518649536	0.8443966675624832	0.9508196721311475
221_O-418	12.2	12.0	3.091525659174869	0.8470298553401047	0.9649122807017544
222_O-418	13.0	12.0	2.847329701397377	0.7903225806451614	0.9516129032258065
223_O-418	14.5	14.0	3.1415776081301545	0.8449704142011834	0.9538461538461538
224_O-418	17.0	15.0	3.5506085569692987	0.8979591836734694	0.9285714285714286
225_O-418	16.142857142857142	16.0	3.5433806193906574	0.8868583714055361	0.9672131147540983
226_O-418	10.333333333333334	10.0	2.6886351038940353	0.7991071428571428	0.9642857142857143
227_O-418	12.25	12.0	3.1718545692710514	0.8614540466392319	0.962962962962963
228_O-418	13.5	12.0	2.7798198832754517	0.7773933102652826	0.9215686274509804
229_O-418	17.333333333333332	14.0	3.096858815774812	0.8416568047337278	0.9230769230769231
22_O-418	14.6	14.0	3.453811877022299	0.889792899408284	0.9423076923076923
230_O-418	10.5	10.0	2.801547812237362	0.8131007475970096	0.9622641509433962
231_O-418	12.333333333333334	12.0	3.1180642530383547	0.8513388734995383	0.9649122807017544
232_O-418	25.5	15.0	3.2042778345739253	0.8536155202821869	0.8888888888888888
233_O-418	13.142857142857142	13.0	2.9964526239501295	0.823621227887617	0.967741935483871
234_O-418	15.5	13.0	3.026540015246709	0.8323246707013172	0.9056603773584906
235_O-418	11.0	11.0	2.92931320025272	0.8112611318586613	1.0
236_O-418	15.5	14.0	3.18349578951544	0.8491155046826223	0.935483870967742
237_O-418	14.5	14.0	3.204337789403862	0.8401920438957476	0.9444444444444444
238_O-418	11.0	11.0	3.0124244326442136	0.8407100591715977	1.0
239_O-418	11.0	11.0	3.012469380508014	0.84375	0.9791666666666666
23_O-418	12.0	11.0	2.9358317273566517	0.8374485596707819	0.9444444444444444
240_O-418	14.5	13.0	3.3031212089298725	0.8747306863650354	0.9473684210526316
241_O-418	13.25	13.0	3.1947712279840093	0.8509049123814996	0.9661016949152542
242_O-418	11.25	11.0	3.0235713185479853	0.8440453686200378	0.9565217391304348
243_O-418	22.5	15.0	3.330927261615671	0.8607681755829903	0.8888888888888888
244_O-418	15.0	13.0	2.8168877385151427	0.79	0.9166666666666666
245_O-418	13.6	13.0	3.141043244007802	0.8532778355879292	0.9516129032258065
246_O-418	10.333333333333334	10.0	2.765514182954566	0.8079667063020214	0.9655172413793104
247_O-418	15.5	14.0	3.3643830034467377	0.8740894901144641	0.9516129032258065
248_O-418	12.333333333333334	12.0	3.0020860550503152	0.8261003385657125	0.9649122807017544
249_O-418	12.0	12.0	3.2358199854621805	0.8743195266272189	0.9846153846153847
24_O-418	16.5	14.0	3.2643323240669195	0.8612072279892349	0.9019607843137255
250_O-418	16.0	14.0	3.1246614698442086	0.8374485596707819	0.9074074074074074
251_O-418	12.166666666666666	12.0	3.0510947318578165	0.8324652777777778	0.9583333333333334
252_O-418	13.0	13.0	3.437124204308499	0.8932231404958677	0.9818181818181818
253_O-418	14.0	11.0	2.773704181020291	0.7983539094650206	0.9259259259259259
254_O-418	15.5	14.0	3.2175550096967216	0.8529965063155066	0.9344262295081968
255_O-418	14.75	14.0	3.317310654068576	0.8664337543671057	0.9508196721311475
256_O-418	14.5	14.0	3.2284571402431297	0.8514030612244898	0.9464285714285714
257_O-418	13.5	13.0	3.093474173328476	0.8387326450694197	0.9433962264150944
258_O-418	13.25	13.0	3.3391004532378625	0.8758169934640523	0.9607843137254902
259_O-418	27.0	12.0	2.9657380337859167	0.8315972222222222	0.875
25_O-418	15.0	12.0	3.0113395140012567	0.8288	0.92
260_O-418	12.75	12.0	3.1002245671673703	0.856198347107438	0.9454545454545454
261_O-418	15.0	13.0	3.182149174344555	0.8558205767176932	0.9245283018867925
262_O-418	11.333333333333334	11.0	2.9313183888142977	0.823068707725169	0.9622641509433962
263_O-418	15.333333333333334	12.0	2.921159381873598	0.8301886792452831	0.9056603773584906
264_O-418	11.25	11.0	2.9650398318249085	0.8306172839506173	0.9555555555555556
265_O-418	12.75	12.0	2.77003071927059	0.7597009611961552	0.9433962264150944
266_O-418	16.5	14.0	3.0258016074018803	0.8153722117710293	0.9180327868852459
267_O-418	13.0	12.0	3.015562104928174	0.8387224756992661	0.9577464788732395
268_O-418	12.75	12.0	2.988559941343824	0.8284297520661157	0.9454545454545454
269_O-418	16.5	14.0	3.1695088617412104	0.8412149173394848	0.9019607843137255
26_O-418	21.5	14.0	3.232586144834665	0.8648815020006155	0.8947368421052632
270_O-418	14.0	12.0	2.8414209941878372	0.8003224939532384	0.9344262295081968
271_O-418	10.0	10.0	2.8958693813984087	0.8311111111111111	1.0
272_O-418	14.5	13.0	2.900284479145944	0.7842413050169283	0.9298245614035088
273_O-418	21.5	14.0	3.041110273103835	0.8131377551020409	0.8928571428571429
274_O-418	16.0	14.0	3.326687223924009	0.8687603305785124	0.9272727272727272
275_O-418	12.25	12.0	3.2118143083481536	0.8700826446280991	0.9636363636363636
276_O-418	14.5	14.0	3.189363403350527	0.8411989795918368	0.9464285714285714
277_O-418	15.0	14.0	3.45348491410433	0.8927707605482397	0.9508196721311475
278_O-418	14.0	12.0	2.9202776983278507	0.8158284023668639	0.9230769230769231
279_O-418	15.5	13.0	2.9060791406440876	0.8043665613329503	0.9152542372881356
27_O-418	15.0	12.0	2.985218178274959	0.8271604938271605	0.9259259259259259
280_O-418	14.75	14.0	3.2307045529299763	0.8511242603550295	0.9538461538461538
281_O-418	13.75	13.0	3.3285490427484694	0.8804306036139946	0.9411764705882353
282_O-418	15.2	14.0	3.292985079645069	0.8650765396938412	0.9245283018867925
283_O-418	17.5	15.0	3.472666684548187	0.8883136094674556	0.9038461538461539
284_O-418	15.0	13.0	3.1963040243024445	0.8635204081632654	0.9285714285714286
285_O-418	14.142857142857142	14.0	3.389601780702552	0.8764792899408285	0.9615384615384616
286_O-418	17.0	12.0	3.1519658940868536	0.8686200378071833	0.8913043478260869
287_O-418	13.6	13.0	3.2289692703467545	0.8643645425418298	0.9433962264150944
288_O-418	11.5	10.0	2.76184932674254	0.8125577100646353	0.9473684210526316
289_O-418	17.0	14.0	3.0422909039313093	0.8309948979591837	0.8928571428571429
28_O-418	12.75	12.0	3.0391749410083166	0.8463085320310255	0.9491525423728814
290_O-418	14.75	14.0	3.312053690343949	0.8677248677248677	0.9523809523809523
291_O-418	14.0	13.0	3.1857701066924093	0.853515625	0.953125
292_O-418	15.5	14.0	3.2654891334620495	0.861474435196195	0.9310344827586207
293_O-418	16.0	13.0	3.2225645028321757	0.8675667911519678	0.9322033898305084
294_O-418	15.5	14.0	3.2192604454930884	0.8567589357699543	0.9344262295081968
295_O-418	16.333333333333332	13.0	2.95549726673072	0.8161111111111111	0.9166666666666666
296_O-418	12.75	12.0	2.9798369307671444	0.8267159125884888	0.9473684210526316
297_O-418	14.333333333333334	14.0	3.5168473555370556	0.89892578125	0.96875
298_O-418	11.0	11.0	3.158946586100801	0.869684499314129	0.9814814814814815
299_O-418	16.0	11.0	2.6418848867537146	0.7689256198347107	0.9090909090909091
29_O-418	14.75	14.0	3.3921951027755233	0.8816884661117717	0.9482758620689655
2_O-418	15.5	13.0	2.9315987060916755	0.8162901307966707	0.9137931034482758
300_O-418	12.6	12.0	3.011355942287765	0.8415637860082305	0.9444444444444444
301_O-418	14.0	14.0	3.590964466414558	0.9053497942386831	0.9814814814814815
302_O-418	9.0	9.0	2.8699409799099325	0.8354852144939608	0.9795918367346939
303_O-418	14.5	13.0	3.1631809259447334	0.8431001890359169	0.9130434782608696
304_O-418	14.166666666666666	14.0	3.376171915452628	0.8798710024187046	0.9672131147540983
305_O-418	14.2	14.0	3.3985017891944453	0.8805555555555555	0.9666666666666667
306_O-418	13.2	13.0	3.2508109832023027	0.8657092466616276	0.9682539682539683
307_O-418	17.666666666666668	16.0	3.3574151593172497	0.8549346016646848	0.9137931034482758
308_O-418	13.142857142857142	13.0	3.032175818665402	0.8143491124260356	0.9615384615384616
309_O-418	17.0	12.0	2.8992213146963195	0.8242536164973838	0.9122807017543859
30_O-418	11.2	11.0	2.6948671250851786	0.7633117882425362	0.9649122807017544
310_O-418	12.25	12.0	3.1926256166441087	0.8661157024793389	0.9636363636363636
311_O-418	12.75	12.0	2.8625303302164524	0.8067523305618545	0.9523809523809523
312_O-418	16.5	15.0	3.264803981007111	0.8459937565036421	0.935483870967742
313_O-418	12.0	12.0	3.14292121142347	0.849862258953168	0.9848484848484849
314_O-418	18.333333333333332	15.0	3.3092624663129038	0.8652261082646469	0.9253731343283582
315_O-418	16.0	13.0	3.178427723365929	0.8535537190082645	0.9272727272727272
316_O-418	23.0	13.0	3.090284763747177	0.84814453125	0.921875
317_O-418	13.0	12.0	3.105230255275283	0.8520408163265306	0.9464285714285714
318_O-418	16.0	13.0	3.2645599503005687	0.8766460628863209	0.9344262295081968
319_O-418	17.0	14.0	3.264200575577627	0.85791015625	0.9375
31_O-418	12.75	12.0	2.8790408214538203	0.8020214030915577	0.9482758620689655
320_O-418	13.0	13.0	3.1122843864289753	0.8379467884977156	1.0
321_O-418	13.75	13.0	3.342132521298673	0.8835063437139562	0.9411764705882353
322_O-418	21.5	14.0	3.225059505265442	0.8616666666666667	0.9
323_O-418	14.428571428571429	14.0	3.3356726621655532	0.8742603550295858	0.9423076923076923
324_O-418	14.5	13.0	3.204059730169653	0.8650765396938412	0.9245283018867925
325_O-418	15.75	15.0	3.519604207368163	0.8859504132231405	0.9454545454545454
326_O-418	14.6	14.0	3.309641022538509	0.868014268727705	0.9482758620689655
327_O-418	11.75	11.0	2.822006991986166	0.8135593220338984	0.9491525423728814
328_O-418	15.75	15.0	3.413406550788015	0.87353515625	0.953125
329_O-418	15.0	13.0	3.215295892254612	0.8672222222222222	0.9333333333333333
32_O-418	13.5	12.0	2.88462752049979	0.8180978762696214	0.9298245614035088
330_O-418	16.666666666666668	15.0	3.1366667697719115	0.8204958677685951	0.9090909090909091
331_O-418	14.166666666666666	14.0	3.382900420876583	0.8717421124828533	0.962962962962963
332_O-418	16.2	15.0	3.368854383883971	0.8735691987513008	0.935483870967742
333_O-418	21.0	11.0	2.804426358039324	0.8207471109916689	0.9180327868852459
334_O-418	12.5	11.0	2.9633599061377875	0.831320283215327	0.9387755102040817
335_O-418	10.333333333333334	10.0	2.815998344961692	0.8239795918367347	0.9642857142857143
336_O-418	25.5	15.0	3.1294521647237463	0.8245095404461167	0.8852459016393442
337_O-418	11.0	10.0	2.899138222590327	0.8291420118343196	0.9615384615384616
338_O-418	14.375	14.0	3.1096472627443683	0.8223567105731577	0.9433962264150944
339_O-418	15.5	15.0	3.3690610204376545	0.8593805624777501	0.9433962264150944
33_O-418	12.25	12.0	3.1535189033923463	0.8565936178392926	0.9607843137254902
340_O-418	13.2	13.0	3.2881319600452787	0.876953125	0.96875
341_O-418	13.0	12.0	2.9932244741123433	0.83310937919914	0.9508196721311475
342_O-418	14.75	14.0	3.3823020440173748	0.876694214876033	0.9454545454545454
343_O-418	22.0	12.0	2.961885339568428	0.8377777777777777	0.9166666666666666
344_O-418	13.75	13.0	3.167103017913158	0.8519215264713786	0.9508196721311475
345_O-418	14.0	13.0	3.026943204412053	0.8267170762444864	0.9565217391304348
346_O-418	17.0	14.0	3.209134895411688	0.8487413677879261	0.9402985074626866
347_O-418	13.166666666666666	13.0	3.257707705193105	0.870986920332937	0.9655172413793104
348_O-418	18.0	15.0	2.959576393074242	0.7813846595805803	0.8983050847457628
349_O-418	17.0	15.0	3.4503098652371134	0.8852459016393442	0.9344262295081968
34_O-418	14.5	13.0	2.7564658350650832	0.763416477702192	0.9365079365079365
350_O-418	12.5	12.0	3.179064034555391	0.8573127229488704	0.9655172413793104
351_O-418	22.5	15.0	3.3094675322542364	0.86376953125	0.90625
352_O-418	12.75	12.0	2.8957649577480344	0.8142559833506764	0.9516129032258065
353_O-418	11.0	11.0	3.0690456791658653	0.8502479338842975	0.9818181818181818
354_O-418	11.5	11.0	3.0390635481670745	0.8436385255648038	0.9655172413793104
355_O-418	15.5	15.0	3.23639031408202	0.8439403486662466	0.9565217391304348
356_O-418	16.333333333333332	13.0	3.0310722846219007	0.826628693485226	0.9056603773584906
357_O-418	17.333333333333332	14.0	3.2806744178814906	0.871404958677686	0.9090909090909091
358_O-418	13.6	13.0	3.2026136544738235	0.8571428571428572	0.9387755102040817
359_O-418	13.6	13.0	2.9263551943439716	0.8040327662255828	0.9565217391304348
35_O-418	14.75	14.0	3.235657528162471	0.8589886388950768	0.9552238805970149
360_O-418	15.0	13.0	3.170806034447285	0.8574946137273007	0.9298245614035088
361_O-418	10.0	10.0	3.0107908739043783	0.8498520710059172	0.9807692307692307
362_O-418	22.5	15.0	3.309637529205807	0.8687326782564878	0.9047619047619048
363_O-418	11.0	11.0	2.9100665375444112	0.8211757463835027	0.9824561403508771
364_O-418	14.5	13.0	3.0996143235038076	0.8415806336774654	0.9245283018867925
365_O-418	11.0	11.0	3.025552446494348	0.8394768133174793	1.0
366_O-418	14.0	12.0	2.981344204535952	0.8388822829964329	0.9310344827586207
367_O-418	11.333333333333334	11.0	2.9194036718162173	0.8307692307692307	0.9692307692307692
368_O-418	14.0	12.0	2.8997236868171705	0.8105555555555556	0.9333333333333333
369_O-418	10.0	10.0	2.905060463677372	0.8273740868896579	0.9803921568627451
36_O-418	16.5	15.0	3.4399160803762983	0.8778924884300463	0.9245283018867925
370_O-418	12.166666666666666	12.0	2.9458571129403617	0.8266666666666667	0.9666666666666667
371_O-418	17.5	15.0	3.0073397137452984	0.7997326798841613	0.9253731343283582
372_O-418	13.0	12.0	3.1082765245365587	0.8531855955678671	0.9473684210526316
373_O-418	15.5	15.0	3.310202295834479	0.8562214458478903	0.9508196721311475
374_O-418	15.75	15.0	3.5178805866665384	0.8902185223725286	0.9516129032258065
375_O-418	17.75	14.0	2.9686837008857814	0.8122222222222222	0.9
376_O-418	11.333333333333334	11.0	2.7220161263748572	0.7783203125	0.96875
377_O-418	16.333333333333332	13.0	3.0458416408851745	0.834319526627219	0.9038461538461539
378_O-418	12.2	12.0	2.9097344361009103	0.8080357142857143	0.9642857142857143
379_O-418	16.5	14.0	3.18667587496296	0.8537455410225921	0.9137931034482758
37_O-418	18.0	15.0	3.2033884621050923	0.8275237664101402	0.8723404255319149
380_O-418	13.0	13.0	3.0993746708975864	0.8261993679977018	0.9830508474576272
381_O-418	14.0	12.0	2.9583898238782242	0.8344444444444444	0.9333333333333333
382_O-418	12.2	12.0	3.0018942530864177	0.8343801652892562	0.9636363636363636
383_O-418	10.0	10.0	2.981801888209677	0.8454861111111112	0.9791666666666666
384_O-418	11.2	11.0	2.9557254236145942	0.8350634371395618	0.9607843137254902
385_O-418	19.0	13.0	3.163740270220269	0.85205078125	0.9375
386_O-418	10.0	10.0	2.837826287655248	0.8030783159800815	1.0
387_O-418	17.5	15.0	3.251734830398756	0.855127236079617	0.9206349206349207
388_O-418	20.5	13.0	2.9963151176525376	0.8310743801652892	0.8909090909090909
389_O-418	13.5	12.0	2.841459443322996	0.8095703125	0.9375
38_O-418	14.166666666666666	14.0	3.321536362829604	0.8685837140553615	0.9672131147540983
390_O-418	17.0	12.0	2.834461106245487	0.8126847621607095	0.9180327868852459
391_O-418	16.75	13.0	2.7205383909382586	0.7721918988796322	0.8983050847457628
392_O-418	14.0	11.0	2.8603960533815846	0.8271604938271605	0.9259259259259259
393_O-418	14.166666666666666	14.0	3.3460782540794427	0.87	0.9666666666666667
394_O-418	17.5	15.0	3.2027018000750873	0.8341260404280618	0.9137931034482758
395_O-418	14.6	14.0	3.410384659089968	0.8846280991735537	0.9454545454545454
396_O-418	16.2	15.0	3.2502911101228613	0.851860102472711	0.9402985074626866
397_O-418	12.6	12.0	2.982070560370884	0.8329081632653061	0.9464285714285714
398_O-418	15.5	13.0	2.9713189873578956	0.8244170096021948	0.9074074074074074
399_O-418	15.2	14.0	3.217616099634095	0.8477366255144033	0.9259259259259259
39_O-418	16.0	13.0	3.0818700278072746	0.8438404989975495	0.9402985074626866
3_O-418	19.75	16.0	3.397980606932036	0.874496103198065	0.9016393442622951
400_O-418	13.0	13.0	3.2556789758150844	0.8596938775510203	0.9821428571428571
401_O-418	11.0	11.0	2.818398407020799	0.7986210858948578	0.9830508474576272
402_O-418	16.333333333333332	13.0	3.093340441068116	0.8384	0.9
403_O-418	13.75	13.0	3.2272365078896526	0.8611880578639581	0.9473684210526316
404_O-418	16.666666666666668	15.0	3.143485356854342	0.8325718892770761	0.9180327868852459
405_O-418	11.0	11.0	2.953030468401911	0.8328741965105602	0.9848484848484849
406_O-418	15.2	14.0	3.3697228754957234	0.8804306036139946	0.9215686274509804
407_O-418	13.5	12.0	2.6580577495486866	0.7543809250215455	0.9322033898305084
408_O-418	20.0	13.0	2.807837991158702	0.7945888216447134	0.8679245283018868
409_O-418	15.2	14.0	3.2512606582095396	0.8622448979591837	0.9285714285714286
40_O-418	13.2	13.0	3.2094459450240995	0.8593413357956294	0.9649122807017544
410_O-418	16.5	14.0	3.1014762054863128	0.8416568047337278	0.9230769230769231
411_O-418	11.25	11.0	2.8901074801412547	0.8211111111111111	0.9666666666666667
412_O-418	14.5	14.0	3.314912597934316	0.8707438016528926	0.9454545454545454
413_O-418	13.25	13.0	3.231927080903325	0.8641195058891123	0.9661016949152542
414_O-418	16.2	15.0	3.3271057081517927	0.8616666666666667	0.9333333333333333
415_O-418	15.0	14.0	3.371979551574414	0.8756104567652974	0.9491525423728814
416_O-418	14.0	12.0	2.9233101779332435	0.8205601723607263	0.9298245614035088
417_O-418	15.0	12.0	2.9930225106620596	0.8388165680473373	0.9384615384615385
418_O-418	12.0	12.0	3.0526188845132594	0.8209876543209877	0.9814814814814815
419_O-418	13.0	11.0	2.7080019323701423	0.7931034482758621	0.9310344827586207
41_O-418	11.5	11.0	2.8981319428852985	0.8125619834710744	0.9636363636363636
420_O-418	13.25	13.0	3.132147524047004	0.8397633136094674	0.9692307692307692
421_O-418	14.2	14.0	3.2796676559812807	0.858698224852071	0.9692307692307692
422_O-418	15.5	14.0	3.3036157889196787	0.863201351097767	0.9589041095890412
423_O-418	13.5	12.0	3.1161074060311975	0.8519619500594531	0.9482758620689655
424_O-418	21.0	14.0	2.9947750259926744	0.815840061514802	0.8627450980392157
425_O-418	17.0	16.0	3.4711120844625083	0.8775267538644471	0.9310344827586207
426_O-418	12.75	12.0	3.043176319833016	0.84716796875	0.953125
427_O-418	14.5	13.0	3.092074697355102	0.8442330558858502	0.9310344827586207
428_O-418	13.333333333333334	13.0	3.1538053073404115	0.8359096313912009	0.9655172413793104
429_O-418	13.0	13.0	3.4477432391569125	0.8949011446409989	0.9838709677419355
42_O-418	17.5	15.0	3.1709770482877255	0.8294444444444444	0.9166666666666666
430_O-418	12.0	12.0	3.235428843647821	0.8767595518529159	0.9830508474576272
431_O-418	12.0	11.0	2.9904587578596487	0.8303571428571428	0.9642857142857143
432_O-418	15.0	13.0	3.070056282785881	0.832256078793475	0.9298245614035088
433_O-418	15.5	14.0	3.3653258341945436	0.8779585798816568	0.9230769230769231
434_O-418	14.5	13.0	3.193444094635072	0.8531116150163769	0.9523809523809523
435_O-418	35.0	14.0	3.105365350499787	0.8427841977962913	0.8852459016393442
436_O-418	12.333333333333334	12.0	3.1832221771027145	0.8642578125	0.96875
437_O-418	11.0	11.0	2.94117331091143	0.8279163517258755	1.0
438_O-418	13.166666666666666	13.0	3.2315570323566787	0.8635204081632653	0.9642857142857143
439_O-418	15.5	13.0	3.024121838134148	0.8319876970396002	0.9019607843137255
43_O-418	15.857142857142858	15.0	3.003128848582668	0.794792899408284	0.9384615384615385
440_O-418	13.142857142857142	13.0	3.2307437517227617	0.8669410150891632	0.962962962962963
441_O-418	14.5	13.0	2.9023118766716354	0.8067523305618545	0.9365079365079365
442_O-418	11.0	11.0	3.0250742504113433	0.8489892984542211	0.9827586206896551
443_O-418	14.0	14.0	3.4489231796728017	0.8840665873959572	0.9827586206896551
444_O-418	11.2	11.0	2.7555835860654176	0.7818047337278107	0.9615384615384616
445_O-418	15.2	14.0	3.177924951322572	0.8480725623582767	0.9365079365079365
446_O-418	16.0	13.0	3.2699096409546202	0.8728839642967068	0.9298245614035088
447_O-418	15.11111111111111	15.0	3.315344118571738	0.8622589531680441	0.9696969696969697
448_O-418	18.0	16.0	3.3858773352020024	0.8568595041322314	0.9090909090909091
449_O-418	28.0	13.0	2.91957724906027	0.8024207903168388	0.8867924528301887
44_O-418	14.75	14.0	3.2188049938317853	0.8490803728898967	0.9523809523809523
450_O-418	16.0	14.0	3.0903301170106445	0.8284023668639053	0.9038461538461539
451_O-418	15.5	15.0	3.3477513787107624	0.860521365224402	0.9508196721311475
452_O-418	15.5	15.0	3.3729858197607503	0.8715397923875432	0.9558823529411765
453_O-418	14.6	14.0	3.2951701888712246	0.865	0.95
454_O-418	10.0	10.0	2.7869086906906073	0.8161865569272977	0.9814814814814815
455_O-418	19.0	14.0	3.2509956307937897	0.8632580261593341	0.9137931034482758
456_O-418	21.5	14.0	3.305137024326094	0.8737997256515775	0.8888888888888888
457_O-418	12.5	12.0	3.0298801908373925	0.8291378926264201	0.9701492537313433
458_O-418	14.75	14.0	3.1891595304281943	0.8413111342351717	0.9516129032258065
459_O-418	13.0	12.0	2.8521645641312983	0.803850156087409	0.9516129032258065
45_O-418	14.0	11.0	2.784226410719612	0.8032104637336503	0.9310344827586207
460_O-418	16.0	13.0	3.2894082989858133	0.8743325026699893	0.9245283018867925
461_O-418	14.75	14.0	3.172121488319347	0.8364497041420118	0.9538461538461538
462_O-418	12.333333333333334	12.0	2.9687747160062807	0.8204538925596093	0.9661016949152542
463_O-418	12.5	12.0	3.2294898584463447	0.868574946137273	0.9649122807017544
464_O-418	11.25	11.0	2.952368167875317	0.8263888888888888	0.9583333333333334
465_O-418	15.6	15.0	3.5011287386882435	0.88882505027291	0.9491525423728814
466_O-418	13.0	13.0	3.417050035835265	0.8892844428622285	0.9811320754716981
467_O-418	14.0	13.0	3.209639487218889	0.86376953125	0.953125
468_O-418	17.333333333333332	14.0	3.072687205500535	0.8238888888888889	0.9166666666666666
469_O-418	19.0	14.0	3.2640343254051367	0.8677248677248677	0.9206349206349207
46_O-418	15.2	14.0	3.0535041881411606	0.8105555555555555	0.9333333333333333
470_O-418	15.0	14.0	2.906161150013848	0.7876039304610734	0.9365079365079365
471_O-418	14.5	13.0	3.122643967506834	0.8406342381080354	0.9508196721311475
472_O-418	16.5	14.0	3.0220853862612755	0.818342151675485	0.9206349206349207
473_O-418	15.0	13.0	3.2156067369564214	0.8555907650520598	0.9148936170212766
474_O-418	15.5	14.0	3.2533971592765623	0.8584183673469388	0.9285714285714286
475_O-418	13.25	13.0	3.3591100631899824	0.8851954447522314	0.9649122807017544
476_O-418	14.5	13.0	3.2000141976725947	0.8634710743801653	0.9272727272727272
477_O-418	15.5	13.0	2.9585276928664097	0.8162511542012927	0.9122807017543859
478_O-418	17.333333333333332	14.0	3.1269256981079323	0.8353151010701546	0.9137931034482758
479_O-418	14.6	14.0	3.327857816846963	0.863905325443787	0.9423076923076923
47_O-418	13.25	13.0	3.3137295990885476	0.8777777777777778	0.9666666666666667
480_O-418	21.5	14.0	3.1291700220904555	0.8506508875739645	0.9076923076923077
481_O-418	12.25	12.0	3.1077139208554643	0.843004627981488	0.9622641509433962
482_O-418	15.2	15.0	3.487966797112397	0.88	0.9666666666666667
483_O-418	14.6	14.0	3.294575868037218	0.8642837946788497	0.9508196721311475
484_O-418	14.5	13.0	3.054734053780988	0.8371806709756848	0.9298245614035088
485_O-418	13.333333333333334	13.0	3.251353078152579	0.86572265625	0.96875
486_O-418	13.0	12.0	3.1679639054307422	0.8620037807183365	0.9347826086956522
487_O-418	15.2	14.0	3.2149167101307956	0.8489256198347108	0.9272727272727272
488_O-418	13.0	12.0	2.9543499348991418	0.8251953125	0.953125
489_O-418	11.0	11.0	2.9004115008033864	0.8113265620190828	0.9824561403508771
48_O-418	13.0	12.0	3.045846309195687	0.8475686570924666	0.9523809523809523
490_O-418	11.333333333333334	11.0	2.9580830996839707	0.8335315101070154	0.9655172413793104
491_O-418	12.333333333333334	12.0	3.2032433566073992	0.859375	0.9583333333333334
492_O-418	14.2	14.0	3.4616035031419017	0.89404296875	0.96875
493_O-418	15.0	14.0	3.357729933295416	0.8771835528083849	0.9508196721311475
494_O-418	16.333333333333332	13.0	3.0560871037145363	0.8371806709756848	0.9122807017543859
495_O-418	12.5	11.0	3.014845271921822	0.8475765306122449	0.9464285714285714
496_O-418	12.75	12.0	2.829274613030219	0.7882414151925079	0.9516129032258065
497_O-418	19.0	13.0	3.2759548071226985	0.8648393194706995	0.9130434782608696
498_O-418	12.0	11.0	3.002573770575193	0.8411111111111111	0.9666666666666667
499_O-418	16.333333333333332	13.0	3.087847440341669	0.8486965869389949	0.9180327868852459
49_O-418	11.0	11.0	3.2204259677608507	0.8788265306122449	0.9821428571428571
4_O-418	15.0	12.0	2.962355133883817	0.8254847645429363	0.9298245614035088
500_O-418	16.0	13.0	2.8548207784890227	0.782060972537163	0.9365079365079365
501_O-418	16.5	14.0	3.1681529494945235	0.8415806336774653	0.9056603773584906
502_O-418	16.0	14.0	3.2406801451941525	0.8628257887517147	0.9074074074074074
503_O-418	11.0	11.0	3.1024221176372833	0.8600416233090531	0.9838709677419355
504_O-418	15.5	14.0	3.1606952640583197	0.8330578512396695	0.9272727272727272
505_O-418	21.0	11.0	2.927789680870169	0.8365432098765433	0.8888888888888888
506_O-418	14.5	13.0	3.1185073544486492	0.845679012345679	0.9259259259259259
507_O-418	15.2	14.0	3.136775366089907	0.8336684860672221	0.9322033898305084
508_O-418	12.0	11.0	2.8851741628343874	0.8254437869822485	0.9423076923076923
509_O-418	13.166666666666666	13.0	3.0472463019735683	0.8304744932056137	0.9701492537313433
50_O-418	12.25	12.0	3.111731551460308	0.8560758402757828	0.9661016949152542
510_O-418	15.2	14.0	3.2265666685897503	0.8525377229080933	0.9259259259259259
511_O-418	13.75	13.0	3.0420380263069973	0.8248929201310153	0.9523809523809523
512_O-418	13.0	12.0	3.08511435109556	0.8488520408163266	0.9464285714285714
513_O-418	15.0	13.0	3.0653468000211874	0.8374092985756517	0.9344262295081968
514_O-418	17.333333333333332	14.0	3.197431371991087	0.847603305785124	0.9090909090909091
515_O-418	11.25	11.0	2.748028339208362	0.7888537776501006	0.9661016949152542
516_O-418	15.2	15.0	3.2261162325086143	0.8218694885361553	0.9682539682539683
517_O-418	13.75	13.0	3.1461353646137047	0.8485764676240867	0.9523809523809523
518_O-418	11.2	11.0	2.884620135996488	0.8143021914648212	0.9607843137254902
519_O-418	13.25	13.0	3.2470334480770644	0.8662721893491124	0.9692307692307692
51_O-418	21.5	14.0	3.1278866236453102	0.8480749219562955	0.9032258064516129
520_O-418	18.75	15.0	3.1875409574332094	0.83900826446281	0.8909090909090909
521_O-418	24.0	14.0	3.123487009374141	0.8407062090854989	0.9295774647887324
522_O-418	15.0	15.0	3.4835815963438392	0.8760330578512396	0.9818181818181818
523_O-418	12.5	11.0	2.728884365934154	0.7862721893491125	0.9538461538461538
524_O-418	13.5	13.0	3.239547789044171	0.860726643598616	0.9705882352941176
525_O-418	22.0	12.0	2.9759106438752503	0.8348175811548406	0.9152542372881356
526_O-418	16.2	15.0	3.1906549987229456	0.8330078125	0.9375
527_O-418	16.2	15.0	3.1182646244533982	0.821301775147929	0.9384615384615385
528_O-418	15.5	14.0	3.3096949011035686	0.8757873519778282	0.9365079365079365
529_O-418	17.0	15.0	3.416196592808562	0.8769513314967861	0.9393939393939394
52_O-418	14.2	13.0	3.009102506722929	0.8327777777777778	0.9333333333333333
530_O-418	13.6	13.0	3.024184783140735	0.808641975308642	0.9444444444444444
531_O-418	16.333333333333332	13.0	2.873022780507511	0.7863520408163266	0.9107142857142857
532_O-418	12.0	12.0	3.1308700417203457	0.8518518518518519	0.9814814814814815
533_O-418	14.6	14.0	3.261070020647309	0.856111111111111	0.95
534_O-418	21.5	14.0	3.029479941236418	0.8257023933402705	0.9032258064516129
535_O-418	16.0	10.0	2.5382934655027003	0.7562425683709869	0.9310344827586207
536_O-418	15.75	12.0	2.6692024721323624	0.7789311803152633	0.8823529411764706
537_O-418	13.75	13.0	3.143114132716026	0.8448275862068966	0.9482758620689655
538_O-418	13.0	12.0	3.1208734523742754	0.8512110726643598	0.9411764705882353
539_O-418	11.333333333333334	11.0	2.85487012869386	0.8093278463648834	0.962962962962963
53_O-418	14.25	14.0	3.44291305704177	0.8833333333333333	0.9666666666666667
540_O-418	15.0	12.0	2.8763600635755098	0.8132154006243497	0.935483870967742
541_O-418	16.333333333333332	13.0	2.99601197199814	0.8290816326530612	0.9107142857142857
542_O-418	14.75	14.0	3.336222185674934	0.8692904337833955	0.9491525423728814
543_O-418	9.0	9.0	2.478377237894387	0.7418181818181819	0.9818181818181818
544_O-418	14.166666666666666	14.0	3.247549042821126	0.8545333036310983	0.9701492537313433
545_O-418	25.5	15.0	3.1899761612986426	0.8519215264713786	0.8852459016393442
546_O-418	15.0	12.0	3.076914642156388	0.8446480633069554	0.9183673469387755
547_O-418	21.0	16.0	3.4684850875612323	0.868574946137273	0.9122807017543859
548_O-418	24.0	14.0	3.2474542080873605	0.8620037807183365	0.927536231884058
549_O-418	12.0	12.0	3.1339012251965865	0.851643598615917	0.9852941176470589
54_O-418	12.0	12.0	3.0912379632856037	0.8384842784197797	0.9836065573770492
550_O-418	14.0	13.0	3.1005022787815903	0.8401991851516524	0.9148936170212766
551_O-418	14.5	13.0	3.1599033101364644	0.8545953360768175	0.9259259259259259
552_O-418	12.5	12.0	3.026912865301799	0.8246618106139438	0.967741935483871
553_O-418	15.0	13.0	3.068719750382704	0.8433216877183554	0.9344262295081968
554_O-418	13.2	13.0	3.0879984074699487	0.8302212008043666	0.9661016949152542
555_O-418	13.2	13.0	3.2580589900674055	0.8596693579392541	0.9607843137254902
556_O-418	14.5	13.0	3.2256304448460873	0.8582716049382716	0.9111111111111111
557_O-418	16.0	14.0	3.3884847733067582	0.8863208814834722	0.9344262295081968
558_O-418	11.0	11.0	3.0699780717988605	0.8408686365254538	1.0
559_O-418	11.0	11.0	2.967668445400403	0.8256	0.98
55_O-418	13.0	12.0	2.9616958188816978	0.8213655832703453	0.9523809523809523
560_O-418	19.0	14.0	2.9616746047357116	0.8027777777777778	0.9
561_O-418	11.5	11.0	3.083949047031347	0.8561236623067776	0.9655172413793104
562_O-418	10.0	10.0	2.934711682046565	0.8380102040816326	1.0
563_O-418	21.0	11.0	2.7019302491817405	0.7821487603305786	0.9090909090909091
564_O-418	14.0	13.0	3.244543623858122	0.8624260355029586	0.9423076923076923
565_O-418	15.2	14.0	3.246077859981554	0.8605724838411819	0.9298245614035088
566_O-418	12.5	11.0	2.7552904000847085	0.7780855647891659	0.9473684210526316
567_O-418	22.0	15.0	3.2964840959569393	0.8704395288710141	0.8813559322033898
568_O-418	13.142857142857142	13.0	3.0542015764041626	0.8210463733650416	0.9655172413793104
569_O-418	10.0	10.0	2.81872860815562	0.8045567817728729	0.9811320754716981
56_O-418	15.0	13.0	3.2637037162451055	0.8679716784673053	0.9183673469387755
570_O-418	19.0	14.0	2.9121394547804833	0.795525494276795	0.9032258064516129
571_O-418	14.0	14.0	3.3951887074443103	0.8787721123829344	0.9838709677419355
572_O-418	12.5	12.0	3.1538662945054345	0.8544921875	0.96875
573_O-418	19.0	14.0	3.1994119816513535	0.8513674197384067	0.9137931034482758
574_O-418	16.5	15.0	3.287270031659414	0.8585640138408305	0.9411764705882353
575_O-418	13.75	13.0	2.991710142582648	0.8132222520827734	0.9508196721311475
576_O-418	12.0	12.0	3.109098146794297	0.8478002378121284	0.9827586206896551
577_O-418	13.142857142857142	13.0	3.127277567064886	0.8414896891351185	0.9649122807017544
578_O-418	14.2	13.0	2.9642192734223807	0.8141338695777076	0.9322033898305084
579_O-418	15.5	14.0	3.0714075741037736	0.8216666666666668	0.9333333333333333
57_O-418	14.166666666666666	14.0	3.292794532516927	0.8481353325643983	0.9607843137254902
580_O-418	12.0	12.0	3.1307467679239918	0.8543400713436385	0.9827586206896551
581_O-418	14.2	14.0	3.4556462213257664	0.8905555555555555	0.9666666666666667
582_O-418	16.333333333333332	13.0	3.107769106627008	0.8479886080455679	0.9056603773584906
583_O-418	16.0	11.0	2.746066889648403	0.808641975308642	0.9074074074074074
584_O-418	12.0	11.0	2.9352992015260106	0.8319615912208504	0.9444444444444444
585_O-418	14.75	14.0	3.4743052736306765	0.8943758573388203	0.9444444444444444
586_O-418	11.0	11.0	3.0468458049730547	0.8508365966536133	0.9811320754716981
587_O-418	15.0	13.0	3.1618154970349206	0.8596623834719073	0.9365079365079365
588_O-418	12.2	12.0	3.0334395536519265	0.8363636363636364	0.9636363636363636
589_O-418	14.0	13.0	3.232501659028745	0.8652445369406868	0.9516129032258065
58_O-418	16.0	14.0	3.3535520000899535	0.877334099396725	0.9322033898305084
590_O-418	11.0	11.0	3.108497530937259	0.8611111111111112	1.0
591_O-418	14.0	11.0	2.8245836097420134	0.8106995884773662	0.9259259259259259
592_O-418	14.5	13.0	3.227805677636033	0.8581818181818182	0.9454545454545454
593_O-418	14.6	14.0	3.313174331214124	0.872260015117158	0.9523809523809523
594_O-418	12.333333333333334	12.0	3.1310407455473928	0.8482644628099174	0.9636363636363636
595_O-418	13.25	13.0	3.1120352147939503	0.837869822485207	0.9692307692307692
596_O-418	12.25	12.0	3.25212954946433	0.8764792899408285	0.9615384615384616
597_O-418	13.75	13.0	3.2882141785331367	0.8758573388203018	0.9444444444444444
598_O-418	13.75	13.0	3.149558061205068	0.850156087408949	0.9516129032258065
599_O-418	14.5	13.0	2.966611739223863	0.8161111111111111	0.9333333333333333
59_O-418	13.0	10.0	2.826088232861422	0.823823406913786	0.9387755102040817
5_O-418	13.5	12.0	2.7775522107849278	0.7825337546681987	0.9322033898305084
600_O-418	16.5	14.0	3.14832620563423	0.8373702422145328	0.9019607843137255
601_O-418	13.2	13.0	3.313096862114137	0.8753719008264463	0.9636363636363636
602_O-418	13.5	12.0	2.9021283311112636	0.8040849234076861	0.9508196721311475
603_O-418	15.0	14.0	3.1554136141649747	0.8344606621573514	0.9245283018867925
604_O-418	17.333333333333332	14.0	3.255405982784963	0.8652686009767308	0.9152542372881356
605_O-418	14.2	13.0	2.8307185678907802	0.7696689213243146	0.9245283018867925
606_O-418	11.25	11.0	2.991290014839016	0.8444286222855109	0.9622641509433962
607_O-418	15.5	14.0	3.316669495930272	0.870060519757921	0.9245283018867925
608_O-418	13.5	13.0	3.077927183455109	0.8429752066115702	0.9454545454545454
609_O-418	18.5	16.0	3.310695236665434	0.8495842781557067	0.9206349206349207
60_O-418	20.5	13.0	2.936302257457346	0.8189386056191468	0.9032258064516129
610_O-418	13.5	12.0	2.9664292834085653	0.8168304358780549	0.9523809523809523
611_O-418	11.0	11.0	3.0882191414883113	0.8574401664932363	1.0
612_O-418	13.5	12.0	3.149642504857647	0.8629704108014938	0.9491525423728814
613_O-418	11.2	11.0	2.7510431693168504	0.7751479289940828	0.9615384615384616
614_O-418	13.5	12.0	2.7894834170107026	0.7986210858948578	0.9322033898305084
615_O-418	17.0	15.0	3.2892082063688544	0.8583740304510198	0.9152542372881356
616_O-418	14.2	13.0	3.041701416914402	0.8334872268390274	0.9298245614035088
617_O-418	11.25	11.0	2.9049112725662494	0.8098958333333334	0.9583333333333334
618_O-418	12.25	12.0	3.1944021391480995	0.8654970760233918	0.9649122807017544
619_O-418	15.2	14.0	3.181585763991128	0.8327566320645905	0.9215686274509804
61_O-418	10.0	10.0	2.670599333648049	0.7625739644970414	0.9807692307692307
620_O-418	13.25	13.0	3.1760133031846376	0.8494444444444444	0.9666666666666667
621_O-418	18.333333333333332	15.0	3.3776675486871395	0.875571083042193	0.9180327868852459
622_O-418	14.0	11.0	2.8730699963784123	0.8278061224489797	0.9285714285714286
623_O-418	19.0	14.0	3.2371988583680893	0.8626713249126579	0.9180327868852459
624_O-418	12.333333333333334	12.0	3.1400149612057846	0.8572249353634013	0.9661016949152542
625_O-418	16.0	15.0	3.3506636056586023	0.8678459937565037	0.935483870967742
626_O-418	15.0	14.0	3.483243343040028	0.8942684229263083	0.9433962264150944
627_O-418	12.5	11.0	3.0956408750157056	0.8632098765432099	0.9333333333333333
628_O-418	11.0	11.0	2.9285830888978484	0.8143491124260355	0.9807692307692307
629_O-418	10.0	10.0	2.911306487232298	0.8329369797859691	0.9827586206896551
62_O-418	11.75	11.0	2.7725236113188694	0.8020683711577133	0.9491525423728814
630_O-418	14.25	14.0	3.382002866979216	0.8763376932223543	0.9655172413793104
631_O-418	10.5	10.0	2.706532661983809	0.7942925089179548	0.9655172413793104
632_O-418	12.2	12.0	3.0990726692459245	0.8489256198347108	0.9636363636363636
633_O-418	14.5	13.0	3.0660191600841458	0.84286124676817	0.9322033898305084
634_O-418	13.75	13.0	3.2197277531660697	0.8616071428571428	0.9464285714285714
635_O-418	13.0	12.0	3.0795438341808623	0.8520540074691181	0.9491525423728814
636_O-418	14.0	12.0	2.8217732327650524	0.7860082304526749	0.9259259259259259
637_O-418	12.25	12.0	3.2202389176212005	0.873620505517978	0.9622641509433962
638_O-418	10.0	9.0	2.712259781919088	0.8091557669441142	0.9655172413793104
639_O-418	15.5	14.0	3.136676690118668	0.8300000000000001	0.9333333333333333
63_O-418	11.0	11.0	3.208942420431397	0.8799725651577504	0.9814814814814815
640_O-418	14.0	13.0	3.1897762140986146	0.859375	0.953125
641_O-418	12.0	11.0	2.9141166417401814	0.8118356794024706	0.9661016949152542
642_O-418	12.5	11.0	2.9378873903626115	0.8376690946930281	0.9516129032258065
643_O-418	21.5	14.0	3.2049757713184825	0.8573127229488704	0.896551724137931
644_O-418	15.0	14.0	3.240855786466581	0.8578029825666877	0.9565217391304348
645_O-418	14.428571428571429	14.0	3.1351046740679793	0.8448117539026629	0.9545454545454546
646_O-418	17.333333333333332	14.0	3.2005482554817886	0.8566666666666667	0.9166666666666666
647_O-418	13.6	13.0	3.140583541089245	0.8402366863905325	0.9423076923076923
648_O-418	22.0	12.0	3.032829825008137	0.8427527873894656	0.9019607843137255
649_O-418	15.857142857142858	15.0	3.2634142288739176	0.8525700215450909	0.9298245614035088
64_O-418	16.5	15.0	3.351666640309574	0.8621338349905939	0.9344262295081968
650_O-418	12.166666666666666	12.0	3.098175779021785	0.8539094650205761	0.962962962962963
651_O-418	14.5	13.0	3.325937327037158	0.8794378698224852	0.9423076923076923
652_O-418	15.0	13.0	2.9545845277221487	0.8105348024724536	0.9344262295081968
653_O-418	14.5	13.0	3.065197129636948	0.8231999999999999	0.92
654_O-418	14.5	12.0	2.865311532225102	0.79125	0.875
655_O-418	21.5	14.0	3.234302381126717	0.8641195058891122	0.8983050847457628
656_O-418	12.2	12.0	3.1228315988470188	0.8504421376393695	0.9607843137254902
657_O-418	15.5	14.0	3.251953473230822	0.858480749219563	0.935483870967742
658_O-418	15.0	13.0	3.0081828740319585	0.8199791883454735	0.935483870967742
659_O-418	11.25	11.0	2.878760592257765	0.8223733938019653	0.9682539682539683
65_O-418	14.5	13.0	3.294734607189668	0.8745541022592153	0.9482758620689655
660_O-418	21.5	14.0	2.921357809208094	0.7855555555555556	0.9
661_O-418	15.0	12.0	2.879438829607703	0.799039780521262	0.9259259259259259
662_O-418	15.2	14.0	3.331601784559001	0.8760330578512396	0.9272727272727272
663_O-418	18.0	16.0	3.4635126912325167	0.8782518210197711	0.9193548387096774
664_O-418	18.5	16.0	3.47911995548001	0.8803224993701184	0.9206349206349207
665_O-418	12.5	11.0	2.7946915823687535	0.7993388429752066	0.9454545454545454
666_O-418	15.0	14.0	3.310145865630722	0.8644470868014269	0.9482758620689655
667_O-418	15.2	14.0	3.331833171528025	0.8772290809327846	0.9259259259259259
668_O-418	13.0	12.0	2.7915801029613045	0.7823691460055097	0.9545454545454546
669_O-418	15.0	15.0	3.5293169564711717	0.8888888888888888	0.9814814814814815
66_O-418	15.0	13.0	3.099260760216609	0.8357988165680473	0.9230769230769231
670_O-418	11.5	11.0	2.9301033079728227	0.8165289256198347	0.9636363636363636
671_O-418	14.5	14.0	3.296232393549299	0.8718086535877453	0.9508196721311475
672_O-418	36.0	15.0	3.26931190709577	0.8661171753174426	0.8955223880597015
673_O-418	15.0	14.0	3.0149131550354396	0.8133030990173847	0.9365079365079365
674_O-418	12.6	12.0	2.811163706505937	0.7918834547346514	0.9516129032258065
675_O-418	11.5	11.0	3.0907630226029927	0.857780612244898	0.9642857142857143
676_O-418	13.0	11.0	2.8868348958471057	0.8377962449984611	0.9298245614035088
677_O-418	15.0	13.0	3.0470190491901663	0.8364497041420118	0.9384615384615385
678_O-418	12.25	12.0	3.104414444186936	0.8537776501005458	0.9661016949152542
679_O-418	13.333333333333334	13.0	3.255196950384382	0.8652445369406868	0.967741935483871
67_O-418	16.5	15.0	3.4910970980291762	0.8861454046639232	0.9259259259259259
680_O-418	13.2	13.0	3.0125388666964987	0.8038049940546967	0.9655172413793104
681_O-418	11.0	11.0	3.0161746078085834	0.8367626886145405	1.0
682_O-418	12.2	12.0	3.126104760789283	0.8496	0.96
683_O-418	13.0	12.0	3.0323276391765064	0.8347205707491082	0.9482758620689655
684_O-418	14.0	12.0	3.104984949725109	0.8586685653257387	0.9245283018867925
685_O-418	17.333333333333332	14.0	3.1714103437240566	0.8396429670667898	0.9122807017543859
686_O-418	19.0	14.0	3.1323739540026634	0.8408741151123422	0.8947368421052632
687_O-418	14.75	14.0	3.3684325662319057	0.8751486325802615	0.9482758620689655
688_O-418	15.0	12.0	2.815045537857676	0.787109375	0.9375
689_O-418	16.2	15.0	3.3748699931614223	0.8730489073881373	0.935483870967742
68_O-418	13.333333333333334	13.0	3.3209345058497766	0.8739595719381689	0.9655172413793104
690_O-418	15.0	13.0	3.121535014087796	0.8351999999999999	0.92
691_O-418	14.2	13.0	2.993485616529736	0.8230224684518314	0.9298245614035088
692_O-418	15.0	13.0	2.87932834658791	0.8006611570247935	0.9090909090909091
693_O-418	14.2	14.0	3.366522827972549	0.8759189128981956	0.9701492537313433
694_O-418	14.75	14.0	3.3585375152731833	0.8757431629013079	0.9482758620689655
695_O-418	11.0	11.0	3.105325423932873	0.8606722206262568	0.9830508474576272
696_O-418	13.333333333333334	13.0	3.4431307642253306	0.8960459183673469	0.9642857142857143
697_O-418	16.0	15.0	3.2652014110345604	0.8490803728898967	0.9365079365079365
698_O-418	18.333333333333332	15.0	3.316303842219686	0.8605555555555555	0.9166666666666666
699_O-418	13.75	13.0	3.090551996400908	0.8357968288094598	0.9508196721311475
69_O-418	16.333333333333332	13.0	2.9973482159055806	0.823045267489712	0.9074074074074074
6_O-418	15.75	15.0	3.4869069931189283	0.8830795748348176	0.9491525423728814
700_O-418	15.0	12.0	2.967078982787559	0.8285626346568176	0.9298245614035088
701_O-418	21.0	16.0	3.571404822784215	0.8994444444444445	0.9
702_O-418	13.5	12.0	3.1299926772166424	0.8572249353634013	0.9491525423728814
703_O-418	15.5	14.0	3.465555640830959	0.8922495274102079	0.9130434782608696
704_O-418	15.2	14.0	3.1441618659337096	0.8465608465608465	0.9365079365079365
705_O-418	11.25	11.0	2.916867654526896	0.8298844396667562	0.9672131147540983
706_O-418	12.333333333333334	12.0	3.0468058319642357	0.8271604938271605	0.962962962962963
707_O-418	12.5	11.0	2.8901160292365455	0.824475725366274	0.9491525423728814
708_O-418	15.2	14.0	3.196874959485871	0.8466666666666667	0.9333333333333333
709_O-418	12.0	11.0	2.9095330325389774	0.8316666666666667	0.95
70_O-418	14.5	13.0	3.1478653518582007	0.8528925619834711	0.9272727272727272
710_O-418	16.5	14.0	3.1929137503137452	0.850909090909091	0.9090909090909091
711_O-418	11.5	11.0	3.0130366547169736	0.8403305785123967	0.9636363636363636
712_O-418	10.5	10.0	2.9502928646354785	0.8458285274894272	0.9607843137254902
713_O-418	14.142857142857142	14.0	3.293319897312745	0.8608264462809918	0.9636363636363636
714_O-418	41.0	13.0	2.7596555782366456	0.788550323176362	0.8596491228070176
715_O-418	12.75	12.0	2.9391480664284684	0.8211570247933884	0.9454545454545454
716_O-418	17.2	16.0	3.455484703591511	0.8778696051423324	0.9393939393939394
717_O-418	7.0	7.0	2.3425096637722223	0.7387958352195564	1.0
718_O-418	13.0	13.0	3.16955237839215	0.8505920886873268	0.9841269841269842
719_O-418	15.0	13.0	3.055190412240567	0.8261003385657125	0.9298245614035088
71_O-418	17.5	15.0	3.5281460000834315	0.8965782391387928	0.9019607843137255
720_O-418	12.0	12.0	3.2230279236670905	0.8664	0.98
721_O-418	12.75	12.0	3.0597127231299144	0.8449586776859505	0.9454545454545454
722_O-418	19.5	12.0	2.7192021654073	0.7988888888888889	0.9
723_O-418	18.333333333333332	15.0	3.455737342205623	0.8864795918367347	0.9107142857142857
724_O-418	10.0	10.0	2.809073005662585	0.8156899810964083	0.9782608695652174
725_O-418	14.0	11.0	2.785434495932431	0.8094938038227263	0.9420289855072463
726_O-418	13.0	13.0	3.331564151436	0.8787721123829344	0.9838709677419355
727_O-418	14.75	14.0	3.2570356340598177	0.8511111111111112	0.95
728_O-418	13.0	12.0	2.9767008842996443	0.8302958579881656	0.9538461538461538
729_O-418	14.428571428571429	14.0	3.1654208960644934	0.8460091373286751	0.9508196721311475
72_O-418	14.5	13.0	3.1812179915663803	0.8558246828143021	0.9215686274509804
730_O-418	14.5	13.0	3.225619149670483	0.8647242455775235	0.9516129032258065
731_O-418	16.0	15.0	3.3029585636802636	0.8566666666666667	0.9333333333333333
732_O-418	10.0	10.0	2.7424748676763366	0.7901785714285714	0.9821428571428571
733_O-418	15.0	14.0	3.145390592980867	0.8288213244481466	0.9183673469387755
734_O-418	14.5	13.0	3.0851304315152155	0.8414896891351185	0.9298245614035088
735_O-418	13.5	13.0	3.036553304536114	0.823068707725169	0.9433962264150944
736_O-418	12.25	12.0	2.9498787321344904	0.8099973125503898	0.9672131147540983
737_O-418	12.0	12.0	3.3739907423433095	0.887517146776406	1.0
738_O-418	14.5	14.0	3.3728881282095005	0.8779149519890261	0.9444444444444444
739_O-418	15.0	12.0	2.918733132190291	0.81884765625	0.9375
73_O-418	17.0	11.0	2.7187016764763343	0.7808264462809917	0.9272727272727272
740_O-418	15.5	13.0	3.120893789515096	0.8568595041322314	0.9090909090909091
741_O-418	12.333333333333334	12.0	3.1636548287986255	0.8631897203325776	0.9682539682539683
742_O-418	19.0	14.0	3.177986534633974	0.8412604042806183	0.9137931034482758
743_O-418	13.2	13.0	3.2629683988757363	0.8629405482378071	0.9622641509433962
744_O-418	12.0	12.0	3.1274951503167276	0.8517169614984391	0.9838709677419355
745_O-418	14.0	13.0	3.0403862307520932	0.8127777777777778	0.95
746_O-418	10.0	10.0	2.9773347254308935	0.8481404958677685	0.9772727272727273
747_O-418	15.428571428571429	15.0	3.399073471311969	0.8700826446280991	0.9454545454545454
748_O-418	17.0	15.0	3.383834634835151	0.8775510204081632	0.9107142857142857
749_O-418	15.2	14.0	3.244460007627285	0.8648212846009138	0.9344262295081968
74_O-418	15.2	14.0	3.253898611691221	0.8635204081632653	0.9285714285714286
750_O-418	13.75	13.0	3.0014369796481417	0.813544219202495	0.9552238805970149
751_O-418	12.2	12.0	2.9821362761497565	0.8309594195108843	0.9672131147540983
752_O-418	15.0	12.0	3.063595182919271	0.8436363636363636	0.9272727272727272
753_O-418	15.0	13.0	3.095842402306584	0.8365966536133855	0.9245283018867925
754_O-418	18.0	12.0	3.028393575597844	0.8399885090491238	0.9322033898305084
755_O-418	12.5	12.0	3.1310691079871655	0.8491812697500718	0.9661016949152542
756_O-418	28.0	13.0	2.9642457038532104	0.8195153061224489	0.8928571428571429
757_O-418	15.6	15.0	3.244554197129597	0.8340270551508845	0.9516129032258065
758_O-418	13.75	13.0	3.2530506444505987	0.8668639053254438	0.9423076923076923
759_O-418	11.5	11.0	2.915984415916548	0.8261003385657125	0.9649122807017544
75_O-418	13.25	13.0	3.2353797348508206	0.8642578125	0.96875
760_O-418	10.333333333333334	10.0	2.4943266892646143	0.7294552169898431	0.9649122807017544
761_O-418	12.0	11.0	2.788579747209615	0.798469387755102	0.9464285714285714
762_O-418	14.0	13.0	3.2838016838467117	0.871811224489796	0.9464285714285714
763_O-418	15.2	14.0	3.179238095199403	0.847621607094867	0.9344262295081968
764_O-418	10.0	10.0	2.9441427967408904	0.8468830795748348	0.9830508474576272
765_O-418	12.5	12.0	3.0157970531448397	0.8319559228650137	0.9696969696969697
766_O-418	12.25	12.0	3.1879323155984576	0.866500533997864	0.9622641509433962
767_O-418	10.0	10.0	2.9047065452618175	0.8297520661157025	1.0
768_O-418	17.333333333333332	14.0	3.038440936440741	0.8156213017751479	0.9230769230769231
769_O-418	12.166666666666666	12.0	3.0082614488848787	0.8316326530612245	0.9642857142857143
76_O-418	13.2	13.0	3.306469080721404	0.8747107438016529	0.9636363636363636
770_O-418	15.142857142857142	15.0	3.4969110750971377	0.8828775267538644	0.9655172413793104
771_O-418	12.166666666666666	12.0	2.9433597614588183	0.8168667282240689	0.9649122807017544
772_O-418	14.6	14.0	3.2904162267310273	0.8647242455775235	0.9516129032258065
773_O-418	11.333333333333334	11.0	3.0489162209541822	0.8434567901234569	0.9555555555555556
774_O-418	14.0	12.0	2.9459904543654867	0.822704081632653	0.9285714285714286
775_O-418	14.2	13.0	3.0414422736963895	0.8365650969529086	0.9298245614035088
776_O-418	22.5	15.0	3.181557729313461	0.8317479191438764	0.896551724137931
777_O-418	17.0	11.0	2.9428495648939235	0.8429355281207134	0.9259259259259259
778_O-418	19.0	14.0	3.2767997008459324	0.860207100591716	0.9038461538461539
779_O-418	12.0	11.0	2.8528113499021486	0.8137888581101878	0.9473684210526316
77_O-418	12.25	12.0	3.12393861802411	0.8454861111111112	0.9583333333333334
780_O-418	12.0	11.0	3.044649472885186	0.8555907650520598	0.9361702127659575
781_O-418	14.6	14.0	3.2581278070179254	0.8652053413958176	0.9523809523809523
782_O-418	13.75	13.0	3.0006879603333365	0.8138888888888889	0.95
783_O-418	17.0	15.0	3.459440300305126	0.8885207100591715	0.9384615384615385
784_O-418	14.428571428571429	14.0	3.0928374230940237	0.8312426035502958	0.9538461538461538
785_O-418	15.0	14.0	3.103802691769812	0.8261003385657125	0.9298245614035088
786_O-418	16.5	14.0	3.0878114991843537	0.8265306122448979	0.9107142857142857
787_O-418	13.0	12.0	2.902360254186789	0.7984542211652794	0.9482758620689655
788_O-418	14.428571428571429	14.0	3.3746155911997406	0.8788004997917535	0.9387755102040817
789_O-418	16.333333333333332	13.0	3.172538536181247	0.8664176960643493	0.9152542372881356
78_O-418	12.0	12.0	3.0444282930616584	0.8290816326530612	0.9821428571428571
790_O-418	13.428571428571429	13.0	3.213997686018166	0.8612345679012345	0.9333333333333333
791_O-418	15.0	13.0	3.1551554350291555	0.856650387819592	0.9322033898305084
792_O-418	11.5	11.0	3.10337305920453	0.8631656804733727	0.9615384615384616
793_O-418	12.25	12.0	3.106461250274409	0.8489256198347108	0.9636363636363636
794_O-418	20.2	16.0	3.209241990070719	0.8392299687825182	0.8870967741935484
795_O-418	14.5	13.0	3.1473607236248036	0.8422866992243608	0.9491525423728814
796_O-418	11.0	11.0	3.0082233227376287	0.8373702422145328	0.9803921568627451
797_O-418	13.6	13.0	3.026832752646083	0.8288888888888889	0.95
798_O-418	18.0	12.0	2.943018164818343	0.8095407618369527	0.9245283018867925
799_O-418	13.0	13.0	3.343426005686864	0.8781887755102041	0.9821428571428571
79_O-418	13.5	12.0	3.1237265784080606	0.8623046875	0.953125
7_O-418	10.0	10.0	2.6377722487871247	0.7755102040816326	0.9841269841269842
800_O-418	10.25	10.0	2.8268242052121493	0.8261834319526628	0.9615384615384616
801_O-418	12.0	11.0	2.6896459563732504	0.7606310013717421	0.9444444444444444
802_O-418	12.75	12.0	3.1543931767771514	0.863514033064206	0.9411764705882353
803_O-418	14.6	14.0	3.303291858034246	0.8638888888888889	0.95
804_O-418	17.0	15.0	3.342925224117362	0.8665306122448979	0.9428571428571428
805_O-418	13.0	11.0	2.756183481453153	0.8048469387755102	0.9285714285714286
806_O-418	15.0	12.0	3.0449146721893263	0.8424556213017752	0.9230769230769231
807_O-418	18.0	13.0	2.8803821785720625	0.8168044077134986	0.9090909090909091
808_O-418	16.6	16.0	3.708773128954827	0.9110495537088334	0.9473684210526316
809_O-418	15.25	15.0	3.512329974243802	0.8813559322033898	0.9661016949152542
80_O-418	11.25	11.0	2.9077852771561488	0.8212226066897348	0.9607843137254902
810_O-418	14.0	13.0	2.904293061190951	0.7986776859504132	0.9272727272727272
811_O-418	15.5	14.0	3.1015892364594206	0.8176020408163265	0.9285714285714286
812_O-418	14.0	13.0	3.290433479297044	0.8743622448979592	0.9464285714285714
813_O-418	14.5	14.0	3.3374765629785257	0.8664	0.94
814_O-418	12.5	11.0	3.0057509136642504	0.8522222222222222	0.95
815_O-418	14.428571428571429	14.0	3.1747363738850756	0.8481590970169309	0.9508196721311475
816_O-418	15.142857142857142	15.0	3.542146334584456	0.8953626634958383	0.9655172413793104
817_O-418	13.0	12.0	2.9979241371251777	0.8323424494649228	0.9482758620689655
818_O-418	20.5	13.0	2.9089763579621963	0.8047337278106509	0.8846153846153846
819_O-418	14.2	13.0	3.0904338670899256	0.8449931412894376	0.9259259259259259
81_O-418	12.25	12.0	3.1961781060500436	0.8716528162511542	0.9649122807017544
820_O-418	14.0	11.0	2.826805224261807	0.8187302499281816	0.9322033898305084
821_O-418	13.5	12.0	3.1533235316137906	0.8611740992693374	0.9523809523809523
822_O-418	12.0	11.0	2.8849565800377226	0.8267159125884888	0.9473684210526316
823_O-418	14.5	14.0	3.178483206102698	0.8465140478668054	0.9516129032258065
824_O-418	12.333333333333334	12.0	3.1275136768156284	0.8546089760816984	0.9672131147540983
825_O-418	9.0	9.0	2.5818752561989684	0.7662721893491125	0.9807692307692307
826_O-418	17.333333333333332	14.0	3.0580381075820955	0.82470703125	0.921875
827_O-418	13.2	13.0	3.1982078184421225	0.8454142011834319	0.9615384615384616
828_O-418	16.333333333333332	13.0	3.037509238229597	0.8273740868896579	0.9019607843137255
829_O-418	12.2	12.0	2.9163523334909396	0.8126951092611863	0.967741935483871
82_O-418	12.333333333333334	12.0	3.0905753079592935	0.84375	0.96875
830_O-418	13.6	13.0	3.1261386833160683	0.8483333333333334	0.95
831_O-418	15.2	14.0	3.1100456509314345	0.8278061224489796	0.9285714285714286
832_O-418	11.5	11.0	3.1277674306270273	0.8662551440329218	0.962962962962963
833_O-418	14.6	14.0	3.199358447172082	0.8469592336823346	0.9552238805970149
834_O-418	20.2	16.0	3.261554925278192	0.8536155202821869	0.8888888888888888
835_O-418	23.333333333333336	14.0	2.794514979627926	0.7872222222222223	0.8666666666666667
836_O-418	11.0	11.0	2.9129857240407566	0.8259871441689624	0.9848484848484849
837_O-418	14.166666666666666	14.0	3.326886682732194	0.8667282240689443	0.9649122807017544
838_O-418	11.5	11.0	3.0517666835795016	0.8522314049586777	0.9636363636363636
839_O-418	14.75	14.0	3.30794748703763	0.8669712442891696	0.9508196721311475
83_O-418	11.0	11.0	2.9448337635339037	0.8156355801785165	0.9824561403508771
840_O-418	10.0	10.0	2.9151443277123525	0.8337190082644628	0.9818181818181818
841_O-418	16.0	14.0	3.263847461339486	0.861328125	0.9375
842_O-418	16.0	14.0	3.351047523243192	0.8790397045244691	0.9298245614035088
843_O-418	12.333333333333334	12.0	3.1703890505169614	0.8588888888888889	0.9666666666666667
844_O-418	17.0	14.0	3.4257569049315486	0.8911111111111111	0.9333333333333333
845_O-418	11.0	11.0	3.03845483086716	0.83642578125	1.0
846_O-418	13.75	13.0	3.2164901771901686	0.8683448429494319	0.9552238805970149
847_O-418	12.75	12.0	2.860662100067885	0.7866205305651672	0.9411764705882353
848_O-418	13.2	13.0	3.3185006974849833	0.8772290809327846	0.962962962962963
849_O-418	24.0	14.0	3.2734101830009568	0.8658962644450416	0.9180327868852459
84_O-418	15.5	14.0	3.2137908795335424	0.849755817293881	0.9322033898305084
850_O-418	16.5	14.0	3.0921570571353048	0.8319448434357943	0.9152542372881356
851_O-418	15.75	15.0	3.321832188605377	0.8581506676744772	0.9523809523809523
852_O-418	13.6	13.0	3.2342439851715503	0.8698979591836735	0.9464285714285714
853_O-418	13.25	13.0	3.334367328832966	0.8833459309649786	0.9682539682539683
854_O-418	12.333333333333334	12.0	3.015353733896795	0.8271484375	0.96875
855_O-418	15.0	12.0	2.9756128026278903	0.8348175811548406	0.9322033898305084
856_O-418	11.25	11.0	3.0303652844469995	0.8431001890359169	0.9565217391304348
857_O-418	13.75	13.0	3.2131203263461114	0.8584183673469388	0.9464285714285714
858_O-418	13.2	13.0	3.298067307711646	0.8744855967078189	0.962962962962963
859_O-418	14.0	13.0	3.2602944971266252	0.8667091836734694	0.9464285714285714
85_O-418	13.25	13.0	3.2563323348756916	0.856508875739645	0.9615384615384616
860_O-418	13.142857142857142	13.0	2.9070833309627795	0.7879347491535857	0.9649122807017544
861_O-418	14.0	14.0	3.1777296110362734	0.8350295857988166	0.9846153846153847
862_O-418	28.0	13.0	3.0664366719006666	0.8390273930440135	0.8947368421052632
863_O-418	15.5	15.0	3.4344257457786447	0.875	0.9464285714285714
864_O-418	14.142857142857142	14.0	3.4079195709697636	0.8781237985390234	0.9607843137254902
865_O-418	10.0	10.0	2.858925657719636	0.8168667282240689	1.0
866_O-418	12.0	12.0	3.149121645974299	0.8476454293628809	0.9824561403508771
867_O-418	14.2	13.0	3.094724104223614	0.8431952662721893	0.9230769230769231
868_O-418	11.0	11.0	3.093161317377138	0.8466666666666667	0.9833333333333333
869_O-418	13.25	13.0	3.2922741888827427	0.8720661157024794	0.9636363636363636
86_O-418	16.0	15.0	3.2931661501840463	0.845679012345679	0.9259259259259259
870_O-418	24.5	14.0	2.9733539899451378	0.8088642659279779	0.8771929824561404
871_O-418	14.0	13.0	2.938010492660791	0.8062130177514794	0.9230769230769231
872_O-418	14.75	14.0	3.393189130615869	0.8788265306122449	0.9464285714285714
873_O-418	12.5	11.0	2.856768586554476	0.8131732840874115	0.9473684210526316
874_O-418	12.0	12.0	3.0498650076344362	0.8393021120293848	0.9848484848484849
875_O-418	15.0	13.0	3.1929310331988643	0.8611880578639581	0.9298245614035088
876_O-418	11.5	11.0	2.9329970185114207	0.8198793450158001	0.9661016949152542
877_O-418	14.5	14.0	3.307250306600813	0.8710140764148233	0.9491525423728814
878_O-418	20.0	15.0	3.46161491090115	0.88882505027291	0.9152542372881356
879_O-418	16.0	13.0	3.09805662481013	0.842603550295858	0.9384615384615385
87_O-418	15.2	14.0	3.1601554270513037	0.8405630565929331	0.9322033898305084
880_O-418	20.25	15.0	3.2159887356838266	0.8565051020408163	0.875
881_O-418	16.0	13.0	3.171380167676756	0.8522314049586777	0.9272727272727272
882_O-418	12.25	12.0	3.1438924058364903	0.8593413357956294	0.9649122807017544
883_O-418	20.0	15.0	3.4391614814853084	0.8844953173777316	0.9193548387096774
884_O-418	15.5	14.0	3.2130212738346655	0.8572781065088757	0.9384615384615385
885_O-418	14.75	14.0	3.2304219796081126	0.8454716474066111	0.9508196721311475
886_O-418	15.0	14.0	3.287166864104257	0.8569198751300728	0.9516129032258065
887_O-418	13.0	13.0	3.27964346843972	0.8677248677248677	0.9841269841269842
888_O-418	11.75	11.0	2.9371592475312656	0.8402366863905325	0.9423076923076923
889_O-418	25.333333333333336	16.0	3.3791085186478225	0.875	0.8571428571428572
88_O-418	16.333333333333332	13.0	3.0761216348653813	0.8401566393734425	0.9056603773584906
890_O-418	10.0	10.0	2.699511795421589	0.7827777777777778	0.9833333333333333
891_O-418	18.0	13.0	3.018311966895353	0.8281807372175981	0.9137931034482758
892_O-418	16.0	13.0	3.267218055611228	0.8718367346938776	0.9571428571428572
893_O-418	12.333333333333334	12.0	3.228879872191421	0.8720661157024794	0.9636363636363636
894_O-418	14.5	13.0	3.189286622103872	0.8523456790123457	0.9111111111111111
895_O-418	16.0	15.0	3.3014052208229323	0.8641975308641976	0.9365079365079365
896_O-418	11.0	11.0	3.12859499042541	0.8654970760233918	0.9824561403508771
897_O-418	15.5	14.0	3.2556336700310373	0.863544958345303	0.9322033898305084
898_O-418	12.333333333333334	12.0	3.1831433046970683	0.8605724838411819	0.9649122807017544
899_O-418	16.333333333333332	13.0	3.054802799938862	0.8450491307634165	0.9206349206349207
89_O-418	19.0	14.0	3.1987725076460407	0.85498046875	0.921875
8_O-418	15.5	15.0	3.374181742411678	0.86767578125	0.953125
900_O-418	17.0	15.0	3.411602217974672	0.863905325443787	0.9230769230769231
901_O-418	14.5	13.0	3.006008539798113	0.8261220102123086	0.9344262295081968
902_O-418	16.5	15.0	3.3457626327978547	0.8638888888888889	0.9333333333333333
903_O-418	16.333333333333332	13.0	2.903773882601383	0.808888888888889	0.9166666666666666
904_O-418	14.6	14.0	3.31582300356956	0.8641581632653061	0.9464285714285714
905_O-418	11.5	10.0	2.7935508594105323	0.8244170096021948	0.9444444444444444
906_O-418	13.6	13.0	3.1613667193705366	0.8543400713436385	0.9482758620689655
907_O-418	10.0	10.0	2.778605207192303	0.8105785123966942	0.9818181818181818
908_O-418	11.5	11.0	2.9660377350170166	0.8316326530612245	0.9642857142857143
909_O-418	11.5	11.0	3.0130366547169736	0.8403305785123967	0.9636363636363636
90_O-418	13.2	13.0	3.359536508114843	0.8796334860474803	0.9591836734693877
910_O-418	13.0	13.0	3.271289654848761	0.8711111111111112	0.9833333333333333
911_O-418	13.25	13.0	3.1717111285430177	0.849862258953168	0.9696969696969697
912_O-418	22.5	15.0	3.240610341135019	0.85205078125	0.90625
913_O-418	13.25	13.0	3.288004257755418	0.8718086535877452	0.9672131147540983
914_O-418	15.0	12.0	3.19311935875184	0.8714555765595463	0.9130434782608696
915_O-418	18.0	12.0	3.050761637625233	0.8456198347107438	0.9272727272727272
916_O-418	13.5	13.0	3.138713950817111	0.8427527873894656	0.9411764705882353
917_O-418	12.2	12.0	3.1118160831171715	0.8574946137273007	0.9649122807017544
918_O-418	15.0	13.0	3.1360222718439794	0.8544444444444445	0.9333333333333333
919_O-418	18.0	13.0	3.213711947658654	0.8679593721144968	0.9122807017543859
91_O-418	15.2	14.0	3.0275723401283474	0.80615234375	0.9375
920_O-418	10.0	10.0	2.855084003328247	0.8264646914680329	0.9850746268656716
921_O-418	12.25	12.0	3.1110708157832265	0.8537981269510926	0.967741935483871
922_O-418	16.428571428571427	16.0	3.4582913296776057	0.8614540466392318	0.9444444444444444
923_O-418	13.6	13.0	3.035985267751116	0.83349609375	0.953125
924_O-418	14.25	14.0	3.3570724441915627	0.871463577634217	0.9701492537313433
925_O-418	17.75	14.0	3.0026005857497853	0.8198793450158001	0.8983050847457628
926_O-418	15.2	14.0	3.2003874063068793	0.8507653061224489	0.9285714285714286
927_O-418	16.75	13.0	2.7749847815319963	0.7806122448979592	0.8928571428571429
928_O-418	14.0	11.0	2.8712634711329446	0.8257851239669421	0.9272727272727272
929_O-418	10.0	10.0	2.7619544148763158	0.7984693877551021	0.9821428571428571
92_O-418	13.0	13.0	3.2736930360408665	0.8618213157138753	1.0
930_O-418	21.5	14.0	2.9498376288991537	0.7949999999999999	0.9
931_O-418	15.6	15.0	3.447373923733977	0.8798185941043084	0.9523809523809523
932_O-418	12.5	12.0	3.0540126388504314	0.826530612244898	0.9642857142857143
933_O-418	16.0	13.0	3.155775892805317	0.8468934911242604	0.9230769230769231
934_O-418	12.0	11.0	2.6765381022047237	0.7798978769148079	0.9508196721311475
935_O-418	14.75	14.0	3.3065324587472915	0.8657648283038502	0.9516129032258065
936_O-418	17.5	15.0	3.3100085599530322	0.8558673469387755	0.9107142857142857
937_O-418	13.25	13.0	3.247189237106527	0.8626634958382877	0.9655172413793104
938_O-418	10.0	10.0	2.941296180729053	0.8450491307634165	0.9841269841269842
939_O-418	13.5	12.0	3.0449622746486718	0.8344444444444444	0.95
93_O-418	13.0	13.0	3.437124204308499	0.8932231404958677	0.9818181818181818
940_O-418	18.0	13.0	2.9632350114658275	0.8216735253772292	0.8888888888888888
941_O-418	11.5	10.0	2.75254847089693	0.8158677685950413	0.9454545454545454
942_O-418	15.6	15.0	3.3885390522623196	0.8677248677248677	0.9523809523809523
943_O-418	15.0	15.0	3.4377596502890735	0.8667282240689443	0.9824561403508771
944_O-418	15.2	14.0	3.320651145508966	0.8759618344105878	0.9298245614035088
945_O-418	16.0	15.0	3.319703968462565	0.8654729109274564	0.9393939393939394
946_O-418	13.166666666666666	13.0	3.1653459396371986	0.8443877551020408	0.9642857142857143
947_O-418	15.0	13.0	2.9357434816348187	0.80078125	0.9375
948_O-418	13.0	12.0	3.0776951669626493	0.8514030612244898	0.9464285714285714
949_O-418	12.6	12.0	2.9815336897536486	0.8250672818146867	0.9411764705882353
94_O-418	12.75	12.0	3.006243277635848	0.8430769230769231	0.9538461538461538
950_O-418	11.0	11.0	2.8850497101710055	0.8049940546967895	1.0
951_O-418	10.0	10.0	2.953310076522892	0.8365650969529086	1.0
952_O-418	12.25	12.0	3.0056400839593502	0.8340828402366864	0.9692307692307692
953_O-418	14.333333333333334	14.0	3.451123078804963	0.8870967741935484	0.967741935483871
954_O-418	16.2	15.0	3.23967483200145	0.8379467884977156	0.9344262295081968
955_O-418	17.0	12.0	2.834638067636633	0.8164320597529445	0.9152542372881356
956_O-418	12.5	11.0	2.892854097414264	0.8227777777777778	0.95
957_O-418	17.0	12.0	2.8371758917157615	0.7988608045567818	0.9056603773584906
958_O-418	14.5	13.0	3.4122331515828477	0.8869659275283938	0.9302325581395349
959_O-418	14.2	14.0	3.29965286686053	0.8605619146722164	0.967741935483871
95_O-418	14.0	14.0	3.2693012212329986	0.8440103418557885	0.9830508474576272
960_O-418	11.0	11.0	2.8360269574244343	0.8055885850178359	0.9827586206896551
961_O-418	13.333333333333334	13.0	3.2570986178715713	0.8577994829072105	0.9661016949152542
962_O-418	14.5	13.0	2.96548169820151	0.8106139438085328	0.935483870967742
963_O-418	11.166666666666666	11.0	2.8538252250723892	0.8173779315647828	0.9607843137254902
964_O-418	14.25	14.0	3.4144982268402084	0.8822222222222222	0.9666666666666667
965_O-418	16.333333333333332	13.0	3.0763844221091374	0.8415806336774653	0.9056603773584906
966_O-418	16.5	16.0	3.415386542788836	0.8629984406326576	0.9552238805970149
967_O-418	15.6	15.0	3.405780120188217	0.8762130177514793	0.9538461538461538
968_O-418	12.0	12.0	3.108661120446907	0.8486067222062625	0.9830508474576272
969_O-418	11.75	11.0	2.6875033000301762	0.7778355879292405	0.9516129032258065
96_O-418	15.2	14.0	3.2487252384575576	0.8565325738697045	0.9245283018867925
970_O-418	13.75	13.0	3.164452733155905	0.8556311413454271	0.9523809523809523
971_O-418	13.5	13.0	3.2761003236356325	0.8663911845730028	0.9696969696969697
972_O-418	13.5	13.0	3.0970156885467475	0.8429752066115703	0.9454545454545454
973_O-418	13.0	12.0	3.018914603764295	0.8388888888888889	0.95
974_O-418	15.75	15.0	3.4635126912325167	0.8803329864724245	0.9516129032258065
975_O-418	15.2	14.0	3.1620309757201626	0.8449531737773153	0.935483870967742
976_O-418	12.75	12.0	2.771126459621691	0.7828024058810426	0.9552238805970149
977_O-418	12.2	12.0	3.0286836639460533	0.8360768175582991	0.962962962962963
978_O-418	14.0	13.0	3.178294649523524	0.8583333333333334	0.95
979_O-418	12.75	12.0	3.076865122048473	0.8519544475223146	0.9473684210526316
97_O-418	14.5	14.0	3.2087060239392127	0.8491155046826222	0.9516129032258065
980_O-418	13.75	13.0	3.16575821796406	0.8450255102040817	0.9464285714285714
981_O-418	13.0	13.0	3.2186618658040547	0.8567493112947658	0.9848484848484849
982_O-418	15.2	15.0	3.5321240321050644	0.8906064209274673	0.9655172413793104
983_O-418	15.75	15.0	3.150391997083975	0.8211570247933885	0.9272727272727272
984_O-418	13.0	12.0	2.9556151274009523	0.83	0.95
985_O-418	13.0	13.0	3.2210616163116166	0.8489042675893888	0.9803921568627451
986_O-418	14.0	11.0	2.7462971690059343	0.8008323424494649	0.9310344827586207
987_O-418	13.2	12.0	2.9018634043225635	0.8187869822485208	0.9230769230769231
988_O-418	12.0	12.0	3.1318323712082194	0.8533333333333333	0.9833333333333333
989_O-418	20.0	15.0	3.3110042488716447	0.8691212039774254	0.9016393442622951
98_O-418	11.0	10.0	2.8505442140873973	0.8128698224852071	0.9615384615384616
990_O-418	17.142857142857142	15.0	2.9238561844416964	0.7842573972996265	0.8983050847457628
991_O-418	16.0	15.0	3.1681220273486974	0.8322222222222222	0.9333333333333333
992_O-418	14.0	11.0	2.899011786791555	0.8330366678533285	0.9245283018867925
993_O-418	13.75	13.0	3.0828257091412796	0.8304219295888202	0.9508196721311475
994_O-418	12.0	12.0	3.0631880149689863	0.83154296875	0.984375
995_O-418	16.2	15.0	3.4128448938680567	0.8820209621069605	0.9344262295081968
996_O-418	13.75	13.0	3.0779108148769345	0.8322222222222222	0.95
997_O-418	12.25	12.0	3.065614578286706	0.8460569412950365	0.9682539682539683
998_O-418	13.333333333333334	13.0	3.3079321020537127	0.8751300728407908	0.967741935483871
999_O-418	12.0	12.0	3.252088079663197	0.8693485226059096	0.9811320754716981
99_O-418	14.333333333333334	14.0	3.3906259924173607	0.8787878787878788	0.9696969696969697
9_O-418	12.0	12.0	3.1602291232694544	0.8608815426997245	0.9848484848484849
