	chao1	observed_otus	shannon	simpson	goods_coverage
1000_OMC-288	4.0	4.0	1.8732565879189509	0.7048540294854612	1.0
100_OMC-288	4.0	4.0	1.9320135422409173	0.7249947970863684	1.0
101_OMC-288	4.0	4.0	1.9245181939205611	0.723328	1.0
102_OMC-288	4.0	4.0	1.8958854936097123	0.7116158884682411	1.0
103_OMC-288	4.0	4.0	1.949401174390932	0.732151684203093	1.0
104_OMC-288	4.0	4.0	1.9419159953145586	0.7302604743313327	1.0
105_OMC-288	4.0	4.0	1.9420995799186969	0.7290745378016943	1.0
106_OMC-288	4.0	4.0	1.964840383851502	0.7381290038632696	1.0
107_OMC-288	4.0	4.0	1.9445481426279143	0.7294244217321141	1.0
108_OMC-288	4.0	4.0	1.9282153031473694	0.7233673469387755	1.0
109_OMC-288	4.0	4.0	1.9490668291341646	0.7313850308641976	1.0
10_OMC-288	4.0	4.0	1.92456133432104	0.7223469387755102	1.0
110_OMC-288	4.0	4.0	1.8704612194117936	0.7040543550902205	1.0
111_OMC-288	4.0	4.0	1.9415756955838945	0.7279505284855927	1.0
112_OMC-288	4.0	4.0	1.9392952074291245	0.7303688823959095	1.0
113_OMC-288	4.0	4.0	1.9379122737570393	0.7281697862009554	1.0
114_OMC-288	4.0	4.0	1.9606940412344118	0.7360213856092671	1.0
115_OMC-288	4.0	4.0	1.9162506613727002	0.7188581314878892	1.0
116_OMC-288	4.0	4.0	1.934923074384402	0.7266941015089163	1.0
117_OMC-288	4.0	4.0	1.9277246462338558	0.7223999999999999	1.0
118_OMC-288	4.0	4.0	1.9476574236214588	0.7312827033106754	1.0
119_OMC-288	4.0	4.0	1.9681706435788513	0.738255033557047	1.0
11_OMC-288	4.0	4.0	1.926019541737256	0.7220890997114773	1.0
120_OMC-288	4.0	4.0	1.925946525237291	0.7216529293829361	1.0
121_OMC-288	4.0	4.0	1.9195519533137921	0.72236817414149	1.0
122_OMC-288	4.0	4.0	1.940879519524045	0.7286200378071834	1.0
123_OMC-288	4.0	4.0	1.8858191620727458	0.7127810650887574	1.0
124_OMC-288	4.0	4.0	1.9063745752711547	0.719122085048011	1.0
125_OMC-288	4.0	4.0	1.9452554906704072	0.7297769416823434	1.0
126_OMC-288	4.0	4.0	1.9117304112583968	0.716863443974159	1.0
127_OMC-288	4.0	4.0	1.9264900057424306	0.7236654473308947	1.0
128_OMC-288	4.0	4.0	1.9604621651119052	0.7359763313609466	1.0
129_OMC-288	4.0	4.0	1.9037048230179425	0.7142559833506764	1.0
12_OMC-288	4.0	4.0	1.9135436556726346	0.7190911116061484	1.0
130_OMC-288	4.0	4.0	1.9324558814179653	0.7244120707596253	1.0
131_OMC-288	4.0	4.0	1.9766796636835637	0.7422367841948261	1.0
132_OMC-288	4.0	4.0	1.9386651536018427	0.728832	1.0
133_OMC-288	4.0	4.0	1.9663300753220956	0.7379433289547758	1.0
134_OMC-288	4.0	4.0	1.855065506035567	0.6997989083596667	1.0
135_OMC-288	4.0	4.0	1.9077129054922803	0.7153381893860562	1.0
136_OMC-288	4.0	4.0	1.9148649243168747	0.7193254386508773	1.0
137_OMC-288	4.0	4.0	1.9415521881521818	0.7286254572509145	1.0
138_OMC-288	4.0	4.0	1.8579757570917166	0.6945074326026707	1.0
139_OMC-288	4.0	4.0	1.9618869406496078	0.7366024973985432	1.0
13_OMC-288	4.0	4.0	1.931824512552111	0.7251964497710441	1.0
140_OMC-288	4.0	4.0	1.9312680943286846	0.7251297577854672	1.0
141_OMC-288	4.0	4.0	1.9612117546004928	0.7356872354644687	1.0
142_OMC-288	4.0	4.0	1.928599832293668	0.7256208911614317	1.0
143_OMC-288	4.0	4.0	1.9190418920944838	0.7229895299621296	1.0
144_OMC-288	4.0	4.0	1.8792605434335026	0.7065007716049383	1.0
145_OMC-288	4.0	4.0	1.8571787456392785	0.6976131687242798	1.0
146_OMC-288	4.0	4.0	1.9027387806475697	0.7143563307676011	1.0
147_OMC-288	4.0	4.0	1.9482036972291323	0.7312989467998919	1.0
148_OMC-288	4.0	4.0	1.9425867782729958	0.7291548056518814	1.0
149_OMC-288	4.0	4.0	1.966116119741482	0.7380480063479469	1.0
14_OMC-288	4.0	4.0	1.902712946752367	0.7142487448889809	1.0
150_OMC-288	4.0	4.0	1.8775879221628744	0.7055147788137275	1.0
151_OMC-288	4.0	4.0	1.9037522433894807	0.7186998602556804	1.0
152_OMC-288	4.0	4.0	1.859302598978286	0.7027177545110269	1.0
153_OMC-288	4.0	4.0	1.8620099836905837	0.7033860548006238	1.0
154_OMC-288	4.0	4.0	1.9048499590054602	0.7172966893246614	1.0
155_OMC-288	4.0	4.0	1.9218628610500796	0.7239671347823553	1.0
156_OMC-288	4.0	4.0	1.879528032204906	0.7055250679311631	1.0
157_OMC-288	4.0	4.0	1.961864435345708	0.7367838639907449	1.0
158_OMC-288	4.0	4.0	1.9075143946331672	0.7199104907027546	1.0
159_OMC-288	4.0	4.0	1.9755110452073854	0.7411796982167352	1.0
15_OMC-288	4.0	4.0	1.9173107744718048	0.7205486968449931	1.0
160_OMC-288	4.0	4.0	1.9795116884961643	0.7433777777777777	1.0
161_OMC-288	4.0	4.0	1.8946891560594725	0.7096509801243085	1.0
162_OMC-288	4.0	4.0	1.902014503533887	0.7133838383838383	1.0
163_OMC-288	4.0	4.0	1.9420735812391243	0.7307341124908693	1.0
164_OMC-288	4.0	4.0	1.943273972488212	0.7311717715408603	1.0
165_OMC-288	4.0	4.0	1.8408885788079745	0.6918367346938776	1.0
166_OMC-288	4.0	4.0	1.9759654033219884	0.7413358538122243	1.0
167_OMC-288	4.0	4.0	1.9633053444839978	0.7367467632798763	1.0
168_OMC-288	4.0	4.0	1.9106437327630927	0.7168367346938775	1.0
169_OMC-288	4.0	4.0	1.9112293027045186	0.716822059115255	1.0
16_OMC-288	4.0	4.0	1.930899918629376	0.7242407941708641	1.0
170_OMC-288	4.0	4.0	1.852708128687816	0.700416	1.0
171_OMC-288	4.0	4.0	1.9126068022296927	0.7187637537287888	1.0
172_OMC-288	4.0	4.0	1.9485706774036728	0.7306094612189225	1.0
173_OMC-288	4.0	4.0	1.909495008592607	0.7200935620405435	1.0
174_OMC-288	4.0	4.0	1.911350452186057	0.7190271432410642	1.0
175_OMC-288	4.0	4.0	1.9197103719131021	0.7213360855695252	1.0
176_OMC-288	4.0	4.0	1.942381320046828	0.7305663594224518	1.0
177_OMC-288	4.0	4.0	1.9023590976081803	0.7163494326988653	1.0
178_OMC-288	4.0	4.0	1.9443683150198274	0.7293266174385056	1.0
179_OMC-288	4.0	4.0	1.897518834446997	0.7150848765432098	1.0
17_OMC-288	4.0	4.0	1.9646611645438357	0.7380527463811224	1.0
180_OMC-288	4.0	4.0	1.9450148052653145	0.7310180632472439	1.0
181_OMC-288	4.0	4.0	1.943172143357499	0.7295234661378522	1.0
182_OMC-288	4.0	4.0	1.9183997491112996	0.7210650887573964	1.0
183_OMC-288	4.0	4.0	1.908954609659174	0.7176768624507412	1.0
184_OMC-288	4.0	4.0	1.9169457723358436	0.7205242310137415	1.0
185_OMC-288	4.0	4.0	1.9483884136097267	0.7305349794238684	1.0
186_OMC-288	4.0	4.0	1.863512849386598	0.7011246430860673	1.0
187_OMC-288	4.0	4.0	1.9107011405454886	0.7163632951773315	1.0
188_OMC-288	4.0	4.0	1.9105881255379116	0.7170032764438359	1.0
189_OMC-288	4.0	4.0	1.9376270203541321	0.7270054836338968	1.0
18_OMC-288	4.0	4.0	1.9492668188187972	0.7336823345956783	1.0
190_OMC-288	4.0	4.0	1.9544398805622327	0.7348148148148148	1.0
191_OMC-288	4.0	4.0	1.8869670157664244	0.7165289256198347	1.0
192_OMC-288	4.0	4.0	1.9088927131849434	0.72	1.0
193_OMC-288	4.0	4.0	1.9245667711987169	0.7237755102040817	1.0
194_OMC-288	4.0	4.0	1.883356761287345	0.7125445897740785	1.0
195_OMC-288	4.0	4.0	1.9182528454295784	0.7188057925014878	1.0
196_OMC-288	4.0	4.0	1.9237638359501685	0.7225800639610829	1.0
197_OMC-288	4.0	4.0	1.8935661501849	0.7113001470279353	1.0
198_OMC-288	4.0	4.0	1.876466461072946	0.7089947089947091	1.0
199_OMC-288	4.0	4.0	1.9437927547202254	0.7296786389413988	1.0
19_OMC-288	4.0	4.0	1.9572374111786754	0.7347814776274714	1.0
1_OMC-288	4.0	4.0	1.8996850923689876	0.7117697401017973	1.0
200_OMC-288	4.0	4.0	1.8470748348881005	0.6969381688466112	1.0
201_OMC-288	4.0	4.0	1.9376997708649606	0.7279904875148633	1.0
202_OMC-288	4.0	4.0	1.9484853919040341	0.7318672839506173	1.0
203_OMC-288	4.0	4.0	1.8941312505072747	0.7125510204081632	1.0
204_OMC-288	4.0	4.0	1.9322155572940038	0.724383871195537	1.0
205_OMC-288	4.0	4.0	1.8650305179443738	0.6994328922495274	1.0
206_OMC-288	4.0	4.0	1.9045741927874762	0.7149733450649552	1.0
207_OMC-288	4.0	4.0	1.8477921630436307	0.6901061314823198	1.0
208_OMC-288	4.0	4.0	1.9270504702035716	0.7252236869066321	1.0
209_OMC-288	4.0	4.0	1.9065291337350185	0.7149218749999999	1.0
20_OMC-288	4.0	4.0	1.8906570061876955	0.7115555555555555	1.0
210_OMC-288	4.0	4.0	1.9483749166164845	0.7323778571048005	1.0
211_OMC-288	4.0	4.0	1.938381673605377	0.7285441830896376	1.0
212_OMC-288	4.0	4.0	1.9145181878911253	0.720987899226344	1.0
213_OMC-288	4.0	4.0	1.8887096179738398	0.7072228470829869	1.0
214_OMC-288	4.0	4.0	1.9037016960573483	0.715	1.0
215_OMC-288	4.0	4.0	1.9491814951499193	0.7327297668038408	1.0
216_OMC-288	4.0	4.0	1.8896949112274701	0.7128954961122793	1.0
217_OMC-288	4.0	4.0	1.8668671829275625	0.6996681025351317	1.0
218_OMC-288	4.0	4.0	1.9468454370972135	0.7328886485187188	1.0
219_OMC-288	4.0	4.0	1.9293871747177145	0.7230555555555556	1.0
21_OMC-288	4.0	4.0	1.903600155951352	0.7132955261499685	1.0
220_OMC-288	4.0	4.0	1.957323985365429	0.7350551213705294	1.0
221_OMC-288	4.0	4.0	1.8843119160782078	0.7084215559046513	1.0
222_OMC-288	4.0	4.0	1.8904094245834808	0.7079174158348316	1.0
223_OMC-288	4.0	4.0	1.969238587160144	0.7400607301744226	1.0
224_OMC-288	4.0	4.0	1.9347031660520508	0.7251367419738406	1.0
225_OMC-288	4.0	4.0	1.936124723155297	0.7264537633439935	1.0
226_OMC-288	4.0	4.0	1.9788098360569488	0.7430073398135291	1.0
227_OMC-288	4.0	4.0	1.916056881757311	0.7194082840236686	1.0
228_OMC-288	4.0	4.0	1.9105268444824992	0.7167137300868454	1.0
229_OMC-288	4.0	4.0	1.9531950906829427	0.7325102880658436	1.0
22_OMC-288	4.0	4.0	1.9542383368804683	0.7334222222222222	1.0
230_OMC-288	4.0	4.0	1.9467027805176884	0.7316321148930991	1.0
231_OMC-288	4.0	4.0	1.93900602986322	0.7294497660948986	1.0
232_OMC-288	4.0	4.0	1.9040887814100713	0.7171975941189574	1.0
233_OMC-288	4.0	4.0	1.9497492838258814	0.7317321486417696	1.0
234_OMC-288	4.0	4.0	1.9508102035660058	0.732528093263626	1.0
235_OMC-288	4.0	4.0	1.9436835458294648	0.7294497660948986	1.0
236_OMC-288	4.0	4.0	1.8863542385191494	0.7101081724548419	1.0
237_OMC-288	4.0	4.0	1.957773442886759	0.7341736028537456	1.0
238_OMC-288	4.0	4.0	1.957186948110247	0.7347050754458162	1.0
239_OMC-288	4.0	4.0	1.9542260328602825	0.7332387891828451	1.0
23_OMC-288	4.0	4.0	1.9188074783365254	0.7213541666666666	1.0
240_OMC-288	4.0	4.0	1.9143583454419275	0.7175612028362921	1.0
241_OMC-288	4.0	4.0	1.9060115354781484	0.7165292938293606	1.0
242_OMC-288	4.0	4.0	1.9281363950687123	0.723265306122449	1.0
243_OMC-288	4.0	4.0	1.8790456288956294	0.7056245434623813	1.0
244_OMC-288	4.0	4.0	1.9197740168658288	0.7207182192604933	1.0
245_OMC-288	4.0	4.0	1.9219915178042546	0.720896	1.0
246_OMC-288	4.0	4.0	1.9484834879537831	0.7306238185255198	1.0
247_OMC-288	4.0	4.0	1.8829665038692642	0.7075194286914515	1.0
248_OMC-288	4.0	4.0	1.9344769433848534	0.7286694101508916	1.0
249_OMC-288	4.0	4.0	1.9255801977148852	0.7249254242261235	1.0
24_OMC-288	4.0	4.0	1.938552077774246	0.7281293394167824	1.0
250_OMC-288	4.0	4.0	1.9235478285944034	0.7209903251006551	1.0
251_OMC-288	4.0	4.0	1.9612601198131392	0.7368986831496909	1.0
252_OMC-288	4.0	4.0	1.9214482212929969	0.7212877180270172	1.0
253_OMC-288	4.0	4.0	1.8862289445281224	0.7086801426872771	1.0
254_OMC-288	4.0	4.0	1.9550454618213098	0.7332953780860204	1.0
255_OMC-288	4.0	4.0	1.9014531203359237	0.7194809114229667	1.0
256_OMC-288	4.0	4.0	1.9464937144004317	0.7302934630712696	1.0
257_OMC-288	4.0	4.0	1.9461746685002013	0.7306666666666667	1.0
258_OMC-288	4.0	4.0	1.8857819340258126	0.7081268365422569	1.0
259_OMC-288	4.0	4.0	1.9563526272030358	0.735034293552812	1.0
25_OMC-288	4.0	4.0	1.95371110131636	0.7335632313867375	1.0
260_OMC-288	4.0	4.0	1.9547208258355346	0.7344045368620038	1.0
261_OMC-288	4.0	4.0	1.9429931166925132	0.7303890306122449	1.0
262_OMC-288	4.0	4.0	1.9258178102876626	0.7215982609595777	1.0
263_OMC-288	4.0	4.0	1.9339891425086018	0.7248888888888889	1.0
264_OMC-288	4.0	4.0	1.9523828232111984	0.7323454646909293	1.0
265_OMC-288	4.0	4.0	1.9050902562028857	0.714041716267274	1.0
266_OMC-288	4.0	4.0	1.964329270107033	0.7376734842951059	1.0
267_OMC-288	4.0	4.0	1.8955875753402356	0.7109183673469388	1.0
268_OMC-288	4.0	4.0	1.9000247682547755	0.712832	1.0
269_OMC-288	4.0	4.0	1.904174386362155	0.7153429287337568	1.0
26_OMC-288	4.0	4.0	1.9333564906772152	0.724952741020794	1.0
270_OMC-288	4.0	4.0	1.934815623129611	0.7271374727236659	1.0
271_OMC-288	4.0	4.0	1.8240750274329607	0.6853542731921111	1.0
272_OMC-288	4.0	4.0	1.9661187185110491	0.7378560993425858	1.0
273_OMC-288	4.0	4.0	1.9475399286525121	0.7317385049816186	1.0
274_OMC-288	4.0	4.0	1.916128856421209	0.7213508803557479	1.0
275_OMC-288	4.0	4.0	1.9688960866327987	0.7384868421052632	1.0
276_OMC-288	4.0	4.0	1.9565046031714979	0.7340828402366864	1.0
277_OMC-288	4.0	4.0	1.8937536363478316	0.7138310185185185	1.0
278_OMC-288	4.0	4.0	1.9297512619286228	0.7244897959183674	1.0
279_OMC-288	4.0	4.0	1.9114552880646423	0.7196356656253529	1.0
27_OMC-288	4.0	4.0	1.9421931038782783	0.7294929051953192	1.0
280_OMC-288	4.0	4.0	1.8361827033142966	0.6970174333123293	1.0
281_OMC-288	4.0	4.0	1.9097366483087848	0.7183334366668733	1.0
282_OMC-288	4.0	4.0	1.934773166429634	0.7268368053705578	1.0
283_OMC-288	4.0	4.0	1.9431382574140943	0.7306094612189225	1.0
284_OMC-288	4.0	4.0	1.901498745732218	0.7149075696760698	1.0
285_OMC-288	4.0	4.0	1.923322911541882	0.7240399233260625	1.0
286_OMC-288	4.0	4.0	1.9261909053585646	0.7240484429065743	1.0
287_OMC-288	4.0	4.0	1.9148222318517567	0.7187950648934466	1.0
288_OMC-288	4.0	4.0	1.9266188551873937	0.7254384747096118	1.0
289_OMC-288	4.0	4.0	1.9578533129836735	0.7362041839053668	1.0
28_OMC-288	4.0	4.0	1.8833292652561573	0.7097657587168077	1.0
290_OMC-288	4.0	4.0	1.8917964082238428	0.7152467635253548	1.0
291_OMC-288	4.0	4.0	1.9433161531459877	0.7293942138632852	1.0
292_OMC-288	4.0	4.0	1.8755755136867847	0.7031807768128298	1.0
293_OMC-288	4.0	4.0	1.9290193002097575	0.7245918367346939	1.0
294_OMC-288	4.0	4.0	1.851903603658181	0.6987215982609596	1.0
295_OMC-288	4.0	4.0	1.913419477220548	0.7182559344173686	1.0
296_OMC-288	4.0	4.0	1.9176813123101235	0.7205654411308823	1.0
297_OMC-288	4.0	4.0	1.9483934249068717	0.7326326921805804	1.0
298_OMC-288	4.0	4.0	1.9506521877002836	0.7316319462944216	1.0
299_OMC-288	4.0	4.0	1.9538700304786059	0.7333981211532232	1.0
29_OMC-288	4.0	4.0	1.913980304715014	0.7188773200543233	1.0
2_OMC-288	4.0	4.0	1.9030491074872644	0.7141669519291898	1.0
300_OMC-288	4.0	4.0	1.9244027094106646	0.7218052167386001	1.0
301_OMC-288	4.0	4.0	1.95352095112747	0.7328	1.0
302_OMC-288	4.0	4.0	1.9330699348943372	0.7259483713070334	1.0
303_OMC-288	4.0	4.0	1.913056118587691	0.720327913157065	1.0
304_OMC-288	4.0	4.0	1.9956315936510405	0.7484963243484072	1.0
305_OMC-288	4.0	4.0	1.9528980241610407	0.7323363010394282	1.0
306_OMC-288	4.0	4.0	1.9071877894734655	0.71488	1.0
307_OMC-288	4.0	4.0	1.9459168933001572	0.7306101043062759	1.0
308_OMC-288	4.0	4.0	1.9124101841244041	0.7191789833779221	1.0
309_OMC-288	4.0	4.0	1.9569942210965316	0.7357266435986158	1.0
30_OMC-288	4.0	4.0	1.9611500245101103	0.7366832654293044	1.0
310_OMC-288	4.0	4.0	1.9313716889768773	0.7252150294250792	1.0
311_OMC-288	4.0	4.0	1.9587931802271175	0.7347195967233775	1.0
312_OMC-288	4.0	4.0	1.921025812389815	0.7219753086419753	1.0
313_OMC-288	4.0	4.0	1.7997052240642573	0.6855357250165255	1.0
314_OMC-288	4.0	4.0	1.9552795558451477	0.733627322199287	1.0
315_OMC-288	4.0	4.0	1.914190812192886	0.7198833056687289	1.0
316_OMC-288	4.0	4.0	1.9030531165879419	0.7177777777777777	1.0
317_OMC-288	4.0	4.0	1.9199417482072678	0.7199821786589441	1.0
318_OMC-288	4.0	4.0	1.9197968835929684	0.7229014411583908	1.0
319_OMC-288	4.0	4.0	1.9552997312248217	0.7339309040133327	1.0
31_OMC-288	4.0	4.0	1.9111141341168034	0.7175661995844211	1.0
320_OMC-288	4.0	4.0	1.9596274971061027	0.7364835640138409	1.0
321_OMC-288	4.0	4.0	1.9483782009170425	0.7318672621403133	1.0
322_OMC-288	4.0	4.0	1.9042444351075418	0.7133412604042806	1.0
323_OMC-288	4.0	4.0	1.9011794737654673	0.712295317437518	1.0
324_OMC-288	4.0	4.0	1.937295219491886	0.7269260416244067	1.0
325_OMC-288	4.0	4.0	1.954712947832771	0.73375	1.0
326_OMC-288	4.0	4.0	1.9584304862887245	0.7348394768133175	1.0
327_OMC-288	4.0	4.0	1.8452509737395484	0.6978650274307621	1.0
328_OMC-288	4.0	4.0	1.9468704554940568	0.7310091334372911	1.0
329_OMC-288	4.0	4.0	1.9474447140639686	0.7317421124828533	1.0
32_OMC-288	4.0	4.0	1.938552077774246	0.7281293394167824	1.0
330_OMC-288	4.0	4.0	1.9512316392544455	0.7329353510111527	1.0
331_OMC-288	4.0	4.0	1.917379452674344	0.7226729162910883	1.0
332_OMC-288	4.0	4.0	1.9316745562108817	0.7256627311205168	1.0
333_OMC-288	4.0	4.0	1.9326262664797151	0.7251367419738407	1.0
334_OMC-288	4.0	4.0	1.9154035640648184	0.7201424397370343	1.0
335_OMC-288	4.0	4.0	1.9192056627423182	0.7217751479289941	1.0
336_OMC-288	4.0	4.0	1.8573209539237416	0.7003061224489796	1.0
337_OMC-288	4.0	4.0	1.9479251799098638	0.7309183673469388	1.0
338_OMC-288	4.0	4.0	1.9336708458053284	0.7269252049695689	1.0
339_OMC-288	4.0	4.0	1.898283983359273	0.7134186647437053	1.0
33_OMC-288	4.0	4.0	1.9045157964851225	0.7160627366143861	1.0
340_OMC-288	4.0	4.0	1.9677472868794033	0.7380688771050639	1.0
341_OMC-288	4.0	4.0	1.9713390014643224	0.7398611111111111	1.0
342_OMC-288	4.0	4.0	1.9491305615736096	0.7316446124763705	1.0
343_OMC-288	4.0	4.0	1.8612479028264795	0.699392	1.0
344_OMC-288	4.0	4.0	1.928153545488501	0.7272727272727273	1.0
345_OMC-288	4.0	4.0	1.8604175286139661	0.7017458066409115	1.0
346_OMC-288	4.0	4.0	1.873252310908318	0.7038241415192508	1.0
347_OMC-288	4.0	4.0	1.922644690178484	0.7237545820563668	1.0
348_OMC-288	4.0	4.0	1.910730966409741	0.7201212050579804	1.0
349_OMC-288	4.0	4.0	1.950092329902461	0.7330140343060816	1.0
34_OMC-288	4.0	4.0	1.9397861260806606	0.729686620379058	1.0
350_OMC-288	4.0	4.0	1.9249551519737362	0.7218147448015122	1.0
351_OMC-288	4.0	4.0	1.835537289694272	0.6857027680730986	1.0
352_OMC-288	4.0	4.0	1.9186700531494005	0.719281663516068	1.0
353_OMC-288	4.0	4.0	1.9430134231339904	0.7311503445500729	1.0
354_OMC-288	4.0	4.0	1.9453042169694514	0.7302449574971078	1.0
355_OMC-288	4.0	4.0	1.8424248745201774	0.6895018328225467	1.0
356_OMC-288	4.0	4.0	1.9586484234340797	0.7345712397091521	1.0
357_OMC-288	4.0	4.0	1.9397032586128762	0.7278571428571429	1.0
358_OMC-288	4.0	4.0	1.9510834743866152	0.7329106505407853	1.0
359_OMC-288	4.0	4.0	1.844840015496303	0.6929067367235879	1.0
35_OMC-288	4.0	4.0	1.9067413712770698	0.715181660899654	1.0
360_OMC-288	4.0	4.0	1.952376448219662	0.7349224779728161	1.0
361_OMC-288	4.0	4.0	1.9115102820939063	0.7187569614613499	1.0
362_OMC-288	4.0	4.0	1.9063467417909468	0.7165532879818595	1.0
363_OMC-288	4.0	4.0	1.9210544413447759	0.7227783203125	1.0
364_OMC-288	4.0	4.0	1.9564196606066626	0.7349632690541781	1.0
365_OMC-288	4.0	4.0	1.9714358068284037	0.7398894811482224	1.0
366_OMC-288	4.0	4.0	1.9779474078008434	0.7420154731204126	1.0
367_OMC-288	4.0	4.0	1.9171256902324676	0.7213168724279836	1.0
368_OMC-288	4.0	4.0	1.8962455198061487	0.7098789922634399	1.0
369_OMC-288	4.0	4.0	1.9440335841921075	0.7299936988027725	1.0
36_OMC-288	4.0	4.0	1.9170437649551473	0.7194917034236505	1.0
370_OMC-288	4.0	4.0	1.9793161518330626	0.7425537109375	1.0
371_OMC-288	4.0	4.0	1.9262170614643928	0.7264404296875	1.0
372_OMC-288	4.0	4.0	1.9097667825768296	0.7203927792104741	1.0
373_OMC-288	4.0	4.0	1.9452187092285045	0.7304058272632674	1.0
374_OMC-288	4.0	4.0	1.908684115410143	0.7159335116880838	1.0
375_OMC-288	4.0	4.0	1.8620747669830702	0.699599019826242	1.0
376_OMC-288	4.0	4.0	1.9285407409838236	0.7253521126760563	1.0
377_OMC-288	4.0	4.0	1.9629047236752106	0.7363814697449826	1.0
378_OMC-288	4.0	4.0	1.9321258582765455	0.7270894920720237	1.0
379_OMC-288	4.0	4.0	1.971383554021898	0.739990234375	1.0
37_OMC-288	4.0	4.0	1.9394302037723736	0.7289153984474365	1.0
380_OMC-288	4.0	4.0	1.924313661793891	0.7254944958554449	1.0
381_OMC-288	4.0	4.0	1.9030580438142575	0.7124081087101805	1.0
382_OMC-288	4.0	4.0	1.924213339941207	0.7223045267489712	1.0
383_OMC-288	4.0	4.0	1.901757700517617	0.7130581094886125	1.0
384_OMC-288	4.0	4.0	1.9457226648550783	0.7317717247787178	1.0
385_OMC-288	4.0	4.0	1.9191591920982223	0.721131601559918	1.0
386_OMC-288	4.0	4.0	1.9012148681021352	0.7151404786680541	1.0
387_OMC-288	4.0	4.0	1.8781883193247688	0.7051033737219043	1.0
388_OMC-288	4.0	4.0	1.8657831733765329	0.6996938775510204	1.0
389_OMC-288	4.0	4.0	1.9276816326243535	0.7235621521335807	1.0
38_OMC-288	4.0	4.0	1.921276189688567	0.7203560892293359	1.0
390_OMC-288	4.0	4.0	1.9241664200627255	0.7223378941106484	1.0
391_OMC-288	4.0	4.0	1.9815020257284304	0.7433345507669832	1.0
392_OMC-288	4.0	4.0	1.9172996294127933	0.7217558299039781	1.0
393_OMC-288	4.0	4.0	1.9377023150139185	0.7275287963382124	1.0
394_OMC-288	4.0	4.0	1.9219128027061185	0.7246320113452981	1.0
395_OMC-288	4.0	4.0	1.9255076113914895	0.7244333080822796	1.0
396_OMC-288	4.0	4.0	1.8990171286013957	0.7132991757629762	1.0
397_OMC-288	4.0	4.0	1.9006301262400755	0.7165532879818595	1.0
398_OMC-288	4.0	4.0	1.9803832288891297	0.7431065264828407	1.0
399_OMC-288	4.0	4.0	1.951936231409611	0.7332396193771626	1.0
39_OMC-288	4.0	4.0	1.9014763017111669	0.7139479905437353	1.0
3_OMC-288	4.0	4.0	1.9361064074632204	0.726015625	1.0
400_OMC-288	4.0	4.0	1.8853422307098788	0.7116643523110494	1.0
401_OMC-288	4.0	4.0	1.9259676592918564	0.7248959417273673	1.0
402_OMC-288	4.0	4.0	1.9233602630783826	0.7227586206896552	1.0
403_OMC-288	4.0	4.0	1.9285078843090844	0.7234295105916727	1.0
404_OMC-288	4.0	4.0	1.8807818155071632	0.7089180624717066	1.0
405_OMC-288	4.0	4.0	1.9090540551545667	0.7196150519031141	1.0
406_OMC-288	4.0	4.0	1.8823810018419915	0.7092826758347416	1.0
407_OMC-288	4.0	4.0	1.9169752842834888	0.7209624590576972	1.0
408_OMC-288	4.0	4.0	1.8503672257818882	0.69604944907283	1.0
409_OMC-288	4.0	4.0	1.953322431182512	0.733265306122449	1.0
40_OMC-288	4.0	4.0	1.9534719861679382	0.7343146364125386	1.0
410_OMC-288	4.0	4.0	1.9107025342576487	0.7208680142687278	1.0
411_OMC-288	4.0	4.0	1.92725134867812	0.72547784078975	1.0
412_OMC-288	4.0	4.0	1.9408578234261045	0.7285347819526181	1.0
413_OMC-288	4.0	4.0	1.9260093577171025	0.7255582660911991	1.0
414_OMC-288	4.0	4.0	1.8875370078458542	0.7073688271604939	1.0
415_OMC-288	4.0	4.0	1.9268014277680683	0.7243786982248521	1.0
416_OMC-288	4.0	4.0	1.8617387544386839	0.6991534862998441	1.0
417_OMC-288	4.0	4.0	1.937813372164865	0.7278251821019771	1.0
418_OMC-288	4.0	4.0	1.8864543919937415	0.7106290174471992	1.0
419_OMC-288	4.0	4.0	1.9507940083864295	0.7334501667703093	1.0
41_OMC-288	4.0	4.0	1.9141519862819203	0.717914951989026	1.0
420_OMC-288	4.0	4.0	1.9341779136475818	0.7260863529085103	1.0
421_OMC-288	4.0	4.0	1.962897253499831	0.736128	1.0
422_OMC-288	4.0	4.0	1.8879954331865547	0.7126558956916099	1.0
423_OMC-288	4.0	4.0	1.9435726809361487	0.7298875432525952	1.0
424_OMC-288	4.0	4.0	1.9346693825709538	0.7297178346129395	1.0
425_OMC-288	4.0	4.0	1.954461467078109	0.7349222073305752	1.0
426_OMC-288	4.0	4.0	1.897093188764196	0.715251690458302	1.0
427_OMC-288	4.0	4.0	1.875886481604314	0.7075072399198039	1.0
428_OMC-288	4.0	4.0	1.9475874053524929	0.7308574617149235	1.0
429_OMC-288	4.0	4.0	1.9619120964237555	0.7367307819419657	1.0
42_OMC-288	4.0	4.0	1.9227009763494036	0.7205845301083397	1.0
430_OMC-288	4.0	4.0	1.9789746117995262	0.7429250891795481	1.0
431_OMC-288	4.0	4.0	1.9469876193687132	0.7302843575103172	1.0
432_OMC-288	4.0	4.0	1.9640604333502665	0.736898683149691	1.0
433_OMC-288	4.0	4.0	1.8972819939117571	0.7152557718424627	1.0
434_OMC-288	4.0	4.0	1.9298723258232615	0.7250780437044745	1.0
435_OMC-288	4.0	4.0	1.918804261295055	0.7209771750944568	1.0
436_OMC-288	4.0	4.0	1.9389250633850263	0.7276530612244898	1.0
437_OMC-288	4.0	4.0	1.9181270455451938	0.7213922840903375	1.0
438_OMC-288	4.0	4.0	1.951996671631418	0.7322192694022791	1.0
439_OMC-288	4.0	4.0	1.8650696650696605	0.6985965693918468	1.0
43_OMC-288	4.0	4.0	1.900495700668347	0.7151649775556481	1.0
440_OMC-288	4.0	4.0	1.9493973810900174	0.7329972970998613	1.0
441_OMC-288	4.0	4.0	1.8687469100638932	0.7007254014508029	1.0
442_OMC-288	4.0	4.0	1.9028972324622937	0.7151714677640604	1.0
443_OMC-288	4.0	4.0	1.9345341876412985	0.7254628169902256	1.0
444_OMC-288	4.0	4.0	1.9282276443703426	0.7259472326919262	1.0
445_OMC-288	4.0	4.0	1.9200825382248308	0.7223841917719469	1.0
446_OMC-288	4.0	4.0	1.9464208179884717	0.7305511918584796	1.0
447_OMC-288	4.0	4.0	1.920604563833764	0.7205242310137415	1.0
448_OMC-288	4.0	4.0	1.9606313337140422	0.7364609053497942	1.0
449_OMC-288	4.0	4.0	1.8978184412358363	0.7117218445889775	1.0
44_OMC-288	4.0	4.0	1.9003196700378848	0.7144168962350781	1.0
450_OMC-288	4.0	4.0	1.8423404262334868	0.6904672546443986	1.0
451_OMC-288	4.0	4.0	1.9249320516124253	0.7241033637781242	1.0
452_OMC-288	4.0	4.0	1.9814828605869252	0.7436259822488552	1.0
453_OMC-288	4.0	4.0	1.9449741073865077	0.7309333333333333	1.0
454_OMC-288	4.0	4.0	1.9083254004360104	0.7146639883126369	1.0
455_OMC-288	4.0	4.0	1.9701466144012927	0.7392354547364	1.0
456_OMC-288	4.0	4.0	1.9112745096861603	0.7169212457845666	1.0
457_OMC-288	4.0	4.0	1.9266385961471006	0.72469723183391	1.0
458_OMC-288	4.0	4.0	1.9307289386689124	0.724068944290551	1.0
459_OMC-288	4.0	4.0	1.8773551777701345	0.709413988657845	1.0
45_OMC-288	4.0	4.0	1.8811163753952485	0.7081928188851419	1.0
460_OMC-288	4.0	4.0	1.9207843447112198	0.7225777777777778	1.0
461_OMC-288	4.0	4.0	1.8949307454984996	0.7132734312221491	1.0
462_OMC-288	4.0	4.0	1.902595603999337	0.7132438006136512	1.0
463_OMC-288	4.0	4.0	1.9422745476043684	0.7281207133058984	1.0
464_OMC-288	4.0	4.0	1.9172232065415948	0.722197072581862	1.0
465_OMC-288	4.0	4.0	1.9033259830354612	0.7175622975741953	1.0
466_OMC-288	4.0	4.0	1.9362895312190636	0.728745411106579	1.0
467_OMC-288	4.0	4.0	1.8744981787027906	0.7059171597633136	1.0
468_OMC-288	4.0	4.0	1.9120611501402038	0.7188033745665339	1.0
469_OMC-288	4.0	4.0	1.8539898974565618	0.6944444444444444	1.0
46_OMC-288	4.0	4.0	1.9058638720412449	0.7199960325332275	1.0
470_OMC-288	4.0	4.0	1.9266039019055903	0.7232915224913495	1.0
471_OMC-288	4.0	4.0	1.9373037594444569	0.7289986282578875	1.0
472_OMC-288	4.0	4.0	1.9511399124755846	0.7325855962219598	1.0
473_OMC-288	4.0	4.0	1.879536879401371	0.7120064279155188	1.0
474_OMC-288	4.0	4.0	1.9454216500797434	0.7309145489363904	1.0
475_OMC-288	4.0	4.0	1.9667597510918617	0.7383604366228559	1.0
476_OMC-288	4.0	4.0	1.9556261417713805	0.7337174211248285	1.0
477_OMC-288	4.0	4.0	1.9587628105491364	0.7354224058769514	1.0
478_OMC-288	4.0	4.0	1.938718403383273	0.7272270006538907	1.0
479_OMC-288	4.0	4.0	1.914050882000449	0.7196938775510204	1.0
47_OMC-288	4.0	4.0	1.9113630069629248	0.7174689401941552	1.0
480_OMC-288	4.0	4.0	1.909440974917808	0.7188033745665339	1.0
481_OMC-288	4.0	4.0	1.8964824277258745	0.7143877551020408	1.0
482_OMC-288	4.0	4.0	1.9570532393544808	0.7343456060198872	1.0
483_OMC-288	4.0	4.0	1.944303788345384	0.7297008547008548	1.0
484_OMC-288	4.0	4.0	1.9037205074817882	0.7155654174884944	1.0
485_OMC-288	4.0	4.0	1.8716774769187692	0.7069943289224953	1.0
486_OMC-288	4.0	4.0	1.9020829867569446	0.7136638588953588	1.0
487_OMC-288	4.0	4.0	1.946376294405736	0.7318367346938776	1.0
488_OMC-288	4.0	4.0	1.8777675151834745	0.7124513825989663	1.0
489_OMC-288	4.0	4.0	1.9460370928715656	0.7303434040157628	1.0
48_OMC-288	4.0	4.0	1.9368407389006608	0.7265947147620926	1.0
490_OMC-288	4.0	4.0	1.907604005219282	0.7204432841387394	1.0
491_OMC-288	4.0	4.0	1.9352079916140883	0.7269679930795847	1.0
492_OMC-288	4.0	4.0	1.9177835886448802	0.7215363511659808	1.0
493_OMC-288	4.0	4.0	1.8875774007663972	0.7062970677775997	1.0
494_OMC-288	4.0	4.0	1.9422972740515998	0.7315306122448979	1.0
495_OMC-288	4.0	4.0	1.921276189688567	0.7203560892293359	1.0
496_OMC-288	4.0	4.0	1.8930522111063712	0.7125377229080933	1.0
497_OMC-288	4.0	4.0	1.9422616225286082	0.7285260860940289	1.0
498_OMC-288	4.0	4.0	1.910595737778752	0.7194252617509468	1.0
499_OMC-288	4.0	4.0	1.9278627724512067	0.7244966616634749	1.0
49_OMC-288	4.0	4.0	1.9383682756116725	0.7275661401535527	1.0
4_OMC-288	4.0	4.0	1.9255160849591813	0.7235650328657937	1.0
500_OMC-288	4.0	4.0	1.9153924641790154	0.7198487712665407	1.0
501_OMC-288	4.0	4.0	1.8952549829539298	0.7098765432098766	1.0
502_OMC-288	4.0	4.0	1.8629140708417056	0.6981213962427925	1.0
503_OMC-288	4.0	4.0	1.9312009846586455	0.7247111111111111	1.0
504_OMC-288	4.0	4.0	1.9524826766584138	0.732544	1.0
505_OMC-288	4.0	4.0	1.9529086841007455	0.7332763671875	1.0
506_OMC-288	4.0	4.0	1.9217176603285662	0.7234760802469136	1.0
507_OMC-288	4.0	4.0	1.9301849101403958	0.7255622837370242	1.0
508_OMC-288	4.0	4.0	1.983724692564988	0.7440608664147819	1.0
509_OMC-288	4.0	4.0	1.927951325410934	0.7247959183673469	1.0
50_OMC-288	4.0	4.0	1.9808490788902302	0.7433628318584071	1.0
510_OMC-288	4.0	4.0	1.9158418747464476	0.7188934802571166	1.0
511_OMC-288	4.0	4.0	1.9542991489029535	0.7329072532699168	1.0
512_OMC-288	4.0	4.0	1.9273231337843963	0.7223469387755102	1.0
513_OMC-288	4.0	4.0	1.9020151015567666	0.7176054170514005	1.0
514_OMC-288	4.0	4.0	1.931682081713155	0.7276248817620827	1.0
515_OMC-288	4.0	4.0	1.8718494050831032	0.7031632653061225	1.0
516_OMC-288	4.0	4.0	1.974632929344084	0.7410837950138505	1.0
517_OMC-288	4.0	4.0	1.9523828232111986	0.7323454646909293	1.0
518_OMC-288	4.0	4.0	1.953927353139075	0.7331290186887807	1.0
519_OMC-288	4.0	4.0	1.9447315756714956	0.7303086523865745	1.0
51_OMC-288	4.0	4.0	1.9261124202227575	0.7232122967253286	1.0
520_OMC-288	4.0	4.0	1.949099918353787	0.7312901744719926	1.0
521_OMC-288	4.0	4.0	1.914645936030444	0.7205707491082045	1.0
522_OMC-288	4.0	4.0	1.924878159058529	0.7264401605517554	1.0
523_OMC-288	4.0	4.0	1.9166149057834805	0.7207701464727498	1.0
524_OMC-288	4.0	4.0	1.924790088151028	0.7238396743739047	1.0
525_OMC-288	4.0	4.0	1.9618534236246912	0.7357333333333334	1.0
526_OMC-288	4.0	4.0	1.934743293679745	0.725925925925926	1.0
527_OMC-288	4.0	4.0	1.9334837472120112	0.7270804415361226	1.0
528_OMC-288	4.0	4.0	1.9456308791404486	0.7296384222059897	1.0
529_OMC-288	4.0	4.0	1.9420111700302833	0.7315280682910283	1.0
52_OMC-288	4.0	4.0	1.9383940301511027	0.7289143598615917	1.0
530_OMC-288	4.0	4.0	1.9273346638760853	0.7237466034418456	1.0
531_OMC-288	4.0	4.0	1.886087284149784	0.7071005917159763	1.0
532_OMC-288	4.0	4.0	1.8920249789704944	0.7086152698598753	1.0
533_OMC-288	4.0	4.0	1.9294456881048774	0.7240399233260625	1.0
534_OMC-288	4.0	4.0	1.8882031637154606	0.7083693771626298	1.0
535_OMC-288	4.0	4.0	1.8896250867706412	0.7120080436656133	1.0
536_OMC-288	4.0	4.0	1.9224489784449257	0.7247036902851819	1.0
537_OMC-288	4.0	4.0	1.9548339676425035	0.7337646484375	1.0
538_OMC-288	4.0	4.0	1.8639301050286088	0.6990425799949609	1.0
539_OMC-288	4.0	4.0	1.959275375288403	0.7356288580246914	1.0
53_OMC-288	4.0	4.0	1.8642338030698058	0.6998377501352082	1.0
540_OMC-288	4.0	4.0	1.9366500264328241	0.7289646814404432	1.0
541_OMC-288	4.0	4.0	1.9383424026425342	0.7289079620160701	1.0
542_OMC-288	4.0	4.0	1.9237741723808273	0.723679948169744	1.0
543_OMC-288	4.0	4.0	1.9081792267207909	0.7160905178397889	1.0
544_OMC-288	4.0	4.0	1.9401238031208057	0.728537981269511	1.0
545_OMC-288	4.0	4.0	1.92079710656738	0.7232461355529132	1.0
546_OMC-288	4.0	4.0	1.9378982231103787	0.7272366593929775	1.0
547_OMC-288	4.0	4.0	1.9543063955978066	0.7333562901744719	1.0
548_OMC-288	4.0	4.0	1.927021901633061	0.7257777777777779	1.0
549_OMC-288	4.0	4.0	1.8609790233099819	0.7004444444444444	1.0
54_OMC-288	4.0	4.0	1.9157579713000321	0.7189068888773873	1.0
550_OMC-288	4.0	4.0	1.9687875337723009	0.7388772683588671	1.0
551_OMC-288	4.0	4.0	1.9221040406487384	0.7216460905349794	1.0
552_OMC-288	4.0	4.0	1.930005933049502	0.7250142332177424	1.0
553_OMC-288	4.0	4.0	1.9556070186949144	0.7339898607307267	1.0
554_OMC-288	4.0	4.0	1.917628125233052	0.7209683641975309	1.0
555_OMC-288	4.0	4.0	1.9775696879437823	0.7425722286729048	1.0
556_OMC-288	4.0	4.0	1.9819890994222944	0.7440204246170384	1.0
557_OMC-288	4.0	4.0	1.9627162163527334	0.7365783025172644	1.0
558_OMC-288	4.0	4.0	1.928387117647925	0.7241735537190083	1.0
559_OMC-288	4.0	4.0	1.9494427513344559	0.7312319002004901	1.0
55_OMC-288	4.0	4.0	1.9302638882338228	0.7255466753215141	1.0
560_OMC-288	4.0	4.0	1.894587647789215	0.7143241064230046	1.0
561_OMC-288	4.0	4.0	1.9270799195634782	0.7235996326905418	1.0
562_OMC-288	4.0	4.0	1.9383940301511027	0.7289143598615917	1.0
563_OMC-288	4.0	4.0	1.8764716820992013	0.7035038590260227	1.0
564_OMC-288	4.0	4.0	1.8399002892968257	0.6897382920110193	1.0
565_OMC-288	4.0	4.0	1.9244027094106646	0.7218052167386001	1.0
566_OMC-288	4.0	4.0	1.9101767708079938	0.7193254386508773	1.0
567_OMC-288	4.0	4.0	1.924911476585144	0.7222184277030258	1.0
568_OMC-288	4.0	4.0	1.8969303728652358	0.712770511296076	1.0
569_OMC-288	4.0	4.0	1.937215086171577	0.7277958335553306	1.0
56_OMC-288	4.0	4.0	1.9387824325606466	0.7274985766782258	1.0
570_OMC-288	4.0	4.0	1.913918929165631	0.7190925957159724	1.0
571_OMC-288	4.0	4.0	1.9279736339169309	0.7237240484429066	1.0
572_OMC-288	4.0	4.0	1.9056317537457204	0.7166249053085485	1.0
573_OMC-288	4.0	4.0	1.9245275079923279	0.7214187327823691	1.0
574_OMC-288	4.0	4.0	1.862974398211397	0.6990676095671366	1.0
575_OMC-288	4.0	4.0	1.9593549972884043	0.7358658996230907	1.0
576_OMC-288	4.0	4.0	1.923247730744639	0.7224264705882353	1.0
577_OMC-288	4.0	4.0	1.9665412272431575	0.7386694773389547	1.0
578_OMC-288	4.0	4.0	1.9322376936360388	0.7272471382998686	1.0
579_OMC-288	4.0	4.0	1.939979819372218	0.7291259765625	1.0
57_OMC-288	4.0	4.0	1.9321632268558873	0.7258026159334126	1.0
580_OMC-288	4.0	4.0	1.8979233534315028	0.7149932987588136	1.0
581_OMC-288	4.0	4.0	1.8952682968590298	0.7129501385041551	1.0
582_OMC-288	4.0	4.0	1.9233604054752358	0.72499443083092	1.0
583_OMC-288	4.0	4.0	1.9358787246815705	0.7287548617401034	1.0
584_OMC-288	4.0	4.0	1.9479801058030064	0.7305467531814296	1.0
585_OMC-288	4.0	4.0	1.9365197981888251	0.728265306122449	1.0
586_OMC-288	4.0	4.0	1.9329857630135465	0.7261248852157943	1.0
587_OMC-288	4.0	4.0	1.863845650425358	0.700302343159486	1.0
588_OMC-288	4.0	4.0	1.942389340171316	0.7286563614744352	1.0
589_OMC-288	4.0	4.0	1.927546023005332	0.7247138299868643	1.0
58_OMC-288	4.0	4.0	1.9167766825289625	0.7195610425240055	1.0
590_OMC-288	4.0	4.0	1.97367479657764	0.740758115969225	1.0
591_OMC-288	4.0	4.0	1.9239597569619082	0.7225708884688091	1.0
592_OMC-288	4.0	4.0	1.9197107501743258	0.7209937565036421	1.0
593_OMC-288	4.0	4.0	1.9344663850418573	0.7276923076923076	1.0
594_OMC-288	4.0	4.0	1.9223173000793394	0.7204708350329235	1.0
595_OMC-288	4.0	4.0	1.902886380560715	0.715	1.0
596_OMC-288	4.0	4.0	1.9454270472087467	0.7308641975308642	1.0
597_OMC-288	4.0	4.0	1.9725759038038524	0.7404767208732457	1.0
598_OMC-288	4.0	4.0	1.9300331935135844	0.7257988165680473	1.0
599_OMC-288	4.0	4.0	1.879123521651568	0.7069033921840905	1.0
59_OMC-288	4.0	4.0	1.9120698672677812	0.7168314255983351	1.0
5_OMC-288	4.0	4.0	1.927219880924502	0.722704475308642	1.0
600_OMC-288	4.0	4.0	1.9263809500289832	0.7232300327538423	1.0
601_OMC-288	4.0	4.0	1.9465967087656562	0.7314149821640903	1.0
602_OMC-288	4.0	4.0	1.947591271294123	0.7316843948908539	1.0
603_OMC-288	4.0	4.0	1.9500496237196214	0.731776	1.0
604_OMC-288	4.0	4.0	1.9395988328655718	0.7284341833911775	1.0
605_OMC-288	4.0	4.0	1.9298243110424789	0.7243859555650275	1.0
606_OMC-288	4.0	4.0	1.8351810693150943	0.6950213900427801	1.0
607_OMC-288	4.0	4.0	1.948401151731766	0.7320796087029853	1.0
608_OMC-288	4.0	4.0	1.9277382496176578	0.7226423020373871	1.0
609_OMC-288	4.0	4.0	1.9075787058658509	0.7155060553633218	1.0
60_OMC-288	4.0	4.0	1.9574280839544227	0.7364663308719253	1.0
610_OMC-288	4.0	4.0	1.9212008857973544	0.7215363511659808	1.0
611_OMC-288	4.0	4.0	1.9009046400328653	0.7146521804738193	1.0
612_OMC-288	4.0	4.0	1.958254771528052	0.7352718373055183	1.0
613_OMC-288	4.0	4.0	1.946442395081412	0.7305467531814295	1.0
614_OMC-288	4.0	4.0	1.957971829968185	0.734295913474346	1.0
615_OMC-288	4.0	4.0	1.9515783550653423	0.7319788797061524	1.0
616_OMC-288	4.0	4.0	1.9182348994007221	0.7195279747425082	1.0
617_OMC-288	4.0	4.0	1.9796616952688293	0.7427160493827161	1.0
618_OMC-288	4.0	4.0	1.9257193367982188	0.7234666666666667	1.0
619_OMC-288	4.0	4.0	1.9214551019437487	0.7219328703703703	1.0
61_OMC-288	4.0	4.0	1.9685021327017873	0.7386474609375	1.0
620_OMC-288	4.0	4.0	1.925686088015761	0.72216796875	1.0
621_OMC-288	4.0	4.0	1.8838460464267701	0.7062848120696461	1.0
622_OMC-288	4.0	4.0	1.8901022785543125	0.7076140642574209	1.0
623_OMC-288	4.0	4.0	1.90594885696146	0.7207492195629552	1.0
624_OMC-288	4.0	4.0	1.907382400895482	0.7195767195767195	1.0
625_OMC-288	4.0	4.0	1.8718240704004385	0.7015332913253518	1.0
626_OMC-288	4.0	4.0	1.901733728843959	0.7121334242668486	1.0
627_OMC-288	4.0	4.0	1.9302952267540037	0.7247427011132115	1.0
628_OMC-288	4.0	4.0	1.9182945479409095	0.7205981712535472	1.0
629_OMC-288	4.0	4.0	1.9733111227558757	0.7411334209044849	1.0
62_OMC-288	4.0	4.0	1.8874551599544998	0.7090606420927468	1.0
630_OMC-288	4.0	4.0	1.8618778876586184	0.7011388119421361	1.0
631_OMC-288	4.0	4.0	1.9470603323045685	0.7300042064779761	1.0
632_OMC-288	4.0	4.0	1.9557549289361418	0.7348056640055941	1.0
633_OMC-288	4.0	4.0	1.9239977576133733	0.7245252008765523	1.0
634_OMC-288	4.0	4.0	1.9465066851202595	0.7302604743313327	1.0
635_OMC-288	4.0	4.0	1.90739747740039	0.7176647171471455	1.0
636_OMC-288	4.0	4.0	1.9324245453495168	0.7269287109375	1.0
637_OMC-288	4.0	4.0	1.926007099561622	0.722775316872067	1.0
638_OMC-288	4.0	4.0	1.960725753866417	0.7353017689906347	1.0
639_OMC-288	4.0	4.0	1.9660225584189608	0.7384067952249771	1.0
63_OMC-288	4.0	4.0	1.943394518903503	0.7286980968858132	1.0
640_OMC-288	4.0	4.0	1.9228815771427685	0.7230031142159751	1.0
641_OMC-288	4.0	4.0	1.9422089368326576	0.7316732412886259	1.0
642_OMC-288	4.0	4.0	1.9390945508288775	0.7278100957027585	1.0
643_OMC-288	4.0	4.0	1.8292832669061299	0.6897033972379232	1.0
644_OMC-288	4.0	4.0	1.9287097824840251	0.7241420118343195	1.0
645_OMC-288	4.0	4.0	1.9277645875011822	0.7239053254437869	1.0
646_OMC-288	4.0	4.0	1.918299889612728	0.7223370064279155	1.0
647_OMC-288	4.0	4.0	1.904066014174783	0.715711547359376	1.0
648_OMC-288	4.0	4.0	1.9239474057944723	0.7221869040050858	1.0
649_OMC-288	4.0	4.0	1.944166439156013	0.7289143598615917	1.0
64_OMC-288	4.0	4.0	1.8815730104686026	0.7072680788897006	1.0
650_OMC-288	4.0	4.0	1.9123194507121588	0.7196682891653146	1.0
651_OMC-288	4.0	4.0	1.8425932437605792	0.6960947705058331	1.0
652_OMC-288	4.0	4.0	1.8507471294876385	0.7015637860082304	1.0
653_OMC-288	4.0	4.0	1.9165267874327618	0.7217346938775511	1.0
654_OMC-288	4.0	4.0	1.9446927196513901	0.7315616343490305	1.0
655_OMC-288	4.0	4.0	1.954697477356535	0.7331109729210245	1.0
656_OMC-288	4.0	4.0	1.9538092841673746	0.7338461538461538	1.0
657_OMC-288	4.0	4.0	1.9188222704353117	0.7203081717451524	1.0
658_OMC-288	4.0	4.0	1.9347748670120049	0.725771218498588	1.0
659_OMC-288	4.0	4.0	1.9092760169578984	0.7194595608932257	1.0
65_OMC-288	4.0	4.0	1.946272034970764	0.7305777777777778	1.0
660_OMC-288	4.0	4.0	1.9547491301583289	0.734464	1.0
661_OMC-288	4.0	4.0	1.9322672047764307	0.7252082773447999	1.0
662_OMC-288	4.0	4.0	1.950351477410075	0.7323345617689473	1.0
663_OMC-288	4.0	4.0	1.9034273644006563	0.7145515819123787	1.0
664_OMC-288	4.0	4.0	1.9055673943083673	0.7142921490022971	1.0
665_OMC-288	4.0	4.0	1.916658300808584	0.7185798816568048	1.0
666_OMC-288	4.0	4.0	1.8533713051515515	0.692608	1.0
667_OMC-288	4.0	4.0	1.911907951565306	0.7205810546875	1.0
668_OMC-288	4.0	4.0	1.8863288473880302	0.7077294685990339	1.0
669_OMC-288	4.0	4.0	1.9252342320733529	0.7244049974560461	1.0
66_OMC-288	4.0	4.0	1.9257773613018698	0.722197072581862	1.0
670_OMC-288	4.0	4.0	1.9014408893318844	0.7149908172635445	1.0
671_OMC-288	4.0	4.0	1.8820566986698892	0.7042603806228374	1.0
672_OMC-288	4.0	4.0	1.9356564795117992	0.726765453530907	1.0
673_OMC-288	4.0	4.0	1.8765769743090965	0.7079759177366934	1.0
674_OMC-288	4.0	4.0	1.8890204167209133	0.7130712902954297	1.0
675_OMC-288	4.0	4.0	1.9499764268793007	0.7322908093278464	1.0
676_OMC-288	4.0	4.0	1.8883600710086839	0.7095727420227149	1.0
677_OMC-288	4.0	4.0	1.8754540127657902	0.703978232313755	1.0
678_OMC-288	4.0	4.0	1.9661452099628645	0.7387654320987653	1.0
679_OMC-288	4.0	4.0	1.8866160062705302	0.7063492063492064	1.0
67_OMC-288	4.0	4.0	1.958248693273586	0.7351479289940828	1.0
680_OMC-288	4.0	4.0	1.8999935640195844	0.714241428482857	1.0
681_OMC-288	4.0	4.0	1.950273454120242	0.7324694649389298	1.0
682_OMC-288	4.0	4.0	1.956081507723378	0.7339671042704089	1.0
683_OMC-288	4.0	4.0	1.8712349823527108	0.7043952887101408	1.0
684_OMC-288	4.0	4.0	1.9273722397090474	0.7232743512917632	1.0
685_OMC-288	4.0	4.0	1.8871252579179822	0.7082942390692437	1.0
686_OMC-288	4.0	4.0	1.9475703388181647	0.7318906064209274	1.0
687_OMC-288	4.0	4.0	1.928221940895263	0.7259521484375	1.0
688_OMC-288	4.0	4.0	1.9450675647393163	0.7293383827132991	1.0
689_OMC-288	4.0	4.0	1.9189337858873958	0.7200854700854701	1.0
68_OMC-288	4.0	4.0	1.9157801855291603	0.7213541666666667	1.0
690_OMC-288	4.0	4.0	1.9673205003427598	0.7393508536798554	1.0
691_OMC-288	4.0	4.0	1.9468165386140948	0.7310991528584367	1.0
692_OMC-288	4.0	4.0	1.9549040969139544	0.7343394907056698	1.0
693_OMC-288	4.0	4.0	1.9650712187369594	0.7375648788927336	1.0
694_OMC-288	4.0	4.0	1.9541647651427716	0.7339813529061694	1.0
695_OMC-288	4.0	4.0	1.908403494780505	0.718474925808561	1.0
696_OMC-288	4.0	4.0	1.848324462818088	0.7009985207100592	1.0
697_OMC-288	4.0	4.0	1.8910531793292915	0.7183935523529814	1.0
698_OMC-288	4.0	4.0	1.9581518077760593	0.7343055555555555	1.0
699_OMC-288	4.0	4.0	1.9646039635118508	0.7382920110192838	1.0
69_OMC-288	4.0	4.0	1.9067917328511472	0.7159096313912009	1.0
6_OMC-288	4.0	4.0	1.9307787915107761	0.7257908950617283	1.0
700_OMC-288	4.0	4.0	1.9574606946876112	0.73421683211893	1.0
701_OMC-288	4.0	4.0	1.9214482212929969	0.7212877180270172	1.0
702_OMC-288	4.0	4.0	1.9165253668007627	0.7213017751479289	1.0
703_OMC-288	4.0	4.0	1.9589620602722806	0.7352446964923336	1.0
704_OMC-288	4.0	4.0	1.9182464795177567	0.7204916494651905	1.0
705_OMC-288	4.0	4.0	1.9004434977418367	0.7161512804567811	1.0
706_OMC-288	4.0	4.0	1.9303467638040017	0.7254399643573178	1.0
707_OMC-288	4.0	4.0	1.9517999145859868	0.7325952336273223	1.0
708_OMC-288	4.0	4.0	1.9147808950501815	0.7176890432098766	1.0
709_OMC-288	4.0	4.0	1.9174398807818303	0.7201212050579803	1.0
70_OMC-288	4.0	4.0	1.9252117513681906	0.7234319526627219	1.0
710_OMC-288	4.0	4.0	1.8753608256838468	0.7012214024428048	1.0
711_OMC-288	4.0	4.0	1.9115010715383915	0.7159136975811901	1.0
712_OMC-288	4.0	4.0	1.967372332755706	0.7388624567474048	1.0
713_OMC-288	4.0	4.0	1.9613181704220357	0.7364610196389605	1.0
714_OMC-288	4.0	4.0	1.9254894785005263	0.7266662897846119	1.0
715_OMC-288	4.0	4.0	1.9862344095165105	0.7453654907309815	1.0
716_OMC-288	4.0	4.0	1.896760705255024	0.7099680194585829	1.0
717_OMC-288	4.0	4.0	1.8916459526883578	0.7146410034602076	1.0
718_OMC-288	4.0	4.0	1.9335055313818033	0.7280017821341056	1.0
719_OMC-288	4.0	4.0	1.9425687930565667	0.7285337197867605	1.0
71_OMC-288	4.0	4.0	1.9494333966526154	0.7319526627218934	1.0
720_OMC-288	4.0	4.0	1.8306238683476832	0.6883701671756121	1.0
721_OMC-288	4.0	4.0	1.9134028172363267	0.7194842559539667	1.0
722_OMC-288	4.0	4.0	1.8106195030670005	0.6859861591695502	1.0
723_OMC-288	4.0	4.0	1.9366935864251453	0.7263872869409201	1.0
724_OMC-288	4.0	4.0	1.955197788797053	0.7348724913233741	1.0
725_OMC-288	4.0	4.0	1.9144788851960288	0.7188615837009031	1.0
726_OMC-288	4.0	4.0	1.865518867311923	0.6973713521942526	1.0
727_OMC-288	4.0	4.0	1.8927285230058644	0.7136501659487324	1.0
728_OMC-288	4.0	4.0	1.9470843053739533	0.7312901744719926	1.0
729_OMC-288	4.0	4.0	1.9322092423657817	0.7248831505391272	1.0
72_OMC-288	4.0	4.0	1.8800723725770754	0.7062075596418484	1.0
730_OMC-288	4.0	4.0	1.967818727955022	0.738581532156785	1.0
731_OMC-288	4.0	4.0	1.916476123245091	0.7190580212051787	1.0
732_OMC-288	4.0	4.0	1.9430412039279898	0.731015625	1.0
733_OMC-288	4.0	4.0	1.905592186359449	0.717687074829932	1.0
734_OMC-288	4.0	4.0	1.847747244575234	0.693588125713599	1.0
735_OMC-288	4.0	4.0	1.943551922377509	0.7305175490779298	1.0
736_OMC-288	4.0	4.0	1.916189758438453	0.719281663516068	1.0
737_OMC-288	4.0	4.0	1.9433446513752757	0.7310180632472439	1.0
738_OMC-288	4.0	4.0	1.9546019358539402	0.7349218503671006	1.0
739_OMC-288	4.0	4.0	1.8927585219147134	0.7136105860113421	1.0
73_OMC-288	4.0	4.0	1.9697382789005358	0.7395669694692986	1.0
740_OMC-288	4.0	4.0	1.9269461274557134	0.725372730958065	1.0
741_OMC-288	4.0	4.0	1.9457152504926316	0.7295179527871454	1.0
742_OMC-288	4.0	4.0	1.8921251732243525	0.7081531141868512	1.0
743_OMC-288	4.0	4.0	1.9560518551699153	0.7337397482566554	1.0
744_OMC-288	4.0	4.0	1.9177193210841077	0.7212244897959184	1.0
745_OMC-288	4.0	4.0	1.947113723657219	0.7308574617149234	1.0
746_OMC-288	4.0	4.0	1.9740075956868943	0.7405413798457636	1.0
747_OMC-288	4.0	4.0	1.939986673865081	0.7284268994247173	1.0
748_OMC-288	4.0	4.0	1.9388570501589921	0.728265306122449	1.0
749_OMC-288	4.0	4.0	1.9652693683808744	0.7385202210377035	1.0
74_OMC-288	4.0	4.0	1.901077928687566	0.7145170993567495	1.0
750_OMC-288	4.0	4.0	1.9612710708590373	0.7360510380622838	1.0
751_OMC-288	4.0	4.0	1.884585068134525	0.7082955937982844	1.0
752_OMC-288	4.0	4.0	1.915576516059188	0.7198313148788927	1.0
753_OMC-288	4.0	4.0	1.9272634761541367	0.7256353190828633	1.0
754_OMC-288	4.0	4.0	1.948738046931766	0.7336737436173072	1.0
755_OMC-288	4.0	4.0	1.9462920901192542	0.7299134432001565	1.0
756_OMC-288	4.0	4.0	1.9563333170544308	0.7340828402366864	1.0
757_OMC-288	4.0	4.0	1.9762323603282679	0.7413287868293462	1.0
758_OMC-288	4.0	4.0	1.916534516991183	0.7179719330013581	1.0
759_OMC-288	4.0	4.0	1.966711609984599	0.7382920110192838	1.0
75_OMC-288	4.0	4.0	1.9468102147948247	0.7315016861733783	1.0
760_OMC-288	4.0	4.0	1.8999999193429402	0.7169712245326612	1.0
761_OMC-288	4.0	4.0	1.9197496365472175	0.7230320699708455	1.0
762_OMC-288	4.0	4.0	1.91541322262702	0.7174072265625	1.0
763_OMC-288	4.0	4.0	1.9483051546513168	0.7315306122448979	1.0
764_OMC-288	4.0	4.0	1.874348342323089	0.7057968140657016	1.0
765_OMC-288	4.0	4.0	1.9255342348366504	0.7253728208359589	1.0
766_OMC-288	4.0	4.0	1.956890171420659	0.73416830139329	1.0
767_OMC-288	4.0	4.0	1.9173540691790294	0.7196195005945303	1.0
768_OMC-288	4.0	4.0	1.9447794201609956	0.7295736189876076	1.0
769_OMC-288	4.0	4.0	1.9426749842516575	0.7284818339100346	1.0
76_OMC-288	4.0	4.0	1.9023795583023173	0.7136426592797784	1.0
770_OMC-288	4.0	4.0	1.9510249132491377	0.7330561854371378	1.0
771_OMC-288	4.0	4.0	1.9422498396038608	0.7301134602269205	1.0
772_OMC-288	4.0	4.0	1.9440881812322754	0.7293113154437981	1.0
773_OMC-288	4.0	4.0	1.8723635414004698	0.7017360285374554	1.0
774_OMC-288	4.0	4.0	1.9268596371486495	0.7231758034026465	1.0
775_OMC-288	4.0	4.0	1.977270805288358	0.7418892152175398	1.0
776_OMC-288	4.0	4.0	1.9601143882633094	0.7355555555555555	1.0
777_OMC-288	4.0	4.0	1.912871274606391	0.7179924343332089	1.0
778_OMC-288	4.0	4.0	1.9485038228726388	0.7322192694022791	1.0
779_OMC-288	4.0	4.0	1.8818968297993435	0.7044375456537618	1.0
77_OMC-288	4.0	4.0	1.9062196880223956	0.7149932987588136	1.0
780_OMC-288	4.0	4.0	1.898982021699969	0.7121488033298646	1.0
781_OMC-288	4.0	4.0	1.890179500591242	0.7072862202732333	1.0
782_OMC-288	4.0	4.0	1.9610874381713719	0.7364820683064233	1.0
783_OMC-288	4.0	4.0	1.9759437217698805	0.7417982635044578	1.0
784_OMC-288	4.0	4.0	1.9206301939709791	0.7196449704142012	1.0
785_OMC-288	4.0	4.0	1.9339535849077099	0.7253032577386507	1.0
786_OMC-288	4.0	4.0	1.9466106220170383	0.7316774337268879	1.0
787_OMC-288	4.0	4.0	1.937280125241978	0.7266859015110764	1.0
788_OMC-288	4.0	4.0	1.9407848971480977	0.7294032810528213	1.0
789_OMC-288	4.0	4.0	1.963042551545292	0.7373054746109492	1.0
78_OMC-288	4.0	4.0	1.9270906509366874	0.7242431640625	1.0
790_OMC-288	4.0	4.0	1.9256031670359037	0.722322861135552	1.0
791_OMC-288	4.0	4.0	1.952987128630343	0.7337094353294342	1.0
792_OMC-288	4.0	4.0	1.9174633185259564	0.7210648148148148	1.0
793_OMC-288	4.0	4.0	1.9170235149755162	0.7227434790767499	1.0
794_OMC-288	4.0	4.0	1.9239546486762817	0.7216175642709701	1.0
795_OMC-288	4.0	4.0	1.9214048722607437	0.7221333333333333	1.0
796_OMC-288	4.0	4.0	1.9135500168094022	0.7191438763376932	1.0
797_OMC-288	4.0	4.0	1.9409083783815055	0.7283891057409763	1.0
798_OMC-288	4.0	4.0	1.917698380337269	0.7213451557093425	1.0
799_OMC-288	4.0	4.0	1.8926409829410464	0.7096235241701938	1.0
79_OMC-288	4.0	4.0	1.929320526987437	0.7238279022849875	1.0
7_OMC-288	4.0	4.0	1.9233125037477983	0.7227737297667367	1.0
800_OMC-288	4.0	4.0	1.9359485283313798	0.7276005047773572	1.0
801_OMC-288	4.0	4.0	1.8938154665449016	0.7133727810650887	1.0
802_OMC-288	4.0	4.0	1.973646674246486	0.7403396732842797	1.0
803_OMC-288	4.0	4.0	1.8834457127868853	0.7107292583199627	1.0
804_OMC-288	4.0	4.0	1.9245654240676884	0.7213846459035906	1.0
805_OMC-288	4.0	4.0	1.9016416848204918	0.7159396433470507	1.0
806_OMC-288	4.0	4.0	1.9339655473571804	0.7264401605517554	1.0
807_OMC-288	4.0	4.0	1.928566632578836	0.7236464833867431	1.0
808_OMC-288	4.0	4.0	1.9398711634301693	0.7294929051953192	1.0
809_OMC-288	4.0	4.0	1.980532932423135	0.7433136094674556	1.0
80_OMC-288	4.0	4.0	1.9007960271115822	0.714041716267274	1.0
810_OMC-288	4.0	4.0	1.9028277720901203	0.7193055555555555	1.0
811_OMC-288	4.0	4.0	1.9100730360472307	0.7192024949877478	1.0
812_OMC-288	4.0	4.0	1.9139935261440078	0.7200511322132944	1.0
813_OMC-288	4.0	4.0	1.931354655247972	0.725677543416862	1.0
814_OMC-288	4.0	4.0	1.936208540934437	0.7271374727236659	1.0
815_OMC-288	4.0	4.0	1.9085866299669505	0.7173241652584348	1.0
816_OMC-288	4.0	4.0	1.912623803379811	0.7183174740484428	1.0
817_OMC-288	4.0	4.0	1.8331345898538536	0.6882086167800454	1.0
818_OMC-288	4.0	4.0	1.930066198378406	0.7268444444444444	1.0
819_OMC-288	4.0	4.0	1.9198566905535324	0.7206993394248645	1.0
81_OMC-288	4.0	4.0	1.8927138390759681	0.7138429752066116	1.0
820_OMC-288	4.0	4.0	1.9323128360537838	0.7251534503069006	1.0
821_OMC-288	4.0	4.0	1.9565397316055606	0.7352417019380708	1.0
822_OMC-288	4.0	4.0	1.8534504272435888	0.6974271267102915	1.0
823_OMC-288	4.0	4.0	1.943760600932091	0.7304028365158699	1.0
824_OMC-288	4.0	4.0	1.961367401309442	0.7364609053497942	1.0
825_OMC-288	4.0	4.0	1.9179680692844738	0.718534194698151	1.0
826_OMC-288	4.0	4.0	1.9505984576818474	0.7328848436881679	1.0
827_OMC-288	4.0	4.0	1.916653125518312	0.7187565637471119	1.0
828_OMC-288	4.0	4.0	1.9433252508057168	0.7299123447772097	1.0
829_OMC-288	4.0	4.0	1.9613530917266513	0.736	1.0
82_OMC-288	4.0	4.0	1.9361099712683554	0.7276167820069204	1.0
830_OMC-288	4.0	4.0	1.938953519747713	0.7269390993850426	1.0
831_OMC-288	4.0	4.0	1.96949547774475	0.7392152199762188	1.0
832_OMC-288	4.0	4.0	1.8183302204614116	0.6909440538429181	1.0
833_OMC-288	4.0	4.0	1.9725272376188723	0.7404733727810651	1.0
834_OMC-288	4.0	4.0	1.878822572772556	0.7050754458161865	1.0
835_OMC-288	4.0	4.0	1.8529512231601823	0.6929228912026558	1.0
836_OMC-288	4.0	4.0	1.872637483065148	0.7077797607244365	1.0
837_OMC-288	4.0	4.0	1.9285975364658492	0.7262110726643598	1.0
838_OMC-288	4.0	4.0	1.9465066851202595	0.7302604743313327	1.0
839_OMC-288	4.0	4.0	1.9315985449625943	0.7276167820069204	1.0
83_OMC-288	4.0	4.0	1.9346920304265443	0.7257728894173603	1.0
840_OMC-288	4.0	4.0	1.9383703516169533	0.7270531400966184	1.0
841_OMC-288	4.0	4.0	1.9209499023009684	0.7237311385459534	1.0
842_OMC-288	4.0	4.0	1.891500580156678	0.7157294314588629	1.0
843_OMC-288	4.0	4.0	1.8922575671665598	0.710828132906055	1.0
844_OMC-288	4.0	4.0	1.9707666467829905	0.7397713001520259	1.0
845_OMC-288	4.0	4.0	1.9236973114611478	0.7219146722164412	1.0
846_OMC-288	4.0	4.0	1.9697027623959802	0.7391634339686288	1.0
847_OMC-288	4.0	4.0	1.9041579937568576	0.7166236857766316	1.0
848_OMC-288	4.0	4.0	1.8964770555245583	0.7130065731587392	1.0
849_OMC-288	4.0	4.0	1.9200966127492285	0.720473372781065	1.0
84_OMC-288	4.0	4.0	1.9219229106640614	0.7212877180270172	1.0
850_OMC-288	4.0	4.0	1.9373088549919488	0.7288818359375	1.0
851_OMC-288	4.0	4.0	1.9198002243970365	0.7232300327538423	1.0
852_OMC-288	4.0	4.0	1.9015763167788018	0.7162843734923907	1.0
853_OMC-288	4.0	4.0	1.919053748403935	0.722041664446694	1.0
854_OMC-288	4.0	4.0	1.9461541051392983	0.7309925941712399	1.0
855_OMC-288	4.0	4.0	1.85081491072794	0.6961505190311419	1.0
856_OMC-288	4.0	4.0	1.9054943977824161	0.7211261235796258	1.0
857_OMC-288	4.0	4.0	1.9186632933412586	0.7205911525490974	1.0
858_OMC-288	4.0	4.0	1.9206468029077197	0.7203804994054697	1.0
859_OMC-288	4.0	4.0	1.956109501998719	0.7340199782619947	1.0
85_OMC-288	4.0	4.0	1.9208436644044455	0.7237894475788952	1.0
860_OMC-288	4.0	4.0	1.945632499599514	0.7301130728030153	1.0
861_OMC-288	4.0	4.0	1.93136069624797	0.72712640209245	1.0
862_OMC-288	4.0	4.0	1.933146802081808	0.7263677285318559	1.0
863_OMC-288	4.0	4.0	1.8913009871017368	0.7124064746442369	1.0
864_OMC-288	4.0	4.0	1.9392794009911516	0.7269993316997104	1.0
865_OMC-288	4.0	4.0	1.8502309751912622	0.6979839999999999	1.0
866_OMC-288	4.0	4.0	1.9297311504308272	0.726021452042904	1.0
867_OMC-288	4.0	4.0	1.9254596427703599	0.7239597208162396	1.0
868_OMC-288	4.0	4.0	1.9273926926219715	0.7252197265625	1.0
869_OMC-288	4.0	4.0	1.9461025091409314	0.7307520000000001	1.0
86_OMC-288	4.0	4.0	1.940189593045444	0.7294266024052971	1.0
870_OMC-288	4.0	4.0	1.9083577665730862	0.7165873702422145	1.0
871_OMC-288	4.0	4.0	1.9165267874327618	0.7217346938775511	1.0
872_OMC-288	4.0	4.0	1.939489068047043	0.7277325927395358	1.0
873_OMC-288	4.0	4.0	1.949537124614856	0.7317755375560865	1.0
874_OMC-288	4.0	4.0	1.9795441273041001	0.7431632653061224	1.0
875_OMC-288	4.0	4.0	1.9094370668746483	0.7187517666346317	1.0
876_OMC-288	4.0	4.0	1.956336428040955	0.7339302112029384	1.0
877_OMC-288	4.0	4.0	1.9200189438737796	0.7205242310137415	1.0
878_OMC-288	4.0	4.0	1.9921335395283506	0.7473219911783239	1.0
879_OMC-288	4.0	4.0	1.9593277019738025	0.7361390405056019	1.0
87_OMC-288	4.0	4.0	1.9527690872329395	0.7336721453287197	1.0
880_OMC-288	4.0	4.0	1.9554121347738904	0.7335500026639672	1.0
881_OMC-288	4.0	4.0	1.929829325825024	0.7254821980071091	1.0
882_OMC-288	4.0	4.0	1.9169061251585857	0.7239632201163446	1.0
883_OMC-288	4.0	4.0	1.9132702999545044	0.7181114858163063	1.0
884_OMC-288	4.0	4.0	1.885978637199905	0.7097669661772226	1.0
885_OMC-288	4.0	4.0	1.8958020534121744	0.7114843310189529	1.0
886_OMC-288	4.0	4.0	1.954510926695793	0.7338271604938271	1.0
887_OMC-288	4.0	4.0	1.8532814317778241	0.7025403782160539	1.0
888_OMC-288	4.0	4.0	1.9646549420025452	0.7372400756143667	1.0
889_OMC-288	4.0	4.0	1.9276892920307591	0.7232627512347792	1.0
88_OMC-288	4.0	4.0	1.9324820412444441	0.7245334490668982	1.0
890_OMC-288	4.0	4.0	1.9345197614235425	0.726517129308967	1.0
891_OMC-288	4.0	4.0	1.9613687485313305	0.736361193227627	1.0
892_OMC-288	4.0	4.0	1.9259057357543623	0.7228523419449695	1.0
893_OMC-288	4.0	4.0	1.9449781913125768	0.7312693784996992	1.0
894_OMC-288	4.0	4.0	1.8873495434182321	0.706530612244898	1.0
895_OMC-288	4.0	4.0	1.9025601367683005	0.7162691349234602	1.0
896_OMC-288	4.0	4.0	1.9477918155050387	0.7322064559895981	1.0
897_OMC-288	4.0	4.0	1.9249853421661245	0.7243895747599451	1.0
898_OMC-288	4.0	4.0	1.9281952623685448	0.7241836734693877	1.0
899_OMC-288	4.0	4.0	1.9547833204566736	0.7333673469387755	1.0
89_OMC-288	4.0	4.0	1.940756898967337	0.728491512345679	1.0
8_OMC-288	4.0	4.0	1.945618266106192	0.73104815098419	1.0
900_OMC-288	4.0	4.0	1.9422585548672515	0.7287483580409082	1.0
901_OMC-288	4.0	4.0	1.910429519093186	0.7173414346828694	1.0
902_OMC-288	4.0	4.0	1.9151088004745442	0.7215363511659808	1.0
903_OMC-288	4.0	4.0	1.9383774691401303	0.7290816326530611	1.0
904_OMC-288	4.0	4.0	1.925259095783741	0.723328	1.0
905_OMC-288	4.0	4.0	1.9178407061251652	0.7191888584581319	1.0
906_OMC-288	4.0	4.0	1.9233336047066598	0.7243756503642039	1.0
907_OMC-288	4.0	4.0	1.9186700531494005	0.719281663516068	1.0
908_OMC-288	4.0	4.0	1.9350871843643789	0.7270894920720237	1.0
909_OMC-288	4.0	4.0	1.928453971020061	0.7230347881825069	1.0
90_OMC-288	4.0	4.0	1.8722711526220255	0.701099537037037	1.0
910_OMC-288	4.0	4.0	1.9095441321803777	0.7163190311060504	1.0
911_OMC-288	4.0	4.0	1.908178061828642	0.7149079552925707	1.0
912_OMC-288	4.0	4.0	1.8622220654116495	0.6999351211072664	1.0
913_OMC-288	4.0	4.0	1.9351412504516892	0.7255356436203291	1.0
914_OMC-288	4.0	4.0	1.9060604959676184	0.7144097222222222	1.0
915_OMC-288	4.0	4.0	1.903906014721441	0.7144507456416719	1.0
916_OMC-288	4.0	4.0	1.932311794438066	0.7259861212563915	1.0
917_OMC-288	4.0	4.0	1.9291420660214256	0.72384	1.0
918_OMC-288	4.0	4.0	1.910384649073482	0.7175830362169262	1.0
919_OMC-288	4.0	4.0	1.9180813224124753	0.7191155263579554	1.0
91_OMC-288	4.0	4.0	1.9499872285955684	0.7333882030178327	1.0
920_OMC-288	4.0	4.0	1.8922238103971556	0.7106282380161963	1.0
921_OMC-288	4.0	4.0	1.9645088140395315	0.7385111529158829	1.0
922_OMC-288	4.0	4.0	1.923858332827329	0.7241618726443166	1.0
923_OMC-288	4.0	4.0	1.9247727999194122	0.7244375139229227	1.0
924_OMC-288	4.0	4.0	1.9276659652989585	0.7264285714285714	1.0
925_OMC-288	4.0	4.0	1.8296570313560776	0.6945324681857049	1.0
926_OMC-288	4.0	4.0	1.8968375980430883	0.7137509130752374	1.0
927_OMC-288	4.0	4.0	1.9666457997382794	0.7375795634157802	1.0
928_OMC-288	4.0	4.0	1.8093424199207553	0.6776406035665294	1.0
929_OMC-288	4.0	4.0	1.902370104805267	0.7156242568370987	1.0
92_OMC-288	4.0	4.0	1.935993559817326	0.7280990304709142	1.0
930_OMC-288	4.0	4.0	1.9052094788951697	0.715904	1.0
931_OMC-288	4.0	4.0	1.928527307380271	0.725204081632653	1.0
932_OMC-288	4.0	4.0	1.965367545516307	0.7374485596707819	1.0
933_OMC-288	4.0	4.0	1.8921619358390576	0.7080137336547593	1.0
934_OMC-288	4.0	4.0	1.9401692722660657	0.7293217676388225	1.0
935_OMC-288	4.0	4.0	1.8938638714665421	0.7133838383838385	1.0
936_OMC-288	4.0	4.0	1.9244272468478871	0.7226851582075636	1.0
937_OMC-288	4.0	4.0	1.9650043379009412	0.7371323529411764	1.0
938_OMC-288	4.0	4.0	1.8754721611605376	0.7083498219232292	1.0
939_OMC-288	4.0	4.0	1.9720500418421985	0.7405917839701235	1.0
93_OMC-288	4.0	4.0	1.9498106094884948	0.7321647397304065	1.0
940_OMC-288	4.0	4.0	1.9365542041912027	0.7268807179068819	1.0
941_OMC-288	4.0	4.0	1.9389560957730818	0.7288775510204082	1.0
942_OMC-288	4.0	4.0	1.8870953518515012	0.7084134168268337	1.0
943_OMC-288	4.0	4.0	1.962594126381892	0.7363834422657952	1.0
944_OMC-288	4.0	4.0	1.897243546415282	0.7170557973882073	1.0
945_OMC-288	4.0	4.0	1.9460240341969235	0.7331790672837308	1.0
946_OMC-288	4.0	4.0	1.96056396373415	0.7366998269896194	1.0
947_OMC-288	4.0	4.0	1.878544515611995	0.7045847750865052	1.0
948_OMC-288	4.0	4.0	1.9365959720639256	0.7284499314128944	1.0
949_OMC-288	4.0	4.0	1.9160606722333902	0.7186279296875	1.0
94_OMC-288	4.0	4.0	1.868171024970199	0.7047462277091907	1.0
950_OMC-288	4.0	4.0	1.9574076251556822	0.7358227106887076	1.0
951_OMC-288	4.0	4.0	1.9010488550436255	0.7169046439349579	1.0
952_OMC-288	4.0	4.0	1.871957848645537	0.7048898071625345	1.0
953_OMC-288	4.0	4.0	1.9753951317321563	0.7413329750067186	1.0
954_OMC-288	4.0	4.0	1.8740267840483011	0.7072222222222222	1.0
955_OMC-288	4.0	4.0	1.9287284876421438	0.725341796875	1.0
956_OMC-288	4.0	4.0	1.9155423758756085	0.7212366230677765	1.0
957_OMC-288	4.0	4.0	1.9501561358686288	0.7317279853117717	1.0
958_OMC-288	4.0	4.0	1.8838908935207619	0.7131889089931048	1.0
959_OMC-288	4.0	4.0	1.9031633205023557	0.7129354220371472	1.0
95_OMC-288	4.0	4.0	1.9538547268275785	0.7337299441139354	1.0
960_OMC-288	4.0	4.0	1.8999787045072019	0.7140448323745289	1.0
961_OMC-288	4.0	4.0	1.9614545991142214	0.7357380106054425	1.0
962_OMC-288	4.0	4.0	1.853612372607265	0.6983673469387756	1.0
963_OMC-288	4.0	4.0	1.910758538029511	0.7158301924221384	1.0
964_OMC-288	4.0	4.0	1.9272544123645965	0.7233036567577084	1.0
965_OMC-288	4.0	4.0	1.9129389201104041	0.7163940540252544	1.0
966_OMC-288	4.0	4.0	1.9349251318862812	0.7286254572509145	1.0
967_OMC-288	4.0	4.0	1.8804309584490138	0.7037086804622413	1.0
968_OMC-288	4.0	4.0	1.9105688474838007	0.722473246135553	1.0
969_OMC-288	4.0	4.0	1.9169457723358432	0.7205242310137415	1.0
96_OMC-288	4.0	4.0	1.926502192831589	0.725771218498588	1.0
970_OMC-288	4.0	4.0	1.8207017317079661	0.6877526753864447	1.0
971_OMC-288	4.0	4.0	1.9590326911828553	0.7347416783027791	1.0
972_OMC-288	4.0	4.0	1.9159916263457486	0.7179132040627886	1.0
973_OMC-288	4.0	4.0	1.953259133393167	0.733356290174472	1.0
974_OMC-288	4.0	4.0	1.9408959528634833	0.7291406358461752	1.0
975_OMC-288	4.0	4.0	1.887249109877023	0.7093263276412085	1.0
976_OMC-288	4.0	4.0	1.959878759708466	0.7353722805279042	1.0
977_OMC-288	4.0	4.0	1.9397358228618307	0.7293383827132991	1.0
978_OMC-288	4.0	4.0	1.877405505591187	0.7059220679012346	1.0
979_OMC-288	4.0	4.0	1.9022440265703102	0.714496	1.0
97_OMC-288	4.0	4.0	1.9086343345931989	0.7172865013774105	1.0
980_OMC-288	4.0	4.0	1.900026297324993	0.7126102458247326	1.0
981_OMC-288	4.0	4.0	1.914108109101336	0.7227218934911243	1.0
982_OMC-288	4.0	4.0	1.847086487783101	0.6913452708907255	1.0
983_OMC-288	4.0	4.0	1.9172580758408662	0.720213319458897	1.0
984_OMC-288	4.0	4.0	1.9032201787181735	0.7142407057340894	1.0
985_OMC-288	4.0	4.0	1.9503977917790456	0.7323575272873598	1.0
986_OMC-288	4.0	4.0	1.9373493588731452	0.7286184210526316	1.0
987_OMC-288	4.0	4.0	1.930014206622308	0.7265339663988313	1.0
988_OMC-288	4.0	4.0	1.8670222251417365	0.7026710508535652	1.0
989_OMC-288	4.0	4.0	1.90318894427459	0.7139795918367347	1.0
98_OMC-288	4.0	4.0	1.9004814372349468	0.7173683416327147	1.0
990_OMC-288	4.0	4.0	1.9359248205592074	0.7265516557604601	1.0
991_OMC-288	4.0	4.0	1.8901591173657757	0.709893974106239	1.0
992_OMC-288	4.0	4.0	1.977058752587223	0.741973840665874	1.0
993_OMC-288	4.0	4.0	1.9323880544565828	0.7252556610664719	1.0
994_OMC-288	4.0	4.0	1.924770816984771	0.7222126038781164	1.0
995_OMC-288	4.0	4.0	1.859210403992096	0.696734693877551	1.0
996_OMC-288	4.0	4.0	1.9130458630539982	0.7182047750229569	1.0
997_OMC-288	4.0	4.0	1.886025408612272	0.7077699657472507	1.0
998_OMC-288	4.0	4.0	1.911101615201999	0.720204081632653	1.0
999_OMC-288	4.0	4.0	1.9144554465821846	0.7192293644996348	1.0
99_OMC-288	4.0	4.0	1.955151433184441	0.7334693877551021	1.0
9_OMC-288	4.0	4.0	1.8759711478801668	0.7038278546712803	1.0
