	chao1	observed_otus	shannon	simpson	goods_coverage
1000_H-120	1.0	1.0	-0.0	0.0	1.0
100_H-120	2.0	2.0	0.7219280948873623	0.31999999999999984	0.8
101_H-120	1.0	1.0	-0.0	0.0	1.0
102_H-120	1.0	1.0	-0.0	0.0	1.0
103_H-120	2.0	2.0	0.8112781244591328	0.375	0.75
104_H-120	1.0	1.0	-0.0	0.0	0.0
105_H-120	1.0	1.0	-0.0	0.0	1.0
106_H-120	2.0	2.0	0.9182958340544894	0.4444444444444444	0.6666666666666667
107_H-120	1.0	1.0	-0.0	0.0	1.0
108_H-120	1.0	1.0	-0.0	0.0	1.0
109_H-120	0.0	0.0	nan	nan	nan
10_H-120	3.0	2.0	1.0	0.5	0.0
110_H-120	3.0	2.0	1.0	0.5	0.0
111_H-120	1.0	1.0	-0.0	0.0	0.0
112_H-120	4.0	3.0	0.9864267287308426	0.37037037037037024	0.7777777777777778
113_H-120	1.0	1.0	-0.0	0.0	1.0
114_H-120	1.0	1.0	-0.0	0.0	0.0
115_H-120	10.0	4.0	2.0	0.75	0.0
116_H-120	1.0	1.0	-0.0	0.0	1.0
117_H-120	1.0	1.0	-0.0	0.0	1.0
118_H-120	4.0	3.0	1.1488348542809168	0.44897959183673464	0.7142857142857143
119_H-120	3.5	3.0	1.5	0.625	0.5
11_H-120	1.0	1.0	-0.0	0.0	1.0
120_H-120	1.0	1.0	-0.0	0.0	1.0
121_H-120	1.0	1.0	-0.0	0.0	1.0
122_H-120	1.0	1.0	-0.0	0.0	0.0
123_H-120	7.0	4.0	1.6644977792004612	0.6122448979591837	0.5714285714285714
124_H-120	1.0	1.0	-0.0	0.0	1.0
125_H-120	1.0	1.0	-0.0	0.0	1.0
126_H-120	3.0	2.0	1.0	0.5	0.0
127_H-120	7.0	4.0	1.5487949406953987	0.5625	0.625
128_H-120	1.0	1.0	-0.0	0.0	0.0
129_H-120	1.0	1.0	-0.0	0.0	1.0
12_H-120	1.0	1.0	-0.0	0.0	1.0
130_H-120	1.0	1.0	-0.0	0.0	1.0
131_H-120	0.0	0.0	nan	nan	nan
132_H-120	3.5	3.0	1.5	0.625	0.5
133_H-120	1.0	1.0	-0.0	0.0	0.0
134_H-120	2.0	2.0	0.7219280948873623	0.31999999999999984	0.8
135_H-120	1.0	1.0	-0.0	0.0	0.0
136_H-120	3.0	2.0	1.0	0.5	0.0
137_H-120	1.0	1.0	-0.0	0.0	1.0
138_H-120	1.0	1.0	-0.0	0.0	1.0
139_H-120	2.0	2.0	0.9182958340544894	0.4444444444444444	0.6666666666666667
13_H-120	3.5	3.0	1.5	0.625	0.5
140_H-120	1.0	1.0	-0.0	0.0	1.0
141_H-120	1.0	1.0	-0.0	0.0	1.0
142_H-120	1.0	1.0	-0.0	0.0	0.0
143_H-120	1.0	1.0	-0.0	0.0	1.0
144_H-120	1.0	1.0	-0.0	0.0	0.0
145_H-120	3.5	3.0	1.5	0.625	0.5
146_H-120	1.0	1.0	-0.0	0.0	1.0
147_H-120	4.0	3.0	1.061278124459133	0.40625	0.75
148_H-120	1.0	1.0	-0.0	0.0	1.0
149_H-120	1.0	1.0	-0.0	0.0	1.0
14_H-120	2.0	2.0	0.7219280948873623	0.31999999999999984	0.8
150_H-120	0.0	0.0	nan	nan	nan
151_H-120	1.0	1.0	-0.0	0.0	1.0
152_H-120	1.0	1.0	-0.0	0.0	1.0
153_H-120	1.0	1.0	-0.0	0.0	0.0
154_H-120	3.0	2.0	1.0	0.5	0.0
155_H-120	3.0	2.0	1.0	0.5	0.0
156_H-120	1.0	1.0	-0.0	0.0	1.0
157_H-120	1.0	1.0	-0.0	0.0	0.0
158_H-120	0.0	0.0	nan	nan	nan
159_H-120	1.0	1.0	-0.0	0.0	1.0
15_H-120	1.0	1.0	-0.0	0.0	1.0
160_H-120	2.0	2.0	0.9182958340544894	0.4444444444444444	0.6666666666666667
161_H-120	0.0	0.0	nan	nan	nan
162_H-120	2.0	2.0	0.5916727785823274	0.24489795918367352	0.8571428571428572
163_H-120	7.0	4.0	1.6644977792004612	0.6122448979591837	0.5714285714285714
164_H-120	4.0	3.0	1.370950594454669	0.5599999999999999	0.6
165_H-120	2.0	2.0	0.7219280948873623	0.31999999999999984	0.8
166_H-120	1.0	1.0	-0.0	0.0	1.0
167_H-120	1.0	1.0	-0.0	0.0	1.0
168_H-120	3.0	2.0	1.0	0.5	0.0
169_H-120	1.0	1.0	-0.0	0.0	1.0
16_H-120	7.0	4.0	1.6644977792004612	0.6122448979591837	0.5714285714285714
170_H-120	1.0	1.0	-0.0	0.0	1.0
171_H-120	1.0	1.0	-0.0	0.0	1.0
172_H-120	0.0	0.0	nan	nan	nan
173_H-120	1.0	1.0	-0.0	0.0	0.0
174_H-120	2.0	2.0	0.9182958340544894	0.4444444444444444	0.6666666666666667
175_H-120	1.0	1.0	-0.0	0.0	1.0
176_H-120	1.0	1.0	-0.0	0.0	1.0
177_H-120	1.0	1.0	-0.0	0.0	1.0
178_H-120	1.0	1.0	-0.0	0.0	1.0
179_H-120	0.0	0.0	nan	nan	nan
17_H-120	2.0	2.0	0.5916727785823274	0.24489795918367352	0.8571428571428572
180_H-120	1.0	1.0	-0.0	0.0	0.0
181_H-120	1.0	1.0	-0.0	0.0	1.0
182_H-120	1.0	1.0	-0.0	0.0	1.0
183_H-120	1.0	1.0	-0.0	0.0	0.0
184_H-120	3.5	3.0	1.5	0.625	0.5
185_H-120	1.0	1.0	-0.0	0.0	0.0
186_H-120	1.0	1.0	-0.0	0.0	1.0
187_H-120	4.0	3.0	1.370950594454669	0.5599999999999999	0.6
188_H-120	1.0	1.0	-0.0	0.0	1.0
189_H-120	1.0	1.0	-0.0	0.0	1.0
18_H-120	1.0	1.0	-0.0	0.0	1.0
190_H-120	1.0	1.0	-0.0	0.0	0.0
191_H-120	1.0	1.0	-0.0	0.0	1.0
192_H-120	0.0	0.0	nan	nan	nan
193_H-120	2.0	2.0	0.8112781244591328	0.375	0.75
194_H-120	3.0	2.0	1.0	0.5	0.0
195_H-120	1.0	1.0	-0.0	0.0	1.0
196_H-120	6.0	3.0	1.584962500721156	0.6666666666666667	0.0
197_H-120	1.0	1.0	-0.0	0.0	1.0
198_H-120	1.0	1.0	-0.0	0.0	1.0
199_H-120	4.0	3.0	1.370950594454669	0.5599999999999999	0.6
19_H-120	1.0	1.0	-0.0	0.0	1.0
1_H-120	0.0	0.0	nan	nan	nan
200_H-120	1.0	1.0	-0.0	0.0	1.0
201_H-120	2.0	2.0	0.9182958340544894	0.4444444444444444	0.6666666666666667
202_H-120	1.0	1.0	-0.0	0.0	1.0
203_H-120	1.0	1.0	-0.0	0.0	1.0
204_H-120	1.0	1.0	-0.0	0.0	1.0
205_H-120	1.0	1.0	-0.0	0.0	0.0
206_H-120	1.0	1.0	-0.0	0.0	1.0
207_H-120	1.0	1.0	-0.0	0.0	1.0
208_H-120	1.0	1.0	-0.0	0.0	1.0
209_H-120	1.0	1.0	-0.0	0.0	1.0
20_H-120	1.0	1.0	-0.0	0.0	1.0
210_H-120	6.0	3.0	1.584962500721156	0.6666666666666667	0.0
211_H-120	6.0	3.0	1.584962500721156	0.6666666666666667	0.0
212_H-120	1.0	1.0	-0.0	0.0	1.0
213_H-120	1.0	1.0	-0.0	0.0	1.0
214_H-120	2.0	2.0	0.6500224216483541	0.2777777777777777	0.8333333333333334
215_H-120	0.0	0.0	nan	nan	nan
216_H-120	1.0	1.0	-0.0	0.0	1.0
217_H-120	1.0	1.0	-0.0	0.0	0.0
218_H-120	4.0	3.0	1.2516291673878228	0.5	0.6666666666666667
219_H-120	1.0	1.0	-0.0	0.0	1.0
21_H-120	1.0	1.0	-0.0	0.0	0.0
220_H-120	1.0	1.0	-0.0	0.0	1.0
221_H-120	7.0	4.0	1.3567796494470394	0.4800000000000001	0.7
222_H-120	1.0	1.0	-0.0	0.0	1.0
223_H-120	4.0	3.0	1.1488348542809168	0.44897959183673464	0.7142857142857143
224_H-120	1.0	1.0	-0.0	0.0	1.0
225_H-120	4.0	3.0	0.9864267287308426	0.37037037037037024	0.7777777777777778
226_H-120	1.0	1.0	-0.0	0.0	1.0
227_H-120	4.0	3.0	1.370950594454669	0.5599999999999999	0.6
228_H-120	1.0	1.0	-0.0	0.0	1.0
229_H-120	1.0	1.0	-0.0	0.0	0.0
22_H-120	1.0	1.0	-0.0	0.0	1.0
230_H-120	0.0	0.0	nan	nan	nan
231_H-120	4.0	3.0	1.1488348542809168	0.44897959183673464	0.7142857142857143
232_H-120	1.0	1.0	-0.0	0.0	1.0
233_H-120	1.0	1.0	-0.0	0.0	1.0
234_H-120	5.5	4.0	1.9219280948873625	0.72	0.4
235_H-120	2.0	2.0	0.7219280948873623	0.31999999999999984	0.8
236_H-120	1.0	1.0	-0.0	0.0	0.0
237_H-120	1.0	1.0	-0.0	0.0	1.0
238_H-120	5.5	4.0	1.9219280948873625	0.72	0.4
239_H-120	1.0	1.0	-0.0	0.0	1.0
23_H-120	1.0	1.0	-0.0	0.0	1.0
240_H-120	3.0	2.0	1.0	0.5	0.0
241_H-120	1.0	1.0	-0.0	0.0	1.0
242_H-120	5.5	4.0	1.9219280948873625	0.72	0.4
243_H-120	1.0	1.0	-0.0	0.0	1.0
244_H-120	4.0	3.0	1.370950594454669	0.5599999999999999	0.6
245_H-120	0.0	0.0	nan	nan	nan
246_H-120	2.0	2.0	0.7219280948873623	0.31999999999999984	0.8
247_H-120	4.0	3.0	1.2516291673878228	0.5	0.6666666666666667
248_H-120	1.0	1.0	-0.0	0.0	1.0
249_H-120	1.0	1.0	-0.0	0.0	1.0
24_H-120	3.0	2.0	1.0	0.5	0.0
250_H-120	0.0	0.0	nan	nan	nan
251_H-120	0.0	0.0	nan	nan	nan
252_H-120	1.0	1.0	-0.0	0.0	1.0
253_H-120	1.0	1.0	-0.0	0.0	0.0
254_H-120	1.0	1.0	-0.0	0.0	1.0
255_H-120	1.0	1.0	-0.0	0.0	1.0
256_H-120	1.0	1.0	-0.0	0.0	1.0
257_H-120	1.0	1.0	-0.0	0.0	1.0
258_H-120	1.0	1.0	-0.0	0.0	1.0
259_H-120	1.0	1.0	-0.0	0.0	1.0
25_H-120	1.0	1.0	-0.0	0.0	1.0
260_H-120	1.0	1.0	-0.0	0.0	1.0
261_H-120	1.0	1.0	-0.0	0.0	1.0
262_H-120	1.0	1.0	-0.0	0.0	1.0
263_H-120	1.0	1.0	-0.0	0.0	1.0
264_H-120	1.0	1.0	-0.0	0.0	1.0
265_H-120	2.0	2.0	0.9182958340544894	0.4444444444444444	0.6666666666666667
266_H-120	0.0	0.0	nan	nan	nan
267_H-120	1.0	1.0	-0.0	0.0	1.0
268_H-120	1.0	1.0	-0.0	0.0	1.0
269_H-120	2.0	2.0	0.6500224216483541	0.2777777777777777	0.8333333333333334
26_H-120	2.0	2.0	0.9182958340544894	0.4444444444444444	0.6666666666666667
270_H-120	1.0	1.0	-0.0	0.0	0.0
271_H-120	3.0	2.0	1.0	0.5	0.0
272_H-120	1.0	1.0	-0.0	0.0	1.0
273_H-120	0.0	0.0	nan	nan	nan
274_H-120	1.0	1.0	-0.0	0.0	1.0
275_H-120	1.0	1.0	-0.0	0.0	1.0
276_H-120	1.0	1.0	-0.0	0.0	1.0
277_H-120	1.0	1.0	-0.0	0.0	1.0
278_H-120	1.0	1.0	-0.0	0.0	0.0
279_H-120	1.0	1.0	-0.0	0.0	1.0
27_H-120	3.5	3.0	1.5	0.625	0.5
280_H-120	1.0	1.0	-0.0	0.0	1.0
281_H-120	1.0	1.0	-0.0	0.0	1.0
282_H-120	1.0	1.0	-0.0	0.0	1.0
283_H-120	2.0	2.0	0.7219280948873623	0.31999999999999984	0.8
284_H-120	1.0	1.0	-0.0	0.0	1.0
285_H-120	4.0	3.0	0.9864267287308426	0.37037037037037024	0.7777777777777778
286_H-120	3.0	2.0	1.0	0.5	0.0
287_H-120	1.0	1.0	-0.0	0.0	1.0
288_H-120	1.0	1.0	-0.0	0.0	1.0
289_H-120	1.0	1.0	-0.0	0.0	1.0
28_H-120	7.0	4.0	1.7924812503605778	0.6666666666666666	0.5
290_H-120	4.0	3.0	1.370950594454669	0.5599999999999999	0.6
291_H-120	1.0	1.0	-0.0	0.0	1.0
292_H-120	1.0	1.0	-0.0	0.0	1.0
293_H-120	1.0	1.0	-0.0	0.0	1.0
294_H-120	1.0	1.0	-0.0	0.0	1.0
295_H-120	1.0	1.0	-0.0	0.0	1.0
296_H-120	1.0	1.0	-0.0	0.0	1.0
297_H-120	2.0	2.0	0.7219280948873623	0.31999999999999984	0.8
298_H-120	2.0	2.0	0.9182958340544894	0.4444444444444444	0.6666666666666667
299_H-120	0.0	0.0	nan	nan	nan
29_H-120	0.0	0.0	nan	nan	nan
2_H-120	0.0	0.0	nan	nan	nan
300_H-120	1.0	1.0	-0.0	0.0	1.0
301_H-120	1.0	1.0	-0.0	0.0	0.0
302_H-120	1.0	1.0	-0.0	0.0	1.0
303_H-120	1.0	1.0	-0.0	0.0	1.0
304_H-120	1.0	1.0	-0.0	0.0	1.0
305_H-120	1.0	1.0	-0.0	0.0	1.0
306_H-120	1.0	1.0	-0.0	0.0	1.0
307_H-120	1.0	1.0	-0.0	0.0	1.0
308_H-120	3.0	2.0	1.0	0.5	0.0
309_H-120	1.0	1.0	-0.0	0.0	1.0
30_H-120	2.0	2.0	0.7219280948873623	0.31999999999999984	0.8
310_H-120	0.0	0.0	nan	nan	nan
311_H-120	2.0	2.0	0.9182958340544894	0.4444444444444444	0.6666666666666667
312_H-120	0.0	0.0	nan	nan	nan
313_H-120	7.0	4.0	1.7924812503605778	0.6666666666666666	0.5
314_H-120	1.0	1.0	-0.0	0.0	0.0
315_H-120	1.0	1.0	-0.0	0.0	0.0
316_H-120	2.0	2.0	0.9182958340544894	0.4444444444444444	0.6666666666666667
317_H-120	1.0	1.0	-0.0	0.0	1.0
318_H-120	0.0	0.0	nan	nan	nan
319_H-120	1.0	1.0	-0.0	0.0	1.0
31_H-120	1.0	1.0	-0.0	0.0	1.0
320_H-120	1.0	1.0	-0.0	0.0	0.0
321_H-120	1.0	1.0	-0.0	0.0	1.0
322_H-120	2.0	2.0	0.9182958340544894	0.4444444444444444	0.6666666666666667
323_H-120	1.0	1.0	-0.0	0.0	1.0
324_H-120	0.0	0.0	nan	nan	nan
325_H-120	0.0	0.0	nan	nan	nan
326_H-120	1.0	1.0	-0.0	0.0	0.0
327_H-120	2.0	2.0	0.9182958340544894	0.4444444444444444	0.6666666666666667
328_H-120	1.0	1.0	-0.0	0.0	1.0
329_H-120	2.0	2.0	0.9182958340544894	0.4444444444444444	0.6666666666666667
32_H-120	3.0	2.0	1.0	0.5	0.0
330_H-120	3.5	3.0	1.5	0.625	0.5
331_H-120	1.0	1.0	-0.0	0.0	0.0
332_H-120	0.0	0.0	nan	nan	nan
333_H-120	1.0	1.0	-0.0	0.0	1.0
334_H-120	3.5	3.0	1.5	0.625	0.5
335_H-120	6.0	3.0	1.584962500721156	0.6666666666666667	0.0
336_H-120	4.0	3.0	1.2516291673878228	0.5	0.6666666666666667
337_H-120	1.0	1.0	-0.0	0.0	1.0
338_H-120	1.0	1.0	-0.0	0.0	1.0
339_H-120	6.0	3.0	1.584962500721156	0.6666666666666667	0.0
33_H-120	1.0	1.0	-0.0	0.0	1.0
340_H-120	0.0	0.0	nan	nan	nan
341_H-120	1.0	1.0	-0.0	0.0	1.0
342_H-120	2.0	2.0	0.6500224216483541	0.2777777777777777	0.8333333333333334
343_H-120	1.0	1.0	-0.0	0.0	0.0
344_H-120	1.0	1.0	-0.0	0.0	0.0
345_H-120	1.0	1.0	-0.0	0.0	1.0
346_H-120	2.0	2.0	0.9182958340544894	0.4444444444444444	0.6666666666666667
347_H-120	1.0	1.0	-0.0	0.0	1.0
348_H-120	1.0	1.0	-0.0	0.0	1.0
349_H-120	0.0	0.0	nan	nan	nan
34_H-120	2.0	2.0	0.9182958340544894	0.4444444444444444	0.6666666666666667
350_H-120	7.0	4.0	1.6644977792004612	0.6122448979591837	0.5714285714285714
351_H-120	1.0	1.0	-0.0	0.0	1.0
352_H-120	0.0	0.0	nan	nan	nan
353_H-120	1.0	1.0	-0.0	0.0	1.0
354_H-120	1.0	1.0	-0.0	0.0	1.0
355_H-120	0.0	0.0	nan	nan	nan
356_H-120	1.0	1.0	-0.0	0.0	1.0
357_H-120	1.0	1.0	-0.0	0.0	0.0
358_H-120	4.0	3.0	1.2516291673878228	0.5	0.6666666666666667
359_H-120	1.0	1.0	-0.0	0.0	1.0
35_H-120	1.0	1.0	-0.0	0.0	1.0
360_H-120	2.0	2.0	0.7219280948873623	0.31999999999999984	0.8
361_H-120	1.0	1.0	-0.0	0.0	1.0
362_H-120	1.0	1.0	-0.0	0.0	1.0
363_H-120	1.0	1.0	-0.0	0.0	1.0
364_H-120	1.0	1.0	-0.0	0.0	1.0
365_H-120	4.0	3.0	1.370950594454669	0.5599999999999999	0.6
366_H-120	1.0	1.0	-0.0	0.0	1.0
367_H-120	1.0	1.0	-0.0	0.0	1.0
368_H-120	3.0	2.0	1.0	0.5	0.0
369_H-120	1.0	1.0	-0.0	0.0	1.0
36_H-120	4.0	3.0	1.061278124459133	0.40625	0.75
370_H-120	2.0	2.0	0.9182958340544894	0.4444444444444444	0.6666666666666667
371_H-120	1.0	1.0	-0.0	0.0	0.0
372_H-120	1.0	1.0	-0.0	0.0	1.0
373_H-120	3.0	2.0	1.0	0.5	0.0
374_H-120	1.0	1.0	-0.0	0.0	1.0
375_H-120	0.0	0.0	nan	nan	nan
376_H-120	2.0	2.0	0.5916727785823274	0.24489795918367352	0.8571428571428572
377_H-120	3.0	2.0	1.0	0.5	0.0
378_H-120	1.0	1.0	-0.0	0.0	1.0
379_H-120	3.0	2.0	1.0	0.5	0.0
37_H-120	1.0	1.0	-0.0	0.0	1.0
380_H-120	1.0	1.0	-0.0	0.0	1.0
381_H-120	1.0	1.0	-0.0	0.0	1.0
382_H-120	2.0	2.0	0.9182958340544894	0.4444444444444444	0.6666666666666667
383_H-120	1.0	1.0	-0.0	0.0	1.0
384_H-120	4.0	3.0	1.370950594454669	0.5599999999999999	0.6
385_H-120	6.0	3.0	1.584962500721156	0.6666666666666667	0.0
386_H-120	1.0	1.0	-0.0	0.0	1.0
387_H-120	1.0	1.0	-0.0	0.0	1.0
388_H-120	1.0	1.0	-0.0	0.0	1.0
389_H-120	0.0	0.0	nan	nan	nan
38_H-120	1.0	1.0	-0.0	0.0	1.0
390_H-120	2.0	2.0	0.9182958340544894	0.4444444444444444	0.6666666666666667
391_H-120	2.0	2.0	0.9182958340544894	0.4444444444444444	0.6666666666666667
392_H-120	1.0	1.0	-0.0	0.0	0.0
393_H-120	2.0	2.0	0.8112781244591328	0.375	0.75
394_H-120	1.0	1.0	-0.0	0.0	1.0
395_H-120	1.0	1.0	-0.0	0.0	1.0
396_H-120	2.0	2.0	0.5916727785823274	0.24489795918367352	0.8571428571428572
397_H-120	1.0	1.0	-0.0	0.0	1.0
398_H-120	1.0	1.0	-0.0	0.0	0.0
399_H-120	1.0	1.0	-0.0	0.0	1.0
39_H-120	0.0	0.0	nan	nan	nan
3_H-120	3.0	2.0	1.0	0.5	0.0
400_H-120	2.0	2.0	0.6500224216483541	0.2777777777777777	0.8333333333333334
401_H-120	1.0	1.0	-0.0	0.0	1.0
402_H-120	1.0	1.0	-0.0	0.0	0.0
403_H-120	1.0	1.0	-0.0	0.0	1.0
404_H-120	1.0	1.0	-0.0	0.0	1.0
405_H-120	1.0	1.0	-0.0	0.0	1.0
406_H-120	1.0	1.0	-0.0	0.0	1.0
407_H-120	4.0	3.0	1.1488348542809168	0.44897959183673464	0.7142857142857143
408_H-120	1.0	1.0	-0.0	0.0	1.0
409_H-120	0.0	0.0	nan	nan	nan
40_H-120	1.0	1.0	-0.0	0.0	1.0
410_H-120	1.0	1.0	-0.0	0.0	1.0
411_H-120	6.0	3.0	1.584962500721156	0.6666666666666667	0.0
412_H-120	2.0	2.0	0.6500224216483541	0.2777777777777777	0.8333333333333334
413_H-120	1.0	1.0	-0.0	0.0	1.0
414_H-120	1.0	1.0	-0.0	0.0	1.0
415_H-120	3.5	3.0	1.5	0.625	0.5
416_H-120	2.0	2.0	0.9182958340544894	0.4444444444444444	0.6666666666666667
417_H-120	0.0	0.0	nan	nan	nan
418_H-120	1.0	1.0	-0.0	0.0	1.0
419_H-120	1.0	1.0	-0.0	0.0	1.0
41_H-120	4.0	3.0	1.2516291673878228	0.5	0.6666666666666667
420_H-120	1.0	1.0	-0.0	0.0	1.0
421_H-120	3.5	3.0	1.5	0.625	0.5
422_H-120	1.0	1.0	-0.0	0.0	0.0
423_H-120	1.0	1.0	-0.0	0.0	1.0
424_H-120	2.0	2.0	0.9182958340544894	0.4444444444444444	0.6666666666666667
425_H-120	1.0	1.0	-0.0	0.0	1.0
426_H-120	3.0	2.0	1.0	0.5	0.0
427_H-120	3.5	3.0	1.5	0.625	0.5
428_H-120	1.0	1.0	-0.0	0.0	1.0
429_H-120	1.0	1.0	-0.0	0.0	1.0
42_H-120	1.0	1.0	-0.0	0.0	1.0
430_H-120	1.0	1.0	-0.0	0.0	1.0
431_H-120	1.0	1.0	-0.0	0.0	1.0
432_H-120	0.0	0.0	nan	nan	nan
433_H-120	3.0	2.0	1.0	0.5	0.0
434_H-120	1.0	1.0	-0.0	0.0	1.0
435_H-120	1.0	1.0	-0.0	0.0	1.0
436_H-120	1.0	1.0	-0.0	0.0	1.0
437_H-120	1.0	1.0	-0.0	0.0	1.0
438_H-120	1.0	1.0	-0.0	0.0	1.0
439_H-120	4.0	3.0	1.1488348542809168	0.44897959183673464	0.7142857142857143
43_H-120	2.0	2.0	0.7219280948873623	0.31999999999999984	0.8
440_H-120	1.0	1.0	-0.0	0.0	0.0
441_H-120	1.0	1.0	-0.0	0.0	1.0
442_H-120	1.0	1.0	-0.0	0.0	1.0
443_H-120	2.0	2.0	0.5916727785823274	0.24489795918367352	0.8571428571428572
444_H-120	1.0	1.0	-0.0	0.0	1.0
445_H-120	0.0	0.0	nan	nan	nan
446_H-120	0.0	0.0	nan	nan	nan
447_H-120	1.0	1.0	-0.0	0.0	1.0
448_H-120	1.0	1.0	-0.0	0.0	1.0
449_H-120	1.0	1.0	-0.0	0.0	1.0
44_H-120	1.0	1.0	-0.0	0.0	1.0
450_H-120	1.0	1.0	-0.0	0.0	1.0
451_H-120	1.0	1.0	-0.0	0.0	1.0
452_H-120	0.0	0.0	nan	nan	nan
453_H-120	1.0	1.0	-0.0	0.0	1.0
454_H-120	6.0	3.0	1.584962500721156	0.6666666666666667	0.0
455_H-120	1.0	1.0	-0.0	0.0	1.0
456_H-120	1.0	1.0	-0.0	0.0	1.0
457_H-120	3.0	2.0	1.0	0.5	0.0
458_H-120	0.0	0.0	nan	nan	nan
459_H-120	2.0	2.0	0.9182958340544894	0.4444444444444444	0.6666666666666667
45_H-120	0.0	0.0	nan	nan	nan
460_H-120	1.0	1.0	-0.0	0.0	1.0
461_H-120	4.0	3.0	1.2516291673878228	0.5	0.6666666666666667
462_H-120	2.0	2.0	0.7219280948873623	0.31999999999999984	0.8
463_H-120	1.0	1.0	-0.0	0.0	0.0
464_H-120	1.0	1.0	-0.0	0.0	1.0
465_H-120	0.0	0.0	nan	nan	nan
466_H-120	3.0	2.0	1.0	0.5	0.0
467_H-120	1.0	1.0	-0.0	0.0	1.0
468_H-120	1.0	1.0	-0.0	0.0	1.0
469_H-120	1.0	1.0	-0.0	0.0	0.0
46_H-120	3.0	2.0	1.0	0.5	0.0
470_H-120	2.0	2.0	0.5435644431995964	0.21875	0.875
471_H-120	1.0	1.0	-0.0	0.0	1.0
472_H-120	0.0	0.0	nan	nan	nan
473_H-120	2.0	2.0	0.8112781244591328	0.375	0.75
474_H-120	1.0	1.0	-0.0	0.0	1.0
475_H-120	2.0	2.0	0.9182958340544894	0.4444444444444444	0.6666666666666667
476_H-120	1.0	1.0	-0.0	0.0	1.0
477_H-120	0.0	0.0	nan	nan	nan
478_H-120	2.0	2.0	0.6500224216483541	0.2777777777777777	0.8333333333333334
479_H-120	1.0	1.0	-0.0	0.0	1.0
47_H-120	1.0	1.0	-0.0	0.0	1.0
480_H-120	4.0	3.0	1.370950594454669	0.5599999999999999	0.6
481_H-120	1.0	1.0	-0.0	0.0	0.0
482_H-120	1.0	1.0	-0.0	0.0	1.0
483_H-120	1.0	1.0	-0.0	0.0	1.0
484_H-120	1.0	1.0	-0.0	0.0	1.0
485_H-120	5.5	4.0	1.9219280948873625	0.72	0.4
486_H-120	0.0	0.0	nan	nan	nan
487_H-120	1.0	1.0	-0.0	0.0	1.0
488_H-120	1.0	1.0	-0.0	0.0	1.0
489_H-120	3.0	2.0	1.0	0.5	0.0
48_H-120	1.0	1.0	-0.0	0.0	1.0
490_H-120	1.0	1.0	-0.0	0.0	1.0
491_H-120	2.0	2.0	0.9182958340544894	0.4444444444444444	0.6666666666666667
492_H-120	1.0	1.0	-0.0	0.0	1.0
493_H-120	1.0	1.0	-0.0	0.0	1.0
494_H-120	1.0	1.0	-0.0	0.0	1.0
495_H-120	1.0	1.0	-0.0	0.0	1.0
496_H-120	7.0	4.0	1.6644977792004612	0.6122448979591837	0.5714285714285714
497_H-120	2.0	2.0	0.9182958340544894	0.4444444444444444	0.6666666666666667
498_H-120	1.0	1.0	-0.0	0.0	1.0
499_H-120	1.0	1.0	-0.0	0.0	1.0
49_H-120	3.5	3.0	1.5	0.625	0.5
4_H-120	1.0	1.0	-0.0	0.0	1.0
500_H-120	1.0	1.0	-0.0	0.0	1.0
501_H-120	1.0	1.0	-0.0	0.0	0.0
502_H-120	0.0	0.0	nan	nan	nan
503_H-120	1.0	1.0	-0.0	0.0	1.0
504_H-120	1.0	1.0	-0.0	0.0	1.0
505_H-120	2.0	2.0	0.7219280948873623	0.31999999999999984	0.8
506_H-120	1.0	1.0	-0.0	0.0	1.0
507_H-120	1.0	1.0	-0.0	0.0	1.0
508_H-120	1.0	1.0	-0.0	0.0	1.0
509_H-120	2.0	2.0	0.9182958340544894	0.4444444444444444	0.6666666666666667
50_H-120	1.0	1.0	-0.0	0.0	1.0
510_H-120	1.0	1.0	-0.0	0.0	0.0
511_H-120	1.0	1.0	-0.0	0.0	1.0
512_H-120	0.0	0.0	nan	nan	nan
513_H-120	0.0	0.0	nan	nan	nan
514_H-120	1.0	1.0	-0.0	0.0	1.0
515_H-120	1.0	1.0	-0.0	0.0	1.0
516_H-120	1.0	1.0	-0.0	0.0	1.0
517_H-120	1.0	1.0	-0.0	0.0	1.0
518_H-120	0.0	0.0	nan	nan	nan
519_H-120	7.0	4.0	1.4466166676282084	0.5185185185185186	0.6666666666666667
51_H-120	1.0	1.0	-0.0	0.0	1.0
520_H-120	1.0	1.0	-0.0	0.0	1.0
521_H-120	1.0	1.0	-0.0	0.0	1.0
522_H-120	1.0	1.0	-0.0	0.0	1.0
523_H-120	1.0	1.0	-0.0	0.0	1.0
524_H-120	1.0	1.0	-0.0	0.0	1.0
525_H-120	1.0	1.0	-0.0	0.0	1.0
526_H-120	1.0	1.0	-0.0	0.0	1.0
527_H-120	1.0	1.0	-0.0	0.0	1.0
528_H-120	2.0	2.0	0.8112781244591328	0.375	0.75
529_H-120	1.0	1.0	-0.0	0.0	1.0
52_H-120	1.0	1.0	-0.0	0.0	0.0
530_H-120	1.0	1.0	-0.0	0.0	1.0
531_H-120	2.0	2.0	0.9182958340544894	0.4444444444444444	0.6666666666666667
532_H-120	1.0	1.0	-0.0	0.0	1.0
533_H-120	1.0	1.0	-0.0	0.0	1.0
534_H-120	1.0	1.0	-0.0	0.0	1.0
535_H-120	0.0	0.0	nan	nan	nan
536_H-120	1.0	1.0	-0.0	0.0	1.0
537_H-120	1.0	1.0	-0.0	0.0	1.0
538_H-120	4.0	3.0	1.061278124459133	0.40625	0.75
539_H-120	1.0	1.0	-0.0	0.0	1.0
53_H-120	0.0	0.0	nan	nan	nan
540_H-120	1.0	1.0	-0.0	0.0	1.0
541_H-120	1.0	1.0	-0.0	0.0	0.0
542_H-120	1.0	1.0	-0.0	0.0	1.0
543_H-120	1.0	1.0	-0.0	0.0	1.0
544_H-120	1.0	1.0	-0.0	0.0	1.0
545_H-120	0.0	0.0	nan	nan	nan
546_H-120	1.0	1.0	-0.0	0.0	1.0
547_H-120	2.0	2.0	0.9182958340544894	0.4444444444444444	0.6666666666666667
548_H-120	3.0	2.0	1.0	0.5	0.0
549_H-120	1.0	1.0	-0.0	0.0	0.0
54_H-120	5.5	4.0	1.9219280948873625	0.72	0.4
550_H-120	1.0	1.0	-0.0	0.0	0.0
551_H-120	1.0	1.0	-0.0	0.0	1.0
552_H-120	1.0	1.0	-0.0	0.0	1.0
553_H-120	1.0	1.0	-0.0	0.0	1.0
554_H-120	1.0	1.0	-0.0	0.0	1.0
555_H-120	5.5	4.0	1.9219280948873625	0.72	0.4
556_H-120	1.0	1.0	-0.0	0.0	1.0
557_H-120	1.0	1.0	-0.0	0.0	1.0
558_H-120	1.0	1.0	-0.0	0.0	1.0
559_H-120	3.5	3.0	1.5	0.625	0.5
55_H-120	1.0	1.0	-0.0	0.0	1.0
560_H-120	1.0	1.0	-0.0	0.0	0.0
561_H-120	1.0	1.0	-0.0	0.0	1.0
562_H-120	1.0	1.0	-0.0	0.0	0.0
563_H-120	1.0	1.0	-0.0	0.0	1.0
564_H-120	1.0	1.0	-0.0	0.0	1.0
565_H-120	1.0	1.0	-0.0	0.0	1.0
566_H-120	1.0	1.0	-0.0	0.0	1.0
567_H-120	10.0	4.0	2.0	0.75	0.0
568_H-120	1.0	1.0	-0.0	0.0	1.0
569_H-120	1.0	1.0	-0.0	0.0	0.0
56_H-120	1.0	1.0	-0.0	0.0	1.0
570_H-120	4.0	3.0	1.370950594454669	0.5599999999999999	0.6
571_H-120	2.0	2.0	0.9182958340544894	0.4444444444444444	0.6666666666666667
572_H-120	0.0	0.0	nan	nan	nan
573_H-120	1.0	1.0	-0.0	0.0	0.0
574_H-120	1.0	1.0	-0.0	0.0	1.0
575_H-120	4.0	3.0	1.1488348542809168	0.44897959183673464	0.7142857142857143
576_H-120	3.5	3.0	1.5	0.625	0.5
577_H-120	1.0	1.0	-0.0	0.0	1.0
578_H-120	2.0	2.0	0.9182958340544894	0.4444444444444444	0.6666666666666667
579_H-120	0.0	0.0	nan	nan	nan
57_H-120	0.0	0.0	nan	nan	nan
580_H-120	4.0	3.0	1.2516291673878228	0.5	0.6666666666666667
581_H-120	0.0	0.0	nan	nan	nan
582_H-120	3.0	2.0	1.0	0.5	0.0
583_H-120	4.0	3.0	1.2516291673878228	0.5	0.6666666666666667
584_H-120	1.0	1.0	-0.0	0.0	1.0
585_H-120	2.0	2.0	0.9182958340544894	0.4444444444444444	0.6666666666666667
586_H-120	1.0	1.0	-0.0	0.0	1.0
587_H-120	2.0	2.0	0.9182958340544894	0.4444444444444444	0.6666666666666667
588_H-120	1.0	1.0	-0.0	0.0	1.0
589_H-120	7.0	4.0	1.6644977792004612	0.6122448979591837	0.5714285714285714
58_H-120	0.0	0.0	nan	nan	nan
590_H-120	1.0	1.0	-0.0	0.0	0.0
591_H-120	7.0	4.0	1.6644977792004612	0.6122448979591837	0.5714285714285714
592_H-120	1.0	1.0	-0.0	0.0	1.0
593_H-120	1.0	1.0	-0.0	0.0	1.0
594_H-120	1.0	1.0	-0.0	0.0	1.0
595_H-120	1.0	1.0	-0.0	0.0	1.0
596_H-120	4.0	3.0	1.1488348542809168	0.44897959183673464	0.7142857142857143
597_H-120	1.0	1.0	-0.0	0.0	1.0
598_H-120	2.0	2.0	0.9182958340544894	0.4444444444444444	0.6666666666666667
599_H-120	0.0	0.0	nan	nan	nan
59_H-120	1.0	1.0	-0.0	0.0	1.0
5_H-120	2.0	2.0	0.6500224216483541	0.2777777777777777	0.8333333333333334
600_H-120	0.0	0.0	nan	nan	nan
601_H-120	2.0	2.0	0.7219280948873623	0.31999999999999984	0.8
602_H-120	2.0	2.0	0.9182958340544894	0.4444444444444444	0.6666666666666667
603_H-120	4.0	3.0	1.1488348542809168	0.44897959183673464	0.7142857142857143
604_H-120	4.0	3.0	1.1488348542809168	0.44897959183673464	0.7142857142857143
605_H-120	1.0	1.0	-0.0	0.0	1.0
606_H-120	2.0	2.0	0.8112781244591328	0.375	0.75
607_H-120	1.0	1.0	-0.0	0.0	1.0
608_H-120	7.0	4.0	1.7924812503605778	0.6666666666666666	0.5
609_H-120	1.0	1.0	-0.0	0.0	0.0
60_H-120	1.0	1.0	-0.0	0.0	0.0
610_H-120	0.0	0.0	nan	nan	nan
611_H-120	1.0	1.0	-0.0	0.0	0.0
612_H-120	1.0	1.0	-0.0	0.0	1.0
613_H-120	4.0	3.0	1.370950594454669	0.5599999999999999	0.6
614_H-120	0.0	0.0	nan	nan	nan
615_H-120	1.0	1.0	-0.0	0.0	1.0
616_H-120	0.0	0.0	nan	nan	nan
617_H-120	1.0	1.0	-0.0	0.0	1.0
618_H-120	1.0	1.0	-0.0	0.0	1.0
619_H-120	1.0	1.0	-0.0	0.0	1.0
61_H-120	1.0	1.0	-0.0	0.0	1.0
620_H-120	1.0	1.0	-0.0	0.0	1.0
621_H-120	0.0	0.0	nan	nan	nan
622_H-120	0.0	0.0	nan	nan	nan
623_H-120	3.5	3.0	1.5	0.625	0.5
624_H-120	1.0	1.0	-0.0	0.0	0.0
625_H-120	1.0	1.0	-0.0	0.0	1.0
626_H-120	1.0	1.0	-0.0	0.0	1.0
627_H-120	1.0	1.0	-0.0	0.0	1.0
628_H-120	4.0	3.0	1.370950594454669	0.5599999999999999	0.6
629_H-120	1.0	1.0	-0.0	0.0	1.0
62_H-120	2.0	2.0	0.9182958340544894	0.4444444444444444	0.6666666666666667
630_H-120	1.0	1.0	-0.0	0.0	0.0
631_H-120	1.0	1.0	-0.0	0.0	0.0
632_H-120	1.0	1.0	-0.0	0.0	1.0
633_H-120	1.0	1.0	-0.0	0.0	1.0
634_H-120	1.0	1.0	-0.0	0.0	1.0
635_H-120	1.0	1.0	-0.0	0.0	1.0
636_H-120	2.0	2.0	0.9182958340544894	0.4444444444444444	0.6666666666666667
637_H-120	1.0	1.0	-0.0	0.0	1.0
638_H-120	1.0	1.0	-0.0	0.0	1.0
639_H-120	0.0	0.0	nan	nan	nan
63_H-120	1.0	1.0	-0.0	0.0	1.0
640_H-120	1.0	1.0	-0.0	0.0	1.0
641_H-120	1.0	1.0	-0.0	0.0	1.0
642_H-120	2.0	2.0	0.7219280948873623	0.31999999999999984	0.8
643_H-120	3.0	2.0	1.0	0.5	0.0
644_H-120	0.0	0.0	nan	nan	nan
645_H-120	7.0	4.0	1.6644977792004612	0.6122448979591837	0.5714285714285714
646_H-120	2.0	2.0	0.8112781244591328	0.375	0.75
647_H-120	2.0	2.0	0.7219280948873623	0.31999999999999984	0.8
648_H-120	4.0	3.0	0.9864267287308426	0.37037037037037024	0.7777777777777778
649_H-120	1.0	1.0	-0.0	0.0	1.0
64_H-120	1.0	1.0	-0.0	0.0	1.0
650_H-120	1.0	1.0	-0.0	0.0	1.0
651_H-120	0.0	0.0	nan	nan	nan
652_H-120	1.0	1.0	-0.0	0.0	0.0
653_H-120	3.0	2.0	1.0	0.5	0.0
654_H-120	1.0	1.0	-0.0	0.0	1.0
655_H-120	1.0	1.0	-0.0	0.0	1.0
656_H-120	0.0	0.0	nan	nan	nan
657_H-120	1.0	1.0	-0.0	0.0	1.0
658_H-120	1.0	1.0	-0.0	0.0	0.0
659_H-120	3.5	3.0	1.5	0.625	0.5
65_H-120	3.0	2.0	1.0	0.5	0.0
660_H-120	2.0	2.0	0.9182958340544894	0.4444444444444444	0.6666666666666667
661_H-120	6.0	3.0	1.584962500721156	0.6666666666666667	0.0
662_H-120	6.0	3.0	1.584962500721156	0.6666666666666667	0.0
663_H-120	1.0	1.0	-0.0	0.0	1.0
664_H-120	2.0	2.0	0.7219280948873623	0.31999999999999984	0.8
665_H-120	0.0	0.0	nan	nan	nan
666_H-120	1.0	1.0	-0.0	0.0	1.0
667_H-120	0.0	0.0	nan	nan	nan
668_H-120	2.0	2.0	0.8112781244591328	0.375	0.75
669_H-120	1.0	1.0	-0.0	0.0	0.0
66_H-120	1.0	1.0	-0.0	0.0	1.0
670_H-120	0.0	0.0	nan	nan	nan
671_H-120	1.0	1.0	-0.0	0.0	1.0
672_H-120	1.0	1.0	-0.0	0.0	1.0
673_H-120	0.0	0.0	nan	nan	nan
674_H-120	4.0	3.0	1.370950594454669	0.5599999999999999	0.6
675_H-120	1.0	1.0	-0.0	0.0	1.0
676_H-120	7.0	4.0	1.4466166676282084	0.5185185185185186	0.6666666666666667
677_H-120	2.0	2.0	0.8112781244591328	0.375	0.75
678_H-120	4.0	3.0	1.370950594454669	0.5599999999999999	0.6
679_H-120	1.0	1.0	-0.0	0.0	0.0
67_H-120	1.0	1.0	-0.0	0.0	1.0
680_H-120	1.0	1.0	-0.0	0.0	1.0
681_H-120	1.0	1.0	-0.0	0.0	1.0
682_H-120	4.0	3.0	1.370950594454669	0.5599999999999999	0.6
683_H-120	1.0	1.0	-0.0	0.0	1.0
684_H-120	1.0	1.0	-0.0	0.0	1.0
685_H-120	0.0	0.0	nan	nan	nan
686_H-120	5.5	4.0	1.9219280948873625	0.72	0.4
687_H-120	1.0	1.0	-0.0	0.0	1.0
688_H-120	1.0	1.0	-0.0	0.0	0.0
689_H-120	1.0	1.0	-0.0	0.0	1.0
68_H-120	1.0	1.0	-0.0	0.0	1.0
690_H-120	1.0	1.0	-0.0	0.0	1.0
691_H-120	2.0	2.0	0.6500224216483541	0.2777777777777777	0.8333333333333334
692_H-120	1.0	1.0	-0.0	0.0	0.0
693_H-120	1.0	1.0	-0.0	0.0	1.0
694_H-120	1.0	1.0	-0.0	0.0	1.0
695_H-120	1.0	1.0	-0.0	0.0	1.0
696_H-120	1.0	1.0	-0.0	0.0	0.0
697_H-120	1.0	1.0	-0.0	0.0	1.0
698_H-120	1.0	1.0	-0.0	0.0	0.0
699_H-120	0.0	0.0	nan	nan	nan
69_H-120	1.0	1.0	-0.0	0.0	1.0
6_H-120	1.0	1.0	-0.0	0.0	0.0
700_H-120	1.0	1.0	-0.0	0.0	1.0
701_H-120	1.0	1.0	-0.0	0.0	1.0
702_H-120	3.0	2.0	1.0	0.5	0.0
703_H-120	3.0	2.0	1.0	0.5	0.0
704_H-120	1.0	1.0	-0.0	0.0	0.0
705_H-120	1.0	1.0	-0.0	0.0	1.0
706_H-120	1.0	1.0	-0.0	0.0	1.0
707_H-120	1.0	1.0	-0.0	0.0	1.0
708_H-120	3.0	2.0	1.0	0.5	0.0
709_H-120	1.0	1.0	-0.0	0.0	1.0
70_H-120	1.0	1.0	-0.0	0.0	0.0
710_H-120	1.0	1.0	-0.0	0.0	0.0
711_H-120	6.0	3.0	1.584962500721156	0.6666666666666667	0.0
712_H-120	1.0	1.0	-0.0	0.0	1.0
713_H-120	1.0	1.0	-0.0	0.0	1.0
714_H-120	1.0	1.0	-0.0	0.0	1.0
715_H-120	1.0	1.0	-0.0	0.0	0.0
716_H-120	3.5	3.0	1.5	0.625	0.5
717_H-120	1.0	1.0	-0.0	0.0	0.0
718_H-120	1.0	1.0	-0.0	0.0	1.0
719_H-120	0.0	0.0	nan	nan	nan
71_H-120	1.0	1.0	-0.0	0.0	1.0
720_H-120	0.0	0.0	nan	nan	nan
721_H-120	1.0	1.0	-0.0	0.0	1.0
722_H-120	1.0	1.0	-0.0	0.0	1.0
723_H-120	0.0	0.0	nan	nan	nan
724_H-120	1.0	1.0	-0.0	0.0	1.0
725_H-120	1.0	1.0	-0.0	0.0	0.0
726_H-120	1.0	1.0	-0.0	0.0	0.0
727_H-120	1.0	1.0	-0.0	0.0	1.0
728_H-120	1.0	1.0	-0.0	0.0	0.0
729_H-120	0.0	0.0	nan	nan	nan
72_H-120	3.0	2.0	1.0	0.5	0.0
730_H-120	4.0	3.0	1.2516291673878228	0.5	0.6666666666666667
731_H-120	2.0	2.0	0.8112781244591328	0.375	0.75
732_H-120	1.0	1.0	-0.0	0.0	1.0
733_H-120	1.0	1.0	-0.0	0.0	1.0
734_H-120	1.0	1.0	-0.0	0.0	0.0
735_H-120	1.0	1.0	-0.0	0.0	1.0
736_H-120	6.0	3.0	1.584962500721156	0.6666666666666667	0.0
737_H-120	3.0	2.0	1.0	0.5	0.0
738_H-120	2.0	2.0	0.9182958340544894	0.4444444444444444	0.6666666666666667
739_H-120	4.0	3.0	0.9864267287308426	0.37037037037037024	0.7777777777777778
73_H-120	3.0	2.0	1.0	0.5	0.0
740_H-120	1.0	1.0	-0.0	0.0	1.0
741_H-120	3.5	3.0	1.5	0.625	0.5
742_H-120	3.0	2.0	1.0	0.5	0.0
743_H-120	1.0	1.0	-0.0	0.0	1.0
744_H-120	4.0	3.0	1.061278124459133	0.40625	0.75
745_H-120	4.0	3.0	1.370950594454669	0.5599999999999999	0.6
746_H-120	1.0	1.0	-0.0	0.0	1.0
747_H-120	1.0	1.0	-0.0	0.0	1.0
748_H-120	4.0	3.0	1.2516291673878228	0.5	0.6666666666666667
749_H-120	1.0	1.0	-0.0	0.0	1.0
74_H-120	1.0	1.0	-0.0	0.0	0.0
750_H-120	1.0	1.0	-0.0	0.0	1.0
751_H-120	1.0	1.0	-0.0	0.0	0.0
752_H-120	3.5	3.0	1.5	0.625	0.5
753_H-120	1.0	1.0	-0.0	0.0	1.0
754_H-120	4.0	3.0	1.061278124459133	0.40625	0.75
755_H-120	1.0	1.0	-0.0	0.0	1.0
756_H-120	3.0	2.0	1.0	0.5	0.0
757_H-120	1.0	1.0	-0.0	0.0	1.0
758_H-120	1.0	1.0	-0.0	0.0	1.0
759_H-120	1.0	1.0	-0.0	0.0	0.0
75_H-120	1.0	1.0	-0.0	0.0	1.0
760_H-120	2.0	2.0	0.9182958340544894	0.4444444444444444	0.6666666666666667
761_H-120	1.0	1.0	-0.0	0.0	1.0
762_H-120	3.0	2.0	1.0	0.5	0.0
763_H-120	1.0	1.0	-0.0	0.0	1.0
764_H-120	0.0	0.0	nan	nan	nan
765_H-120	1.0	1.0	-0.0	0.0	1.0
766_H-120	1.0	1.0	-0.0	0.0	0.0
767_H-120	0.0	0.0	nan	nan	nan
768_H-120	2.0	2.0	0.8112781244591328	0.375	0.75
769_H-120	1.0	1.0	-0.0	0.0	1.0
76_H-120	1.0	1.0	-0.0	0.0	1.0
770_H-120	1.0	1.0	-0.0	0.0	0.0
771_H-120	7.0	4.0	1.5487949406953987	0.5625	0.625
772_H-120	1.0	1.0	-0.0	0.0	1.0
773_H-120	2.0	2.0	0.9182958340544894	0.4444444444444444	0.6666666666666667
774_H-120	1.0	1.0	-0.0	0.0	1.0
775_H-120	2.0	2.0	0.9182958340544894	0.4444444444444444	0.6666666666666667
776_H-120	2.0	2.0	0.9182958340544894	0.4444444444444444	0.6666666666666667
777_H-120	1.0	1.0	-0.0	0.0	1.0
778_H-120	1.0	1.0	-0.0	0.0	0.0
779_H-120	3.0	2.0	1.0	0.5	0.0
77_H-120	2.0	2.0	0.7219280948873623	0.31999999999999984	0.8
780_H-120	5.5	4.0	1.9219280948873625	0.72	0.4
781_H-120	1.0	1.0	-0.0	0.0	1.0
782_H-120	2.0	2.0	0.9182958340544894	0.4444444444444444	0.6666666666666667
783_H-120	1.0	1.0	-0.0	0.0	1.0
784_H-120	3.5	3.0	1.5	0.625	0.5
785_H-120	1.0	1.0	-0.0	0.0	1.0
786_H-120	2.0	2.0	0.9182958340544894	0.4444444444444444	0.6666666666666667
787_H-120	0.0	0.0	nan	nan	nan
788_H-120	1.0	1.0	-0.0	0.0	1.0
789_H-120	1.0	1.0	-0.0	0.0	1.0
78_H-120	2.0	2.0	0.5916727785823274	0.24489795918367352	0.8571428571428572
790_H-120	1.0	1.0	-0.0	0.0	1.0
791_H-120	1.0	1.0	-0.0	0.0	1.0
792_H-120	10.0	4.0	2.0	0.75	0.0
793_H-120	1.0	1.0	-0.0	0.0	1.0
794_H-120	1.0	1.0	-0.0	0.0	0.0
795_H-120	1.0	1.0	-0.0	0.0	1.0
796_H-120	1.0	1.0	-0.0	0.0	0.0
797_H-120	1.0	1.0	-0.0	0.0	1.0
798_H-120	1.0	1.0	-0.0	0.0	1.0
799_H-120	1.0	1.0	-0.0	0.0	1.0
79_H-120	0.0	0.0	nan	nan	nan
7_H-120	3.0	2.0	1.0	0.5	0.0
800_H-120	4.0	3.0	1.1488348542809168	0.44897959183673464	0.7142857142857143
801_H-120	1.0	1.0	-0.0	0.0	1.0
802_H-120	1.0	1.0	-0.0	0.0	1.0
803_H-120	1.0	1.0	-0.0	0.0	1.0
804_H-120	10.0	4.0	2.0	0.75	0.0
805_H-120	5.5	4.0	1.9219280948873625	0.72	0.4
806_H-120	1.0	1.0	-0.0	0.0	1.0
807_H-120	1.0	1.0	-0.0	0.0	1.0
808_H-120	1.0	1.0	-0.0	0.0	0.0
809_H-120	1.0	1.0	-0.0	0.0	0.0
80_H-120	1.0	1.0	-0.0	0.0	1.0
810_H-120	1.0	1.0	-0.0	0.0	0.0
811_H-120	1.0	1.0	-0.0	0.0	1.0
812_H-120	1.0	1.0	-0.0	0.0	1.0
813_H-120	1.0	1.0	-0.0	0.0	1.0
814_H-120	4.0	3.0	1.370950594454669	0.5599999999999999	0.6
815_H-120	6.0	3.0	1.584962500721156	0.6666666666666667	0.0
816_H-120	1.0	1.0	-0.0	0.0	0.0
817_H-120	1.0	1.0	-0.0	0.0	0.0
818_H-120	2.0	2.0	0.7219280948873623	0.31999999999999984	0.8
819_H-120	2.0	2.0	0.9182958340544894	0.4444444444444444	0.6666666666666667
81_H-120	2.0	2.0	0.5916727785823274	0.24489795918367352	0.8571428571428572
820_H-120	1.0	1.0	-0.0	0.0	1.0
821_H-120	1.0	1.0	-0.0	0.0	1.0
822_H-120	2.0	2.0	0.7219280948873623	0.31999999999999984	0.8
823_H-120	2.0	2.0	0.9182958340544894	0.4444444444444444	0.6666666666666667
824_H-120	1.0	1.0	-0.0	0.0	1.0
825_H-120	1.0	1.0	-0.0	0.0	0.0
826_H-120	1.0	1.0	-0.0	0.0	1.0
827_H-120	0.0	0.0	nan	nan	nan
828_H-120	1.0	1.0	-0.0	0.0	1.0
829_H-120	1.0	1.0	-0.0	0.0	1.0
82_H-120	1.0	1.0	-0.0	0.0	1.0
830_H-120	2.0	2.0	0.9182958340544894	0.4444444444444444	0.6666666666666667
831_H-120	1.0	1.0	-0.0	0.0	0.0
832_H-120	1.0	1.0	-0.0	0.0	1.0
833_H-120	3.0	2.0	1.0	0.5	0.0
834_H-120	1.0	1.0	-0.0	0.0	1.0
835_H-120	2.0	2.0	0.9182958340544894	0.4444444444444444	0.6666666666666667
836_H-120	4.0	3.0	1.2516291673878228	0.5	0.6666666666666667
837_H-120	1.0	1.0	-0.0	0.0	1.0
838_H-120	4.0	3.0	1.061278124459133	0.40625	0.75
839_H-120	1.0	1.0	-0.0	0.0	1.0
83_H-120	1.0	1.0	-0.0	0.0	1.0
840_H-120	4.0	3.0	1.2516291673878228	0.5	0.6666666666666667
841_H-120	6.0	3.0	1.584962500721156	0.6666666666666667	0.0
842_H-120	4.0	3.0	1.370950594454669	0.5599999999999999	0.6
843_H-120	0.0	0.0	nan	nan	nan
844_H-120	1.0	1.0	-0.0	0.0	1.0
845_H-120	2.0	2.0	0.7219280948873623	0.31999999999999984	0.8
846_H-120	1.0	1.0	-0.0	0.0	0.0
847_H-120	1.0	1.0	-0.0	0.0	1.0
848_H-120	0.0	0.0	nan	nan	nan
849_H-120	1.0	1.0	-0.0	0.0	1.0
84_H-120	1.0	1.0	-0.0	0.0	1.0
850_H-120	1.0	1.0	-0.0	0.0	0.0
851_H-120	1.0	1.0	-0.0	0.0	1.0
852_H-120	2.0	2.0	0.9182958340544894	0.4444444444444444	0.6666666666666667
853_H-120	1.0	1.0	-0.0	0.0	0.0
854_H-120	4.0	3.0	1.1488348542809168	0.44897959183673464	0.7142857142857143
855_H-120	1.0	1.0	-0.0	0.0	1.0
856_H-120	1.0	1.0	-0.0	0.0	1.0
857_H-120	1.0	1.0	-0.0	0.0	1.0
858_H-120	2.0	2.0	0.8112781244591328	0.375	0.75
859_H-120	0.0	0.0	nan	nan	nan
85_H-120	1.0	1.0	-0.0	0.0	1.0
860_H-120	3.5	3.0	1.5	0.625	0.5
861_H-120	3.0	2.0	1.0	0.5	0.0
862_H-120	2.0	2.0	0.8112781244591328	0.375	0.75
863_H-120	1.0	1.0	-0.0	0.0	1.0
864_H-120	1.0	1.0	-0.0	0.0	1.0
865_H-120	7.0	4.0	1.6644977792004612	0.6122448979591837	0.5714285714285714
866_H-120	1.0	1.0	-0.0	0.0	1.0
867_H-120	1.0	1.0	-0.0	0.0	1.0
868_H-120	1.0	1.0	-0.0	0.0	1.0
869_H-120	1.0	1.0	-0.0	0.0	0.0
86_H-120	1.0	1.0	-0.0	0.0	1.0
870_H-120	1.0	1.0	-0.0	0.0	1.0
871_H-120	0.0	0.0	nan	nan	nan
872_H-120	1.0	1.0	-0.0	0.0	0.0
873_H-120	1.0	1.0	-0.0	0.0	1.0
874_H-120	6.0	3.0	1.584962500721156	0.6666666666666667	0.0
875_H-120	1.0	1.0	-0.0	0.0	1.0
876_H-120	1.0	1.0	-0.0	0.0	0.0
877_H-120	0.0	0.0	nan	nan	nan
878_H-120	1.0	1.0	-0.0	0.0	1.0
879_H-120	0.0	0.0	nan	nan	nan
87_H-120	4.0	3.0	0.9864267287308426	0.37037037037037024	0.7777777777777778
880_H-120	1.0	1.0	-0.0	0.0	0.0
881_H-120	1.0	1.0	-0.0	0.0	1.0
882_H-120	1.0	1.0	-0.0	0.0	1.0
883_H-120	3.0	2.0	1.0	0.5	0.0
884_H-120	1.0	1.0	-0.0	0.0	1.0
885_H-120	2.0	2.0	0.9182958340544894	0.4444444444444444	0.6666666666666667
886_H-120	1.0	1.0	-0.0	0.0	1.0
887_H-120	4.0	3.0	1.2516291673878228	0.5	0.6666666666666667
888_H-120	1.0	1.0	-0.0	0.0	1.0
889_H-120	0.0	0.0	nan	nan	nan
88_H-120	2.0	2.0	0.7219280948873623	0.31999999999999984	0.8
890_H-120	0.0	0.0	nan	nan	nan
891_H-120	1.0	1.0	-0.0	0.0	1.0
892_H-120	3.0	2.0	1.0	0.5	0.0
893_H-120	0.0	0.0	nan	nan	nan
894_H-120	1.0	1.0	-0.0	0.0	1.0
895_H-120	1.0	1.0	-0.0	0.0	1.0
896_H-120	1.0	1.0	-0.0	0.0	1.0
897_H-120	0.0	0.0	nan	nan	nan
898_H-120	0.0	0.0	nan	nan	nan
899_H-120	3.5	3.0	1.5	0.625	0.5
89_H-120	1.0	1.0	-0.0	0.0	1.0
8_H-120	1.0	1.0	-0.0	0.0	1.0
900_H-120	2.0	2.0	0.6500224216483541	0.2777777777777777	0.8333333333333334
901_H-120	1.0	1.0	-0.0	0.0	1.0
902_H-120	3.0	2.0	1.0	0.5	0.0
903_H-120	1.0	1.0	-0.0	0.0	1.0
904_H-120	2.0	2.0	0.7219280948873623	0.31999999999999984	0.8
905_H-120	2.0	2.0	0.6500224216483541	0.2777777777777777	0.8333333333333334
906_H-120	3.0	2.0	1.0	0.5	0.0
907_H-120	2.0	2.0	0.9182958340544894	0.4444444444444444	0.6666666666666667
908_H-120	0.0	0.0	nan	nan	nan
909_H-120	1.0	1.0	-0.0	0.0	1.0
90_H-120	0.0	0.0	nan	nan	nan
910_H-120	4.0	3.0	1.370950594454669	0.5599999999999999	0.6
911_H-120	1.0	1.0	-0.0	0.0	1.0
912_H-120	1.0	1.0	-0.0	0.0	1.0
913_H-120	1.0	1.0	-0.0	0.0	1.0
914_H-120	1.0	1.0	-0.0	0.0	1.0
915_H-120	1.0	1.0	-0.0	0.0	1.0
916_H-120	3.0	2.0	1.0	0.5	0.0
917_H-120	6.0	3.0	1.584962500721156	0.6666666666666667	0.0
918_H-120	5.5	4.0	1.9219280948873625	0.72	0.4
919_H-120	1.0	1.0	-0.0	0.0	0.0
91_H-120	3.5	3.0	1.5	0.625	0.5
920_H-120	1.0	1.0	-0.0	0.0	1.0
921_H-120	1.0	1.0	-0.0	0.0	1.0
922_H-120	1.0	1.0	-0.0	0.0	1.0
923_H-120	0.0	0.0	nan	nan	nan
924_H-120	1.0	1.0	-0.0	0.0	1.0
925_H-120	1.0	1.0	-0.0	0.0	1.0
926_H-120	1.0	1.0	-0.0	0.0	1.0
927_H-120	1.0	1.0	-0.0	0.0	1.0
928_H-120	1.0	1.0	-0.0	0.0	1.0
929_H-120	1.0	1.0	-0.0	0.0	1.0
92_H-120	1.0	1.0	-0.0	0.0	1.0
930_H-120	4.0	3.0	1.370950594454669	0.5599999999999999	0.6
931_H-120	0.0	0.0	nan	nan	nan
932_H-120	2.0	2.0	0.9182958340544894	0.4444444444444444	0.6666666666666667
933_H-120	1.0	1.0	-0.0	0.0	1.0
934_H-120	6.0	3.0	1.584962500721156	0.6666666666666667	0.0
935_H-120	1.0	1.0	-0.0	0.0	1.0
936_H-120	1.0	1.0	-0.0	0.0	1.0
937_H-120	1.0	1.0	-0.0	0.0	0.0
938_H-120	1.0	1.0	-0.0	0.0	1.0
939_H-120	6.0	3.0	1.584962500721156	0.6666666666666667	0.0
93_H-120	1.0	1.0	-0.0	0.0	0.0
940_H-120	1.0	1.0	-0.0	0.0	1.0
941_H-120	1.0	1.0	-0.0	0.0	1.0
942_H-120	1.0	1.0	-0.0	0.0	1.0
943_H-120	1.0	1.0	-0.0	0.0	0.0
944_H-120	5.5	4.0	1.9219280948873625	0.72	0.4
945_H-120	4.0	3.0	1.370950594454669	0.5599999999999999	0.6
946_H-120	4.0	3.0	1.370950594454669	0.5599999999999999	0.6
947_H-120	0.0	0.0	nan	nan	nan
948_H-120	1.0	1.0	-0.0	0.0	1.0
949_H-120	1.0	1.0	-0.0	0.0	1.0
94_H-120	1.0	1.0	-0.0	0.0	1.0
950_H-120	1.0	1.0	-0.0	0.0	1.0
951_H-120	1.0	1.0	-0.0	0.0	1.0
952_H-120	1.0	1.0	-0.0	0.0	1.0
953_H-120	1.0	1.0	-0.0	0.0	0.0
954_H-120	0.0	0.0	nan	nan	nan
955_H-120	1.0	1.0	-0.0	0.0	1.0
956_H-120	1.0	1.0	-0.0	0.0	1.0
957_H-120	4.0	3.0	1.2516291673878228	0.5	0.6666666666666667
958_H-120	1.0	1.0	-0.0	0.0	1.0
959_H-120	1.0	1.0	-0.0	0.0	1.0
95_H-120	4.0	3.0	1.370950594454669	0.5599999999999999	0.6
960_H-120	2.0	2.0	0.5916727785823274	0.24489795918367352	0.8571428571428572
961_H-120	1.0	1.0	-0.0	0.0	0.0
962_H-120	3.5	3.0	1.5	0.625	0.5
963_H-120	1.0	1.0	-0.0	0.0	1.0
964_H-120	1.0	1.0	-0.0	0.0	1.0
965_H-120	1.0	1.0	-0.0	0.0	1.0
966_H-120	1.0	1.0	-0.0	0.0	1.0
967_H-120	1.0	1.0	-0.0	0.0	1.0
968_H-120	7.0	4.0	1.7924812503605778	0.6666666666666666	0.5
969_H-120	1.0	1.0	-0.0	0.0	1.0
96_H-120	1.0	1.0	-0.0	0.0	0.0
970_H-120	1.0	1.0	-0.0	0.0	1.0
971_H-120	4.0	3.0	1.2516291673878228	0.5	0.6666666666666667
972_H-120	1.0	1.0	-0.0	0.0	0.0
973_H-120	1.0	1.0	-0.0	0.0	1.0
974_H-120	1.0	1.0	-0.0	0.0	1.0
975_H-120	4.0	3.0	1.061278124459133	0.40625	0.75
976_H-120	1.0	1.0	-0.0	0.0	1.0
977_H-120	1.0	1.0	-0.0	0.0	1.0
978_H-120	1.0	1.0	-0.0	0.0	1.0
979_H-120	1.0	1.0	-0.0	0.0	1.0
97_H-120	4.0	3.0	1.1488348542809168	0.44897959183673464	0.7142857142857143
980_H-120	3.5	3.0	1.5	0.625	0.5
981_H-120	1.0	1.0	-0.0	0.0	1.0
982_H-120	0.0	0.0	nan	nan	nan
983_H-120	1.0	1.0	-0.0	0.0	1.0
984_H-120	4.0	3.0	1.2516291673878228	0.5	0.6666666666666667
985_H-120	1.0	1.0	-0.0	0.0	1.0
986_H-120	1.0	1.0	-0.0	0.0	1.0
987_H-120	4.0	3.0	1.370950594454669	0.5599999999999999	0.6
988_H-120	4.0	3.0	1.1488348542809168	0.44897959183673464	0.7142857142857143
989_H-120	2.0	2.0	0.6500224216483541	0.2777777777777777	0.8333333333333334
98_H-120	1.0	1.0	-0.0	0.0	1.0
990_H-120	0.0	0.0	nan	nan	nan
991_H-120	0.0	0.0	nan	nan	nan
992_H-120	0.0	0.0	nan	nan	nan
993_H-120	2.0	2.0	0.6500224216483541	0.2777777777777777	0.8333333333333334
994_H-120	0.0	0.0	nan	nan	nan
995_H-120	0.0	0.0	nan	nan	nan
996_H-120	1.0	1.0	-0.0	0.0	0.0
997_H-120	1.0	1.0	-0.0	0.0	1.0
998_H-120	6.0	3.0	1.584962500721156	0.6666666666666667	0.0
999_H-120	1.0	1.0	-0.0	0.0	1.0
99_H-120	1.0	1.0	-0.0	0.0	1.0
9_H-120	4.0	3.0	1.1488348542809168	0.44897959183673464	0.7142857142857143
