	chao1	observed_otus	shannon	simpson	goods_coverage
1000_O-434	8.0	8.0	2.932455544863312	0.86279296875	1.0
100_O-434	8.0	8.0	2.9041045709760107	0.8558573388203018	1.0
101_O-434	8.0	8.0	2.9338926494512787	0.8633368542829838	1.0
102_O-434	8.0	8.0	2.959117716033296	0.8678633217993079	1.0
103_O-434	8.0	8.0	2.928941298511126	0.8630276450779231	1.0
104_O-434	9.0	9.0	2.969194512358303	0.8647842056932966	0.9924242424242424
105_O-434	8.0	8.0	2.9888819360304786	0.8730489073881373	1.0
106_O-434	9.0	9.0	2.920931326032218	0.852253704507409	0.9921259842519685
107_O-434	8.0	8.0	2.9448965085074787	0.8662570490699436	1.0
108_O-434	8.0	8.0	2.9070043321275305	0.8580105493100325	1.0
109_O-434	8.0	8.0	2.8325080842865935	0.85	1.0
10_O-434	9.0	9.0	2.955604208736557	0.8615269859875326	0.9927007299270073
110_O-434	8.0	8.0	2.9290080022356415	0.8625648788927336	1.0
111_O-434	8.0	8.0	2.9515450222700443	0.867712	1.0
112_O-434	8.0	8.0	2.9525337171718546	0.866954400450366	1.0
113_O-434	8.0	8.0	2.9240094062272584	0.8621323529411764	1.0
114_O-434	8.0	8.0	2.9330867535241216	0.863201351097767	1.0
115_O-434	9.0	9.0	2.9386366627451843	0.8596623834719073	0.9920634920634921
116_O-434	8.0	8.0	2.891345510697228	0.8583714055361462	1.0
117_O-434	8.0	8.0	2.9272245300630404	0.862592	1.0
118_O-434	8.0	8.0	2.894339135764922	0.8576530612244898	1.0
119_O-434	8.0	8.0	2.8724040704416907	0.8530758010160455	1.0
11_O-434	9.0	9.0	2.993249290349585	0.8694877087633702	0.9931506849315068
120_O-434	8.0	8.0	2.9176056133588713	0.8593209342560554	1.0
121_O-434	8.0	8.0	2.901595712755555	0.8577081802249986	1.0
122_O-434	8.0	8.0	2.884740803550156	0.853329567120966	1.0
123_O-434	8.0	8.0	2.939231137399037	0.8647777295554591	1.0
124_O-434	8.0	8.0	2.8719436119683532	0.8536155202821869	1.0
125_O-434	8.0	8.0	2.839917284458368	0.8453300655335926	1.0
126_O-434	8.0	8.0	2.92346697419519	0.8614864864864864	1.0
127_O-434	8.0	8.0	2.9333660275818967	0.8643055555555555	1.0
128_O-434	9.0	9.0	2.9982348407696926	0.8694132043587204	0.9923664122137404
129_O-434	8.0	8.0	2.93717368453618	0.8632058382071321	1.0
12_O-434	8.0	8.0	2.9210642774606477	0.8619629806707192	1.0
130_O-434	8.0	8.0	2.926675218798818	0.8607956104252401	1.0
131_O-434	9.0	9.0	3.0046916390470906	0.8702443940539178	0.9920634920634921
132_O-434	9.0	9.0	2.958880318927047	0.861005949161709	0.9922480620155039
133_O-434	8.0	8.0	2.8988423130927585	0.85888671875	1.0
134_O-434	8.0	8.0	2.8311406164999955	0.8453223593964334	1.0
135_O-434	8.0	8.0	2.9696018266479602	0.8695918367346939	1.0
136_O-434	8.0	8.0	2.9310745797193443	0.8637808064402231	1.0
137_O-434	8.0	8.0	2.865842003207413	0.8508333333333333	1.0
138_O-434	8.0	8.0	2.8364526726554176	0.8456315074694432	1.0
139_O-434	9.0	9.0	2.9624093302631507	0.8636581597314721	0.9927007299270073
13_O-434	8.0	8.0	2.8699632616587083	0.8518598615916955	1.0
140_O-434	8.0	8.0	2.916270459700191	0.8597534602076125	1.0
141_O-434	9.0	9.0	2.9761268667546963	0.8666402849228334	0.9924812030075187
142_O-434	8.0	8.0	2.898147857584431	0.8577097154194309	1.0
143_O-434	9.0	9.0	2.919115931271224	0.8554835451561316	0.9908256880733946
144_O-434	9.0	9.0	2.9824532001064115	0.8668901384083045	0.9926470588235294
145_O-434	8.0	8.0	2.893498536006502	0.8568933082504704	1.0
146_O-434	8.0	8.0	2.887523057994115	0.8556449296179258	1.0
147_O-434	9.0	9.0	3.0118700516270853	0.8718606141833227	0.9923664122137404
148_O-434	8.0	8.0	2.9203675644349207	0.86112613424674	1.0
149_O-434	8.0	8.0	2.881921166218613	0.8520549494035842	1.0
14_O-434	8.0	8.0	2.863105154091994	0.8489874406586142	1.0
150_O-434	8.0	8.0	2.9069647584701723	0.8591311134235171	1.0
151_O-434	8.0	8.0	2.946230778448968	0.8657830251726443	1.0
152_O-434	8.0	8.0	2.913025010322163	0.8609183673469387	1.0
153_O-434	8.0	8.0	2.900326028656068	0.860928	1.0
154_O-434	8.0	8.0	2.8854247243785287	0.8557178054203474	1.0
155_O-434	8.0	8.0	2.8643528043307347	0.852112676056338	1.0
156_O-434	8.0	8.0	2.8299852477894296	0.8468792866941015	1.0
157_O-434	8.0	8.0	2.8902679476695146	0.8537414965986395	1.0
158_O-434	8.0	8.0	2.9196566517017346	0.8636686390532544	1.0
159_O-434	9.0	9.0	2.93371494139474	0.8580130224742701	0.9927536231884058
15_O-434	9.0	9.0	2.9808730543033772	0.8665352442857903	0.9927007299270073
160_O-434	8.0	8.0	2.9246206532622767	0.862402579951626	1.0
161_O-434	8.0	8.0	2.8313510736726606	0.8426513671875	1.0
162_O-434	8.0	8.0	2.931832383384398	0.863332590777456	1.0
163_O-434	8.0	8.0	2.9564757969739768	0.8671328671328671	1.0
164_O-434	8.0	8.0	2.976130434999345	0.8709367403471084	1.0
165_O-434	8.0	8.0	2.9185685311070277	0.8600825371699927	1.0
166_O-434	9.0	9.0	2.9808991397638476	0.8662308673469388	0.9910714285714286
167_O-434	8.0	8.0	2.9344351196269676	0.8636461937716263	1.0
168_O-434	8.0	8.0	2.8354225305194976	0.8453096906193812	1.0
169_O-434	9.0	9.0	3.007953714968776	0.8709813112192777	0.9922480620155039
16_O-434	9.0	9.0	2.939990558131337	0.8596449704142012	0.9923076923076923
170_O-434	8.0	8.0	2.923408613936359	0.86112613424674	1.0
171_O-434	8.0	8.0	2.8876423050967586	0.8533280454755767	1.0
172_O-434	8.0	8.0	2.8909160736236084	0.8548611111111111	1.0
173_O-434	9.0	9.0	2.9512033612164728	0.8627811418685121	0.9926470588235294
174_O-434	9.0	9.0	2.8569623017537746	0.8493684493415748	0.9918032786885246
175_O-434	8.0	8.0	2.862053814595284	0.8476275339719315	1.0
176_O-434	9.0	9.0	2.9304641008805183	0.8574003966107806	0.9922480620155039
177_O-434	8.0	8.0	2.954706507520139	0.8671056167696856	1.0
178_O-434	8.0	8.0	2.9322704620015836	0.8634439741590555	1.0
179_O-434	8.0	8.0	2.896399415417436	0.8575147928994082	1.0
17_O-434	8.0	8.0	2.9314375703634945	0.8630490956072352	1.0
180_O-434	8.0	8.0	2.9027840804819993	0.8548577097154194	1.0
181_O-434	9.0	9.0	3.0096716344867613	0.8714389582920219	0.991869918699187
182_O-434	8.0	8.0	2.9333959103752067	0.8643444956265204	1.0
183_O-434	9.0	9.0	2.9682034289429144	0.8632362557215432	0.9929078014184397
184_O-434	8.0	8.0	2.938586748693278	0.8639412191892007	1.0
185_O-434	8.0	8.0	2.8650555295160207	0.8536422365783025	1.0
186_O-434	8.0	8.0	2.972586444004056	0.870263836540369	1.0
187_O-434	9.0	9.0	2.936549293587165	0.8609467455621301	0.9923076923076923
188_O-434	8.0	8.0	2.8370818000674913	0.8496326905417815	1.0
189_O-434	8.0	8.0	2.966565591819347	0.8692555764579415	1.0
18_O-434	9.0	9.0	2.9194455061722295	0.8568449931412894	0.9925925925925926
190_O-434	8.0	8.0	2.955216438827924	0.8672904856225667	1.0
191_O-434	8.0	8.0	2.8329986536041267	0.8440236686390532	1.0
192_O-434	8.0	8.0	2.915849258784662	0.8613717149350271	1.0
193_O-434	8.0	8.0	2.891471848328672	0.8581348721208861	1.0
194_O-434	8.0	8.0	2.928826499407639	0.863035058598662	1.0
195_O-434	8.0	8.0	2.8980131432263874	0.8563738936908027	1.0
196_O-434	9.0	9.0	2.952518072615126	0.8613262479507038	0.9924812030075187
197_O-434	8.0	8.0	2.9555316015600526	0.8669442791988895	1.0
198_O-434	8.0	8.0	2.8810021433921533	0.8539034218974113	1.0
199_O-434	9.0	9.0	2.9570013149240917	0.8623668639053255	0.9923076923076923
19_O-434	8.0	8.0	2.8595147642062266	0.8468478503007351	1.0
1_O-434	9.0	9.0	3.009469532686135	0.8713579604578564	0.9919354838709677
200_O-434	8.0	8.0	2.9391983178668766	0.8648919581198485	1.0
201_O-434	9.0	9.0	2.892723965594918	0.8499228395061729	0.9930555555555556
202_O-434	8.0	8.0	2.8773680272313302	0.853493706987414	1.0
203_O-434	8.0	8.0	2.9465052614648375	0.8659533607681755	1.0
204_O-434	8.0	8.0	2.9056003359064437	0.859008	1.0
205_O-434	8.0	8.0	2.922405604575346	0.860885764076678	1.0
206_O-434	8.0	8.0	2.9202288217572154	0.8603091557669441	1.0
207_O-434	9.0	9.0	2.984963737940456	0.8670898631223964	0.9929577464788732
208_O-434	9.0	9.0	2.9576956503130334	0.8618329696488792	0.9929577464788732
209_O-434	8.0	8.0	2.8705370229547187	0.8519680000000001	1.0
20_O-434	8.0	8.0	2.9254866231107783	0.862217598097503	1.0
210_O-434	8.0	8.0	2.8855307899149634	0.853888	1.0
211_O-434	8.0	8.0	2.7963787997813534	0.8392899408284024	1.0
212_O-434	9.0	9.0	3.008222013370651	0.870748299319728	0.9920634920634921
213_O-434	8.0	8.0	2.9150169671533157	0.8622307648821301	1.0
214_O-434	8.0	8.0	2.9326551304070074	0.8644018413845347	1.0
215_O-434	9.0	9.0	2.9738833408154437	0.8648274124464601	0.9920634920634921
216_O-434	9.0	9.0	3.000156370061803	0.8703803857941229	0.9922480620155039
217_O-434	8.0	8.0	2.879042607606683	0.8560791015625	1.0
218_O-434	8.0	8.0	2.9767058269949054	0.8710142605351706	1.0
219_O-434	8.0	8.0	2.813783878827457	0.845	1.0
21_O-434	8.0	8.0	2.914949208282786	0.8622522263717323	1.0
220_O-434	8.0	8.0	2.907034203002533	0.8592529296875	1.0
221_O-434	8.0	8.0	2.773948799630265	0.8350059453032105	1.0
222_O-434	8.0	8.0	2.925262241307602	0.8626858150667674	1.0
223_O-434	8.0	8.0	2.9265626350178637	0.8628571428571429	1.0
224_O-434	8.0	8.0	2.9582102687665297	0.8674942724705632	1.0
225_O-434	8.0	8.0	2.859196418322865	0.8506995884773663	1.0
226_O-434	9.0	9.0	2.906048854068377	0.8553086419753086	0.9925925925925926
227_O-434	8.0	8.0	2.9248290671189	0.8623301403430608	1.0
228_O-434	8.0	8.0	2.9035848197175023	0.8573100936524454	1.0
229_O-434	8.0	8.0	2.900724508567035	0.8570501730103806	1.0
22_O-434	8.0	8.0	2.8235992255167077	0.8404499540863177	1.0
230_O-434	8.0	8.0	2.9410004438951356	0.8650257300514601	1.0
231_O-434	8.0	8.0	2.8516912030496897	0.8446736758579647	1.0
232_O-434	8.0	8.0	2.8816915543803914	0.8530758010160455	1.0
233_O-434	8.0	8.0	2.8629929512502685	0.8501457002914006	1.0
234_O-434	8.0	8.0	2.943191784389816	0.8662155682241994	1.0
235_O-434	9.0	9.0	2.96362766916459	0.8616735253772291	0.9925925925925926
236_O-434	8.0	8.0	2.8926951024033722	0.8567318450636687	1.0
237_O-434	9.0	9.0	2.943640684499019	0.859991089329472	0.9925373134328358
238_O-434	8.0	8.0	2.8878485866257866	0.8534601664684899	1.0
239_O-434	8.0	8.0	2.9075432483134445	0.8589788856719158	1.0
23_O-434	8.0	8.0	2.9652295892398333	0.8690635743837771	1.0
240_O-434	8.0	8.0	2.9510117980480337	0.8665123456790124	1.0
241_O-434	8.0	8.0	2.9144214523876566	0.8594082840236686	1.0
242_O-434	8.0	8.0	2.937876395454321	0.8644640998959418	1.0
243_O-434	8.0	8.0	2.7996453903010488	0.8429075333837239	1.0
244_O-434	9.0	9.0	3.0181478838987665	0.8728191000918274	0.9924242424242424
245_O-434	8.0	8.0	2.9198279342587004	0.8620037807183365	1.0
246_O-434	9.0	9.0	2.982851385082516	0.8657142857142857	0.9928571428571429
247_O-434	8.0	8.0	2.962773054675537	0.8684533006553359	1.0
248_O-434	8.0	8.0	2.9368409558100064	0.8639705882352942	1.0
249_O-434	8.0	8.0	2.9492392968045538	0.8663494809688581	1.0
24_O-434	8.0	8.0	2.9219682422691986	0.8634319526627219	1.0
250_O-434	8.0	8.0	2.911481521513975	0.8597151303413061	1.0
251_O-434	8.0	8.0	2.9143216778149785	0.8585198864915995	1.0
252_O-434	8.0	8.0	2.8522935050979235	0.8504638671875	1.0
253_O-434	8.0	8.0	2.859053985279538	0.850176	1.0
254_O-434	8.0	8.0	2.885057276610181	0.8525284027623079	1.0
255_O-434	8.0	8.0	2.903235855501606	0.859404149471423	1.0
256_O-434	9.0	9.0	2.934582593153039	0.8572926985606899	0.9923664122137404
257_O-434	8.0	8.0	2.9452739138737796	0.8651519999999999	1.0
258_O-434	8.0	8.0	2.9120971617317366	0.8600700641152753	1.0
259_O-434	8.0	8.0	2.8504672222462966	0.8472699726123186	1.0
25_O-434	8.0	8.0	2.8715092435881395	0.8519714858543106	1.0
260_O-434	8.0	8.0	2.9012596255350567	0.8571742112482853	1.0
261_O-434	8.0	8.0	2.7913317113853435	0.8371069489950609	1.0
262_O-434	8.0	8.0	2.87318347654379	0.852749705499411	1.0
263_O-434	8.0	8.0	2.926610067025718	0.8623174036618415	1.0
264_O-434	8.0	8.0	2.9115845136338727	0.8588165680473372	1.0
265_O-434	8.0	8.0	2.91129923445999	0.8616780045351474	1.0
266_O-434	8.0	8.0	2.853041849561286	0.8456804733727811	1.0
267_O-434	8.0	8.0	2.9405886370709085	0.8643798828125	1.0
268_O-434	8.0	8.0	2.9406108354506486	0.8652053413958176	1.0
269_O-434	8.0	8.0	2.928322423220754	0.8615457788347206	1.0
26_O-434	8.0	8.0	2.8274514128912687	0.8425029760364371	1.0
270_O-434	8.0	8.0	2.8640182599210333	0.8513479465860418	1.0
271_O-434	8.0	8.0	2.95807753365843	0.867584	1.0
272_O-434	8.0	8.0	2.9461602122557395	0.8653341879843832	1.0
273_O-434	8.0	8.0	2.9159044860843992	0.8593129118253608	1.0
274_O-434	8.0	8.0	2.856847813677377	0.8509993590117126	1.0
275_O-434	9.0	9.0	2.9702663908174807	0.8641687547345726	0.9923664122137404
276_O-434	8.0	8.0	2.8829786330355804	0.8552318668252081	1.0
277_O-434	8.0	8.0	2.9191568126089438	0.8616666666666667	1.0
278_O-434	9.0	9.0	2.993530246552721	0.8686789930942304	0.9925373134328358
279_O-434	8.0	8.0	2.9202172844455596	0.8626430801248699	1.0
27_O-434	8.0	8.0	2.8011787532088746	0.8429170332798509	1.0
280_O-434	8.0	8.0	2.9480374845918735	0.8653045030747868	1.0
281_O-434	8.0	8.0	2.9097239568800526	0.86159634506853	1.0
282_O-434	8.0	8.0	2.938909757397859	0.8647777295554591	1.0
283_O-434	8.0	8.0	2.9537351014801785	0.8666272189349112	1.0
284_O-434	8.0	8.0	2.890134499951085	0.8565809223125097	1.0
285_O-434	8.0	8.0	2.9616375242761057	0.8682884067499452	1.0
286_O-434	8.0	8.0	2.8910328061197017	0.8545631487889274	1.0
287_O-434	8.0	8.0	2.9684796493897503	0.8694189051138754	1.0
288_O-434	8.0	8.0	2.9299053067559706	0.8637025814346484	1.0
289_O-434	8.0	8.0	2.9363943195764923	0.86376953125	1.0
28_O-434	9.0	9.0	2.9304273062863135	0.8555976203353164	0.9922480620155039
290_O-434	8.0	8.0	2.9561683493978066	0.8674197384066588	1.0
291_O-434	8.0	8.0	2.978159858238354	0.8710978147762747	1.0
292_O-434	8.0	8.0	2.919703006659226	0.8587547228404326	1.0
293_O-434	8.0	8.0	2.891501419547355	0.8547008547008547	1.0
294_O-434	8.0	8.0	2.9030956614880763	0.85882111877604	1.0
295_O-434	9.0	9.0	2.983771074147558	0.8674132665048163	0.9911504424778761
296_O-434	8.0	8.0	2.903104844195153	0.8572646384996536	1.0
297_O-434	8.0	8.0	2.91651059487357	0.8600825371699927	1.0
298_O-434	9.0	9.0	2.919433841442669	0.8578748050790822	0.9925373134328358
299_O-434	8.0	8.0	2.9731273352313092	0.8703305563020693	1.0
29_O-434	8.0	8.0	2.8990486092944447	0.8570501730103806	1.0
2_O-434	9.0	9.0	2.945554666793791	0.8586033950617284	0.9930555555555556
300_O-434	9.0	9.0	2.960709377983998	0.8634163039757445	0.993006993006993
301_O-434	8.0	8.0	2.875234501928004	0.8525390625	1.0
302_O-434	8.0	8.0	2.9226452267935406	0.8630417260834522	1.0
303_O-434	8.0	8.0	2.9619243305359193	0.8683425160697889	1.0
304_O-434	8.0	8.0	2.9415720303515105	0.8647959183673469	1.0
305_O-434	8.0	8.0	2.9511743947773565	0.8662764003673095	1.0
306_O-434	8.0	8.0	2.8529861055007792	0.8474074074074074	1.0
307_O-434	8.0	8.0	2.8687209062195644	0.851261702523405	1.0
308_O-434	8.0	8.0	2.9077239954978475	0.8590649556221381	1.0
309_O-434	8.0	8.0	2.9178266136183906	0.8601467962705812	1.0
30_O-434	8.0	8.0	2.8866131255443594	0.8547287454111065	1.0
310_O-434	8.0	8.0	2.890746560207571	0.8571617423491308	1.0
311_O-434	9.0	9.0	2.9408665787407684	0.857590830449827	0.9926470588235294
312_O-434	9.0	9.0	2.969219171270013	0.8641681538766607	0.991869918699187
313_O-434	8.0	8.0	2.929934855075758	0.8636936255983876	1.0
314_O-434	8.0	8.0	2.9373630828291515	0.8639674210979716	1.0
315_O-434	8.0	8.0	2.8965765847649667	0.8560926709734907	1.0
316_O-434	8.0	8.0	2.888049285294624	0.8544219202494988	1.0
317_O-434	8.0	8.0	2.9140398544582378	0.8596982167352538	1.0
318_O-434	8.0	8.0	2.9058876905167037	0.8582956887855796	1.0
319_O-434	8.0	8.0	2.8876933787907557	0.8546142578125	1.0
31_O-434	9.0	9.0	2.9838845117757793	0.865916955017301	0.9926470588235294
320_O-434	8.0	8.0	2.9062492510600135	0.8575651706530503	1.0
321_O-434	8.0	8.0	2.8796876104433764	0.8573745674740485	1.0
322_O-434	8.0	8.0	2.9141408551602974	0.8613057226114452	1.0
323_O-434	8.0	8.0	2.929562026943809	0.8623829344432883	1.0
324_O-434	8.0	8.0	2.9615603690422216	0.8686664180297299	1.0
325_O-434	8.0	8.0	2.8952641056272777	0.8549267451881644	1.0
326_O-434	8.0	8.0	2.9009439473532055	0.8578230940427514	1.0
327_O-434	8.0	8.0	2.898839702610147	0.8561753902662994	1.0
328_O-434	8.0	8.0	2.892354286721972	0.8578230940427514	1.0
329_O-434	8.0	8.0	2.9318066941177956	0.8621852072179258	1.0
32_O-434	8.0	8.0	2.9299225155686934	0.8630250868013105	1.0
330_O-434	8.0	8.0	2.939297885856556	0.8656827747882146	1.0
331_O-434	8.0	8.0	2.938690012279318	0.8653579218719016	1.0
332_O-434	8.0	8.0	2.9362774659460085	0.8631632653061224	1.0
333_O-434	8.0	8.0	2.944228814577296	0.8655146506386175	1.0
334_O-434	8.0	8.0	2.895756824115797	0.8562383402114309	1.0
335_O-434	8.0	8.0	2.8770709424920504	0.8534818339100346	1.0
336_O-434	9.0	9.0	2.9482938973247106	0.8612125639152666	0.9932432432432432
337_O-434	8.0	8.0	2.9246313588065247	0.8622169466764061	1.0
338_O-434	8.0	8.0	2.9017977806053326	0.8587093204567174	1.0
339_O-434	8.0	8.0	2.8945537589543235	0.854736328125	1.0
33_O-434	8.0	8.0	2.947313650143163	0.8655141628114601	1.0
340_O-434	8.0	8.0	2.8584825734019943	0.8510288065843621	1.0
341_O-434	8.0	8.0	2.9222947582015046	0.8608149142009744	1.0
342_O-434	8.0	8.0	2.90530110963193	0.8578212448414269	1.0
343_O-434	8.0	8.0	2.8925838961988357	0.8575147928994082	1.0
344_O-434	9.0	9.0	3.00530372901738	0.8712557032334854	0.9929577464788732
345_O-434	8.0	8.0	2.866083103427779	0.8496496992993986	1.0
346_O-434	9.0	9.0	2.9139551091636755	0.8553129873022945	0.9925373134328358
347_O-434	8.0	8.0	2.862591625629453	0.8511242603550295	1.0
348_O-434	8.0	8.0	2.866273488411818	0.84992	1.0
349_O-434	8.0	8.0	2.9439395444535834	0.8651892890120036	1.0
34_O-434	8.0	8.0	2.8589958859471842	0.8504972981439424	1.0
350_O-434	9.0	9.0	2.972447116847197	0.8651285583103765	0.9924242424242424
351_O-434	8.0	8.0	2.8952470814657367	0.8545561010765281	1.0
352_O-434	9.0	9.0	2.9418461878570468	0.8588203017832647	0.9925925925925926
353_O-434	8.0	8.0	2.9434079223548846	0.8655144032921811	1.0
354_O-434	8.0	8.0	2.8598371748651537	0.850830078125	1.0
355_O-434	9.0	9.0	3.020311960307336	0.8730489073881373	0.9919354838709677
356_O-434	8.0	8.0	2.9903362286909205	0.8733938019652305	1.0
357_O-434	8.0	8.0	2.7667045568327664	0.8335159617210899	1.0
358_O-434	8.0	8.0	2.9389426705486517	0.8645525396398818	1.0
359_O-434	8.0	8.0	2.939379072894315	0.865234375	1.0
35_O-434	8.0	8.0	2.9423526801230175	0.8654507313093642	1.0
360_O-434	8.0	8.0	2.8791277488177203	0.8532871245536652	1.0
361_O-434	8.0	8.0	2.8781936575649136	0.8532136821863527	1.0
362_O-434	9.0	9.0	2.9371216934998765	0.8574261352369621	0.991869918699187
363_O-434	8.0	8.0	2.984441279442898	0.8722547842666478	1.0
364_O-434	8.0	8.0	2.936110837089343	0.8638903912024518	1.0
365_O-434	8.0	8.0	2.9404143351605403	0.8652176446594021	1.0
366_O-434	9.0	9.0	2.9827806546425877	0.8660871756109851	0.9920634920634921
367_O-434	9.0	9.0	2.9800417591864368	0.8661332179930796	0.9926470588235294
368_O-434	8.0	8.0	2.931372069415755	0.8634775597957538	1.0
369_O-434	8.0	8.0	2.9323275369570068	0.8625510204081632	1.0
36_O-434	8.0	8.0	2.9131094108243354	0.860544	1.0
370_O-434	9.0	9.0	2.934292207408021	0.8579881656804733	0.9923076923076923
371_O-434	9.0	9.0	2.9530205937546046	0.8613624138099663	0.993006993006993
372_O-434	9.0	9.0	2.9962769002461296	0.8689860940913208	0.9927007299270073
373_O-434	9.0	9.0	2.959596151023608	0.8645112456747405	0.9926470588235294
374_O-434	8.0	8.0	2.9173951551348614	0.8605103806228374	1.0
375_O-434	8.0	8.0	2.9227961652051078	0.8618367346938776	1.0
376_O-434	8.0	8.0	2.8916687669725385	0.8578337156674314	1.0
377_O-434	8.0	8.0	2.9094003985783945	0.858110187750077	1.0
378_O-434	9.0	9.0	2.9165105169244274	0.8595141089482421	0.9929078014184397
379_O-434	8.0	8.0	2.912916740881181	0.86016	1.0
37_O-434	8.0	8.0	2.8975472731222296	0.8561252755950026	1.0
380_O-434	8.0	8.0	2.9554195089430952	0.8672310091334373	1.0
381_O-434	8.0	8.0	2.9325080014345026	0.8627507716049383	1.0
382_O-434	8.0	8.0	2.9523571408967713	0.8668288390870038	1.0
383_O-434	8.0	8.0	2.8417349323845	0.8483996539792387	1.0
384_O-434	8.0	8.0	2.9349219508976145	0.8648356401384083	1.0
385_O-434	8.0	8.0	2.9260281127465277	0.8644444444444445	1.0
386_O-434	8.0	8.0	2.927946005475365	0.8615702479338843	1.0
387_O-434	8.0	8.0	2.8771826570471384	0.8527359999999999	1.0
388_O-434	9.0	9.0	2.978452232901253	0.8668549203473813	0.9927007299270073
389_O-434	8.0	8.0	2.931312046595881	0.8638136695121261	1.0
38_O-434	8.0	8.0	2.9402940720567474	0.865408	1.0
390_O-434	8.0	8.0	2.8834256178244977	0.8528596623834719	1.0
391_O-434	8.0	8.0	2.8876298596833463	0.852294921875	1.0
392_O-434	8.0	8.0	2.939369672003846	0.8638754183457413	1.0
393_O-434	8.0	8.0	2.960877033016569	0.868408203125	1.0
394_O-434	9.0	9.0	2.9868305169778524	0.8684693877551021	0.9928571428571429
395_O-434	8.0	8.0	2.8650637196538407	0.8486268854035214	1.0
396_O-434	8.0	8.0	2.90565758179622	0.8577436549464521	1.0
397_O-434	8.0	8.0	2.904175149639953	0.8583203386054801	1.0
398_O-434	8.0	8.0	2.953405470542366	0.8671745964089722	1.0
399_O-434	8.0	8.0	2.808771996795871	0.8414656829313658	1.0
39_O-434	9.0	9.0	2.942513238231536	0.8600403124212648	0.9920634920634921
3_O-434	9.0	9.0	3.015848286743066	0.8724913233740758	0.9929078014184397
400_O-434	8.0	8.0	2.863137719585815	0.8489530608982897	1.0
401_O-434	9.0	9.0	2.981388037530994	0.8658352229780801	0.9920634920634921
402_O-434	8.0	8.0	2.8992468688475004	0.8581215071209662	1.0
403_O-434	8.0	8.0	2.923185222010349	0.8620118343195267	1.0
404_O-434	8.0	8.0	2.891795245396395	0.855127236079617	1.0
405_O-434	8.0	8.0	2.8836380133616744	0.854916445205171	1.0
406_O-434	8.0	8.0	2.8972802673297724	0.8578337156674314	1.0
407_O-434	9.0	9.0	2.9556845787607853	0.8619257238514477	0.9921259842519685
408_O-434	9.0	9.0	2.95027128671345	0.8607142857142858	0.9928571428571429
409_O-434	9.0	9.0	2.931940797776115	0.8581026605751142	0.9918032786885246
40_O-434	9.0	9.0	2.9712871347646974	0.8646694214876033	0.9924242424242424
410_O-434	8.0	8.0	2.893460606816837	0.8556839559258264	1.0
411_O-434	9.0	9.0	2.96411639878859	0.8640816326530613	0.9928571428571429
412_O-434	8.0	8.0	2.9498803058990184	0.8668806775493477	1.0
413_O-434	9.0	9.0	2.9745021051559943	0.8652414452564715	0.9917355371900827
414_O-434	8.0	8.0	2.9401364120354034	0.8646537293074585	1.0
415_O-434	8.0	8.0	2.796611154224497	0.8339072543617998	1.0
416_O-434	8.0	8.0	2.9548272332214367	0.8672555735833183	1.0
417_O-434	8.0	8.0	2.9446252155786663	0.8655046826222684	1.0
418_O-434	9.0	9.0	2.961763679721367	0.863332590777456	0.9925373134328358
419_O-434	8.0	8.0	2.93978461639485	0.86474435196195	1.0
41_O-434	9.0	9.0	2.9224540671078607	0.8545547519906495	0.9914529914529915
420_O-434	8.0	8.0	2.8644378369724652	0.8502224419179436	1.0
421_O-434	8.0	8.0	2.90787068532271	0.8582236666844264	1.0
422_O-434	9.0	9.0	2.9402464666360726	0.8582193139004561	0.991869918699187
423_O-434	8.0	8.0	2.95396675090258	0.86750573501147	1.0
424_O-434	8.0	8.0	2.923444216943817	0.8609963269054178	1.0
425_O-434	8.0	8.0	2.857456777297877	0.8525600273852022	1.0
426_O-434	8.0	8.0	2.9387182634182265	0.8647237466034419	1.0
427_O-434	9.0	9.0	2.9697576302679787	0.8631023238962786	0.9928057553956835
428_O-434	8.0	8.0	2.81253009543706	0.8463016926033852	1.0
429_O-434	9.0	9.0	2.9766104596917677	0.8651147248830475	0.9925373134328358
42_O-434	8.0	8.0	2.8646978448398035	0.8514896263214426	1.0
430_O-434	8.0	8.0	2.9454136255213044	0.8653587745229777	1.0
431_O-434	8.0	8.0	2.8820838665120943	0.8519771071800208	1.0
432_O-434	8.0	8.0	2.842510749979905	0.8507615600027321	1.0
433_O-434	8.0	8.0	2.909713341084431	0.8586982248520709	1.0
434_O-434	8.0	8.0	2.867417980395869	0.8525929932095426	1.0
435_O-434	8.0	8.0	2.9139079631384464	0.8636159999999999	1.0
436_O-434	8.0	8.0	2.9470655694458485	0.8659335376479779	1.0
437_O-434	8.0	8.0	2.931437713046338	0.8632364081347241	1.0
438_O-434	8.0	8.0	2.9475239105494	0.8656275194840097	1.0
439_O-434	8.0	8.0	2.9262934466421866	0.862336	1.0
43_O-434	8.0	8.0	2.8833565077888528	0.8541991534862998	1.0
440_O-434	8.0	8.0	2.9499355331589574	0.8662109375	1.0
441_O-434	8.0	8.0	2.9150430786994987	0.8597412109375	1.0
442_O-434	8.0	8.0	2.828796299275043	0.8466111771700356	1.0
443_O-434	8.0	8.0	2.9747028028273683	0.8705725105814213	1.0
444_O-434	8.0	8.0	2.863418561771067	0.8512	1.0
445_O-434	8.0	8.0	2.8953644543124444	0.8553466796875	1.0
446_O-434	9.0	9.0	2.9776903151847742	0.8645525396398818	0.9918032786885246
447_O-434	8.0	8.0	2.8407448266663464	0.8425154528352593	1.0
448_O-434	9.0	9.0	2.9834811448577296	0.8678106508875739	0.9923076923076923
449_O-434	8.0	8.0	2.8968388110061514	0.8587481621508086	1.0
44_O-434	8.0	8.0	2.8675231257399423	0.8530853196703052	1.0
450_O-434	8.0	8.0	2.8606095252275323	0.8555599525128611	1.0
451_O-434	8.0	8.0	2.9653745064938404	0.8693551774837219	1.0
452_O-434	8.0	8.0	2.866656240942558	0.8527318640955004	1.0
453_O-434	9.0	9.0	2.9292803073303704	0.8601887622866644	0.993006993006993
454_O-434	8.0	8.0	2.9120333853891434	0.8577229080932784	1.0
455_O-434	8.0	8.0	2.8541859875371633	0.8517487190911116	1.0
456_O-434	8.0	8.0	2.873547390166794	0.8538980361039477	1.0
457_O-434	8.0	8.0	2.9605440434925376	0.8683547493071303	1.0
458_O-434	8.0	8.0	2.8774582424374717	0.855379188712522	1.0
459_O-434	9.0	9.0	2.9647353666582843	0.8628402366863905	0.9923076923076923
45_O-434	8.0	8.0	2.9177585714376955	0.861301775147929	1.0
460_O-434	9.0	9.0	2.9243917046050294	0.8582416922059972	0.9922480620155039
461_O-434	8.0	8.0	2.935753144100347	0.86281179138322	1.0
462_O-434	8.0	8.0	2.917112254183237	0.858612697156425	1.0
463_O-434	8.0	8.0	2.91836307411145	0.8601189060642093	1.0
464_O-434	8.0	8.0	2.954700217217485	0.866721536351166	1.0
465_O-434	8.0	8.0	2.960596539888977	0.8684807256235828	1.0
466_O-434	9.0	9.0	2.9774143585113224	0.8647242455775234	0.9919354838709677
467_O-434	8.0	8.0	2.905688985326961	0.8580261593341261	1.0
468_O-434	8.0	8.0	2.9300490154245376	0.8640105762874828	1.0
469_O-434	8.0	8.0	2.8491963017882624	0.850887573964497	1.0
46_O-434	8.0	8.0	2.9139541909144824	0.8605347956357059	1.0
470_O-434	8.0	8.0	2.8843645322752507	0.8570132325141777	1.0
471_O-434	8.0	8.0	2.967118770291651	0.8690926527785178	1.0
472_O-434	9.0	9.0	2.9278482586736696	0.8585255198487712	0.991304347826087
473_O-434	8.0	8.0	2.8511200682260975	0.8465707126624322	1.0
474_O-434	8.0	8.0	2.9373195936327545	0.8643798828125	1.0
475_O-434	9.0	9.0	2.993390778220345	0.8689846308893928	0.9920634920634921
476_O-434	9.0	9.0	2.9771248963996566	0.8660250865051903	0.9926470588235294
477_O-434	9.0	9.0	2.938011809475	0.861439073290265	0.9925373134328358
478_O-434	8.0	8.0	2.956325602465346	0.8671455576559546	1.0
479_O-434	8.0	8.0	2.9182619420545723	0.861056	1.0
47_O-434	8.0	8.0	2.8769368463191225	0.8531910009182737	1.0
480_O-434	9.0	9.0	2.997736558550762	0.87023831863389	0.9931506849315068
481_O-434	8.0	8.0	2.909518405628853	0.8591311134235171	1.0
482_O-434	9.0	9.0	2.9094880178855966	0.8570951214078859	0.9925373134328358
483_O-434	8.0	8.0	2.9064835573858496	0.860691065819271	1.0
484_O-434	8.0	8.0	2.8243102103102244	0.8450616901233803	1.0
485_O-434	9.0	9.0	2.933321655880863	0.8571583044982699	0.9926470588235294
486_O-434	8.0	8.0	2.904798321973765	0.8585858585858586	1.0
487_O-434	8.0	8.0	2.9032609917543852	0.8594833018273471	1.0
488_O-434	8.0	8.0	2.942557318391379	0.8653254437869822	1.0
489_O-434	8.0	8.0	2.86013233125186	0.8573377146754293	1.0
48_O-434	8.0	8.0	2.8919306380137617	0.852608	1.0
490_O-434	8.0	8.0	2.947966200591388	0.8660334479342695	1.0
491_O-434	8.0	8.0	2.9038863448737873	0.8585176673369721	1.0
492_O-434	8.0	8.0	2.9231750377201995	0.8604393683351786	1.0
493_O-434	8.0	8.0	2.8842525440739277	0.8576388888888888	1.0
494_O-434	9.0	9.0	2.917996791172852	0.8528943758573388	0.9925925925925926
495_O-434	8.0	8.0	2.9104554378271397	0.8584910836762689	1.0
496_O-434	8.0	8.0	2.9149477049257553	0.8593877551020408	1.0
497_O-434	9.0	9.0	2.971448758626651	0.8651388888888889	0.9916666666666667
498_O-434	9.0	9.0	2.856749306180357	0.8503703703703703	0.9925925925925926
499_O-434	9.0	9.0	2.881307048575263	0.8515868886576483	0.9919354838709677
49_O-434	8.0	8.0	2.8846865813693268	0.85381091211995	1.0
4_O-434	9.0	9.0	2.8795411059850062	0.8517118252467969	0.9927536231884058
500_O-434	9.0	9.0	2.8910784330481274	0.8500881834215168	0.9920634920634921
501_O-434	8.0	8.0	2.9058829371644723	0.8596432818073723	1.0
502_O-434	8.0	8.0	2.925788218104924	0.863003321484762	1.0
503_O-434	9.0	9.0	2.971981134858691	0.8648751486325803	0.993103448275862
504_O-434	8.0	8.0	2.9177819656172	0.8610650887573964	1.0
505_O-434	9.0	9.0	2.905060833391225	0.8513888888888889	0.9916666666666667
506_O-434	9.0	9.0	2.921909260938146	0.8576515704894083	0.9932432432432432
507_O-434	8.0	8.0	2.9589915173923482	0.8686390532544379	1.0
508_O-434	8.0	8.0	2.866989727500727	0.8520549494035842	1.0
509_O-434	8.0	8.0	2.930745414226236	0.863119864809743	1.0
50_O-434	9.0	9.0	2.9798275718971214	0.8663911845730028	0.9924242424242424
510_O-434	8.0	8.0	2.831255747646103	0.8424879370744927	1.0
511_O-434	8.0	8.0	2.940414455729812	0.8634740600714136	1.0
512_O-434	8.0	8.0	2.983465782434083	0.8722081825011953	1.0
513_O-434	8.0	8.0	2.857917449798147	0.8481844508799288	1.0
514_O-434	8.0	8.0	2.950234598203625	0.8662109375	1.0
515_O-434	8.0	8.0	2.905005560851495	0.8582496283951173	1.0
516_O-434	8.0	8.0	2.91197998411221	0.8593227890398752	1.0
517_O-434	8.0	8.0	2.8682873514061544	0.8538818359375	1.0
518_O-434	8.0	8.0	2.88598686259465	0.8547230380438495	1.0
519_O-434	8.0	8.0	2.896884337399405	0.853753619959902	1.0
51_O-434	8.0	8.0	2.9414696437379013	0.8651011013344211	1.0
520_O-434	8.0	8.0	2.891581179034413	0.8561985457604712	1.0
521_O-434	8.0	8.0	2.940380737419112	0.8649813272048262	1.0
522_O-434	9.0	9.0	2.9574670928592477	0.8619636664768904	0.9928057553956835
523_O-434	8.0	8.0	2.847544704334032	0.8489795918367347	1.0
524_O-434	8.0	8.0	2.945155810837172	0.8660631001371742	1.0
525_O-434	8.0	8.0	2.831513753301752	0.8488309594195109	1.0
526_O-434	8.0	8.0	2.9339969853459813	0.8631253662954872	1.0
527_O-434	8.0	8.0	2.91802443799044	0.859390478410349	1.0
528_O-434	9.0	9.0	2.961778533665504	0.863232	0.992
529_O-434	8.0	8.0	2.8959801093546234	0.8549346016646848	1.0
52_O-434	8.0	8.0	2.8443945279853624	0.8496938775510204	1.0
530_O-434	8.0	8.0	2.869625438094739	0.8494031221303948	1.0
531_O-434	8.0	8.0	2.888487240321996	0.8550882761356874	1.0
532_O-434	8.0	8.0	2.8872579865680055	0.8543195266272189	1.0
533_O-434	8.0	8.0	2.912872685850877	0.861327600107498	1.0
534_O-434	8.0	8.0	2.863155725338095	0.8500591715976331	1.0
535_O-434	8.0	8.0	2.955131856356816	0.866688	1.0
536_O-434	8.0	8.0	2.9119009043416746	0.8609935397638673	1.0
537_O-434	8.0	8.0	2.9539674626933543	0.8671988811840802	1.0
538_O-434	8.0	8.0	2.8611056897301452	0.8508866782006921	1.0
539_O-434	8.0	8.0	2.889287345277349	0.8538820301783265	1.0
53_O-434	8.0	8.0	2.93456612629921	0.8629984406326576	1.0
540_O-434	8.0	8.0	2.883628350498838	0.8577551020408163	1.0
541_O-434	8.0	8.0	2.943656820142304	0.865152	1.0
542_O-434	8.0	8.0	2.91191207096157	0.8596235650603112	1.0
543_O-434	8.0	8.0	2.858986744756758	0.848247070066898	1.0
544_O-434	8.0	8.0	2.9550785007563762	0.8671328671328671	1.0
545_O-434	8.0	8.0	2.9790501316831284	0.8714369438968512	1.0
546_O-434	8.0	8.0	2.9546710909844265	0.8673094582185492	1.0
547_O-434	8.0	8.0	2.9250488132272725	0.8624415237246603	1.0
548_O-434	8.0	8.0	2.9345669772214515	0.8636119125629615	1.0
549_O-434	8.0	8.0	2.8993717915325585	0.8566345270890725	1.0
54_O-434	8.0	8.0	2.9842251977510945	0.8724851367419738	1.0
550_O-434	8.0	8.0	2.9574946990895263	0.8681877162629758	1.0
551_O-434	8.0	8.0	2.862468152300334	0.8496995745800623	1.0
552_O-434	8.0	8.0	2.9198783227078127	0.8602184415038857	1.0
553_O-434	9.0	9.0	2.9064595490236957	0.8554183813443073	0.9925925925925926
554_O-434	8.0	8.0	2.932767548067771	0.8652071005917159	1.0
555_O-434	8.0	8.0	2.9247053610151594	0.8614165699064271	1.0
556_O-434	8.0	8.0	2.7606886368652996	0.8343942901234568	1.0
557_O-434	8.0	8.0	2.9427061909815304	0.8646969396523234	1.0
558_O-434	9.0	9.0	3.0076646553248034	0.8707336737436173	0.9918032786885246
559_O-434	8.0	8.0	2.9435454735903255	0.8656275194840097	1.0
55_O-434	8.0	8.0	2.9448535268136102	0.8651285583103765	1.0
560_O-434	8.0	8.0	2.9256649284024348	0.8619492395716172	1.0
561_O-434	9.0	9.0	2.9665616245113413	0.8655500226346764	0.9929078014184397
562_O-434	8.0	8.0	2.916765370449735	0.8589298758217677	1.0
563_O-434	8.0	8.0	2.9149615130332447	0.8601367419738406	1.0
564_O-434	8.0	8.0	2.937795591134918	0.8638806772373018	1.0
565_O-434	8.0	8.0	2.9111116077157777	0.8577777777777778	1.0
566_O-434	8.0	8.0	2.91430217475006	0.860107421875	1.0
567_O-434	9.0	9.0	2.917791756004681	0.8549946294307197	0.9924812030075187
568_O-434	8.0	8.0	2.9530798618134018	0.8668054110301769	1.0
569_O-434	8.0	8.0	2.8491817353028392	0.8474250345532119	1.0
56_O-434	9.0	9.0	2.975483395514057	0.8647842056932966	0.9924242424242424
570_O-434	8.0	8.0	2.8710126781090413	0.8525728082088426	1.0
571_O-434	8.0	8.0	2.9074266699434603	0.8617717003567182	1.0
572_O-434	8.0	8.0	2.945828259952572	0.8649613325401546	1.0
573_O-434	8.0	8.0	2.940016219016132	0.8647181864435525	1.0
574_O-434	9.0	9.0	2.9862940809660703	0.8662413494809689	0.9926470588235294
575_O-434	8.0	8.0	2.8868035581416223	0.8548875432525951	1.0
576_O-434	8.0	8.0	2.900213558244304	0.8594341724214747	1.0
577_O-434	8.0	8.0	2.9294768947931207	0.8629334086575806	1.0
578_O-434	8.0	8.0	2.8521033830598816	0.8509766855702583	1.0
579_O-434	8.0	8.0	2.859935147008649	0.849941943856294	1.0
57_O-434	9.0	9.0	2.900596449070826	0.8525072078692973	0.9924812030075187
580_O-434	8.0	8.0	2.9190884108255686	0.8612686410417979	1.0
581_O-434	8.0	8.0	2.8499489782629657	0.8540224913494809	1.0
582_O-434	8.0	8.0	2.939238370651834	0.8635875402792696	1.0
583_O-434	8.0	8.0	2.901473936665081	0.8593233579712758	1.0
584_O-434	8.0	8.0	2.855042670331352	0.8498909379337696	1.0
585_O-434	8.0	8.0	2.9005031976799964	0.8578230940427514	1.0
586_O-434	9.0	9.0	2.947638138261278	0.8609963269054178	0.9924242424242424
587_O-434	8.0	8.0	2.842276828082306	0.8515668225944368	1.0
588_O-434	8.0	8.0	2.958376531872876	0.8676923076923077	1.0
589_O-434	9.0	9.0	2.860955980578778	0.8459346920885382	0.9914529914529915
58_O-434	8.0	8.0	2.9510590362360407	0.8660819699780739	1.0
590_O-434	8.0	8.0	2.820468410891084	0.8450556494376784	1.0
591_O-434	8.0	8.0	2.9377410648274345	0.8644057288114576	1.0
592_O-434	8.0	8.0	2.9121207121360158	0.860691065819271	1.0
593_O-434	8.0	8.0	2.857910976984842	0.8456497415951836	1.0
594_O-434	8.0	8.0	2.8344651233490588	0.8496357960457857	1.0
595_O-434	8.0	8.0	2.8830312176984063	0.8522704739242515	1.0
596_O-434	8.0	8.0	2.9110804147832416	0.8602941176470589	1.0
597_O-434	8.0	8.0	2.974683709410759	0.8707779760724437	1.0
598_O-434	9.0	9.0	2.9980122403926477	0.8691451375761394	0.9927536231884058
599_O-434	8.0	8.0	2.922526536707672	0.8593893480257117	1.0
59_O-434	8.0	8.0	2.872698172219125	0.850571521125457	1.0
5_O-434	8.0	8.0	2.95057286206584	0.8662109375	1.0
600_O-434	9.0	9.0	2.9684103739495096	0.864100934031004	0.993006993006993
601_O-434	8.0	8.0	2.909636106840699	0.8594457188914377	1.0
602_O-434	9.0	9.0	2.9787669260852807	0.8661548241967822	0.993006993006993
603_O-434	8.0	8.0	2.843499601964504	0.8481755829903977	1.0
604_O-434	8.0	8.0	2.882393919888757	0.8547176647171472	1.0
605_O-434	9.0	9.0	2.9948209453936467	0.8677537939485342	0.9902912621359223
606_O-434	8.0	8.0	2.887528827480601	0.8542947827811942	1.0
607_O-434	9.0	9.0	2.842084605257191	0.8429355281207133	0.9907407407407407
608_O-434	8.0	8.0	2.898248439691317	0.8584959999999999	1.0
609_O-434	8.0	8.0	2.9145526335368888	0.8597433433207078	1.0
60_O-434	8.0	8.0	2.8638204007223274	0.8482461667716866	1.0
610_O-434	8.0	8.0	2.9423485128741946	0.8655096387585506	1.0
611_O-434	8.0	8.0	2.937793229756214	0.8638191247596294	1.0
612_O-434	8.0	8.0	2.8734545834821277	0.8521319050619618	1.0
613_O-434	8.0	8.0	2.9438677086928253	0.8654494240732358	1.0
614_O-434	8.0	8.0	2.9012799192404963	0.8575843145612446	1.0
615_O-434	8.0	8.0	2.9471099852048717	0.865851818318998	1.0
616_O-434	8.0	8.0	2.952808928431204	0.8672	1.0
617_O-434	8.0	8.0	2.9242155415184894	0.8597384066587396	1.0
618_O-434	8.0	8.0	2.870755567790399	0.8497936570750184	1.0
619_O-434	8.0	8.0	2.931210546128098	0.8633333333333333	1.0
61_O-434	8.0	8.0	2.911966035572086	0.8574003966107806	1.0
620_O-434	9.0	9.0	2.928947556379942	0.8592899408284024	0.9923076923076923
621_O-434	9.0	9.0	2.9924708196711816	0.8681129476584022	0.9924242424242424
622_O-434	8.0	8.0	2.9618390306222397	0.867998163452709	1.0
623_O-434	8.0	8.0	2.965444143952737	0.8687111111111111	1.0
624_O-434	8.0	8.0	2.8566487818045614	0.8505519201533479	1.0
625_O-434	8.0	8.0	2.881197248359601	0.8536746589748212	1.0
626_O-434	8.0	8.0	2.866444820521801	0.8529720646922916	1.0
627_O-434	8.0	8.0	2.9042033646473384	0.8572065047894855	1.0
628_O-434	8.0	8.0	2.929691917414225	0.8619636664768904	1.0
629_O-434	8.0	8.0	2.893109651037986	0.8585746751354817	1.0
62_O-434	9.0	9.0	2.961557392746382	0.8638806772373018	0.9918032786885246
630_O-434	8.0	8.0	2.886664286550313	0.8533697067394135	1.0
631_O-434	8.0	8.0	2.9329441450760947	0.8641357421875	1.0
632_O-434	8.0	8.0	2.932162789759257	0.8619160899653979	1.0
633_O-434	8.0	8.0	2.8716313502918354	0.8525651577503429	1.0
634_O-434	8.0	8.0	2.933827295984504	0.86328125	1.0
635_O-434	8.0	8.0	2.934415932951166	0.8636393681009981	1.0
636_O-434	8.0	8.0	2.888858500107023	0.8553890306122449	1.0
637_O-434	8.0	8.0	2.9656984445232326	0.8691500382865637	1.0
638_O-434	8.0	8.0	2.9524935657758333	0.8670925433885466	1.0
639_O-434	8.0	8.0	2.9140023806344377	0.8596189164370982	1.0
63_O-434	9.0	9.0	2.9923205297857103	0.8688179796887207	0.9922480620155039
640_O-434	8.0	8.0	2.9394156330621533	0.8649691358024691	1.0
641_O-434	8.0	8.0	2.9280198886422446	0.8606647187728269	1.0
642_O-434	8.0	8.0	2.944235349581042	0.8665344630731326	1.0
643_O-434	8.0	8.0	2.933376792907865	0.8621323529411764	1.0
644_O-434	9.0	9.0	2.92057746521679	0.8533333333333333	0.9925925925925926
645_O-434	8.0	8.0	2.859156849656691	0.8496575100628487	1.0
646_O-434	8.0	8.0	2.935200906754398	0.8647242455775235	1.0
647_O-434	8.0	8.0	2.9342607078165157	0.8639455782312926	1.0
648_O-434	8.0	8.0	2.893931422211434	0.8555495834453104	1.0
649_O-434	8.0	8.0	2.9272276819569703	0.862766439909297	1.0
64_O-434	8.0	8.0	2.9503406699025807	0.8665352442857904	1.0
650_O-434	8.0	8.0	2.9183112442169628	0.8616183751318887	1.0
651_O-434	8.0	8.0	2.897986757689029	0.8569449624380627	1.0
652_O-434	9.0	9.0	2.936445609078922	0.8608876338643507	0.9927007299270073
653_O-434	8.0	8.0	2.9316394274407562	0.8621124828532236	1.0
654_O-434	8.0	8.0	2.887036516788308	0.853587962962963	1.0
655_O-434	8.0	8.0	2.927752105468026	0.8624885215794307	1.0
656_O-434	9.0	9.0	2.8994144865295044	0.8527620247847091	0.9927536231884058
657_O-434	9.0	9.0	2.953902664260338	0.8628439403486663	0.9927536231884058
658_O-434	8.0	8.0	2.946581918777065	0.865408	1.0
659_O-434	8.0	8.0	2.920122778981808	0.8621338349905939	1.0
65_O-434	8.0	8.0	2.9347556178518825	0.863525390625	1.0
660_O-434	8.0	8.0	2.940900483753206	0.8648989898989898	1.0
661_O-434	8.0	8.0	2.9328886565633874	0.8637025814346484	1.0
662_O-434	8.0	8.0	2.932970660565085	0.8632934443288242	1.0
663_O-434	9.0	9.0	2.936711754450046	0.8611740992693374	0.9920634920634921
664_O-434	9.0	9.0	2.955767740729497	0.8639991598403697	0.9927536231884058
665_O-434	8.0	8.0	2.874833670064373	0.850634885275117	1.0
666_O-434	9.0	9.0	2.922073668357472	0.8570408163265306	0.9928571428571429
667_O-434	9.0	9.0	2.9511771020951305	0.8616335446747296	0.9927007299270073
668_O-434	9.0	9.0	2.9521404915148173	0.8596235650603112	0.9923664122137404
669_O-434	8.0	8.0	2.877450323168255	0.8537509186500085	1.0
66_O-434	8.0	8.0	2.8939676576717788	0.8563154377366897	1.0
670_O-434	8.0	8.0	2.9260534585308577	0.860952133194589	1.0
671_O-434	8.0	8.0	2.8536243210055394	0.8513609467455621	1.0
672_O-434	8.0	8.0	2.8959326097846727	0.8557728168788961	1.0
673_O-434	8.0	8.0	2.8224528872562895	0.8429075333837239	1.0
674_O-434	8.0	8.0	2.9375906415389608	0.8641975308641976	1.0
675_O-434	9.0	9.0	2.8762581337867887	0.8534754929869054	0.9928057553956835
676_O-434	8.0	8.0	2.9256452377114	0.8621826171875	1.0
677_O-434	8.0	8.0	2.8686167954377324	0.8538820301783265	1.0
678_O-434	8.0	8.0	2.8973933688865317	0.855725711451423	1.0
679_O-434	8.0	8.0	2.84717745972689	0.8461755893493131	1.0
67_O-434	9.0	9.0	2.9254265455624635	0.8559763313609468	0.9923076923076923
680_O-434	8.0	8.0	2.930350756283231	0.8625371481848377	1.0
681_O-434	8.0	8.0	2.942320998584217	0.8659169046092885	1.0
682_O-434	8.0	8.0	2.9348382057270803	0.8632098765432099	1.0
683_O-434	8.0	8.0	2.890160884086527	0.8549946294307197	1.0
684_O-434	9.0	9.0	2.9302521360078035	0.8599694725535644	0.9924812030075187
685_O-434	8.0	8.0	2.9379650740087646	0.8647452341431517	1.0
686_O-434	8.0	8.0	2.9013528356215805	0.8583477508650519	1.0
687_O-434	8.0	8.0	2.9254473157125567	0.8631897203325775	1.0
688_O-434	8.0	8.0	2.926687926333986	0.8622426524524427	1.0
689_O-434	8.0	8.0	2.9401220728709023	0.865147628388914	1.0
68_O-434	8.0	8.0	2.891134159196594	0.8555426541902875	1.0
690_O-434	8.0	8.0	2.9010624659390594	0.8570398413556878	1.0
691_O-434	8.0	8.0	2.8815474657398217	0.8536004760960128	1.0
692_O-434	8.0	8.0	2.966382305808161	0.8691801177087582	1.0
693_O-434	8.0	8.0	2.9232191075156777	0.8624481701820804	1.0
694_O-434	8.0	8.0	2.9559717612861967	0.8672904856225667	1.0
695_O-434	8.0	8.0	2.8289493284835747	0.8470458984375	1.0
696_O-434	8.0	8.0	2.954493566891075	0.8674613953020471	1.0
697_O-434	8.0	8.0	2.894010357882314	0.8544307270233196	1.0
698_O-434	8.0	8.0	2.9303665642709977	0.8625272763340607	1.0
699_O-434	8.0	8.0	2.8617936051298485	0.8504162330905307	1.0
69_O-434	8.0	8.0	2.9257008373568203	0.8610586011342155	1.0
6_O-434	8.0	8.0	2.908457475026111	0.8567708333333333	1.0
700_O-434	8.0	8.0	2.901895711580494	0.8557825828208689	1.0
701_O-434	9.0	9.0	2.927994300353051	0.858023356401384	0.9926470588235294
702_O-434	8.0	8.0	2.943938629351659	0.8651147248830474	1.0
703_O-434	8.0	8.0	2.926956482110325	0.8624415237246603	1.0
704_O-434	8.0	8.0	2.9309386123489674	0.8625598387503149	1.0
705_O-434	9.0	9.0	2.8946181697161704	0.8560791015625	0.9921875
706_O-434	8.0	8.0	2.8998552049187096	0.8578811369509044	1.0
707_O-434	9.0	9.0	2.9199964674966514	0.8571600264407186	0.9922480620155039
708_O-434	8.0	8.0	2.868287200033991	0.853796398811258	1.0
709_O-434	8.0	8.0	2.901667883473904	0.8601777777777778	1.0
70_O-434	8.0	8.0	2.945360487617586	0.865147628388914	1.0
710_O-434	8.0	8.0	2.8185429064221887	0.8477449008905487	1.0
711_O-434	8.0	8.0	2.8601778399682787	0.848768	1.0
712_O-434	8.0	8.0	2.9204108436030314	0.8613425806117696	1.0
713_O-434	8.0	8.0	2.90998397030725	0.8613138686131387	1.0
714_O-434	9.0	9.0	2.9159291243840246	0.854275584399976	0.9922480620155039
715_O-434	8.0	8.0	2.873152619116396	0.8545159545700378	1.0
716_O-434	8.0	8.0	2.9142814750703363	0.8604359567901234	1.0
717_O-434	8.0	8.0	2.9454986558502116	0.866230677764566	1.0
718_O-434	8.0	8.0	2.9311614902417955	0.8636461937716263	1.0
719_O-434	9.0	9.0	2.934561106853936	0.861884606816663	0.9925373134328358
71_O-434	8.0	8.0	2.9238871192846045	0.8619384765625	1.0
720_O-434	8.0	8.0	2.9491847349146787	0.8664576124567474	1.0
721_O-434	8.0	8.0	2.8273585767170135	0.8431909562379815	1.0
722_O-434	8.0	8.0	2.9309739746991053	0.8632212073958565	1.0
723_O-434	9.0	9.0	2.9476114799162665	0.858160951455412	0.9931972789115646
724_O-434	8.0	8.0	2.8433829303020777	0.8461288927335641	1.0
725_O-434	8.0	8.0	2.864730929095139	0.8520164609053498	1.0
726_O-434	8.0	8.0	2.9385720281212873	0.865	1.0
727_O-434	8.0	8.0	2.955672718236244	0.8678500986193294	1.0
728_O-434	8.0	8.0	2.903746816921438	0.8598040983113995	1.0
729_O-434	8.0	8.0	2.9280755391872275	0.8617832647462277	1.0
72_O-434	9.0	9.0	2.954351529735888	0.8631055363321799	0.9926470588235294
730_O-434	9.0	9.0	2.8989671515969526	0.8537509186500085	0.9924812030075187
731_O-434	8.0	8.0	2.9139769292873634	0.8612799672153542	1.0
732_O-434	9.0	9.0	2.9535203480345174	0.8616063051229124	0.9931506849315068
733_O-434	8.0	8.0	2.8980198095717578	0.8579902549254996	1.0
734_O-434	8.0	8.0	2.8769751542468187	0.85625	1.0
735_O-434	8.0	8.0	2.89364467863147	0.8547493071302595	1.0
736_O-434	8.0	8.0	2.8970207120305984	0.8586008230452675	1.0
737_O-434	8.0	8.0	2.957535908477197	0.867920507219351	1.0
738_O-434	8.0	8.0	2.8975589814287703	0.8557860817457177	1.0
739_O-434	8.0	8.0	2.8553952226917714	0.8545159545700378	1.0
73_O-434	8.0	8.0	2.900338917398413	0.8570897141794284	1.0
740_O-434	8.0	8.0	2.9454515854006917	0.8654531807093263	1.0
741_O-434	8.0	8.0	2.8510151046727423	0.849664	1.0
742_O-434	9.0	9.0	2.9262042513789863	0.8550783753860498	0.9923664122137404
743_O-434	9.0	9.0	2.891097845804685	0.8519771071800208	0.9919354838709677
744_O-434	8.0	8.0	2.9518299517260513	0.8659611992945326	1.0
745_O-434	8.0	8.0	2.930608718952693	0.8624489795918368	1.0
746_O-434	9.0	9.0	2.997176339347776	0.8696757787666878	0.993006993006993
747_O-434	8.0	8.0	2.8868174853457864	0.8549112426035503	1.0
748_O-434	8.0	8.0	2.9220645593224863	0.8602922650541698	1.0
749_O-434	8.0	8.0	2.910996612755023	0.8602294921875	1.0
74_O-434	8.0	8.0	2.8959123609847803	0.8572559217592854	1.0
750_O-434	9.0	9.0	2.96841622595404	0.8645918367346939	0.9928571428571429
751_O-434	8.0	8.0	2.9167899204510284	0.8613057226114452	1.0
752_O-434	8.0	8.0	2.8950087182108915	0.85693359375	1.0
753_O-434	8.0	8.0	2.9026001098929037	0.8584996325399966	1.0
754_O-434	9.0	9.0	2.958943869011297	0.8616048015849892	0.9923664122137404
755_O-434	8.0	8.0	2.9303838214016933	0.8634067952249771	1.0
756_O-434	9.0	9.0	2.9531828461706016	0.8615837009031716	0.9927536231884058
757_O-434	8.0	8.0	2.7649497209173504	0.8313885190696217	1.0
758_O-434	8.0	8.0	2.946237214094044	0.8654488750278458	1.0
759_O-434	9.0	9.0	2.973003559471487	0.8647316867976684	0.9922480620155039
75_O-434	8.0	8.0	2.961461702957832	0.8679734990779319	1.0
760_O-434	8.0	8.0	2.9333283129062755	0.86403395269396	1.0
761_O-434	9.0	9.0	2.9524201969509636	0.8626326643528998	0.9929078014184397
762_O-434	8.0	8.0	2.8749596477307944	0.8510959939531368	1.0
763_O-434	8.0	8.0	2.9186128163242384	0.8598816568047337	1.0
764_O-434	8.0	8.0	2.9354194544208165	0.8639455782312926	1.0
765_O-434	8.0	8.0	2.912524421415885	0.8579604578563996	1.0
766_O-434	8.0	8.0	2.9366360862245253	0.8639705882352942	1.0
767_O-434	9.0	9.0	2.9787319074457725	0.8654513888888888	0.9930555555555556
768_O-434	8.0	8.0	2.8706933233081764	0.8514739229024944	1.0
769_O-434	8.0	8.0	2.8964769902538916	0.8558076034446545	1.0
76_O-434	8.0	8.0	2.922024977998386	0.8599632690541781	1.0
770_O-434	8.0	8.0	2.9521775628052294	0.8665910808767952	1.0
771_O-434	8.0	8.0	2.7918750913225994	0.839761248852158	1.0
772_O-434	8.0	8.0	2.9016304355559854	0.8584282850017115	1.0
773_O-434	8.0	8.0	2.908128984078747	0.8588775510204082	1.0
774_O-434	8.0	8.0	2.933187665284333	0.8652835095256939	1.0
775_O-434	8.0	8.0	2.940333033527985	0.8637781243038538	1.0
776_O-434	8.0	8.0	2.9416712197181907	0.8639267341285545	1.0
777_O-434	8.0	8.0	2.903376899098597	0.8559719743538898	1.0
778_O-434	8.0	8.0	2.9069617550698195	0.8599853515625	1.0
779_O-434	8.0	8.0	2.9333350914620198	0.8635553575406549	1.0
77_O-434	8.0	8.0	2.9079706817353093	0.8575999999999999	1.0
780_O-434	8.0	8.0	2.884437859453211	0.8568265252607656	1.0
781_O-434	9.0	9.0	2.9209031050654755	0.8544755113529743	0.9931506849315068
782_O-434	8.0	8.0	2.951619138630616	0.8658944085542437	1.0
783_O-434	8.0	8.0	2.903781973645609	0.8573127229488704	1.0
784_O-434	8.0	8.0	2.946092242291559	0.865813352562947	1.0
785_O-434	8.0	8.0	2.9310386326637836	0.8630490956072352	1.0
786_O-434	9.0	9.0	2.9035108950838375	0.8551076940471479	0.9924812030075187
787_O-434	8.0	8.0	2.9268586539520713	0.86328125	1.0
788_O-434	8.0	8.0	2.921384497349882	0.8616568047337279	1.0
789_O-434	8.0	8.0	2.9212962432636855	0.8604217310192775	1.0
78_O-434	8.0	8.0	2.9350620131504512	0.8640359574327451	1.0
790_O-434	9.0	9.0	2.9122117871680704	0.8579919585105763	0.9923664122137404
791_O-434	8.0	8.0	2.9088707379605	0.8599569098184057	1.0
792_O-434	8.0	8.0	2.885039804925836	0.8560285374554102	1.0
793_O-434	8.0	8.0	2.9159151885546417	0.8596569391846737	1.0
794_O-434	8.0	8.0	2.831695076678862	0.8462909333927378	1.0
795_O-434	8.0	8.0	2.914201024103304	0.8608250090575023	1.0
796_O-434	9.0	9.0	2.926540450951148	0.8567720784099446	0.9917355371900827
797_O-434	8.0	8.0	2.8824337344868516	0.8547086368366286	1.0
798_O-434	9.0	9.0	2.9241631320616714	0.8562570888468809	0.991304347826087
799_O-434	9.0	9.0	2.876062015849974	0.8538805895075701	0.9929078014184397
79_O-434	8.0	8.0	2.918733759429962	0.86112613424674	1.0
7_O-434	8.0	8.0	2.9562256559904783	0.8666402849228334	1.0
800_O-434	8.0	8.0	2.8713656096914595	0.8524170193807084	1.0
801_O-434	8.0	8.0	2.9356851454589865	0.862976	1.0
802_O-434	9.0	9.0	2.921924404049296	0.8539079620160701	0.9932432432432432
803_O-434	9.0	9.0	3.0172306346693993	0.8729338842975207	0.9924242424242424
804_O-434	8.0	8.0	2.831451856589804	0.8409045824241221	1.0
805_O-434	8.0	8.0	2.816270128720839	0.8453223593964335	1.0
806_O-434	8.0	8.0	2.894120847729601	0.857305522488484	1.0
807_O-434	8.0	8.0	2.9666820197301	0.869112426035503	1.0
808_O-434	8.0	8.0	2.921738421145536	0.8620118343195267	1.0
809_O-434	9.0	9.0	2.913550312140862	0.8540582726326743	0.9919354838709677
80_O-434	8.0	8.0	2.9050552977412982	0.8590124925639501	1.0
810_O-434	8.0	8.0	2.9276050986094235	0.8620497240994482	1.0
811_O-434	8.0	8.0	2.9380280881089895	0.8647093830589169	1.0
812_O-434	8.0	8.0	2.936174857586793	0.8634693877551021	1.0
813_O-434	8.0	8.0	2.9104944744264687	0.8622742094094509	1.0
814_O-434	9.0	9.0	2.988004913268228	0.8661650094060737	0.9918032786885246
815_O-434	8.0	8.0	2.8789787804223943	0.8526170798898072	1.0
816_O-434	8.0	8.0	2.938022643580705	0.8655672746343454	1.0
817_O-434	8.0	8.0	2.8989763268683353	0.8572065047894855	1.0
818_O-434	8.0	8.0	2.8624754766468845	0.8504740017236426	1.0
819_O-434	8.0	8.0	2.9530484794207563	0.8665910808767952	1.0
81_O-434	8.0	8.0	2.891614597631721	0.8563603519608414	1.0
820_O-434	9.0	9.0	2.9818653143923775	0.8661880264571202	0.9924812030075187
821_O-434	9.0	9.0	2.979390077004716	0.8664576124567474	0.9926470588235294
822_O-434	8.0	8.0	2.941237107520003	0.8644640998959418	1.0
823_O-434	8.0	8.0	2.861887975056949	0.8514896263214426	1.0
824_O-434	8.0	8.0	2.9506905868471893	0.86592	1.0
825_O-434	8.0	8.0	2.8619671655514227	0.84875	1.0
826_O-434	8.0	8.0	2.949280343877448	0.8654729109274564	1.0
827_O-434	8.0	8.0	2.9374701012200317	0.8643003503205764	1.0
828_O-434	8.0	8.0	2.9517958295216613	0.8666326530612245	1.0
829_O-434	9.0	9.0	2.954785768607218	0.860213856092671	0.9925373134328358
82_O-434	8.0	8.0	2.9086946421109947	0.858382030679328	1.0
830_O-434	9.0	9.0	2.990502762998524	0.8678626543209876	0.9930555555555556
831_O-434	8.0	8.0	2.9554960531105445	0.867717003567182	1.0
832_O-434	8.0	8.0	2.8470235305844884	0.8508711172678353	1.0
833_O-434	8.0	8.0	2.910788414361881	0.8590557429081531	1.0
834_O-434	8.0	8.0	2.8667476643667533	0.8514792899408283	1.0
835_O-434	9.0	9.0	2.912351656718343	0.8553200692041523	0.9926470588235294
836_O-434	9.0	9.0	2.918025505729763	0.8528625529071063	0.9925373134328358
837_O-434	8.0	8.0	2.9543401941879885	0.866938775510204	1.0
838_O-434	8.0	8.0	2.9042324784696625	0.8567994711856258	1.0
839_O-434	8.0	8.0	2.8477597041845213	0.8462577160493827	1.0
83_O-434	8.0	8.0	2.8954172411376784	0.85568	1.0
840_O-434	9.0	9.0	2.9258116701528887	0.8579861884606816	0.9925373134328358
841_O-434	8.0	8.0	2.6947557817737877	0.82295396977902	1.0
842_O-434	8.0	8.0	2.958697413104779	0.867431640625	1.0
843_O-434	8.0	8.0	2.960723420400096	0.868864	1.0
844_O-434	8.0	8.0	2.834672286393253	0.8463134765625	1.0
845_O-434	8.0	8.0	2.877338583349926	0.8507645585806383	1.0
846_O-434	8.0	8.0	2.8957932376104774	0.8564697129394259	1.0
847_O-434	9.0	9.0	2.961469499091153	0.8628870572510581	0.9925373134328358
848_O-434	8.0	8.0	2.9068589805640888	0.8580473740742834	1.0
849_O-434	8.0	8.0	2.88755353243535	0.856438915930533	1.0
84_O-434	8.0	8.0	2.9277189067277107	0.8623046875	1.0
850_O-434	8.0	8.0	2.8964998883439574	0.8594104308390023	1.0
851_O-434	8.0	8.0	2.79591764118962	0.8355879292403746	1.0
852_O-434	9.0	9.0	2.9648953821294866	0.8663399420806416	0.9925373134328358
853_O-434	8.0	8.0	2.947181031879418	0.8654437869822484	1.0
854_O-434	8.0	8.0	2.890863082314459	0.8563631140476875	1.0
855_O-434	8.0	8.0	2.9415588312958665	0.8648726851851851	1.0
856_O-434	8.0	8.0	2.912166038552672	0.860107421875	1.0
857_O-434	8.0	8.0	2.9516573475435295	0.865702479338843	1.0
858_O-434	9.0	9.0	2.8959525467909395	0.84969723183391	0.9926470588235294
859_O-434	8.0	8.0	2.885643560274222	0.8527318640955004	1.0
85_O-434	9.0	9.0	2.9841791793763095	0.8670507544581618	0.9925925925925926
860_O-434	8.0	8.0	2.9814356402921534	0.8718782518210197	1.0
861_O-434	8.0	8.0	2.8789184719164664	0.8518817037634075	1.0
862_O-434	8.0	8.0	2.8745864567751727	0.8522810786364408	1.0
863_O-434	8.0	8.0	2.820083055208473	0.84224	1.0
864_O-434	8.0	8.0	2.9630233638571046	0.8681312277839287	1.0
865_O-434	8.0	8.0	2.869412605015184	0.8529805955363907	1.0
866_O-434	8.0	8.0	2.940629070684512	0.8653488255117951	1.0
867_O-434	8.0	8.0	2.907842727091301	0.8585476942187258	1.0
868_O-434	8.0	8.0	2.887542045447682	0.8564377231674019	1.0
869_O-434	8.0	8.0	2.924029328114374	0.8612673010380623	1.0
86_O-434	8.0	8.0	2.91561694309764	0.8604318418314256	1.0
870_O-434	8.0	8.0	2.928538312749622	0.8622528616024974	1.0
871_O-434	8.0	8.0	2.9092234926322007	0.8589695774948053	1.0
872_O-434	9.0	9.0	2.970178780498866	0.8636022129635954	0.9917355371900827
873_O-434	8.0	8.0	2.9118481267794074	0.8591776404192422	1.0
874_O-434	8.0	8.0	2.9249463712418815	0.861138628285065	1.0
875_O-434	8.0	8.0	2.932051537937004	0.8624567474048443	1.0
876_O-434	8.0	8.0	2.9206734193324215	0.8605144661249418	1.0
877_O-434	8.0	8.0	2.8759433848409466	0.8526670632559984	1.0
878_O-434	8.0	8.0	2.961356016113605	0.868249736499473	1.0
879_O-434	8.0	8.0	2.9432433761831938	0.865813352562947	1.0
87_O-434	8.0	8.0	2.878382134205956	0.8567656120103673	1.0
880_O-434	9.0	9.0	3.0017076353590237	0.8704086317722681	0.9924242424242424
881_O-434	9.0	9.0	2.9099998609835356	0.8550949598246895	0.9932432432432432
882_O-434	8.0	8.0	2.961012615794351	0.8686195566662038	1.0
883_O-434	8.0	8.0	2.900877422673431	0.8567649281934997	1.0
884_O-434	8.0	8.0	2.9527284383068393	0.8674242424242424	1.0
885_O-434	8.0	8.0	2.95874736984237	0.867753735507471	1.0
886_O-434	8.0	8.0	2.9065008838779485	0.8584995251661918	1.0
887_O-434	8.0	8.0	2.9292873634592143	0.8636667409222544	1.0
888_O-434	9.0	9.0	2.9363570315831136	0.8572840901066309	0.9915966386554622
889_O-434	8.0	8.0	2.9518691330657165	0.8655953250547845	1.0
88_O-434	8.0	8.0	2.890632326635961	0.8530812854442344	1.0
890_O-434	9.0	9.0	2.9990308951205535	0.8697954711468225	0.9932432432432432
891_O-434	8.0	8.0	2.9379875789892655	0.8641687547345726	1.0
892_O-434	8.0	8.0	2.9118817994749575	0.8600778546712803	1.0
893_O-434	8.0	8.0	2.837899246257375	0.842529296875	1.0
894_O-434	8.0	8.0	2.8528013865875486	0.8520540074691181	1.0
895_O-434	8.0	8.0	2.8595532216230444	0.8519778281683044	1.0
896_O-434	8.0	8.0	2.8570282576042296	0.8504179855531206	1.0
897_O-434	8.0	8.0	2.9484185556091034	0.8669734823580977	1.0
898_O-434	8.0	8.0	2.9096792202563564	0.8575583316808778	1.0
899_O-434	8.0	8.0	2.8559298160350868	0.8513358230393565	1.0
89_O-434	8.0	8.0	2.949183307776502	0.8657545112036487	1.0
8_O-434	8.0	8.0	2.9031016639784832	0.8574617149234298	1.0
900_O-434	8.0	8.0	2.91333884692031	0.8606745164899569	1.0
901_O-434	8.0	8.0	2.8375200004355285	0.8489655628263599	1.0
902_O-434	9.0	9.0	2.9918867179911413	0.8682334595678325	0.9925373134328358
903_O-434	8.0	8.0	2.90308720328866	0.8572802115257496	1.0
904_O-434	8.0	8.0	2.9440448131480803	0.8640877914951989	1.0
905_O-434	8.0	8.0	2.855976795108403	0.8521038044847569	1.0
906_O-434	9.0	9.0	2.9741615250209126	0.8648919581198485	0.9925373134328358
907_O-434	8.0	8.0	2.9388406233969646	0.8650137741046832	1.0
908_O-434	8.0	8.0	2.830663832603818	0.845719381688466	1.0
909_O-434	8.0	8.0	2.8763017243839526	0.8548831297224773	1.0
90_O-434	8.0	8.0	2.8581898341496244	0.8453254437869822	1.0
910_O-434	8.0	8.0	2.854186429544678	0.8534285257605626	1.0
911_O-434	8.0	8.0	2.9053123775844423	0.8588966836734694	1.0
912_O-434	8.0	8.0	2.960402197887704	0.8681101249364012	1.0
913_O-434	8.0	8.0	2.9135643212112607	0.860726643598616	1.0
914_O-434	9.0	9.0	2.9667846542591856	0.8628402366863905	0.9923076923076923
915_O-434	8.0	8.0	2.8620644628842813	0.851328	1.0
916_O-434	8.0	8.0	2.9153280412373563	0.8606179804357952	1.0
917_O-434	8.0	8.0	2.8385991300651217	0.8509948096885813	1.0
918_O-434	8.0	8.0	2.9141552815242426	0.8615916955017301	1.0
919_O-434	8.0	8.0	2.9102193818745135	0.8598566517102733	1.0
91_O-434	8.0	8.0	2.9554267624139046	0.8674242424242424	1.0
920_O-434	8.0	8.0	2.945807145687352	0.8660631001371741	1.0
921_O-434	8.0	8.0	2.885481906180336	0.857344	1.0
922_O-434	8.0	8.0	2.869163646253836	0.8537668192063383	1.0
923_O-434	8.0	8.0	2.9598249520980895	0.867919921875	1.0
924_O-434	8.0	8.0	2.944974044866261	0.864432546764492	1.0
925_O-434	8.0	8.0	2.9430657603543904	0.8643711315425755	1.0
926_O-434	8.0	8.0	2.883252403583289	0.85595703125	1.0
927_O-434	8.0	8.0	2.9207745728802252	0.8618367346938776	1.0
928_O-434	8.0	8.0	2.9100819735621815	0.8599342585829073	1.0
929_O-434	9.0	9.0	2.9616223037073843	0.8623737373737373	0.9924242424242424
92_O-434	8.0	8.0	2.94490723092504	0.8656361474435197	1.0
930_O-434	8.0	8.0	2.930027848629611	0.863423517169615	1.0
931_O-434	8.0	8.0	2.9097361824260117	0.8607214947466487	1.0
932_O-434	8.0	8.0	2.889230878516466	0.8551025390625	1.0
933_O-434	8.0	8.0	2.9293780706167936	0.862330868668578	1.0
934_O-434	9.0	9.0	2.8137058528064407	0.8337776675553351	0.9921259842519685
935_O-434	9.0	9.0	2.9303767536882934	0.8566252863764718	0.9927007299270073
936_O-434	8.0	8.0	2.8362800871951386	0.8422776518014613	1.0
937_O-434	9.0	9.0	2.860920744153542	0.8409631391200951	0.9913793103448276
938_O-434	8.0	8.0	2.8776247857191284	0.85206359151069	1.0
939_O-434	9.0	9.0	2.9469794957376916	0.8607961703199798	0.9920634920634921
93_O-434	8.0	8.0	2.8868174431212954	0.8572646384996536	1.0
940_O-434	9.0	9.0	2.9125129943079675	0.8556311413454271	0.9920634920634921
941_O-434	8.0	8.0	2.849814795416136	0.8459126297577855	1.0
942_O-434	9.0	9.0	2.898661629018443	0.8494924554183814	0.9925925925925926
943_O-434	8.0	8.0	2.8711154252030835	0.8508491832106992	1.0
944_O-434	8.0	8.0	2.8956468911687234	0.8570997434736684	1.0
945_O-434	8.0	8.0	2.8289586188270333	0.8483238170614507	1.0
946_O-434	8.0	8.0	2.940988099221275	0.8653374916462464	1.0
947_O-434	8.0	8.0	2.872566172719356	0.8547831083022119	1.0
948_O-434	8.0	8.0	2.8698420538417824	0.8530177514792899	1.0
949_O-434	8.0	8.0	2.9412653941692386	0.8656944444444444	1.0
94_O-434	8.0	8.0	2.9160688140038244	0.8594341724214747	1.0
950_O-434	8.0	8.0	2.8791409609127174	0.8551774837219072	1.0
951_O-434	8.0	8.0	2.951083516636909	0.865851818318998	1.0
952_O-434	8.0	8.0	2.9298763325434662	0.8630222171971282	1.0
953_O-434	8.0	8.0	2.870225631139007	0.8545404663923182	1.0
954_O-434	8.0	8.0	2.9552908199570522	0.8674307958477508	1.0
955_O-434	8.0	8.0	2.895806372929751	0.8589302112029384	1.0
956_O-434	8.0	8.0	2.8905852676385284	0.8544956587611445	1.0
957_O-434	8.0	8.0	2.9359606111230034	0.8644057288114576	1.0
958_O-434	8.0	8.0	2.9087741043805004	0.8591874422899354	1.0
959_O-434	9.0	9.0	2.867625731181316	0.8493323255228018	0.9920634920634921
95_O-434	8.0	8.0	2.9104785488412315	0.8587481621508086	1.0
960_O-434	8.0	8.0	2.925776479016596	0.8620876149269876	1.0
961_O-434	8.0	8.0	2.838289318558591	0.8449931412894376	1.0
962_O-434	8.0	8.0	2.905562109312345	0.8591977183954368	1.0
963_O-434	8.0	8.0	2.879096531566517	0.8512973520166232	1.0
964_O-434	9.0	9.0	2.9408315793171718	0.8596991360028069	0.9933774834437086
965_O-434	8.0	8.0	2.9262808055111185	0.8613888888888889	1.0
966_O-434	8.0	8.0	2.8927731641845873	0.8555357540654934	1.0
967_O-434	9.0	9.0	2.948056761548237	0.8626830233478433	0.9924812030075187
968_O-434	9.0	9.0	2.9508980554819013	0.8614390732902651	0.9925373134328358
969_O-434	8.0	8.0	2.8976506322245283	0.8563888888888889	1.0
96_O-434	8.0	8.0	2.9504308736020146	0.8662825788751715	1.0
970_O-434	8.0	8.0	2.899129234720194	0.8572926985606899	1.0
971_O-434	8.0	8.0	2.8177565859404115	0.839843970829329	1.0
972_O-434	9.0	9.0	2.9683717679514134	0.8641836734693877	0.9928571428571429
973_O-434	8.0	8.0	2.8995045754395403	0.8575857151714303	1.0
974_O-434	8.0	8.0	2.937573282874651	0.8634066587395957	1.0
975_O-434	8.0	8.0	2.8977965581731118	0.8562901744719926	1.0
976_O-434	8.0	8.0	2.824594208645595	0.8388616777233555	1.0
977_O-434	8.0	8.0	2.9197124087185755	0.8607609248685624	1.0
978_O-434	8.0	8.0	2.853251600761847	0.8532204084420463	1.0
979_O-434	8.0	8.0	2.738545157725693	0.8389953965386633	0.9923664122137404
97_O-434	8.0	8.0	2.90109667951773	0.8574253230704046	1.0
980_O-434	8.0	8.0	2.903051237653276	0.8576131687242798	1.0
981_O-434	8.0	8.0	2.8597767692553773	0.849002849002849	1.0
982_O-434	9.0	9.0	2.9761000288265165	0.8655217310434621	0.9921259842519685
983_O-434	8.0	8.0	2.91295260202837	0.85882111877604	1.0
984_O-434	9.0	9.0	2.9447420590673157	0.8619146005509641	0.9924242424242424
985_O-434	8.0	8.0	2.9224235904175586	0.8611007512387447	1.0
986_O-434	9.0	9.0	2.9664262282807123	0.8646171879162449	0.9927007299270073
987_O-434	8.0	8.0	2.841422000551158	0.84928	1.0
988_O-434	9.0	9.0	2.8868388860549508	0.8466708674648183	0.9927536231884058
989_O-434	8.0	8.0	2.945032849259376	0.8655028764134101	1.0
98_O-434	8.0	8.0	2.875687069920853	0.8494031221303948	1.0
990_O-434	8.0	8.0	2.914937331780697	0.860202260559191	1.0
991_O-434	8.0	8.0	2.933718618780931	0.8640236686390532	1.0
992_O-434	9.0	9.0	2.9906538569705017	0.8681481481481481	0.9925925925925926
993_O-434	8.0	8.0	2.9234041210831556	0.8619544315599323	1.0
994_O-434	8.0	8.0	2.978461104294721	0.8712711636656812	1.0
995_O-434	8.0	8.0	2.935367494793214	0.8635535900104059	1.0
996_O-434	8.0	8.0	2.898966178755313	0.8573841246012386	1.0
997_O-434	9.0	9.0	2.9750239656291306	0.8651285583103765	0.9924242424242424
998_O-434	8.0	8.0	2.917821464750259	0.8620671807877439	1.0
999_O-434	8.0	8.0	2.914814835611361	0.8590829878012138	1.0
99_O-434	9.0	9.0	2.932281221579903	0.8570678428901491	0.9927536231884058
9_O-434	8.0	8.0	2.9583104805563596	0.8677604678846851	1.0
