	chao1	observed_otus	shannon	simpson	goods_coverage
1000_O-152	68.0	68.0	5.46676225837741	0.9648891097731255	1.0
100_O-152	69.0	69.0	5.460284396448948	0.9648391751841437	1.0
101_O-152	69.0	69.0	5.479438797817895	0.9654653591579861	0.9999131944444445
102_O-152	69.0	69.0	5.449320689818966	0.9635889427112055	0.999914944288509
103_O-152	68.0	68.0	5.457945483638948	0.9642610884588829	1.0
104_O-152	69.0	69.0	5.457869505252841	0.9647078559393273	0.9999140154772141
105_O-152	70.0	70.0	5.46715280665317	0.9650059373494462	0.9999153689911984
106_O-152	71.0	70.0	5.450394412666489	0.9638364274475791	0.9998260264439806
107_O-152	69.0	69.0	5.470125482119059	0.9652963083034769	0.9999140228699166
108_O-152	69.0	69.0	5.46705663923432	0.9644416404480689	1.0
109_O-152	69.0	69.0	5.46749641112337	0.9643260475367319	0.9999139340735003
10_O-152	68.0	68.0	5.45376544107811	0.9644265409360583	1.0
110_O-152	70.0	70.0	5.463497037241183	0.9644164015553823	0.9999142219934809
111_O-152	69.0	69.0	5.45007651476579	0.9638807805868422	0.9999163809683084
112_O-152	68.0	68.0	5.45520741804579	0.9640297127959129	1.0
113_O-152	69.0	69.0	5.46224445764079	0.963943349689134	0.9999146830475215
114_O-152	68.0	68.0	5.45989321509575	0.9647538634252855	1.0
115_O-152	69.0	69.0	5.447253077059871	0.9636876961752517	1.0
116_O-152	68.0	68.0	5.469224409813938	0.9647992006248635	1.0
117_O-152	68.0	68.0	5.44668156835866	0.963721769624498	1.0
118_O-152	68.0	68.0	5.47465173949026	0.9652461623751926	1.0
119_O-152	68.0	68.0	5.473554051275289	0.9652176953034671	1.0
11_O-152	70.0	70.0	5.441036446272336	0.9637571296985156	0.999914089347079
120_O-152	68.0	68.0	5.444418064100185	0.9644204379320415	1.0
121_O-152	70.0	70.0	5.475261756894464	0.9653408559772797	0.9999131567520625
122_O-152	68.0	68.0	5.464449920525243	0.9655403111312895	1.0
123_O-152	71.0	70.0	5.4649034571424835	0.9644995169834295	0.9998283998283999
124_O-152	68.0	68.0	5.465319178877743	0.9647505971505685	1.0
125_O-152	68.0	68.0	5.50224702671105	0.9660181522222578	1.0
126_O-152	68.0	68.0	5.459081169462409	0.9643921001690677	1.0
127_O-152	69.0	69.0	5.437055911535139	0.9640330753574096	0.9999131039277025
128_O-152	68.0	68.0	5.4760837380354195	0.9655729750834721	1.0
129_O-152	68.0	68.0	5.473120793902584	0.9651812000569501	1.0
12_O-152	69.0	69.0	5.4604154516811905	0.9646004997916527	0.9999141336081058
130_O-152	68.0	68.0	5.47421185732207	0.9649071580513039	1.0
131_O-152	68.0	68.0	5.450393292628081	0.963796772344043	1.0
132_O-152	68.0	68.0	5.449997448057861	0.9641652420018887	1.0
133_O-152	70.0	70.0	5.482540014109995	0.9651756042141324	0.9999156545209177
134_O-152	71.0	70.0	5.4710605220844535	0.9652507934860979	0.9998270045843786
135_O-152	69.0	69.0	5.471107739423605	0.9657477263924265	0.999913614374568
136_O-152	69.0	69.0	5.473991658828134	0.9648486119209861	0.9999135396852844
137_O-152	71.0	70.0	5.463541723638983	0.964462773450739	0.9998265695456122
138_O-152	69.0	69.0	5.462953819314278	0.9651884612718702	0.9999155761924863
139_O-152	69.0	69.0	5.469758962195547	0.9651225800246882	0.9999147266990706
13_O-152	69.0	69.0	5.460701169824023	0.9645281270640719	1.0
140_O-152	68.0	68.0	5.47378487608656	0.9652198913875835	1.0
141_O-152	68.0	68.0	5.473987218383344	0.9653769040772248	1.0
142_O-152	69.0	69.0	5.480295994759898	0.9654967453406487	0.9999140450403988
143_O-152	70.0	70.0	5.4609355252104015	0.9647622258832029	0.9999167707032875
144_O-152	68.0	68.0	5.454603623120465	0.963822251300396	1.0
145_O-152	69.0	69.0	5.490952974328571	0.9661997852307562	0.9999143175391997
146_O-152	68.0	68.0	5.445122680428746	0.9644055000852484	1.0
147_O-152	70.0	70.0	5.46533270320327	0.9648728925175244	0.9999139858936865
148_O-152	68.0	68.0	5.416295335126163	0.9628046909753485	1.0
149_O-152	68.0	68.0	5.47697645477873	0.9651214196938344	1.0
14_O-152	68.0	68.0	5.463977482287604	0.9650313230917129	1.0
150_O-152	69.0	69.0	5.449470674871199	0.9638402183691346	0.999914806611007
151_O-152	68.0	68.0	5.471408596930507	0.9651588431679013	1.0
152_O-152	69.0	69.0	5.475151698046573	0.9655668497545602	0.9999158249158249
153_O-152	69.0	69.0	5.466468302656975	0.9650813018404389	0.9999120028159099
154_O-152	68.0	68.0	5.467209077952076	0.9644916177333763	1.0
155_O-152	68.0	68.0	5.421135681858316	0.962889924842164	1.0
156_O-152	71.0	70.0	5.445730867425614	0.963786396821643	0.9998302351243528
157_O-152	69.0	69.0	5.451395219422399	0.9636510950666674	1.0
158_O-152	68.0	68.0	5.4649047426416235	0.9648545602348694	1.0
159_O-152	71.0	70.0	5.4829749837936035	0.9652470290690769	0.9998277643816741
15_O-152	68.0	68.0	5.465147613433765	0.9645184284073707	1.0
160_O-152	69.0	69.0	5.451393197459454	0.9644291993490693	0.9999138599362564
161_O-152	68.0	68.0	5.47189384313334	0.9650448825725716	1.0
162_O-152	68.0	68.0	5.449407418904477	0.9643204321754905	1.0
163_O-152	68.0	68.0	5.483849336329595	0.9652978107741128	1.0
164_O-152	68.0	68.0	5.456380252078939	0.9643201248299152	1.0
165_O-152	68.0	68.0	5.455074248532056	0.9643842192317085	1.0
166_O-152	68.0	68.0	5.463961817093401	0.9647416559957326	1.0
167_O-152	68.0	68.0	5.448731575308677	0.964088428676431	1.0
168_O-152	68.0	68.0	5.467645579090474	0.9648608495462414	1.0
169_O-152	68.0	68.0	5.482248797887835	0.9654888354255784	1.0
16_O-152	68.0	68.0	5.462797931851675	0.9646251001544159	1.0
170_O-152	69.0	69.0	5.4571242965069295	0.9643963668058742	0.9999141188594984
171_O-152	68.0	68.0	5.461427139722147	0.9649724707310255	1.0
172_O-152	71.0	70.0	5.463583355729487	0.9645772497443555	0.9998285910181693
173_O-152	68.0	68.0	5.4672410416822945	0.9648398976728539	1.0
174_O-152	69.0	69.0	5.48917924224735	0.9663800043668671	1.0
175_O-152	68.0	68.0	5.455612663217229	0.9645208993071741	1.0
176_O-152	68.0	68.0	5.448720653230111	0.964338131008068	1.0
177_O-152	71.0	70.0	5.465075214711603	0.9647999952728413	0.9998295987049501
178_O-152	69.0	69.0	5.473862235221135	0.9651777648103584	1.0
179_O-152	68.0	68.0	5.44121537513303	0.9637318341440465	1.0
17_O-152	68.0	68.0	5.430627883743653	0.9630789805508019	1.0
180_O-152	68.0	68.0	5.507888472091336	0.9666038431747843	1.0
181_O-152	68.0	68.0	5.442161041205513	0.9636966502835539	1.0
182_O-152	69.0	69.0	5.479550519084782	0.9653843464529259	0.999913028352757
183_O-152	68.0	68.0	5.461970168586949	0.9644137477462362	1.0
184_O-152	68.0	68.0	5.44843137121588	0.9642174375364702	1.0
185_O-152	69.0	69.0	5.43935588578494	0.9640057022128415	0.999913741050634
186_O-152	69.0	69.0	5.474205142249752	0.9653122928781563	0.9999158957106813
187_O-152	69.0	69.0	5.477136607510175	0.9652634456096214	0.9999138970208369
188_O-152	68.0	68.0	5.472983659624355	0.9651770225191996	1.0
189_O-152	69.0	69.0	5.474047882707294	0.9655553786729898	0.9999141188594984
18_O-152	68.0	68.0	5.457931853181807	0.9645846280368305	1.0
190_O-152	70.0	70.0	5.46969467562683	0.965042393803057	0.9999127094972067
191_O-152	69.0	69.0	5.47916143771302	0.9652993503990223	1.0
192_O-152	68.0	68.0	5.463785657464072	0.9650085963456932	1.0
193_O-152	68.0	68.0	5.4438453570102325	0.9640947482806194	1.0
194_O-152	68.0	68.0	5.461363340526364	0.9652278916327246	1.0
195_O-152	68.0	68.0	5.446102206415901	0.9635472547810335	1.0
196_O-152	68.0	68.0	5.461834471019201	0.9650185860234336	1.0
197_O-152	68.0	68.0	5.432136081939241	0.9633087939601086	1.0
198_O-152	68.0	68.0	5.432742777152302	0.9638504387502677	1.0
199_O-152	68.0	68.0	5.4610585525593	0.9649313169192868	1.0
19_O-152	69.0	69.0	5.4550460315574165	0.9644323179626091	0.9999154190983676
1_O-152	68.0	68.0	5.464666393472319	0.9651074046456762	1.0
200_O-152	69.0	69.0	5.475488773402028	0.9650856224838238	1.0
201_O-152	68.0	68.0	5.438802960346496	0.9635715213566207	1.0
202_O-152	68.0	68.0	5.453995428982912	0.9644329244221006	1.0
203_O-152	68.0	68.0	5.465340672872219	0.9650460971680567	1.0
204_O-152	68.0	68.0	5.457067913553772	0.9647721065063604	1.0
205_O-152	69.0	69.0	5.437796211675596	0.9632857622321305	0.9999130812690135
206_O-152	68.0	68.0	5.464795928567502	0.9653032380771129	1.0
207_O-152	69.0	69.0	5.454651756588914	0.9644870146598142	0.9999143982194829
208_O-152	68.0	68.0	5.437238205422777	0.9638268547700646	1.0
209_O-152	68.0	68.0	5.468031042124751	0.9649952347305182	1.0
20_O-152	69.0	69.0	5.4683857619122085	0.964998176007221	0.999914302853715
210_O-152	68.0	68.0	5.476397961297704	0.9651455720613544	1.0
211_O-152	69.0	69.0	5.49110413477293	0.9658915648747644	1.0
212_O-152	68.0	68.0	5.45478630975634	0.9646401874492597	1.0
213_O-152	68.0	68.0	5.472354062568625	0.9653403223002026	1.0
214_O-152	69.0	69.0	5.4657095768411965	0.9648058366197574	0.9999129450683382
215_O-152	69.0	69.0	5.465901242123154	0.964375	0.9999161073825503
216_O-152	68.0	68.0	5.45850795422349	0.9645314375665582	1.0
217_O-152	68.0	68.0	5.453234043217404	0.9641929369705573	1.0
218_O-152	68.0	68.0	5.452330031073341	0.9643545373415735	1.0
219_O-152	68.0	68.0	5.46415534914476	0.9646247899863055	1.0
21_O-152	71.0	70.0	5.4632228814680275	0.9646379256413784	0.9998270793705689
220_O-152	68.0	68.0	5.4729821731994654	0.9645723447593305	1.0
221_O-152	69.0	69.0	5.443922874767008	0.963597068959313	0.9999132622083442
222_O-152	69.0	69.0	5.480215178585116	0.9652320052207706	1.0
223_O-152	68.0	68.0	5.454998953504324	0.9641031420664992	1.0
224_O-152	68.0	68.0	5.446243369364122	0.964065856555492	1.0
225_O-152	69.0	69.0	5.4576585658169305	0.9643062371678897	0.9999147412396624
226_O-152	68.0	68.0	5.445800186677621	0.9637832574254711	1.0
227_O-152	69.0	69.0	5.469780840398009	0.9651882304199993	1.0
228_O-152	69.0	69.0	5.498316825835667	0.9661632400279336	0.9999160016799664
229_O-152	69.0	69.0	5.4821420705071775	0.9655839156790602	0.9999139488856381
22_O-152	68.0	68.0	5.426751691967961	0.9635246710356986	1.0
230_O-152	69.0	69.0	5.46169371224356	0.9645015841406424	0.9999148283791841
231_O-152	68.0	68.0	5.466478939337833	0.9647985196140639	1.0
232_O-152	68.0	68.0	5.432710166168907	0.9639606027506031	1.0
233_O-152	69.0	69.0	5.470243739152814	0.9650901772221001	0.999914515301761
234_O-152	70.0	70.0	5.442130469834468	0.9639261981047382	0.9999159027836179
235_O-152	69.0	69.0	5.449595440221082	0.9644566225042962	0.9999136963838785
236_O-152	68.0	68.0	5.4820854753860315	0.9652885359145786	1.0
237_O-152	68.0	68.0	5.4375418535067	0.9635344668853048	1.0
238_O-152	69.0	69.0	5.436240387468034	0.963906505273059	0.9999136292969425
239_O-152	69.0	69.0	5.425983329199246	0.963372046932039	1.0
23_O-152	70.0	70.0	5.447241309986995	0.9641050789626343	0.9999162689441514
240_O-152	69.0	69.0	5.450363455843775	0.9639691707598697	1.0
241_O-152	68.0	68.0	5.506588667525029	0.9667486651035753	1.0
242_O-152	69.0	69.0	5.462128005543843	0.965080726433533	1.0
243_O-152	69.0	69.0	5.441509374690035	0.9637153509819788	1.0
244_O-152	69.0	69.0	5.4857989404232566	0.9652925888701411	1.0
245_O-152	68.0	68.0	5.470613241985483	0.9647991646915586	1.0
246_O-152	69.0	69.0	5.4766934003056065	0.9651816198933886	0.9999140967270853
247_O-152	68.0	68.0	5.451191963323184	0.9643224456006475	1.0
248_O-152	69.0	69.0	5.472312840968796	0.9650174662166973	0.9999128540305011
249_O-152	69.0	69.0	5.449381230972051	0.9643559628849219	0.9999151103565365
24_O-152	70.0	70.0	5.458650710381261	0.9644309886126775	0.9999152255001695
250_O-152	71.0	71.0	5.476712437181545	0.9649647936021308	0.9999151175621764
251_O-152	68.0	68.0	5.471621306353351	0.9650909450526896	1.0
252_O-152	68.0	68.0	5.4656103565534355	0.9651267559993275	1.0
253_O-152	68.0	68.0	5.479518727921368	0.9654913198573127	1.0
254_O-152	68.0	68.0	5.460668836798039	0.9646260540137652	1.0
255_O-152	68.0	68.0	5.454711706828786	0.9644620277401982	1.0
256_O-152	68.0	68.0	5.435664411595848	0.9637377270531113	1.0
257_O-152	68.0	68.0	5.475077142222886	0.9651661506390158	1.0
258_O-152	68.0	68.0	5.433705674588265	0.9625651083459538	1.0
259_O-152	68.0	68.0	5.459202733717827	0.9638163352075524	1.0
25_O-152	68.0	68.0	5.456532664605973	0.9649060319552923	1.0
260_O-152	68.0	68.0	5.471908208378383	0.9649900810729334	1.0
261_O-152	68.0	68.0	5.454435114583495	0.9639665577041584	1.0
262_O-152	68.0	68.0	5.465264617784346	0.9646986867798047	1.0
263_O-152	69.0	69.0	5.475415041145295	0.9647185282670371	1.0
264_O-152	68.0	68.0	5.445038089127667	0.963922257933166	1.0
265_O-152	68.0	68.0	5.451178492875655	0.9638968015851268	1.0
266_O-152	69.0	69.0	5.454490324118154	0.9644841597284437	0.9999137336093857
267_O-152	70.0	70.0	5.455979321613359	0.9644155960794902	0.9999128464354192
268_O-152	69.0	69.0	5.435494414869883	0.9634582318623199	0.9999140524280189
269_O-152	69.0	69.0	5.448911748967491	0.9640956414111413	0.999914842885123
26_O-152	69.0	69.0	5.474706389661083	0.9649197468261002	0.9999138896064755
270_O-152	68.0	68.0	5.4742218884373415	0.9651908722420892	1.0
271_O-152	68.0	68.0	5.429143204101106	0.9635856467141362	1.0
272_O-152	68.0	68.0	5.461765132869105	0.9644611012777673	1.0
273_O-152	68.0	68.0	5.431303100268376	0.9631834053509976	1.0
274_O-152	69.0	69.0	5.454026389626114	0.9639253418422751	0.9999147920927062
275_O-152	68.0	68.0	5.4484997748887505	0.9637772401552844	1.0
276_O-152	68.0	68.0	5.4616953773372385	0.9648967321671066	1.0
277_O-152	68.0	68.0	5.443921379132808	0.9638438127926033	1.0
278_O-152	69.0	69.0	5.469269690924939	0.9649814850644194	0.9999135695764909
279_O-152	68.0	68.0	5.476350697731596	0.9654523101825766	1.0
27_O-152	68.0	68.0	5.442397810847349	0.9644174509895281	1.0
280_O-152	69.0	69.0	5.437760047601582	0.9633906252438282	1.0
281_O-152	69.0	69.0	5.460516055251499	0.9639954952875253	0.99991414098051
282_O-152	69.0	69.0	5.483199230510062	0.9653179792044071	0.9999147993524751
283_O-152	68.0	68.0	5.465151683828907	0.9646536525014394	1.0
284_O-152	68.0	68.0	5.487953995349603	0.965997046342853	1.0
285_O-152	68.0	68.0	5.458788665859287	0.9643814833077449	1.0
286_O-152	68.0	68.0	5.465032183165882	0.9646850713833834	1.0
287_O-152	68.0	68.0	5.460916509206505	0.9648463711869549	1.0
288_O-152	69.0	69.0	5.4630370419086285	0.9645813670125377	1.0
289_O-152	68.0	68.0	5.458418482086461	0.9646050679993899	1.0
28_O-152	68.0	68.0	5.436887139480213	0.9638304714183002	1.0
290_O-152	69.0	69.0	5.488928946953142	0.966065658665699	0.9999150093489716
291_O-152	68.0	68.0	5.472651266546038	0.9654865555874749	1.0
292_O-152	68.0	68.0	5.470188761844009	0.9647531227177775	1.0
293_O-152	69.0	69.0	5.446296233123328	0.9640336081247	1.0
294_O-152	68.0	68.0	5.469447035002	0.9648920496694654	1.0
295_O-152	68.0	68.0	5.455459918559887	0.9644567660594054	1.0
296_O-152	69.0	69.0	5.468752731017698	0.9650954825641177	0.999914515301761
297_O-152	68.0	68.0	5.4407615791453665	0.9637837446270372	1.0
298_O-152	69.0	69.0	5.428092176087103	0.9633606866288162	1.0
299_O-152	68.0	68.0	5.4870626471296875	0.965745068515098	1.0
29_O-152	68.0	68.0	5.471400528396512	0.9649512099315586	1.0
2_O-152	68.0	68.0	5.460504245495521	0.9648609802971374	1.0
300_O-152	68.0	68.0	5.445412396789096	0.9641172782523428	1.0
301_O-152	71.0	70.0	5.455973841800535	0.96466408655733	0.9998282967032966
302_O-152	71.0	70.0	5.472446299726151	0.9650156841743136	0.9998287377975681
303_O-152	69.0	69.0	5.449907434340769	0.9644110097337109	1.0
304_O-152	70.0	70.0	5.4843389117482255	0.9653589999931085	1.0
305_O-152	68.0	68.0	5.487228950488722	0.9656403493854382	1.0
306_O-152	69.0	69.0	5.446824895956084	0.9639952819134466	1.0
307_O-152	68.0	68.0	5.443808214689499	0.9641438414797149	1.0
308_O-152	68.0	68.0	5.45016019003174	0.9638927351212276	1.0
309_O-152	68.0	68.0	5.4608915925718025	0.9641949890662525	1.0
30_O-152	68.0	68.0	5.480567723443225	0.9655983722794254	1.0
310_O-152	68.0	68.0	5.4440755540077275	0.9637587057576751	1.0
311_O-152	69.0	69.0	5.45450089899676	0.9641954122162281	1.0
312_O-152	68.0	68.0	5.4946733808993855	0.9659014024778948	1.0
313_O-152	68.0	68.0	5.454205301705924	0.9637014078353109	1.0
314_O-152	69.0	69.0	5.484924843544874	0.9657081337053955	0.9999144494824194
315_O-152	68.0	68.0	5.468283435183993	0.9649180384633165	1.0
316_O-152	71.0	70.0	5.45514988916036	0.9645971091924507	0.9998313090418354
317_O-152	69.0	69.0	5.4495666271746135	0.9642782785133204	1.0
318_O-152	69.0	69.0	5.476853078868123	0.965293512106079	0.9999143982194829
319_O-152	68.0	68.0	5.433274178290688	0.9631928081494784	1.0
31_O-152	69.0	69.0	5.4189448419026345	0.9625312870406004	0.9999142587670411
320_O-152	68.0	68.0	5.482779064517992	0.9658228637173697	1.0
321_O-152	69.0	69.0	5.46035743072598	0.9645803716174086	0.9999158249158249
322_O-152	69.0	69.0	5.444830487684815	0.9641858391154481	0.9999147339699863
323_O-152	68.0	68.0	5.48377974131695	0.9656925258589955	1.0
324_O-152	68.0	68.0	5.45175198187392	0.9644373752914451	1.0
325_O-152	68.0	68.0	5.4795944508038845	0.9654020441652535	1.0
326_O-152	68.0	68.0	5.457453609193357	0.9647153727445894	1.0
327_O-152	69.0	69.0	5.456662461642804	0.9642659993304914	0.9999139414802065
328_O-152	68.0	68.0	5.464625459866007	0.9652795601852592	1.0
329_O-152	69.0	69.0	5.455696261327325	0.9642357881989716	0.999913028352757
32_O-152	69.0	69.0	5.472334197685923	0.9651038519687608	0.9999142293507162
330_O-152	68.0	68.0	5.439702569198152	0.9637792979666626	1.0
331_O-152	68.0	68.0	5.457145198208794	0.9646532855141101	1.0
332_O-152	68.0	68.0	5.43347662896191	0.9633261651489116	1.0
333_O-152	69.0	69.0	5.4556625507877445	0.9645113727925281	1.0
334_O-152	69.0	69.0	5.442664819930516	0.963096986553047	1.0
335_O-152	68.0	68.0	5.444186897281959	0.9641660656708567	1.0
336_O-152	68.0	68.0	5.489170391104851	0.9657464804808232	1.0
337_O-152	68.0	68.0	5.455001277806699	0.9640133966243853	1.0
338_O-152	68.0	68.0	5.493773355195599	0.9660358068495031	1.0
339_O-152	68.0	68.0	5.50019408674228	0.9664762734354493	1.0
33_O-152	69.0	69.0	5.45989060278026	0.964681121696374	0.9999121419785626
340_O-152	68.0	68.0	5.4357643728869185	0.963438291863068	1.0
341_O-152	68.0	68.0	5.449921860414475	0.9643108611143498	1.0
342_O-152	68.0	68.0	5.450699102730236	0.9642777051115887	1.0
343_O-152	68.0	68.0	5.456779761900591	0.96464757653302	1.0
344_O-152	69.0	69.0	5.45720443379337	0.9641443443461019	1.0
345_O-152	69.0	69.0	5.444909835509793	0.9645160307974615	0.99991414098051
346_O-152	68.0	68.0	5.470513456138048	0.9651270784104674	1.0
347_O-152	69.0	69.0	5.452081329476424	0.9645856431604173	1.0
348_O-152	68.0	68.0	5.475791205251121	0.9653718183648998	1.0
349_O-152	68.0	68.0	5.4455494339566455	0.9639493135621082	1.0
34_O-152	73.5	72.0	5.477485692630009	0.9652500785449841	0.9997457411645054
350_O-152	68.0	68.0	5.470882437825915	0.9653666294168649	1.0
351_O-152	68.0	68.0	5.46287510638481	0.9644588668167758	1.0
352_O-152	68.0	68.0	5.456403025153256	0.964737962048305	1.0
353_O-152	68.0	68.0	5.473560759174921	0.9650990296995969	1.0
354_O-152	68.0	68.0	5.460218070531949	0.9640958629816146	1.0
355_O-152	68.0	68.0	5.495925928444834	0.965832511278969	1.0
356_O-152	69.0	69.0	5.453092839809035	0.9643174601960016	0.9999121728438433
357_O-152	69.0	69.0	5.504795117790318	0.9662687303658302	0.9999140819658047
358_O-152	68.0	68.0	5.464826754667977	0.9647204573262707	1.0
359_O-152	68.0	68.0	5.442283089423074	0.9634917139271051	1.0
35_O-152	68.0	68.0	5.468985978188333	0.9652452864155088	1.0
360_O-152	68.0	68.0	5.486327710226901	0.9657969978642609	1.0
361_O-152	68.0	68.0	5.444385335752779	0.9640724189142856	1.0
362_O-152	69.0	69.0	5.4841891915423835	0.9656223998336079	0.9999155619353205
363_O-152	69.0	69.0	5.446695535125339	0.9641646877811789	0.9999130661566548
364_O-152	68.0	68.0	5.448377298813223	0.963852082234801	1.0
365_O-152	68.0	68.0	5.457452774818251	0.9644592057250151	1.0
366_O-152	71.0	70.0	5.475740525684543	0.9654856617210182	0.999828840393667
367_O-152	68.0	68.0	5.460067868878345	0.9644858140293989	1.0
368_O-152	68.0	68.0	5.472448168252358	0.9650119434871427	1.0
369_O-152	69.0	69.0	5.4814500190652655	0.9653717548357494	0.9999155904448384
36_O-152	68.0	68.0	5.474469949416553	0.9653171941751898	1.0
370_O-152	68.0	68.0	5.473375718691959	0.9653957649040397	1.0
371_O-152	69.0	69.0	5.438485666337473	0.9638739641184757	0.9999133448873484
372_O-152	68.0	68.0	5.457616724754481	0.9641333631750625	1.0
373_O-152	68.0	68.0	5.502469185991713	0.9665357534303685	1.0
374_O-152	69.0	69.0	5.489668744212586	0.9657283099554493	0.9999149876732126
375_O-152	68.0	68.0	5.45541677726527	0.9647169893430928	1.0
376_O-152	68.0	68.0	5.458536880082936	0.9647897835895641	1.0
377_O-152	68.0	68.0	5.4468830787186535	0.9637101403143482	1.0
378_O-152	68.0	68.0	5.432760404657988	0.9639127278913662	1.0
379_O-152	68.0	68.0	5.430981733911046	0.9633702922717021	1.0
37_O-152	69.0	69.0	5.452915354636403	0.9641845383041999	0.9999163459929731
380_O-152	71.0	70.0	5.468105193971481	0.96506917239382	0.9998328597693464
381_O-152	68.0	68.0	5.435132170304894	0.9635436291637549	1.0
382_O-152	70.0	70.0	5.446759093580164	0.9643583316617608	0.999913606911447
383_O-152	68.0	68.0	5.4484771920849075	0.964100987409852	1.0
384_O-152	68.0	68.0	5.477998036348859	0.9652616097768187	1.0
385_O-152	69.0	69.0	5.463672292424772	0.9652768392982236	0.9999127171161735
386_O-152	68.0	68.0	5.464327684812477	0.9647664648694149	1.0
387_O-152	68.0	68.0	5.467089222333255	0.9651849378104644	1.0
388_O-152	71.0	70.0	5.481844751924726	0.9653778654394038	0.9998290598290598
389_O-152	68.0	68.0	5.465409950713714	0.9648397512902791	1.0
38_O-152	68.0	68.0	5.444549031364479	0.9639036906524634	1.0
390_O-152	68.0	68.0	5.445793415023618	0.9633356647328493	1.0
391_O-152	70.0	70.0	5.463842960003301	0.964744435243008	0.9999147703059746
392_O-152	69.0	69.0	5.472512436226799	0.9647454378526351	0.9999130812690135
393_O-152	69.0	69.0	5.476194303394273	0.9650690921426235	0.9999160439929476
394_O-152	69.0	69.0	5.4285971781041225	0.9630687255778174	0.9999138896064755
395_O-152	69.0	69.0	5.4122401440707515	0.96275655674218	0.9999150887322747
396_O-152	68.0	68.0	5.449983425997548	0.964020719177168	1.0
397_O-152	69.0	69.0	5.469017260123659	0.9642480074111707	0.9999141778235496
398_O-152	68.0	68.0	5.477745576542107	0.9656030735913449	1.0
399_O-152	69.0	69.0	5.465415344930402	0.9649898202274473	0.9999142146349833
39_O-152	69.0	69.0	5.46794682896716	0.964892346373168	0.9999136218363998
3_O-152	69.0	69.0	5.462688739881358	0.9646531092214856	1.0
400_O-152	68.0	68.0	5.457874456439535	0.9645429290590192	1.0
401_O-152	68.0	68.0	5.483703976041423	0.9657209737219375	1.0
402_O-152	68.0	68.0	5.454211902983143	0.964366682723833	1.0
403_O-152	68.0	68.0	5.434306053355215	0.9636102070987115	1.0
404_O-152	68.0	68.0	5.456653308831867	0.9645459436651457	1.0
405_O-152	69.0	69.0	5.484172015488329	0.964895079134303	0.9999142955090847
406_O-152	68.0	68.0	5.464798304245742	0.9650217491780232	0.9999131793714187
407_O-152	68.0	68.0	5.4593514575568385	0.9644978600305525	1.0
408_O-152	69.0	69.0	5.477512153110683	0.9649694110613549	0.9999148211243611
409_O-152	68.0	68.0	5.453590670135869	0.9644430875024825	1.0
40_O-152	68.0	68.0	5.45393115614797	0.9643944243591032	1.0
410_O-152	68.0	68.0	5.455703399683779	0.9648349507168412	1.0
411_O-152	68.0	68.0	5.457206861350029	0.9642893598388772	1.0
412_O-152	68.0	68.0	5.46828173350211	0.964536954593758	1.0
413_O-152	69.0	69.0	5.4404985870580465	0.9636463040187278	0.9999136292969425
414_O-152	69.0	69.0	5.4679393057970165	0.964385445631101	1.0
415_O-152	69.0	69.0	5.454936250815729	0.9641702937605663	0.999914806611007
416_O-152	69.0	69.0	5.469308665066621	0.9647490323776745	0.99991503101368
417_O-152	68.0	68.0	5.469899749705788	0.9650454685686249	1.0
418_O-152	68.0	68.0	5.504339031693151	0.9663727311637631	1.0
419_O-152	69.0	69.0	5.438342930979366	0.9631703284428721	0.9999136963838785
41_O-152	69.0	69.0	5.462079538375371	0.9643083659325561	0.9999132546842471
420_O-152	68.0	68.0	5.442069603190765	0.9635491474158863	1.0
421_O-152	69.0	69.0	5.458638981147707	0.9640778099790482	1.0
422_O-152	68.0	68.0	5.4848381907027575	0.9651656808341429	1.0
423_O-152	69.0	69.0	5.454803949229275	0.9643483244259012	0.9999145956102143
424_O-152	69.0	69.0	5.469552974278323	0.9651067937840287	0.999913374913375
425_O-152	68.0	68.0	5.494831179656577	0.966291827451493	1.0
426_O-152	68.0	68.0	5.474850131677398	0.9654036873153312	1.0
427_O-152	69.0	69.0	5.4636262246797695	0.9644273311003297	0.9999149225795474
428_O-152	68.0	68.0	5.489890389341811	0.9655686955324667	1.0
429_O-152	70.0	70.0	5.465004604855544	0.9649318809626104	0.9999153116531165
42_O-152	69.0	69.0	5.439530736668598	0.96379507900322	0.9999150454506839
430_O-152	68.0	68.0	5.465104659676678	0.9646939403929718	1.0
431_O-152	68.0	68.0	5.46412071606343	0.9647315610343321	1.0
432_O-152	69.0	69.0	5.416462771829948	0.9626029605189484	1.0
433_O-152	68.0	68.0	5.460441467950241	0.9646283016619546	1.0
434_O-152	69.0	69.0	5.464116275515859	0.9645565303239914	0.9999130963761189
435_O-152	70.0	70.0	5.471879473668008	0.9647398632320047	1.0
436_O-152	69.0	69.0	5.451267627434704	0.9640298847777111	0.9999141114832947
437_O-152	69.0	69.0	5.443931715232272	0.9636741880441	0.9999154119438335
438_O-152	68.0	68.0	5.4513406657153425	0.9642777353264045	1.0
439_O-152	69.0	69.0	5.437502784316679	0.964061418546607	0.9999140598143692
43_O-152	68.0	68.0	5.456511280114434	0.9643590630923842	1.0
440_O-152	68.0	68.0	5.445653732834085	0.9638554211185067	1.0
441_O-152	69.0	69.0	5.460352775813268	0.964761119154049	0.9999148138683023
442_O-152	68.0	68.0	5.4643990710878585	0.9644679318650684	1.0
443_O-152	68.0	68.0	5.441311325012834	0.9634669468130624	1.0
444_O-152	69.0	69.0	5.46490277250217	0.9650567044119882	1.0
445_O-152	69.0	69.0	5.452085064956632	0.964422513418145	0.9999136889349215
446_O-152	69.0	69.0	5.457491865048784	0.9644175260792919	1.0
447_O-152	68.0	68.0	5.481541776928927	0.9655856800301484	1.0
448_O-152	69.0	69.0	5.467639214911428	0.9646656702219394	0.9999152685985426
449_O-152	69.0	69.0	5.469612488407961	0.9653176824874152	1.0
44_O-152	69.0	69.0	5.484301307473685	0.9657465559492566	0.9999126103294591
450_O-152	69.0	69.0	5.480033235431924	0.9654587555670784	0.9999176683681871
451_O-152	68.0	68.0	5.466138596212778	0.9651318434078926	1.0
452_O-152	68.0	68.0	5.436360719641304	0.9636741589774829	1.0
453_O-152	68.0	68.0	5.4860627042893935	0.9660267978934901	1.0
454_O-152	69.0	69.0	5.478735021702505	0.9650899886649773	0.9999144568006844
455_O-152	69.0	69.0	5.4413337912142845	0.9638051291435096	0.9999157965644998
456_O-152	68.0	68.0	5.472164515758225	0.9647465206023421	1.0
457_O-152	70.0	70.0	5.447718089300385	0.9635037072372521	0.9999147557752962
458_O-152	68.0	68.0	5.460879372394931	0.9646529746865969	1.0
459_O-152	69.0	69.0	5.4555449371508	0.9641862270067725	0.9999136889349215
45_O-152	69.0	69.0	5.462039992414444	0.9645629518677389	0.9999143908911908
460_O-152	68.0	68.0	5.458600029266195	0.9643777094969438	1.0
461_O-152	68.0	68.0	5.482336921064236	0.9655627616840771	1.0
462_O-152	68.0	68.0	5.447406313629026	0.9643930750170786	1.0
463_O-152	69.0	69.0	5.443080363861294	0.9636050051538525	0.9999138376701706
464_O-152	68.0	68.0	5.443088078036172	0.9638817094708831	1.0
465_O-152	68.0	68.0	5.469654399405646	0.9645607384858327	1.0
466_O-152	69.0	69.0	5.403207458234132	0.9616122788160969	0.9999129299085764
467_O-152	68.0	68.0	5.440193620577112	0.9638516691641846	1.0
468_O-152	69.0	69.0	5.460579711309644	0.964427589129151	0.9999150743099787
469_O-152	68.0	68.0	5.475460884738403	0.9647722781760455	1.0
46_O-152	68.0	68.0	5.470771012587363	0.9649985139578415	1.0
470_O-152	68.0	68.0	5.466386748135908	0.9648357920411884	1.0
471_O-152	68.0	68.0	5.463680458032942	0.9644607920055391	1.0
472_O-152	68.0	68.0	5.446129908605822	0.9640027898858966	1.0
473_O-152	69.0	69.0	5.467253303215327	0.9650859753032957	0.9999153259949196
474_O-152	68.0	68.0	5.475687705923794	0.9655238262871646	1.0
475_O-152	68.0	68.0	5.451797256213069	0.9643683352303601	1.0
476_O-152	68.0	68.0	5.460304096358478	0.9647573702042652	1.0
477_O-152	68.0	68.0	5.476518034474734	0.9656470778859789	1.0
478_O-152	70.0	70.0	5.456030546849382	0.9649821679042458	0.99991674991675
479_O-152	68.0	68.0	5.464634264317136	0.9647970003377122	1.0
47_O-152	69.0	69.0	5.472137673037324	0.9650611219436124	0.9999119873261749
480_O-152	68.0	68.0	5.454497518833294	0.964556519613192	1.0
481_O-152	68.0	68.0	5.42188469297142	0.9625520568300856	1.0
482_O-152	71.0	70.0	5.462210159846252	0.9644373765761893	0.9998264491496008
483_O-152	68.0	68.0	5.457445425564246	0.9646968239270232	1.0
484_O-152	69.0	69.0	5.474124720341541	0.9648721563722283	0.9999136889349215
485_O-152	69.0	69.0	5.47446752085982	0.9651641118702989	0.9999155334065377
486_O-152	69.0	69.0	5.445630858573137	0.9639005806630004	1.0
487_O-152	68.0	68.0	5.445970936060099	0.9637906033144631	1.0
488_O-152	68.0	68.0	5.45656821923688	0.9638263004096289	1.0
489_O-152	69.0	69.0	5.445066128650489	0.9639390204936721	0.999914030261348
48_O-152	68.0	68.0	5.465181534713315	0.9645897702444483	1.0
490_O-152	68.0	68.0	5.465521791723798	0.9652619990859318	1.0
491_O-152	68.0	68.0	5.485265233163556	0.9655597856947415	1.0
492_O-152	68.0	68.0	5.461989885417638	0.964558538471367	1.0
493_O-152	69.0	69.0	5.470651456778515	0.9653003632880472	1.0
494_O-152	68.0	68.0	5.425882296856446	0.9630242117202268	1.0
495_O-152	68.0	68.0	5.468180560270077	0.9654346286592607	1.0
496_O-152	69.0	69.0	5.453601094155376	0.9644048067603506	0.9999145445223039
497_O-152	68.0	68.0	5.4768540878735035	0.965384476611959	1.0
498_O-152	68.0	68.0	5.460389969511048	0.9648270357696788	1.0
499_O-152	69.0	69.0	5.470937304749115	0.9647344988543116	0.9999146976030027
49_O-152	68.0	68.0	5.460765307424486	0.9645660244083882	1.0
4_O-152	69.0	69.0	5.470707493476714	0.96491258971975	0.9999132396321361
500_O-152	68.0	68.0	5.473276496334675	0.9648218293271851	1.0
501_O-152	69.0	69.0	5.4889891890517815	0.9655508125913244	0.9999140450403988
502_O-152	68.0	68.0	5.464827108445496	0.9653807030645547	1.0
503_O-152	69.0	69.0	5.486205143061426	0.965192477502398	0.999915196743555
504_O-152	68.0	68.0	5.481800684816562	0.9654412957765011	1.0
505_O-152	69.0	69.0	5.4339368777193435	0.9634640878660525	0.9999152255001695
506_O-152	68.0	68.0	5.459869175458875	0.9649100340852709	1.0
507_O-152	68.0	68.0	5.460452362679398	0.964190778838097	1.0
508_O-152	69.0	69.0	5.490015163444827	0.9654111501490873	0.9999149515223678
509_O-152	71.0	70.0	5.455913474580139	0.9641864843264735	0.9998273033416804
50_O-152	68.0	68.0	5.475324959366516	0.9652885718316785	1.0
510_O-152	68.0	68.0	5.462579466477246	0.9647132522797724	1.0
511_O-152	69.0	69.0	5.466936720872965	0.9649876921551719	1.0
512_O-152	71.0	70.0	5.47478803483959	0.9652082885883333	0.9998284734133791
513_O-152	69.0	69.0	5.438538404356642	0.9635631167942295	0.9999144348421323
514_O-152	68.0	68.0	5.476368943661851	0.9649638574671198	1.0
515_O-152	68.0	68.0	5.46010285559369	0.9650280509831599	1.0
516_O-152	68.0	68.0	5.454893798487312	0.9644759485083206	1.0
517_O-152	68.0	68.0	5.439664667013138	0.9638927106261602	1.0
518_O-152	68.0	68.0	5.493034387872635	0.9664614754561092	1.0
519_O-152	69.0	69.0	5.4576319018685595	0.9641945333174333	0.9999151895513527
51_O-152	68.0	68.0	5.4611740085015406	0.9649835522363989	1.0
520_O-152	68.0	68.0	5.49825015412725	0.9659168671391265	1.0
521_O-152	69.0	69.0	5.433936787259742	0.9635025944859025	0.999913307325531
522_O-152	69.0	69.0	5.475318831857061	0.965069086974305	1.0
523_O-152	68.0	68.0	5.476733351979886	0.9651435839577552	1.0
524_O-152	69.0	69.0	5.445182712598355	0.9636611450031908	0.9999151751632878
525_O-152	68.0	68.0	5.459812929864479	0.9647068217158632	1.0
526_O-152	68.0	68.0	5.4442505954160945	0.964119211896801	1.0
527_O-152	68.0	68.0	5.457311790330671	0.9642860071622946	1.0
528_O-152	68.0	68.0	5.443641538944352	0.9641449353203736	1.0
529_O-152	69.0	69.0	5.458551111686687	0.9644300571809277	1.0
52_O-152	69.0	69.0	5.484610446746407	0.9656639375807827	0.9999136218363998
530_O-152	68.0	68.0	5.4276266296385725	0.9633147625800528	1.0
531_O-152	68.0	68.0	5.46343384348266	0.9646464970179732	1.0
532_O-152	68.0	68.0	5.474526458000366	0.9653860159745572	1.0
533_O-152	69.0	69.0	5.461684293670557	0.9650036035980047	0.9999144933732365
534_O-152	68.0	68.0	5.475472374355721	0.9654954463564833	1.0
535_O-152	68.0	68.0	5.449524860159227	0.9644107492576837	1.0
536_O-152	69.0	69.0	5.457930956983474	0.9646848784290706	1.0
537_O-152	69.0	69.0	5.474162831964905	0.9655250229070216	0.9999131944444445
538_O-152	69.0	69.0	5.4666133061753905	0.9648556896524172	0.9999122422114962
539_O-152	70.0	70.0	5.474160340956123	0.9650692115158921	0.9999139340735003
53_O-152	69.0	69.0	5.437608510229299	0.9632850813630329	1.0
540_O-152	68.0	68.0	5.465278437028979	0.964698850340057	1.0
541_O-152	69.0	69.0	5.45133169457728	0.963745495507061	0.9999148356327713
542_O-152	68.0	68.0	5.462125778683728	0.9644219657988402	1.0
543_O-152	69.0	69.0	5.439098617826019	0.964029535690368	0.999916072177927
544_O-152	68.0	68.0	5.453251598430006	0.9640462762826072	1.0
545_O-152	68.0	68.0	5.503582737205913	0.9665578665704551	1.0
546_O-152	69.0	69.0	5.476298868914178	0.9653151980742413	0.9999156331730363
547_O-152	69.0	69.0	5.448657268465481	0.9639988338054887	0.999915095941586
548_O-152	68.0	68.0	5.4277068047357435	0.9636432739116333	1.0
549_O-152	68.0	68.0	5.490645055262667	0.9660641954330738	1.0
54_O-152	68.0	68.0	5.463620168386868	0.9646479458992431	1.0
550_O-152	68.0	68.0	5.447607848424292	0.9644026936288304	1.0
551_O-152	69.0	69.0	5.479764708800044	0.9657738036892161	0.9999145518243185
552_O-152	68.0	68.0	5.46856057557654	0.9642845614678497	1.0
553_O-152	68.0	68.0	5.496636021191412	0.9660482894199732	1.0
554_O-152	68.0	68.0	5.45497759952104	0.9641402437672794	1.0
555_O-152	68.0	68.0	5.447197155625743	0.9639780330861596	1.0
556_O-152	71.0	70.0	5.470158955937668	0.964711052670027	0.9998290598290598
557_O-152	69.0	69.0	5.488264698511585	0.9655474692815996	1.0
558_O-152	69.0	69.0	5.435294364351103	0.9631798764190097	0.9999148501362398
559_O-152	68.0	68.0	5.472424833786556	0.9650627848877485	1.0
55_O-152	70.0	70.0	5.486166781142433	0.9652914954024241	0.999914302853715
560_O-152	69.0	69.0	5.447411962326768	0.9639248940662285	1.0
561_O-152	68.0	68.0	5.488317980960672	0.9654672963572635	1.0
562_O-152	68.0	68.0	5.48231464120613	0.9654652352462443	1.0
563_O-152	69.0	69.0	5.4707743082788705	0.9649278372662243	0.9999144641176974
564_O-152	69.0	69.0	5.483603986254032	0.9655851380625763	1.0
565_O-152	68.0	68.0	5.461508722196027	0.9648828309924002	1.0
566_O-152	68.0	68.0	5.457003736348899	0.9643755393001486	1.0
567_O-152	68.0	68.0	5.462394119854329	0.9648229766865353	1.0
568_O-152	68.0	68.0	5.469842019855544	0.9653369179668057	1.0
569_O-152	68.0	68.0	5.454998562177278	0.9641692864903325	1.0
56_O-152	68.0	68.0	5.495414907063569	0.9659347058671958	1.0
570_O-152	68.0	68.0	5.472123526774002	0.9655047345619314	1.0
571_O-152	69.0	69.0	5.45141736245793	0.9643591833566914	0.9999152757773447
572_O-152	68.0	68.0	5.43554544751531	0.9630130406723966	1.0
573_O-152	70.0	70.0	5.451908354740148	0.9641514297367034	0.9999142514148517
574_O-152	68.0	68.0	5.4674316485754115	0.9649331358733069	1.0
575_O-152	68.0	68.0	5.458297060745654	0.9644439262881345	1.0
576_O-152	68.0	68.0	5.4563891894661865	0.964671457041932	1.0
577_O-152	69.0	69.0	5.455512911732541	0.9642773145010295	0.9999166458281237
578_O-152	68.0	68.0	5.45339682805112	0.9641108695293651	1.0
579_O-152	68.0	68.0	5.476456900566745	0.965192674301672	1.0
57_O-152	68.0	68.0	5.447612571062083	0.963686545265588	1.0
580_O-152	69.0	69.0	5.4722928562464475	0.9648006857609829	0.999913532209252
581_O-152	68.0	68.0	5.45098503806072	0.9639297007442021	1.0
582_O-152	70.0	70.0	5.461025375423086	0.9645484661246397	0.9999118476727785
583_O-152	68.0	68.0	5.4839434478361	0.9655420724388252	1.0
584_O-152	68.0	68.0	5.445850113796557	0.9641370050318514	1.0
585_O-152	68.0	68.0	5.4366914576253045	0.963397086439961	1.0
586_O-152	68.0	68.0	5.435086685826461	0.9635640938918967	1.0
587_O-152	69.0	69.0	5.437316157390459	0.9636486905408965	0.999914690325883
588_O-152	68.0	68.0	5.45986877618092	0.9644801642305108	1.0
589_O-152	69.0	69.0	5.451651081353591	0.9640722228898762	0.999915690076722
58_O-152	68.0	68.0	5.453793544421411	0.9643145702813435	1.0
590_O-152	68.0	68.0	5.4839619334062215	0.9659375025530256	1.0
591_O-152	69.0	69.0	5.465857244477319	0.9644571417750214	0.9999160651334564
592_O-152	68.0	68.0	5.451530877262529	0.9638304188370019	1.0
593_O-152	68.0	68.0	5.445512096132976	0.9642363268566921	1.0
594_O-152	69.0	69.0	5.4996327892569425	0.9659414474003444	0.9999134723544172
595_O-152	69.0	69.0	5.445020347105717	0.9640631010743104	0.9999143835616439
596_O-152	69.0	69.0	5.442643782559832	0.9640788290581082	0.9999132396321361
597_O-152	68.0	68.0	5.465136809423396	0.9649385767558404	1.0
598_O-152	68.0	68.0	5.450203513917288	0.9640204122462309	1.0
599_O-152	68.0	68.0	5.4731395849684334	0.9653416680781807	1.0
59_O-152	68.0	68.0	5.453268179404151	0.9648328996626647	1.0
5_O-152	68.0	68.0	5.480834163101542	0.9651618214039722	1.0
600_O-152	69.0	69.0	5.476691879714669	0.9650146011156633	0.999914639351259
601_O-152	68.0	68.0	5.462648020235501	0.9651447544912105	1.0
602_O-152	68.0	68.0	5.473849376830611	0.9653149897308673	1.0
603_O-152	68.0	68.0	5.463377712427584	0.9647667318447204	1.0
604_O-152	68.0	68.0	5.473150679503657	0.9648658834282012	1.0
605_O-152	68.0	68.0	5.474839507223576	0.9654309199470839	1.0
606_O-152	68.0	68.0	5.463010694122403	0.9646389037891024	1.0
607_O-152	68.0	68.0	5.454875000040007	0.9640256538751072	1.0
608_O-152	68.0	68.0	5.486011951546	0.9656758934127199	1.0
609_O-152	68.0	68.0	5.479117525883508	0.9655312237696018	1.0
60_O-152	68.0	68.0	5.46627478746418	0.9647915679748305	1.0
610_O-152	69.0	69.0	5.475533188989991	0.9652111006538022	0.9999144933732365
611_O-152	69.0	69.0	5.476420595047157	0.965166623593773	0.9999144494824194
612_O-152	68.0	68.0	5.467499514833008	0.9650066764910531	1.0
613_O-152	69.0	69.0	5.485816816233608	0.9654195079007222	1.0
614_O-152	69.0	69.0	5.46245193215189	0.9646770834760308	1.0
615_O-152	68.0	68.0	5.432137372683763	0.9635151735128055	1.0
616_O-152	69.0	69.0	5.46467591710851	0.9645052365313311	1.0
617_O-152	68.0	68.0	5.449898741137702	0.9637476273743547	1.0
618_O-152	68.0	68.0	5.487123154537067	0.9657482616251117	1.0
619_O-152	69.0	69.0	5.461538373232341	0.9647811471336015	0.9999149370534195
61_O-152	70.0	70.0	5.436075960718782	0.9634296278294237	0.9999137484905986
620_O-152	68.0	68.0	5.450966853006098	0.9637092167564763	1.0
621_O-152	69.0	69.0	5.484402579393909	0.9654684796539171	1.0
622_O-152	69.0	69.0	5.451577568918038	0.9637633868031606	0.9999141851883635
623_O-152	69.0	69.0	5.474829082447315	0.9653585380515748	0.9999141704574714
624_O-152	68.0	68.0	5.462567256980236	0.9651217420505278	1.0
625_O-152	68.0	68.0	5.462288287756495	0.9645932125197056	1.0
626_O-152	68.0	68.0	5.4470189499209205	0.9643935762123452	1.0
627_O-152	68.0	68.0	5.466990944113023	0.9649285530150966	1.0
628_O-152	68.0	68.0	5.41050148923993	0.9621968398918153	1.0
629_O-152	71.0	70.0	5.476757369741365	0.9652033265823817	0.99983006202736
62_O-152	69.0	69.0	5.472958495692566	0.965040522506184	0.9999133899185865
630_O-152	69.0	69.0	5.485714555848862	0.9653026792256053	0.9999135471600242
631_O-152	68.0	68.0	5.481122190286614	0.9653459802603047	1.0
632_O-152	68.0	68.0	5.460068792385561	0.9647241781760546	1.0
633_O-152	69.0	69.0	5.439190281618376	0.963472915714227	1.0
634_O-152	68.0	68.0	5.4685832330036535	0.9645666063491477	1.0
635_O-152	68.0	68.0	5.420845829034202	0.9634056210951237	1.0
636_O-152	69.0	69.0	5.435962625125835	0.9631584707917079	0.999914842885123
637_O-152	69.0	69.0	5.475539214747947	0.9650272639088262	0.9999159805074778
638_O-152	68.0	68.0	5.4847751556104924	0.9653257801927799	1.0
639_O-152	69.0	69.0	5.4820073105508635	0.9656635713025457	0.9999143322196522
63_O-152	69.0	69.0	5.454098600170359	0.9642485364545289	0.9999113710892493
640_O-152	68.0	68.0	5.445208500786203	0.9638184973014792	1.0
641_O-152	68.0	68.0	5.464493144294467	0.9649386175172614	1.0
642_O-152	69.0	69.0	5.485182954601822	0.9655123113355825	0.9999136218363998
643_O-152	69.0	69.0	5.477424403330228	0.9653268807954677	0.9999139784946236
644_O-152	68.0	68.0	5.487577984137822	0.9657310003340315	1.0
645_O-152	68.0	68.0	5.475675166796025	0.9655458157742527	1.0
646_O-152	68.0	68.0	5.45895620949082	0.964565958821193	1.0
647_O-152	69.0	69.0	5.4653902467950894	0.9648779513083182	0.9999140524280189
648_O-152	68.0	68.0	5.485667149225913	0.9654104718838448	1.0
649_O-152	69.0	69.0	5.470252541803073	0.9651222140933396	0.9999140598143692
64_O-152	69.0	69.0	5.467354491098482	0.9645545351355377	0.9999132697311361
650_O-152	68.0	68.0	5.471212970948318	0.96489621970353	1.0
651_O-152	70.0	70.0	5.447913751443314	0.9642547085951325	0.999912899573208
652_O-152	68.0	68.0	5.442842536213166	0.9641470419244103	1.0
653_O-152	69.0	69.0	5.45646506642456	0.9646432990966627	0.9999132772526234
654_O-152	68.0	68.0	5.472766885528638	0.9650042133117146	1.0
655_O-152	68.0	68.0	5.473209587070184	0.9650992909132761	1.0
656_O-152	69.0	69.0	5.4667881346554354	0.9651609508502575	1.0
657_O-152	69.0	69.0	5.44477606640841	0.9634697499602907	0.9999157752884696
658_O-152	69.0	69.0	5.465543175397974	0.965013152330174	0.9999142661179699
659_O-152	68.0	68.0	5.446887478892691	0.9640142305244901	1.0
65_O-152	68.0	68.0	5.448456249519245	0.9631965757198941	1.0
660_O-152	69.0	69.0	5.4469535829712115	0.9639599392711061	0.9999131642931574
661_O-152	68.0	68.0	5.449875872764848	0.9640887638395614	1.0
662_O-152	68.0	68.0	5.465436565348462	0.9650220766638922	1.0
663_O-152	68.0	68.0	5.458170140360686	0.9644087469459377	1.0
664_O-152	70.0	70.0	5.473552097245917	0.965175903695752	0.9999151679674245
665_O-152	68.0	68.0	5.4346610488091835	0.9636156860695045	1.0
666_O-152	69.0	69.0	5.46991870775815	0.9649598385230319	0.9999145810199026
667_O-152	68.0	68.0	5.494009677712053	0.9659163509570692	1.0
668_O-152	68.0	68.0	5.471490355563876	0.9654372354811845	1.0
669_O-152	68.0	68.0	5.440607261681387	0.9638195386247443	1.0
66_O-152	69.0	69.0	5.497834445589491	0.9658369558235405	0.9999144275201095
670_O-152	68.0	68.0	5.447562923585315	0.9639265975237794	1.0
671_O-152	68.0	68.0	5.486427227522484	0.9658391343061459	1.0
672_O-152	68.0	68.0	5.500779097442215	0.9661859562329912	1.0
673_O-152	69.0	69.0	5.458803558266467	0.9645579738633601	0.9999161003439886
674_O-152	68.0	68.0	5.45622202010194	0.9646356179102777	1.0
675_O-152	69.0	69.0	5.465413871926148	0.9644574652010611	0.9999118554429264
676_O-152	68.0	68.0	5.467965662828873	0.964641091721404	1.0
677_O-152	68.0	68.0	5.483497471828179	0.9657799207317987	1.0
678_O-152	69.0	69.0	5.4656913698588925	0.9649070446214596	1.0
679_O-152	68.0	68.0	5.4643118328265965	0.9649665498675704	1.0
67_O-152	68.0	68.0	5.462483867692131	0.964800877577133	1.0
680_O-152	70.0	70.0	5.462896405936415	0.9645482970809509	0.9999136591262303
681_O-152	69.0	69.0	5.498613436011122	0.9660620052818718	0.9999144568006844
682_O-152	69.0	69.0	5.445750815245673	0.9639059539742683	0.9999153403318659
683_O-152	68.0	68.0	5.441356041336619	0.96381423635702	1.0
684_O-152	68.0	68.0	5.4910051278254945	0.9657859514509458	1.0
685_O-152	69.0	69.0	5.456996945561241	0.9646049819105467	1.0
686_O-152	69.0	69.0	5.433367784647521	0.9635059360612654	0.9999134498874849
687_O-152	68.0	68.0	5.47831849075003	0.9655761658129389	1.0
688_O-152	68.0	68.0	5.4421356322657575	0.9635471831572913	1.0
689_O-152	68.0	68.0	5.4813971984262215	0.965227330031947	1.0
68_O-152	68.0	68.0	5.4965229934647235	0.9662545469435432	1.0
690_O-152	69.0	69.0	5.461367421856159	0.9646984264051733	0.9999131190269331
691_O-152	69.0	69.0	5.442297406730227	0.9636273372378191	0.9999131190269331
692_O-152	69.0	69.0	5.455394320033883	0.9645303058579231	1.0
693_O-152	68.0	68.0	5.491858272658708	0.9658847807420605	1.0
694_O-152	68.0	68.0	5.452436519995187	0.9642433798002457	1.0
695_O-152	69.0	69.0	5.443295666625939	0.9635027716339659	1.0
696_O-152	68.0	68.0	5.451243101345011	0.9642813340724209	1.0
697_O-152	69.0	69.0	5.454527506855002	0.9642338112929266	0.9999139340735003
698_O-152	71.0	70.0	5.462101723442636	0.9644699595643553	0.9998293224099676
699_O-152	69.0	69.0	5.485201655788708	0.9656782850572485	1.0
69_O-152	68.0	68.0	5.483982450720572	0.9656506959542872	1.0
6_O-152	68.0	68.0	5.470399271692091	0.9646557045607926	1.0
700_O-152	70.0	70.0	5.42912712939695	0.9637332886026679	0.9999116841826371
701_O-152	68.0	68.0	5.438019795131574	0.963719269244497	1.0
702_O-152	68.0	68.0	5.438399332522252	0.9637951384617631	1.0
703_O-152	68.0	68.0	5.484259910100276	0.9660512633091336	1.0
704_O-152	69.0	69.0	5.484918456860615	0.9655261618058254	0.9999127932327548
705_O-152	68.0	68.0	5.452029264335253	0.9644416034009344	1.0
706_O-152	69.0	69.0	5.488908545573438	0.9658977227666182	0.9999140006879945
707_O-152	68.0	68.0	5.437755027105943	0.9637390165298877	1.0
708_O-152	68.0	68.0	5.483669818008547	0.965513642989862	1.0
709_O-152	69.0	69.0	5.457923413767199	0.9648350215475109	1.0
70_O-152	71.0	70.0	5.479740396687927	0.9653952993413523	0.9998305371970853
710_O-152	68.0	68.0	5.467887049687418	0.9651176017667131	1.0
711_O-152	68.0	68.0	5.460368785087636	0.9644497688395528	1.0
712_O-152	70.0	70.0	5.457163419962469	0.9646665482092467	0.9999169021106864
713_O-152	68.0	68.0	5.487483671040582	0.9658374753451676	1.0
714_O-152	68.0	68.0	5.445771022994432	0.9641912406680059	1.0
715_O-152	69.0	69.0	5.463386116367055	0.9647185064033512	0.9999137187230371
716_O-152	69.0	69.0	5.491937733486368	0.9657069697374192	1.0
717_O-152	71.5	71.0	5.473079839745721	0.9648320465097258	0.9998291474457544
718_O-152	68.0	68.0	5.462089972817156	0.9644014272087559	1.0
719_O-152	68.0	68.0	5.452204669356284	0.9644514834804663	1.0
71_O-152	68.0	68.0	5.461251216120333	0.9649580691935314	1.0
720_O-152	69.0	69.0	5.446218797157399	0.9639200681164342	0.9999136740331491
721_O-152	69.0	69.0	5.451055031220909	0.963794851000492	0.999914639351259
722_O-152	69.0	69.0	5.481796516820556	0.965499986452863	1.0
723_O-152	69.0	69.0	5.461745533685412	0.9645457141227901	1.0
724_O-152	68.0	68.0	5.455920292786749	0.9640919049313039	1.0
725_O-152	68.0	68.0	5.437673327019403	0.9637671211775419	1.0
726_O-152	68.0	68.0	5.455711826836915	0.9641965223537133	1.0
727_O-152	69.0	69.0	5.472438874146918	0.9651727961033504	0.9999136591262303
728_O-152	69.0	69.0	5.468175422642203	0.9651521912845252	0.9999150382327953
729_O-152	69.0	69.0	5.458167692514099	0.9648165834523621	0.9999141999141999
72_O-152	69.0	69.0	5.490109118386879	0.9660065207595918	0.9999138079641441
730_O-152	68.0	68.0	5.446653677808781	0.9641363627001028	1.0
731_O-152	68.0	68.0	5.445716072707444	0.9637296755752837	1.0
732_O-152	69.0	69.0	5.498222608930871	0.9659713766278093	0.9999130056546325
733_O-152	68.0	68.0	5.4849742333810525	0.9655507431583142	1.0
734_O-152	69.0	69.0	5.4753646859178255	0.9654119107777562	0.999916541478885
735_O-152	70.0	70.0	5.468992675885105	0.9653647456944473	0.9999146830475215
736_O-152	68.0	68.0	5.460198005242732	0.9647115480665377	1.0
737_O-152	68.0	68.0	5.43677984292138	0.963947807174055	1.0
738_O-152	68.0	68.0	5.467546583951728	0.9647222105728509	1.0
739_O-152	68.0	68.0	5.4739730622827265	0.9648575085242799	1.0
73_O-152	69.0	69.0	5.460168758655473	0.964821854335087	0.9999138747739212
740_O-152	68.0	68.0	5.456451502477928	0.9640713107880039	1.0
741_O-152	68.0	68.0	5.471256943903291	0.9653014406569774	1.0
742_O-152	69.0	69.0	5.464529680956135	0.9647683742773239	0.999912899573208
743_O-152	68.0	68.0	5.427381371790865	0.96320105613023	1.0
744_O-152	69.0	69.0	5.464369200924361	0.9650129177445093	1.0
745_O-152	68.0	68.0	5.466688697906953	0.9650455254844408	1.0
746_O-152	69.0	69.0	5.461549689426646	0.9650393853582446	0.9999150093489716
747_O-152	69.0	69.0	5.4725138109859435	0.9651500715521535	0.9999138896064755
748_O-152	69.0	69.0	5.457904385642371	0.964407536557853	0.9999136591262303
749_O-152	68.0	68.0	5.426931041119511	0.9633699676663631	1.0
74_O-152	68.0	68.0	5.471810346725351	0.964865854392279	1.0
750_O-152	68.0	68.0	5.457093201675981	0.9646514085033988	1.0
751_O-152	68.0	68.0	5.454347179532431	0.9644793037728386	1.0
752_O-152	68.0	68.0	5.467233886118041	0.9649102863471518	1.0
753_O-152	69.0	69.0	5.481684995038527	0.9653465939651151	0.9999146320641967
754_O-152	69.0	69.0	5.4888216067396245	0.9653223602992468	1.0
755_O-152	68.0	68.0	5.447329232114642	0.9642355943703781	1.0
756_O-152	68.0	68.0	5.461249278043989	0.9640341325760452	1.0
757_O-152	69.0	69.0	5.454972648181675	0.9640711196276004	0.9999143248800548
758_O-152	68.0	68.0	5.46219669129848	0.9642305290878859	1.0
759_O-152	68.0	68.0	5.469962003690558	0.9646131720303996	1.0
75_O-152	68.0	68.0	5.460722061769936	0.9649091320711525	1.0
760_O-152	68.0	68.0	5.453497541288018	0.9641448689184238	1.0
761_O-152	68.0	68.0	5.476664652018104	0.9650763081165976	1.0
762_O-152	68.0	68.0	5.467899634536376	0.9648754738437548	1.0
763_O-152	69.0	69.0	5.448525882976388	0.9641802471320324	0.9999138005344367
764_O-152	68.0	68.0	5.464026338973351	0.9642413739671328	1.0
765_O-152	68.0	68.0	5.471106792815069	0.9652543035459195	1.0
766_O-152	68.0	68.0	5.443648782035269	0.963860804020814	1.0
767_O-152	69.0	69.0	5.458326996117392	0.9645245324517113	0.9999140598143692
768_O-152	68.0	68.0	5.463933865253908	0.9645437625213744	1.0
769_O-152	70.0	70.0	5.512806843462172	0.9666679675090648	0.9999137336093857
76_O-152	68.0	68.0	5.432056817913607	0.962687264951468	1.0
770_O-152	68.0	68.0	5.464946679042066	0.9647200483793594	1.0
771_O-152	68.0	68.0	5.452536673939157	0.9637529384619044	1.0
772_O-152	69.0	69.0	5.456130951949341	0.9643589285647931	0.9999155476733383
773_O-152	68.0	68.0	5.444807476875851	0.9641052439027012	1.0
774_O-152	68.0	68.0	5.499552602265722	0.9664597809625688	1.0
775_O-152	68.0	68.0	5.480206621516548	0.9656075264961106	1.0
776_O-152	68.0	68.0	5.465795705204129	0.9645175967745122	1.0
777_O-152	68.0	68.0	5.475263255224771	0.9656850151114004	1.0
778_O-152	68.0	68.0	5.441320128720007	0.9636414276659424	1.0
779_O-152	69.0	69.0	5.450003526418038	0.96444552815338	0.9999127247338104
77_O-152	68.0	68.0	5.483329275485983	0.9655099077379338	1.0
780_O-152	68.0	68.0	5.465518375881371	0.9649840417523974	1.0
781_O-152	68.0	68.0	5.467778290960291	0.9651357827381976	1.0
782_O-152	68.0	68.0	5.437557886047795	0.9643197947720068	1.0
783_O-152	68.0	68.0	5.464204692280631	0.9649307343949142	1.0
784_O-152	69.0	69.0	5.4830059743819755	0.9653650346736627	1.0
785_O-152	69.0	69.0	5.447518041663658	0.9641313685664494	0.9999142587670411
786_O-152	69.0	69.0	5.458078123333639	0.964427822998289	0.9999156046923791
787_O-152	68.0	68.0	5.45836324154589	0.9645569921180326	1.0
788_O-152	68.0	68.0	5.47724001836676	0.9656545254532667	1.0
789_O-152	68.0	68.0	5.457491257416789	0.9641875105149341	1.0
78_O-152	68.0	68.0	5.435228541159828	0.9632351100452161	1.0
790_O-152	68.0	68.0	5.458620579351304	0.9644295787048459	1.0
791_O-152	68.0	68.0	5.450258149415896	0.9638607156927764	1.0
792_O-152	68.0	68.0	5.494123398146385	0.9660406490571212	1.0
793_O-152	68.0	68.0	5.451125572309651	0.9644698899783758	1.0
794_O-152	68.0	68.0	5.457787185821599	0.9643816265457931	1.0
795_O-152	71.0	70.0	5.492610580904499	0.9659517551742342	0.9998304510003391
796_O-152	69.0	69.0	5.46989952118534	0.9648537106244637	0.9999137261668536
797_O-152	68.0	68.0	5.455113875751904	0.9646636202112893	1.0
798_O-152	68.0	68.0	5.421825669614161	0.9622237014203303	1.0
799_O-152	71.0	70.0	5.456107038617604	0.9642557150531699	0.9998292641283933
79_O-152	69.0	69.0	5.463808958198921	0.9645024525810865	0.9999137484905986
7_O-152	69.0	69.0	5.438863828106388	0.9640389393086769	0.9999134948096886
800_O-152	68.0	68.0	5.442055415526281	0.9635889556308327	1.0
801_O-152	69.0	69.0	5.44997190385726	0.9641824026716475	0.9999160087350916
802_O-152	68.0	68.0	5.468399036762734	0.9652782041000234	1.0
803_O-152	69.0	69.0	5.471346299557511	0.9652236049404374	0.9999158957106813
804_O-152	69.0	69.0	5.448311379614715	0.9644587052965142	1.0
805_O-152	69.0	69.0	5.468171789736315	0.9645937424696763	1.0
806_O-152	68.0	68.0	5.4581083434122295	0.9645614973459113	1.0
807_O-152	68.0	68.0	5.475716103290677	0.9654973012177687	1.0
808_O-152	69.0	69.0	5.465320664992309	0.9646741731760956	0.9999155191349159
809_O-152	68.0	68.0	5.454180569695859	0.964657277613232	1.0
80_O-152	69.0	69.0	5.452241333148813	0.96425157421424	1.0
810_O-152	71.0	70.0	5.451267690730085	0.9641662431247859	0.999828060522696
811_O-152	68.0	68.0	5.451716765385385	0.9638734438556116	1.0
812_O-152	68.0	68.0	5.4227479597735755	0.9627388507186563	1.0
813_O-152	68.0	68.0	5.459707392291244	0.9642871784325344	1.0
814_O-152	69.0	69.0	5.474839069873124	0.9653677130971811	0.9999106105300796
815_O-152	69.0	69.0	5.428259301584683	0.9629722538877337	0.9999158744847312
816_O-152	68.0	68.0	5.436171828131904	0.9635145073879645	1.0
817_O-152	69.0	69.0	5.437820451354572	0.9632564354554789	0.9999139932914768
818_O-152	71.0	70.0	5.441246253763925	0.9642086820584386	0.9998303934871099
819_O-152	68.0	68.0	5.469994349843624	0.9650874167609728	1.0
81_O-152	68.0	68.0	5.4599686091325506	0.964828640528806	1.0
820_O-152	68.0	68.0	5.46299817230673	0.9642466185510374	1.0
821_O-152	68.0	68.0	5.463909511308801	0.9646169560861935	1.0
822_O-152	70.0	70.0	5.430261604622586	0.9628936154056517	0.9999153618281845
823_O-152	68.0	68.0	5.478367588783117	0.9655057564004994	1.0
824_O-152	69.0	69.0	5.425450929802061	0.962838576135107	0.999914690325883
825_O-152	69.0	69.0	5.4830325727070965	0.9656828699407194	0.9999141778235496
826_O-152	69.0	69.0	5.481713230414801	0.9655500017623827	0.9999147412396624
827_O-152	71.5	71.0	5.471565875233897	0.9653742657295843	0.9998260718323333
828_O-152	68.0	68.0	5.473328793320856	0.9651372098577526	1.0
829_O-152	69.0	69.0	5.477721391752562	0.9652621393867399	0.9999163599866177
82_O-152	68.0	68.0	5.435720745623772	0.9637469253104397	1.0
830_O-152	68.0	68.0	5.451032439857895	0.9643074992349712	1.0
831_O-152	69.0	69.0	5.4633800999513005	0.9645160345538147	1.0
832_O-152	69.0	69.0	5.450523895785319	0.9640053480090909	0.9999157398045163
833_O-152	69.0	69.0	5.468175243120187	0.9645545481562336	0.9999151463725074
834_O-152	69.0	69.0	5.485901559416338	0.9650702793807029	0.9999157965644998
835_O-152	68.0	68.0	5.451843757606449	0.9640947919871007	1.0
836_O-152	71.5	71.0	5.48903513362799	0.9661355369877953	0.9998322288398624
837_O-152	68.0	68.0	5.436231113106126	0.9636908504014521	1.0
838_O-152	68.0	68.0	5.452101792500973	0.9640060928889128	1.0
839_O-152	68.0	68.0	5.454574332898551	0.9644931442467426	1.0
83_O-152	69.0	69.0	5.456282679974273	0.9638747746299821	0.9999145591250854
840_O-152	68.0	68.0	5.451268810766526	0.963840852388973	1.0
841_O-152	69.0	69.0	5.472111169661262	0.9653940573746193	0.9999158603281447
842_O-152	68.0	68.0	5.461006326643044	0.9645418447212573	1.0
843_O-152	68.0	68.0	5.45591409840973	0.9643853168884375	1.0
844_O-152	68.0	68.0	5.461156833292604	0.9642443213636424	1.0
845_O-152	68.0	68.0	5.464683869653518	0.9648977045056071	1.0
846_O-152	68.0	68.0	5.454575901614935	0.9645220482619937	1.0
847_O-152	69.0	69.0	5.471581877880191	0.9646658334906864	0.9999151463725074
848_O-152	69.0	69.0	5.457664732016503	0.9647000932657427	0.9999142367066896
849_O-152	70.0	70.0	5.4258103769313	0.9630516823321813	0.9999141188594984
84_O-152	68.0	68.0	5.444842139397423	0.963590698882282	1.0
850_O-152	69.0	69.0	5.428768865205732	0.9633717972963097	0.9999137559292799
851_O-152	68.0	68.0	5.468410548763444	0.9653418437757748	1.0
852_O-152	69.0	69.0	5.472374395575342	0.9652754824676294	0.9999134573777585
853_O-152	68.0	68.0	5.462903325093296	0.9647924316886325	1.0
854_O-152	68.0	68.0	5.460317507883465	0.9648246397269118	1.0
855_O-152	69.0	69.0	5.467342380334418	0.9649406465284646	0.9999142146349833
856_O-152	68.0	68.0	5.479154616758032	0.9652715556637689	1.0
857_O-152	68.0	68.0	5.476314738701361	0.9652805450069085	1.0
858_O-152	68.0	68.0	5.450233694535206	0.9645775899753286	1.0
859_O-152	68.0	68.0	5.44546703722095	0.9635762385121677	1.0
85_O-152	69.0	69.0	5.4773445743604166	0.9652305806121723	0.9999140745832618
860_O-152	68.0	68.0	5.4545671981087755	0.9645011093972845	1.0
861_O-152	68.0	68.0	5.463840291694107	0.9645965582166206	1.0
862_O-152	69.0	69.0	5.455585097094003	0.9642160439631222	0.9999157469036987
863_O-152	68.0	68.0	5.462509714745759	0.964984226609579	1.0
864_O-152	70.0	70.0	5.451645090205644	0.9638453795017897	0.9999145299145299
865_O-152	68.0	68.0	5.475975140915148	0.9652978807468658	1.0
866_O-152	69.0	69.0	5.457790368671302	0.964469460988445	0.9999141483516484
867_O-152	68.0	68.0	5.4379641213543835	0.9633532532042083	1.0
868_O-152	69.0	69.0	5.453083119471865	0.9646071233969585	1.0
869_O-152	69.0	69.0	5.479946341717675	0.9656808081366544	0.9999131869085858
86_O-152	68.0	68.0	5.455486063347593	0.9645285997812014	1.0
870_O-152	69.0	69.0	5.46386953449802	0.9639822644502145	1.0
871_O-152	68.0	68.0	5.44921670362212	0.9639230335475852	1.0
872_O-152	68.0	68.0	5.437933730096923	0.9632252993443375	1.0
873_O-152	69.0	69.0	5.473968418071774	0.9650730429560321	0.9999132396321361
874_O-152	69.0	69.0	5.476041256877309	0.9654607881127228	1.0
875_O-152	69.0	69.0	5.449166497254824	0.9642499653304848	0.9999134199134199
876_O-152	68.0	68.0	5.4679407791996875	0.9645927205426001	1.0
877_O-152	69.0	69.0	5.460827625521166	0.9650602703204112	1.0
878_O-152	69.0	69.0	5.460496711114099	0.9646267306386407	0.9999142440614013
879_O-152	69.0	69.0	5.456429891794815	0.9644001020377198	0.9999150887322747
87_O-152	68.0	68.0	5.471771293013479	0.9648465962895755	1.0
880_O-152	68.0	68.0	5.482781630790988	0.9652764250349142	1.0
881_O-152	69.0	69.0	5.455286499603912	0.9645538716213372	0.9999140080832402
882_O-152	68.0	68.0	5.475390068709562	0.9648726742105479	1.0
883_O-152	68.0	68.0	5.42205155993764	0.9634069035556972	1.0
884_O-152	69.0	69.0	5.490124912631655	0.9657316601497563	0.9999142955090847
885_O-152	69.0	69.0	5.4778962612402164	0.9653000797140485	0.9999151751632878
886_O-152	68.0	68.0	5.474784710800081	0.9654481721696716	1.0
887_O-152	69.0	69.0	5.465220570423659	0.9648934929373844	1.0
888_O-152	68.0	68.0	5.460626625422114	0.9646637735855244	1.0
889_O-152	70.0	70.0	5.467129415151305	0.9646648010808067	0.9999156260546743
88_O-152	69.0	69.0	5.486723401218331	0.9653634500532343	0.9999137484905986
890_O-152	70.0	70.0	5.435643451885788	0.9628933509583144	0.999915095941586
891_O-152	68.0	68.0	5.476159253143823	0.9656314383881681	1.0
892_O-152	68.0	68.0	5.448381241022931	0.9638714942189845	1.0
893_O-152	71.5	71.0	5.474404302756847	0.9650176729737826	0.9998279273853566
894_O-152	68.0	68.0	5.459939166523172	0.9646271121356069	1.0
895_O-152	68.0	68.0	5.446816467160603	0.9643044295235408	1.0
896_O-152	68.0	68.0	5.457591999070643	0.9643273232776675	1.0
897_O-152	68.0	68.0	5.461003108997267	0.9651749581008655	1.0
898_O-152	68.0	68.0	5.440994118787531	0.9637923057504973	1.0
899_O-152	68.0	68.0	5.465234013172821	0.9650394971086248	1.0
89_O-152	68.0	68.0	5.475962218194247	0.9652745205174739	1.0
8_O-152	68.0	68.0	5.4490181334546826	0.9647258744578974	1.0
900_O-152	69.0	69.0	5.4522589309026115	0.9643741240748676	0.9999116061168567
901_O-152	68.0	68.0	5.446839390183319	0.9642190989143468	1.0
902_O-152	68.0	68.0	5.478274915972724	0.9656813555872176	1.0
903_O-152	69.0	69.0	5.481870229955152	0.9650994702561423	0.9999139710942877
904_O-152	68.0	68.0	5.459332000467318	0.9648165383505534	1.0
905_O-152	69.0	69.0	5.4515931001445255	0.964270916117769	0.9999147339699863
906_O-152	69.0	69.0	5.469186449695154	0.9645297360475003	0.9999146612049837
907_O-152	68.0	68.0	5.50390350894273	0.9666009170480495	1.0
908_O-152	69.0	69.0	5.453105317581835	0.9639555247421974	0.9999134049186006
909_O-152	69.0	69.0	5.484889877278431	0.9653446470767516	1.0
90_O-152	68.0	68.0	5.473908155145966	0.964956370801276	1.0
910_O-152	68.0	68.0	5.456693124453773	0.9647644294160462	1.0
911_O-152	69.0	69.0	5.4580463876593495	0.9643782031480344	0.9999157965644998
912_O-152	68.0	68.0	5.474142289300336	0.9650413809673221	1.0
913_O-152	69.0	69.0	5.472908041601544	0.9650303878691573	0.9999150454506839
914_O-152	68.0	68.0	5.4579006617868195	0.9642667352283766	1.0
915_O-152	68.0	68.0	5.46315909919955	0.9642803377554643	1.0
916_O-152	69.0	69.0	5.448432088145469	0.963881924584916	0.9999162619326746
917_O-152	69.0	69.0	5.4525377000296	0.9644833974802776	0.9999147266990706
918_O-152	68.0	68.0	5.4700857626660975	0.9650026795448395	1.0
919_O-152	69.0	69.0	5.4806760103336964	0.9657559922773837	0.9999147412396624
91_O-152	68.0	68.0	5.469166499334399	0.9647175882983164	1.0
920_O-152	68.0	68.0	5.473967340634327	0.9649468791865207	1.0
921_O-152	69.0	69.0	5.502729470888973	0.9668242627128694	0.9999127932327548
922_O-152	68.0	68.0	5.462428728942613	0.964496184170974	1.0
923_O-152	68.0	68.0	5.458432789035368	0.9645091710914847	1.0
924_O-152	68.0	68.0	5.4466610420252985	0.9638287042738345	1.0
925_O-152	68.0	68.0	5.45802609702109	0.9647854483210507	1.0
926_O-152	68.0	68.0	5.4705453156777475	0.9652171329889842	1.0
927_O-152	68.0	68.0	5.465275009960219	0.9648022939332495	1.0
928_O-152	69.0	69.0	5.480528697816361	0.9651471654756962	0.9999140745832618
929_O-152	68.0	68.0	5.455882713194782	0.9639646547916116	1.0
92_O-152	68.0	68.0	5.458111094941883	0.964654442724119	1.0
930_O-152	69.0	69.0	5.489946675801168	0.9658264246800605	1.0
931_O-152	68.0	68.0	5.459100724393418	0.9647381233131027	1.0
932_O-152	69.0	69.0	5.453468286365193	0.9644179034398774	0.9999162268576695
933_O-152	69.0	69.0	5.443087287502584	0.9638370266445834	0.9999152470548351
934_O-152	68.0	68.0	5.49553545678914	0.9662041611588954	1.0
935_O-152	68.0	68.0	5.485829375381254	0.9658291235100525	1.0
936_O-152	68.0	68.0	5.472318645608719	0.9648321934559316	1.0
937_O-152	68.0	68.0	5.462258746347696	0.9647162514642073	1.0
938_O-152	68.0	68.0	5.441087352402969	0.9638797501131734	1.0
939_O-152	71.0	70.0	5.499416731296654	0.9663958174061729	0.9998329714381159
93_O-152	70.0	70.0	5.487248026731022	0.9660298780137168	0.9999130207880317
940_O-152	68.0	68.0	5.4566690340574855	0.9641539510414517	1.0
941_O-152	68.0	68.0	5.435348139183199	0.9632672951917866	1.0
942_O-152	71.0	70.0	5.48052258701679	0.9658589043820095	0.9998279569892473
943_O-152	68.0	68.0	5.453168742407675	0.964203523952399	1.0
944_O-152	71.5	71.0	5.466844355130362	0.9652267468466513	0.9998246383165278
945_O-152	68.0	68.0	5.435748842573534	0.9631930563276161	1.0
946_O-152	69.0	69.0	5.445317420093125	0.9633985377943052	0.9999140080832402
947_O-152	69.0	69.0	5.446071388281231	0.9638743282430169	1.0
948_O-152	68.0	68.0	5.468816141713975	0.9646035813889209	1.0
949_O-152	69.0	69.0	5.477256631406749	0.9653092925767223	0.9999143175391997
94_O-152	68.0	68.0	5.465089328196007	0.9646071527435844	1.0
950_O-152	69.0	69.0	5.459800964976614	0.964715313319152	0.9999145737228772
951_O-152	69.0	69.0	5.459243605998437	0.9644493943292872	0.9999142440614013
952_O-152	68.0	68.0	5.427825693222187	0.9633714871086945	1.0
953_O-152	68.0	68.0	5.441951725284971	0.9639560779102551	1.0
954_O-152	68.0	68.0	5.456239122996952	0.9647816897281072	1.0
955_O-152	69.0	69.0	5.487427720892336	0.9658072181214775	1.0
956_O-152	69.0	69.0	5.4639101442126545	0.9646817699342212	0.9999147194269146
957_O-152	68.0	68.0	5.450716158558448	0.9639333093749067	1.0
958_O-152	68.0	68.0	5.4727579048337995	0.9653318287637748	1.0
959_O-152	68.0	68.0	5.454116632186966	0.9644619931561268	1.0
95_O-152	68.0	68.0	5.47760757347472	0.9653844610138932	1.0
960_O-152	69.0	69.0	5.481485565738191	0.9652973190152677	0.9999145299145299
961_O-152	68.0	68.0	5.443629220875598	0.9642707785513552	1.0
962_O-152	71.0	70.0	5.464574615758021	0.9645728755955153	0.9998314938073974
963_O-152	68.0	68.0	5.446935569049261	0.9640101406147323	1.0
964_O-152	68.0	68.0	5.44160711993687	0.9636871666393636	1.0
965_O-152	68.0	68.0	5.4738527648345965	0.9651940674859107	1.0
966_O-152	68.0	68.0	5.465419333939228	0.9648923790221692	1.0
967_O-152	71.0	70.0	5.451289830109397	0.9637727472232851	0.9998263587428373
968_O-152	68.0	68.0	5.475556416434761	0.9651648206695913	1.0
969_O-152	69.0	69.0	5.4852345797730715	0.9659752424557753	1.0
96_O-152	68.0	68.0	5.4578495045491024	0.9646633765660869	1.0
970_O-152	69.0	69.0	5.477116206435224	0.9651888258404584	1.0
971_O-152	68.0	68.0	5.456471512864607	0.9644285448505475	1.0
972_O-152	68.0	68.0	5.467896234534328	0.9650999038159815	1.0
973_O-152	69.0	69.0	5.459662131677306	0.9643895247279758	0.9999141262344354
974_O-152	68.0	68.0	5.486804612327809	0.965598405339608	1.0
975_O-152	69.0	69.0	5.449905947278733	0.9644849899340631	0.999914412872304
976_O-152	69.0	69.0	5.459102804314711	0.9649920298857665	0.9999151103565365
977_O-152	68.0	68.0	5.480954022803879	0.9653517842048062	1.0
978_O-152	68.0	68.0	5.475509819010299	0.9648998216187976	1.0
979_O-152	69.0	69.0	5.477290827679591	0.9654530877736694	0.9999139488856381
97_O-152	68.0	68.0	5.440150294582116	0.9638721872193705	1.0
980_O-152	68.0	68.0	5.437845820365575	0.9636143443677134	1.0
981_O-152	68.0	68.0	5.5001911683272535	0.9661532174020517	1.0
982_O-152	68.0	68.0	5.464395601626364	0.9648632669831995	1.0
983_O-152	68.0	68.0	5.466194933631235	0.9649977322280606	1.0
984_O-152	69.0	69.0	5.46840281941136	0.9646604886653185	0.9999157823816742
985_O-152	68.0	68.0	5.46969833341515	0.9652103002410695	1.0
986_O-152	68.0	68.0	5.463206548926595	0.9647164111515583	1.0
987_O-152	69.0	69.0	5.452146749962241	0.9639208403555317	0.9999150021249469
988_O-152	69.0	69.0	5.443909016981476	0.9632206422190679	0.9999136292969425
989_O-152	69.0	69.0	5.4509533045500795	0.9643728308645749	0.9999142146349833
98_O-152	68.0	68.0	5.468783447254024	0.9649106420492607	1.0
990_O-152	68.0	68.0	5.456135500466922	0.9644767308244757	1.0
991_O-152	69.0	69.0	5.488028597291524	0.9658461006710363	0.9999140228699166
992_O-152	69.0	69.0	5.484854522205738	0.9660147371444987	0.9999152542372881
993_O-152	68.0	68.0	5.4690708940531705	0.9648979155395729	1.0
994_O-152	70.0	70.0	5.4482102034009285	0.9645425126451619	0.999914639351259
995_O-152	68.0	68.0	5.468270785429382	0.9650765916667049	1.0
996_O-152	71.0	70.0	5.498221808774923	0.9662500044857015	0.9998261625380269
997_O-152	68.0	68.0	5.440935222386123	0.9632521579657545	1.0
998_O-152	71.0	70.0	5.453289148719227	0.9642981851903373	0.999830033143537
999_O-152	68.0	68.0	5.430626856931644	0.9632576674229755	1.0
99_O-152	69.0	69.0	5.450142030205181	0.9644909162483479	0.9999147266990706
9_O-152	68.0	68.0	5.460755143717617	0.9646712556005559	1.0
