	chao1	observed_otus	shannon	simpson	goods_coverage
1000_OMC-125	7.0	7.0	2.523822909896159	0.7990487514863258	0.9655172413793104
100_OMC-125	8.0	8.0	2.780802200645567	0.8336620644312952	1.0
101_OMC-125	4.0	4.0	1.9182958340544896	0.7222222222222222	1.0
102_OMC-125	6.0	6.0	2.3647869792568113	0.7743055555555556	1.0
103_OMC-125	6.0	6.0	2.5116983467049905	0.81640625	1.0
104_OMC-125	5.0	5.0	1.7332062193464952	0.595	0.95
105_OMC-125	6.0	6.0	2.323934896284056	0.7743055555555556	0.9583333333333334
106_OMC-125	6.0	6.0	2.3399229603149934	0.7809917355371901	0.9545454545454546
107_OMC-125	4.0	4.0	1.3976931442604226	0.5	1.0
108_OMC-125	7.0	7.0	2.530530577440118	0.8062283737024221	0.9705882352941176
109_OMC-125	5.0	5.0	2.040566667888155	0.7304890738813736	0.967741935483871
10_OMC-125	6.0	6.0	2.4041444620679115	0.7942925089179549	1.0
110_OMC-125	7.0	7.0	2.599011412296561	0.8052930056710775	1.0
111_OMC-125	6.0	6.0	2.4200073672827593	0.7951020408163265	1.0
112_OMC-125	6.0	6.0	2.315738006876835	0.7727272727272727	0.9545454545454546
113_OMC-125	7.5	7.0	2.3367146307938143	0.75390625	0.9375
114_OMC-125	6.0	6.0	2.3640054628542213	0.78125	1.0
115_OMC-125	6.0	6.0	2.5332594697016404	0.822265625	1.0
116_OMC-125	6.0	6.0	2.503701696057348	0.815	1.0
117_OMC-125	7.0	7.0	2.5095443353562694	0.7908163265306123	0.9642857142857143
118_OMC-125	6.0	6.0	2.449082295352821	0.8020833333333333	1.0
119_OMC-125	6.0	6.0	2.465076031862108	0.8061224489795918	1.0
11_OMC-125	5.0	5.0	2.1352130207431887	0.7465277777777778	1.0
120_OMC-125	8.0	8.0	2.7326989697283937	0.8254437869822485	0.9615384615384616
121_OMC-125	7.0	7.0	2.7670554003803076	0.8494809688581315	1.0
122_OMC-125	5.0	5.0	2.0213152774012366	0.7104	1.0
123_OMC-125	6.0	6.0	2.255480936430936	0.7657142857142858	0.9714285714285714
124_OMC-125	7.0	7.0	2.5354854066472052	0.8062442607897153	0.9696969696969697
125_OMC-125	7.0	7.0	2.3618441805721897	0.7664359861591695	0.9705882352941176
126_OMC-125	7.0	7.0	2.5621169890711712	0.80875	1.0
127_OMC-125	8.0	8.0	2.7898966090601776	0.8355387523629489	0.9565217391304348
128_OMC-125	5.0	5.0	1.9528195311147833	0.6796875	1.0
129_OMC-125	5.0	5.0	1.9875168162362657	0.7118055555555556	0.9583333333333334
12_OMC-125	6.0	6.0	2.4777847249797347	0.8114186851211073	1.0
130_OMC-125	6.0	6.0	2.401052243598735	0.7906574394463668	1.0
131_OMC-125	7.0	7.0	2.5503407095463886	0.7933884297520661	1.0
132_OMC-125	5.0	5.0	2.1887218755408675	0.7638888888888888	1.0
133_OMC-125	7.0	7.0	2.343257873344267	0.7474048442906575	1.0
134_OMC-125	7.0	7.0	2.5245001853346145	0.8055555555555556	0.9722222222222222
135_OMC-125	9.0	8.0	2.698535967652884	0.8312	0.96
136_OMC-125	7.0	7.0	2.6848100275039117	0.831360946745562	1.0
137_OMC-125	6.0	6.0	2.408694969562842	0.7949999999999999	0.95
138_OMC-125	5.0	5.0	1.9126177517475977	0.6866666666666666	1.0
139_OMC-125	7.0	7.0	2.684017280829845	0.8344671201814059	0.9523809523809523
13_OMC-125	4.0	4.0	1.7219280948873625	0.6599999999999999	1.0
140_OMC-125	6.0	6.0	2.386115892633962	0.7863894139886578	1.0
141_OMC-125	6.0	6.0	2.3874034881193746	0.7787993510005409	1.0
142_OMC-125	5.0	5.0	2.0626563480372724	0.7148760330578512	1.0
143_OMC-125	8.0	8.0	2.763621513603901	0.8365650969529086	0.9736842105263158
144_OMC-125	5.0	5.0	2.199079570624175	0.768	1.0
145_OMC-125	7.0	7.0	2.492312106790079	0.7887617065556711	0.967741935483871
146_OMC-125	6.0	6.0	2.4126878900165245	0.794921875	1.0
147_OMC-125	7.0	7.0	2.5562347841557007	0.8024691358024691	1.0
148_OMC-125	5.0	5.0	2.024988766373815	0.724609375	1.0
149_OMC-125	7.0	7.0	2.6378038185067956	0.823045267489712	1.0
14_OMC-125	7.333333333333333	7.0	2.4022921890824147	0.7712	0.92
150_OMC-125	7.0	7.0	2.649794462043571	0.8254847645429364	0.9473684210526316
151_OMC-125	7.0	7.0	2.628427643377165	0.828125	0.96875
152_OMC-125	6.0	6.0	2.263865121950854	0.755	0.95
153_OMC-125	6.0	6.0	2.404678473063571	0.7901234567901234	0.9444444444444444
154_OMC-125	5.0	5.0	2.2855899294576503	0.7901234567901234	1.0
155_OMC-125	6.0	6.0	2.388005971078941	0.787109375	1.0
156_OMC-125	6.0	6.0	2.112585390635543	0.7071005917159763	0.9615384615384616
157_OMC-125	6.0	6.0	2.4606406669627527	0.8033298647242456	1.0
158_OMC-125	5.0	4.0	1.4627552262645036	0.574074074074074	0.8888888888888888
159_OMC-125	7.0	7.0	2.6288193616159767	0.8284023668639053	0.9743589743589743
15_OMC-125	6.0	6.0	2.1791022376111537	0.7388137356919875	0.967741935483871
160_OMC-125	8.0	8.0	2.8180303358642105	0.8368055555555556	1.0
161_OMC-125	8.333333333333334	8.0	2.671011113034194	0.8148148148148149	0.9259259259259259
162_OMC-125	5.0	5.0	2.255123044017255	0.78125	1.0
163_OMC-125	8.0	8.0	2.8193661810184367	0.8466483011937558	0.9696969696969697
164_OMC-125	7.0	7.0	2.5469620293119215	0.8085612366230678	0.9655172413793104
165_OMC-125	7.333333333333333	7.0	2.584262225315332	0.814404432132964	0.8947368421052632
166_OMC-125	6.5	6.0	2.140606459901073	0.7091412742382273	0.8947368421052632
167_OMC-125	7.0	7.0	2.6990199844009086	0.8347107438016529	1.0
168_OMC-125	6.0	6.0	2.1996877947313282	0.7218934911242603	1.0
169_OMC-125	6.0	6.0	2.3636983367872397	0.7908163265306123	0.9642857142857143
16_OMC-125	6.0	6.0	2.3933655298019683	0.7897153351698806	1.0
170_OMC-125	6.0	6.0	2.312907291846955	0.7673611111111112	0.9583333333333334
171_OMC-125	5.0	5.0	2.1173143543437782	0.7544378698224852	0.9615384615384616
172_OMC-125	6.0	6.0	2.371337030614508	0.7875	1.0
173_OMC-125	7.0	7.0	2.707217899540498	0.8377777777777777	1.0
174_OMC-125	5.0	5.0	2.270185785369524	0.7860422405876951	1.0
175_OMC-125	6.0	6.0	2.556656707462823	0.826530612244898	1.0
176_OMC-125	6.0	6.0	2.3338478723449967	0.7820069204152249	0.9705882352941176
177_OMC-125	6.0	6.0	2.324900817925068	0.7736625514403292	1.0
178_OMC-125	6.0	6.0	2.365957320949175	0.7849999999999999	0.95
179_OMC-125	10.0	7.0	2.3198934626627756	0.7617065556711758	0.9032258064516129
17_OMC-125	6.0	6.0	2.4749525415173124	0.8072562358276645	1.0
180_OMC-125	7.0	7.0	2.6308220343288555	0.8269896193771626	0.9705882352941176
181_OMC-125	8.0	7.0	2.522862964886046	0.803840877914952	0.9259259259259259
182_OMC-125	5.0	5.0	2.0870793466088498	0.7334593572778828	1.0
183_OMC-125	6.0	6.0	2.334209459448049	0.7727272727272727	0.9545454545454546
184_OMC-125	8.0	8.0	2.7109502190184527	0.821827744904668	0.9743589743589743
185_OMC-125	7.0	7.0	2.4483110382861755	0.7840571088637716	1.0
186_OMC-125	6.0	6.0	2.4387218755408666	0.7951388888888888	1.0
187_OMC-125	6.0	6.0	2.4889581043362234	0.813735691987513	1.0
188_OMC-125	5.0	5.0	2.0445569985498815	0.7301587301587302	0.9523809523809523
189_OMC-125	5.0	5.0	2.1709505944546685	0.76	1.0
18_OMC-125	7.333333333333333	7.0	2.412505605412089	0.7708333333333333	0.9166666666666666
190_OMC-125	7.0	7.0	2.5124141780121705	0.7991234477720964	0.972972972972973
191_OMC-125	4.0	4.0	1.7739119513005472	0.6784	1.0
192_OMC-125	6.0	6.0	2.334829875675975	0.7845993756503642	0.967741935483871
193_OMC-125	8.0	8.0	2.735365586485767	0.8293345405160706	1.0
194_OMC-125	7.0	7.0	2.608694969562842	0.815	0.95
195_OMC-125	8.0	8.0	2.7321142562843233	0.824229313142239	1.0
196_OMC-125	6.0	6.0	2.234302951473625	0.7456	0.96
197_OMC-125	7.0	7.0	2.4996981431844145	0.7810650887573964	1.0
198_OMC-125	7.0	7.0	2.505620579349892	0.796734693877551	0.9714285714285714
199_OMC-125	4.0	4.0	1.6140054628542204	0.5972222222222221	0.9166666666666666
19_OMC-125	8.0	7.0	2.3551518149121	0.7679826933477556	0.9534883720930233
1_OMC-125	5.0	5.0	2.2234976370376858	0.7722448979591837	1.0
200_OMC-125	7.0	7.0	2.508584192874973	0.7845142439737034	1.0
201_OMC-125	7.333333333333333	7.0	2.3287709381623585	0.7455621301775148	0.9230769230769231
202_OMC-125	6.0	6.0	2.3857932001647835	0.7928994082840237	0.9615384615384616
203_OMC-125	8.0	8.0	2.741427006353693	0.8364069006543724	0.975609756097561
204_OMC-125	8.0	8.0	2.879219685291222	0.8561236623067776	0.9655172413793104
205_OMC-125	6.0	6.0	2.3373099413886695	0.7831632653061225	0.9642857142857143
206_OMC-125	5.0	5.0	2.2041184131532146	0.7709190672153635	1.0
207_OMC-125	7.0	7.0	2.3491229175080157	0.7669753086419753	0.9722222222222222
208_OMC-125	7.0	7.0	2.7192945256669794	0.8402366863905325	1.0
209_OMC-125	4.0	4.0	1.6774212838293645	0.6484375	0.9375
20_OMC-125	7.0	7.0	2.755844226199132	0.8477366255144033	1.0
210_OMC-125	7.0	7.0	2.4881100724427476	0.7932098765432098	0.9722222222222222
211_OMC-125	7.5	7.0	2.414161498462853	0.7776456599286563	0.9310344827586207
212_OMC-125	6.0	6.0	2.4466166676282084	0.7962962962962963	1.0
213_OMC-125	7.0	7.0	2.544980210111367	0.8065843621399178	0.962962962962963
214_OMC-125	7.0	7.0	2.665428731993503	0.8253968253968254	1.0
215_OMC-125	4.0	4.0	1.9362600275315274	0.7272727272727273	1.0
216_OMC-125	8.0	7.0	2.3027657513148054	0.7451523545706371	0.9473684210526316
217_OMC-125	4.0	4.0	1.938708497286834	0.7301587301587302	1.0
218_OMC-125	7.5	7.0	2.450305354140404	0.7840236686390533	0.9230769230769231
219_OMC-125	5.0	5.0	2.039521845354198	0.7215363511659808	1.0
21_OMC-125	5.0	5.0	2.042143423299726	0.7168367346938775	1.0
220_OMC-125	8.5	8.0	2.509771676301413	0.78625	0.95
221_OMC-125	7.0	7.0	2.604922489586613	0.8183391003460208	1.0
222_OMC-125	6.0	6.0	2.337796811598596	0.7744	1.0
223_OMC-125	5.0	5.0	2.116299605701696	0.7474048442906573	0.9411764705882353
224_OMC-125	5.0	5.0	2.262824692361507	0.784	1.0
225_OMC-125	6.0	6.0	2.339353872167201	0.775	0.95
226_OMC-125	5.0	5.0	2.213065632419369	0.7736625514403292	1.0
227_OMC-125	4.0	4.0	1.8464393446710157	0.7	1.0
228_OMC-125	7.0	7.0	2.663532754804255	0.8264462809917356	1.0
229_OMC-125	6.333333333333333	6.0	2.1149798205164814	0.71	0.9
22_OMC-125	7.0	7.0	2.6209344693270267	0.8209366391184573	1.0
230_OMC-125	7.0	7.0	2.5043655608313116	0.7939426717144402	1.0
231_OMC-125	8.0	8.0	2.884350697623037	0.8564814814814815	1.0
232_OMC-125	8.0	8.0	2.7179547374589115	0.8268698060941828	1.0
233_OMC-125	6.0	6.0	2.4214208010203015	0.8	1.0
234_OMC-125	8.0	8.0	2.806984156210763	0.8414814814814815	1.0
235_OMC-125	5.0	5.0	2.2016094970590276	0.765	1.0
236_OMC-125	6.0	6.0	2.339726924564717	0.7729591836734694	1.0
237_OMC-125	7.0	7.0	2.5713451397302376	0.816358024691358	0.9722222222222222
238_OMC-125	6.0	6.0	2.4057792812293735	0.7983539094650206	0.962962962962963
239_OMC-125	7.0	7.0	2.470051040248247	0.7846364883401921	0.962962962962963
23_OMC-125	7.0	7.0	2.6914280318460246	0.833984375	1.0
240_OMC-125	6.0	6.0	2.3787753681456	0.7892561983471075	0.9545454545454546
241_OMC-125	6.0	6.0	2.48345859334435	0.8125	1.0
242_OMC-125	5.0	5.0	1.975031878218105	0.6834319526627219	1.0
243_OMC-125	6.0	6.0	2.3673518144449943	0.784	1.0
244_OMC-125	5.0	5.0	1.892079563925711	0.6701388888888888	0.9583333333333334
245_OMC-125	6.0	5.0	1.8609640474436815	0.665	0.9
246_OMC-125	5.0	5.0	2.2068570640942182	0.7712665406427222	1.0
247_OMC-125	6.0	6.0	2.331802673624286	0.7700831024930748	0.9473684210526316
248_OMC-125	6.0	6.0	2.396240625180289	0.7916666666666666	1.0
249_OMC-125	6.0	6.0	2.416538320320237	0.8010973936899863	0.962962962962963
24_OMC-125	7.0	7.0	2.6914280318460246	0.833984375	1.0
250_OMC-125	8.0	8.0	2.764702665840836	0.8345473465140478	0.967741935483871
251_OMC-125	5.0	5.0	2.1903964516472447	0.7662721893491125	1.0
252_OMC-125	5.0	5.0	1.9439592513355664	0.6770833333333334	1.0
253_OMC-125	7.0	7.0	2.754441845713346	0.8471074380165289	1.0
254_OMC-125	6.0	6.0	2.4295297779194427	0.7991675338189386	1.0
255_OMC-125	7.0	7.0	2.484107509608714	0.7947845804988662	1.0
256_OMC-125	6.0	6.0	2.2179444411998217	0.7423469387755102	1.0
257_OMC-125	5.0	5.0	1.8429078545765154	0.6570247933884298	0.9545454545454546
258_OMC-125	7.0	7.0	2.7627424048503824	0.8473469387755102	1.0
259_OMC-125	6.0	6.0	2.462757047352441	0.8010204081632653	1.0
25_OMC-125	7.0	7.0	2.541193411214374	0.8033298647242456	0.967741935483871
260_OMC-125	7.0	7.0	2.4254065847993695	0.7640613586559533	1.0
261_OMC-125	7.0	7.0	2.4132694187027273	0.7666666666666666	1.0
262_OMC-125	7.0	6.0	2.251932579217033	0.768888888888889	0.9333333333333333
263_OMC-125	7.0	7.0	2.434634703456019	0.7845142439737034	0.972972972972973
264_OMC-125	8.0	8.0	2.6700813738380265	0.805	1.0
265_OMC-125	7.0	7.0	2.6269869220609587	0.8209366391184573	1.0
266_OMC-125	7.0	6.0	2.224880949810312	0.757396449704142	0.9230769230769231
267_OMC-125	6.0	6.0	2.1661393917001095	0.7352941176470589	0.9705882352941176
268_OMC-125	6.0	6.0	2.3203659719435024	0.7804370447450573	0.967741935483871
269_OMC-125	7.0	7.0	2.6643340317924085	0.8300000000000001	1.0
26_OMC-125	5.0	5.0	2.1625056054120884	0.7534722222222222	1.0
270_OMC-125	9.5	8.0	2.4939096216213974	0.7820069204152249	0.9117647058823529
271_OMC-125	7.0	7.0	2.6657141496126138	0.8333333333333333	0.9666666666666667
272_OMC-125	8.0	8.0	2.8190352041728843	0.8487947406866325	0.972972972972973
273_OMC-125	6.0	6.0	2.4193819456463714	0.7901234567901234	1.0
274_OMC-125	8.0	8.0	2.7345299214394703	0.8214285714285714	0.9642857142857143
275_OMC-125	6.0	6.0	2.5252658057570705	0.8204518430439952	1.0
276_OMC-125	5.0	5.0	2.2709505944546686	0.785	1.0
277_OMC-125	8.0	8.0	2.8892464285091584	0.8555555555555555	1.0
278_OMC-125	4.0	4.0	1.8365916681089793	0.691358024691358	1.0
279_OMC-125	6.0	6.0	2.33243218593406	0.7603305785123966	1.0
27_OMC-125	7.0	7.0	2.663532754804255	0.8264462809917356	1.0
280_OMC-125	6.0	6.0	2.1904493089745336	0.7268518518518519	1.0
281_OMC-125	7.0	7.0	2.5803092718186607	0.8175	0.975
282_OMC-125	7.0	7.0	2.629507621697072	0.8240997229916898	1.0
283_OMC-125	7.333333333333333	7.0	2.5941178916311856	0.8148148148148149	0.8888888888888888
284_OMC-125	8.0	8.0	2.791906961993309	0.8394768133174793	0.9655172413793104
285_OMC-125	6.0	6.0	2.2792598814981706	0.7666666666666666	0.9666666666666667
286_OMC-125	5.0	5.0	2.2516291673878226	0.7777777777777778	1.0
287_OMC-125	7.0	7.0	2.60623892865339	0.8177777777777777	1.0
288_OMC-125	6.0	6.0	2.4262465483769935	0.8035714285714286	0.9642857142857143
289_OMC-125	8.0	8.0	2.713749801581054	0.8264462809917356	0.9772727272727273
28_OMC-125	6.0	6.0	2.276589656684235	0.76875	0.975
290_OMC-125	4.0	4.0	1.490640182568429	0.5784499054820417	0.9565217391304348
291_OMC-125	8.0	7.0	2.492536532577266	0.798828125	0.9375
292_OMC-125	6.0	6.0	2.380919780018455	0.7853061224489797	1.0
293_OMC-125	6.0	6.0	2.2275233926254128	0.7517146776406036	0.962962962962963
294_OMC-125	7.0	7.0	2.6512851552462817	0.8317901234567902	0.9722222222222222
295_OMC-125	8.0	8.0	2.7659598179879974	0.8359375	1.0
296_OMC-125	6.0	6.0	2.5540126388504314	0.826530612244898	1.0
297_OMC-125	7.5	7.0	2.3431390622295667	0.759765625	0.9375
298_OMC-125	5.0	5.0	2.065293688498338	0.7396694214876034	0.9545454545454546
299_OMC-125	7.0	7.0	2.6235166412180155	0.8165680473372781	1.0
29_OMC-125	5.0	5.0	2.066052868455254	0.7222222222222222	1.0
2_OMC-125	6.5	6.0	2.148200820400365	0.7379972565157751	0.9259259259259259
300_OMC-125	7.0	7.0	2.5658382453124315	0.8054110301768991	1.0
301_OMC-125	5.0	5.0	2.1545360655058308	0.7534626038781164	1.0
302_OMC-125	6.0	6.0	2.507156230921614	0.8163265306122449	1.0
303_OMC-125	6.0	6.0	2.1214645644232903	0.708984375	0.96875
304_OMC-125	7.0	7.0	2.378484989092531	0.7755102040816326	0.9714285714285714
305_OMC-125	7.0	7.0	2.576313206984032	0.810546875	0.96875
306_OMC-125	7.0	7.0	2.521935329217273	0.8033298647242455	0.967741935483871
307_OMC-125	5.0	5.0	2.1701348924281936	0.756198347107438	1.0
308_OMC-125	4.0	4.0	1.2004423013248386	0.4158163265306123	1.0
309_OMC-125	8.0	8.0	2.6122534370808115	0.8054729327781083	1.0
30_OMC-125	7.0	7.0	2.556173844979218	0.8033298647242455	1.0
310_OMC-125	5.0	5.0	2.053124489912414	0.7260774287801315	1.0
311_OMC-125	6.0	6.0	2.4677201004744993	0.8061224489795918	0.9285714285714286
312_OMC-125	6.0	6.0	2.5111212365395277	0.8166576527852893	1.0
313_OMC-125	6.0	6.0	2.37281999262457	0.78125	1.0
314_OMC-125	5.0	5.0	2.2454841496983744	0.7797783933518005	1.0
315_OMC-125	7.0	7.0	2.316333280562803	0.7474489795918366	0.9642857142857143
316_OMC-125	5.0	5.0	2.2582653914730484	0.7802768166089965	1.0
317_OMC-125	6.0	6.0	2.146240625180289	0.7256944444444444	0.9583333333333334
318_OMC-125	6.0	6.0	2.4444971166966614	0.803840877914952	1.0
319_OMC-125	6.0	6.0	2.159554752378731	0.7422145328719723	0.9705882352941176
31_OMC-125	7.0	7.0	2.5900256641689055	0.8165680473372781	0.9615384615384616
320_OMC-125	7.0	6.0	2.1768589799249654	0.729678638941399	0.9130434782608696
321_OMC-125	5.0	5.0	2.2682734124061357	0.7844444444444444	1.0
322_OMC-125	7.333333333333333	7.0	2.2004197782843256	0.726643598615917	0.9411764705882353
323_OMC-125	8.0	8.0	2.825292495276586	0.8471148126115408	0.975609756097561
324_OMC-125	7.0	7.0	2.25	0.703125	1.0
325_OMC-125	7.333333333333333	7.0	2.549787381523038	0.8033240997229917	0.8947368421052632
326_OMC-125	7.0	7.0	2.5810134015775863	0.8096885813148789	1.0
327_OMC-125	4.0	4.0	1.9093718938927118	0.7187928669410151	1.0
328_OMC-125	8.0	8.0	2.9171886421180044	0.8609467455621301	1.0
329_OMC-125	6.0	6.0	2.443744584550011	0.8034188034188035	1.0
32_OMC-125	5.0	5.0	1.9763385325311287	0.6896551724137931	1.0
330_OMC-125	6.0	6.0	2.355388542207534	0.7777777777777778	1.0
331_OMC-125	8.0	7.0	2.330025777748865	0.7542857142857142	0.9428571428571428
332_OMC-125	6.0	6.0	2.4016094970590274	0.7849999999999999	1.0
333_OMC-125	7.0	7.0	2.691428031846024	0.833984375	1.0
334_OMC-125	5.0	5.0	2.2084101872685253	0.7681755829903978	1.0
335_OMC-125	6.0	6.0	2.463562304197887	0.806530612244898	1.0
336_OMC-125	7.0	7.0	2.590367278693491	0.8140495867768596	0.9545454545454546
337_OMC-125	6.25	6.0	2.481714572986073	0.8099173553719008	0.8181818181818181
338_OMC-125	7.0	6.0	2.131177258237616	0.7074829931972789	0.9047619047619048
339_OMC-125	7.0	7.0	2.6622197773837475	0.831360946745562	0.9615384615384616
33_OMC-125	6.0	6.0	2.3961245379304947	0.7929240374609782	1.0
340_OMC-125	6.0	6.0	2.35274578087187	0.7755102040816326	1.0
341_OMC-125	7.0	7.0	2.585475297227334	0.815	1.0
342_OMC-125	6.0	6.0	2.4900142895049133	0.8133174791914388	1.0
343_OMC-125	6.0	6.0	2.4757006966236017	0.8111111111111111	1.0
344_OMC-125	8.0	8.0	2.5572779917790642	0.7894736842105263	0.9736842105263158
345_OMC-125	8.0	8.0	2.687592982667019	0.8044077134986226	1.0
346_OMC-125	7.0	7.0	2.6632908081776594	0.8271604938271605	0.9444444444444444
347_OMC-125	5.0	5.0	2.171879780726823	0.7619047619047619	1.0
348_OMC-125	8.0	8.0	2.8190352041728834	0.8429510591672753	1.0
349_OMC-125	4.0	4.0	2.0	0.75	1.0
34_OMC-125	7.0	7.0	2.6004221850147893	0.8151935719503287	1.0
350_OMC-125	5.0	5.0	2.0204260414863775	0.7256944444444444	0.9583333333333334
351_OMC-125	5.0	5.0	2.0454501601528423	0.7210884353741497	0.9523809523809523
352_OMC-125	3.0	3.0	1.2516291673878228	0.5	1.0
353_OMC-125	7.0	6.0	2.195349998594635	0.7410207939508506	0.9130434782608696
354_OMC-125	6.0	6.0	2.3368848047799604	0.7653061224489797	1.0
355_OMC-125	7.0	7.0	2.4250437277891606	0.7629757785467128	1.0
356_OMC-125	7.0	7.0	2.6303543743446895	0.8199791883454735	1.0
357_OMC-125	7.0	7.0	2.649794462043571	0.8254847645429364	0.9473684210526316
358_OMC-125	5.0	5.0	2.010360419811954	0.7222222222222222	0.9583333333333334
359_OMC-125	7.0	7.0	2.5371123853856745	0.7947406866325786	1.0
35_OMC-125	7.0	7.0	2.5658382453124315	0.8054110301768991	1.0
360_OMC-125	6.0	6.0	2.411602217974672	0.7928994082840237	1.0
361_OMC-125	5.0	5.0	2.0750112108241776	0.7256944444444444	1.0
362_OMC-125	6.0	6.0	2.2511926448554838	0.7604110329908058	0.9767441860465116
363_OMC-125	6.0	6.0	2.2698577373200726	0.7608163265306123	0.9714285714285714
364_OMC-125	7.0	7.0	2.375217297741508	0.7626561472715319	0.9743589743589743
365_OMC-125	8.0	8.0	2.731208388783717	0.8177777777777777	1.0
366_OMC-125	7.6	7.0	2.7321588913645702	0.8429752066115702	0.7272727272727273
367_OMC-125	5.0	5.0	1.939353872167201	0.695	0.95
368_OMC-125	6.0	6.0	2.1218791658103693	0.7174515235457064	0.9736842105263158
369_OMC-125	5.0	5.0	2.2339979078388277	0.775623268698061	1.0
36_OMC-125	6.0	6.0	2.4241743523004406	0.7882653061224489	1.0
370_OMC-125	7.0	7.0	2.6435339021385498	0.8217993079584776	1.0
371_OMC-125	7.0	7.0	2.1359366872707897	0.6859410430839002	1.0
372_OMC-125	6.0	6.0	2.278877977214772	0.7681331747919145	0.9655172413793104
373_OMC-125	6.0	6.0	2.47450498810543	0.8047337278106509	1.0
374_OMC-125	6.0	6.0	2.4052195202454003	0.7947845804988662	1.0
375_OMC-125	6.0	6.0	2.263809173883546	0.7551020408163265	1.0
376_OMC-125	6.0	6.0	2.308870123241706	0.7662721893491125	1.0
377_OMC-125	5.0	5.0	1.7399917740667208	0.599609375	1.0
378_OMC-125	2.0	2.0	0.5032583347756457	0.19753086419753085	0.8888888888888888
379_OMC-125	6.0	6.0	2.260976859632983	0.759765625	0.96875
37_OMC-125	7.0	7.0	2.6480898459737485	0.826171875	1.0
380_OMC-125	6.0	6.0	2.2865513588053745	0.7675619834710744	1.0
381_OMC-125	6.0	6.0	2.401609497059028	0.785	1.0
382_OMC-125	5.0	5.0	2.0969556999983623	0.742603550295858	1.0
383_OMC-125	5.0	5.0	1.9393634033505271	0.6913265306122449	1.0
384_OMC-125	6.0	6.0	2.0886183606801576	0.7132963988919667	0.9736842105263158
385_OMC-125	7.0	7.0	2.3981755948068324	0.775390625	0.96875
386_OMC-125	4.0	4.0	1.5229571181374097	0.554016620498615	1.0
387_OMC-125	7.0	7.0	2.744732287708804	0.8442330558858502	1.0
388_OMC-125	7.0	7.0	2.4205038327557684	0.7647999999999999	0.96
389_OMC-125	6.0	6.0	2.441691549114507	0.80375	1.0
38_OMC-125	6.0	6.0	2.543065072186744	0.8241415192507804	1.0
390_OMC-125	7.0	7.0	2.357024328624466	0.7614515169541939	0.975609756097561
391_OMC-125	6.0	6.0	2.39355424839993	0.7911111111111111	1.0
392_OMC-125	6.0	6.0	2.506866543182522	0.8159722222222222	1.0
393_OMC-125	6.0	6.0	2.479573958513622	0.8090277777777778	1.0
394_OMC-125	7.0	7.0	2.437788894167614	0.772189349112426	0.9615384615384616
395_OMC-125	8.0	8.0	2.7756829655415376	0.8287037037037037	1.0
396_OMC-125	5.0	5.0	2.046109467277236	0.7295918367346939	0.9642857142857143
397_OMC-125	7.0	7.0	2.412593214831504	0.7755555555555556	0.9666666666666667
398_OMC-125	7.0	7.0	2.618633046516737	0.8239795918367347	0.9642857142857143
399_OMC-125	8.0	8.0	2.6654358597664034	0.8061831153388823	0.9655172413793104
39_OMC-125	7.0	7.0	2.6455933144511468	0.826530612244898	1.0
3_OMC-125	5.0	5.0	2.1678730891652727	0.7515432098765432	1.0
400_OMC-125	6.0	6.0	2.328884070537636	0.7776	0.96
401_OMC-125	6.0	6.0	2.3722898582156575	0.7866805411030177	1.0
402_OMC-125	6.0	6.0	2.4085490968753094	0.7975206611570248	0.9545454545454546
403_OMC-125	7.0	7.0	2.5781875046387657	0.8148148148148149	0.962962962962963
404_OMC-125	8.0	8.0	2.815071955258549	0.8429752066115702	1.0
405_OMC-125	6.0	6.0	2.2262814028881666	0.7511111111111112	0.9666666666666667
406_OMC-125	6.0	6.0	2.4017032636186313	0.7908163265306122	1.0
407_OMC-125	6.0	6.0	2.3047213421420034	0.7746913580246912	0.9722222222222222
408_OMC-125	6.0	6.0	2.386175003505866	0.7881944444444444	1.0
409_OMC-125	7.0	7.0	2.7219280948873625	0.84	1.0
40_OMC-125	6.0	6.0	2.452702165427174	0.8044444444444445	1.0
410_OMC-125	6.0	6.0	2.2938135858333486	0.7599243856332702	0.9565217391304348
411_OMC-125	6.0	6.0	2.299530144567066	0.7645429362880887	0.9473684210526316
412_OMC-125	6.5	6.0	2.1350533921636425	0.725897920604915	0.9130434782608696
413_OMC-125	5.0	5.0	2.2281060666990187	0.7781065088757396	1.0
414_OMC-125	9.5	8.0	2.676240084176066	0.8224852071005917	0.8846153846153846
415_OMC-125	6.0	6.0	2.2194935020012836	0.7448979591836735	0.9642857142857143
416_OMC-125	7.0	7.0	2.4193721485946105	0.7604166666666666	0.9583333333333334
417_OMC-125	7.333333333333333	7.0	2.3352377453121176	0.7576530612244898	0.9285714285714286
418_OMC-125	7.0	7.0	2.558938532350277	0.8022222222222222	1.0
419_OMC-125	6.0	6.0	2.476154634188267	0.8093278463648834	1.0
41_OMC-125	4.0	4.0	1.647730922119161	0.635	0.95
420_OMC-125	7.0	7.0	2.6350206996162755	0.8253968253968254	1.0
421_OMC-125	6.0	6.0	2.062068442035526	0.6683673469387755	1.0
422_OMC-125	7.0	7.0	2.614642199163407	0.8194444444444444	1.0
423_OMC-125	7.0	7.0	2.615999395855564	0.8185595567867037	1.0
424_OMC-125	7.333333333333333	7.0	2.3266088795954243	0.7489711934156379	0.9259259259259259
425_OMC-125	4.0	4.0	1.7772925846688998	0.6631944444444444	1.0
426_OMC-125	6.0	6.0	2.2308680976920545	0.7444444444444445	1.0
427_OMC-125	6.0	6.0	2.2228137265406867	0.7396449704142012	0.9615384615384616
428_OMC-125	8.0	8.0	2.530480824087272	0.7823800131492439	0.9743589743589743
429_OMC-125	5.0	5.0	2.145110414381583	0.7485207100591715	1.0
42_OMC-125	7.0	7.0	2.4736167999774907	0.7941176470588236	0.9705882352941176
430_OMC-125	7.0	7.0	2.643215692534585	0.8224	1.0
431_OMC-125	7.0	7.0	2.4658005360098465	0.7755102040816326	0.9642857142857143
432_OMC-125	6.0	6.0	2.2942059153550587	0.7711111111111111	0.9666666666666667
433_OMC-125	6.333333333333333	6.0	2.1567796494470395	0.73	0.9
434_OMC-125	6.0	6.0	2.3982778967358063	0.7955555555555556	0.9666666666666667
435_OMC-125	5.0	5.0	2.067125158510303	0.72	1.0
436_OMC-125	7.0	7.0	2.580582950818808	0.8151927437641724	1.0
437_OMC-125	6.0	6.0	2.1843238762528854	0.7429322813938198	0.9743589743589743
438_OMC-125	6.0	6.0	2.197159723424149	0.7434842249657065	0.962962962962963
439_OMC-125	7.0	7.0	2.619181244752181	0.8264462809917356	0.9696969696969697
43_OMC-125	7.5	7.0	2.6292492238560348	0.8254847645429363	0.8947368421052632
440_OMC-125	7.0	7.0	2.6689869584530608	0.826530612244898	1.0
441_OMC-125	7.0	7.0	2.599389591616702	0.8072562358276645	1.0
442_OMC-125	7.0	7.0	2.5180485796202414	0.8042831647828673	0.975609756097561
443_OMC-125	6.0	6.0	2.2570346861799186	0.7647058823529411	0.9705882352941176
444_OMC-125	7.0	7.0	2.672399104556456	0.831360946745562	1.0
445_OMC-125	7.0	7.0	2.610005370795802	0.8214285714285714	0.9642857142857143
446_OMC-125	8.0	8.0	2.703626767019874	0.818359375	0.96875
447_OMC-125	6.0	6.0	2.332453894475828	0.7810650887573964	0.9615384615384616
448_OMC-125	8.0	8.0	2.6828352173144965	0.8221296847114812	0.975609756097561
449_OMC-125	8.0	7.0	2.5126012561274513	0.8038049940546967	0.9310344827586207
44_OMC-125	7.0	7.0	2.5996045640753183	0.8166089965397924	1.0
450_OMC-125	6.0	6.0	2.1426902794604756	0.7187928669410151	0.962962962962963
451_OMC-125	8.0	8.0	2.8240244208650216	0.84625	1.0
452_OMC-125	4.0	4.0	1.8875386446885054	0.7130177514792899	1.0
453_OMC-125	13.0	7.0	1.98105363187439	0.654296875	0.875
454_OMC-125	8.0	8.0	2.688560696605061	0.816654492330168	1.0
455_OMC-125	6.0	6.0	2.2989565682277373	0.7603550295857988	1.0
456_OMC-125	8.0	8.0	2.644647224642818	0.8126232741617356	0.9743589743589743
457_OMC-125	5.0	5.0	2.0102313415770166	0.6968449931412894	1.0
458_OMC-125	8.0	8.0	2.773608886454542	0.8373702422145328	0.9705882352941176
459_OMC-125	8.0	8.0	2.8100416504076167	0.8411045722046175	1.0
45_OMC-125	8.0	8.0	2.8215430188544817	0.8457142857142858	0.9714285714285714
460_OMC-125	6.0	6.0	2.5304930567574826	0.8209876543209876	1.0
461_OMC-125	8.0	8.0	2.883272672738775	0.8545918367346939	1.0
462_OMC-125	5.0	5.0	2.1698872102522313	0.7573696145124716	1.0
463_OMC-125	6.0	6.0	2.339726924564717	0.7729591836734694	1.0
464_OMC-125	6.0	5.0	1.9679074521481286	0.7165532879818595	0.9047619047619048
465_OMC-125	5.0	5.0	2.201609497059027	0.765	1.0
466_OMC-125	6.0	6.0	2.4914571853658245	0.8109393579072532	1.0
467_OMC-125	7.0	7.0	2.6848100275039117	0.831360946745562	1.0
468_OMC-125	6.0	6.0	2.37281999262457	0.78125	1.0
469_OMC-125	6.0	6.0	2.502889766210511	0.8148148148148149	1.0
46_OMC-125	7.0	7.0	2.4830583313316206	0.787436084733382	1.0
470_OMC-125	6.0	6.0	2.430098511481914	0.7977777777777777	1.0
471_OMC-125	8.0	8.0	2.7151757840538515	0.8284023668639053	0.9743589743589743
472_OMC-125	7.0	7.0	2.531201190791499	0.8049886621315193	1.0
473_OMC-125	6.0	6.0	2.396283852391217	0.793575252825699	1.0
474_OMC-125	7.0	7.0	2.5689782425836953	0.8093278463648834	0.962962962962963
475_OMC-125	6.0	6.0	2.3817782448828315	0.7882653061224489	1.0
476_OMC-125	7.0	7.0	2.5543498262363147	0.8122717311906501	0.972972972972973
477_OMC-125	5.0	5.0	2.1492553971685004	0.7555555555555555	0.9333333333333333
478_OMC-125	6.0	6.0	2.424835634986198	0.7889273356401384	1.0
479_OMC-125	5.0	5.0	2.2389211020256887	0.778061224489796	1.0
47_OMC-125	6.0	6.0	2.459147917027245	0.7986111111111112	1.0
480_OMC-125	6.0	6.0	2.191456124558086	0.7387543252595156	0.9705882352941176
481_OMC-125	7.0	7.0	2.6458900161575674	0.8268809349890431	1.0
482_OMC-125	7.0	7.0	2.319136393098707	0.7505668934240363	1.0
483_OMC-125	7.0	7.0	2.3884812937427053	0.7443519619500594	1.0
484_OMC-125	8.0	8.0	2.645911295838291	0.8047091412742382	0.9736842105263158
485_OMC-125	7.0	7.0	2.6256713276046986	0.8166351606805293	1.0
486_OMC-125	7.0	7.0	2.5199025797939583	0.8022222222222222	0.9666666666666667
487_OMC-125	7.0	7.0	2.6053377974034166	0.822265625	0.96875
488_OMC-125	8.0	8.0	2.7104683615204577	0.8246097337006428	0.9696969696969697
489_OMC-125	6.0	6.0	2.463749893336328	0.8062442607897153	1.0
48_OMC-125	7.0	7.0	2.5689782425836953	0.8093278463648834	0.962962962962963
490_OMC-125	6.0	6.0	2.2101632731377627	0.7422145328719723	1.0
491_OMC-125	7.0	7.0	2.529696439528413	0.8035714285714286	0.9642857142857143
492_OMC-125	6.0	6.0	2.297718626155277	0.7638888888888888	0.9583333333333334
493_OMC-125	7.5	7.0	2.4579981528670425	0.7901234567901234	0.9259259259259259
494_OMC-125	8.0	8.0	2.809356946127142	0.8422496570644719	0.962962962962963
495_OMC-125	8.0	8.0	2.643809848180465	0.8080808080808081	0.9696969696969697
496_OMC-125	7.0	7.0	2.606648973093865	0.8224981738495252	0.972972972972973
497_OMC-125	7.0	7.0	2.6497361669445465	0.8204518430439952	1.0
498_OMC-125	9.0	8.0	2.505663207600485	0.776406035665295	0.8888888888888888
499_OMC-125	6.0	6.0	2.411602217974672	0.7928994082840236	1.0
49_OMC-125	7.0	7.0	2.667195399422911	0.831604938271605	1.0
4_OMC-125	7.0	7.0	2.5879695484319565	0.8177777777777777	0.9666666666666667
500_OMC-125	6.0	6.0	2.4581013096245257	0.8040123456790124	1.0
501_OMC-125	7.0	7.0	2.6016094970590276	0.8049999999999999	1.0
502_OMC-125	9.5	8.0	2.6557758928053166	0.8165680473372781	0.8846153846153846
503_OMC-125	8.0	8.0	2.8848894517332413	0.8544	1.0
504_OMC-125	7.0	7.0	2.4314698258445113	0.773356401384083	1.0
505_OMC-125	7.0	7.0	2.6488840705376364	0.8288	0.96
506_OMC-125	5.0	5.0	2.170056022836771	0.7599451303155007	1.0
507_OMC-125	6.0	6.0	2.2839427403214603	0.7603550295857988	0.9615384615384616
508_OMC-125	7.0	7.0	2.6398857330304786	0.8187654320987654	1.0
509_OMC-125	6.0	6.0	2.4188300735571118	0.8	0.96
50_OMC-125	8.0	8.0	2.6259445829482426	0.7990487514863258	0.9655172413793104
510_OMC-125	5.0	5.0	2.0890038287775923	0.7423822714681441	0.9473684210526316
511_OMC-125	7.0	7.0	2.6331476215086247	0.8224981738495252	1.0
512_OMC-125	7.0	7.0	2.58429531609601	0.8125	0.9583333333333334
513_OMC-125	7.0	7.0	2.598579861712074	0.8225308641975309	0.9722222222222222
514_OMC-125	7.0	7.0	2.468642655794603	0.7831632653061225	0.9642857142857143
515_OMC-125	8.0	8.0	2.7219280948873625	0.8222222222222222	0.9666666666666667
516_OMC-125	6.0	6.0	2.239097917988787	0.7345679012345678	0.9444444444444444
517_OMC-125	7.0	7.0	2.570767799623961	0.8166089965397924	0.9705882352941176
518_OMC-125	6.0	6.0	2.412480970476329	0.7942143326758712	1.0
519_OMC-125	7.0	7.0	2.698598110359748	0.8355387523629489	1.0
51_OMC-125	6.0	6.0	2.1878785072265208	0.7231404958677686	0.9545454545454546
520_OMC-125	7.0	7.0	2.617014811252441	0.816	1.0
521_OMC-125	5.0	5.0	2.148200820400365	0.7489711934156379	1.0
522_OMC-125	6.0	6.0	2.4182958340544896	0.7916666666666666	1.0
523_OMC-125	6.0	6.0	2.4802126901863746	0.8074792243767313	1.0
524_OMC-125	8.0	8.0	2.5412616712623195	0.7789256198347108	1.0
525_OMC-125	6.0	6.0	2.408913401140511	0.7891156462585034	1.0
526_OMC-125	5.0	5.0	2.149279988131627	0.7590027700831026	0.9473684210526316
527_OMC-125	5.0	5.0	2.1678459061160935	0.7525951557093425	1.0
528_OMC-125	6.0	6.0	2.26553177314286	0.7721088435374149	0.9761904761904762
529_OMC-125	7.0	7.0	2.7232314287976207	0.8377777777777777	1.0
52_OMC-125	6.0	6.0	2.269545992558975	0.7576530612244897	1.0
530_OMC-125	7.0	7.0	2.6155074211313076	0.818359375	1.0
531_OMC-125	7.0	7.0	2.666719338918884	0.8285322359396434	1.0
532_OMC-125	7.0	7.0	2.5118051324617876	0.7919143876337693	1.0
533_OMC-125	7.0	7.0	2.6577968115985957	0.8256	1.0
534_OMC-125	7.0	7.0	2.5555361698459524	0.8085612366230678	0.9655172413793104
535_OMC-125	8.0	8.0	2.6084038802903686	0.802045288531775	0.972972972972973
536_OMC-125	5.0	5.0	2.243735757336199	0.7781065088757396	1.0
537_OMC-125	6.0	6.0	2.3993974703476995	0.7890625	0.9375
538_OMC-125	6.0	6.0	2.3586796919474975	0.783203125	1.0
539_OMC-125	8.0	8.0	2.7798772722917704	0.8393021120293848	0.9696969696969697
53_OMC-125	5.0	5.0	2.2385421146070343	0.7766360194699837	1.0
540_OMC-125	7.333333333333333	7.0	2.373660689688186	0.7648	0.92
541_OMC-125	6.0	6.0	2.498443148240595	0.8130193905817175	1.0
542_OMC-125	6.0	6.0	2.278420259969255	0.7474747474747474	1.0
543_OMC-125	6.0	6.0	2.336008205720454	0.7836734693877551	0.9714285714285714
544_OMC-125	6.0	6.0	2.3932696895151087	0.7872	1.0
545_OMC-125	5.0	5.0	2.259141984247902	0.78099173553719	1.0
546_OMC-125	7.0	7.0	2.450187208269003	0.7888970051132214	0.972972972972973
547_OMC-125	8.0	8.0	2.6807567372557806	0.8149910767400357	0.975609756097561
548_OMC-125	6.0	6.0	2.07462769858425	0.6888888888888889	0.9666666666666667
549_OMC-125	4.0	4.0	1.7322216637616483	0.643598615916955	1.0
54_OMC-125	7.0	7.0	2.629219686524097	0.8223140495867769	0.9545454545454546
550_OMC-125	5.0	5.0	2.0870793466088498	0.7334593572778828	1.0
551_OMC-125	7.0	6.0	2.2133386473820624	0.7578125	0.9375
552_OMC-125	5.0	5.0	2.0894786419364966	0.731404958677686	1.0
553_OMC-125	6.0	6.0	2.459097153220784	0.8061831153388823	1.0
554_OMC-125	5.0	5.0	2.1433954935113873	0.7508218277449047	1.0
555_OMC-125	6.0	6.0	2.2878378409265285	0.7713498622589532	0.9696969696969697
556_OMC-125	6.0	6.0	2.1942527621978365	0.743764172335601	0.9761904761904762
557_OMC-125	3.0	3.0	1.4056390622295665	0.59375	0.875
558_OMC-125	6.0	6.0	2.1167134820520848	0.7193877551020408	0.9642857142857143
559_OMC-125	6.333333333333333	6.0	1.8176736500039883	0.6481632653061224	0.9428571428571428
55_OMC-125	7.0	7.0	2.6164733911714184	0.8212244897959184	0.9714285714285714
560_OMC-125	8.5	7.0	2.246072890136281	0.7366863905325444	0.8846153846153846
561_OMC-125	5.0	5.0	2.1084585933443494	0.7421875	0.9375
562_OMC-125	8.0	8.0	2.6756081122623816	0.8125	0.96875
563_OMC-125	7.0	7.0	2.6145272645029523	0.8177777777777777	1.0
564_OMC-125	8.5	7.0	2.146208911614715	0.701530612244898	0.8928571428571429
565_OMC-125	7.0	7.0	2.52271758248277	0.8047091412742382	0.9736842105263158
566_OMC-125	7.0	7.0	2.569773835029478	0.8020833333333333	1.0
567_OMC-125	5.0	5.0	1.9827549170245238	0.7069943289224953	0.9565217391304348
568_OMC-125	7.0	7.0	2.2768474653611217	0.7246165084002921	1.0
569_OMC-125	7.0	7.0	2.486328667787185	0.7889273356401384	1.0
56_OMC-125	6.0	6.0	2.5093619287156654	0.8175582990397805	1.0
570_OMC-125	6.0	6.0	2.380268453876828	0.7952249770431589	0.9696969696969697
571_OMC-125	6.0	6.0	2.47829757027802	0.8096	1.0
572_OMC-125	5.0	5.0	2.1986908062046844	0.7705112960760999	1.0
573_OMC-125	7.0	7.0	2.536925834480921	0.80875	1.0
574_OMC-125	5.0	5.0	2.2190387533006475	0.7705112960760998	1.0
575_OMC-125	7.0	7.0	2.254817766087266	0.7118367346938775	0.9714285714285714
576_OMC-125	6.0	6.0	2.3915549260643076	0.7845804988662132	1.0
577_OMC-125	7.0	6.0	2.251185325340039	0.7599243856332704	0.9130434782608696
578_OMC-125	5.0	5.0	2.1077352526221036	0.7469135802469136	0.9444444444444444
579_OMC-125	7.0	7.0	2.6978907223310395	0.8359375	1.0
57_OMC-125	8.0	8.0	2.825878138449693	0.8480725623582767	0.9761904761904762
580_OMC-125	7.0	7.0	2.653811355748633	0.831275720164609	0.962962962962963
581_OMC-125	5.0	5.0	1.9871446890819662	0.7187928669410151	0.962962962962963
582_OMC-125	8.0	8.0	2.6846109366781894	0.8114285714285714	1.0
583_OMC-125	9.5	8.0	2.473749439755227	0.7700312174817898	0.9032258064516129
584_OMC-125	7.0	7.0	2.670789720711593	0.8284023668639053	1.0
585_OMC-125	7.0	7.0	2.4681666405523326	0.7840236686390533	0.9615384615384616
586_OMC-125	7.5	7.0	2.4349054335653717	0.7712665406427222	0.9130434782608696
587_OMC-125	8.333333333333334	8.0	2.5641893753728278	0.7806122448979592	0.9285714285714286
588_OMC-125	7.0	7.0	2.608694969562842	0.815	0.95
589_OMC-125	7.0	7.0	2.6848100275039117	0.831360946745562	1.0
58_OMC-125	7.0	7.0	2.6827268761607215	0.8367626886145405	0.962962962962963
590_OMC-125	4.0	4.0	1.4516607643577664	0.532871972318339	0.9411764705882353
591_OMC-125	7.0	7.0	2.4956029237290127	0.7857142857142857	1.0
592_OMC-125	6.0	6.0	2.1167134820520848	0.7193877551020408	0.9642857142857143
593_OMC-125	8.5	8.0	2.702904337188607	0.8302469135802469	0.9444444444444444
594_OMC-125	8.0	8.0	2.723329299850228	0.8235294117647058	0.9705882352941176
595_OMC-125	8.5	7.0	2.3333333333333335	0.7569444444444444	0.875
596_OMC-125	7.0	7.0	2.5032583347756456	0.7928669410150893	0.962962962962963
597_OMC-125	7.5	7.0	2.270471624506101	0.7421475529583638	0.9459459459459459
598_OMC-125	6.0	6.0	2.4356987807516504	0.7984693877551021	1.0
599_OMC-125	7.0	7.0	2.5530900835303276	0.8086734693877551	0.9642857142857143
59_OMC-125	6.0	6.0	2.285129631910751	0.7448015122873346	1.0
5_OMC-125	6.0	6.0	2.3729663772279648	0.7845804988662132	0.9523809523809523
600_OMC-125	5.0	5.0	2.1180782093497093	0.743801652892562	1.0
601_OMC-125	7.0	7.0	2.7321588913645707	0.8429752066115702	1.0
602_OMC-125	7.0	7.0	2.6517939026287696	0.8269896193771626	1.0
603_OMC-125	8.0	8.0	2.843542397143181	0.84625	1.0
604_OMC-125	9.0	8.0	2.3382435463643185	0.736455463728191	0.9090909090909091
605_OMC-125	5.0	5.0	2.2724994555866935	0.7863894139886578	1.0
606_OMC-125	7.0	7.0	2.6137576782928114	0.8155555555555556	1.0
607_OMC-125	6.0	6.0	2.2579235654413843	0.7423469387755102	1.0
608_OMC-125	8.333333333333334	8.0	2.6486774519050713	0.8172635445362718	0.9393939393939394
609_OMC-125	6.0	6.0	2.439079570624175	0.7968	1.0
60_OMC-125	7.0	7.0	2.320751469623604	0.7560815253122946	0.9743589743589743
610_OMC-125	7.333333333333333	7.0	2.5016094970590275	0.79	0.9
611_OMC-125	6.0	6.0	2.21119841549929	0.7533333333333334	0.9666666666666667
612_OMC-125	4.0	4.0	1.8913736972060498	0.710562414266118	1.0
613_OMC-125	8.0	8.0	2.753858581036059	0.8299643281807372	0.9655172413793104
614_OMC-125	7.0	7.0	2.6157489620194885	0.8159722222222222	1.0
615_OMC-125	5.0	5.0	2.215825502193724	0.771484375	1.0
616_OMC-125	6.0	6.0	2.3204451674817648	0.7695133149678604	1.0
617_OMC-125	6.0	6.0	2.0581192090844542	0.6776406035665296	0.962962962962963
618_OMC-125	8.0	8.0	2.768053646926834	0.83875	0.975
619_OMC-125	6.0	6.0	2.2825557452305087	0.7612456747404844	0.9705882352941176
61_OMC-125	6.0	6.0	2.4055359917792947	0.7928994082840237	1.0
620_OMC-125	7.0	7.0	2.396461064601567	0.7586206896551724	0.9655172413793104
621_OMC-125	6.0	6.0	2.4151767752395106	0.796734693877551	1.0
622_OMC-125	6.0	6.0	2.4568177119496313	0.8062283737024222	1.0
623_OMC-125	3.0	3.0	1.5715416718219246	0.6604938271604939	1.0
624_OMC-125	6.0	6.0	2.3370310230081115	0.775390625	1.0
625_OMC-125	6.0	6.0	2.322460538597394	0.7762747138397503	0.967741935483871
626_OMC-125	7.0	7.0	2.4934604991346947	0.7988980716253443	0.9696969696969697
627_OMC-125	7.0	7.0	2.434196364505181	0.767578125	0.96875
628_OMC-125	6.0	6.0	2.453808538185678	0.80625	1.0
629_OMC-125	6.25	6.0	2.125	0.6953125	0.875
62_OMC-125	8.0	8.0	2.80641944705503	0.8391836734693878	1.0
630_OMC-125	5.0	5.0	2.119917259302598	0.742603550295858	1.0
631_OMC-125	7.0	7.0	2.550821761262471	0.8065843621399177	0.962962962962963
632_OMC-125	5.0	5.0	2.0890038287775923	0.7423822714681441	0.9473684210526316
633_OMC-125	7.0	6.0	2.1179631753145163	0.6938775510204083	0.7857142857142857
634_OMC-125	7.5	7.0	2.5709505944546684	0.81	0.9
635_OMC-125	5.0	5.0	2.1958248894290495	0.7640816326530613	1.0
636_OMC-125	6.0	6.0	2.4728810033922897	0.8070987654320987	1.0
637_OMC-125	4.0	4.0	1.7687300505037873	0.6777777777777777	1.0
638_OMC-125	6.0	6.0	2.4464124990649543	0.8015122873345936	1.0
639_OMC-125	6.0	6.0	2.4132146822884404	0.7933884297520661	1.0
63_OMC-125	6.0	6.0	2.170653660032733	0.7189349112426036	0.9615384615384616
640_OMC-125	5.0	5.0	2.1180782093497093	0.743801652892562	1.0
641_OMC-125	6.0	6.0	2.463796390747766	0.806640625	1.0
642_OMC-125	6.0	6.0	2.4362009422910713	0.8012486992715921	1.0
643_OMC-125	8.0	8.0	2.5690997464259944	0.7849999999999999	0.975
644_OMC-125	7.0	6.0	2.374556048381884	0.7889273356401384	0.8823529411764706
645_OMC-125	7.0	7.0	2.322001777272652	0.7428571428571429	0.9714285714285714
646_OMC-125	7.0	7.0	2.456619682517112	0.7928994082840237	0.9743589743589743
647_OMC-125	6.0	6.0	2.36307418942857	0.784	0.96
648_OMC-125	8.0	8.0	2.576789898194071	0.776406035665295	0.962962962962963
649_OMC-125	7.0	7.0	2.315560434684109	0.7508650519031141	0.9705882352941176
64_OMC-125	6.0	6.0	2.2556888408588915	0.7455621301775148	0.9615384615384616
650_OMC-125	7.0	7.0	2.704534899819343	0.8373702422145328	0.9411764705882353
651_OMC-125	5.0	5.0	2.235452476759574	0.7755102040816326	1.0
652_OMC-125	7.0	6.0	2.3737359095258586	0.7922437673130194	0.8947368421052632
653_OMC-125	6.0	6.0	2.175538679452436	0.7377647918188459	0.972972972972973
654_OMC-125	7.0	7.0	2.6118004878884316	0.82421875	0.96875
655_OMC-125	4.0	4.0	1.8106993328423073	0.6911999999999999	1.0
656_OMC-125	8.333333333333334	8.0	2.5274213294333805	0.7733333333333333	0.9333333333333333
657_OMC-125	5.0	5.0	2.186704345910025	0.7603305785123967	0.9090909090909091
658_OMC-125	6.0	6.0	2.315738006876835	0.7727272727272727	0.9545454545454546
659_OMC-125	6.0	6.0	2.3302164307369253	0.7822222222222222	0.9666666666666667
65_OMC-125	7.0	7.0	2.560476015513202	0.8112244897959184	0.9642857142857143
660_OMC-125	7.333333333333333	7.0	2.245069356823526	0.7300832342449465	0.9310344827586207
661_OMC-125	6.0	6.0	2.377374653083802	0.7757487216946677	1.0
662_OMC-125	5.0	5.0	2.147348781633051	0.7469135802469136	1.0
663_OMC-125	8.0	8.0	2.6968077734471105	0.8195763330898466	1.0
664_OMC-125	6.0	6.0	2.3771177198116042	0.7840236686390533	1.0
665_OMC-125	5.0	5.0	1.9528195311147833	0.6796875	1.0
666_OMC-125	7.0	7.0	2.6320488277869587	0.826171875	0.96875
667_OMC-125	7.0	7.0	2.4358203810934294	0.779296875	0.96875
668_OMC-125	7.0	7.0	2.618171814778876	0.8224852071005917	0.9615384615384616
669_OMC-125	6.0	6.0	2.4256081122623816	0.8046875	0.96875
66_OMC-125	7.0	7.0	2.713269689515109	0.8384	1.0
670_OMC-125	7.0	7.0	2.5879695484319565	0.8177777777777777	0.9666666666666667
671_OMC-125	6.0	6.0	2.349730146650821	0.775390625	1.0
672_OMC-125	5.0	5.0	2.1029334343823503	0.7313019390581718	1.0
673_OMC-125	6.0	6.0	2.4230761356003354	0.7970615243342516	1.0
674_OMC-125	7.0	7.0	2.628406464329534	0.8227146814404432	1.0
675_OMC-125	7.0	7.0	2.7025488178150376	0.8342857142857143	1.0
676_OMC-125	6.0	6.0	2.3789919869000626	0.7867036011080333	0.9473684210526316
677_OMC-125	6.0	6.0	2.493359795631317	0.8136094674556213	1.0
678_OMC-125	7.0	7.0	2.4432252621604222	0.7752675386444708	0.9655172413793104
679_OMC-125	7.0	7.0	2.677421283829365	0.83203125	1.0
67_OMC-125	6.0	6.0	2.4651451195042426	0.8057851239669422	1.0
680_OMC-125	6.0	6.0	2.403107168362811	0.7881944444444444	1.0
681_OMC-125	6.0	6.0	2.2228137265406867	0.7396449704142012	0.9615384615384616
682_OMC-125	6.0	6.0	2.4816841198433215	0.8109393579072532	1.0
683_OMC-125	7.0	7.0	2.6917320421339213	0.832409972299169	1.0
684_OMC-125	4.0	4.0	1.7219280948873625	0.6599999999999999	1.0
685_OMC-125	7.0	7.0	2.481426312952154	0.7894736842105263	1.0
686_OMC-125	7.0	7.0	2.637803818506796	0.823045267489712	1.0
687_OMC-125	6.0	6.0	2.319165377698596	0.7728894173602854	0.9655172413793104
688_OMC-125	5.0	5.0	2.081397184065388	0.7256235827664399	1.0
689_OMC-125	8.0	8.0	2.7398457549475523	0.8299643281807372	0.9655172413793104
68_OMC-125	6.0	6.0	2.3148388527068593	0.7755102040816326	0.9642857142857143
690_OMC-125	7.333333333333333	7.0	2.3664283109928244	0.7616	0.92
691_OMC-125	7.0	7.0	2.5492821063997453	0.8025711662075299	1.0
692_OMC-125	8.0	8.0	2.6374256665523825	0.8081632653061225	0.9714285714285714
693_OMC-125	7.0	7.0	2.565448371820826	0.8047337278106508	1.0
694_OMC-125	7.5	6.0	2.0294069451656003	0.6790123456790124	0.8333333333333334
695_OMC-125	6.0	6.0	2.295357051617443	0.7644628099173554	0.9545454545454546
696_OMC-125	7.0	7.0	2.457935730217386	0.7762747138397503	0.967741935483871
697_OMC-125	7.0	7.0	2.7153266987718094	0.8365650969529086	1.0
698_OMC-125	6.0	6.0	2.312686597606018	0.7681331747919145	1.0
699_OMC-125	5.0	5.0	2.021782221599798	0.7109375	0.9375
69_OMC-125	6.0	6.0	2.381190239240197	0.78719723183391	1.0
6_OMC-125	7.0	7.0	2.641755586012998	0.8254437869822485	0.9615384615384616
700_OMC-125	6.0	6.0	2.3886830477331995	0.7895362663495838	1.0
701_OMC-125	6.0	6.0	2.295600714687273	0.768888888888889	0.9666666666666667
702_OMC-125	6.0	6.0	2.4202776983278507	0.8017751479289941	0.9615384615384616
703_OMC-125	5.0	5.0	2.2536434973575568	0.7824019024970273	1.0
704_OMC-125	6.0	6.0	2.3038847003244762	0.7733491969066033	1.0
705_OMC-125	7.0	7.0	2.7813172094432983	0.8520408163265306	1.0
706_OMC-125	7.0	7.0	2.7231879407504183	0.8407908428720083	1.0
707_OMC-125	7.0	7.0	2.7040936428864257	0.8376068376068376	1.0
708_OMC-125	7.0	7.0	2.7312213200336197	0.8424489795918367	1.0
709_OMC-125	7.0	7.0	2.495900078354613	0.7958477508650519	0.9705882352941176
70_OMC-125	8.0	8.0	2.6764054085237734	0.8181154127100073	0.972972972972973
710_OMC-125	8.0	8.0	2.8004097268609884	0.8395061728395061	0.962962962962963
711_OMC-125	6.0	6.0	2.35444999904002	0.7805325987144169	1.0
712_OMC-125	7.0	7.0	2.620604061221235	0.823045267489712	0.962962962962963
713_OMC-125	7.5	7.0	2.5324156286861546	0.8055555555555556	0.9166666666666666
714_OMC-125	7.0	7.0	2.5994839817876882	0.8159722222222222	0.9583333333333334
715_OMC-125	7.5	7.0	2.545999197128142	0.8090737240075614	0.9130434782608696
716_OMC-125	7.0	7.0	2.6978907223310395	0.8359375	1.0
717_OMC-125	7.0	7.0	2.743762162622482	0.8444444444444444	1.0
718_OMC-125	5.0	5.0	2.1887218755408675	0.7638888888888888	1.0
719_OMC-125	6.0	6.0	2.336038815261277	0.7777777777777778	0.9583333333333334
71_OMC-125	8.0	8.0	2.7775442093026497	0.8402366863905326	0.9743589743589743
720_OMC-125	6.0	6.0	2.3104430577190245	0.7736625514403292	0.962962962962963
721_OMC-125	6.0	6.0	2.3569697877834064	0.7895362663495838	0.9655172413793104
722_OMC-125	6.0	6.0	2.337135391758242	0.78	1.0
723_OMC-125	6.0	6.0	2.4712847441086576	0.8099173553719008	1.0
724_OMC-125	6.0	6.0	2.3738845662071655	0.7822222222222222	1.0
725_OMC-125	7.0	7.0	2.648804761328154	0.8241965973534972	1.0
726_OMC-125	7.0	7.0	2.713269689515109	0.8384	1.0
727_OMC-125	6.0	6.0	2.2369837554745207	0.743801652892562	0.9545454545454546
728_OMC-125	6.0	6.0	2.4232196723355077	0.8	0.95
729_OMC-125	5.0	5.0	2.294274067192862	0.7922437673130194	1.0
72_OMC-125	7.0	7.0	2.617007547427674	0.8262499999999999	0.975
730_OMC-125	5.0	5.0	2.1552037396929586	0.7562425683709869	1.0
731_OMC-125	7.0	7.0	2.6042521701519865	0.8181154127100072	0.972972972972973
732_OMC-125	7.0	7.0	2.6915814883659723	0.8341855368882396	1.0
733_OMC-125	6.0	6.0	2.4192509128388293	0.8022222222222222	0.9666666666666667
734_OMC-125	4.0	4.0	1.91273179976749	0.7189349112426036	1.0
735_OMC-125	7.0	7.0	2.5974843656210704	0.8166576527852893	1.0
736_OMC-125	7.0	7.0	2.627620407472074	0.822265625	1.0
737_OMC-125	7.0	7.0	2.6066489730938645	0.8224981738495252	0.972972972972973
738_OMC-125	6.0	6.0	2.0597892924467316	0.7069387755102041	0.9714285714285714
739_OMC-125	6.0	6.0	2.5514280650285066	0.8254437869822485	1.0
73_OMC-125	7.0	7.0	2.569657210485734	0.816358024691358	0.9722222222222222
740_OMC-125	8.0	8.0	2.792413018607228	0.8440816326530612	0.9714285714285714
741_OMC-125	6.0	6.0	2.378211620950336	0.7908163265306123	0.9642857142857143
742_OMC-125	6.0	6.0	2.28157098954712	0.7695133149678604	0.9696969696969697
743_OMC-125	7.0	7.0	2.5342930815684737	0.8016326530612246	1.0
744_OMC-125	8.0	7.0	2.4717186706154437	0.7993827160493827	0.9444444444444444
745_OMC-125	6.0	6.0	2.355388542207534	0.7777777777777778	1.0
746_OMC-125	6.0	6.0	2.4039172772913386	0.7950052029136316	1.0
747_OMC-125	6.0	6.0	2.4030344640961685	0.7871581450653984	1.0
748_OMC-125	5.0	5.0	1.9019585244148982	0.6784599375650364	0.967741935483871
749_OMC-125	6.0	6.0	2.3156678763770073	0.761904761904762	1.0
74_OMC-125	6.0	6.0	2.4194705707972526	0.7936	1.0
750_OMC-125	6.0	6.0	2.285129631910751	0.7448015122873346	1.0
751_OMC-125	5.0	5.0	2.162292189082415	0.7552	1.0
752_OMC-125	6.0	6.0	2.0370823715112873	0.6811224489795918	0.9642857142857143
753_OMC-125	6.0	6.0	2.3162151369758726	0.7771428571428571	0.9714285714285714
754_OMC-125	7.0	7.0	2.4861779844223335	0.7925170068027211	0.9761904761904762
755_OMC-125	5.0	5.0	2.1465431628392286	0.7528344671201814	1.0
756_OMC-125	4.0	4.0	1.9039678130877657	0.7197231833910034	1.0
757_OMC-125	7.0	7.0	2.468870218743287	0.7871581450653984	0.9655172413793104
758_OMC-125	7.0	7.0	2.6318326080427985	0.8241965973534972	0.9565217391304348
759_OMC-125	7.0	7.0	2.464309003492434	0.7917793401838832	0.9767441860465116
75_OMC-125	6.0	6.0	2.3794423403612486	0.787037037037037	1.0
760_OMC-125	6.0	6.0	2.226313713864835	0.7455999999999999	0.96
761_OMC-125	5.0	5.0	2.165894208390024	0.7528344671201814	1.0
762_OMC-125	8.0	8.0	2.800296312542779	0.8428720083246618	0.967741935483871
763_OMC-125	7.0	7.0	2.603958719036311	0.8187654320987654	1.0
764_OMC-125	6.0	6.0	2.41379956460568	0.7959183673469388	1.0
765_OMC-125	5.0	5.0	2.1556390622295662	0.75	1.0
766_OMC-125	7.0	7.0	2.7493221814795326	0.8461538461538461	1.0
767_OMC-125	9.0	6.0	2.093693753145287	0.7256944444444444	0.875
768_OMC-125	7.0	7.0	2.5964303691096404	0.8080808080808081	1.0
769_OMC-125	6.0	6.0	2.362481465084232	0.7845142439737034	1.0
76_OMC-125	7.0	7.0	2.512268313054159	0.8	0.975
770_OMC-125	7.0	7.0	2.651478922893308	0.8239795918367347	1.0
771_OMC-125	6.0	6.0	2.5195672187281266	0.8195763330898466	1.0
772_OMC-125	5.0	5.0	1.8776205033895348	0.6575963718820862	0.9523809523809523
773_OMC-125	7.0	7.0	2.657510076863814	0.8285322359396434	1.0
774_OMC-125	6.0	6.0	2.305633408765317	0.7704081632653061	0.9642857142857143
775_OMC-125	7.0	7.0	2.5818968599143526	0.8163265306122449	0.9714285714285714
776_OMC-125	7.0	7.0	2.3139754211125014	0.7465303140978816	0.972972972972973
777_OMC-125	7.0	7.0	2.6318326080427985	0.8241965973534972	0.9565217391304348
778_OMC-125	5.0	5.0	1.945987498876827	0.6994328922495274	0.9565217391304348
779_OMC-125	8.5	8.0	2.6853987448808803	0.8299319727891157	0.9523809523809523
77_OMC-125	7.0	7.0	2.5362994685099296	0.8086785009861933	0.9743589743589743
780_OMC-125	7.0	7.0	2.5604760155132014	0.8112244897959184	0.9642857142857143
781_OMC-125	6.0	6.0	2.324385045266586	0.7744904667981591	1.0
782_OMC-125	7.0	6.0	2.3111986673263862	0.7768595041322315	0.9090909090909091
783_OMC-125	7.0	7.0	2.414209139880463	0.7882797731568998	0.9782608695652174
784_OMC-125	6.0	6.0	2.4119224789362788	0.7919143876337693	1.0
785_OMC-125	7.0	7.0	2.5383763717345067	0.79625	1.0
786_OMC-125	7.0	7.0	2.55482403917385	0.8012486992715921	1.0
787_OMC-125	6.0	6.0	2.1661393917001095	0.7352941176470589	0.9705882352941176
788_OMC-125	6.0	6.0	2.4194705707972526	0.7936	1.0
789_OMC-125	6.0	6.0	2.1895113987928916	0.7471383975026015	0.967741935483871
78_OMC-125	4.0	4.0	1.9039678130877657	0.7197231833910034	1.0
790_OMC-125	7.0	7.0	2.474435473686522	0.7878787878787878	0.9696969696969697
791_OMC-125	6.0	6.0	2.2463872269939036	0.75	1.0
792_OMC-125	6.0	6.0	2.4780948881692604	0.8086734693877551	1.0
793_OMC-125	6.0	6.0	2.353294696887725	0.7826086956521738	0.9565217391304348
794_OMC-125	6.0	6.0	2.366155641177104	0.7932098765432098	0.9722222222222222
795_OMC-125	5.0	5.0	2.0729439250866375	0.7235996326905417	1.0
796_OMC-125	6.0	6.0	2.3646322584348587	0.7888970051132214	1.0
797_OMC-125	5.0	5.0	2.161978179679554	0.757396449704142	1.0
798_OMC-125	7.0	7.0	2.650134311508792	0.8303850156087409	0.967741935483871
799_OMC-125	6.0	6.0	2.475832576851342	0.8114285714285714	1.0
79_OMC-125	10.0	7.0	2.1529205615204177	0.7058823529411764	0.9117647058823529
7_OMC-125	7.0	7.0	2.683571952843122	0.834319526627219	1.0
800_OMC-125	8.0	7.0	2.3563058954995166	0.7769097222222222	0.9583333333333334
801_OMC-125	7.0	7.0	2.691318832861386	0.8337924701561065	1.0
802_OMC-125	5.0	5.0	2.151363669197544	0.7534722222222222	1.0
803_OMC-125	7.0	7.0	2.603571553941369	0.8181818181818182	0.9545454545454546
804_OMC-125	5.0	5.0	2.228072225106997	0.7750865051903114	1.0
805_OMC-125	8.0	7.0	2.4932839392193467	0.7959183673469388	0.9285714285714286
806_OMC-125	7.0	7.0	2.583299997868785	0.8149910767400357	1.0
807_OMC-125	7.0	7.0	2.572253928364927	0.8111111111111111	0.9666666666666667
808_OMC-125	5.0	5.0	2.1229853836154926	0.7443519619500595	1.0
809_OMC-125	9.0	8.0	2.79356736195246	0.8472222222222222	0.9444444444444444
80_OMC-125	7.0	7.0	2.579504081436805	0.8130193905817175	1.0
810_OMC-125	7.0	7.0	2.509552032038939	0.8048979591836735	0.9714285714285714
811_OMC-125	10.0	7.0	2.372253928364927	0.7777777777777778	0.9
812_OMC-125	7.0	7.0	2.7083942101587835	0.8367346938775511	1.0
813_OMC-125	7.0	7.0	2.5658442432471906	0.8108108108108107	1.0
814_OMC-125	7.0	7.0	2.451058787661493	0.78625	0.975
815_OMC-125	8.0	8.0	2.7528853991056255	0.8297172912557528	1.0
816_OMC-125	7.0	7.0	2.6657769146135104	0.831758034026465	0.9565217391304348
817_OMC-125	7.0	7.0	2.6835423624332306	0.8333333333333334	0.9444444444444444
818_OMC-125	6.0	6.0	2.093352172955013	0.6900826446280992	0.9545454545454546
819_OMC-125	7.0	7.0	2.583465189601647	0.8096	0.96
81_OMC-125	6.0	6.0	2.416421005126969	0.7991675338189386	1.0
820_OMC-125	6.0	6.0	2.5045326439179836	0.8165680473372781	1.0
821_OMC-125	7.0	7.0	2.539353872167201	0.7949999999999999	0.95
822_OMC-125	7.0	7.0	2.6626878900165245	0.826171875	1.0
823_OMC-125	7.0	7.0	2.6858716135195184	0.8348765432098766	1.0
824_OMC-125	5.0	5.0	2.0182155146751497	0.7146814404432134	0.9473684210526316
825_OMC-125	8.0	8.0	2.806660251061788	0.8448753462603878	0.9736842105263158
826_OMC-125	6.0	6.0	2.4374058114255184	0.8	1.0
827_OMC-125	6.0	6.0	2.4357777359902735	0.80078125	1.0
828_OMC-125	7.0	7.0	2.5536067690445994	0.7970863683662851	1.0
829_OMC-125	5.0	5.0	2.2466848226200007	0.77875	1.0
82_OMC-125	8.0	8.0	2.643284852291158	0.8047337278106509	0.9807692307692307
830_OMC-125	6.0	6.0	2.2802722520444543	0.7479224376731302	1.0
831_OMC-125	6.0	6.0	2.3092889027439356	0.768888888888889	0.9666666666666667
832_OMC-125	6.0	6.0	2.2850410882687076	0.7731864095500459	0.9696969696969697
833_OMC-125	7.0	7.0	2.556901076035406	0.7975778546712802	1.0
834_OMC-125	6.0	6.0	2.3339119513005477	0.7712	1.0
835_OMC-125	5.0	5.0	1.9579393553211153	0.6980609418282548	0.9473684210526316
836_OMC-125	7.0	7.0	2.4419652149144677	0.7713498622589532	0.9696969696969697
837_OMC-125	6.0	6.0	2.369466318586924	0.7873799725651578	0.962962962962963
838_OMC-125	5.0	5.0	2.1307095825937483	0.74125	1.0
839_OMC-125	7.0	7.0	2.7028195311147836	0.8359375	0.9375
83_OMC-125	5.0	5.0	2.208394210158784	0.7729591836734694	1.0
840_OMC-125	5.0	5.0	2.0998625053956435	0.7345679012345678	1.0
841_OMC-125	6.0	6.0	2.2399212838293647	0.736328125	1.0
842_OMC-125	6.0	6.0	2.3289201959026675	0.773356401384083	1.0
843_OMC-125	8.0	8.0	2.788706570620927	0.8400292184075968	1.0
844_OMC-125	6.0	6.0	2.3310697444469306	0.7709696609161213	1.0
845_OMC-125	7.0	7.0	2.586819311165902	0.8128	0.96
846_OMC-125	7.0	7.0	2.6600720344429605	0.8293877551020408	1.0
847_OMC-125	6.0	6.0	2.4284930703645586	0.8032	0.96
848_OMC-125	6.0	6.0	2.196454938448121	0.7478497057492077	1.0
849_OMC-125	8.0	8.0	2.7570018934383316	0.8264462809917354	1.0
84_OMC-125	6.0	6.0	2.4041444620679115	0.7942925089179549	1.0
850_OMC-125	8.0	8.0	2.892724905113432	0.8596938775510203	0.9642857142857143
851_OMC-125	6.0	6.0	2.3605024517739515	0.7878787878787878	0.9696969696969697
852_OMC-125	7.0	7.0	2.760784558297853	0.8472222222222222	1.0
853_OMC-125	7.0	7.0	2.5500245357745905	0.8033298647242455	1.0
854_OMC-125	7.0	7.0	2.5423289894137593	0.7922437673130194	0.9473684210526316
855_OMC-125	8.25	8.0	2.7179717342678	0.8163265306122449	0.9047619047619048
856_OMC-125	8.333333333333334	8.0	2.679079570624175	0.8128	0.92
857_OMC-125	5.0	5.0	2.0430107341495627	0.7272727272727273	0.9545454545454546
858_OMC-125	5.0	5.0	2.067125158510303	0.72	1.0
859_OMC-125	7.0	6.0	2.1629435852251624	0.7422222222222222	0.9333333333333333
85_OMC-125	6.0	6.0	2.2840065210862766	0.7637051039697542	0.9565217391304348
860_OMC-125	7.5	7.0	2.42789041241123	0.776406035665295	0.9259259259259259
861_OMC-125	5.0	5.0	1.8987345348334577	0.6888888888888889	0.9666666666666667
862_OMC-125	6.0	6.0	2.28157098954712	0.7695133149678604	0.9696969696969697
863_OMC-125	7.0	7.0	2.6858157091530304	0.8305785123966942	1.0
864_OMC-125	8.333333333333334	8.0	2.647707761808613	0.8065843621399177	0.9259259259259259
865_OMC-125	8.5	8.0	2.7772925846689	0.8368055555555556	0.9166666666666666
866_OMC-125	8.0	8.0	2.8578770966496307	0.8532235939643347	0.962962962962963
867_OMC-125	5.0	5.0	2.077428772913488	0.7326388888888888	1.0
868_OMC-125	6.0	6.0	2.371533594790784	0.775623268698061	1.0
869_OMC-125	8.0	8.0	2.8439135783828715	0.8494809688581315	1.0
86_OMC-125	6.0	6.0	2.433738077605798	0.8010973936899863	1.0
870_OMC-125	6.0	6.0	2.3547213575823878	0.7847222222222222	0.9583333333333334
871_OMC-125	6.0	6.0	2.4962058480965483	0.8128544423440454	1.0
872_OMC-125	5.0	5.0	2.003108890577854	0.7148760330578512	0.9545454545454546
873_OMC-125	7.0	7.0	2.6541632888566613	0.8277551020408163	1.0
874_OMC-125	6.0	6.0	2.0960029177460537	0.6893491124260356	1.0
875_OMC-125	7.0	7.0	2.3569697877834064	0.7514863258026159	0.9655172413793104
876_OMC-125	8.0	8.0	2.8633587117512693	0.8503213957759412	1.0
877_OMC-125	7.0	7.0	2.5648325090899213	0.8106508875739645	0.9615384615384616
878_OMC-125	5.0	5.0	2.151363669197544	0.7534722222222222	1.0
879_OMC-125	6.0	6.0	2.3974742577573593	0.7915844838921762	1.0
87_OMC-125	6.5	6.0	2.3071885761626687	0.7681660899653979	0.8823529411764706
880_OMC-125	6.0	6.0	2.351993391019184	0.7804370447450573	1.0
881_OMC-125	7.0	7.0	2.3949072678012446	0.7637877211238293	1.0
882_OMC-125	6.5	6.0	2.2177648376739314	0.7569444444444444	0.9166666666666666
883_OMC-125	7.0	7.0	2.4948204868923636	0.7885802469135803	1.0
884_OMC-125	7.0	7.0	2.3974168451037094	0.7622222222222221	0.9666666666666667
885_OMC-125	6.0	6.0	1.9647351787255052	0.6555555555555556	0.9666666666666667
886_OMC-125	5.0	5.0	2.1819011889093374	0.7584	1.0
887_OMC-125	8.0	8.0	2.7624327215700903	0.8347205707491082	0.9655172413793104
888_OMC-125	8.333333333333334	8.0	2.567932811966324	0.7929240374609782	0.935483870967742
889_OMC-125	7.0	6.0	2.2093038958278175	0.758494031221304	0.9393939393939394
88_OMC-125	7.0	7.0	2.6541632888566613	0.8277551020408164	1.0
890_OMC-125	6.0	6.0	2.3070027314271107	0.7743055555555556	0.9583333333333334
891_OMC-125	6.0	6.0	2.2146939516467024	0.7424	0.96
892_OMC-125	6.0	6.0	2.329228777587122	0.7781065088757396	0.9615384615384616
893_OMC-125	6.0	6.0	2.326597655573916	0.783203125	0.96875
894_OMC-125	8.0	8.0	2.864853097980517	0.8511111111111112	1.0
895_OMC-125	6.0	6.0	2.4088113787684886	0.7947530864197531	1.0
896_OMC-125	7.0	7.0	2.6639259066646215	0.8316326530612245	0.9642857142857143
897_OMC-125	6.5	6.0	2.143501030536721	0.7337278106508875	0.9230769230769231
898_OMC-125	5.0	5.0	2.1105961389266823	0.7482993197278911	0.9523809523809523
899_OMC-125	7.0	7.0	2.3578824518607027	0.7466666666666666	0.9666666666666667
89_OMC-125	7.0	7.0	2.465290521868028	0.7839506172839507	0.9722222222222222
8_OMC-125	6.0	6.0	2.29039065852147	0.7586206896551724	1.0
900_OMC-125	8.0	8.0	2.5638663395075443	0.7728894173602854	0.9655172413793104
901_OMC-125	6.0	6.0	2.2304798196192204	0.7559183673469387	0.9714285714285714
902_OMC-125	7.0	7.0	2.590367278693491	0.8140495867768596	0.9545454545454546
903_OMC-125	7.0	7.0	2.3928712980591227	0.7462277091906722	1.0
904_OMC-125	7.0	7.0	2.6148526078290457	0.8197530864197531	1.0
905_OMC-125	5.0	5.0	2.045841640885174	0.7100591715976331	0.9230769230769231
906_OMC-125	6.0	6.0	2.218612766053084	0.7513007284079085	0.967741935483871
907_OMC-125	7.0	7.0	2.4432595624897795	0.7795138888888888	1.0
908_OMC-125	8.333333333333334	8.0	2.5256733260273823	0.7762747138397502	0.935483870967742
909_OMC-125	8.0	8.0	2.7999748045069537	0.8408163265306122	1.0
90_OMC-125	8.0	8.0	2.7313294609881127	0.8298027757487216	0.972972972972973
910_OMC-125	6.0	6.0	2.5110804962442783	0.8155555555555556	1.0
911_OMC-125	6.5	6.0	2.3244093931715555	0.7777777777777777	0.8888888888888888
912_OMC-125	7.0	7.0	2.4056390622295667	0.765625	1.0
913_OMC-125	7.0	7.0	2.6564451672473557	0.8284023668639053	1.0
914_OMC-125	7.0	7.0	2.5049178586611065	0.7919143876337693	0.9655172413793104
915_OMC-125	7.0	7.0	2.442622236077269	0.7777777777777778	0.9666666666666667
916_OMC-125	7.0	7.0	2.5832087899736025	0.8191000918273645	0.9696969696969697
917_OMC-125	5.0	5.0	2.017226962994476	0.7118055555555556	1.0
918_OMC-125	6.0	6.0	2.474494200603751	0.809573361082206	1.0
919_OMC-125	7.333333333333333	7.0	2.469508336839199	0.7916666666666666	0.9166666666666666
91_OMC-125	7.0	7.0	2.7550445300659923	0.8472222222222222	1.0
920_OMC-125	6.0	6.0	2.323466528427794	0.778061224489796	0.9642857142857143
921_OMC-125	6.0	6.0	2.502635544358062	0.8149910767400357	1.0
922_OMC-125	8.0	8.0	2.7137498015810535	0.8264462809917356	0.9772727272727273
923_OMC-125	7.0	7.0	2.3951026026932274	0.7734375	0.96875
924_OMC-125	7.0	7.0	2.4613614545356906	0.787436084733382	1.0
925_OMC-125	7.0	7.0	2.552549677765604	0.798828125	1.0
926_OMC-125	6.0	6.0	2.390778408174652	0.7895362663495838	1.0
927_OMC-125	8.0	8.0	2.934724529237319	0.8632580261593341	1.0
928_OMC-125	6.0	6.0	2.529505566323074	0.8204518430439952	1.0
929_OMC-125	7.0	7.0	2.7492553971685	0.8466666666666667	1.0
92_OMC-125	6.0	6.0	2.171474187957335	0.7328970850684117	1.0
930_OMC-125	8.0	8.0	2.6760530293017886	0.8205128205128205	0.9743589743589743
931_OMC-125	7.0	7.0	2.5523975669660763	0.8060486522024983	1.0
932_OMC-125	7.0	7.0	2.527251362648903	0.7970863683662851	1.0
933_OMC-125	6.0	6.0	2.4748917178498937	0.8090737240075614	1.0
934_OMC-125	6.0	6.0	2.217090774749888	0.7395833333333333	0.9583333333333334
935_OMC-125	7.0	7.0	2.5963439859599906	0.8175582990397805	0.962962962962963
936_OMC-125	6.0	6.0	2.364735178725505	0.7888888888888889	0.9666666666666667
937_OMC-125	6.0	6.0	2.184323876252886	0.74293228139382	0.9743589743589743
938_OMC-125	7.0	7.0	2.6379623603826143	0.8252080856123662	1.0
939_OMC-125	8.0	8.0	2.8645520190433373	0.8506841165972636	1.0
93_OMC-125	5.0	5.0	2.2492870686521598	0.7811634349030472	1.0
940_OMC-125	8.0	8.0	2.7789850609493767	0.8352171326591314	1.0
941_OMC-125	6.0	6.0	2.217090774749888	0.7395833333333333	0.9583333333333334
942_OMC-125	6.0	6.0	2.2535532089563515	0.7479338842975206	0.9545454545454546
943_OMC-125	5.0	5.0	1.8147105334540892	0.6492271105826397	0.9655172413793104
944_OMC-125	6.0	6.0	2.285492964939623	0.759515570934256	1.0
945_OMC-125	7.0	7.0	2.6856890902212394	0.8342857142857143	1.0
946_OMC-125	5.0	5.0	1.952539788109873	0.7050754458161865	0.962962962962963
947_OMC-125	7.0	7.0	2.5842953160960103	0.8125	0.9583333333333334
948_OMC-125	6.0	6.0	2.190455255945116	0.7443519619500594	0.9655172413793104
949_OMC-125	7.0	7.0	2.504150912555699	0.8042831647828673	0.975609756097561
94_OMC-125	6.5	6.0	2.0931254962522607	0.7205707491082045	0.9310344827586207
950_OMC-125	8.0	8.0	2.673887052177136	0.8088642659279779	1.0
951_OMC-125	4.0	4.0	1.9344518194827178	0.7266666666666667	1.0
952_OMC-125	7.0	7.0	2.6212118291784776	0.8241415192507804	0.967741935483871
953_OMC-125	8.0	8.0	2.576401632979139	0.7901234567901234	0.9722222222222222
954_OMC-125	6.0	6.0	2.259669235259032	0.7578125	0.96875
955_OMC-125	4.0	4.0	1.8654371053199075	0.7058823529411764	1.0
956_OMC-125	7.0	7.0	2.593764864713701	0.8117539026629935	1.0
957_OMC-125	7.0	7.0	2.4164997849817107	0.7612456747404844	1.0
958_OMC-125	7.5	7.0	2.3908053406487797	0.7653061224489797	0.9285714285714286
959_OMC-125	8.0	8.0	2.6668248843317515	0.8117283950617284	1.0
95_OMC-125	7.0	7.0	2.6137576782928114	0.8155555555555556	1.0
960_OMC-125	7.0	7.0	2.572772216045205	0.8044077134986226	1.0
961_OMC-125	6.0	6.0	2.380885387270129	0.7894736842105263	1.0
962_OMC-125	7.0	7.0	2.612431661553041	0.8148148148148148	1.0
963_OMC-125	7.0	7.0	2.6203255425432155	0.8166351606805293	1.0
964_OMC-125	7.0	6.0	2.0728907223310395	0.7109375	0.9375
965_OMC-125	6.0	6.0	2.333206219346495	0.775	0.95
966_OMC-125	7.0	7.0	2.4821866001074064	0.78875	1.0
967_OMC-125	7.0	7.0	2.5964471427174733	0.816358024691358	1.0
968_OMC-125	6.5	6.0	2.2230137220029573	0.7561436672967864	0.9130434782608696
969_OMC-125	7.0	7.0	2.5660451087821494	0.8155759870200108	0.9767441860465116
96_OMC-125	8.0	8.0	2.6819846362659963	0.813735691987513	0.967741935483871
970_OMC-125	7.0	7.0	2.5808987483760886	0.8114285714285714	1.0
971_OMC-125	7.5	7.0	2.423935762550598	0.7791495198902607	0.9259259259259259
972_OMC-125	6.0	6.0	2.4288267891319015	0.7942925089179548	1.0
973_OMC-125	5.0	5.0	1.9914388709471218	0.7069943289224954	0.9565217391304348
974_OMC-125	8.333333333333334	8.0	2.7148376833164645	0.8254437869822485	0.9230769230769231
975_OMC-125	7.0	6.0	2.133481781973607	0.7392257121986852	0.9459459459459459
976_OMC-125	6.0	6.0	2.408694969562842	0.7949999999999999	0.95
977_OMC-125	7.0	7.0	2.613660689688186	0.8128	1.0
978_OMC-125	6.0	6.0	2.209373819848179	0.7395918367346939	1.0
979_OMC-125	6.0	6.0	2.3204908852273176	0.7697798929208804	1.0
97_OMC-125	6.0	6.0	2.3735797475179394	0.7888161808447354	1.0
980_OMC-125	7.0	7.0	2.6455680751545096	0.8264462809917354	1.0
981_OMC-125	6.0	6.0	2.3149112214500147	0.76	1.0
982_OMC-125	6.0	6.0	2.0349409139562287	0.6627218934911243	1.0
983_OMC-125	6.0	6.0	2.235926350629033	0.7392290249433107	0.9523809523809523
984_OMC-125	7.0	7.0	2.6288062452137058	0.8210372534696859	1.0
985_OMC-125	5.0	5.0	1.9847611826697247	0.699724517906336	1.0
986_OMC-125	5.0	5.0	2.005369208880387	0.712890625	1.0
987_OMC-125	8.0	8.0	2.764702665840836	0.8345473465140478	0.967741935483871
988_OMC-125	6.0	6.0	2.4062493277582755	0.801038062283737	0.9705882352941176
989_OMC-125	7.0	7.0	2.4276221717581357	0.7776456599286563	0.9655172413793104
98_OMC-125	8.0	8.0	2.823465189601648	0.8448	0.96
990_OMC-125	7.0	6.0	2.2075696535050606	0.7551020408163265	0.9285714285714286
991_OMC-125	5.0	5.0	2.2108606430179942	0.772189349112426	1.0
992_OMC-125	7.5	7.0	2.229473298359841	0.7155555555555555	0.9333333333333333
993_OMC-125	7.5	7.0	2.4481203125901447	0.7777777777777778	0.9166666666666666
994_OMC-125	9.0	8.0	2.649459222938939	0.8213610586011342	0.9565217391304348
995_OMC-125	7.0	6.0	2.2402643641895565	0.7658688865764829	0.935483870967742
996_OMC-125	7.0	7.0	2.4688702187432865	0.7871581450653984	0.9655172413793104
997_OMC-125	8.0	8.0	2.82578551293746	0.8469387755102041	0.9642857142857143
998_OMC-125	5.0	5.0	2.0916727785823275	0.7474489795918366	0.9642857142857143
999_OMC-125	6.0	6.0	2.498077546623641	0.8166089965397924	0.9411764705882353
99_OMC-125	6.0	6.0	2.484987316321448	0.8125	1.0
9_OMC-125	7.0	7.0	2.6263796843507325	0.8271604938271605	0.9722222222222222
