	chao1	observed_otus	shannon	simpson	goods_coverage
1000_OMC-446	8.333333333333334	8.0	2.8325608750566906	0.8480725623582767	0.9047619047619048
100_OMC-446	7.0	7.0	2.6606732334168424	0.8299319727891157	0.9523809523809523
101_OMC-446	9.75	9.0	3.010570934268484	0.8642659279778393	0.8421052631578947
102_OMC-446	8.333333333333334	8.0	2.75707541331394	0.8317580340264651	0.9130434782608696
103_OMC-446	8.0	8.0	2.7966138511441443	0.8344671201814059	0.9523809523809523
104_OMC-446	7.333333333333333	7.0	2.557727778739319	0.8024691358024691	0.8888888888888888
105_OMC-446	7.0	7.0	2.6659573209491745	0.83	0.95
106_OMC-446	8.2	8.0	2.7199643047423914	0.8208616780045352	0.9047619047619048
107_OMC-446	9.5	8.0	2.724719803319052	0.8253968253968255	0.8571428571428572
108_OMC-446	6.333333333333333	6.0	2.411602217974672	0.7928994082840236	0.8461538461538461
109_OMC-446	7.0	7.0	2.6542553132150286	0.8235294117647058	0.9411764705882353
10_OMC-446	8.333333333333334	8.0	2.865576855207249	0.8531855955678671	0.8947368421052632
110_OMC-446	8.5	8.0	2.83854644739349	0.8480725623582767	0.9047619047619048
111_OMC-446	8.0	8.0	2.8918519463822396	0.8571428571428572	0.9523809523809523
112_OMC-446	7.0	7.0	2.703701696057348	0.835	1.0
113_OMC-446	9.0	9.0	3.0837651410695517	0.8760330578512396	0.9545454545454546
114_OMC-446	9.5	8.0	2.784183719779189	0.84	0.85
115_OMC-446	8.25	8.0	2.8219280948873626	0.845	0.9
116_OMC-446	8.333333333333334	8.0	2.784010874644601	0.8344671201814059	0.9047619047619048
117_OMC-446	7.0	7.0	2.675595777605311	0.8310249307479225	0.9473684210526316
118_OMC-446	5.0	5.0	2.25	0.78125	1.0
119_OMC-446	7.5	7.0	2.6100635408770727	0.8199445983379501	0.8947368421052632
11_OMC-446	9.0	9.0	3.0294520440309136	0.8657844990548205	0.9565217391304348
120_OMC-446	8.0	7.0	2.6464393446710157	0.83	0.9
121_OMC-446	7.0	7.0	2.589518302689536	0.8088642659279779	0.9473684210526316
122_OMC-446	8.5	7.0	2.498077546623641	0.7889273356401384	0.8235294117647058
123_OMC-446	6.0	6.0	2.561848239589024	0.8279773156899811	1.0
124_OMC-446	8.0	8.0	2.8630945514207635	0.8512396694214877	0.9545454545454546
125_OMC-446	6.0	6.0	2.5306016985440762	0.8199445983379501	1.0
126_OMC-446	8.75	8.0	2.827819531114783	0.84375	0.8125
127_OMC-446	8.5	8.0	2.799007754410897	0.8388429752066116	0.9090909090909091
128_OMC-446	8.0	8.0	2.9151959937952427	0.8616780045351474	0.9523809523809523
129_OMC-446	8.5	7.0	2.4885548621928453	0.7901234567901234	0.8333333333333334
12_OMC-446	7.0	7.0	2.6159835655819164	0.8204158790170133	0.9565217391304348
130_OMC-446	8.166666666666666	8.0	2.875	0.8515625	0.875
131_OMC-446	8.25	8.0	2.8037016960573484	0.84	0.9
132_OMC-446	8.25	8.0	2.760666827231598	0.8299319727891157	0.9047619047619048
133_OMC-446	8.5	8.0	2.8559049224696933	0.8526077097505669	0.9047619047619048
134_OMC-446	7.0	7.0	2.6294817080809567	0.8208616780045352	0.9523809523809523
135_OMC-446	7.0	7.0	2.6659573209491745	0.83	0.95
136_OMC-446	8.25	8.0	2.791858352567483	0.8390022675736961	0.9047619047619048
137_OMC-446	6.0	6.0	2.5048003829823355	0.814404432132964	1.0
138_OMC-446	9.5	8.0	2.7385528535787333	0.8299319727891157	0.8571428571428572
139_OMC-446	7.0	7.0	2.6947814605842733	0.8365650969529086	0.9473684210526316
13_OMC-446	7.0	7.0	2.6659573209491745	0.83	0.95
140_OMC-446	7.0	7.0	2.674460868536108	0.831758034026465	0.9565217391304348
141_OMC-446	6.0	6.0	2.5175199783432034	0.8166351606805293	1.0
142_OMC-446	9.5	8.0	2.80004461847901	0.8421052631578947	0.8421052631578947
143_OMC-446	9.2	9.0	2.975316718038021	0.8582230623818525	0.9130434782608696
144_OMC-446	9.6	9.0	3.057476076289932	0.8719723183391004	0.8235294117647058
145_OMC-446	8.0	7.0	2.610577243331642	0.8163265306122449	0.7857142857142857
146_OMC-446	7.0	7.0	2.710777084415067	0.8395061728395061	0.9444444444444444
147_OMC-446	8.0	8.0	2.860320777833045	0.8476454293628809	0.9473684210526316
148_OMC-446	7.0	7.0	2.737872392231515	0.8429752066115703	1.0
149_OMC-446	8.333333333333334	8.0	2.8655768552072485	0.8531855955678671	0.8947368421052632
14_OMC-446	6.0	6.0	2.4692407821722844	0.8096885813148789	0.9411764705882353
150_OMC-446	7.0	7.0	2.704534899819343	0.8373702422145328	0.9411764705882353
151_OMC-446	7.0	7.0	2.7373227798185953	0.8435374149659864	1.0
152_OMC-446	8.0	8.0	2.8918519463822396	0.8571428571428572	0.9523809523809523
153_OMC-446	7.333333333333333	7.0	2.609850166028943	0.8166089965397924	0.8823529411764706
154_OMC-446	9.0	8.0	2.723219672335508	0.825	0.85
155_OMC-446	7.5	7.0	2.6213526136130225	0.8209876543209876	0.8888888888888888
156_OMC-446	7.0	7.0	2.619970710927636	0.8208616780045352	0.9523809523809523
157_OMC-446	8.5	8.0	2.799007754410897	0.8388429752066116	0.9090909090909091
158_OMC-446	8.333333333333334	8.0	2.865576855207249	0.8531855955678671	0.8947368421052632
159_OMC-446	9.2	9.0	3.005678590456677	0.8616780045351474	0.9047619047619048
15_OMC-446	9.0	8.0	2.794653473544342	0.8395061728395061	0.8333333333333334
160_OMC-446	7.0	7.0	2.710777084415067	0.8395061728395061	0.9444444444444444
161_OMC-446	7.0	7.0	2.704534899819343	0.8373702422145328	0.9411764705882353
162_OMC-446	7.0	7.0	2.703701696057348	0.835	1.0
163_OMC-446	7.0	7.0	2.694781460584273	0.8365650969529086	0.9473684210526316
164_OMC-446	10.0	9.0	3.0086949695628418	0.865	0.85
165_OMC-446	9.166666666666666	9.0	3.0037016960573486	0.86	0.9
166_OMC-446	9.2	9.0	3.005678590456677	0.8616780045351474	0.9047619047619048
167_OMC-446	8.0	8.0	2.8744934713060357	0.8526077097505669	0.9523809523809523
168_OMC-446	6.0	6.0	2.4854752972273344	0.81	1.0
169_OMC-446	9.75	9.0	2.965957320949175	0.855	0.85
16_OMC-446	7.0	7.0	2.708098663501806	0.8347107438016529	1.0
170_OMC-446	8.25	8.0	2.8205898566665466	0.8421052631578947	0.8947368421052632
171_OMC-446	11.0	8.0	2.7966138511441447	0.8435374149659864	0.8571428571428572
172_OMC-446	8.0	8.0	2.891851946382239	0.8571428571428572	0.9523809523809523
173_OMC-446	8.25	8.0	2.760666827231598	0.8299319727891157	0.9047619047619048
174_OMC-446	7.0	7.0	2.702940087321047	0.8393194706994329	0.9565217391304348
175_OMC-446	7.0	7.0	2.719912240606403	0.8393194706994329	1.0
176_OMC-446	9.166666666666666	9.0	3.050301855434982	0.8698060941828255	0.8947368421052632
177_OMC-446	7.0	7.0	2.6153196182512763	0.814404432132964	0.9473684210526316
178_OMC-446	7.0	7.0	2.684017280829845	0.8344671201814059	0.9523809523809523
179_OMC-446	9.5	8.0	2.80004461847901	0.8421052631578947	0.8421052631578947
17_OMC-446	7.0	7.0	2.6966202573293883	0.8344671201814059	1.0
180_OMC-446	10.0	7.0	2.5654450188428566	0.8096885813148789	0.8235294117647058
181_OMC-446	8.25	8.0	2.821928094887362	0.845	0.9
182_OMC-446	8.333333333333334	8.0	2.865576855207249	0.8531855955678671	0.8947368421052632
183_OMC-446	7.0	7.0	2.772924455774821	0.8506616257088847	1.0
184_OMC-446	9.2	9.0	2.9468374992530824	0.8506616257088847	0.9130434782608696
185_OMC-446	6.0	6.0	2.424835634986198	0.7889273356401384	1.0
186_OMC-446	8.5	8.0	2.8559049224696933	0.8526077097505669	0.9047619047619048
187_OMC-446	8.2	8.0	2.9056390622295662	0.859375	0.875
188_OMC-446	8.333333333333334	8.0	2.8655768552072485	0.8531855955678671	0.8947368421052632
189_OMC-446	9.0	8.0	2.774401919288771	0.8333333333333333	0.8333333333333334
18_OMC-446	9.0	8.0	2.6840172808298455	0.8163265306122449	0.8571428571428572
190_OMC-446	7.0	7.0	2.6835423624332306	0.8333333333333334	0.9444444444444444
191_OMC-446	8.25	8.0	2.8037016960573484	0.84	0.9
192_OMC-446	7.0	7.0	2.684017280829845	0.8344671201814059	0.9523809523809523
193_OMC-446	6.0	6.0	2.5032583347756456	0.8148148148148149	1.0
194_OMC-446	9.25	9.0	3.0124798907455577	0.8657844990548205	0.9130434782608696
195_OMC-446	10.0	9.0	3.0086949695628418	0.865	0.85
196_OMC-446	5.0	5.0	2.2806390622295667	0.7890625	1.0
197_OMC-446	7.0	7.0	2.752715278979705	0.845679012345679	1.0
198_OMC-446	9.75	9.0	2.9841837197791885	0.86	0.85
199_OMC-446	7.0	7.0	2.7247198033190516	0.8435374149659864	0.9523809523809523
19_OMC-446	6.0	6.0	2.4789990674205953	0.8088642659279779	1.0
1_OMC-446	8.5	8.0	2.799007754410897	0.8388429752066116	0.9090909090909091
200_OMC-446	8.0	7.0	2.6688388898504303	0.8333333333333334	0.8888888888888888
201_OMC-446	8.0	8.0	2.905307776373747	0.8587257617728532	0.9473684210526316
202_OMC-446	6.0	6.0	2.503701696057348	0.815	1.0
203_OMC-446	8.0	7.0	2.6550505394177746	0.8310249307479225	0.8947368421052632
204_OMC-446	6.0	6.0	2.4410685859554375	0.8024691358024691	0.9444444444444444
205_OMC-446	6.5	6.0	2.345719283930527	0.7820069204152249	0.8823529411764706
206_OMC-446	8.0	8.0	2.9086949695628417	0.86	0.95
207_OMC-446	7.25	7.0	2.581013401577586	0.8096885813148789	0.8823529411764706
208_OMC-446	7.5	7.0	2.6037016960573482	0.82	0.9
209_OMC-446	6.0	6.0	2.41896119556797	0.7958477508650519	0.9411764705882353
20_OMC-446	7.0	7.0	2.6835423624332306	0.8333333333333334	0.9444444444444444
210_OMC-446	7.0	7.0	2.704534899819343	0.8373702422145328	0.9411764705882353
211_OMC-446	7.0	7.0	2.684183719779189	0.835	0.95
212_OMC-446	7.0	7.0	2.6654287319935026	0.8253968253968254	1.0
213_OMC-446	7.0	7.0	2.7516103255281665	0.8468809073724007	1.0
214_OMC-446	7.25	7.0	2.6565647621309543	0.8266666666666667	0.8666666666666667
215_OMC-446	8.0	8.0	2.8918519463822396	0.8571428571428572	0.9523809523809523
216_OMC-446	10.0	9.0	2.926646479830902	0.8506616257088847	0.8695652173913043
217_OMC-446	4.0	4.0	1.8464393446710157	0.7	0.9
218_OMC-446	6.0	6.0	2.452819531114783	0.8046875	0.9375
219_OMC-446	7.0	7.0	2.694781460584273	0.8365650969529086	0.9473684210526316
21_OMC-446	6.0	6.0	2.529488114266201	0.8208616780045351	1.0
220_OMC-446	7.25	7.0	2.581013401577586	0.8096885813148789	0.8823529411764706
221_OMC-446	8.5	7.0	2.60623892865339	0.8177777777777777	0.8
222_OMC-446	6.0	6.0	2.4046784730635706	0.7901234567901234	0.9444444444444444
223_OMC-446	7.0	7.0	2.706890595608519	0.8355555555555556	0.9333333333333333
224_OMC-446	8.25	8.0	2.7709505944546686	0.83	0.9
225_OMC-446	10.5	9.0	2.900051698999543	0.8421052631578947	0.7894736842105263
226_OMC-446	7.333333333333333	7.0	2.5941178916311856	0.8148148148148149	0.8888888888888888
227_OMC-446	9.75	9.0	3.010570934268484	0.8642659279778393	0.8421052631578947
228_OMC-446	9.6	9.0	3.057476076289931	0.8719723183391004	0.8235294117647058
229_OMC-446	7.5	7.0	2.660129752633257	0.8304498269896193	0.8823529411764706
22_OMC-446	6.5	6.0	2.3457192839305274	0.7820069204152249	0.8823529411764706
230_OMC-446	8.333333333333334	8.0	2.846439344671016	0.85	0.9
231_OMC-446	7.0	7.0	2.7357612830672853	0.8431001890359169	1.0
232_OMC-446	7.5	7.0	2.5701906367554077	0.8117913832199547	0.9047619047619048
233_OMC-446	11.0	8.0	2.7489400470054295	0.8304498269896194	0.7647058823529411
234_OMC-446	7.0	6.0	2.3355055565170972	0.7777777777777778	0.8888888888888888
235_OMC-446	7.0	7.0	2.706890595608519	0.8355555555555556	0.9333333333333333
236_OMC-446	8.75	8.0	2.793345194191516	0.8373702422145328	0.8235294117647058
237_OMC-446	6.0	6.0	2.470197042940652	0.8117913832199547	0.9523809523809523
238_OMC-446	7.0	7.0	2.6232196723355075	0.82	0.95
239_OMC-446	6.0	6.0	2.5136459293583706	0.8166089965397924	1.0
23_OMC-446	7.0	7.0	2.7357612830672853	0.8431001890359169	1.0
240_OMC-446	9.0	8.0	2.7550576199383077	0.8310249307479225	0.8421052631578947
241_OMC-446	8.25	8.0	2.7918583525674836	0.8390022675736961	0.9047619047619048
242_OMC-446	8.5	8.0	2.8709505944546687	0.855	0.9
243_OMC-446	7.0	7.0	2.704534899819343	0.8373702422145328	0.9411764705882353
244_OMC-446	7.25	7.0	2.699513850319966	0.8367346938775511	0.8571428571428572
245_OMC-446	9.6	9.0	2.941446071165522	0.85	0.85
246_OMC-446	7.0	6.0	2.3685225277282065	0.7768595041322314	0.7272727272727273
247_OMC-446	8.333333333333334	8.0	2.8325608750566906	0.8480725623582767	0.9047619047619048
248_OMC-446	8.0	8.0	2.9086949695628426	0.86	0.95
249_OMC-446	7.0	7.0	2.684017280829845	0.8344671201814059	0.9523809523809523
24_OMC-446	10.0	9.0	3.0086949695628427	0.865	0.85
250_OMC-446	9.2	9.0	2.988316710610012	0.859504132231405	0.9090909090909091
251_OMC-446	7.0	7.0	2.6835423624332306	0.8333333333333334	0.9444444444444444
252_OMC-446	8.333333333333334	8.0	2.8464393446710154	0.85	0.9
253_OMC-446	8.0	7.0	2.635864856438813	0.8254847645429363	0.8947368421052632
254_OMC-446	9.166666666666666	9.0	2.982334543043674	0.8571428571428572	0.9047619047619048
255_OMC-446	7.5	7.0	2.686278124459133	0.8359375	0.875
256_OMC-446	9.75	9.0	2.946387519131128	0.8526077097505669	0.8571428571428572
257_OMC-446	7.0	7.0	2.65282575549396	0.8253968253968254	0.9523809523809523
258_OMC-446	8.25	8.0	2.8037016960573484	0.84	0.9
259_OMC-446	5.0	5.0	2.2565647621309544	0.7822222222222222	1.0
25_OMC-446	8.0	7.0	2.5492553971685	0.8	0.8
260_OMC-446	6.0	6.0	2.556054210413333	0.8264462809917356	1.0
261_OMC-446	7.0	7.0	2.7199643047423914	0.8390022675736961	1.0
262_OMC-446	10.0	8.0	2.7898980954642876	0.8355555555555556	0.7333333333333334
263_OMC-446	6.0	6.0	2.41896119556797	0.7958477508650519	0.9411764705882353
264_OMC-446	8.0	8.0	2.827059781767714	0.8431001890359169	0.9565217391304348
265_OMC-446	9.0	9.0	3.08232813685843	0.8752834467120182	0.9523809523809523
266_OMC-446	8.0	8.0	2.9450386975402454	0.8642659279778393	1.0
267_OMC-446	8.25	8.0	2.8037016960573484	0.84	0.9
268_OMC-446	9.5	8.0	2.780858935500048	0.8365650969529086	0.8421052631578947
269_OMC-446	8.5	7.0	2.4842551447947994	0.7922437673130194	0.8421052631578947
26_OMC-446	9.0	9.0	3.0666152167384504	0.8733459357277883	0.9565217391304348
270_OMC-446	8.0	8.0	2.905307776373747	0.8587257617728532	0.9473684210526316
271_OMC-446	10.5	9.0	2.900051698999543	0.8421052631578947	0.7894736842105263
272_OMC-446	7.5	7.0	2.621352613613022	0.8209876543209876	0.8888888888888888
273_OMC-446	6.0	6.0	2.41896119556797	0.7958477508650519	0.9411764705882353
274_OMC-446	9.166666666666666	9.0	3.0860486123130384	0.8765432098765432	0.8888888888888888
275_OMC-446	6.0	6.0	2.542482693809727	0.8235294117647058	1.0
276_OMC-446	9.166666666666666	9.0	3.021928094887363	0.865	0.9
277_OMC-446	8.25	8.0	2.895423870280315	0.8581314878892733	0.8823529411764706
278_OMC-446	8.333333333333334	8.0	2.891061112072653	0.8580246913580247	0.8888888888888888
279_OMC-446	7.0	7.0	2.615319618251277	0.814404432132964	0.9473684210526316
27_OMC-446	7.5	7.0	2.621352613613022	0.8209876543209876	0.8888888888888888
280_OMC-446	7.0	7.0	2.684017280829845	0.8344671201814059	0.9523809523809523
281_OMC-446	8.0	8.0	2.879506460812007	0.8531855955678671	0.9473684210526316
282_OMC-446	8.25	8.0	2.7918583525674836	0.8390022675736961	0.9047619047619048
283_OMC-446	8.333333333333334	8.0	2.8152023999804867	0.8435374149659864	0.9047619047619048
284_OMC-446	8.25	8.0	2.7179717342678	0.8163265306122449	0.9047619047619048
285_OMC-446	7.0	7.0	2.7464393446710154	0.845	1.0
286_OMC-446	8.5	8.0	2.8559049224696933	0.8526077097505669	0.9047619047619048
287_OMC-446	9.0	8.0	2.7742433029172697	0.8365650969529086	0.8421052631578947
288_OMC-446	8.25	8.0	2.8205898566665466	0.8421052631578947	0.8947368421052632
289_OMC-446	9.25	9.0	3.046381112945884	0.870748299319728	0.9047619047619048
28_OMC-446	9.6	9.0	3.016875695766564	0.8641975308641976	0.8333333333333334
290_OMC-446	8.25	8.0	2.7918583525674836	0.8390022675736961	0.9047619047619048
291_OMC-446	9.0	6.0	2.2988252450030506	0.7653061224489797	0.7857142857142857
292_OMC-446	9.0	8.0	2.7205827761460135	0.8199445983379502	0.8421052631578947
293_OMC-446	8.25	8.0	2.863826390090816	0.8518518518518519	0.8888888888888888
294_OMC-446	9.0	9.0	3.0614821867207764	0.871900826446281	0.9545454545454546
295_OMC-446	11.0	9.0	2.9258530145612833	0.8476454293628809	0.7894736842105263
296_OMC-446	8.333333333333334	8.0	2.772924455774821	0.8355387523629489	0.9130434782608696
297_OMC-446	7.0	7.0	2.7285961945290005	0.8393194706994329	1.0
298_OMC-446	7.0	7.0	2.6904685707328277	0.835	0.95
299_OMC-446	7.5	7.0	2.6100635408770727	0.8199445983379501	0.8947368421052632
29_OMC-446	7.0	7.0	2.733206219346495	0.845	0.95
2_OMC-446	7.25	7.0	2.6022170014624826	0.8125	0.875
300_OMC-446	8.25	8.0	2.8037016960573484	0.84	0.9
301_OMC-446	7.0	7.0	2.704534899819343	0.8373702422145328	0.9411764705882353
302_OMC-446	9.0	8.0	2.8440319350530703	0.8506616257088847	0.9130434782608696
303_OMC-446	7.5	7.0	2.6213526136130225	0.8209876543209876	0.8888888888888888
304_OMC-446	10.0	9.0	2.9424955222917832	0.8544423440453687	0.8695652173913043
305_OMC-446	8.0	8.0	2.8918519463822396	0.8571428571428572	0.9523809523809523
306_OMC-446	8.333333333333334	8.0	2.8064985287918303	0.8429752066115703	0.9090909090909091
307_OMC-446	7.0	7.0	2.694781460584273	0.8365650969529086	0.9473684210526316
308_OMC-446	8.25	8.0	2.895423870280316	0.8581314878892734	0.8823529411764706
309_OMC-446	6.333333333333333	6.0	2.4116022179746714	0.7928994082840236	0.8461538461538461
30_OMC-446	8.0	7.0	2.624726209504296	0.8253968253968254	0.9047619047619048
310_OMC-446	7.0	7.0	2.684183719779189	0.835	0.95
311_OMC-446	8.0	8.0	2.927798970294786	0.8616780045351474	1.0
312_OMC-446	8.25	8.0	2.839775539645508	0.8476454293628809	0.8947368421052632
313_OMC-446	8.0	8.0	2.936260027531527	0.8636363636363636	1.0
314_OMC-446	7.5	7.0	2.660129752633257	0.8304498269896193	0.8823529411764706
315_OMC-446	8.75	8.0	2.771902372038558	0.8304498269896194	0.8235294117647058
316_OMC-446	7.0	7.0	2.6966202573293883	0.8344671201814059	1.0
317_OMC-446	7.0	7.0	2.7107770844150676	0.8395061728395061	0.9444444444444444
318_OMC-446	7.0	7.0	2.7107770844150676	0.8395061728395061	0.9444444444444444
319_OMC-446	6.0	6.0	2.5282129458410014	0.8200000000000001	1.0
31_OMC-446	8.0	8.0	2.876853130799308	0.8544423440453687	0.9565217391304348
320_OMC-446	7.0	7.0	2.684017280829845	0.8344671201814059	0.9523809523809523
321_OMC-446	6.0	6.0	2.5464393446710156	0.825	1.0
322_OMC-446	9.2	9.0	2.9594676755771396	0.8544423440453687	0.9130434782608696
323_OMC-446	8.0	8.0	2.8630945514207635	0.8512396694214877	0.9545454545454546
324_OMC-446	7.0	7.0	2.6835423624332306	0.8333333333333334	0.9444444444444444
325_OMC-446	10.0	7.0	2.5654450188428566	0.8096885813148789	0.8235294117647058
326_OMC-446	7.0	7.0	2.7028195311147836	0.8359375	0.9375
327_OMC-446	8.0	8.0	2.8057456515210593	0.8393194706994329	0.9565217391304348
328_OMC-446	8.0	8.0	2.905307776373747	0.8587257617728532	0.9473684210526316
329_OMC-446	8.75	8.0	2.872905595320056	0.8533333333333333	0.8
32_OMC-446	8.2	8.0	2.8163401138534083	0.8395061728395061	0.8888888888888888
330_OMC-446	9.0	9.0	3.044912733238945	0.8677685950413223	0.9545454545454546
331_OMC-446	7.0	7.0	2.684017280829845	0.8344671201814059	0.9523809523809523
332_OMC-446	7.0	7.0	2.6061376606679536	0.8163265306122449	0.9523809523809523
333_OMC-446	7.0	7.0	2.674460868536108	0.831758034026465	0.9565217391304348
334_OMC-446	7.0	7.0	2.6835423624332306	0.8333333333333334	0.9444444444444444
335_OMC-446	7.5	7.0	2.6292492238560348	0.8254847645429363	0.8947368421052632
336_OMC-446	6.0	6.0	2.5239860659612976	0.8199445983379502	1.0
337_OMC-446	9.166666666666666	9.0	3.050301855434982	0.8698060941828255	0.8947368421052632
338_OMC-446	7.0	7.0	2.684183719779189	0.835	0.95
339_OMC-446	8.5	7.0	2.6062389286533896	0.8177777777777777	0.8
33_OMC-446	8.5	8.0	2.8385668472672965	0.8506616257088847	0.9130434782608696
340_OMC-446	7.0	7.0	2.6294817080809567	0.8208616780045351	0.9523809523809523
341_OMC-446	9.75	9.0	2.9317206879810787	0.8512396694214877	0.8636363636363636
342_OMC-446	7.0	7.0	2.710777084415067	0.8395061728395061	0.9444444444444444
343_OMC-446	7.25	7.0	2.504800382982336	0.7922437673130194	0.8947368421052632
344_OMC-446	7.0	7.0	2.7037016960573483	0.835	1.0
345_OMC-446	7.0	7.0	2.6947814605842733	0.8365650969529086	0.9473684210526316
346_OMC-446	7.0	7.0	2.6528257554939594	0.8253968253968254	0.9523809523809523
347_OMC-446	6.0	6.0	2.549787381523038	0.8254847645429363	1.0
348_OMC-446	8.25	8.0	2.8037016960573484	0.84	0.9
349_OMC-446	7.0	7.0	2.6606732334168424	0.8299319727891157	0.9523809523809523
34_OMC-446	7.0	7.0	2.6835423624332306	0.8333333333333334	0.9444444444444444
350_OMC-446	6.0	6.0	2.3686816089636555	0.7820069204152249	0.9411764705882353
351_OMC-446	6.0	6.0	2.4954618442383216	0.81	1.0
352_OMC-446	6.0	6.0	2.4282129458410013	0.7949999999999999	1.0
353_OMC-446	6.0	6.0	2.48345859334435	0.8125	0.9375
354_OMC-446	8.25	8.0	2.8397755396455087	0.8476454293628809	0.8947368421052632
355_OMC-446	8.0	8.0	2.8555390005526524	0.8506616257088847	0.9565217391304348
356_OMC-446	8.5	8.0	2.8385668472672965	0.8506616257088847	0.9130434782608696
357_OMC-446	6.0	6.0	2.5232314287976214	0.8177777777777777	1.0
358_OMC-446	11.0	8.0	2.6688388898504303	0.808641975308642	0.7777777777777778
359_OMC-446	7.0	7.0	2.704534899819343	0.8373702422145328	0.9411764705882353
35_OMC-446	9.25	9.0	3.0709505944546684	0.875	0.9
360_OMC-446	8.25	8.0	2.760666827231598	0.8299319727891157	0.9047619047619048
361_OMC-446	6.0	6.0	2.3935823097180293	0.7901234567901234	0.9444444444444444
362_OMC-446	7.333333333333333	7.0	2.6892464285091586	0.8355555555555555	0.8666666666666667
363_OMC-446	6.0	6.0	2.503701696057348	0.815	1.0
364_OMC-446	8.5	8.0	2.828781483140606	0.847107438016529	0.9090909090909091
365_OMC-446	7.5	7.0	2.6100635408770727	0.8199445983379502	0.8947368421052632
366_OMC-446	7.5	7.0	2.570950594454669	0.81	0.9
367_OMC-446	8.0	8.0	2.905307776373747	0.8587257617728532	0.9473684210526316
368_OMC-446	7.0	7.0	2.697474999535274	0.8393194706994329	0.9565217391304348
369_OMC-446	8.0	8.0	2.8582783084180448	0.845679012345679	0.9444444444444444
36_OMC-446	6.0	6.0	2.4749525415173124	0.8072562358276645	1.0
370_OMC-446	7.0	7.0	2.708694969562842	0.84	0.95
371_OMC-446	7.0	7.0	2.7045348998193433	0.8373702422145328	0.9411764705882353
372_OMC-446	8.333333333333334	8.0	2.8230679822736615	0.8471074380165289	0.9090909090909091
373_OMC-446	11.0	9.0	2.8559049224696933	0.834467120181406	0.8095238095238095
374_OMC-446	8.25	8.0	2.839775539645508	0.8476454293628809	0.8947368421052632
375_OMC-446	7.0	7.0	2.615319618251277	0.814404432132964	0.9473684210526316
376_OMC-446	6.0	6.0	2.41896119556797	0.7958477508650519	0.9411764705882353
377_OMC-446	7.0	7.0	2.704534899819343	0.8373702422145328	0.9411764705882353
378_OMC-446	9.2	9.0	3.046439344671015	0.87	0.9
379_OMC-446	7.0	7.0	2.7107770844150676	0.8395061728395061	0.9444444444444444
37_OMC-446	6.0	6.0	2.468303307937274	0.808641975308642	0.9444444444444444
380_OMC-446	9.0	8.0	2.7550576199383077	0.8310249307479225	0.8421052631578947
381_OMC-446	6.5	6.0	2.3655962303576024	0.7822222222222222	0.8666666666666667
382_OMC-446	8.25	8.0	2.7918583525674836	0.8390022675736961	0.9047619047619048
383_OMC-446	9.75	9.0	2.9463875191311284	0.8526077097505669	0.8571428571428572
384_OMC-446	7.0	7.0	2.7028195311147836	0.8359375	0.9375
385_OMC-446	8.25	8.0	2.8037016960573484	0.84	0.9
386_OMC-446	7.0	7.0	2.7205827761460135	0.8421052631578947	0.9473684210526316
387_OMC-446	7.0	7.0	2.708694969562842	0.84	0.95
388_OMC-446	8.5	8.0	2.8559049224696933	0.8526077097505669	0.9047619047619048
389_OMC-446	8.5	8.0	2.8559049224696933	0.8526077097505669	0.9047619047619048
38_OMC-446	7.25	7.0	2.5810134015775863	0.8096885813148789	0.8823529411764706
390_OMC-446	7.0	7.0	2.654255313215029	0.8235294117647058	0.9411764705882353
391_OMC-446	4.0	4.0	1.8585552118703148	0.6942148760330579	1.0
392_OMC-446	6.0	5.0	2.0662478973127314	0.7377777777777778	0.8666666666666667
393_OMC-446	8.2	8.0	2.836591668108979	0.845679012345679	0.8888888888888888
394_OMC-446	6.0	6.0	2.546846589342404	0.8253968253968255	1.0
395_OMC-446	6.0	6.0	2.546846589342405	0.8253968253968255	1.0
396_OMC-446	9.0	8.0	2.7414460711655217	0.83	0.85
397_OMC-446	10.2	9.0	2.9339545780481746	0.8442906574394464	0.7647058823529411
398_OMC-446	9.166666666666666	9.0	2.9096743265455456	0.8431001890359169	0.9130434782608696
399_OMC-446	7.0	7.0	2.683542362433231	0.8333333333333334	0.9444444444444444
39_OMC-446	7.0	7.0	2.7013757559060494	0.8390022675736961	0.9523809523809523
3_OMC-446	7.0	7.0	2.6048074635028686	0.814404432132964	0.9473684210526316
400_OMC-446	8.333333333333334	8.0	2.8282129458410012	0.845	0.9
401_OMC-446	8.25	8.0	2.8397755396455087	0.8476454293628809	0.8947368421052632
402_OMC-446	7.0	7.0	2.66329080817766	0.8271604938271605	0.9444444444444444
403_OMC-446	8.333333333333334	8.0	2.865576855207249	0.8531855955678671	0.8947368421052632
404_OMC-446	8.0	8.0	2.860320777833045	0.8476454293628809	0.9473684210526316
405_OMC-446	8.25	8.0	2.760666827231598	0.8299319727891157	0.9047619047619048
406_OMC-446	7.0	6.0	2.395998870534841	0.7958477508650519	0.8823529411764706
407_OMC-446	10.0	9.0	2.9266464798309015	0.8506616257088847	0.8695652173913043
408_OMC-446	9.25	9.0	3.0105996649587876	0.8636363636363636	0.9090909090909091
409_OMC-446	7.0	7.0	2.681276369602582	0.8347107438016529	0.9545454545454546
40_OMC-446	7.0	7.0	2.689525383210069	0.8310249307479225	1.0
410_OMC-446	6.0	6.0	2.5459991971281424	0.8241965973534972	1.0
411_OMC-446	7.0	7.0	2.743308352155394	0.8435374149659864	1.0
412_OMC-446	9.0	8.0	2.684017280829845	0.8163265306122449	0.8571428571428572
413_OMC-446	6.0	6.0	2.4613201402110083	0.808641975308642	0.9444444444444444
414_OMC-446	7.5	7.0	2.6100635408770727	0.8199445983379501	0.8947368421052632
415_OMC-446	5.0	5.0	2.2565647621309544	0.7822222222222222	1.0
416_OMC-446	8.333333333333334	8.0	2.772924455774821	0.8355387523629489	0.9130434782608696
417_OMC-446	8.0	8.0	2.8744934713060357	0.8526077097505669	0.9523809523809523
418_OMC-446	7.0	7.0	2.589518302689536	0.8088642659279779	0.9473684210526316
419_OMC-446	8.2	8.0	2.7947885411048063	0.8365650969529086	0.8947368421052632
41_OMC-446	6.0	6.0	2.498077546623641	0.8166089965397924	0.9411764705882353
420_OMC-446	7.25	7.0	2.625	0.8203125	0.875
421_OMC-446	7.5	7.0	2.552832161679204	0.8072562358276645	0.9047619047619048
422_OMC-446	9.2	9.0	2.988316710610012	0.859504132231405	0.9090909090909091
423_OMC-446	6.0	6.0	2.4830067805200744	0.808641975308642	1.0
424_OMC-446	9.166666666666666	9.0	3.021928094887363	0.865	0.9
425_OMC-446	8.333333333333334	8.0	2.8655768552072485	0.8531855955678671	0.8947368421052632
426_OMC-446	8.0	8.0	2.865957320949175	0.85	0.95
427_OMC-446	7.0	7.0	2.760666827231598	0.8480725623582767	1.0
428_OMC-446	8.0	8.0	2.8713880430135346	0.8544423440453687	0.9565217391304348
429_OMC-446	8.25	8.0	2.820589856666546	0.8421052631578947	0.8947368421052632
42_OMC-446	6.0	6.0	2.452819531114783	0.8046875	0.9375
430_OMC-446	7.0	7.0	2.65282575549396	0.8253968253968254	0.9523809523809523
431_OMC-446	6.0	6.0	2.5306016985440762	0.8199445983379502	1.0
432_OMC-446	7.0	7.0	2.684183719779189	0.835	0.95
433_OMC-446	6.0	6.0	2.561278124459133	0.828125	1.0
434_OMC-446	8.25	8.0	2.8037016960573484	0.84	0.9
435_OMC-446	9.75	9.0	2.9463875191311284	0.8526077097505669	0.8571428571428572
436_OMC-446	8.333333333333334	8.0	2.8655768552072485	0.8531855955678671	0.8947368421052632
437_OMC-446	7.0	7.0	2.7464393446710154	0.845	1.0
438_OMC-446	7.0	7.0	2.681625957074392	0.8355387523629489	0.9565217391304348
439_OMC-446	9.75	9.0	2.9841837197791885	0.86	0.85
43_OMC-446	9.5	8.0	2.784183719779189	0.84	0.85
440_OMC-446	9.5	8.0	2.780858935500048	0.8365650969529086	0.8421052631578947
441_OMC-446	8.0	7.0	2.5243974703476995	0.796875	0.8125
442_OMC-446	11.2	10.0	3.121928094887362	0.87	0.8
443_OMC-446	8.25	8.0	2.7709505944546686	0.83	0.9
444_OMC-446	8.0	8.0	2.841446071165522	0.845	0.95
445_OMC-446	7.0	7.0	2.608694969562842	0.815	0.95
446_OMC-446	8.25	8.0	2.8037016960573484	0.84	0.9
447_OMC-446	6.0	6.0	2.452819531114783	0.8046875	0.9375
448_OMC-446	5.0	5.0	2.2783518117113113	0.7889273356401384	1.0
449_OMC-446	8.0	8.0	2.827059781767714	0.8431001890359169	0.9565217391304348
44_OMC-446	10.5	10.0	3.066615216738451	0.8582230623818525	0.8695652173913043
450_OMC-446	6.0	6.0	2.5464393446710156	0.825	1.0
451_OMC-446	9.0	9.0	3.0837651410695517	0.8760330578512396	0.9545454545454546
452_OMC-446	8.0	8.0	2.905307776373747	0.8587257617728532	0.9473684210526316
453_OMC-446	6.25	6.0	2.345851989338261	0.7692307692307692	0.8461538461538461
454_OMC-446	9.5	8.0	2.7659573209491746	0.835	0.85
455_OMC-446	8.5	8.0	2.8709505944546683	0.855	0.9
456_OMC-446	9.0	9.0	3.0666152167384504	0.8733459357277883	0.9565217391304348
457_OMC-446	8.5	8.0	2.822717804806415	0.8468809073724007	0.9130434782608696
458_OMC-446	7.0	7.0	2.649794462043571	0.8254847645429363	0.9473684210526316
459_OMC-446	7.0	7.0	2.6947814605842737	0.8365650969529086	0.9473684210526316
45_OMC-446	7.6	7.0	2.7321588913645702	0.8429752066115702	0.7272727272727273
460_OMC-446	6.0	6.0	2.4613201402110088	0.808641975308642	0.9444444444444444
461_OMC-446	8.0	7.0	2.635864856438813	0.8254847645429363	0.8947368421052632
462_OMC-446	10.0	9.0	3.036372249830224	0.8698060941828255	0.8421052631578947
463_OMC-446	8.333333333333334	8.0	2.8464393446710154	0.85	0.9
464_OMC-446	11.0	8.0	2.727497224852472	0.8235294117647058	0.7647058823529411
465_OMC-446	7.333333333333333	7.0	2.5609640474436812	0.8099999999999999	0.9
466_OMC-446	8.25	8.0	2.863826390090816	0.8518518518518519	0.8888888888888888
467_OMC-446	8.0	8.0	2.879506460812007	0.8531855955678671	0.9473684210526316
468_OMC-446	9.25	9.0	3.046381112945884	0.870748299319728	0.9047619047619048
469_OMC-446	7.5	7.0	2.5701906367554077	0.8117913832199547	0.9047619047619048
46_OMC-446	9.5	8.0	2.765957320949175	0.835	0.85
470_OMC-446	9.0	8.0	2.8221819586428722	0.8442906574394464	0.8235294117647058
471_OMC-446	7.0	7.0	2.752715278979705	0.845679012345679	1.0
472_OMC-446	6.0	6.0	2.5048003829823355	0.814404432132964	1.0
473_OMC-446	5.0	5.0	2.2516291673878226	0.7777777777777778	1.0
474_OMC-446	9.333333333333334	9.0	3.0337940209922127	0.8695652173913044	0.9130434782608696
475_OMC-446	7.0	7.0	2.7603136973125117	0.8476454293628809	1.0
476_OMC-446	7.0	7.0	2.5634425677041555	0.8027210884353742	0.9523809523809523
477_OMC-446	7.333333333333333	7.0	2.5842622253153325	0.814404432132964	0.8947368421052632
478_OMC-446	8.2	8.0	2.7947885411048063	0.8365650969529086	0.8947368421052632
479_OMC-446	7.0	7.0	2.684017280829845	0.8344671201814059	0.9523809523809523
47_OMC-446	7.0	7.0	2.629219686524097	0.8223140495867769	0.9545454545454546
480_OMC-446	9.142857142857142	9.0	3.0588138903312014	0.8703703703703703	0.8888888888888888
481_OMC-446	9.166666666666666	9.0	3.0860486123130384	0.8765432098765432	0.8888888888888888
482_OMC-446	8.25	8.0	2.863826390090816	0.8518518518518519	0.8888888888888888
483_OMC-446	10.0	9.0	2.9540036423298544	0.8553719008264463	0.8636363636363636
484_OMC-446	8.333333333333334	8.0	2.846439344671016	0.85	0.9
485_OMC-446	8.0	8.0	2.8630945514207635	0.8512396694214877	0.9545454545454546
486_OMC-446	7.0	7.0	2.642423961771975	0.8264462809917356	0.9545454545454546
487_OMC-446	9.0	9.0	3.0294520440309136	0.8657844990548205	0.9565217391304348
488_OMC-446	11.5	10.0	3.1009166856947723	0.8662131519274376	0.8095238095238095
489_OMC-446	7.0	7.0	2.6689801450225326	0.8310249307479225	0.9473684210526316
48_OMC-446	9.0	8.0	2.8221819586428727	0.8442906574394464	0.8235294117647058
490_OMC-446	7.0	7.0	2.707361328242848	0.8390022675736961	0.9523809523809523
491_OMC-446	7.333333333333333	7.0	2.557727778739319	0.8024691358024691	0.8888888888888888
492_OMC-446	6.0	6.0	2.4659573209491747	0.81	0.95
493_OMC-446	7.0	7.0	2.772924455774821	0.8506616257088847	1.0
494_OMC-446	8.0	7.0	2.610577243331642	0.8163265306122449	0.7857142857142857
495_OMC-446	6.0	6.0	2.5306390622295667	0.8203125	1.0
496_OMC-446	7.333333333333333	7.0	2.5842622253153325	0.814404432132964	0.8947368421052632
497_OMC-446	9.5	9.0	2.9693894195291564	0.8518518518518519	0.8333333333333334
498_OMC-446	8.5	8.0	2.8709505944546687	0.855	0.9
499_OMC-446	7.0	7.0	2.7045348998193433	0.8373702422145328	0.9411764705882353
49_OMC-446	7.0	7.0	2.7373227798185953	0.8435374149659864	1.0
4_OMC-446	6.0	6.0	2.4410685859554375	0.8024691358024691	0.9444444444444444
500_OMC-446	8.0	8.0	2.805745651521059	0.8393194706994329	0.9565217391304348
501_OMC-446	8.333333333333334	8.0	2.865576855207249	0.8531855955678671	0.8947368421052632
502_OMC-446	9.75	9.0	2.946387519131128	0.8526077097505669	0.8571428571428572
503_OMC-446	9.0	9.0	3.0900327766014803	0.8753462603878116	0.9473684210526316
504_OMC-446	8.0	8.0	2.8408115970719883	0.8471074380165289	0.9545454545454546
505_OMC-446	8.2	8.0	2.7603136973125117	0.8254847645429363	0.8947368421052632
506_OMC-446	8.2	8.0	2.836591668108979	0.845679012345679	0.8888888888888888
507_OMC-446	8.5	8.0	2.8385668472672965	0.8506616257088847	0.9130434782608696
508_OMC-446	7.0	7.0	2.684017280829845	0.8344671201814059	0.9523809523809523
509_OMC-446	6.0	6.0	2.5306016985440762	0.8199445983379502	1.0
50_OMC-446	7.333333333333333	7.0	2.5941178916311856	0.8148148148148149	0.8888888888888888
510_OMC-446	7.0	7.0	2.6689801450225326	0.8310249307479225	0.9473684210526316
511_OMC-446	7.0	7.0	2.649794462043571	0.8254847645429363	0.9473684210526316
512_OMC-446	7.0	7.0	2.6606732334168424	0.8299319727891157	0.9523809523809523
513_OMC-446	7.0	7.0	2.7205827761460135	0.8421052631578947	0.9473684210526316
514_OMC-446	10.5	9.0	2.900051698999543	0.8421052631578947	0.7894736842105263
515_OMC-446	9.2	9.0	2.9585429818803033	0.8512396694214877	0.9090909090909091
516_OMC-446	8.25	8.0	2.8205898566665466	0.8421052631578947	0.8947368421052632
517_OMC-446	7.0	7.0	2.75707541331394	0.8468809073724007	1.0
518_OMC-446	8.0	8.0	2.9311090919354874	0.8642659279778393	0.9473684210526316
519_OMC-446	7.0	7.0	2.684017280829845	0.8344671201814059	0.9523809523809523
51_OMC-446	8.25	8.0	2.820589856666546	0.8421052631578947	0.8947368421052632
520_OMC-446	6.0	6.0	2.399397470347699	0.7890625	0.9375
521_OMC-446	7.0	7.0	2.649794462043571	0.8254847645429363	0.9473684210526316
522_OMC-446	10.5	9.0	2.984234164652489	0.8581314878892734	0.7647058823529411
523_OMC-446	8.0	8.0	2.973557262275185	0.8711111111111112	0.9333333333333333
524_OMC-446	6.0	6.0	2.439005517604766	0.8027210884353742	0.9523809523809523
525_OMC-446	6.0	6.0	2.5282129458410014	0.8200000000000001	1.0
526_OMC-446	8.5	8.0	2.8068687623455335	0.8431001890359169	0.9130434782608696
527_OMC-446	8.0	8.0	2.851149423893032	0.8480725623582767	0.9523809523809523
528_OMC-446	9.0	8.0	2.794653473544342	0.8395061728395061	0.8333333333333334
529_OMC-446	7.0	7.0	2.706890595608519	0.8355555555555556	0.9333333333333333
52_OMC-446	8.5	7.0	2.577819531114783	0.8125	0.8125
530_OMC-446	7.333333333333333	7.0	2.6312929881818996	0.8235294117647058	0.8823529411764706
531_OMC-446	8.2	8.0	2.7603136973125117	0.8254847645429363	0.8947368421052632
532_OMC-446	5.0	5.0	2.1209520310264027	0.7448979591836735	0.9285714285714286
533_OMC-446	9.2	9.0	3.023037065532881	0.8662131519274376	0.9047619047619048
534_OMC-446	9.0	9.0	2.97965869499932	0.8544423440453687	0.9565217391304348
535_OMC-446	11.0	9.0	2.974937501201927	0.8580246913580247	0.7777777777777778
536_OMC-446	8.0	8.0	2.8685078989692365	0.8526077097505669	0.9523809523809523
537_OMC-446	5.0	5.0	2.2880192802796895	0.7901234567901234	1.0
538_OMC-446	8.333333333333334	8.0	2.784010874644601	0.8344671201814059	0.9047619047619048
539_OMC-446	7.0	7.0	2.6433147583406384	0.8253968253968254	0.9523809523809523
53_OMC-446	8.333333333333334	8.0	2.8464393446710154	0.85	0.9
540_OMC-446	7.5	7.0	2.6416041678685933	0.8271604938271605	0.8888888888888888
541_OMC-446	7.0	7.0	2.7107770844150676	0.8395061728395061	0.9444444444444444
542_OMC-446	7.25	7.0	2.6995138503199656	0.8367346938775511	0.8571428571428572
543_OMC-446	6.0	6.0	2.399537225087599	0.7867036011080333	1.0
544_OMC-446	9.5	8.0	2.8073549220576046	0.8367346938775511	0.7142857142857143
545_OMC-446	8.25	8.0	2.8397755396455087	0.8476454293628809	0.8947368421052632
546_OMC-446	8.25	8.0	2.8037016960573484	0.84	0.9
547_OMC-446	8.333333333333334	8.0	2.8325608750566906	0.8480725623582767	0.9047619047619048
548_OMC-446	7.0	7.0	2.6756981353679863	0.8304498269896194	0.9411764705882353
549_OMC-446	9.75	9.0	2.946387519131128	0.8526077097505669	0.8571428571428572
54_OMC-446	7.0	7.0	2.649794462043571	0.8254847645429363	0.9473684210526316
550_OMC-446	8.333333333333334	8.0	2.8064985287918303	0.8429752066115703	0.9090909090909091
551_OMC-446	7.0	7.0	2.6812763696025814	0.8347107438016529	0.9545454545454546
552_OMC-446	8.0	8.0	2.984234164652489	0.8719723183391004	1.0
553_OMC-446	9.2	9.0	3.0761031709967224	0.8753462603878116	0.8947368421052632
554_OMC-446	6.0	6.0	2.4066663167406888	0.7857142857142857	0.9285714285714286
555_OMC-446	9.6	9.0	2.905684996641921	0.8435374149659864	0.8571428571428572
556_OMC-446	8.0	8.0	2.8744934713060357	0.8526077097505669	0.9523809523809523
557_OMC-446	9.25	9.0	2.996630848284676	0.8620037807183365	0.9130434782608696
558_OMC-446	9.75	9.0	3.010570934268484	0.8642659279778393	0.8421052631578947
559_OMC-446	7.0	7.0	2.684017280829845	0.8344671201814059	0.9523809523809523
55_OMC-446	9.166666666666666	9.0	2.982334543043674	0.8571428571428572	0.9047619047619048
560_OMC-446	7.333333333333333	7.0	2.5650765423363704	0.8088642659279779	0.8947368421052632
561_OMC-446	5.0	5.0	2.246439344671016	0.78	0.9
562_OMC-446	9.5	8.0	2.765957320949175	0.835	0.85
563_OMC-446	7.0	7.0	2.7205827761460135	0.8421052631578947	0.9473684210526316
564_OMC-446	7.333333333333333	7.0	2.6312929881819005	0.8235294117647058	0.8823529411764706
565_OMC-446	7.0	7.0	2.7045348998193433	0.8373702422145328	0.9411764705882353
566_OMC-446	9.25	9.0	2.996630848284676	0.8620037807183365	0.9130434782608696
567_OMC-446	8.0	8.0	2.8796640049025948	0.8553719008264463	0.9545454545454546
568_OMC-446	7.0	7.0	2.710777084415067	0.8395061728395061	0.9444444444444444
569_OMC-446	10.6	10.0	3.1523912776298677	0.8760330578512396	0.8636363636363636
56_OMC-446	8.333333333333334	8.0	2.846439344671016	0.85	0.9
570_OMC-446	9.0	8.0	2.8221819586428722	0.8442906574394464	0.8235294117647058
571_OMC-446	8.0	8.0	2.9329993066372904	0.8641975308641976	0.9444444444444444
572_OMC-446	8.333333333333334	8.0	2.865576855207249	0.8531855955678671	0.8947368421052632
573_OMC-446	7.0	7.0	2.6232196723355075	0.82	0.95
574_OMC-446	7.333333333333333	7.0	2.6312929881819	0.8235294117647058	0.8823529411764706
575_OMC-446	5.0	5.0	2.2892464285091583	0.7911111111111111	1.0
576_OMC-446	8.2	8.0	2.836591668108979	0.845679012345679	0.8888888888888888
577_OMC-446	7.0	7.0	2.7333716642706998	0.8442906574394463	0.9411764705882353
578_OMC-446	7.333333333333333	7.0	2.6312929881819	0.8235294117647058	0.8823529411764706
579_OMC-446	8.333333333333334	8.0	2.8152023999804867	0.8435374149659864	0.9047619047619048
57_OMC-446	8.75	8.0	2.793345194191516	0.8373702422145328	0.8235294117647058
580_OMC-446	8.5	8.0	2.7942385860214762	0.8393194706994329	0.9130434782608696
581_OMC-446	7.0	7.0	2.7199643047423914	0.8390022675736961	1.0
582_OMC-446	7.0	7.0	2.7028195311147836	0.8359375	0.9375
583_OMC-446	6.0	6.0	2.439268146254097	0.8033240997229918	0.9473684210526316
584_OMC-446	7.0	7.0	2.6947814605842733	0.8365650969529086	0.9473684210526316
585_OMC-446	9.166666666666666	9.0	3.0860486123130384	0.8765432098765432	0.8888888888888888
586_OMC-446	8.0	8.0	2.8511494238930326	0.8480725623582767	0.9523809523809523
587_OMC-446	6.0	6.0	2.4404040177209274	0.8027681660899654	0.9411764705882353
588_OMC-446	7.0	7.0	2.6232196723355075	0.82	0.95
589_OMC-446	8.0	8.0	2.8630945514207635	0.8512396694214877	0.9545454545454546
58_OMC-446	6.0	6.0	2.5262804816836244	0.8181818181818182	1.0
590_OMC-446	7.0	7.0	2.649794462043571	0.8254847645429363	0.9473684210526316
591_OMC-446	9.75	9.0	3.044110417748401	0.8703703703703703	0.8333333333333334
592_OMC-446	7.5	7.0	2.660129752633257	0.8304498269896194	0.8823529411764706
593_OMC-446	7.333333333333333	7.0	2.557727778739319	0.8024691358024691	0.8888888888888888
594_OMC-446	9.75	9.0	2.9151959937952427	0.8435374149659864	0.8571428571428572
595_OMC-446	9.0	9.0	3.0589840894454268	0.870748299319728	0.9523809523809523
596_OMC-446	8.333333333333334	8.0	2.8325608750566906	0.8480725623582767	0.9047619047619048
597_OMC-446	7.5	7.0	2.6100635408770727	0.8199445983379502	0.8947368421052632
598_OMC-446	8.0	7.0	2.610577243331642	0.8163265306122449	0.7857142857142857
599_OMC-446	7.0	7.0	2.5868878409958134	0.8027681660899654	0.9411764705882353
59_OMC-446	7.5	7.0	2.6292492238560348	0.8254847645429363	0.8947368421052632
5_OMC-446	10.0	7.0	2.462867147080763	0.7811634349030472	0.8421052631578947
600_OMC-446	9.0	8.0	2.7550576199383077	0.8310249307479225	0.8421052631578947
601_OMC-446	9.0	8.0	2.8221819586428727	0.8442906574394464	0.8235294117647058
602_OMC-446	7.0	7.0	2.706890595608519	0.8355555555555556	0.9333333333333333
603_OMC-446	8.5	8.0	2.83854644739349	0.8480725623582767	0.9047619047619048
604_OMC-446	6.0	6.0	2.351593723348755	0.7750865051903114	0.9411764705882353
605_OMC-446	9.75	9.0	2.9841837197791885	0.86	0.85
606_OMC-446	5.0	5.0	2.2405330040422813	0.7777777777777778	1.0
607_OMC-446	10.2	9.0	3.0	0.859375	0.75
608_OMC-446	10.0	9.0	3.0086949695628418	0.865	0.85
609_OMC-446	10.0	9.0	2.9140163035068447	0.8468809073724008	0.8695652173913043
60_OMC-446	7.0	7.0	2.710777084415067	0.8395061728395061	0.9444444444444444
610_OMC-446	8.0	8.0	2.891851946382239	0.8571428571428572	0.9523809523809523
611_OMC-446	7.5	7.0	2.585475297227334	0.815	0.9
612_OMC-446	11.0	8.0	2.6550505394177746	0.8088642659279779	0.7894736842105263
613_OMC-446	8.0	8.0	2.891851946382239	0.8571428571428572	0.9523809523809523
614_OMC-446	7.333333333333333	7.0	2.502598068247261	0.7867036011080333	0.8947368421052632
615_OMC-446	7.0	7.0	2.6414460711655217	0.825	0.95
616_OMC-446	8.75	8.0	2.793345194191516	0.8373702422145328	0.8235294117647058
617_OMC-446	7.0	7.0	2.7107770844150676	0.8395061728395061	0.9444444444444444
618_OMC-446	8.0	8.0	2.9086949695628417	0.86	0.95
619_OMC-446	8.2	8.0	2.8163401138534083	0.8395061728395061	0.8888888888888888
61_OMC-446	7.0	7.0	2.6048074635028686	0.814404432132964	0.9473684210526316
620_OMC-446	7.5	7.0	2.6100635408770727	0.8199445983379501	0.8947368421052632
621_OMC-446	8.333333333333334	8.0	2.8152023999804863	0.8435374149659864	0.9047619047619048
622_OMC-446	9.75	9.0	3.010570934268484	0.8642659279778393	0.8421052631578947
623_OMC-446	7.0	7.0	2.7199643047423914	0.8390022675736961	1.0
624_OMC-446	9.0	8.0	2.755057619938308	0.8310249307479225	0.8421052631578947
625_OMC-446	8.333333333333334	8.0	2.8655768552072485	0.8531855955678671	0.8947368421052632
626_OMC-446	8.333333333333334	8.0	2.784010874644601	0.8344671201814059	0.9047619047619048
627_OMC-446	8.2	8.0	2.8665871058289594	0.8512110726643598	0.8823529411764706
628_OMC-446	10.0	9.0	2.969731566544131	0.8571428571428572	0.8571428571428572
629_OMC-446	7.0	7.0	2.702940087321047	0.8393194706994329	0.9565217391304348
62_OMC-446	8.25	8.0	2.863826390090816	0.8518518518518519	0.8888888888888888
630_OMC-446	5.0	5.0	2.257856063692049	0.78125	1.0
631_OMC-446	8.0	8.0	2.8630945514207635	0.8512396694214877	0.9545454545454546
632_OMC-446	9.25	9.0	3.046381112945884	0.870748299319728	0.9047619047619048
633_OMC-446	6.0	6.0	2.441446071165522	0.8049999999999999	0.95
634_OMC-446	7.5	7.0	2.6100635408770727	0.8199445983379501	0.8947368421052632
635_OMC-446	7.0	7.0	2.586887840995814	0.8027681660899654	0.9411764705882353
636_OMC-446	7.0	7.0	2.6294817080809567	0.8208616780045351	0.9523809523809523
637_OMC-446	7.0	7.0	2.770950594454668	0.85	1.0
638_OMC-446	6.0	6.0	2.3789919869000626	0.7867036011080333	0.9473684210526316
639_OMC-446	7.0	7.0	2.710777084415067	0.8395061728395061	0.9444444444444444
63_OMC-446	7.0	7.0	2.6904685707328277	0.835	0.95
640_OMC-446	8.25	8.0	2.8638263900908156	0.8518518518518519	0.8888888888888888
641_OMC-446	8.333333333333334	8.0	2.7767248000621216	0.8347107438016529	0.9090909090909091
642_OMC-446	8.0	8.0	2.8630945514207635	0.8512396694214877	0.9545454545454546
643_OMC-446	8.5	8.0	2.83854644739349	0.8480725623582767	0.9047619047619048
644_OMC-446	5.0	5.0	2.199687794731328	0.7692307692307692	0.9230769230769231
645_OMC-446	8.5	8.0	2.822717804806415	0.8468809073724007	0.9130434782608696
646_OMC-446	8.166666666666666	8.0	2.875	0.8515625	0.875
647_OMC-446	7.5	7.0	2.6100635408770727	0.8199445983379502	0.8947368421052632
648_OMC-446	8.333333333333334	8.0	2.865576855207249	0.8531855955678671	0.8947368421052632
649_OMC-446	9.142857142857142	9.0	3.0588138903312014	0.8703703703703703	0.8888888888888888
64_OMC-446	8.25	8.0	2.8638263900908156	0.8518518518518519	0.8888888888888888
650_OMC-446	6.0	6.0	2.4830067805200744	0.808641975308642	1.0
651_OMC-446	9.75	9.0	3.010570934268484	0.8642659279778393	0.8421052631578947
652_OMC-446	6.0	6.0	2.542482693809727	0.8235294117647058	1.0
653_OMC-446	6.0	6.0	2.48345859334435	0.8125	0.9375
654_OMC-446	8.25	8.0	2.863826390090816	0.8518518518518519	0.8888888888888888
655_OMC-446	7.0	7.0	2.675595777605311	0.8310249307479225	0.9473684210526316
656_OMC-446	6.0	6.0	2.3598063039211006	0.7811634349030472	0.9473684210526316
657_OMC-446	8.5	8.0	2.8709505944546687	0.855	0.9
658_OMC-446	7.5	7.0	2.5709505944546684	0.81	0.9
659_OMC-446	8.0	7.0	2.607367734428092	0.8208616780045351	0.9047619047619048
65_OMC-446	9.166666666666666	9.0	3.050301855434982	0.8698060941828255	0.8947368421052632
660_OMC-446	7.333333333333333	7.0	2.594117891631186	0.8148148148148149	0.8888888888888888
661_OMC-446	8.5	7.0	2.498077546623641	0.7889273356401384	0.8235294117647058
662_OMC-446	10.0	9.0	3.0086949695628427	0.865	0.85
663_OMC-446	6.0	6.0	2.4749525415173124	0.8072562358276645	1.0
664_OMC-446	10.0	8.0	2.7898980954642876	0.8355555555555556	0.7333333333333334
665_OMC-446	8.75	8.0	2.827819531114783	0.84375	0.8125
666_OMC-446	7.0	7.0	2.7028195311147836	0.8359375	0.9375
667_OMC-446	7.0	7.0	2.649794462043571	0.8254847645429363	0.9473684210526316
668_OMC-446	8.0	8.0	2.8796640049025948	0.8553719008264463	0.9545454545454546
669_OMC-446	10.0	7.0	2.422579761842492	0.7644444444444444	0.7333333333333334
66_OMC-446	7.0	7.0	2.752715278979705	0.845679012345679	1.0
670_OMC-446	9.166666666666666	9.0	2.982334543043674	0.8571428571428572	0.9047619047619048
671_OMC-446	7.0	7.0	2.660673233416842	0.8299319727891157	0.9523809523809523
672_OMC-446	7.0	7.0	2.708694969562842	0.84	0.95
673_OMC-446	8.333333333333334	8.0	2.8282129458410012	0.845	0.9
674_OMC-446	6.0	6.0	2.5294881142662007	0.8208616780045352	1.0
675_OMC-446	7.5	7.0	2.686278124459133	0.8359375	0.875
676_OMC-446	10.0	9.0	2.9540036423298544	0.8553719008264463	0.8636363636363636
677_OMC-446	12.333333333333334	9.0	3.006238928653389	0.8622222222222222	0.6666666666666667
678_OMC-446	9.0	8.0	2.7550576199383077	0.8310249307479225	0.8421052631578947
679_OMC-446	9.5	8.0	2.851018723094229	0.8512110726643598	0.8235294117647058
67_OMC-446	9.0	6.0	2.353533948577482	0.7810650887573964	0.7692307692307692
680_OMC-446	6.0	6.0	2.4830067805200744	0.808641975308642	1.0
681_OMC-446	7.5	7.0	2.6292492238560348	0.8254847645429363	0.8947368421052632
682_OMC-446	7.5	7.0	2.6100635408770727	0.8199445983379501	0.8947368421052632
683_OMC-446	8.2	8.0	2.9056390622295662	0.859375	0.875
684_OMC-446	6.0	6.0	2.4729055953200563	0.8088888888888889	0.9333333333333333
685_OMC-446	7.166666666666667	7.0	2.7516291673878226	0.8472222222222222	0.8333333333333334
686_OMC-446	8.0	8.0	2.9329993066372904	0.8641975308641976	0.9444444444444444
687_OMC-446	9.25	9.0	3.0105996649587876	0.8636363636363636	0.9090909090909091
688_OMC-446	8.2	8.0	2.7603136973125117	0.8254847645429363	0.8947368421052632
689_OMC-446	6.0	6.0	2.4772170014624826	0.8046875	1.0
68_OMC-446	7.333333333333333	7.0	2.502598068247261	0.7867036011080333	0.8947368421052632
690_OMC-446	6.0	6.0	2.4962058480965483	0.8128544423440454	1.0
691_OMC-446	7.0	7.0	2.6632908081776603	0.8271604938271605	0.9444444444444444
692_OMC-446	9.333333333333334	9.0	3.0494520727893946	0.871900826446281	0.9090909090909091
693_OMC-446	8.333333333333334	8.0	2.8152023999804867	0.8435374149659864	0.9047619047619048
694_OMC-446	8.333333333333334	8.0	2.865576855207249	0.8531855955678671	0.8947368421052632
695_OMC-446	8.25	8.0	2.8219280948873626	0.845	0.9
696_OMC-446	7.333333333333333	7.0	2.5497873815230383	0.8033240997229917	0.8947368421052632
697_OMC-446	8.0	8.0	2.9057645846554534	0.8580246913580247	0.9444444444444444
698_OMC-446	5.0	5.0	2.2565647621309544	0.7822222222222222	1.0
699_OMC-446	10.0	8.0	2.657742726504889	0.808641975308642	0.7777777777777778
69_OMC-446	10.5	9.0	2.8464393446710154	0.83	0.8
6_OMC-446	7.0	7.0	2.6542553132150286	0.8235294117647058	0.9411764705882353
700_OMC-446	7.0	7.0	2.694781460584273	0.8365650969529086	0.9473684210526316
701_OMC-446	6.0	6.0	2.5048003829823355	0.814404432132964	1.0
702_OMC-446	8.0	8.0	2.841446071165522	0.845	0.95
703_OMC-446	6.333333333333333	6.0	2.298794940695399	0.765625	0.875
704_OMC-446	8.0	8.0	2.9329993066372895	0.8641975308641976	0.9444444444444444
705_OMC-446	7.0	7.0	2.675595777605311	0.8310249307479225	0.9473684210526316
706_OMC-446	9.5	8.0	2.8000446184790104	0.8421052631578947	0.8421052631578947
707_OMC-446	7.0	7.0	2.665957320949175	0.83	0.95
708_OMC-446	9.0	7.0	2.663532754804255	0.8264462809917356	0.6363636363636364
709_OMC-446	7.0	7.0	2.675595777605311	0.8310249307479225	0.9473684210526316
70_OMC-446	9.0	8.0	2.7550576199383077	0.8310249307479225	0.8421052631578947
710_OMC-446	7.0	7.0	2.665957320949175	0.83	0.95
711_OMC-446	5.5	5.0	2.1709505944546685	0.76	0.8
712_OMC-446	8.0	8.0	2.925523369006427	0.8620037807183365	1.0
713_OMC-446	6.0	6.0	2.455601495966517	0.7981859410430839	1.0
714_OMC-446	7.0	7.0	2.6159835655819164	0.8204158790170133	0.9565217391304348
715_OMC-446	8.25	8.0	2.7918583525674836	0.8390022675736961	0.9047619047619048
716_OMC-446	7.25	7.0	2.699513850319965	0.8367346938775511	0.8571428571428572
717_OMC-446	7.0	7.0	2.6606732334168424	0.8299319727891157	0.9523809523809523
718_OMC-446	8.0	8.0	2.819957898557147	0.8390022675736961	0.9523809523809523
719_OMC-446	5.0	5.0	2.1055872616982607	0.7377777777777778	0.9333333333333333
71_OMC-446	9.0	8.0	2.701375755906049	0.8208616780045352	0.8571428571428572
720_OMC-446	9.2	9.0	3.0761031709967224	0.8753462603878116	0.8947368421052632
721_OMC-446	7.5	7.0	2.6416041678685933	0.8271604938271605	0.8888888888888888
722_OMC-446	8.0	8.0	2.865957320949175	0.85	0.95
723_OMC-446	7.25	7.0	2.6022170014624826	0.8125	0.875
724_OMC-446	8.25	8.0	2.7918583525674836	0.8390022675736961	0.9047619047619048
725_OMC-446	6.5	6.0	2.2544475789720946	0.7474048442906575	0.8823529411764706
726_OMC-446	7.0	7.0	2.710777084415067	0.8395061728395061	0.9444444444444444
727_OMC-446	7.0	7.0	2.7035593239513567	0.8388429752066116	0.9545454545454546
728_OMC-446	6.0	6.0	2.5304930567574826	0.8209876543209876	1.0
729_OMC-446	6.0	6.0	2.439268146254097	0.8033240997229917	0.9473684210526316
72_OMC-446	6.0	6.0	2.4842551447947994	0.814404432132964	0.9473684210526316
730_OMC-446	8.5	7.0	2.60623892865339	0.8177777777777777	0.8
731_OMC-446	8.0	8.0	2.9585429818803033	0.8677685950413223	1.0
732_OMC-446	8.0	7.0	2.5954618442383217	0.815	0.9
733_OMC-446	8.0	8.0	2.848373912014369	0.8468809073724007	0.9565217391304348
734_OMC-446	8.0	8.0	2.9086949695628417	0.86	0.95
735_OMC-446	8.333333333333334	8.0	2.8655768552072485	0.8531855955678671	0.8947368421052632
736_OMC-446	7.0	7.0	2.6659573209491745	0.83	0.95
737_OMC-446	8.25	8.0	2.7918583525674836	0.8390022675736961	0.9047619047619048
738_OMC-446	7.0	7.0	2.684183719779189	0.835	0.95
739_OMC-446	8.166666666666666	8.0	2.875	0.8515625	0.875
73_OMC-446	7.0	7.0	2.6659573209491745	0.83	0.95
740_OMC-446	8.25	8.0	2.8037016960573484	0.84	0.9
741_OMC-446	9.75	9.0	2.9841837197791894	0.86	0.85
742_OMC-446	7.5	7.0	2.6037016960573482	0.82	0.9
743_OMC-446	9.75	9.0	2.876853130799308	0.8393194706994329	0.8695652173913043
744_OMC-446	7.0	7.0	2.7345123817507715	0.8421052631578947	1.0
745_OMC-446	6.0	6.0	2.5304930567574826	0.8209876543209876	1.0
746_OMC-446	9.5	8.0	2.732914563979398	0.8177777777777777	0.7333333333333334
747_OMC-446	7.0	7.0	2.694781460584273	0.8365650969529086	0.9473684210526316
748_OMC-446	9.6	9.0	2.941446071165522	0.85	0.85
749_OMC-446	6.0	6.0	2.5073801024236353	0.8165680473372781	0.9230769230769231
74_OMC-446	7.5	6.0	2.263809173883546	0.7551020408163265	0.7857142857142857
750_OMC-446	7.0	7.0	2.702940087321047	0.8393194706994329	0.9565217391304348
751_OMC-446	7.0	7.0	2.608694969562842	0.815	0.95
752_OMC-446	9.333333333333334	9.0	3.0179449785313315	0.8657844990548205	0.9130434782608696
753_OMC-446	7.0	7.0	2.7603136973125117	0.8476454293628809	1.0
754_OMC-446	8.5	8.0	2.8385668472672965	0.8506616257088847	0.9130434782608696
755_OMC-446	8.5	8.0	2.799007754410897	0.8388429752066116	0.9090909090909091
756_OMC-446	8.5	8.0	2.8385668472672965	0.8506616257088847	0.9130434782608696
757_OMC-446	7.5	7.0	2.660129752633257	0.8304498269896193	0.8823529411764706
758_OMC-446	6.0	6.0	2.542482693809727	0.8235294117647058	1.0
759_OMC-446	8.333333333333334	8.0	2.8152023999804863	0.8435374149659864	0.9047619047619048
75_OMC-446	9.75	9.0	2.9053323495842465	0.8468809073724007	0.8695652173913043
760_OMC-446	8.0	8.0	2.891851946382239	0.8571428571428572	0.9523809523809523
761_OMC-446	8.5	8.0	2.822717804806415	0.8468809073724007	0.9130434782608696
762_OMC-446	8.333333333333334	8.0	2.865576855207249	0.8531855955678671	0.8947368421052632
763_OMC-446	9.25	9.0	3.0271691184406184	0.8677685950413223	0.9090909090909091
764_OMC-446	8.2	8.0	2.8665871058289594	0.8512110726643598	0.8823529411764706
765_OMC-446	7.5	7.0	2.6037016960573482	0.82	0.9
766_OMC-446	7.0	7.0	2.684183719779189	0.835	0.95
767_OMC-446	6.0	6.0	2.557727778739319	0.8271604938271605	1.0
768_OMC-446	8.75	8.0	2.710777084415067	0.8148148148148149	0.8333333333333334
769_OMC-446	10.0	8.0	2.8423709931771084	0.8469387755102041	0.7142857142857143
76_OMC-446	8.5	8.0	2.8453509366224368	0.8512396694214877	0.9090909090909091
770_OMC-446	7.0	7.0	2.7153266987718094	0.8365650969529086	1.0
771_OMC-446	8.0	8.0	2.9311090919354874	0.8642659279778393	0.9473684210526316
772_OMC-446	7.0	7.0	2.704534899819343	0.8373702422145328	0.9411764705882353
773_OMC-446	8.2	8.0	2.866587105828959	0.8512110726643598	0.8823529411764706
774_OMC-446	9.6	9.0	2.9655839357277816	0.8531855955678671	0.8421052631578947
775_OMC-446	8.75	8.0	2.872905595320056	0.8533333333333333	0.8
776_OMC-446	8.0	8.0	2.839689958091771	0.8468809073724007	0.9565217391304348
777_OMC-446	6.0	6.0	2.4322574485535142	0.7936507936507937	1.0
778_OMC-446	6.0	6.0	2.452838567864448	0.8072562358276645	0.9523809523809523
779_OMC-446	7.0	7.0	2.7199643047423914	0.8390022675736961	1.0
77_OMC-446	9.75	9.0	2.965957320949175	0.855	0.85
780_OMC-446	8.75	8.0	2.747167197306934	0.8271604938271605	0.8333333333333334
781_OMC-446	7.0	7.0	2.615319618251277	0.814404432132964	0.9473684210526316
782_OMC-446	8.25	8.0	2.863826390090816	0.8518518518518519	0.8888888888888888
783_OMC-446	6.0	6.0	2.5306390622295667	0.8203125	1.0
784_OMC-446	7.0	7.0	2.7799500009615414	0.8518518518518519	1.0
785_OMC-446	9.0	8.0	2.755057619938308	0.8310249307479225	0.8421052631578947
786_OMC-446	8.2	8.0	2.7947885411048063	0.8365650969529086	0.8947368421052632
787_OMC-446	6.0	6.0	2.5304930567574826	0.8209876543209876	1.0
788_OMC-446	7.333333333333333	7.0	2.6098501660289424	0.8166089965397924	0.8823529411764706
789_OMC-446	8.2	8.0	2.7603136973125117	0.8254847645429363	0.8947368421052632
78_OMC-446	6.0	6.0	2.5102415025019114	0.8148148148148149	1.0
790_OMC-446	8.25	8.0	2.8397755396455087	0.8476454293628809	0.8947368421052632
791_OMC-446	8.2	8.0	2.8665871058289594	0.8512110726643598	0.8823529411764706
792_OMC-446	6.0	6.0	2.556656707462823	0.826530612244898	1.0
793_OMC-446	6.0	6.0	2.48345859334435	0.8125	0.9375
794_OMC-446	8.25	8.0	2.8205898566665466	0.8421052631578947	0.8947368421052632
795_OMC-446	8.0	8.0	2.897407619700921	0.8553719008264463	1.0
796_OMC-446	8.2	8.0	2.836591668108979	0.845679012345679	0.8888888888888888
797_OMC-446	8.333333333333334	8.0	2.8325608750566906	0.8480725623582767	0.9047619047619048
798_OMC-446	8.0	7.0	2.610577243331642	0.8163265306122449	0.7857142857142857
799_OMC-446	9.166666666666666	9.0	3.021928094887363	0.865	0.9
79_OMC-446	6.0	6.0	2.5262804816836244	0.8181818181818182	1.0
7_OMC-446	9.5	9.0	2.9693894195291564	0.8518518518518519	0.8333333333333334
800_OMC-446	7.333333333333333	7.0	2.6312929881819	0.8235294117647058	0.8823529411764706
801_OMC-446	7.0	7.0	2.678031708493046	0.8344671201814059	0.9523809523809523
802_OMC-446	8.333333333333334	8.0	2.8152023999804867	0.8435374149659864	0.9047619047619048
803_OMC-446	7.0	7.0	2.694781460584273	0.8365650969529086	0.9473684210526316
804_OMC-446	8.25	8.0	2.863826390090816	0.8518518518518519	0.8888888888888888
805_OMC-446	10.0	8.0	2.7898980954642876	0.8355555555555556	0.7333333333333334
806_OMC-446	8.333333333333334	8.0	2.75707541331394	0.831758034026465	0.9130434782608696
807_OMC-446	8.25	8.0	2.8219280948873626	0.845	0.9
808_OMC-446	8.25	8.0	2.7709505944546686	0.8300000000000001	0.9
809_OMC-446	6.0	6.0	2.48345859334435	0.8125	0.9375
80_OMC-446	8.25	8.0	2.737872392231515	0.8264462809917356	0.9090909090909091
810_OMC-446	9.75	9.0	2.965957320949175	0.855	0.85
811_OMC-446	7.0	7.0	2.710777084415067	0.8395061728395061	0.9444444444444444
812_OMC-446	7.0	7.0	2.6606732334168424	0.8299319727891157	0.9523809523809523
813_OMC-446	7.0	7.0	2.694781460584273	0.8365650969529086	0.9473684210526316
814_OMC-446	8.25	8.0	2.7709505944546686	0.83	0.9
815_OMC-446	9.0	8.0	2.794653473544342	0.8395061728395061	0.8333333333333334
816_OMC-446	9.75	9.0	2.876853130799308	0.8393194706994329	0.8695652173913043
817_OMC-446	6.0	6.0	2.5282129458410014	0.8200000000000001	1.0
818_OMC-446	6.0	6.0	2.549787381523038	0.8254847645429363	1.0
819_OMC-446	8.0	8.0	2.8841837197791893	0.855	0.95
81_OMC-446	7.0	7.0	2.694781460584273	0.8365650969529086	0.9473684210526316
820_OMC-446	8.0	8.0	2.9053077763737467	0.8587257617728532	0.9473684210526316
821_OMC-446	12.0	10.0	3.083587370023807	0.8657844990548205	0.8260869565217391
822_OMC-446	9.0	8.0	2.8584585933443494	0.8515625	0.8125
823_OMC-446	9.0	9.0	3.0614821867207764	0.871900826446281	0.9545454545454546
824_OMC-446	9.0	8.0	2.8221819586428722	0.8442906574394464	0.8235294117647058
825_OMC-446	6.0	6.0	2.5282129458410014	0.8200000000000001	1.0
826_OMC-446	9.25	9.0	3.0124798907455577	0.8657844990548205	0.9130434782608696
827_OMC-446	7.5	7.0	2.585475297227334	0.815	0.9
828_OMC-446	5.0	5.0	2.2854752972273342	0.79	1.0
829_OMC-446	7.333333333333333	7.0	2.6892464285091586	0.8355555555555555	0.8666666666666667
82_OMC-446	7.0	7.0	2.660673233416842	0.8299319727891157	0.9523809523809523
830_OMC-446	8.0	8.0	2.860320777833045	0.8476454293628809	0.9473684210526316
831_OMC-446	9.2	9.0	3.005678590456677	0.8616780045351474	0.9047619047619048
832_OMC-446	8.0	8.0	2.851149423893032	0.8480725623582767	0.9523809523809523
833_OMC-446	8.333333333333334	8.0	2.789929075309999	0.8388429752066116	0.9090909090909091
834_OMC-446	7.25	7.0	2.6565647621309543	0.8266666666666667	0.8666666666666667
835_OMC-446	9.5	8.0	2.780858935500048	0.8365650969529086	0.8421052631578947
836_OMC-446	7.0	7.0	2.6542553132150286	0.8235294117647058	0.9411764705882353
837_OMC-446	7.0	7.0	2.563442567704156	0.8027210884353742	0.9523809523809523
838_OMC-446	8.0	8.0	2.8744934713060357	0.8526077097505669	0.9523809523809523
839_OMC-446	8.333333333333334	8.0	2.8325608750566906	0.8480725623582767	0.9047619047619048
83_OMC-446	9.25	9.0	3.0271691184406184	0.8677685950413223	0.9090909090909091
840_OMC-446	8.5	8.0	2.7552561098371386	0.8279773156899811	0.9130434782608696
841_OMC-446	6.0	6.0	2.4659573209491747	0.81	0.95
842_OMC-446	8.5	7.0	2.536608254391499	0.8027681660899654	0.8235294117647058
843_OMC-446	6.0	6.0	2.5073801024236353	0.8165680473372781	0.9230769230769231
844_OMC-446	5.0	5.0	2.2607845582978525	0.7839506172839505	1.0
845_OMC-446	9.166666666666666	9.0	2.9823345430436743	0.8571428571428572	0.9047619047619048
846_OMC-446	7.0	7.0	2.683542362433231	0.8333333333333334	0.9444444444444444
847_OMC-446	10.0	9.0	2.970573095811685	0.859504132231405	0.8636363636363636
848_OMC-446	6.0	5.0	2.075869296697727	0.7337278106508875	0.8461538461538461
849_OMC-446	7.0	7.0	2.6542553132150286	0.8235294117647058	0.9411764705882353
84_OMC-446	8.25	8.0	2.8205898566665466	0.8421052631578947	0.8947368421052632
850_OMC-446	8.0	8.0	2.841446071165522	0.845	0.95
851_OMC-446	6.0	5.0	2.103909910282364	0.7455621301775148	0.8461538461538461
852_OMC-446	7.0	7.0	2.633206219346495	0.8200000000000001	0.95
853_OMC-446	7.0	7.0	2.599665973303957	0.808641975308642	0.9444444444444444
854_OMC-446	7.0	7.0	2.5661902165503228	0.8090737240075614	0.9565217391304348
855_OMC-446	9.0	9.0	3.02262977889017	0.8636363636363636	0.9545454545454546
856_OMC-446	6.0	6.0	2.5027361715940035	0.8163265306122449	0.9285714285714286
857_OMC-446	7.0	7.0	2.6689801450225326	0.8310249307479225	0.9473684210526316
858_OMC-446	7.5	7.0	2.660129752633257	0.8304498269896194	0.8823529411764706
859_OMC-446	6.0	6.0	2.5032583347756456	0.8148148148148149	1.0
85_OMC-446	7.0	7.0	2.675595777605311	0.8310249307479225	0.9473684210526316
860_OMC-446	7.0	7.0	2.7028195311147836	0.8359375	0.9375
861_OMC-446	7.0	7.0	2.710777084415067	0.8395061728395061	0.9444444444444444
862_OMC-446	7.0	7.0	2.73345859334435	0.84375	0.9375
863_OMC-446	8.333333333333334	8.0	2.8064985287918303	0.8429752066115703	0.9090909090909091
864_OMC-446	7.0	7.0	2.681625957074392	0.8355387523629489	0.9565217391304348
865_OMC-446	8.333333333333334	8.0	2.8464393446710154	0.85	0.9
866_OMC-446	7.5	7.0	2.6100635408770727	0.8199445983379501	0.8947368421052632
867_OMC-446	8.5	7.0	2.536608254391499	0.8027681660899654	0.8235294117647058
868_OMC-446	9.0	8.0	2.7232196723355075	0.825	0.85
869_OMC-446	8.2	8.0	2.866587105828959	0.8512110726643598	0.8823529411764706
86_OMC-446	7.25	7.0	2.625	0.8203125	0.875
870_OMC-446	6.0	6.0	2.5048003829823355	0.814404432132964	1.0
871_OMC-446	8.75	8.0	2.872905595320056	0.8533333333333333	0.8
872_OMC-446	9.75	9.0	2.965957320949175	0.855	0.85
873_OMC-446	7.0	7.0	2.654255313215029	0.8235294117647058	0.9411764705882353
874_OMC-446	7.0	7.0	2.6659573209491745	0.83	0.95
875_OMC-446	6.5	6.0	2.3898980954642877	0.7911111111111111	0.8666666666666667
876_OMC-446	7.0	7.0	2.631832608042798	0.8241965973534972	0.9565217391304348
877_OMC-446	7.0	7.0	2.703701696057348	0.835	1.0
878_OMC-446	9.6	9.0	3.016875695766564	0.8641975308641976	0.8333333333333334
879_OMC-446	7.0	7.0	2.7378723922315147	0.8429752066115702	1.0
87_OMC-446	7.0	7.0	2.684017280829845	0.8344671201814059	0.9523809523809523
880_OMC-446	9.6	9.0	3.016875695766564	0.8641975308641976	0.8333333333333334
881_OMC-446	6.0	6.0	2.4830067805200744	0.808641975308642	1.0
882_OMC-446	8.333333333333334	8.0	2.8152023999804867	0.8435374149659864	0.9047619047619048
883_OMC-446	9.25	9.0	3.0124798907455577	0.8657844990548205	0.9130434782608696
884_OMC-446	6.0	6.0	2.48345859334435	0.8125	0.9375
885_OMC-446	6.0	6.0	2.4248356349861977	0.7889273356401384	1.0
886_OMC-446	11.0	9.0	2.974937501201927	0.8580246913580247	0.7777777777777778
887_OMC-446	7.0	6.0	2.374556048381884	0.7889273356401384	0.8823529411764706
888_OMC-446	7.333333333333333	7.0	2.5842622253153325	0.814404432132964	0.8947368421052632
889_OMC-446	8.0	8.0	2.8744934713060357	0.8526077097505669	0.9523809523809523
88_OMC-446	9.0	9.0	3.0294520440309136	0.8657844990548205	0.9565217391304348
890_OMC-446	8.333333333333334	8.0	2.8152023999804867	0.8435374149659864	0.9047619047619048
891_OMC-446	9.0	6.0	2.238920595031594	0.7466666666666666	0.8
892_OMC-446	8.333333333333334	8.0	2.8464393446710154	0.85	0.9
893_OMC-446	7.333333333333333	7.0	2.5941178916311856	0.8148148148148148	0.8888888888888888
894_OMC-446	6.0	6.0	2.5306016985440762	0.8199445983379502	1.0
895_OMC-446	7.0	7.0	2.703701696057348	0.835	1.0
896_OMC-446	6.0	6.0	2.4789990674205953	0.8088642659279779	1.0
897_OMC-446	7.0	7.0	2.649794462043571	0.8254847645429363	0.9473684210526316
898_OMC-446	9.0	8.0	2.7550576199383077	0.8310249307479225	0.8421052631578947
899_OMC-446	8.0	8.0	2.905307776373747	0.8587257617728532	0.9473684210526316
89_OMC-446	7.0	7.0	2.6199707109276353	0.8208616780045352	0.9523809523809523
8_OMC-446	6.5	6.0	2.3242764617775697	0.7750865051903114	0.8823529411764706
900_OMC-446	8.333333333333334	8.0	2.8282129458410012	0.845	0.9
901_OMC-446	7.25	7.0	2.546631615393778	0.8024691358024691	0.8888888888888888
902_OMC-446	7.333333333333333	7.0	2.609850166028943	0.8166089965397924	0.8823529411764706
903_OMC-446	8.5	7.0	2.5046934208291405	0.7962962962962963	0.8333333333333334
904_OMC-446	10.0	9.0	2.9540036423298544	0.8553719008264463	0.8636363636363636
905_OMC-446	7.0	7.0	2.7045348998193433	0.8373702422145328	0.9411764705882353
906_OMC-446	9.25	9.0	3.0124798907455577	0.8657844990548205	0.9130434782608696
907_OMC-446	7.5	7.0	2.5840236870150894	0.8163265306122449	0.9047619047619048
908_OMC-446	6.0	6.0	2.439268146254097	0.8033240997229918	0.9473684210526316
909_OMC-446	7.0	7.0	2.684017280829845	0.8344671201814059	0.9523809523809523
90_OMC-446	7.0	7.0	2.675595777605311	0.8310249307479225	0.9473684210526316
910_OMC-446	8.333333333333334	8.0	2.865576855207249	0.8531855955678671	0.8947368421052632
911_OMC-446	8.75	8.0	2.872905595320056	0.8533333333333333	0.8
912_OMC-446	8.2	8.0	2.836591668108979	0.845679012345679	0.8888888888888888
913_OMC-446	5.0	5.0	2.256908989558354	0.7820069204152249	1.0
914_OMC-446	8.333333333333334	8.0	2.784010874644601	0.8344671201814059	0.9047619047619048
915_OMC-446	7.0	7.0	2.629219686524097	0.8223140495867769	0.9545454545454546
916_OMC-446	7.5	7.0	2.6037016960573482	0.82	0.9
917_OMC-446	7.333333333333333	7.0	2.594117891631186	0.8148148148148149	0.8888888888888888
918_OMC-446	7.0	7.0	2.675595777605311	0.8310249307479225	0.9473684210526316
919_OMC-446	7.333333333333333	7.0	2.557727778739319	0.8024691358024691	0.8888888888888888
91_OMC-446	7.0	7.0	2.7013757559060494	0.8390022675736961	0.9523809523809523
920_OMC-446	7.5	7.0	2.5755886970847786	0.8088642659279779	0.8947368421052632
921_OMC-446	8.333333333333334	8.0	2.8152023999804863	0.8435374149659864	0.9047619047619048
922_OMC-446	9.166666666666666	9.0	2.982334543043674	0.8571428571428572	0.9047619047619048
923_OMC-446	7.0	7.0	2.6812763696025814	0.8347107438016529	0.9545454545454546
924_OMC-446	9.5	8.0	2.8218881955261783	0.845679012345679	0.8333333333333334
925_OMC-446	9.5	8.0	2.851018723094229	0.8512110726643598	0.8235294117647058
926_OMC-446	8.5	7.0	2.4885548621928453	0.7901234567901234	0.8333333333333334
927_OMC-446	9.0	9.0	3.0666152167384504	0.8733459357277883	0.9565217391304348
928_OMC-446	7.0	7.0	2.6835423624332306	0.8333333333333334	0.9444444444444444
929_OMC-446	9.0	9.0	3.041446071165522	0.865	0.95
92_OMC-446	8.0	8.0	2.876853130799308	0.8544423440453686	0.9565217391304348
930_OMC-446	8.0	8.0	2.905307776373747	0.8587257617728532	0.9473684210526316
931_OMC-446	7.0	7.0	2.649794462043571	0.8254847645429363	0.9473684210526316
932_OMC-446	8.75	8.0	2.771902372038558	0.8304498269896193	0.8235294117647058
933_OMC-446	7.0	7.0	2.636056086195823	0.8209876543209876	0.9444444444444444
934_OMC-446	6.0	6.0	2.4885548621928453	0.8148148148148149	0.9444444444444444
935_OMC-446	8.333333333333334	8.0	2.7570754133139395	0.831758034026465	0.9130434782608696
936_OMC-446	10.5	9.0	2.9928560501604604	0.8636363636363636	0.8636363636363636
937_OMC-446	7.0	7.0	2.7603136973125117	0.8476454293628809	1.0
938_OMC-446	8.0	8.0	2.839689958091771	0.8468809073724007	0.9565217391304348
939_OMC-446	7.0	7.0	2.610748233952884	0.8140495867768596	0.9545454545454546
93_OMC-446	8.0	8.0	2.8630945514207635	0.8512396694214877	0.9545454545454546
940_OMC-446	10.0	9.0	2.969731566544131	0.8571428571428572	0.8571428571428572
941_OMC-446	7.25	7.0	2.5424826938097276	0.7958477508650519	0.8823529411764706
942_OMC-446	8.25	8.0	2.8205898566665466	0.8421052631578947	0.8947368421052632
943_OMC-446	8.25	8.0	2.791858352567483	0.8390022675736961	0.9047619047619048
944_OMC-446	8.25	8.0	2.7918583525674836	0.8390022675736961	0.9047619047619048
945_OMC-446	9.5	8.0	2.765957320949175	0.835	0.85
946_OMC-446	8.166666666666666	8.0	2.9232314287976204	0.8622222222222222	0.8666666666666667
947_OMC-446	6.5	6.0	2.3522170014624826	0.78125	0.875
948_OMC-446	7.0	7.0	2.7153266987718094	0.8365650969529086	1.0
949_OMC-446	7.0	7.0	2.6606732334168424	0.8299319727891157	0.9523809523809523
94_OMC-446	8.333333333333334	8.0	2.80140367455976	0.8431001890359169	0.9130434782608696
950_OMC-446	8.0	8.0	2.8511494238930326	0.8480725623582767	0.9523809523809523
951_OMC-446	8.0	8.0	2.855539000552653	0.8506616257088847	0.9565217391304348
952_OMC-446	7.5	7.0	2.621352613613023	0.8209876543209876	0.8888888888888888
953_OMC-446	6.0	6.0	2.4729055953200567	0.8088888888888889	0.9333333333333333
954_OMC-446	8.0	8.0	2.851149423893033	0.8480725623582767	0.9523809523809523
955_OMC-446	8.333333333333334	8.0	2.8064985287918303	0.8429752066115702	0.9090909090909091
956_OMC-446	11.5	10.0	3.181366328891459	0.8808864265927978	0.7894736842105263
957_OMC-446	8.25	8.0	2.895423870280316	0.8581314878892734	0.8823529411764706
958_OMC-446	7.0	7.0	2.7035593239513576	0.8388429752066116	0.9545454545454546
959_OMC-446	7.0	7.0	2.6947814605842733	0.8365650969529086	0.9473684210526316
95_OMC-446	7.5	7.0	2.6292492238560343	0.8254847645429363	0.8947368421052632
960_OMC-446	6.0	6.0	2.4789990674205953	0.8088642659279779	1.0
961_OMC-446	9.0	8.0	2.7550576199383077	0.8310249307479225	0.8421052631578947
962_OMC-446	6.0	6.0	2.4404040177209274	0.8027681660899654	0.9411764705882353
963_OMC-446	7.0	7.0	2.7534343861887844	0.8469387755102041	0.9285714285714286
964_OMC-446	11.333333333333334	8.0	2.855388542207534	0.8472222222222222	0.5833333333333333
965_OMC-446	9.25	9.0	3.046381112945884	0.870748299319728	0.9047619047619048
966_OMC-446	7.0	7.0	2.6840172808298455	0.8344671201814059	0.9523809523809523
967_OMC-446	9.2	9.0	2.9468374992530824	0.8506616257088847	0.9130434782608696
968_OMC-446	8.0	7.0	2.6247262095042965	0.8253968253968254	0.9047619047619048
969_OMC-446	6.0	6.0	2.35845859334435	0.7734375	0.9375
96_OMC-446	5.0	5.0	2.2322628970242686	0.7733333333333333	1.0
970_OMC-446	9.2	9.0	2.988316710610012	0.859504132231405	0.9090909090909091
971_OMC-446	7.25	7.0	2.5810134015775863	0.8096885813148789	0.8823529411764706
972_OMC-446	8.0	8.0	2.8841837197791893	0.855	0.95
973_OMC-446	7.5	7.0	2.6416041678685933	0.8271604938271605	0.8888888888888888
974_OMC-446	7.0	7.0	2.7464393446710154	0.845	1.0
975_OMC-446	7.0	7.0	2.7052290027422976	0.8333333333333333	1.0
976_OMC-446	9.0	9.0	3.0841837197791895	0.875	0.95
977_OMC-446	8.25	8.0	2.895423870280316	0.8581314878892734	0.8823529411764706
978_OMC-446	8.25	8.0	2.839775539645508	0.8476454293628809	0.8947368421052632
979_OMC-446	8.0	8.0	2.824242143590157	0.8429752066115703	0.9545454545454546
97_OMC-446	10.0	7.0	2.4056390622295667	0.765625	0.75
980_OMC-446	6.333333333333333	6.0	2.35274578087187	0.7755102040816326	0.8571428571428572
981_OMC-446	9.0	9.0	2.992288871323377	0.8582230623818525	0.9565217391304348
982_OMC-446	7.0	7.0	2.651502640872873	0.8264462809917356	0.9545454545454546
983_OMC-446	7.0	7.0	2.6126502330422663	0.8181818181818182	0.9545454545454546
984_OMC-446	7.0	7.0	2.6048074635028686	0.814404432132964	0.9473684210526316
985_OMC-446	5.0	5.0	2.2954656791802917	0.7928994082840236	1.0
986_OMC-446	7.0	7.0	2.633206219346495	0.8200000000000001	0.95
987_OMC-446	8.75	8.0	2.827819531114783	0.84375	0.8125
988_OMC-446	6.0	6.0	2.4729055953200563	0.8088888888888889	0.9333333333333333
989_OMC-446	8.0	8.0	2.840811597071988	0.8471074380165289	0.9545454545454546
98_OMC-446	7.0	7.0	2.66329080817766	0.8271604938271605	0.9444444444444444
990_OMC-446	7.0	7.0	2.7603136973125117	0.8476454293628809	1.0
991_OMC-446	5.0	5.0	2.2492870686521598	0.7811634349030472	1.0
992_OMC-446	8.0	8.0	2.90194695925137	0.859504132231405	0.9545454545454546
993_OMC-446	8.0	8.0	2.7966138511441443	0.8344671201814059	0.9523809523809523
994_OMC-446	7.333333333333333	7.0	2.5842622253153325	0.814404432132964	0.8947368421052632
995_OMC-446	7.0	7.0	2.6812763696025814	0.8347107438016529	0.9545454545454546
996_OMC-446	7.0	7.0	2.7603136973125117	0.8476454293628809	1.0
997_OMC-446	8.25	8.0	2.8638263900908156	0.8518518518518519	0.8888888888888888
998_OMC-446	9.25	9.0	3.0709505944546684	0.875	0.9
999_OMC-446	9.75	9.0	3.044110417748401	0.8703703703703703	0.8333333333333334
99_OMC-446	11.0	9.0	2.974937501201927	0.8580246913580247	0.7777777777777778
9_OMC-446	6.0	6.0	2.530601698544076	0.8199445983379502	1.0
