	chao1	observed_otus	shannon	simpson	goods_coverage
1000_O-121	18.0	17.0	3.174302878906961	0.8684003351349375	0.9997166737498229
100_O-121	22.0	19.0	3.1584559704701034	0.8660817487336873	0.9994280812124678
101_O-121	20.0	19.0	3.1501400426378514	0.8631197421621329	0.9997171145685997
102_O-121	17.5	17.0	3.1711508457676088	0.867436481238187	0.9997174742195225
103_O-121	18.0	18.0	3.1843862635773834	0.8684374576478806	1.0
104_O-121	17.0	17.0	3.1576547725473	0.8642973400373851	1.0
105_O-121	19.0	19.0	3.1955943054074494	0.8695393848022015	0.9998576715058355
106_O-121	21.75	21.0	3.186140042390846	0.8681187114361346	0.9995724668661822
107_O-121	19.75	19.0	3.1519511138653256	0.8638627819707839	0.9995768091409225
108_O-121	17.0	17.0	3.1603782328905003	0.8656202474605451	0.9998601985181043
109_O-121	20.25	20.0	3.173001573278255	0.8662444694011819	0.9997247075017206
10_O-121	25.5	23.0	3.155303651803105	0.8652897161007878	0.9993053626007224
110_O-121	20.0	20.0	3.18265737402088	0.8685241618766628	0.9998545242944429
111_O-121	19.25	19.0	3.160752993290935	0.8656369714342225	0.9997167941093175
112_O-121	19.0	19.0	3.2023183160009663	0.8703936488639664	1.0
113_O-121	23.0	22.0	3.183496613442275	0.8670535401905936	0.9995797730774618
114_O-121	21.25	21.0	3.193510521722001	0.8690164011373385	0.9997209432119436
115_O-121	18.0	18.0	3.1873498996726837	0.8685591663460319	1.0
116_O-121	23.5	22.0	3.1709685832170997	0.8657298356620575	0.9994361432196223
117_O-121	19.0	19.0	3.173891548175747	0.8681466174052832	1.0
118_O-121	27.0	21.0	3.1899618860202845	0.868859685391858	0.9994472847865138
119_O-121	17.0	17.0	3.1430494903819204	0.8628072789872656	0.9998564043653073
11_O-121	19.0	19.0	3.1591535968595643	0.8648895945819419	1.0
120_O-121	16.0	16.0	3.1669252780422825	0.8672549551351214	0.9998616491422246
121_O-121	19.0	19.0	3.192951801368071	0.8692283035123425	0.9998586572438163
122_O-121	20.0	20.0	3.162260349426328	0.8650005720046865	0.9998555539505994
123_O-121	24.333333333333332	21.0	3.1696290509801304	0.8664813105318114	0.9992916843745573
124_O-121	23.666666666666668	22.0	3.1655470397811505	0.8674142996483045	0.9992775610460916
125_O-121	24.0	22.0	3.1717299480746055	0.8668245783310177	0.9994204578383077
126_O-121	20.0	19.0	3.189433193718792	0.8687411427699172	0.9997183495282355
127_O-121	23.75	23.0	3.1779769829191507	0.8666801795714908	0.9995805369127517
128_O-121	18.2	18.0	3.1571817394226214	0.8666078160472994	0.9997212543554007
129_O-121	20.333333333333332	20.0	3.169105045119643	0.8650331607190972	0.9997191405701447
12_O-121	22.0	22.0	3.177096563246997	0.8662987375669289	0.9998613998613999
130_O-121	23.6	23.0	3.1519896583741347	0.86275664796806	0.9995870612525809
131_O-121	19.333333333333332	19.0	3.1583143201540422	0.8650544880512732	0.9997228765414993
132_O-121	17.0	17.0	3.1606580438258276	0.866308881836733	1.0
133_O-121	21.25	21.0	3.1968010142646923	0.8699556331328089	0.999713590147501
134_O-121	21.5	21.0	3.1873291954518055	0.8680088003037746	0.9997223379147577
135_O-121	27.875	26.0	3.2070175018203333	0.871055817653033	0.9991598991879026
136_O-121	20.0	20.0	3.159446065183971	0.8665136070452311	0.9998613037447989
137_O-121	24.2	23.0	3.208037374549039	0.870845278926748	0.9994367783722895
138_O-121	17.0	17.0	3.157680719132571	0.8661726877561648	1.0
139_O-121	19.0	19.0	3.172271516721289	0.867823375658647	1.0
13_O-121	21.166666666666668	21.0	3.1605246927469968	0.8660052523771851	0.9997179921037789
140_O-121	23.333333333333332	20.0	3.163124169373289	0.8666306159318887	0.9993034271384786
141_O-121	24.333333333333332	21.0	3.146177525307292	0.863214206495109	0.99927766541462
142_O-121	18.0	18.0	3.1841343165142417	0.8684279292773955	1.0
143_O-121	21.333333333333332	21.0	3.1903012639327044	0.8684322284938626	0.9997146525895277
144_O-121	21.166666666666668	21.0	3.1304177094243064	0.862053073145942	0.9997116493656286
145_O-121	21.333333333333332	21.0	3.1804909211938504	0.8661134008737699	0.9997113580603262
146_O-121	21.2	21.0	3.1725711829339684	0.8661601090545592	0.9997163925127623
147_O-121	17.0	17.0	3.152411070926882	0.8653613659473417	0.9998631261976457
148_O-121	19.333333333333332	19.0	3.181331812337037	0.8685157983712037	0.9997213320328828
149_O-121	18.333333333333332	18.0	3.1699581091729288	0.8675872363122912	0.9997193770169777
14_O-121	18.0	18.0	3.1713388708300934	0.8675489208406484	1.0
150_O-121	19.5	19.0	3.190342845297323	0.8681076926411473	0.9997182304874612
151_O-121	21.25	21.0	3.17562276386966	0.8664969931127079	0.9997118985883031
152_O-121	20.0	20.0	3.171401485417827	0.8672936067174482	0.9998572855715713
153_O-121	19.0	19.0	3.183594988260068	0.8680576116954417	1.0
154_O-121	18.0	18.0	3.1656917294135534	0.8664997603537229	0.9998575295626158
155_O-121	18.0	18.0	3.1580203713536554	0.8665845003392902	0.9998582565556343
156_O-121	20.25	20.0	3.20416024862259	0.8710528827331486	0.999719298245614
157_O-121	21.0	21.0	3.1559305682579115	0.8641297398375245	0.9998607242339833
158_O-121	24.5	23.0	3.1785117597879946	0.8669276175517997	0.9994281629735525
159_O-121	22.6	22.0	3.1779655581375854	0.867553303232989	0.9995775837792171
15_O-121	20.25	20.0	3.1581737457872796	0.8655647917038344	0.9997184288328875
160_O-121	22.0	22.0	3.1815651398952767	0.8671225264785546	0.9998599047352199
161_O-121	20.5	20.0	3.151119785778855	0.8655314315603385	0.9995730752810588
162_O-121	17.0	17.0	3.1399245597027114	0.8644719858973421	0.9998611496806442
163_O-121	17.0	17.0	3.1657079424497923	0.8676615739042864	0.9998630324613067
164_O-121	23.0	21.0	3.16294053769948	0.8656624630393508	0.9994293865905849
165_O-121	20.25	20.0	3.1738422594917433	0.8675016345863071	0.9997148153429346
166_O-121	25.5	23.0	3.174898663793455	0.8655047449320562	0.9992537313432835
167_O-121	20.0	20.0	3.2018756534823107	0.869398239830679	0.9998556165174703
168_O-121	19.0	19.0	3.1728207893458276	0.8675932211992969	0.999860061572908
169_O-121	20.75	20.0	3.1467587920814606	0.8639667691548429	0.9995717956037682
16_O-121	20.0	20.0	3.189646912059679	0.868105473883722	0.9998567950737506
170_O-121	18.0	18.0	3.149108951099416	0.8639132431825403	1.0
171_O-121	27.333333333333332	24.0	3.1806241073749995	0.8666121030099875	0.9993096783100925
172_O-121	19.0	19.0	3.1898565291240937	0.8687920824029408	0.9998549042367962
173_O-121	18.0	18.0	3.149575699208122	0.8630196928182083	0.999861782999309
174_O-121	22.0	21.0	3.1697713514763244	0.8660963718286463	0.9995767494356659
175_O-121	25.2	24.0	3.1414347954256505	0.8607973271566003	0.999450247388675
176_O-121	24.5	23.0	3.167926833818295	0.8637504129299904	0.9995787700084247
177_O-121	26.0	20.0	3.1878047098398126	0.8692531896941225	0.9994327045809105
178_O-121	20.0	20.0	3.159980601815398	0.8644790746117914	0.9998595505617978
179_O-121	20.0	20.0	3.1861605725111284	0.8680637042338839	0.9998584972406962
17_O-121	20.0	19.0	3.189191616814583	0.8686376985978806	0.999576570218772
180_O-121	22.5	22.0	3.1662898296123725	0.8662866829527834	0.9995836802664446
181_O-121	18.5	18.0	3.1685019009180113	0.8676563748446124	0.9997129323955791
182_O-121	29.0	24.0	3.175594885467136	0.8662972070842101	0.999156355455568
183_O-121	18.0	18.0	3.1862646734797324	0.8688284871383469	1.0
184_O-121	19.0	19.0	3.1566249855032043	0.8645821917894496	1.0
185_O-121	18.0	18.0	3.1760006906604565	0.8687767514604772	0.9998538652637732
186_O-121	22.75	22.0	3.205866333581969	0.8710145218145174	0.999576031656303
187_O-121	18.0	18.0	3.205792218762564	0.8716684338323162	0.9998592540464462
188_O-121	24.0	21.0	3.1954735660137628	0.8692640804992766	0.9994416527079844
189_O-121	19.5	18.0	3.182570765602801	0.869493165671066	0.9995719178082192
18_O-121	16.0	15.0	3.1328749648555907	0.86440352673455	0.9997227612974772
190_O-121	17.0	17.0	3.1731462236507286	0.8667679045930109	0.9998616874135546
191_O-121	20.333333333333332	20.0	3.1956560690166773	0.8688728994941662	0.9997170745508559
192_O-121	20.166666666666668	20.0	3.139863140048429	0.8632628627229408	0.9997224920216456
193_O-121	19.0	19.0	3.1480309459033022	0.8647405327855351	1.0
194_O-121	22.2	22.0	3.1749566794693553	0.8670067333311249	0.999717554017794
195_O-121	20.0	20.0	3.160228301269024	0.8649622294823973	0.9998588368153586
196_O-121	15.0	15.0	3.1581469916544735	0.8662396025443185	1.0
197_O-121	18.0	18.0	3.158299471271396	0.865551552304211	1.0
198_O-121	18.0	18.0	3.178242141011243	0.8678365677752	1.0
199_O-121	17.0	17.0	3.172807064135833	0.8667710338121659	1.0
19_O-121	20.5	19.0	3.165648600373692	0.866999202497038	0.9995670995670995
1_O-121	22.5	22.0	3.161450336836662	0.8651911830159165	0.9995794785534062
200_O-121	17.333333333333332	17.0	3.1575986975129564	0.8665600151347816	0.9997253501785224
201_O-121	21.2	21.0	3.2077457281328274	0.8704384175265294	0.9997202797202798
202_O-121	18.0	18.0	3.217743710140507	0.8735668795973424	0.9998587371097613
203_O-121	22.5	21.0	3.161342003594173	0.8660203273007346	0.9994474374913662
204_O-121	21.2	21.0	3.168841853814392	0.8655290398324138	0.9997229916897507
205_O-121	21.0	21.0	3.157320819547909	0.8647423603598032	0.9998611496806442
206_O-121	19.0	19.0	3.1817453852460442	0.8678711930316458	0.9998584571832979
207_O-121	19.0	19.0	3.164747759552227	0.864645544342109	1.0
208_O-121	22.0	19.0	3.170000764848608	0.8672185062667576	0.9995852343425964
209_O-121	23.5	21.0	3.1613385509916383	0.8657460173093772	0.9992950796559988
20_O-121	24.0	22.0	3.137610204070927	0.8631470723998845	0.9992802648625306
210_O-121	18.333333333333332	18.0	3.1622845704303986	0.8663473209606227	0.999720005599888
211_O-121	18.0	18.0	3.17827156275393	0.8688250777068109	0.9998553450021698
212_O-121	20.166666666666668	20.0	3.1866115816099083	0.8692459358364728	0.9997175939000282
213_O-121	25.0	24.0	3.168816608386152	0.8663986795973093	0.9994304428306992
214_O-121	17.0	17.0	3.1438697936057367	0.8644302286516934	0.9998576917603529
215_O-121	22.0	20.0	3.133241133886785	0.8633198763817483	0.9994295493439818
216_O-121	20.333333333333332	20.0	3.1646372966023786	0.865620453446804	0.9997159897756319
217_O-121	20.0	20.0	3.175577726820608	0.8676214347966259	0.9998584171032139
218_O-121	18.0	18.0	3.176634791473138	0.867601181156514	1.0
219_O-121	25.125	25.0	3.1729213083909755	0.8664163076435389	0.999713055954089
21_O-121	23.5	22.0	3.175707569822195	0.8672190144713201	0.9994407158836689
220_O-121	22.0	21.0	3.1543497382070287	0.8638417767722555	0.9995689035781004
221_O-121	22.0	22.0	3.184493954988121	0.8675821542285447	0.9998587371097613
222_O-121	22.166666666666668	22.0	3.166591155660952	0.8661270463248307	0.999717554017794
223_O-121	20.0	19.0	3.1319593564810413	0.8620970256318603	0.9995788291450232
224_O-121	20.0	20.0	3.1735548101599793	0.8672330201567495	0.999859865470852
225_O-121	21.25	21.0	3.1613417586198724	0.865388071768571	0.9997125197642662
226_O-121	19.0	19.0	3.163797953381239	0.8667062335979083	0.9998581761452277
227_O-121	18.0	18.0	3.164034472878442	0.8642874764831388	0.9998574686431014
228_O-121	18.0	18.0	3.180178877832506	0.8674055721075797	0.999858777008897
229_O-121	21.0	21.0	3.179944446181952	0.8675182050475365	0.9998614958448754
22_O-121	21.2	21.0	3.1944851835917563	0.8695186027473626	0.9997174343034756
230_O-121	20.333333333333332	20.0	3.1892702621622773	0.8684754587503005	0.9997152214153495
231_O-121	19.333333333333332	19.0	3.166158475383954	0.865418996949005	0.9997093445720099
232_O-121	27.0	21.0	3.1667601296620993	0.8669544090707726	0.9994463667820069
233_O-121	24.2	24.0	3.178191489547603	0.8658959203014032	0.9997189037245257
234_O-121	18.0	18.0	3.162185369701591	0.8662862274939693	1.0
235_O-121	19.0	19.0	3.166407240657058	0.8665101782107205	0.9998584571832979
236_O-121	21.0	21.0	3.1889003391109525	0.8678117457899133	0.9998583168036271
237_O-121	21.6	21.0	3.1690641266213198	0.8663227571341513	0.9995743473325767
238_O-121	21.2	21.0	3.168485766706137	0.8669545134421488	0.9997194557441437
239_O-121	21.0	18.0	3.1728842386720224	0.8681689970748773	0.9994382811402893
23_O-121	18.5	18.0	3.1625455313990565	0.8657649602980414	0.9997156667614444
240_O-121	21.166666666666668	21.0	3.176465623499946	0.8673504770640149	0.999721293199554
241_O-121	19.0	19.0	3.158411341381874	0.8649655176822775	0.9998590953924194
242_O-121	18.0	18.0	3.152139765798163	0.8645683951458892	0.9998591945930724
243_O-121	19.0	19.0	3.157661200540933	0.864441124229893	0.9998587969500141
244_O-121	18.0	18.0	3.167048671237084	0.8671313019953713	0.999857305936073
245_O-121	20.0	20.0	3.1727240654054842	0.867284892171444	0.9998546511627907
246_O-121	20.75	20.0	3.1455748412051396	0.8647785466739322	0.9995784740761556
247_O-121	19.333333333333332	19.0	3.159340845848125	0.8661657517057245	0.9997184288328875
248_O-121	21.0	21.0	3.168752177649451	0.8658532286710299	0.9998615533711754
249_O-121	19.5	18.0	3.1745554253729753	0.8672257751165536	0.9995815315943646
24_O-121	16.0	16.0	3.178283278000089	0.8694802767194989	1.0
250_O-121	18.25	18.0	3.175928295171629	0.8685157653797594	0.9997196916608269
251_O-121	21.2	21.0	3.193426888127767	0.8698014622908238	0.9997181907848387
252_O-121	19.0	19.0	3.1681257280650876	0.866395140620621	0.9998589960518894
253_O-121	20.0	18.0	3.1494044853220395	0.8662505346852553	0.9994343091500495
254_O-121	19.0	19.0	3.2183290912034823	0.8727434895388896	1.0
255_O-121	19.0	19.0	3.1589609479784975	0.8654717083931398	0.9998562598821331
256_O-121	19.0	19.0	3.173355988923126	0.866829060293103	0.9998561565017261
257_O-121	20.25	20.0	3.1678524060757782	0.8671340793009437	0.9997234513274337
258_O-121	19.5	19.0	3.1732011937831244	0.865608347012879	0.9997182701788985
259_O-121	19.0	19.0	3.1689020859556107	0.8675894706626341	0.9998603741971517
25_O-121	23.2	22.0	3.189042687104512	0.8688790765680807	0.9994330262225372
260_O-121	19.0	19.0	3.150970948017571	0.8634847468021816	1.0
261_O-121	17.0	17.0	3.1765264282244186	0.8676486736514951	0.9998606271777003
262_O-121	20.6	20.0	3.1659396304704037	0.8661434414747944	0.999570938215103
263_O-121	18.5	18.0	3.1842883021424444	0.8677644158768086	0.9997196523689375
264_O-121	21.0	21.0	3.1766767935596296	0.8670740054229112	0.9998615150256197
265_O-121	18.0	18.0	3.1540650297519326	0.8663532775584022	0.9998597672135745
266_O-121	24.2	23.0	3.2028223714306123	0.8702991112459207	0.9994415747591792
267_O-121	21.5	20.0	3.1937419144599537	0.8694834597267188	0.999579596412556
268_O-121	20.0	20.0	3.1840098536634494	0.866693584529101	1.0
269_O-121	19.0	19.0	3.1877666329280303	0.8679678537336281	1.0
26_O-121	20.0	20.0	3.171047802697229	0.8666671500259292	0.9998584772148316
270_O-121	20.2	20.0	3.185990322066691	0.8678679157672362	0.9997128911857595
271_O-121	21.0	20.0	3.1655398725903288	0.8661278570315161	0.9995794195990467
272_O-121	21.0	21.0	3.1779229639874456	0.8663193493619585	0.9998585172608941
273_O-121	21.0	20.0	3.1610121605572195	0.8656243517959565	0.9995805955543129
274_O-121	19.333333333333332	19.0	3.165005357235677	0.8668926575918419	0.9997232216994187
275_O-121	17.0	17.0	3.1745587486298406	0.869374684731198	0.9998593530239099
276_O-121	19.0	19.0	3.1732000736553605	0.8676063821121194	0.9998572040554048
277_O-121	20.75	20.0	3.1702849344294184	0.8670158706566258	0.9995689655172414
278_O-121	17.333333333333332	17.0	3.1510080937177802	0.8661174169755176	0.9997175939000282
279_O-121	21.5	20.0	3.14645130570406	0.8630551789376698	0.9995731967562953
27_O-121	23.2	22.0	3.167221961685549	0.8665246093446879	0.9994546693933197
280_O-121	23.0	21.0	3.1554836704424747	0.8656292026451229	0.9992926863771396
281_O-121	24.0	24.0	3.1849161114379236	0.8666528744491977	0.9998566308243727
282_O-121	22.0	22.0	3.199107604528248	0.8682661831181322	0.9998598851057867
283_O-121	24.142857142857142	24.0	3.203066158109614	0.869296425086516	0.9997196916608269
284_O-121	24.0	23.0	3.1668549862828597	0.8654580750913202	0.9994384388600309
285_O-121	21.75	21.0	3.1877507801472067	0.8682106659919737	0.9995820562830872
286_O-121	19.0	19.0	3.1609270126797644	0.8653107018441983	0.9998586572438163
287_O-121	19.333333333333332	19.0	3.177008172837953	0.8679541963335855	0.9997181907848387
288_O-121	26.5	24.0	3.1804682860838507	0.8672180918336978	0.9993164730006835
289_O-121	20.0	20.0	3.1783830113439384	0.8673872970653439	0.9998593332395554
28_O-121	18.333333333333332	18.0	3.1611199052575842	0.8663585157238273	0.9997193376368229
290_O-121	21.2	20.0	3.174176564849584	0.867406028590278	0.9994486560992419
291_O-121	24.0	21.0	3.186464159854007	0.8670620587851332	0.9994234649754973
292_O-121	18.5	18.0	3.15848272009436	0.8657447302471448	0.9997175939000282
293_O-121	21.0	18.0	3.1553406687005103	0.8660488892150047	0.9994348686069511
294_O-121	20.0	19.0	3.170901025857728	0.8666088971014263	0.9995826377295493
295_O-121	20.333333333333332	20.0	3.165366900480841	0.8661627086772223	0.9997162718116045
296_O-121	19.333333333333332	19.0	3.1320488037045244	0.8613892292345791	0.9997166336072542
297_O-121	21.0	21.0	3.186026037973795	0.8681798596538501	0.999859075535513
298_O-121	20.0	20.0	3.1977760336121124	0.8694710503554332	0.9998622020118506
299_O-121	19.0	19.0	3.1786335558560297	0.8683540851929228	0.999857163262391
29_O-121	21.0	20.0	3.1498353787462396	0.8632877985417964	0.9995736213757817
2_O-121	18.0	18.0	3.156647251119201	0.8643383276941101	0.9998580956435362
300_O-121	21.2	21.0	3.1785631108191796	0.8674976147513763	0.9997152619589977
301_O-121	30.25	25.0	3.147485674707683	0.8626734552601453	0.9989914997838928
302_O-121	20.333333333333332	20.0	3.147851021094192	0.8639617599071668	0.9997151402934055
303_O-121	23.428571428571427	23.0	3.1785279341765578	0.8667898727466183	0.9995821145006268
304_O-121	20.0	20.0	3.145016846651149	0.8628946767145113	0.9998565279770445
305_O-121	20.0	20.0	3.187137618100656	0.8694429089714282	0.9998591747641177
306_O-121	23.75	23.0	3.1991300283125246	0.8684253048387391	0.9995787700084247
307_O-121	19.0	19.0	3.1928090733062433	0.8705329842511054	1.0
308_O-121	24.0	21.0	3.164204100071638	0.8661247995511498	0.9994311717861206
309_O-121	22.5	22.0	3.1392797617301444	0.862340425831771	0.9995887594242632
30_O-121	19.333333333333332	19.0	3.1752243753806333	0.8677399231018724	0.9997159897756319
310_O-121	25.333333333333332	22.0	3.1673697882496765	0.8656624335853438	0.9992853058890795
311_O-121	19.5	18.0	3.137880979212482	0.8643297417059781	0.9995804782547896
312_O-121	22.5	22.0	3.186128192453517	0.8680801476198715	0.9995649021029732
313_O-121	18.0	18.0	3.1673178132514552	0.8671953559200504	0.9998589960518894
314_O-121	19.25	19.0	3.17810278342319	0.8684410617865916	0.9997128911857595
315_O-121	23.5	22.0	3.196558976614223	0.8696950328977577	0.9994262765347103
316_O-121	22.6	22.0	3.171269371315448	0.8657967467138266	0.9995757918552036
317_O-121	18.0	18.0	3.1851655775387027	0.8685018132248432	1.0
318_O-121	21.25	21.0	3.163679205952165	0.8639549709469969	0.9997268132768747
319_O-121	17.5	17.0	3.1558423955016925	0.8659765028412335	0.9997179921037789
31_O-121	20.0	20.0	3.1671420073144536	0.8661697847873068	0.9998612460108228
320_O-121	20.0	19.0	3.157419543256455	0.8658980236975635	0.999570938215103
321_O-121	21.75	21.0	3.195968466868099	0.8698531780404715	0.9995869475423379
322_O-121	19.0	19.0	3.1655129972347353	0.8655976773087233	0.9998602766522285
323_O-121	19.25	19.0	3.1654348627109603	0.8670852558585795	0.9997227612974772
324_O-121	18.0	18.0	3.16849464334252	0.8660865281265024	1.0
325_O-121	19.5	19.0	3.1656750747673605	0.8648365474416148	0.9997174343034756
326_O-121	18.0	18.0	3.1668830220661133	0.8664321672337185	0.9998585172608941
327_O-121	25.0	19.0	3.1710546718038697	0.8674895262599506	0.9994384388600309
328_O-121	17.0	17.0	3.182333684612946	0.8684064766088716	1.0
329_O-121	21.2	21.0	3.1572274376055467	0.8651044285170018	0.9997258396161754
32_O-121	35.0	20.0	3.144481873565472	0.8634380219955329	0.999154572354516
330_O-121	19.0	19.0	3.1680108602543107	0.8663509427090289	0.9998606271777003
331_O-121	20.75	20.0	3.172498945090353	0.8673951652428288	0.9995757918552036
332_O-121	22.166666666666668	22.0	3.173804761559676	0.8667784618916266	0.9997190616659644
333_O-121	18.0	18.0	3.137894237865776	0.8627668143839018	1.0
334_O-121	18.333333333333332	18.0	3.157060275943093	0.8661519900590035	0.9997183891861448
335_O-121	17.0	17.0	3.1451509587954134	0.8641185672980993	1.0
336_O-121	23.142857142857142	23.0	3.174603920928002	0.8654152092771703	0.9997151808601538
337_O-121	20.25	20.0	3.152409231201273	0.8653248481041275	0.9997171145685997
338_O-121	18.0	18.0	3.170937447469444	0.867315062696046	0.999855637361051
339_O-121	19.0	19.0	3.200403246188913	0.8701285753459419	0.9998578939889158
33_O-121	25.333333333333332	22.0	3.1831790333453958	0.8671011084328187	0.9993064225273963
340_O-121	22.166666666666668	22.0	3.187279817441628	0.8679630943931866	0.9997161107168204
341_O-121	24.333333333333332	21.0	3.1520074318182907	0.8650343871219905	0.9993070953436807
342_O-121	24.2	23.0	3.1706736564735842	0.8657778315283543	0.9994413407821229
343_O-121	23.0	20.0	3.1826557189907	0.8676519512780829	0.9995654063450674
344_O-121	18.0	17.0	3.1692623147731975	0.8667486883792859	0.999723909442297
345_O-121	22.2	22.0	3.1850077454913377	0.8677085873648118	0.9997196916608269
346_O-121	19.75	19.0	3.1756171534097195	0.8675492399704917	0.9995672868887927
347_O-121	19.0	19.0	3.170668811668802	0.8663520531144238	1.0
348_O-121	22.2	21.0	3.1723990667640365	0.867475359747056	0.9994356659142212
349_O-121	21.2	21.0	3.187729823545156	0.8679390993585674	0.9997182304874612
34_O-121	24.333333333333332	21.0	3.1820533714209014	0.8676556394851536	0.999315443592552
350_O-121	23.5	22.0	3.189810845162334	0.8679905309781151	0.9994274262811337
351_O-121	21.75	21.0	3.1724127704823024	0.865883540891611	0.9995713673381912
352_O-121	20.0	19.0	3.198868965834278	0.8699752082048015	0.9997116909326799
353_O-121	22.25	22.0	3.182853783886531	0.8676326965013725	0.9997181113460183
354_O-121	25.5	23.0	3.173943108884931	0.8665451359894624	0.9993140348470297
355_O-121	23.0	21.0	3.1951222888939212	0.8698773784247957	0.999432543623209
356_O-121	18.5	18.0	3.212764187961837	0.8729898103396488	0.9997169944813924
357_O-121	18.0	18.0	3.1514043834470002	0.8643729927149518	1.0
358_O-121	24.333333333333332	21.0	3.159453366285914	0.86561021792847	0.9992914836332719
359_O-121	21.0	20.0	3.1815690976069435	0.8667617648695742	0.9997182304874612
35_O-121	20.0	20.0	3.17247985228782	0.8667703843730309	1.0
360_O-121	20.0	20.0	3.199178283240032	0.8694113237810955	0.9998603546990644
361_O-121	24.2	23.0	3.15892549980983	0.8640285334782477	0.9994224660698816
362_O-121	21.6	21.0	3.159540187754889	0.8655523741707478	0.999569645674939
363_O-121	19.0	19.0	3.1768868244073203	0.8671043840507836	0.9998591549295774
364_O-121	22.25	22.0	3.2111634242663616	0.8702155539482312	0.9997200839748076
365_O-121	19.0	19.0	3.1658084286834502	0.86579843217585	1.0
366_O-121	21.2	21.0	3.182134668138217	0.8684587837012684	0.999720005599888
367_O-121	18.0	18.0	3.1638466714857296	0.8663994078174566	0.9998584171032139
368_O-121	23.0	21.0	3.1572557504084138	0.8663741016012965	0.9992909812819059
369_O-121	19.333333333333332	19.0	3.1560067820886943	0.8649967109662708	0.9997123130034522
36_O-121	20.25	20.0	3.1715978678120815	0.8667010211154644	0.9997162315550511
370_O-121	20.333333333333332	20.0	3.1833760797640362	0.8673791306343278	0.9997209042701647
371_O-121	18.333333333333332	18.0	3.168562402075135	0.8670384108913436	0.9997230300512394
372_O-121	20.0	20.0	3.1755306252949036	0.8665685047639615	1.0
373_O-121	21.0	19.0	3.155975155786409	0.8648833514377657	0.9994473611494888
374_O-121	20.0	20.0	3.191718973273168	0.8694862983003618	0.999854418401514
375_O-121	20.333333333333332	20.0	3.1631591224241595	0.8648145054474788	0.9997165131112686
376_O-121	21.0	18.0	3.142114215554315	0.8627431051028215	0.9995886466474702
377_O-121	20.0	20.0	3.178236871853807	0.8674790345930588	1.0
378_O-121	24.0	22.0	3.165847830315077	0.8650637226935491	0.9994264410668197
379_O-121	18.333333333333332	18.0	3.1700111278133964	0.8678081037737847	0.9997151808601538
37_O-121	21.0	21.0	3.175299295032583	0.8674416591636267	0.9998583168036271
380_O-121	19.0	19.0	3.1855357349183078	0.8683477097941623	0.9998557414887478
381_O-121	20.5	20.0	3.1555034583537775	0.864361472142475	0.9997148153429346
382_O-121	21.2	21.0	3.2025651120406753	0.8701446754135218	0.9997148560022812
383_O-121	20.25	20.0	3.166265735184421	0.8661656472705819	0.99972024059309
384_O-121	23.0	21.0	3.1850577412365255	0.8686755756156237	0.99944582986977
385_O-121	22.0	20.0	3.1608023577812046	0.8657147144994377	0.999437649374385
386_O-121	20.5	20.0	3.1851797853935713	0.8667734376285079	0.999718785151856
387_O-121	25.0	23.0	3.1795362824191833	0.8672901417520117	0.9993001119820829
388_O-121	23.6	23.0	3.1583289043101863	0.8630562894931212	0.9995800671892497
389_O-121	21.333333333333332	21.0	3.2069967174936593	0.8705387498670337	0.9997190616659644
38_O-121	22.5	21.0	3.156127168634803	0.8648029317189287	0.9994462901439646
390_O-121	17.0	17.0	3.161576098887214	0.8672241390723037	0.9998608985950758
391_O-121	24.0	21.0	3.1959135324253864	0.8695928407948934	0.9995896032831737
392_O-121	18.25	18.0	3.158910640972465	0.8658884825249278	0.9997171945701357
393_O-121	21.0	21.0	3.168276006238954	0.8652645297434962	1.0
394_O-121	20.0	20.0	3.195291016419501	0.8691381730846999	0.9998632198057721
395_O-121	20.0	20.0	3.156127548330541	0.8652345741387936	0.9998564661977896
396_O-121	22.75	22.0	3.1779001690066395	0.8669460431359348	0.9995702005730659
397_O-121	19.75	19.0	3.1650914719867007	0.8669719871737243	0.999580008399832
398_O-121	23.0	21.0	3.199534101120887	0.8708981838271658	0.9994343091500495
399_O-121	24.5	23.0	3.1677557082227707	0.8657851137350112	0.9994275082295692
39_O-121	21.2	21.0	3.1793705992341987	0.8669624687724666	0.9997247453894853
3_O-121	19.0	19.0	3.1714810040775365	0.8672895894403116	1.0
400_O-121	18.0	18.0	3.1681863630662686	0.8655844045715299	0.9998602180598267
401_O-121	22.75	22.0	3.171234140238588	0.8669064060017426	0.9995635728833285
402_O-121	23.142857142857142	23.0	3.1695211230350973	0.8656727124038263	0.9997183891861448
403_O-121	23.0	20.0	3.181504215638954	0.8676628705298227	0.999437570303712
404_O-121	19.0	19.0	3.163672232173255	0.8659003993826908	0.9998585972850679
405_O-121	19.5	18.0	3.1869628788751947	0.8690087417717218	0.9995664113311172
406_O-121	22.75	22.0	3.18673728141662	0.8691803958342268	0.9995868337694532
407_O-121	24.0	23.0	3.148610832508004	0.8645062443313317	0.9994292237442922
408_O-121	25.333333333333332	22.0	3.1495793365915534	0.8633453428612563	0.9992913832199547
409_O-121	19.0	19.0	3.1761220156484256	0.8667044233961527	0.9998632946001367
40_O-121	21.0	20.0	3.1611889112421583	0.8647900728919019	0.9995798319327731
410_O-121	24.0	23.0	3.199453364542751	0.8683504825408974	0.99958909738392
411_O-121	21.6	21.0	3.1659069576926684	0.8659713369477334	0.9995824053452116
412_O-121	20.333333333333332	20.0	3.186791941712243	0.868545607550206	0.9997142448921275
413_O-121	17.0	17.0	3.18390242586254	0.8702104791378127	0.9998595110986233
414_O-121	21.0	21.0	3.1773481714792484	0.8659545525293396	0.9998580553584102
415_O-121	19.75	19.0	3.152627797273973	0.8654434823116132	0.9995775837792171
416_O-121	18.0	18.0	3.1467986909868078	0.8650209605803432	1.0
417_O-121	19.0	19.0	3.173096000244861	0.8665565439998686	0.9998595110986233
418_O-121	21.25	21.0	3.1690866293627007	0.8672800966628035	0.9997202014549524
419_O-121	17.0	17.0	3.190604607044725	0.8705601102478706	1.0
41_O-121	18.0	18.0	3.148304021576275	0.864059256570168	0.999861802100608
420_O-121	18.0	18.0	3.1422876606393437	0.8640717234358882	0.9998617447808654
421_O-121	23.2	22.0	3.1916758441777175	0.8694794171705773	0.9994570381430704
422_O-121	22.75	22.0	3.1642004449317462	0.865136160380191	0.9995764506565015
423_O-121	19.333333333333332	19.0	3.179356281375863	0.8682802645018795	0.9997156263330016
424_O-121	22.25	22.0	3.1711544286872146	0.8663520825052229	0.9997257268239166
425_O-121	20.0	20.0	3.186574249146589	0.8693805559932252	0.9998590159311997
426_O-121	20.0	20.0	3.182048482672482	0.8679239786765743	0.9998576715058355
427_O-121	17.0	17.0	3.1540925374443947	0.8656210884232618	1.0
428_O-121	21.5	21.0	3.176075909193858	0.8666439022300447	0.9997171545750247
429_O-121	19.0	19.0	3.158891831207574	0.8649635060467484	0.9998567335243553
42_O-121	24.428571428571427	24.0	3.2028637947962326	0.8698554401684392	0.9995715509854327
430_O-121	25.333333333333332	22.0	3.1888567492924422	0.8680355829392017	0.999290176036343
431_O-121	20.0	20.0	3.181780473416057	0.8677054452609255	0.9998583770004249
432_O-121	21.0	21.0	3.186373380952202	0.8688402288284288	0.9998590556730091
433_O-121	20.0	20.0	3.1817476279750094	0.8685380416524258	0.9998610918183081
434_O-121	19.333333333333332	19.0	3.16908386619671	0.8663112372481977	0.999727260330015
435_O-121	16.0	16.0	3.155395153485015	0.8659659181536126	1.0
436_O-121	25.0	23.0	3.1703410013703732	0.8658313912404305	0.9993002099370188
437_O-121	21.0	21.0	3.1903518800350184	0.8672467851776852	0.99986265622854
438_O-121	22.2	22.0	3.1825061067489564	0.8667440913272345	0.9997118985883031
439_O-121	18.0	18.0	3.1579022184267838	0.8657680660156231	1.0
43_O-121	18.0	18.0	3.1862273494735476	0.8691019414261091	0.9998624484181569
440_O-121	20.0	19.0	3.1523972112506256	0.864550919736536	0.9995866060355518
441_O-121	19.333333333333332	19.0	3.1879465106968032	0.8687137959144361	0.999717633771001
442_O-121	18.0	18.0	3.1725243735152433	0.8683876377582235	1.0
443_O-121	22.25	22.0	3.169246645030716	0.8657448802584917	0.999720005599888
444_O-121	20.0	20.0	3.198913393414018	0.8691244776722844	1.0
445_O-121	26.0	24.0	3.1680493866789083	0.8644161177370461	0.999444521594223
446_O-121	21.0	21.0	3.1688127416625482	0.8651740377481472	0.9998569589472178
447_O-121	19.5	19.0	3.1888708633204725	0.8682499087664266	0.9997143673236218
448_O-121	17.5	17.0	3.159902034025693	0.866744907327306	0.9997169944813924
449_O-121	25.2	24.0	3.1829053287017146	0.8672405240165939	0.9994320602016187
44_O-121	24.2	23.0	3.1553883246126797	0.8641015155072691	0.9994240460763139
450_O-121	22.5	22.0	3.1402064000430525	0.8634589818231254	0.9995752513096418
451_O-121	20.2	20.0	3.1831234028117867	0.8688433583414028	0.9997193376368229
452_O-121	21.75	21.0	3.1971249218232174	0.8703323935963881	0.9995739846634479
453_O-121	18.333333333333332	18.0	3.1709130979961477	0.8672506397075231	0.999711066165848
454_O-121	22.333333333333332	22.0	3.207399796022718	0.8700957503498918	0.999722953317634
455_O-121	23.5	23.0	3.1980992939762274	0.8686080345820606	0.9995670995670995
456_O-121	18.0	18.0	3.1485698974831346	0.8642715703313689	1.0
457_O-121	19.25	19.0	3.15311168017432	0.8646539200113761	0.9997138360280441
458_O-121	19.0	18.0	3.1562884160881417	0.8663109581796873	0.9995819397993311
459_O-121	18.0	18.0	3.16805991440057	0.8674835151755604	0.9998591549295774
45_O-121	17.0	17.0	3.136958243106574	0.8639264945401227	0.9998596097150078
460_O-121	22.75	22.0	3.1876666373609504	0.8689088346757717	0.9995794785534062
461_O-121	20.75	20.0	3.1535505633055956	0.8645863183110956	0.9995761514552134
462_O-121	17.0	17.0	3.1938415480103983	0.870410955577948	1.0
463_O-121	20.6	20.0	3.178570853365601	0.8684390190710674	0.9995850622406639
464_O-121	19.25	19.0	3.1578758323764293	0.8649090839800456	0.9997131794062813
465_O-121	17.0	17.0	3.1678379989237797	0.8671891149436808	0.9998553031399219
466_O-121	21.75	21.0	3.1890462101631867	0.869488666867366	0.999584947426674
467_O-121	22.0	22.0	3.1686933592163316	0.8646926141691101	0.9998560736902706
468_O-121	18.0	18.0	3.147695531436193	0.8649494864295295	0.9998583368749114
469_O-121	18.0	18.0	3.151770945652503	0.8643520862957395	0.9998582565556343
46_O-121	21.25	21.0	3.1989230511439524	0.8693346487326802	0.9997224535109631
470_O-121	19.0	19.0	3.1309200158009216	0.8616986402627077	0.9998586572438163
471_O-121	20.0	20.0	3.1322205924461417	0.8608136077562462	0.9998582364615821
472_O-121	24.333333333333332	21.0	3.16854585910432	0.8671847218952706	0.9992900752520233
473_O-121	20.5	19.0	3.1551391015314714	0.8646800952925806	0.999574769666903
474_O-121	19.0	19.0	3.1933342149387975	0.8687970884895235	1.0
475_O-121	31.0	21.0	3.1764256020976824	0.8668844912562796	0.999296468270719
476_O-121	20.333333333333332	20.0	3.1969469421001064	0.8696884283486794	0.9997178329571106
477_O-121	17.0	17.0	3.161375566221986	0.8659022844023503	1.0
478_O-121	19.0	19.0	3.1645725210277837	0.86640236878339	0.9998574686431014
479_O-121	21.25	21.0	3.1745045293195546	0.8671996930178043	0.9997161912870726
47_O-121	21.6	21.0	3.171919459814214	0.8670646792719271	0.9995702005730659
480_O-121	23.166666666666668	23.0	3.2014057486778547	0.8691563390645678	0.9997178727606151
481_O-121	18.0	18.0	3.166968161008792	0.8672878437830028	0.9998613037447989
482_O-121	16.0	16.0	3.1467974273167565	0.8651587834674588	0.9998582967266544
483_O-121	17.0	17.0	3.165943263919867	0.8670601352458831	0.9998608985950758
484_O-121	20.0	20.0	3.1710224662306596	0.8669687129939851	0.9998605688789738
485_O-121	17.0	17.0	3.1728396735202824	0.867006480129893	1.0
486_O-121	25.5	24.0	3.196124375117401	0.8687308854937765	0.9994408722393067
487_O-121	22.0	20.0	3.157338041138705	0.8652924129140589	0.9994317374627077
488_O-121	18.0	18.0	3.1765485195508547	0.8679527486758162	0.9998595110986233
489_O-121	19.0	19.0	3.212531016343431	0.8721139537432689	0.9998563424795288
48_O-121	20.0	19.0	3.1698299172712807	0.8658545918000273	0.9997201623058626
490_O-121	22.75	22.0	3.159611663143248	0.8640601316409615	0.9995775837792171
491_O-121	23.125	23.0	3.201070803332842	0.8687174611734162	0.9997187456054001
492_O-121	18.0	18.0	3.1519603455539684	0.8646206132169677	0.9998588766581993
493_O-121	24.0	23.0	3.1702289464090225	0.8660279780876492	0.999563128003495
494_O-121	23.2	22.0	3.1660105517503574	0.8651451764344275	0.9994104642593957
495_O-121	24.2	23.0	3.1855092397462585	0.8683747711621421	0.9994425863991081
496_O-121	16.0	16.0	3.1254836250015754	0.8620544720986758	0.9998535013184882
497_O-121	19.2	19.0	3.1670083700492357	0.8674350819571868	0.9997192588433464
498_O-121	24.0	22.0	3.1810852065540014	0.8679450303992604	0.9994263588125627
499_O-121	20.2	20.0	3.169790450968482	0.8669645689759853	0.9997149779107881
49_O-121	21.333333333333332	21.0	3.179404972620154	0.8676379525044648	0.9997204361196533
4_O-121	19.75	19.0	3.174559979289613	0.8682300555745228	0.9995754917220886
500_O-121	20.166666666666668	20.0	3.1587196857577355	0.8659346717968807	0.999725425590335
501_O-121	20.333333333333332	20.0	3.1811296149668338	0.8681208586628193	0.9997196916608269
502_O-121	23.6	23.0	3.1917012248254446	0.8680096536718077	0.9995783555867884
503_O-121	23.5	22.0	3.163532640140742	0.8650265353430742	0.9994281629735525
504_O-121	21.0	21.0	3.1908062217681374	0.8686089018744536	0.9998552193426958
505_O-121	26.0	24.0	3.1939705250712382	0.8696447147799663	0.9992950796559988
506_O-121	23.0	20.0	3.1818256586348026	0.8676815100327301	0.9994370161857846
507_O-121	22.75	22.0	3.1730988562168396	0.8657769707446226	0.9995717956037682
508_O-121	22.0	19.0	3.1693436685226577	0.867116863984141	0.9994385176866929
509_O-121	18.5	18.0	3.168476652885226	0.8673162572912341	0.9997111079011989
50_O-121	21.0	20.0	3.164344839276901	0.8652940392677259	0.9995757918552036
510_O-121	22.6	22.0	3.173052767312642	0.8666165767994908	0.9995670370904892
511_O-121	20.75	20.0	3.163388481056503	0.8657349438006628	0.999577286177258
512_O-121	19.333333333333332	19.0	3.1801704724419837	0.867412368862354	0.9997219905476786
513_O-121	20.0	20.0	3.189137454240213	0.8686535318809272	0.9998567129961312
514_O-121	20.0	17.0	3.143851030048816	0.865169099402533	0.9995808885163453
515_O-121	17.0	17.0	3.1714721444837477	0.8663137324244419	1.0
516_O-121	19.0	19.0	3.190665769575779	0.868834571427973	1.0
517_O-121	22.0	19.0	3.1936407667948385	0.8701505138734452	0.9994512278776239
518_O-121	21.5	20.0	3.1872794636457016	0.8679406126602706	0.9995728929384966
519_O-121	21.0	21.0	3.1663393168121594	0.8653108102177661	0.9998537584088915
51_O-121	15.0	15.0	3.136291415445147	0.8640598671741611	0.9998586772187676
520_O-121	22.5	22.0	3.188446641186881	0.8692970839119223	0.9995774647887324
521_O-121	20.0	20.0	3.155076071498756	0.8640106619622818	0.9998577120091064
522_O-121	21.75	21.0	3.1762891768463	0.8667271615716192	0.9995824053452116
523_O-121	19.0	19.0	3.177469553306167	0.8678363634472614	0.9998591152437306
524_O-121	19.333333333333332	19.0	3.1811368371048085	0.868853404014093	0.9997152619589977
525_O-121	19.25	19.0	3.161682731264061	0.8662622939688226	0.9997207093981287
526_O-121	20.6	20.0	3.1733772946764214	0.8674416707198416	0.9995834490419327
527_O-121	25.2	24.0	3.180477962472736	0.8662531822279564	0.9994293865905849
528_O-121	21.333333333333332	21.0	3.1795724849359313	0.8670700883126012	0.9997155454416157
529_O-121	22.0	21.0	3.1814383529955963	0.8683797153293036	0.9995737425404945
52_O-121	23.166666666666668	23.0	3.189961932281651	0.8675385286566438	0.9997242140099283
530_O-121	20.25	20.0	3.191699807739731	0.8705268545100623	0.9997139178944358
531_O-121	20.0	19.0	3.203770317586202	0.8695723708559985	0.9997171145685997
532_O-121	26.0	24.0	3.148790415331135	0.8628673429454962	0.9993074792243767
533_O-121	19.25	19.0	3.175285470449697	0.8674931831315411	0.9997261024376883
534_O-121	20.333333333333332	20.0	3.162483704740117	0.8657053782567621	0.9997183495282355
535_O-121	20.0	20.0	3.1687430427279346	0.8658753110638623	0.9998635371179039
536_O-121	21.0	21.0	3.176243688150694	0.867360541397695	0.9998586572438163
537_O-121	24.333333333333332	21.0	3.1491852810149426	0.8634241505266844	0.9992921857304643
538_O-121	19.5	19.0	3.201878466197488	0.8701636102043179	0.9997216423103689
539_O-121	18.0	18.0	3.1799614297749668	0.8681827932606765	0.9998581157775256
53_O-121	19.333333333333332	19.0	3.159078261957872	0.8660110775972749	0.9997301308865201
540_O-121	20.333333333333332	20.0	3.1946065702507	0.8697181693528927	0.9997197309417041
541_O-121	19.5	19.0	3.1387055323812736	0.8630102941596308	0.9997169143665959
542_O-121	20.5	19.0	3.149278514049869	0.8637324686957079	0.9995811225914549
543_O-121	27.0	22.0	3.1758701307420547	0.8677075257165533	0.9993093922651933
544_O-121	18.0	18.0	3.14453834651765	0.8639232357026112	1.0
545_O-121	20.333333333333332	20.0	3.185224355662194	0.8685276994554373	0.9997224535109631
546_O-121	18.0	18.0	3.193647656027074	0.8702166454269189	0.9998585572842998
547_O-121	26.0	24.0	3.1718022991370334	0.8657390717438628	0.9992908807261381
548_O-121	20.25	20.0	3.197060999611183	0.8700947434896151	0.9997093445720099
549_O-121	19.5	19.0	3.1380758698636737	0.8618876976567859	0.9997106481481481
54_O-121	19.5	19.0	3.1728462749056403	0.8673048414709503	0.9997193770169777
550_O-121	19.0	19.0	3.1588030993373555	0.8651376893856039	0.9998592936541438
551_O-121	18.333333333333332	18.0	3.1625503542243103	0.8652863876357284	0.9997172745264349
552_O-121	29.0	24.0	3.199252103446571	0.8687460711224575	0.9991531404375441
553_O-121	17.0	17.0	3.1439339859937303	0.8644114205854544	1.0
554_O-121	20.5	19.0	3.1631869835398687	0.8659181530136528	0.9995776432493313
555_O-121	24.428571428571427	24.0	3.1767825017436664	0.8665141222121705	0.999576031656303
556_O-121	24.428571428571427	24.0	3.176556489569475	0.8656747370367786	0.9995801847187238
557_O-121	21.25	21.0	3.1882575089877903	0.8692477542532555	0.9997219518976783
558_O-121	20.0	20.0	3.177177556564226	0.8685230458291381	0.9998548831809607
559_O-121	22.0	20.0	3.1901041878137146	0.8694143814444528	0.9994433620929585
55_O-121	20.25	20.0	3.1495469568138605	0.8637981124921547	0.9997154645041969
560_O-121	19.0	19.0	3.173032907933089	0.8670268829121863	0.9998607824028958
561_O-121	23.0	21.0	3.159002911455677	0.8655714433019084	0.9994470555709152
562_O-121	22.6	22.0	3.1760472493280485	0.8671028206716962	0.999576031656303
563_O-121	19.333333333333332	19.0	3.168319444046926	0.8661692688782106	0.9997190616659644
564_O-121	19.0	18.0	3.1656284121601583	0.8670936836681713	0.9997179125528914
565_O-121	20.0	20.0	3.1720064165307065	0.8660107994883549	0.9998615725359912
566_O-121	23.75	23.0	3.1665652937317907	0.8652491373584525	0.9995851196238418
567_O-121	20.0	17.0	3.136004258645565	0.8641331168745234	0.9994335882186349
568_O-121	20.2	20.0	3.1628673528970492	0.8658772393439369	0.9997165934533088
569_O-121	22.0	19.0	3.188050709923885	0.8692035254704338	0.9995790655254665
56_O-121	24.2	23.0	3.187216403964728	0.8681026694578073	0.9994542229499249
570_O-121	20.0	19.0	3.15046375753597	0.863827947885085	0.9995657837603127
571_O-121	20.5	20.0	3.19346885872452	0.8686437262007782	0.9997194163860831
572_O-121	16.0	16.0	3.14597608950458	0.8647423584337487	1.0
573_O-121	19.0	19.0	3.163596593102633	0.8649145090602838	1.0
574_O-121	18.0	18.0	3.1646030123171096	0.8662344687073903	1.0
575_O-121	20.0	20.0	3.176008578701175	0.8673824016373302	0.9998613806487385
576_O-121	20.5	19.0	3.1759717932065405	0.8683507250607072	0.9995797142056598
577_O-121	21.25	21.0	3.204053056582323	0.8703136497198474	0.9997043606799705
578_O-121	25.0	22.0	3.2109057675266715	0.8704602345323402	0.9994338287331918
579_O-121	21.0	21.0	3.1957430524920487	0.8687782740766672	1.0
57_O-121	21.0	20.0	3.1677582666738333	0.866306712061594	0.9995734394995024
580_O-121	21.0	21.0	3.173462523409479	0.8664063035354178	0.9998617256637168
581_O-121	19.0	19.0	3.212312575555528	0.8717738689114339	0.9998589164785553
582_O-121	32.5	22.0	3.1716480784812635	0.8665315140189506	0.9990316779637571
583_O-121	19.0	19.0	3.206139249763247	0.871002011282867	0.9998605105314549
584_O-121	18.5	18.0	3.164894972483637	0.8666263588597269	0.9997132616487455
585_O-121	21.25	21.0	3.1631519625470155	0.8653929027347359	0.9997231067423509
586_O-121	22.0	21.0	3.1785899972836122	0.8673646742835532	0.9995825215697189
587_O-121	20.333333333333332	20.0	3.1861912614249883	0.8680076687383953	0.9997214872580421
588_O-121	18.5	18.0	3.1832383618335194	0.8683776793291019	0.9997146932952924
589_O-121	19.0	19.0	3.1803018537972076	0.8685913510044296	1.0
58_O-121	19.0	19.0	3.170510672693111	0.8672986194077271	0.9998606854276957
590_O-121	19.25	19.0	3.1615959469563903	0.8653230915811765	0.9997191405701447
591_O-121	18.0	18.0	3.1734994970869854	0.8667606769426142	0.9998595702850723
592_O-121	17.0	17.0	3.1548833905038176	0.8645753281151247	1.0
593_O-121	23.6	23.0	3.1853872781644945	0.8669320535998324	0.9995821727019498
594_O-121	19.0	19.0	3.19719437131775	0.8696196650482844	0.9998602571268865
595_O-121	21.333333333333332	21.0	3.157240741258661	0.8640770742548914	0.9997173144876325
596_O-121	23.5	22.0	3.1853803253587776	0.8684294762835988	0.999435267542002
597_O-121	21.0	21.0	3.1806328090975087	0.867347295399648	0.9998534369045874
598_O-121	19.0	19.0	3.1620599233241706	0.8664236180049933	0.9998585772875124
599_O-121	18.0	18.0	3.1724488818090504	0.8667719459734611	1.0
59_O-121	19.0	19.0	3.147685296371243	0.8647320516676037	0.9998608211551844
5_O-121	21.2	21.0	3.1846533406858857	0.8684466016789464	0.9997267386254953
600_O-121	19.0	19.0	3.157525742071659	0.8648874540914323	1.0
601_O-121	19.5	19.0	3.184356672529527	0.8679907667192229	0.9997067878610174
602_O-121	23.6	23.0	3.1914380418047035	0.8683412239587158	0.9995678478824547
603_O-121	20.25	20.0	3.1848059599758893	0.8678634099441831	0.9997172745264349
604_O-121	21.75	21.0	3.17234217572971	0.8673405299865282	0.99958065417948
605_O-121	23.0	22.0	3.1977775993946334	0.8694556178712295	0.9995752513096418
606_O-121	21.0	20.0	3.1847405880727995	0.8673796171480035	0.999581589958159
607_O-121	27.0	24.0	3.1781216105760017	0.8667899308737108	0.999154334038055
608_O-121	19.0	19.0	3.160643413709307	0.8651001727349962	0.999857509261898
609_O-121	21.333333333333332	21.0	3.1887676213447227	0.8678507255516761	0.9997167941093175
60_O-121	20.75	20.0	3.1882903010992956	0.8698852686523617	0.9995757918552036
610_O-121	21.5	20.0	3.170495774179951	0.8672725351784462	0.9995791245791246
611_O-121	24.5	23.0	3.1786074337122017	0.866675457179719	0.9994448299791812
612_O-121	24.0	21.0	3.194705770256299	0.8676513387435754	0.9994447529150472
613_O-121	23.5	22.0	3.1731850196857443	0.8664893765368731	0.9994392261320623
614_O-121	22.5	21.0	3.1646423772449817	0.8649140478689052	0.9995852916781863
615_O-121	23.333333333333332	23.0	3.212050688654296	0.8697130403145512	0.9997207093981287
616_O-121	22.333333333333332	22.0	3.2074814754129197	0.8692560640535176	0.9997227228615001
617_O-121	20.75	20.0	3.1733852492615826	0.8662766365488026	0.9995791245791246
618_O-121	24.0	21.0	3.1961168776880746	0.8690608112773139	0.9994385176866929
619_O-121	21.166666666666668	21.0	3.1647719224159867	0.8651475026162789	0.9997208653175157
61_O-121	21.0	21.0	3.1759756352335007	0.8669796820329685	0.9998593332395554
620_O-121	23.0	21.0	3.1850557064427476	0.8685889142794747	0.9994366990564709
621_O-121	18.0	18.0	3.1583170882760587	0.8652933584055291	0.9998582967266544
622_O-121	21.0	21.0	3.1615920916429197	0.8644975212081888	1.0
623_O-121	19.0	19.0	3.173703931543314	0.8675949200421335	0.9998587570621469
624_O-121	18.0	18.0	3.158244086710592	0.8660613148725969	0.9998637973304276
625_O-121	18.0	18.0	3.168793684701044	0.8667416405095766	0.9998556581986143
626_O-121	22.0	22.0	3.1813422589620677	0.8668818315666142	0.999862315847446
627_O-121	20.0	20.0	3.1688264921364757	0.8664162900352961	0.9998603936897947
628_O-121	19.2	19.0	3.16850263426555	0.8674334268296489	0.9997192588433464
629_O-121	20.25	20.0	3.1859840857114876	0.8685069768614513	0.999723489561731
62_O-121	22.5	21.0	3.1567990618368493	0.8660722070810747	0.9994419642857143
630_O-121	21.333333333333332	21.0	3.187928426907715	0.8673453510295392	0.9997142040583024
631_O-121	21.2	21.0	3.1683824731306016	0.8660840934757059	0.9997135491263248
632_O-121	18.0	18.0	3.1617641647755668	0.8655806285068423	0.9998585172608941
633_O-121	21.2	21.0	3.1752748182543717	0.8665049198681366	0.9997242900468707
634_O-121	24.0	22.0	3.1831325610989416	0.8676263889359799	0.999435267542002
635_O-121	21.0	21.0	3.207686861856455	0.8709833217564668	0.9998580553584102
636_O-121	22.75	22.0	3.1508212344530726	0.863912882496685	0.9995758518309062
637_O-121	18.0	18.0	3.181790980938857	0.8685031734969797	0.9998605494352252
638_O-121	19.333333333333332	19.0	3.1756317024955147	0.8677427105751446	0.9997197702115735
639_O-121	18.0	18.0	3.157571244133879	0.865248405334716	0.9998580352072686
63_O-121	23.5	22.0	3.1746476272827087	0.8664570943088852	0.999581356405247
640_O-121	27.333333333333332	24.0	3.1559735813880367	0.8630536531356519	0.9993022606754116
641_O-121	18.0	18.0	3.169707434263823	0.8671710965952755	0.9998554913294798
642_O-121	19.5	18.0	3.172710617883705	0.8681440194019276	0.9995677856216684
643_O-121	21.5	20.0	3.1855836233544315	0.8681120548248578	0.9995805369127517
644_O-121	22.2	22.0	3.191048806423968	0.8677766773516964	0.9997191405701447
645_O-121	20.333333333333332	20.0	3.1766593044443803	0.8678814779343044	0.9997134259922625
646_O-121	22.75	22.0	3.1773715084875813	0.8664115829336296	0.9995725277856939
647_O-121	18.0	18.0	3.1799171244430706	0.8665998730753626	1.0
648_O-121	27.333333333333332	24.0	3.196708746383259	0.8678848516584784	0.9992968640135003
649_O-121	19.333333333333332	19.0	3.1583537772935495	0.8659742325297197	0.9997203188365263
64_O-121	17.0	17.0	3.1651963295269763	0.8676549716921206	1.0
650_O-121	25.375	25.0	3.205612652250838	0.8703723145444788	0.9995700773860705
651_O-121	20.5	19.0	3.1749981122738884	0.8675435670165015	0.9995726495726496
652_O-121	19.0	19.0	3.1956598391132474	0.8694864498958776	0.9998559492941516
653_O-121	38.0	23.0	3.1850971712930076	0.8661383156973875	0.9991486946651532
654_O-121	20.0	20.0	3.1751531470686833	0.867082181399104	0.9998616108497094
655_O-121	21.0	21.0	3.1760493310742497	0.8672362872508484	0.9998575295626158
656_O-121	18.0	18.0	3.155683659522604	0.8644010005185188	0.9998606854276957
657_O-121	23.0	20.0	3.1558613202413026	0.8647815076509281	0.999439304737875
658_O-121	21.166666666666668	21.0	3.1747384853627865	0.86716911242556	0.9997193376368229
659_O-121	20.0	20.0	3.190507252012763	0.8686510167715878	0.9998576715058355
65_O-121	22.5	21.0	3.182349662600741	0.8681121343921947	0.9994251221615407
660_O-121	20.0	19.0	3.166853613006419	0.8666023752929541	0.9995784740761556
661_O-121	19.0	19.0	3.177475578927343	0.8666568288086911	1.0
662_O-121	21.2	21.0	3.167921656888244	0.8658913276468058	0.9997137950772753
663_O-121	22.5	22.0	3.161538315150927	0.8650861750667775	0.999574045151214
664_O-121	23.6	23.0	3.176884802638876	0.8663641609633265	0.9995738636363637
665_O-121	23.0	21.0	3.1732879274437327	0.8668661293512878	0.9994387540339554
666_O-121	20.2	20.0	3.1620847874966884	0.8657207402149981	0.9997149779107881
667_O-121	22.75	22.0	3.176158982566954	0.8674601257228097	0.9995883644346871
668_O-121	25.0	24.0	3.178164498186667	0.866247068914925	0.9994351080355882
669_O-121	19.333333333333332	19.0	3.158800925065057	0.8651043349021752	0.9997221064332361
66_O-121	21.0	21.0	3.1955125397691857	0.8694607385430178	1.0
670_O-121	18.5	18.0	3.1759531543930573	0.8679449157367702	0.999718785151856
671_O-121	28.75	25.0	3.1833906852068776	0.8672995319689973	0.9991408934707904
672_O-121	21.0	21.0	3.1860073693185655	0.868897987465605	0.999855637361051
673_O-121	19.0	19.0	3.1642919986556506	0.8668050285700747	0.9998565897031407
674_O-121	17.0	17.0	3.1859782865150716	0.869252997423702	0.9998563218390805
675_O-121	21.0	20.0	3.1847111321357517	0.8679138962390934	0.9995774052683477
676_O-121	21.5	20.0	3.172815123172886	0.8671125920782514	0.9995879120879121
677_O-121	21.75	21.0	3.1736786863167006	0.8669462566431734	0.999568655643422
678_O-121	17.0	17.0	3.171448361775883	0.8671391642740509	1.0
679_O-121	25.0	23.0	3.1846009599338383	0.8687056203953598	0.9992903775191598
67_O-121	18.0	18.0	3.1635042607729544	0.8665763887808954	1.0
680_O-121	18.0	18.0	3.1755097910737464	0.8666426132011744	1.0
681_O-121	18.0	18.0	3.1309239266816324	0.8629546395877998	0.9998608405232396
682_O-121	21.0	21.0	3.1543541276402847	0.8643911272068809	0.9998627316403569
683_O-121	19.0	19.0	3.1660392588814927	0.8664390988272599	0.9998596688184115
684_O-121	20.25	20.0	3.1545042554690514	0.8629835673538406	0.9997119815668203
685_O-121	20.0	20.0	3.131543978423461	0.8606359429065744	1.0
686_O-121	21.25	21.0	3.183647600831868	0.8679241473490484	0.9997234513274337
687_O-121	23.5	21.0	3.1587231868023937	0.8662323366411754	0.9993003078645396
688_O-121	20.2	20.0	3.1946851804076912	0.8702553659228305	0.9997074740383209
689_O-121	19.0	19.0	3.180504295222074	0.8678605125041531	0.999857994887816
68_O-121	21.0	20.0	3.1572090145087324	0.8655568302400831	0.9995798907716006
690_O-121	23.75	23.0	3.1668363211031942	0.8650046190337366	0.9995794195990467
691_O-121	18.0	18.0	3.167199926201127	0.8675847043369626	0.9998576917603529
692_O-121	20.2	20.0	3.152573391787386	0.8641389628685432	0.9997189827174371
693_O-121	23.2	22.0	3.1675069702920635	0.8667635794923692	0.9994225494442038
694_O-121	20.0	19.0	3.1459611096587516	0.8641464743941906	0.9995889284735544
695_O-121	24.0	21.0	3.1779846368835543	0.8668855258608857	0.9994366990564709
696_O-121	19.0	19.0	3.172722682236333	0.8657612908565733	0.9998558454663399
697_O-121	20.0	20.0	3.183913572759114	0.8679732856523861	0.9998572652012561
698_O-121	33.0	26.0	3.1629019151552313	0.8646690474162205	0.9988714910424602
699_O-121	17.0	17.0	3.1683363628140837	0.8669116904431259	0.9998595505617978
69_O-121	23.0	22.0	3.1810512369491852	0.8669214817488426	0.9995672244662435
6_O-121	22.5	21.0	3.1756479738101673	0.8669985659162595	0.9995767494356659
700_O-121	17.0	17.0	3.168788255169637	0.8679303191511749	0.9998563631140477
701_O-121	20.0	20.0	3.158839937110349	0.8647943833378761	0.9998571020291512
702_O-121	22.5	21.0	3.1638414865776316	0.8653842722772538	0.999426851984525
703_O-121	20.0	20.0	3.199321358034009	0.8697764709431304	0.9998607630186578
704_O-121	21.25	21.0	3.1776871186054594	0.867052092325014	0.9997260273972602
705_O-121	22.0	19.0	3.1516901112268063	0.8653346132901052	0.9994306049822064
706_O-121	20.0	20.0	3.168362719377692	0.8664188318743923	0.9998663994655979
707_O-121	23.0	20.0	3.161792581481193	0.8654078298296929	0.99944582986977
708_O-121	19.2	19.0	3.1766240898286373	0.8687930360168886	0.9997174742195225
709_O-121	25.0	19.0	3.16826272009943	0.867679562449357	0.9994345490528697
70_O-121	20.0	20.0	3.168982797587606	0.8660027342849207	0.9998595308329822
710_O-121	19.0	19.0	3.1628193134546896	0.8666014466045565	0.9998596688184115
711_O-121	21.5	20.0	3.1716671004396075	0.8670131152806124	0.9995759117896522
712_O-121	22.0	19.0	3.1629356595653055	0.8653659917522986	0.9995639534883721
713_O-121	18.5	18.0	3.1626721524898205	0.8659602270473373	0.9997151808601538
714_O-121	23.0	21.0	3.1768384835044983	0.8668806327160494	0.9994444444444445
715_O-121	20.25	20.0	3.1750575057950403	0.8670957091691425	0.9997134259922625
716_O-121	27.0	22.0	3.163685431114077	0.8656346294149863	0.9993039120144787
717_O-121	21.0	19.0	3.1469655637542964	0.8643199409048938	0.999438596491228
718_O-121	22.75	22.0	3.174823181688466	0.8661484989470777	0.9995873452544705
719_O-121	18.25	18.0	3.1734703948923895	0.8681813509717613	0.9997198879551821
71_O-121	19.0	19.0	3.151243738789952	0.8650138056513181	1.0
720_O-121	18.0	18.0	3.1668613489850177	0.8666523872009375	1.0
721_O-121	21.0	21.0	3.184468549037802	0.8676011563462006	0.9998610339077265
722_O-121	19.0	19.0	3.171220686195645	0.8663316215571214	0.9998591350894492
723_O-121	20.2	20.0	3.1733873232304726	0.8671161367073845	0.9997067018624431
724_O-121	19.0	19.0	3.1761431999619525	0.8680413483802909	1.0
725_O-121	25.0	22.0	3.177470356406772	0.8664420463952777	0.9994331065759637
726_O-121	26.5	24.0	3.170131188475506	0.8646222985498639	0.9992917847025495
727_O-121	20.5	20.0	3.1722465132824404	0.8666948176320253	0.9997134259922625
728_O-121	21.2	21.0	3.177152720890667	0.8676223014770862	0.9997191011235955
729_O-121	20.0	20.0	3.158722994821492	0.8657226463068175	0.9998565073898694
72_O-121	19.333333333333332	19.0	3.149476131493709	0.8641208243354269	0.999722067815453
730_O-121	22.166666666666668	22.0	3.1835382438753395	0.8661454592935953	0.9997225305216426
731_O-121	18.0	18.0	3.1744866625978045	0.8678148839733155	1.0
732_O-121	19.25	19.0	3.1668913968170074	0.8664726415929468	0.9997194557441437
733_O-121	21.5	21.0	3.1928903458561204	0.8684317103937378	0.9997237187456831
734_O-121	21.0	21.0	3.1692543440696146	0.8658709295706324	0.9998593332395554
735_O-121	19.2	19.0	3.1801471966136674	0.8694892859104426	0.9997198879551821
736_O-121	22.0	21.0	3.1377851817429794	0.8613474447136684	0.9995758518309062
737_O-121	23.0	20.0	3.187200023654949	0.868572088988196	0.9995754917220886
738_O-121	21.5	21.0	3.139028888690007	0.8632111588003982	0.9995771074147166
739_O-121	23.5	22.0	3.1607545914520134	0.8648294033803934	0.999430280586811
73_O-121	20.0	20.0	3.203518614596655	0.8702322319127039	1.0
740_O-121	21.0	20.0	3.174129513768203	0.867429230532774	0.9995911692559281
741_O-121	20.5	20.0	3.183384029057797	0.8681053020774706	0.9997086671522214
742_O-121	22.0	20.0	3.1672402409560343	0.8674038403097798	0.9994449070219261
743_O-121	18.5	18.0	3.1527832456378593	0.8644802225653327	0.999727965179543
744_O-121	22.75	22.0	3.1681471183260133	0.8649719499658156	0.9995782370307887
745_O-121	21.6	21.0	3.1695993427513067	0.8670113093805802	0.9995729537366548
746_O-121	21.0	21.0	3.1713006467730684	0.8654260556786617	0.9998603351955307
747_O-121	21.142857142857142	21.0	3.1688664047253874	0.866859771900933	0.9997216035634744
748_O-121	20.0	20.0	3.156174712971431	0.863652990264298	0.9998580956435362
749_O-121	24.0	21.0	3.180471248202765	0.8674718467552414	0.999439304737875
74_O-121	17.0	17.0	3.141240308382996	0.8625115549814439	0.9998593134496342
750_O-121	20.0	19.0	3.170702102103428	0.8668655998700583	0.9997177931423734
751_O-121	22.0	21.0	3.193612150788526	0.8682884698714292	0.9995791245791246
752_O-121	20.166666666666668	20.0	3.154470363138439	0.8649053439062842	0.9997160704145373
753_O-121	22.75	22.0	3.1948825573097905	0.8690829548667779	0.999570692615913
754_O-121	18.0	18.0	3.183253638398858	0.8688645790212741	0.9998575498575498
755_O-121	26.666666666666668	25.0	3.1687130359706233	0.8655504271492696	0.9993041057759221
756_O-121	20.25	20.0	3.1670453103034037	0.8656672168594794	0.9997205533044572
757_O-121	24.0	19.0	3.1483211324192815	0.8650813891183281	0.9993045897079277
758_O-121	18.0	18.0	3.171301724814698	0.8674090485008462	0.9998601202965449
759_O-121	21.0	21.0	3.169453563045761	0.8655408045029411	0.9998577120091064
75_O-121	21.2	21.0	3.202130375875908	0.8714909317522627	0.9997155858930603
760_O-121	20.25	20.0	3.1633271707971287	0.8658348204226667	0.9997255762897914
761_O-121	22.5	21.0	3.189326206758416	0.8694840517509768	0.9994305239179955
762_O-121	17.0	17.0	3.1753577892431295	0.868379831693446	1.0
763_O-121	20.0	20.0	3.173384802825633	0.8666557629273227	0.9998576107076748
764_O-121	19.5	19.0	3.1808588702143266	0.8676296607575843	0.9997117324877486
765_O-121	21.0	20.0	3.166505084281243	0.8662710258166099	0.9995640168580148
766_O-121	22.75	22.0	3.190646570817378	0.8690380921355256	0.9995644599303136
767_O-121	21.75	21.0	3.1728240403697403	0.867403110472624	0.9995738636363637
768_O-121	18.0	18.0	3.1697561458753407	0.8661343657924855	0.9998575498575498
769_O-121	18.0	18.0	3.167106544415539	0.8668035552197986	1.0
76_O-121	20.0	20.0	3.1679202699040556	0.8656487136886064	0.9998567129961312
770_O-121	20.333333333333332	20.0	3.1824143834992236	0.866662428243973	0.9997203579418344
771_O-121	27.666666666666668	26.0	3.1879907768318008	0.8671327357720008	0.9992946819015376
772_O-121	19.0	19.0	3.189703961479579	0.8688428445156099	0.9998599047352199
773_O-121	22.5	22.0	3.1782969852653937	0.8682333014357615	0.9995831017231795
774_O-121	37.0	22.0	3.191590316713421	0.8685066805618926	0.9991607217792698
775_O-121	20.333333333333332	20.0	3.1713782697962065	0.8664256807210126	0.999723909442297
776_O-121	19.333333333333332	19.0	3.1735584910837673	0.868028976296401	0.9997198879551821
777_O-121	19.0	19.0	3.1734244013844033	0.8674014139120262	0.9998583970546587
778_O-121	22.5	21.0	3.1616134349820157	0.8656435392569082	0.9995773457311918
779_O-121	17.0	17.0	3.1687893006815036	0.8669560367005897	0.999862258953168
77_O-121	20.0	20.0	3.159608022485107	0.8657503210009256	0.9998633879781421
780_O-121	18.0	18.0	3.1737709776114795	0.866261491124992	1.0
781_O-121	19.0	19.0	3.1818876482040586	0.8670146120929951	0.9998536513976292
782_O-121	23.0	21.0	3.1473324217189242	0.8636289251125389	0.9994439037953566
783_O-121	22.0	21.0	3.1863534895161125	0.8675417676023811	0.9995668495524112
784_O-121	20.0	20.0	3.1878189471500344	0.8672023369241824	1.0
785_O-121	19.333333333333332	19.0	3.1376625732463443	0.8629485237274798	0.9997185080928923
786_O-121	18.0	18.0	3.179377530336501	0.8684829486572123	1.0
787_O-121	20.0	20.0	3.163810021027799	0.8651773980447739	0.9998586372632174
788_O-121	19.333333333333332	19.0	3.1817077053886735	0.8677934809357616	0.9997214096670846
789_O-121	23.6	23.0	3.183528338985787	0.8675951607979426	0.9995825215697189
78_O-121	20.0	20.0	3.172268264693588	0.8673164214692219	1.0
790_O-121	19.0	19.0	3.1529121808414304	0.8637060830586103	1.0
791_O-121	21.5	20.0	3.1857232198099874	0.8687508199582568	0.9995751310012746
792_O-121	21.0	20.0	3.1406237710055493	0.8626548189758547	0.999570938215103
793_O-121	20.6	20.0	3.1597151428449544	0.8653244318256569	0.9995793016407236
794_O-121	21.25	21.0	3.2140025568849513	0.8726223141283557	0.9997195737521032
795_O-121	19.333333333333332	19.0	3.164784861273396	0.8654819380286667	0.9997180318623996
796_O-121	17.0	17.0	3.1661550551132946	0.8668437299040663	1.0
797_O-121	21.0	20.0	3.169396747833923	0.8663212408584411	0.9995780590717299
798_O-121	18.0	18.0	3.1553114217146483	0.8653927238937577	0.9998584371460929
799_O-121	19.2	19.0	3.1813285569919962	0.8684728658022628	0.9997118985883031
79_O-121	22.0	21.0	3.184190463714242	0.8676934219906133	0.9995814148179154
7_O-121	22.75	22.0	3.172648324480453	0.8672235651430868	0.999577286177258
800_O-121	19.333333333333332	19.0	3.175029376647694	0.8675115534888854	0.9997140814867763
801_O-121	20.2	20.0	3.1767601195005164	0.868288840868916	0.9997148560022812
802_O-121	18.333333333333332	18.0	3.1736751410771498	0.8675307031113655	0.9997160301008093
803_O-121	23.0	21.0	3.163413138067157	0.8651376654067443	0.9994445987225771
804_O-121	20.0	20.0	3.215750755177962	0.8713432645303576	0.9998577929465301
805_O-121	22.0	21.0	3.177004569744083	0.8665799360386	0.9995753114382786
806_O-121	19.333333333333332	19.0	3.1580567679343363	0.8656089637465494	0.9997248968363136
807_O-121	20.2	20.0	3.1702105505777545	0.8672392329530247	0.9997196916608269
808_O-121	20.333333333333332	20.0	3.160374333491736	0.8652490861680282	0.9997216810464793
809_O-121	24.0	22.0	3.2171095506762297	0.8719004979430445	0.9994369369369369
80_O-121	22.2	22.0	3.191070276563656	0.8686969716562423	0.9997270742358079
810_O-121	17.0	17.0	3.150286243879733	0.8645055469637672	1.0
811_O-121	22.0	21.0	3.172813630183426	0.8660487167615821	0.9995746490854955
812_O-121	18.0	18.0	3.135621832572536	0.8624025503337238	0.9998555122092183
813_O-121	17.0	17.0	3.1660024303495393	0.8677757478236446	1.0
814_O-121	18.0	18.0	3.1555138535643934	0.8653481942178758	0.9998565073898694
815_O-121	25.0	22.0	3.177024136557418	0.8675913521644505	0.9994306860233418
816_O-121	19.0	19.0	3.1857253231354905	0.867223927150659	0.9998608017817372
817_O-121	20.0	20.0	3.1671857286383913	0.8654820727446012	1.0
818_O-121	26.5	24.0	3.166966212613371	0.8649198906605764	0.9992963692654095
819_O-121	21.0	20.0	3.193870646409925	0.8695723885413713	0.9995756118262837
81_O-121	25.333333333333332	22.0	3.1552295038374036	0.864386378345121	0.999290176036343
820_O-121	21.2	21.0	3.1822353572623907	0.8671878709817584	0.9997214484679666
821_O-121	19.0	19.0	3.1752890133804206	0.8671094947122283	1.0
822_O-121	18.0	18.0	3.171922042874953	0.8672864369956056	0.999860002799944
823_O-121	24.75	24.0	3.185668385236508	0.8678187875679372	0.9994331065759637
824_O-121	20.333333333333332	20.0	3.1407732537721955	0.8631856140597395	0.9997161912870726
825_O-121	20.333333333333332	20.0	3.17122277562423	0.8665469718307275	0.9997205923442303
826_O-121	17.5	17.0	3.174641609243202	0.8683414986322443	0.9997081144191476
827_O-121	18.0	18.0	3.1660641983134052	0.8665818819013634	0.9998565897031407
828_O-121	20.333333333333332	20.0	3.1596635012036787	0.8649937923131077	0.9997255009607466
829_O-121	18.0	18.0	3.1659659436322816	0.8666072876066325	0.9998582163618318
82_O-121	17.0	17.0	3.1620111952705443	0.8667880635843959	1.0
830_O-121	22.0	22.0	3.1926011484285706	0.8688074097758796	0.9998622020118506
831_O-121	21.142857142857142	21.0	3.1498946340656255	0.8643909444256541	0.9997144488863506
832_O-121	26.0	21.0	3.173209307192467	0.8664828513517827	0.9992937853107344
833_O-121	22.5	22.0	3.184954527941897	0.8674963576886117	0.9995738030970308
834_O-121	22.142857142857142	22.0	3.178865311644626	0.8677165164780654	0.999727631758137
835_O-121	20.0	20.0	3.1827891247225133	0.8679960333362803	1.0
836_O-121	21.166666666666668	21.0	3.1453425382346563	0.863679617818243	0.9997131794062813
837_O-121	18.0	18.0	3.1502959625750946	0.8646366282088626	0.9998576512455516
838_O-121	23.0	23.0	3.1992966413845845	0.868755016430528	0.9998534583821805
839_O-121	22.0	21.0	3.175704199420343	0.8669100536905248	0.9995887594242632
83_O-121	25.0	20.0	3.161396887702186	0.8658857241808773	0.9992930863848438
840_O-121	19.333333333333332	19.0	3.175063203770329	0.8664085825971921	0.9997224149895906
841_O-121	25.5	23.0	3.149600232130811	0.8630482612527564	0.9993077668558771
842_O-121	23.6	23.0	3.1971522619037755	0.8688131169312839	0.9995810640971932
843_O-121	20.0	20.0	3.178646632485301	0.8672403718144251	1.0
844_O-121	22.6	22.0	3.182550696423838	0.8673322702162809	0.9995803608896349
845_O-121	21.0	21.0	3.1770173732790656	0.8665037559319442	1.0
846_O-121	19.0	19.0	3.1728942135414098	0.8662071810655858	0.999860646599777
847_O-121	21.5	21.0	3.2090905824102207	0.870864272961714	0.9997183098591549
848_O-121	17.333333333333332	17.0	3.169261048172453	0.8680865276775105	0.9997210210629097
849_O-121	24.0	18.0	3.151823909173497	0.8654938129896043	0.999438832772166
84_O-121	19.0	19.0	3.1953027913512995	0.8702549709885159	0.9998582364615821
850_O-121	26.333333333333332	23.0	3.1760855696603874	0.8663378826376649	0.9992922859164898
851_O-121	21.75	21.0	3.168680334432507	0.8656586183410513	0.9995771074147166
852_O-121	22.0	21.0	3.1784368576038693	0.8669346034567329	0.9995782370307887
853_O-121	22.5	21.0	3.1406073587293237	0.8627191133860161	0.9994424310008364
854_O-121	19.25	19.0	3.186170550342017	0.8693674777405072	0.999713384924047
855_O-121	30.0	20.0	3.17535766049539	0.8677677258163207	0.9992862241256245
856_O-121	20.25	20.0	3.1872759278087144	0.8679861373204962	0.9997204361196533
857_O-121	19.0	19.0	3.175159958477968	0.8676881231459681	1.0
858_O-121	21.0	18.0	3.159750806077358	0.8664210235093568	0.9995770477935993
859_O-121	21.166666666666668	21.0	3.163446030736392	0.8654648363731401	0.9997175939000282
85_O-121	18.0	18.0	3.171479286449684	0.8673567446790735	1.0
860_O-121	18.0	18.0	3.1651173220369597	0.8658664449674208	0.9998567745631625
861_O-121	20.0	19.0	3.181664259775402	0.8677220591060258	0.999717394376148
862_O-121	18.0	18.0	3.169598427594825	0.866554888084266	0.9998559907834101
863_O-121	19.0	19.0	3.178418077424352	0.8669141637041441	0.999860588317301
864_O-121	17.0	17.0	3.1504448964213627	0.8640697886782267	0.9998579343656769
865_O-121	21.0	18.0	3.1767905838764605	0.868957986430622	0.9995711222301644
866_O-121	19.0	19.0	3.185786079979537	0.8690904547510351	0.9998599047352199
867_O-121	24.2	24.0	3.2031634621894267	0.8687152810646664	0.9997169143665959
868_O-121	19.333333333333332	19.0	3.1804780837194686	0.8692678783801092	0.9997090485888857
869_O-121	21.0	18.0	3.1751755607709855	0.869169180248622	0.9994480474679177
86_O-121	21.25	21.0	3.195127517317355	0.8693557633630893	0.9997159494390001
870_O-121	19.0	19.0	3.183523629422048	0.8690990699503426	0.9998576715058355
871_O-121	21.25	21.0	3.1867696882910708	0.8679898697408616	0.9997219518976783
872_O-121	20.0	20.0	3.1895363375396846	0.8690582718057558	0.9998594716132658
873_O-121	21.0	20.0	3.1689376614862588	0.8665578540517938	0.9995763908500424
874_O-121	24.5	22.0	3.1744499202166083	0.8662238706733745	0.9992845900701102
875_O-121	22.75	22.0	3.169669820373958	0.8658444550504137	0.9995762113292838
876_O-121	26.0	21.0	3.157937106052912	0.8661116634352097	0.9991657397107898
877_O-121	23.5	22.0	3.176363587340213	0.8668246934673235	0.999443052074631
878_O-121	19.25	19.0	3.185391142583671	0.869262291545052	0.9997227228615001
879_O-121	21.5	20.0	3.201344150406678	0.8698614681696885	0.9995695221696083
87_O-121	23.2	22.0	3.176605977656129	0.8674072338933461	0.99944582986977
880_O-121	17.0	17.0	3.175533725278534	0.868584260839899	1.0
881_O-121	22.166666666666668	22.0	3.1753595325360076	0.8668416904287959	0.999727260330015
882_O-121	18.0	18.0	3.163154214163593	0.8659999723701107	0.9998592144164438
883_O-121	19.333333333333332	19.0	3.1480528655875544	0.8637581740935076	0.9997234513274337
884_O-121	22.5	21.0	3.1861531283589963	0.8669621306590245	0.9995744077174067
885_O-121	19.2	19.0	3.156578087209554	0.8662343761095865	0.9997191405701447
886_O-121	23.75	23.0	3.1952429484965967	0.8688475401259279	0.9995835646862854
887_O-121	24.0	23.0	3.1846435117241056	0.8673331839748716	0.9994339889627848
888_O-121	20.333333333333332	20.0	3.18014709853646	0.8671313062746051	0.9997158283603297
889_O-121	23.125	23.0	3.1795885211238972	0.8673773156925471	0.9997140406062339
88_O-121	22.0	22.0	3.1694680708009972	0.8654898034333659	0.999859432105707
890_O-121	19.333333333333332	19.0	3.169378625574229	0.866305239758089	0.9997104386853917
891_O-121	22.75	22.0	3.205790159628747	0.8697484278425336	0.9995894909688013
892_O-121	23.0	20.0	3.1814822549407955	0.8674734714677446	0.9995777621393385
893_O-121	21.2	21.0	3.187337591587555	0.8683125036934264	0.9997132616487455
894_O-121	18.0	18.0	3.1824084912135	0.8682415109417451	1.0
895_O-121	22.6	22.0	3.184269760848582	0.8680814594540412	0.9995664739884393
896_O-121	18.0	18.0	3.183510072332581	0.8689454657571203	1.0
897_O-121	22.6	22.0	3.1795889200153584	0.8667611991627332	0.9995711835334476
898_O-121	22.0	19.0	3.160341050948552	0.8651967309444049	0.9994353472614342
899_O-121	18.0	18.0	3.181729707702878	0.8685473477954039	0.999857994887816
89_O-121	20.0	19.0	3.1982724246974676	0.869320023250657	0.9997136311569301
8_O-121	20.5	19.0	3.164007703506023	0.8665377834727943	0.9995601173020527
900_O-121	20.333333333333332	20.0	3.1812641862312314	0.8676118831378238	0.9997239856472536
901_O-121	19.0	19.0	3.174964411197841	0.8670424464059434	1.0
902_O-121	20.6	20.0	3.17244900732322	0.8677148648440243	0.9995695221696083
903_O-121	18.0	18.0	3.179570876833521	0.8673663120588069	0.999860529986053
904_O-121	24.0	22.0	3.1698966571245317	0.866601946789786	0.9994575535665853
905_O-121	18.333333333333332	18.0	3.1645268028474316	0.8662223609415212	0.9997188642114141
906_O-121	19.25	19.0	3.178673825602709	0.8678675519125169	0.999710773680405
907_O-121	22.5	21.0	3.1546389429772814	0.8649196956696068	0.9994479712945074
908_O-121	16.0	16.0	3.1549874777347493	0.8666043118978503	1.0
909_O-121	21.75	21.0	3.148515048937018	0.8639058904825576	0.9995763310266912
90_O-121	18.0	17.0	3.183282122157961	0.8688796550872451	0.9997147746719909
910_O-121	22.0	19.0	3.1785912061613875	0.8681843518602128	0.9995807713806596
911_O-121	18.0	18.0	3.1809240208671756	0.8673153289831987	0.9998562392179413
912_O-121	24.2	23.0	3.1830262295299327	0.8672122640014435	0.9994377284228282
913_O-121	20.25	20.0	3.19011939316961	0.8690670153373974	0.9997249724972497
914_O-121	21.0	20.0	3.1765444810946186	0.8671511366580213	0.9995836802664446
915_O-121	33.0	26.0	3.2045958412999553	0.8689231938346585	0.9990126939351199
916_O-121	18.0	18.0	3.1641764941403836	0.8678822818627024	1.0
917_O-121	20.2	20.0	3.1568990159728103	0.8647487885901104	0.9997184684684685
918_O-121	21.0	20.0	3.1613361356014176	0.8646323250794674	0.9995749504108813
919_O-121	25.5	24.0	3.176889235395592	0.8658144701016943	0.9994370954123276
91_O-121	18.0	18.0	3.1496254231988825	0.8640838883071472	0.9998573669947226
920_O-121	22.5	22.0	3.1908893668023635	0.8687379948030691	0.9995719178082192
921_O-121	25.333333333333332	22.0	3.177171103042834	0.8680186203193436	0.999304008908686
922_O-121	17.0	17.0	3.163721225855041	0.8662442180917993	0.9998582967266544
923_O-121	18.333333333333332	18.0	3.16185118202982	0.8668465977386487	0.9997124784358827
924_O-121	18.0	18.0	3.167721852749686	0.866092313356484	1.0
925_O-121	21.0	21.0	3.1818036726606023	0.8680691230567982	0.9998601594182632
926_O-121	19.0	19.0	3.2115885566825617	0.8705905672796193	1.0
927_O-121	19.0	19.0	3.184340858172097	0.8695949145347039	0.999858075503832
928_O-121	21.0	21.0	3.168275613073208	0.8659150013005903	0.9998599243591539
929_O-121	21.333333333333332	21.0	3.1804340419826014	0.8672440131131474	0.9997164729231641
92_O-121	24.75	24.0	3.1813784660367195	0.866316183091669	0.9994450610432852
930_O-121	23.0	20.0	3.1744554171720107	0.868576802725148	0.999439932791935
931_O-121	25.0	23.0	3.181802460877764	0.8687279443311374	0.9992905788876277
932_O-121	25.0	23.0	3.1609905398514653	0.8639314437392779	0.9992755722978847
933_O-121	21.75	21.0	3.1818108485752585	0.8671069662338403	0.9995837380324685
934_O-121	19.5	19.0	3.161417708105018	0.8664206388325705	0.9997212543554007
935_O-121	16.0	16.0	3.1650657196775205	0.8670440567590763	0.9998575904300769
936_O-121	21.25	21.0	3.1973176976552846	0.8694025753620155	0.9997211377579476
937_O-121	20.0	20.0	3.1500160891905327	0.8647184005068076	1.0
938_O-121	20.25	20.0	3.1943083594677972	0.8689162739465897	0.9997151402934055
939_O-121	24.5	23.0	3.1927802529658145	0.8691237158417626	0.9994371746165752
93_O-121	21.0	20.0	3.211130403710484	0.872454997357643	0.9995689655172414
940_O-121	18.0	18.0	3.1625742843382083	0.8660613667751275	0.9998542061525003
941_O-121	20.0	20.0	3.189950184470161	0.8686375697034512	0.9998565691336776
942_O-121	23.0	21.0	3.155647537325483	0.8647205310416131	0.9994316567206593
943_O-121	20.333333333333332	20.0	3.1852025234264834	0.8683508300822401	0.9997224149895906
944_O-121	23.6	23.0	3.1827628003911044	0.8669292625293616	0.9995834490419327
945_O-121	21.75	21.0	3.180794319291919	0.8675571127233865	0.9995905554797325
946_O-121	17.0	17.0	3.1615154674655352	0.8651845222945624	0.9998567335243553
947_O-121	18.5	18.0	3.180151405776616	0.8685521519274041	0.9997170745508559
948_O-121	20.25	20.0	3.1612963281322104	0.8661345324874059	0.9997177533163986
949_O-121	23.0	21.0	3.1894257357028946	0.8684648499581306	0.9994271802950021
94_O-121	18.0	18.0	3.146855453784926	0.8643262640774225	0.9998586372632174
950_O-121	23.5	22.0	3.1710180465774203	0.8663912190614694	0.999449717980465
951_O-121	19.25	19.0	3.167555813128155	0.8667656741243615	0.9997198094704399
952_O-121	20.5	20.0	3.1883717896509065	0.8689141714433823	0.9997091755125782
953_O-121	20.5	19.0	3.170938131451431	0.8668596085904818	0.9995681589175184
954_O-121	21.5	20.0	3.1718908929524336	0.8666626527164074	0.9995754917220886
955_O-121	31.0	21.0	3.1670698952630576	0.8656034688338684	0.9993054590915404
956_O-121	24.333333333333332	21.0	3.175067515267337	0.866858962645588	0.9992870383573363
957_O-121	19.0	18.0	3.168247086770069	0.8681713201171276	0.9995647127103888
958_O-121	21.2	21.0	3.1776074167685677	0.8666334120809258	0.9997236042012161
959_O-121	20.0	20.0	3.1793739468369564	0.8675614778072659	0.9998623537508603
95_O-121	18.0	18.0	3.165122346679669	0.8654687596908108	1.0
960_O-121	20.0	20.0	3.2023101809332424	0.8680792936701289	1.0
961_O-121	23.0	21.0	3.1805994349343854	0.8672039537653364	0.9994363021420518
962_O-121	21.2	21.0	3.1709186470191226	0.8658357321870562	0.9997214484679666
963_O-121	22.0	21.0	3.1744423176150733	0.8661997647141129	0.9995929443690638
964_O-121	18.0	18.0	3.197011061084969	0.8696772541093514	1.0
965_O-121	20.25	20.0	3.2042401092086443	0.8704812666437238	0.9997177134791814
966_O-121	21.25	21.0	3.192043234865617	0.8689136408821012	0.999717633771001
967_O-121	21.2	21.0	3.1918354868045746	0.8687513303773267	0.9997177134791814
968_O-121	23.0	23.0	3.190988306156322	0.8672021359050897	0.9998594716132658
969_O-121	22.142857142857142	22.0	3.1711890600703967	0.8661354581187823	0.9997149779107881
96_O-121	21.6	21.0	3.1823048408066374	0.869247644852659	0.9995713673381912
970_O-121	20.0	19.0	3.195120357722618	0.8706516282397588	0.9997173544375353
971_O-121	18.333333333333332	18.0	3.156976665836769	0.8658847628508797	0.9997134670487106
972_O-121	19.5	19.0	3.1638636455780187	0.865906362895296	0.9997191800056164
973_O-121	18.0	18.0	3.151185146006904	0.8657690023974378	0.999860646599777
974_O-121	21.0	20.0	3.1706742820554865	0.8664505478354361	0.9995693367786391
975_O-121	20.333333333333332	20.0	3.169622391271158	0.866331683850102	0.9997178727606151
976_O-121	18.5	18.0	3.1695910200961763	0.8654163384862904	0.9997157475838545
977_O-121	21.0	20.0	3.1528387954340515	0.8645177450145328	0.9995887030435975
978_O-121	19.0	19.0	3.1766679358745664	0.8675164609735593	0.9998606854276957
979_O-121	20.0	20.0	3.1609036048650276	0.8656126127872803	0.9998605494352252
97_O-121	18.0	18.0	3.1690990929410554	0.8668850640691548	1.0
980_O-121	21.0	20.0	3.153706651691509	0.8631771728065022	0.999570692615913
981_O-121	20.166666666666668	20.0	3.1649569760413154	0.8664398647339876	0.9997159090909091
982_O-121	21.25	21.0	3.176707249085367	0.8668933373867066	0.9997147339894451
983_O-121	19.0	19.0	3.195189336621955	0.869956402905558	0.9998603741971517
984_O-121	15.0	15.0	3.179737752605291	0.8692496353702549	1.0
985_O-121	23.0	23.0	3.19281943511272	0.8679652484642083	0.9998568975386377
986_O-121	21.5	20.0	3.1669224914757104	0.8652858857390984	0.9995870044052864
987_O-121	20.2	20.0	3.190760735673461	0.8699185157056969	0.9997139178944358
988_O-121	20.75	20.0	3.173285004789401	0.868547822545531	0.9995805369127517
989_O-121	24.5	23.0	3.173588583530576	0.8669199519478462	0.999432382574145
98_O-121	16.0	16.0	3.164531598196353	0.866782527396294	1.0
990_O-121	22.5	21.0	3.1677794195240447	0.8656881314016337	0.9995676610462603
991_O-121	23.0	21.0	3.1547057089714783	0.8637365934764536	0.9994405594405594
992_O-121	24.2	23.0	3.1860229493549497	0.8675189625582903	0.9994311717861206
993_O-121	19.0	19.0	3.1415378691072138	0.8628375349159856	1.0
994_O-121	20.333333333333332	20.0	3.185213155838234	0.8678428612271469	0.9997198487183079
995_O-121	19.0	18.0	3.1368002347683306	0.8630333355814346	0.9997201231458158
996_O-121	26.5	25.0	3.196862305639357	0.8685630277342449	0.9994197853205686
997_O-121	21.75	21.0	3.1512022508040305	0.8628417105699226	0.9995699541284404
998_O-121	20.333333333333332	20.0	3.1805744232447513	0.868600151455036	0.9997129735935706
999_O-121	20.0	20.0	3.174722006368288	0.8664318241277498	1.0
99_O-121	20.0	20.0	3.18276185869336	0.8678946840542046	0.9998578131665008
9_O-121	23.2	23.0	3.1939703065916323	0.8678839764653932	0.9997209432119436
