	chao1	observed_otus	shannon	simpson	goods_coverage
1000_OMC-125	1.0	1.0	-0.0	0.0	1.0
100_OMC-125	2.0	2.0	0.5032583347756457	0.19753086419753085	0.8888888888888888
101_OMC-125	2.0	2.0	0.3912435636292556	0.14201183431952646	0.9230769230769231
102_OMC-125	1.0	1.0	-0.0	0.0	1.0
103_OMC-125	1.0	1.0	-0.0	0.0	1.0
104_OMC-125	1.0	1.0	-0.0	0.0	1.0
105_OMC-125	1.0	1.0	-0.0	0.0	1.0
106_OMC-125	2.0	2.0	0.672294817075638	0.2906574394463668	1.0
107_OMC-125	2.0	2.0	0.6500224216483541	0.2777777777777777	1.0
108_OMC-125	2.0	2.0	0.3712323266408757	0.13265306122448983	0.9285714285714286
109_OMC-125	3.0	3.0	0.747584679824574	0.2650000000000001	0.95
10_OMC-125	1.0	1.0	-0.0	0.0	1.0
110_OMC-125	2.0	2.0	0.5225593745369408	0.20761245674740492	1.0
111_OMC-125	2.0	2.0	0.3372900666170139	0.1171875	0.9375
112_OMC-125	2.0	2.0	0.5032583347756457	0.19753086419753085	0.8888888888888888
113_OMC-125	2.0	2.0	0.4138168503036338	0.1527777777777779	0.9166666666666666
114_OMC-125	2.0	2.0	0.46899559358928117	0.17999999999999994	1.0
115_OMC-125	1.0	1.0	-0.0	0.0	1.0
116_OMC-125	2.0	2.0	0.6962122601251458	0.3046875	1.0
117_OMC-125	2.0	2.0	0.7219280948873623	0.31999999999999984	1.0
118_OMC-125	1.0	1.0	-0.0	0.0	1.0
119_OMC-125	2.0	2.0	0.3912435636292556	0.14201183431952646	0.9230769230769231
11_OMC-125	1.0	1.0	-0.0	0.0	1.0
120_OMC-125	2.0	2.0	0.2580186686648155	0.08317580340264641	0.9565217391304348
121_OMC-125	1.0	1.0	-0.0	0.0	1.0
122_OMC-125	1.0	1.0	-0.0	0.0	1.0
123_OMC-125	1.0	1.0	-0.0	0.0	1.0
124_OMC-125	1.0	1.0	-0.0	0.0	1.0
125_OMC-125	2.0	2.0	0.6193821946787638	0.2603550295857988	1.0
126_OMC-125	2.0	2.0	0.43949698692151334	0.16528925619834722	1.0
127_OMC-125	3.0	3.0	1.0224207038483277	0.38754325259515576	1.0
128_OMC-125	1.0	1.0	-0.0	0.0	1.0
129_OMC-125	1.0	1.0	-0.0	0.0	1.0
12_OMC-125	1.0	1.0	-0.0	0.0	1.0
130_OMC-125	1.0	1.0	-0.0	0.0	1.0
131_OMC-125	1.0	1.0	-0.0	0.0	1.0
132_OMC-125	1.0	1.0	-0.0	0.0	1.0
133_OMC-125	1.0	1.0	-0.0	0.0	1.0
134_OMC-125	1.0	1.0	-0.0	0.0	1.0
135_OMC-125	2.0	2.0	0.5916727785823274	0.24489795918367352	1.0
136_OMC-125	2.0	2.0	0.7219280948873623	0.31999999999999984	1.0
137_OMC-125	3.0	3.0	1.061278124459133	0.40625	1.0
138_OMC-125	2.0	2.0	0.5435644431995964	0.21875	1.0
139_OMC-125	2.0	2.0	0.3227569588973983	0.11072664359861584	0.9411764705882353
13_OMC-125	2.0	2.0	0.4854607607459134	0.18836565096952906	1.0
140_OMC-125	2.0	2.0	0.3227569588973983	0.11072664359861584	0.9411764705882353
141_OMC-125	2.0	2.0	0.6500224216483541	0.2777777777777777	1.0
142_OMC-125	1.0	1.0	-0.0	0.0	1.0
143_OMC-125	2.0	2.0	0.2974722489192897	0.09972299168975085	0.9473684210526316
144_OMC-125	4.0	4.0	1.6140054628542204	0.5972222222222221	0.9166666666666666
145_OMC-125	1.0	1.0	-0.0	0.0	1.0
146_OMC-125	2.0	2.0	0.46899559358928117	0.17999999999999994	0.9
147_OMC-125	1.0	1.0	-0.0	0.0	1.0
148_OMC-125	1.0	1.0	-0.0	0.0	1.0
149_OMC-125	1.0	1.0	-0.0	0.0	1.0
14_OMC-125	3.0	3.0	0.8343470230852537	0.3044982698961938	0.9411764705882353
150_OMC-125	2.0	2.0	0.4138168503036338	0.1527777777777779	0.9166666666666666
151_OMC-125	3.0	3.0	0.9912642605354288	0.37869822485207094	0.9230769230769231
152_OMC-125	1.0	1.0	-0.0	0.0	1.0
153_OMC-125	1.0	1.0	-0.0	0.0	1.0
154_OMC-125	2.0	2.0	0.3372900666170139	0.1171875	0.9375
155_OMC-125	2.0	2.0	0.3533593350214213	0.12444444444444436	0.9333333333333333
156_OMC-125	2.0	2.0	0.8112781244591328	0.375	0.75
157_OMC-125	2.0	2.0	0.3372900666170139	0.1171875	0.9375
158_OMC-125	2.0	2.0	0.46899559358928117	0.17999999999999994	0.9
159_OMC-125	1.0	1.0	-0.0	0.0	1.0
15_OMC-125	2.0	2.0	0.22228483068568797	0.06887755102040805	0.9642857142857143
160_OMC-125	1.0	1.0	-0.0	0.0	1.0
161_OMC-125	1.0	1.0	-0.0	0.0	1.0
162_OMC-125	2.0	2.0	0.2974722489192897	0.09972299168975085	0.9473684210526316
163_OMC-125	2.0	2.0	0.3372900666170139	0.1171875	0.9375
164_OMC-125	1.0	1.0	-0.0	0.0	1.0
165_OMC-125	2.0	2.0	0.43949698692151334	0.16528925619834722	0.9090909090909091
166_OMC-125	1.0	1.0	-0.0	0.0	1.0
167_OMC-125	1.0	1.0	-0.0	0.0	1.0
168_OMC-125	1.0	1.0	-0.0	0.0	1.0
169_OMC-125	3.0	3.0	1.1488348542809168	0.44897959183673464	1.0
16_OMC-125	1.0	1.0	-0.0	0.0	1.0
170_OMC-125	2.0	2.0	0.4138168503036338	0.1527777777777779	0.9166666666666666
171_OMC-125	1.0	1.0	-0.0	0.0	1.0
172_OMC-125	1.0	1.0	-0.0	0.0	1.0
173_OMC-125	3.0	3.0	0.8343470230852537	0.3044982698961938	0.9411764705882353
174_OMC-125	1.0	1.0	-0.0	0.0	1.0
175_OMC-125	1.0	1.0	-0.0	0.0	1.0
176_OMC-125	1.0	1.0	-0.0	0.0	1.0
177_OMC-125	1.0	1.0	-0.0	0.0	1.0
178_OMC-125	2.0	2.0	0.7219280948873623	0.31999999999999984	0.8
179_OMC-125	1.0	1.0	-0.0	0.0	1.0
17_OMC-125	3.0	3.0	0.9055872616982602	0.3377777777777776	0.9333333333333333
180_OMC-125	2.0	2.0	0.3533593350214213	0.12444444444444436	0.9333333333333333
181_OMC-125	1.0	1.0	-0.0	0.0	1.0
182_OMC-125	1.0	1.0	-0.0	0.0	1.0
183_OMC-125	2.0	2.0	0.3712323266408757	0.13265306122448983	0.9285714285714286
184_OMC-125	2.0	2.0	0.4854607607459134	0.18836565096952906	1.0
185_OMC-125	1.0	1.0	-0.0	0.0	1.0
186_OMC-125	1.0	1.0	-0.0	0.0	1.0
187_OMC-125	1.0	1.0	-0.0	0.0	1.0
188_OMC-125	2.0	2.0	0.4138168503036338	0.1527777777777779	0.9166666666666666
189_OMC-125	2.0	2.0	0.4138168503036338	0.1527777777777779	1.0
18_OMC-125	1.0	1.0	-0.0	0.0	1.0
190_OMC-125	2.0	2.0	0.6500224216483541	0.2777777777777777	1.0
191_OMC-125	1.0	1.0	-0.0	0.0	1.0
192_OMC-125	2.0	2.0	0.43949698692151334	0.16528925619834722	1.0
193_OMC-125	2.0	2.0	0.46899559358928117	0.17999999999999994	0.9
194_OMC-125	2.0	2.0	0.3712323266408757	0.13265306122448983	0.9285714285714286
195_OMC-125	1.0	1.0	-0.0	0.0	1.0
196_OMC-125	1.0	1.0	-0.0	0.0	1.0
197_OMC-125	2.0	2.0	0.46899559358928117	0.17999999999999994	1.0
198_OMC-125	1.0	1.0	-0.0	0.0	1.0
199_OMC-125	1.0	1.0	-0.0	0.0	1.0
19_OMC-125	1.0	1.0	-0.0	0.0	1.0
1_OMC-125	2.0	2.0	0.5435644431995964	0.21875	1.0
200_OMC-125	1.0	1.0	-0.0	0.0	1.0
201_OMC-125	1.0	1.0	-0.0	0.0	1.0
202_OMC-125	2.0	2.0	0.6193821946787638	0.2603550295857988	1.0
203_OMC-125	1.0	1.0	-0.0	0.0	1.0
204_OMC-125	3.0	3.0	0.574828144380386	0.19024970273483932	0.9655172413793104
205_OMC-125	1.0	1.0	-0.0	0.0	1.0
206_OMC-125	1.0	1.0	-0.0	0.0	1.0
207_OMC-125	1.0	1.0	-0.0	0.0	1.0
208_OMC-125	2.0	2.0	0.3912435636292556	0.14201183431952646	0.9230769230769231
209_OMC-125	1.0	1.0	-0.0	0.0	1.0
20_OMC-125	1.0	1.0	-0.0	0.0	1.0
210_OMC-125	1.0	1.0	-0.0	0.0	1.0
211_OMC-125	1.0	1.0	-0.0	0.0	1.0
212_OMC-125	2.0	2.0	0.7219280948873623	0.31999999999999984	1.0
213_OMC-125	1.0	1.0	-0.0	0.0	1.0
214_OMC-125	2.0	2.0	0.5225593745369408	0.20761245674740492	1.0
215_OMC-125	1.0	1.0	-0.0	0.0	1.0
216_OMC-125	1.0	1.0	-0.0	0.0	1.0
217_OMC-125	2.0	2.0	0.3712323266408757	0.13265306122448983	0.9285714285714286
218_OMC-125	2.0	2.0	0.5665095065529053	0.23111111111111104	1.0
219_OMC-125	1.0	1.0	-0.0	0.0	1.0
21_OMC-125	2.0	2.0	0.3227569588973983	0.11072664359861584	0.9411764705882353
220_OMC-125	1.0	1.0	-0.0	0.0	1.0
221_OMC-125	2.0	2.0	0.5225593745369408	0.20761245674740492	1.0
222_OMC-125	3.0	3.0	1.0408520829727552	0.4027777777777778	0.9166666666666666
223_OMC-125	1.0	1.0	-0.0	0.0	1.0
224_OMC-125	1.0	1.0	-0.0	0.0	1.0
225_OMC-125	1.0	1.0	-0.0	0.0	1.0
226_OMC-125	1.0	1.0	-0.0	0.0	1.0
227_OMC-125	2.0	2.0	0.3227569588973983	0.11072664359861584	0.9411764705882353
228_OMC-125	1.0	1.0	-0.0	0.0	1.0
229_OMC-125	4.0	3.0	1.370950594454669	0.5599999999999999	0.6
22_OMC-125	2.0	2.0	0.3227569588973983	0.11072664359861584	0.9411764705882353
230_OMC-125	1.0	1.0	-0.0	0.0	1.0
231_OMC-125	1.0	1.0	-0.0	0.0	1.0
232_OMC-125	2.0	2.0	0.5032583347756457	0.19753086419753085	1.0
233_OMC-125	2.0	2.0	0.5225593745369408	0.20761245674740492	1.0
234_OMC-125	2.0	2.0	0.6500224216483541	0.2777777777777777	1.0
235_OMC-125	2.0	2.0	0.4138168503036338	0.1527777777777779	0.9166666666666666
236_OMC-125	3.0	3.0	0.8166890883150209	0.29166666666666663	1.0
237_OMC-125	2.0	2.0	0.6193821946787638	0.2603550295857988	1.0
238_OMC-125	1.0	1.0	-0.0	0.0	1.0
239_OMC-125	1.0	1.0	-0.0	0.0	1.0
23_OMC-125	2.0	2.0	0.5435644431995964	0.21875	1.0
240_OMC-125	1.0	1.0	-0.0	0.0	1.0
241_OMC-125	2.0	2.0	0.43949698692151334	0.16528925619834722	0.9090909090909091
242_OMC-125	2.0	2.0	0.6193821946787638	0.2603550295857988	1.0
243_OMC-125	2.0	2.0	0.7793498372920851	0.3550295857988165	1.0
244_OMC-125	1.0	1.0	-0.0	0.0	1.0
245_OMC-125	1.0	1.0	-0.0	0.0	1.0
246_OMC-125	1.0	1.0	-0.0	0.0	1.0
247_OMC-125	1.0	1.0	-0.0	0.0	1.0
248_OMC-125	1.0	1.0	-0.0	0.0	1.0
249_OMC-125	1.0	1.0	-0.0	0.0	1.0
24_OMC-125	2.0	2.0	0.7219280948873623	0.31999999999999984	1.0
250_OMC-125	1.0	1.0	-0.0	0.0	1.0
251_OMC-125	2.0	2.0	0.3533593350214213	0.12444444444444436	0.9333333333333333
252_OMC-125	2.0	2.0	0.6840384356390417	0.2975206611570247	1.0
253_OMC-125	3.0	3.0	1.1488348542809168	0.44897959183673464	1.0
254_OMC-125	2.0	2.0	0.2863969571159562	0.09500000000000008	0.95
255_OMC-125	1.0	1.0	-0.0	0.0	1.0
256_OMC-125	2.0	2.0	0.6500224216483541	0.2777777777777777	1.0
257_OMC-125	2.0	2.0	0.46899559358928117	0.17999999999999994	1.0
258_OMC-125	1.0	1.0	-0.0	0.0	1.0
259_OMC-125	1.0	1.0	-0.0	0.0	1.0
25_OMC-125	2.0	2.0	0.3533593350214213	0.12444444444444436	0.9333333333333333
260_OMC-125	2.0	2.0	0.5225593745369408	0.20761245674740492	1.0
261_OMC-125	2.0	2.0	0.672294817075638	0.2906574394463668	1.0
262_OMC-125	1.0	1.0	-0.0	0.0	1.0
263_OMC-125	1.0	1.0	-0.0	0.0	1.0
264_OMC-125	2.0	2.0	0.4138168503036338	0.1527777777777779	0.9166666666666666
265_OMC-125	1.0	1.0	-0.0	0.0	1.0
266_OMC-125	1.0	1.0	-0.0	0.0	1.0
267_OMC-125	2.0	2.0	0.46899559358928117	0.17999999999999994	0.9
268_OMC-125	1.0	1.0	-0.0	0.0	1.0
269_OMC-125	2.0	2.0	0.8631205685666311	0.40816326530612246	1.0
26_OMC-125	2.0	2.0	0.4138168503036338	0.1527777777777779	0.9166666666666666
270_OMC-125	2.0	2.0	0.2974722489192897	0.09972299168975085	0.9473684210526316
271_OMC-125	2.0	2.0	0.3372900666170139	0.1171875	0.9375
272_OMC-125	2.0	2.0	0.6193821946787638	0.2603550295857988	1.0
273_OMC-125	3.0	3.0	0.946372935985442	0.3571428571428572	0.9285714285714286
274_OMC-125	2.0	2.0	0.2974722489192897	0.09972299168975085	0.9473684210526316
275_OMC-125	2.0	2.0	0.3533593350214213	0.12444444444444436	0.9333333333333333
276_OMC-125	2.0	2.0	0.5435644431995964	0.21875	0.875
277_OMC-125	2.0	2.0	0.4138168503036338	0.1527777777777779	0.9166666666666666
278_OMC-125	1.0	1.0	-0.0	0.0	1.0
279_OMC-125	2.0	2.0	0.5225593745369408	0.20761245674740492	1.0
27_OMC-125	2.0	2.0	0.5435644431995964	0.21875	1.0
280_OMC-125	3.0	3.0	0.946372935985442	0.3571428571428572	0.9285714285714286
281_OMC-125	1.0	1.0	-0.0	0.0	1.0
282_OMC-125	1.0	1.0	-0.0	0.0	1.0
283_OMC-125	4.0	3.0	0.8658566174572236	0.31404958677685946	0.8181818181818181
284_OMC-125	2.0	2.0	0.5916727785823274	0.24489795918367352	0.8571428571428572
285_OMC-125	2.0	2.0	0.9182958340544894	0.4444444444444444	1.0
286_OMC-125	1.0	1.0	-0.0	0.0	1.0
287_OMC-125	2.0	2.0	0.5225593745369408	0.20761245674740492	1.0
288_OMC-125	1.0	1.0	-0.0	0.0	1.0
289_OMC-125	2.0	2.0	0.3533593350214213	0.12444444444444436	0.9333333333333333
28_OMC-125	1.0	1.0	-0.0	0.0	1.0
290_OMC-125	1.0	1.0	-0.0	0.0	1.0
291_OMC-125	2.0	2.0	0.5435644431995964	0.21875	1.0
292_OMC-125	1.0	1.0	-0.0	0.0	1.0
293_OMC-125	4.0	3.0	1.2516291673878228	0.5	0.6666666666666667
294_OMC-125	1.0	1.0	-0.0	0.0	1.0
295_OMC-125	1.0	1.0	-0.0	0.0	1.0
296_OMC-125	2.0	2.0	0.6500224216483541	0.2777777777777777	1.0
297_OMC-125	1.0	1.0	-0.0	0.0	1.0
298_OMC-125	2.0	2.0	0.3227569588973983	0.11072664359861584	0.9411764705882353
299_OMC-125	2.0	2.0	0.5916727785823274	0.24489795918367352	1.0
29_OMC-125	2.0	2.0	0.5916727785823274	0.24489795918367352	0.8571428571428572
2_OMC-125	2.0	2.0	0.46899559358928117	0.17999999999999994	0.9
300_OMC-125	2.0	2.0	0.3712323266408757	0.13265306122448983	0.9285714285714286
301_OMC-125	2.0	2.0	0.3533593350214213	0.12444444444444436	0.9333333333333333
302_OMC-125	1.0	1.0	-0.0	0.0	1.0
303_OMC-125	2.0	2.0	0.4138168503036338	0.1527777777777779	0.9166666666666666
304_OMC-125	1.0	1.0	-0.0	0.0	1.0
305_OMC-125	1.0	1.0	-0.0	0.0	1.0
306_OMC-125	2.0	2.0	0.6500224216483541	0.2777777777777777	1.0
307_OMC-125	1.0	1.0	-0.0	0.0	1.0
308_OMC-125	3.0	3.0	0.8929427417665807	0.3265306122448979	1.0
309_OMC-125	1.0	1.0	-0.0	0.0	1.0
30_OMC-125	1.0	1.0	-0.0	0.0	1.0
310_OMC-125	1.0	1.0	-0.0	0.0	1.0
311_OMC-125	2.0	2.0	0.3095434291503252	0.1049382716049383	0.9444444444444444
312_OMC-125	1.0	1.0	-0.0	0.0	1.0
313_OMC-125	2.0	2.0	0.2974722489192897	0.09972299168975085	0.9473684210526316
314_OMC-125	1.0	1.0	-0.0	0.0	1.0
315_OMC-125	3.0	3.0	0.747584679824574	0.2650000000000001	0.95
316_OMC-125	2.0	2.0	0.3095434291503252	0.1049382716049383	0.9444444444444444
317_OMC-125	2.0	2.0	0.46899559358928117	0.17999999999999994	1.0
318_OMC-125	2.0	2.0	0.5032583347756457	0.19753086419753085	0.8888888888888888
319_OMC-125	2.0	2.0	0.5916727785823274	0.24489795918367352	1.0
31_OMC-125	1.0	1.0	-0.0	0.0	1.0
320_OMC-125	1.0	1.0	-0.0	0.0	1.0
321_OMC-125	2.0	2.0	0.5916727785823274	0.24489795918367352	0.8571428571428572
322_OMC-125	1.0	1.0	-0.0	0.0	1.0
323_OMC-125	3.0	3.0	1.0408520829727552	0.4027777777777778	0.9166666666666666
324_OMC-125	1.0	1.0	-0.0	0.0	1.0
325_OMC-125	1.0	1.0	-0.0	0.0	1.0
326_OMC-125	1.0	1.0	-0.0	0.0	1.0
327_OMC-125	1.0	1.0	-0.0	0.0	1.0
328_OMC-125	2.0	2.0	0.5665095065529053	0.23111111111111104	1.0
329_OMC-125	1.0	1.0	-0.0	0.0	1.0
32_OMC-125	1.0	1.0	-0.0	0.0	1.0
330_OMC-125	3.0	3.0	0.946372935985442	0.3571428571428572	0.9285714285714286
331_OMC-125	1.0	1.0	-0.0	0.0	1.0
332_OMC-125	3.0	3.0	1.103307408607834	0.42666666666666675	1.0
333_OMC-125	3.0	3.0	1.103307408607834	0.42666666666666675	1.0
334_OMC-125	2.0	2.0	0.2974722489192897	0.09972299168975085	0.9473684210526316
335_OMC-125	1.0	1.0	-0.0	0.0	1.0
336_OMC-125	3.0	3.0	0.993897263936423	0.37603305785123975	1.0
337_OMC-125	1.0	1.0	-0.0	0.0	1.0
338_OMC-125	1.0	1.0	-0.0	0.0	1.0
339_OMC-125	1.0	1.0	-0.0	0.0	1.0
33_OMC-125	1.0	1.0	-0.0	0.0	1.0
340_OMC-125	1.0	1.0	-0.0	0.0	1.0
341_OMC-125	3.0	3.0	0.8030717273241025	0.2901234567901234	0.9444444444444444
342_OMC-125	2.0	2.0	0.5032583347756457	0.19753086419753085	1.0
343_OMC-125	2.0	2.0	0.5032583347756457	0.19753086419753085	0.8888888888888888
344_OMC-125	1.0	1.0	-0.0	0.0	1.0
345_OMC-125	2.0	2.0	0.3372900666170139	0.1171875	0.9375
346_OMC-125	1.0	1.0	-0.0	0.0	1.0
347_OMC-125	1.0	1.0	-0.0	0.0	1.0
348_OMC-125	4.0	3.0	0.8658566174572236	0.31404958677685946	0.8181818181818181
349_OMC-125	3.0	3.0	1.0408520829727552	0.4027777777777778	0.9166666666666666
34_OMC-125	3.0	3.0	0.8030717273241025	0.2901234567901234	0.9444444444444444
350_OMC-125	2.0	2.0	0.3912435636292556	0.14201183431952646	0.9230769230769231
351_OMC-125	2.0	2.0	0.5916727785823274	0.24489795918367352	1.0
352_OMC-125	2.0	2.0	0.4537163391869449	0.17233560090702937	1.0
353_OMC-125	1.0	1.0	-0.0	0.0	1.0
354_OMC-125	4.0	3.0	0.6998428398862386	0.23999999999999988	0.8666666666666667
355_OMC-125	2.0	2.0	0.3712323266408757	0.13265306122448983	0.9285714285714286
356_OMC-125	1.0	1.0	-0.0	0.0	1.0
357_OMC-125	1.0	1.0	-0.0	0.0	1.0
358_OMC-125	2.0	2.0	0.7219280948873623	0.31999999999999984	1.0
359_OMC-125	1.0	1.0	-0.0	0.0	1.0
35_OMC-125	1.0	1.0	-0.0	0.0	1.0
360_OMC-125	2.0	2.0	0.6193821946787638	0.2603550295857988	1.0
361_OMC-125	2.0	2.0	0.4138168503036338	0.1527777777777779	0.9166666666666666
362_OMC-125	2.0	2.0	0.5435644431995964	0.21875	1.0
363_OMC-125	1.0	1.0	-0.0	0.0	1.0
364_OMC-125	4.0	3.0	0.5131851787372753	0.16257088846880918	0.9130434782608696
365_OMC-125	1.0	1.0	-0.0	0.0	1.0
366_OMC-125	2.0	2.0	0.5916727785823274	0.24489795918367352	1.0
367_OMC-125	1.0	1.0	-0.0	0.0	1.0
368_OMC-125	1.0	1.0	-0.0	0.0	1.0
369_OMC-125	1.0	1.0	-0.0	0.0	1.0
36_OMC-125	1.0	1.0	-0.0	0.0	1.0
370_OMC-125	1.0	1.0	-0.0	0.0	1.0
371_OMC-125	1.0	1.0	-0.0	0.0	1.0
372_OMC-125	1.0	1.0	-0.0	0.0	1.0
373_OMC-125	2.0	2.0	0.43949698692151334	0.16528925619834722	0.9090909090909091
374_OMC-125	2.0	2.0	0.4138168503036338	0.1527777777777779	0.9166666666666666
375_OMC-125	2.0	2.0	0.3912435636292556	0.14201183431952646	0.9230769230769231
376_OMC-125	1.0	1.0	-0.0	0.0	1.0
377_OMC-125	1.0	1.0	-0.0	0.0	1.0
378_OMC-125	2.0	2.0	0.6500224216483541	0.2777777777777777	1.0
379_OMC-125	2.0	2.0	0.7219280948873623	0.31999999999999984	1.0
37_OMC-125	1.0	1.0	-0.0	0.0	1.0
380_OMC-125	2.0	2.0	0.43949698692151334	0.16528925619834722	0.9090909090909091
381_OMC-125	2.0	2.0	0.3372900666170139	0.1171875	0.9375
382_OMC-125	1.0	1.0	-0.0	0.0	1.0
383_OMC-125	2.0	2.0	0.46899559358928117	0.17999999999999994	0.9
384_OMC-125	2.0	2.0	0.6193821946787638	0.2603550295857988	1.0
385_OMC-125	1.0	1.0	-0.0	0.0	1.0
386_OMC-125	1.0	1.0	-0.0	0.0	1.0
387_OMC-125	2.0	2.0	0.4138168503036338	0.1527777777777779	0.9166666666666666
388_OMC-125	1.0	1.0	-0.0	0.0	1.0
389_OMC-125	2.0	2.0	0.3533593350214213	0.12444444444444436	0.9333333333333333
38_OMC-125	2.0	2.0	0.6193821946787638	0.2603550295857988	1.0
390_OMC-125	2.0	2.0	0.7793498372920851	0.3550295857988165	1.0
391_OMC-125	2.0	2.0	0.46899559358928117	0.17999999999999994	1.0
392_OMC-125	1.0	1.0	-0.0	0.0	1.0
393_OMC-125	2.0	2.0	0.6193821946787638	0.2603550295857988	1.0
394_OMC-125	1.0	1.0	-0.0	0.0	1.0
395_OMC-125	2.0	2.0	0.3533593350214213	0.12444444444444436	0.9333333333333333
396_OMC-125	2.0	2.0	0.7219280948873623	0.31999999999999984	1.0
397_OMC-125	1.0	1.0	-0.0	0.0	1.0
398_OMC-125	2.0	2.0	0.3912435636292556	0.14201183431952646	0.9230769230769231
399_OMC-125	1.0	1.0	-0.0	0.0	1.0
39_OMC-125	2.0	2.0	0.6500224216483541	0.2777777777777777	1.0
3_OMC-125	1.0	1.0	-0.0	0.0	1.0
400_OMC-125	2.0	2.0	0.3227569588973983	0.11072664359861584	0.9411764705882353
401_OMC-125	1.0	1.0	-0.0	0.0	1.0
402_OMC-125	2.0	2.0	0.3712323266408757	0.13265306122448983	0.9285714285714286
403_OMC-125	1.0	1.0	-0.0	0.0	1.0
404_OMC-125	4.0	3.0	0.6143694458867569	0.20370370370370372	0.8888888888888888
405_OMC-125	2.0	2.0	0.6500224216483541	0.2777777777777777	1.0
406_OMC-125	2.0	2.0	0.2974722489192897	0.09972299168975085	0.9473684210526316
407_OMC-125	1.0	1.0	-0.0	0.0	1.0
408_OMC-125	1.0	1.0	-0.0	0.0	1.0
409_OMC-125	2.0	2.0	0.3533593350214213	0.12444444444444436	0.9333333333333333
40_OMC-125	2.0	2.0	0.2974722489192897	0.09972299168975085	0.9473684210526316
410_OMC-125	2.0	2.0	0.6962122601251458	0.3046875	1.0
411_OMC-125	1.0	1.0	-0.0	0.0	1.0
412_OMC-125	2.0	2.0	0.3095434291503252	0.1049382716049383	0.9444444444444444
413_OMC-125	1.0	1.0	-0.0	0.0	1.0
414_OMC-125	4.0	3.0	0.6143694458867569	0.20370370370370372	0.8888888888888888
415_OMC-125	4.0	3.0	0.9864267287308426	0.37037037037037024	0.7777777777777778
416_OMC-125	2.0	2.0	0.3712323266408757	0.13265306122448983	0.9285714285714286
417_OMC-125	2.0	2.0	0.6098403047164005	0.2550000000000001	1.0
418_OMC-125	2.0	2.0	0.3712323266408757	0.13265306122448983	0.9285714285714286
419_OMC-125	2.0	2.0	0.43949698692151334	0.16528925619834722	1.0
41_OMC-125	2.0	2.0	0.5225593745369408	0.20761245674740492	1.0
420_OMC-125	2.0	2.0	0.6840384356390417	0.2975206611570247	1.0
421_OMC-125	3.0	3.0	0.8343470230852537	0.3044982698961938	0.9411764705882353
422_OMC-125	1.0	1.0	-0.0	0.0	1.0
423_OMC-125	1.0	1.0	-0.0	0.0	1.0
424_OMC-125	2.0	2.0	0.5665095065529053	0.23111111111111104	1.0
425_OMC-125	2.0	2.0	0.5435644431995964	0.21875	1.0
426_OMC-125	3.0	3.0	1.1567796494470395	0.4600000000000001	0.9
427_OMC-125	1.0	1.0	-0.0	0.0	1.0
428_OMC-125	1.0	1.0	-0.0	0.0	1.0
429_OMC-125	1.0	1.0	-0.0	0.0	1.0
42_OMC-125	2.0	2.0	0.5665095065529053	0.23111111111111104	1.0
430_OMC-125	1.0	1.0	-0.0	0.0	1.0
431_OMC-125	1.0	1.0	-0.0	0.0	1.0
432_OMC-125	1.0	1.0	-0.0	0.0	1.0
433_OMC-125	1.0	1.0	-0.0	0.0	1.0
434_OMC-125	1.0	1.0	-0.0	0.0	1.0
435_OMC-125	1.0	1.0	-0.0	0.0	1.0
436_OMC-125	1.0	1.0	-0.0	0.0	1.0
437_OMC-125	2.0	2.0	0.5032583347756457	0.19753086419753085	0.8888888888888888
438_OMC-125	1.0	1.0	-0.0	0.0	1.0
439_OMC-125	3.0	3.0	0.9912642605354288	0.37869822485207094	0.9230769230769231
43_OMC-125	2.0	2.0	0.6193821946787638	0.2603550295857988	1.0
440_OMC-125	2.0	2.0	0.43949698692151334	0.16528925619834722	0.9090909090909091
441_OMC-125	2.0	2.0	0.26676498780302604	0.08677685950413205	0.9545454545454546
442_OMC-125	2.0	2.0	0.5435644431995964	0.21875	1.0
443_OMC-125	1.0	1.0	-0.0	0.0	1.0
444_OMC-125	4.0	3.0	0.7732283485249177	0.272189349112426	0.8461538461538461
445_OMC-125	2.0	2.0	0.5435644431995964	0.21875	1.0
446_OMC-125	1.0	1.0	-0.0	0.0	1.0
447_OMC-125	3.0	3.0	0.9912642605354288	0.37869822485207094	0.9230769230769231
448_OMC-125	1.0	1.0	-0.0	0.0	1.0
449_OMC-125	1.0	1.0	-0.0	0.0	1.0
44_OMC-125	1.0	1.0	-0.0	0.0	1.0
450_OMC-125	2.0	2.0	0.46899559358928117	0.17999999999999994	0.9
451_OMC-125	2.0	2.0	0.7219280948873623	0.31999999999999984	1.0
452_OMC-125	4.0	3.0	0.6143694458867569	0.20370370370370372	0.8888888888888888
453_OMC-125	2.0	2.0	0.6500224216483541	0.2777777777777777	0.8333333333333334
454_OMC-125	1.0	1.0	-0.0	0.0	1.0
455_OMC-125	1.0	1.0	-0.0	0.0	1.0
456_OMC-125	1.0	1.0	-0.0	0.0	1.0
457_OMC-125	2.0	2.0	0.43949698692151334	0.16528925619834722	0.9090909090909091
458_OMC-125	2.0	2.0	0.3095434291503252	0.1049382716049383	0.9444444444444444
459_OMC-125	4.0	4.0	1.0862293462325945	0.3705103969754253	0.9565217391304348
45_OMC-125	2.0	2.0	0.5032583347756457	0.19753086419753085	0.8888888888888888
460_OMC-125	2.0	2.0	0.4138168503036338	0.1527777777777779	0.9166666666666666
461_OMC-125	1.0	1.0	-0.0	0.0	1.0
462_OMC-125	2.0	2.0	0.5032583347756457	0.19753086419753085	0.8888888888888888
463_OMC-125	1.0	1.0	-0.0	0.0	1.0
464_OMC-125	1.0	1.0	-0.0	0.0	1.0
465_OMC-125	2.0	2.0	0.7219280948873623	0.31999999999999984	1.0
466_OMC-125	2.0	2.0	0.3533593350214213	0.12444444444444436	0.9333333333333333
467_OMC-125	2.0	2.0	0.43949698692151334	0.16528925619834722	0.9090909090909091
468_OMC-125	1.0	1.0	-0.0	0.0	1.0
469_OMC-125	2.0	2.0	0.672294817075638	0.2906574394463668	1.0
46_OMC-125	1.0	1.0	-0.0	0.0	1.0
470_OMC-125	2.0	2.0	0.2580186686648155	0.08317580340264641	0.9565217391304348
471_OMC-125	1.0	1.0	-0.0	0.0	1.0
472_OMC-125	2.0	2.0	0.5225593745369408	0.20761245674740492	1.0
473_OMC-125	1.0	1.0	-0.0	0.0	1.0
474_OMC-125	4.0	3.0	1.061278124459133	0.40625	0.75
475_OMC-125	2.0	2.0	0.7219280948873623	0.31999999999999984	0.8
476_OMC-125	1.0	1.0	-0.0	0.0	1.0
477_OMC-125	1.0	1.0	-0.0	0.0	1.0
478_OMC-125	2.0	2.0	0.5665095065529053	0.23111111111111104	1.0
479_OMC-125	2.0	2.0	0.3095434291503252	0.1049382716049383	0.9444444444444444
47_OMC-125	2.0	2.0	0.6962122601251458	0.3046875	1.0
480_OMC-125	1.0	1.0	-0.0	0.0	1.0
481_OMC-125	2.0	2.0	0.4138168503036338	0.1527777777777779	0.9166666666666666
482_OMC-125	1.0	1.0	-0.0	0.0	1.0
483_OMC-125	2.0	2.0	0.4138168503036338	0.1527777777777779	0.9166666666666666
484_OMC-125	2.0	2.0	0.8631205685666311	0.40816326530612246	1.0
485_OMC-125	1.0	1.0	-0.0	0.0	1.0
486_OMC-125	2.0	2.0	0.43949698692151334	0.16528925619834722	0.9090909090909091
487_OMC-125	1.0	1.0	-0.0	0.0	1.0
488_OMC-125	2.0	2.0	0.46899559358928117	0.17999999999999994	0.9
489_OMC-125	2.0	2.0	0.7219280948873623	0.31999999999999984	1.0
48_OMC-125	1.0	1.0	-0.0	0.0	1.0
490_OMC-125	1.0	1.0	-0.0	0.0	1.0
491_OMC-125	3.0	3.0	1.103307408607834	0.42666666666666675	1.0
492_OMC-125	2.0	2.0	0.3095434291503252	0.1049382716049383	0.9444444444444444
493_OMC-125	2.0	2.0	0.3372900666170139	0.1171875	0.9375
494_OMC-125	3.0	3.0	0.8683927290103627	0.3203125	0.9375
495_OMC-125	1.0	1.0	-0.0	0.0	1.0
496_OMC-125	2.0	2.0	0.2974722489192897	0.09972299168975085	0.9473684210526316
497_OMC-125	1.0	1.0	-0.0	0.0	1.0
498_OMC-125	2.0	2.0	0.3712323266408757	0.13265306122448983	0.9285714285714286
499_OMC-125	3.0	3.0	1.198183947911799	0.47337278106508884	1.0
49_OMC-125	1.0	1.0	-0.0	0.0	1.0
4_OMC-125	1.0	1.0	-0.0	0.0	1.0
500_OMC-125	2.0	2.0	0.8453509366224364	0.39669421487603307	1.0
501_OMC-125	1.0	1.0	-0.0	0.0	1.0
502_OMC-125	3.0	3.0	0.7742433029172697	0.2770083102493076	0.9473684210526316
503_OMC-125	2.0	2.0	0.3227569588973983	0.11072664359861584	0.9411764705882353
504_OMC-125	1.0	1.0	-0.0	0.0	1.0
505_OMC-125	3.0	3.0	1.1567796494470395	0.4600000000000001	0.9
506_OMC-125	2.0	2.0	0.6193821946787638	0.2603550295857988	1.0
507_OMC-125	2.0	2.0	0.46899559358928117	0.17999999999999994	0.9
508_OMC-125	1.0	1.0	-0.0	0.0	1.0
509_OMC-125	2.0	2.0	0.5435644431995964	0.21875	0.875
50_OMC-125	1.0	1.0	-0.0	0.0	1.0
510_OMC-125	2.0	2.0	0.46899559358928117	0.17999999999999994	0.9
511_OMC-125	1.0	1.0	-0.0	0.0	1.0
512_OMC-125	1.0	1.0	-0.0	0.0	1.0
513_OMC-125	1.0	1.0	-0.0	0.0	1.0
514_OMC-125	1.0	1.0	-0.0	0.0	1.0
515_OMC-125	1.0	1.0	-0.0	0.0	1.0
516_OMC-125	1.0	1.0	-0.0	0.0	1.0
517_OMC-125	2.0	2.0	0.6840384356390417	0.2975206611570247	1.0
518_OMC-125	2.0	2.0	0.3912435636292556	0.14201183431952646	0.9230769230769231
519_OMC-125	1.0	1.0	-0.0	0.0	1.0
51_OMC-125	1.0	1.0	-0.0	0.0	1.0
520_OMC-125	2.0	2.0	0.46899559358928117	0.17999999999999994	0.9
521_OMC-125	2.0	2.0	0.5916727785823274	0.24489795918367352	0.8571428571428572
522_OMC-125	1.0	1.0	-0.0	0.0	1.0
523_OMC-125	2.0	2.0	0.5435644431995964	0.21875	0.875
524_OMC-125	3.0	3.0	0.9055872616982602	0.3377777777777776	0.9333333333333333
525_OMC-125	1.0	1.0	-0.0	0.0	1.0
526_OMC-125	2.0	2.0	0.46899559358928117	0.17999999999999994	0.9
527_OMC-125	4.0	3.0	0.9864267287308426	0.37037037037037024	0.7777777777777778
528_OMC-125	1.0	1.0	-0.0	0.0	1.0
529_OMC-125	1.0	1.0	-0.0	0.0	1.0
52_OMC-125	3.0	3.0	1.198183947911799	0.47337278106508884	1.0
530_OMC-125	1.0	1.0	-0.0	0.0	1.0
531_OMC-125	1.0	1.0	-0.0	0.0	1.0
532_OMC-125	1.0	1.0	-0.0	0.0	1.0
533_OMC-125	2.0	2.0	0.5916727785823274	0.24489795918367352	1.0
534_OMC-125	2.0	2.0	0.5225593745369408	0.20761245674740492	1.0
535_OMC-125	1.0	1.0	-0.0	0.0	1.0
536_OMC-125	1.0	1.0	-0.0	0.0	1.0
537_OMC-125	1.0	1.0	-0.0	0.0	1.0
538_OMC-125	1.0	1.0	-0.0	0.0	1.0
539_OMC-125	1.0	1.0	-0.0	0.0	1.0
53_OMC-125	1.0	1.0	-0.0	0.0	1.0
540_OMC-125	2.0	2.0	0.7642045065086203	0.345679012345679	1.0
541_OMC-125	2.0	2.0	0.6500224216483541	0.2777777777777777	1.0
542_OMC-125	2.0	2.0	0.3712323266408757	0.13265306122448983	0.9285714285714286
543_OMC-125	1.0	1.0	-0.0	0.0	1.0
544_OMC-125	1.0	1.0	-0.0	0.0	1.0
545_OMC-125	2.0	2.0	0.3533593350214213	0.12444444444444436	0.9333333333333333
546_OMC-125	3.0	3.0	0.747584679824574	0.2650000000000001	0.95
547_OMC-125	2.0	2.0	0.5916727785823274	0.24489795918367352	1.0
548_OMC-125	2.0	2.0	0.6292492238560347	0.2659279778393353	1.0
549_OMC-125	2.0	2.0	0.24229218908241482	0.07679999999999998	0.96
54_OMC-125	2.0	2.0	0.5032583347756457	0.19753086419753085	0.8888888888888888
550_OMC-125	2.0	2.0	0.26676498780302604	0.08677685950413205	0.9545454545454546
551_OMC-125	1.0	1.0	-0.0	0.0	1.0
552_OMC-125	3.0	3.0	0.7228578977329688	0.25396825396825395	0.9523809523809523
553_OMC-125	1.0	1.0	-0.0	0.0	1.0
554_OMC-125	1.0	1.0	-0.0	0.0	1.0
555_OMC-125	1.0	1.0	-0.0	0.0	1.0
556_OMC-125	1.0	1.0	-0.0	0.0	1.0
557_OMC-125	1.0	1.0	-0.0	0.0	1.0
558_OMC-125	1.0	1.0	-0.0	0.0	1.0
559_OMC-125	1.0	1.0	-0.0	0.0	1.0
55_OMC-125	1.0	1.0	-0.0	0.0	1.0
560_OMC-125	2.0	2.0	0.5032583347756457	0.19753086419753085	1.0
561_OMC-125	1.0	1.0	-0.0	0.0	1.0
562_OMC-125	1.0	1.0	-0.0	0.0	1.0
563_OMC-125	1.0	1.0	-0.0	0.0	1.0
564_OMC-125	1.0	1.0	-0.0	0.0	1.0
565_OMC-125	1.0	1.0	-0.0	0.0	1.0
566_OMC-125	1.0	1.0	-0.0	0.0	1.0
567_OMC-125	1.0	1.0	-0.0	0.0	1.0
568_OMC-125	2.0	2.0	0.3095434291503252	0.1049382716049383	0.9444444444444444
569_OMC-125	2.0	2.0	0.3372900666170139	0.1171875	0.9375
56_OMC-125	1.0	1.0	-0.0	0.0	1.0
570_OMC-125	1.0	1.0	-0.0	0.0	1.0
571_OMC-125	1.0	1.0	-0.0	0.0	1.0
572_OMC-125	2.0	2.0	0.8112781244591328	0.375	1.0
573_OMC-125	1.0	1.0	-0.0	0.0	1.0
574_OMC-125	2.0	2.0	0.3912435636292556	0.14201183431952646	0.9230769230769231
575_OMC-125	1.0	1.0	-0.0	0.0	1.0
576_OMC-125	2.0	2.0	0.5032583347756457	0.19753086419753085	0.8888888888888888
577_OMC-125	3.0	3.0	0.8343470230852537	0.3044982698961938	0.9411764705882353
578_OMC-125	4.0	3.0	0.7345299214394703	0.2551020408163267	0.8571428571428572
579_OMC-125	1.0	1.0	-0.0	0.0	1.0
57_OMC-125	1.0	1.0	-0.0	0.0	1.0
580_OMC-125	3.0	3.0	0.8683927290103627	0.3203125	0.9375
581_OMC-125	2.0	2.0	0.4138168503036338	0.1527777777777779	0.9166666666666666
582_OMC-125	1.0	1.0	-0.0	0.0	1.0
583_OMC-125	3.0	3.0	1.287054028118727	0.520408163265306	1.0
584_OMC-125	2.0	2.0	0.3712323266408757	0.13265306122448983	0.9285714285714286
585_OMC-125	2.0	2.0	0.2974722489192897	0.09972299168975085	0.9473684210526316
586_OMC-125	1.0	1.0	-0.0	0.0	1.0
587_OMC-125	1.0	1.0	-0.0	0.0	1.0
588_OMC-125	2.0	2.0	0.3227569588973983	0.11072664359861584	0.9411764705882353
589_OMC-125	2.0	2.0	0.5032583347756457	0.19753086419753085	1.0
58_OMC-125	2.0	2.0	0.6193821946787638	0.2603550295857988	1.0
590_OMC-125	2.0	2.0	0.43949698692151334	0.16528925619834722	0.9090909090909091
591_OMC-125	1.0	1.0	-0.0	0.0	1.0
592_OMC-125	2.0	2.0	0.5032583347756457	0.19753086419753085	0.8888888888888888
593_OMC-125	1.0	1.0	-0.0	0.0	1.0
594_OMC-125	1.0	1.0	-0.0	0.0	1.0
595_OMC-125	2.0	2.0	0.5435644431995964	0.21875	0.875
596_OMC-125	1.0	1.0	-0.0	0.0	1.0
597_OMC-125	2.0	2.0	0.7642045065086203	0.345679012345679	1.0
598_OMC-125	2.0	2.0	0.3712323266408757	0.13265306122448983	0.9285714285714286
599_OMC-125	2.0	2.0	0.5225593745369408	0.20761245674740492	1.0
59_OMC-125	1.0	1.0	-0.0	0.0	1.0
5_OMC-125	2.0	2.0	0.5746356978376794	0.23553719008264462	1.0
600_OMC-125	1.0	1.0	-0.0	0.0	1.0
601_OMC-125	2.0	2.0	0.3533593350214213	0.12444444444444436	0.9333333333333333
602_OMC-125	2.0	2.0	0.3912435636292556	0.14201183431952646	0.9230769230769231
603_OMC-125	1.0	1.0	-0.0	0.0	1.0
604_OMC-125	1.0	1.0	-0.0	0.0	1.0
605_OMC-125	1.0	1.0	-0.0	0.0	1.0
606_OMC-125	3.0	3.0	0.9055872616982602	0.3377777777777776	0.9333333333333333
607_OMC-125	2.0	2.0	0.3372900666170139	0.1171875	0.9375
608_OMC-125	3.0	3.0	1.0869877023399053	0.42105263157894746	1.0
609_OMC-125	1.0	1.0	-0.0	0.0	1.0
60_OMC-125	1.0	1.0	-0.0	0.0	1.0
610_OMC-125	1.0	1.0	-0.0	0.0	1.0
611_OMC-125	1.0	1.0	-0.0	0.0	1.0
612_OMC-125	1.0	1.0	-0.0	0.0	1.0
613_OMC-125	2.0	2.0	0.4537163391869449	0.17233560090702937	1.0
614_OMC-125	1.0	1.0	-0.0	0.0	1.0
615_OMC-125	2.0	2.0	0.3095434291503252	0.1049382716049383	0.9444444444444444
616_OMC-125	4.0	3.0	0.5689955935892812	0.18500000000000005	0.9
617_OMC-125	1.0	1.0	-0.0	0.0	1.0
618_OMC-125	1.0	1.0	-0.0	0.0	1.0
619_OMC-125	1.0	1.0	-0.0	0.0	1.0
61_OMC-125	1.0	1.0	-0.0	0.0	1.0
620_OMC-125	1.0	1.0	-0.0	0.0	1.0
621_OMC-125	1.0	1.0	-0.0	0.0	1.0
622_OMC-125	1.0	1.0	-0.0	0.0	1.0
623_OMC-125	2.0	2.0	0.2974722489192897	0.09972299168975085	0.9473684210526316
624_OMC-125	1.0	1.0	-0.0	0.0	1.0
625_OMC-125	1.0	1.0	-0.0	0.0	1.0
626_OMC-125	2.0	2.0	0.5032583347756457	0.19753086419753085	0.8888888888888888
627_OMC-125	2.0	2.0	0.4138168503036338	0.1527777777777779	0.9166666666666666
628_OMC-125	1.0	1.0	-0.0	0.0	1.0
629_OMC-125	4.0	3.0	0.6402064333604701	0.2145328719723183	0.8823529411764706
62_OMC-125	1.0	1.0	-0.0	0.0	1.0
630_OMC-125	2.0	2.0	0.3533593350214213	0.12444444444444436	0.9333333333333333
631_OMC-125	2.0	2.0	0.2761954276479391	0.09070294784580502	0.9523809523809523
632_OMC-125	1.0	1.0	-0.0	0.0	1.0
633_OMC-125	1.0	1.0	-0.0	0.0	1.0
634_OMC-125	2.0	2.0	0.5225593745369408	0.20761245674740492	1.0
635_OMC-125	3.0	3.0	0.7533347247815687	0.26337448559670773	1.0
636_OMC-125	4.0	3.0	0.6685644431995965	0.2265625	0.875
637_OMC-125	1.0	1.0	-0.0	0.0	1.0
638_OMC-125	2.0	2.0	0.46899559358928117	0.17999999999999994	0.9
639_OMC-125	1.0	1.0	-0.0	0.0	1.0
63_OMC-125	2.0	2.0	0.2580186686648155	0.08317580340264641	0.9565217391304348
640_OMC-125	2.0	2.0	0.672294817075638	0.2906574394463668	1.0
641_OMC-125	1.0	1.0	-0.0	0.0	1.0
642_OMC-125	1.0	1.0	-0.0	0.0	1.0
643_OMC-125	2.0	2.0	0.3712323266408757	0.13265306122448983	0.9285714285714286
644_OMC-125	2.0	2.0	0.2974722489192897	0.09972299168975085	0.9473684210526316
645_OMC-125	1.0	1.0	-0.0	0.0	1.0
646_OMC-125	2.0	2.0	0.46899559358928117	0.17999999999999994	1.0
647_OMC-125	3.0	3.0	0.7742433029172697	0.2770083102493076	0.9473684210526316
648_OMC-125	4.0	3.0	0.8166890883150209	0.29166666666666663	0.8333333333333334
649_OMC-125	1.0	1.0	-0.0	0.0	1.0
64_OMC-125	1.0	1.0	-0.0	0.0	1.0
650_OMC-125	2.0	2.0	0.8631205685666311	0.40816326530612246	1.0
651_OMC-125	1.0	1.0	-0.0	0.0	1.0
652_OMC-125	1.0	1.0	-0.0	0.0	1.0
653_OMC-125	1.0	1.0	-0.0	0.0	1.0
654_OMC-125	1.0	1.0	-0.0	0.0	1.0
655_OMC-125	2.0	2.0	0.5225593745369408	0.20761245674740492	1.0
656_OMC-125	2.0	2.0	0.4854607607459134	0.18836565096952906	1.0
657_OMC-125	1.0	1.0	-0.0	0.0	1.0
658_OMC-125	2.0	2.0	0.2974722489192897	0.09972299168975085	0.9473684210526316
659_OMC-125	4.0	3.0	0.6998428398862386	0.23999999999999988	0.8666666666666667
65_OMC-125	1.0	1.0	-0.0	0.0	1.0
660_OMC-125	2.0	2.0	0.5225593745369408	0.20761245674740492	1.0
661_OMC-125	1.0	1.0	-0.0	0.0	1.0
662_OMC-125	1.0	1.0	-0.0	0.0	1.0
663_OMC-125	1.0	1.0	-0.0	0.0	1.0
664_OMC-125	2.0	2.0	0.5665095065529053	0.23111111111111104	1.0
665_OMC-125	2.0	2.0	0.5916727785823274	0.24489795918367352	1.0
666_OMC-125	1.0	1.0	-0.0	0.0	1.0
667_OMC-125	1.0	1.0	-0.0	0.0	1.0
668_OMC-125	1.0	1.0	-0.0	0.0	1.0
669_OMC-125	1.0	1.0	-0.0	0.0	1.0
66_OMC-125	2.0	2.0	0.3227569588973983	0.11072664359861584	0.9411764705882353
670_OMC-125	1.0	1.0	-0.0	0.0	1.0
671_OMC-125	1.0	1.0	-0.0	0.0	1.0
672_OMC-125	2.0	2.0	0.4138168503036338	0.1527777777777779	0.9166666666666666
673_OMC-125	2.0	2.0	0.5032583347756457	0.19753086419753085	0.8888888888888888
674_OMC-125	1.0	1.0	-0.0	0.0	1.0
675_OMC-125	2.0	2.0	0.3372900666170139	0.1171875	0.9375
676_OMC-125	3.0	3.0	0.9530138853315973	0.3545706371191135	1.0
677_OMC-125	1.0	1.0	-0.0	0.0	1.0
678_OMC-125	1.0	1.0	-0.0	0.0	1.0
679_OMC-125	1.0	1.0	-0.0	0.0	1.0
67_OMC-125	2.0	2.0	0.5435644431995964	0.21875	1.0
680_OMC-125	2.0	2.0	0.2974722489192897	0.09972299168975085	0.9473684210526316
681_OMC-125	1.0	1.0	-0.0	0.0	1.0
682_OMC-125	2.0	2.0	0.6840384356390417	0.2975206611570247	1.0
683_OMC-125	3.0	3.0	0.946372935985442	0.3571428571428572	0.9285714285714286
684_OMC-125	2.0	2.0	0.3533593350214213	0.12444444444444436	0.9333333333333333
685_OMC-125	2.0	2.0	0.5225593745369408	0.20761245674740492	1.0
686_OMC-125	1.0	1.0	-0.0	0.0	1.0
687_OMC-125	1.0	1.0	-0.0	0.0	1.0
688_OMC-125	2.0	2.0	0.8112781244591328	0.375	1.0
689_OMC-125	1.0	1.0	-0.0	0.0	1.0
68_OMC-125	3.0	3.0	0.747584679824574	0.2650000000000001	0.95
690_OMC-125	1.0	1.0	-0.0	0.0	1.0
691_OMC-125	2.0	2.0	0.2761954276479391	0.09070294784580502	0.9523809523809523
692_OMC-125	1.0	1.0	-0.0	0.0	1.0
693_OMC-125	1.0	1.0	-0.0	0.0	1.0
694_OMC-125	1.0	1.0	-0.0	0.0	1.0
695_OMC-125	2.0	2.0	0.6193821946787638	0.2603550295857988	1.0
696_OMC-125	1.0	1.0	-0.0	0.0	1.0
697_OMC-125	3.0	3.0	1.1567796494470395	0.4600000000000001	0.9
698_OMC-125	1.0	1.0	-0.0	0.0	1.0
699_OMC-125	1.0	1.0	-0.0	0.0	1.0
69_OMC-125	1.0	1.0	-0.0	0.0	1.0
6_OMC-125	2.0	2.0	0.5225593745369408	0.20761245674740492	1.0
700_OMC-125	2.0	2.0	0.43949698692151334	0.16528925619834722	0.9090909090909091
701_OMC-125	1.0	1.0	-0.0	0.0	1.0
702_OMC-125	3.0	3.0	1.0869877023399053	0.42105263157894746	1.0
703_OMC-125	2.0	2.0	0.5435644431995964	0.21875	1.0
704_OMC-125	1.0	1.0	-0.0	0.0	1.0
705_OMC-125	1.0	1.0	-0.0	0.0	1.0
706_OMC-125	3.0	3.0	0.946372935985442	0.3571428571428572	0.9285714285714286
707_OMC-125	2.0	2.0	0.6193821946787638	0.2603550295857988	1.0
708_OMC-125	1.0	1.0	-0.0	0.0	1.0
709_OMC-125	2.0	2.0	0.6193821946787638	0.2603550295857988	1.0
70_OMC-125	1.0	1.0	-0.0	0.0	1.0
710_OMC-125	1.0	1.0	-0.0	0.0	1.0
711_OMC-125	1.0	1.0	-0.0	0.0	1.0
712_OMC-125	1.0	1.0	-0.0	0.0	1.0
713_OMC-125	1.0	1.0	-0.0	0.0	1.0
714_OMC-125	1.0	1.0	-0.0	0.0	1.0
715_OMC-125	1.0	1.0	-0.0	0.0	1.0
716_OMC-125	1.0	1.0	-0.0	0.0	1.0
717_OMC-125	2.0	2.0	0.5435644431995964	0.21875	1.0
718_OMC-125	1.0	1.0	-0.0	0.0	1.0
719_OMC-125	3.0	3.0	0.7742433029172697	0.2770083102493076	0.9473684210526316
71_OMC-125	2.0	2.0	0.43949698692151334	0.16528925619834722	0.9090909090909091
720_OMC-125	1.0	1.0	-0.0	0.0	1.0
721_OMC-125	1.0	1.0	-0.0	0.0	1.0
722_OMC-125	2.0	2.0	0.5032583347756457	0.19753086419753085	1.0
723_OMC-125	1.0	1.0	-0.0	0.0	1.0
724_OMC-125	2.0	2.0	0.3912435636292556	0.14201183431952646	0.9230769230769231
725_OMC-125	2.0	2.0	0.3095434291503252	0.1049382716049383	0.9444444444444444
726_OMC-125	3.0	3.0	0.8683927290103626	0.3203125	0.9375
727_OMC-125	2.0	2.0	0.3712323266408757	0.13265306122448983	0.9285714285714286
728_OMC-125	1.0	1.0	-0.0	0.0	1.0
729_OMC-125	2.0	2.0	0.3227569588973983	0.11072664359861584	0.9411764705882353
72_OMC-125	2.0	2.0	0.5665095065529053	0.23111111111111104	1.0
730_OMC-125	4.0	3.0	0.7732283485249177	0.272189349112426	0.8461538461538461
731_OMC-125	2.0	2.0	0.8904916402194913	0.42603550295857995	1.0
732_OMC-125	2.0	2.0	0.7219280948873623	0.31999999999999984	1.0
733_OMC-125	2.0	2.0	0.4138168503036338	0.1527777777777779	1.0
734_OMC-125	2.0	2.0	0.3912435636292556	0.14201183431952646	0.9230769230769231
735_OMC-125	2.0	2.0	0.5665095065529053	0.23111111111111104	1.0
736_OMC-125	2.0	2.0	0.2580186686648155	0.08317580340264641	0.9565217391304348
737_OMC-125	2.0	2.0	0.3712323266408757	0.13265306122448983	0.9285714285714286
738_OMC-125	1.0	1.0	-0.0	0.0	1.0
739_OMC-125	1.0	1.0	-0.0	0.0	1.0
73_OMC-125	2.0	2.0	0.4138168503036338	0.1527777777777779	0.9166666666666666
740_OMC-125	3.0	3.0	0.9530138853315973	0.3545706371191135	1.0
741_OMC-125	1.0	1.0	-0.0	0.0	1.0
742_OMC-125	2.0	2.0	0.5435644431995964	0.21875	0.875
743_OMC-125	1.0	1.0	-0.0	0.0	1.0
744_OMC-125	2.0	2.0	0.5916727785823274	0.24489795918367352	0.8571428571428572
745_OMC-125	2.0	2.0	0.43949698692151334	0.16528925619834722	0.9090909090909091
746_OMC-125	2.0	2.0	0.5435644431995964	0.21875	1.0
747_OMC-125	2.0	2.0	0.46899559358928117	0.17999999999999994	1.0
748_OMC-125	4.0	3.0	0.7345299214394703	0.2551020408163267	0.8571428571428572
749_OMC-125	1.0	1.0	-0.0	0.0	1.0
74_OMC-125	1.0	1.0	-0.0	0.0	1.0
750_OMC-125	1.0	1.0	-0.0	0.0	1.0
751_OMC-125	2.0	2.0	0.6500224216483541	0.2777777777777777	0.8333333333333334
752_OMC-125	2.0	2.0	0.3912435636292556	0.14201183431952646	0.9230769230769231
753_OMC-125	1.0	1.0	-0.0	0.0	1.0
754_OMC-125	1.0	1.0	-0.0	0.0	1.0
755_OMC-125	1.0	1.0	-0.0	0.0	1.0
756_OMC-125	2.0	2.0	0.6193821946787638	0.2603550295857988	1.0
757_OMC-125	2.0	2.0	0.3227569588973983	0.11072664359861584	0.9411764705882353
758_OMC-125	2.0	2.0	0.5435644431995964	0.21875	1.0
759_OMC-125	3.0	3.0	1.3092966682370037	0.5289256198347108	1.0
75_OMC-125	3.0	3.0	0.946372935985442	0.3571428571428572	0.9285714285714286
760_OMC-125	2.0	2.0	0.3712323266408757	0.13265306122448983	0.9285714285714286
761_OMC-125	2.0	2.0	0.4138168503036338	0.1527777777777779	0.9166666666666666
762_OMC-125	2.0	2.0	0.5665095065529053	0.23111111111111104	1.0
763_OMC-125	1.0	1.0	-0.0	0.0	1.0
764_OMC-125	1.0	1.0	-0.0	0.0	1.0
765_OMC-125	2.0	2.0	0.4138168503036338	0.1527777777777779	1.0
766_OMC-125	1.0	1.0	-0.0	0.0	1.0
767_OMC-125	1.0	1.0	-0.0	0.0	1.0
768_OMC-125	2.0	2.0	0.7642045065086203	0.345679012345679	1.0
769_OMC-125	2.0	2.0	0.3533593350214213	0.12444444444444436	0.9333333333333333
76_OMC-125	2.0	2.0	0.6193821946787638	0.2603550295857988	1.0
770_OMC-125	1.0	1.0	-0.0	0.0	1.0
771_OMC-125	2.0	2.0	0.43949698692151334	0.16528925619834722	0.9090909090909091
772_OMC-125	2.0	2.0	0.7793498372920851	0.3550295857988165	1.0
773_OMC-125	1.0	1.0	-0.0	0.0	1.0
774_OMC-125	2.0	2.0	0.3533593350214213	0.12444444444444436	0.9333333333333333
775_OMC-125	1.0	1.0	-0.0	0.0	1.0
776_OMC-125	1.0	1.0	-0.0	0.0	1.0
777_OMC-125	4.0	4.0	1.321606958388347	0.47058823529411753	0.9411764705882353
778_OMC-125	2.0	2.0	0.6840384356390417	0.2975206611570247	1.0
779_OMC-125	2.0	2.0	0.3712323266408757	0.13265306122448983	0.9285714285714286
77_OMC-125	1.0	1.0	-0.0	0.0	1.0
780_OMC-125	2.0	2.0	0.8112781244591328	0.375	1.0
781_OMC-125	2.0	2.0	0.4138168503036338	0.1527777777777779	0.9166666666666666
782_OMC-125	2.0	2.0	0.4854607607459134	0.18836565096952906	1.0
783_OMC-125	2.0	2.0	0.8112781244591328	0.375	1.0
784_OMC-125	1.0	1.0	-0.0	0.0	1.0
785_OMC-125	1.0	1.0	-0.0	0.0	1.0
786_OMC-125	1.0	1.0	-0.0	0.0	1.0
787_OMC-125	2.0	2.0	0.2863969571159562	0.09500000000000008	0.95
788_OMC-125	1.0	1.0	-0.0	0.0	1.0
789_OMC-125	1.0	1.0	-0.0	0.0	1.0
78_OMC-125	2.0	2.0	0.3712323266408757	0.13265306122448983	0.9285714285714286
790_OMC-125	1.0	1.0	-0.0	0.0	1.0
791_OMC-125	2.0	2.0	0.3533593350214213	0.12444444444444436	0.9333333333333333
792_OMC-125	2.0	2.0	0.4854607607459134	0.18836565096952906	1.0
793_OMC-125	1.0	1.0	-0.0	0.0	1.0
794_OMC-125	2.0	2.0	0.4138168503036338	0.1527777777777779	0.9166666666666666
795_OMC-125	2.0	2.0	0.3712323266408757	0.13265306122448983	0.9285714285714286
796_OMC-125	2.0	2.0	0.7219280948873623	0.31999999999999984	1.0
797_OMC-125	2.0	2.0	0.2974722489192897	0.09972299168975085	0.9473684210526316
798_OMC-125	1.0	1.0	-0.0	0.0	1.0
799_OMC-125	2.0	2.0	0.5665095065529053	0.23111111111111104	1.0
79_OMC-125	2.0	2.0	0.4854607607459134	0.18836565096952906	1.0
7_OMC-125	1.0	1.0	-0.0	0.0	1.0
800_OMC-125	1.0	1.0	-0.0	0.0	1.0
801_OMC-125	1.0	1.0	-0.0	0.0	1.0
802_OMC-125	1.0	1.0	-0.0	0.0	1.0
803_OMC-125	1.0	1.0	-0.0	0.0	1.0
804_OMC-125	4.5	4.0	1.4911148500551858	0.5454545454545455	0.8181818181818181
805_OMC-125	1.0	1.0	-0.0	0.0	1.0
806_OMC-125	2.0	2.0	0.3912435636292556	0.14201183431952646	0.9230769230769231
807_OMC-125	4.5	4.0	0.9567657083663145	0.318181818181818	0.9090909090909091
808_OMC-125	2.0	2.0	0.672294817075638	0.2906574394463668	1.0
809_OMC-125	1.0	1.0	-0.0	0.0	1.0
80_OMC-125	1.0	1.0	-0.0	0.0	1.0
810_OMC-125	2.0	2.0	0.43949698692151334	0.16528925619834722	0.9090909090909091
811_OMC-125	2.0	2.0	0.4854607607459134	0.18836565096952906	1.0
812_OMC-125	3.0	3.0	1.0224207038483277	0.38754325259515576	1.0
813_OMC-125	2.0	2.0	0.26676498780302604	0.08677685950413205	0.9545454545454546
814_OMC-125	1.0	1.0	-0.0	0.0	1.0
815_OMC-125	2.0	2.0	0.8112781244591328	0.375	1.0
816_OMC-125	1.0	1.0	-0.0	0.0	1.0
817_OMC-125	1.0	1.0	-0.0	0.0	1.0
818_OMC-125	1.0	1.0	-0.0	0.0	1.0
819_OMC-125	1.0	1.0	-0.0	0.0	1.0
81_OMC-125	1.0	1.0	-0.0	0.0	1.0
820_OMC-125	1.0	1.0	-0.0	0.0	1.0
821_OMC-125	3.0	3.0	0.747584679824574	0.2650000000000001	0.95
822_OMC-125	2.0	2.0	0.5435644431995964	0.21875	1.0
823_OMC-125	2.0	2.0	0.2761954276479391	0.09070294784580502	0.9523809523809523
824_OMC-125	1.0	1.0	-0.0	0.0	1.0
825_OMC-125	2.0	2.0	0.7793498372920851	0.3550295857988165	1.0
826_OMC-125	1.0	1.0	-0.0	0.0	1.0
827_OMC-125	1.0	1.0	-0.0	0.0	1.0
828_OMC-125	2.0	2.0	0.7219280948873623	0.31999999999999984	1.0
829_OMC-125	2.0	2.0	0.46899559358928117	0.17999999999999994	0.9
82_OMC-125	1.0	1.0	-0.0	0.0	1.0
830_OMC-125	2.0	2.0	0.3372900666170139	0.1171875	0.9375
831_OMC-125	3.0	3.0	1.198183947911799	0.47337278106508884	1.0
832_OMC-125	1.0	1.0	-0.0	0.0	1.0
833_OMC-125	1.0	1.0	-0.0	0.0	1.0
834_OMC-125	2.0	2.0	0.4138168503036338	0.1527777777777779	0.9166666666666666
835_OMC-125	2.0	2.0	0.5916727785823274	0.24489795918367352	1.0
836_OMC-125	1.0	1.0	-0.0	0.0	1.0
837_OMC-125	1.0	1.0	-0.0	0.0	1.0
838_OMC-125	1.0	1.0	-0.0	0.0	1.0
839_OMC-125	1.0	1.0	-0.0	0.0	1.0
83_OMC-125	1.0	1.0	-0.0	0.0	1.0
840_OMC-125	1.0	1.0	-0.0	0.0	1.0
841_OMC-125	2.0	2.0	0.5435644431995964	0.21875	0.875
842_OMC-125	1.0	1.0	-0.0	0.0	1.0
843_OMC-125	1.0	1.0	-0.0	0.0	1.0
844_OMC-125	1.0	1.0	-0.0	0.0	1.0
845_OMC-125	3.0	3.0	1.2516291673878228	0.5	1.0
846_OMC-125	4.0	3.0	0.7732283485249177	0.272189349112426	0.8461538461538461
847_OMC-125	2.0	2.0	0.5665095065529053	0.23111111111111104	1.0
848_OMC-125	3.0	3.0	0.7228578977329688	0.25396825396825395	0.9523809523809523
849_OMC-125	1.0	1.0	-0.0	0.0	1.0
84_OMC-125	1.0	1.0	-0.0	0.0	1.0
850_OMC-125	1.0	1.0	-0.0	0.0	1.0
851_OMC-125	2.0	2.0	0.7642045065086203	0.345679012345679	1.0
852_OMC-125	1.0	1.0	-0.0	0.0	1.0
853_OMC-125	1.0	1.0	-0.0	0.0	1.0
854_OMC-125	3.0	3.0	0.9912642605354288	0.37869822485207094	0.9230769230769231
855_OMC-125	2.0	2.0	0.46899559358928117	0.17999999999999994	0.9
856_OMC-125	1.0	1.0	-0.0	0.0	1.0
857_OMC-125	1.0	1.0	-0.0	0.0	1.0
858_OMC-125	2.0	2.0	0.2974722489192897	0.09972299168975085	0.9473684210526316
859_OMC-125	1.0	1.0	-0.0	0.0	1.0
85_OMC-125	1.0	1.0	-0.0	0.0	1.0
860_OMC-125	1.0	1.0	-0.0	0.0	1.0
861_OMC-125	1.0	1.0	-0.0	0.0	1.0
862_OMC-125	3.0	3.0	1.0529815751302696	0.4177777777777778	0.9333333333333333
863_OMC-125	1.0	1.0	-0.0	0.0	1.0
864_OMC-125	2.0	2.0	0.3912435636292556	0.14201183431952646	0.9230769230769231
865_OMC-125	1.0	1.0	-0.0	0.0	1.0
866_OMC-125	2.0	2.0	0.5665095065529053	0.23111111111111104	1.0
867_OMC-125	1.0	1.0	-0.0	0.0	1.0
868_OMC-125	3.0	3.0	0.9864267287308426	0.37037037037037024	1.0
869_OMC-125	2.0	2.0	0.3095434291503252	0.1049382716049383	0.9444444444444444
86_OMC-125	2.0	2.0	0.6292492238560347	0.2659279778393353	1.0
870_OMC-125	2.0	2.0	0.3372900666170139	0.1171875	0.9375
871_OMC-125	2.0	2.0	0.43949698692151334	0.16528925619834722	0.9090909090909091
872_OMC-125	2.0	2.0	0.4138168503036338	0.1527777777777779	0.9166666666666666
873_OMC-125	1.0	1.0	-0.0	0.0	1.0
874_OMC-125	2.0	2.0	0.6840384356390417	0.2975206611570247	1.0
875_OMC-125	1.0	1.0	-0.0	0.0	1.0
876_OMC-125	2.0	2.0	0.6840384356390417	0.2975206611570247	1.0
877_OMC-125	1.0	1.0	-0.0	0.0	1.0
878_OMC-125	2.0	2.0	0.5032583347756457	0.19753086419753085	1.0
879_OMC-125	2.0	2.0	0.3912435636292556	0.14201183431952646	0.9230769230769231
87_OMC-125	2.0	2.0	0.7793498372920851	0.3550295857988165	1.0
880_OMC-125	1.0	1.0	-0.0	0.0	1.0
881_OMC-125	2.0	2.0	0.43949698692151334	0.16528925619834722	0.9090909090909091
882_OMC-125	1.0	1.0	-0.0	0.0	1.0
883_OMC-125	3.0	3.0	0.9912642605354288	0.37869822485207094	0.9230769230769231
884_OMC-125	1.0	1.0	-0.0	0.0	1.0
885_OMC-125	4.0	3.0	0.48217919020227273	0.15039999999999987	0.92
886_OMC-125	2.0	2.0	0.5032583347756457	0.19753086419753085	1.0
887_OMC-125	1.0	1.0	-0.0	0.0	1.0
888_OMC-125	3.0	3.0	0.9055872616982602	0.3377777777777776	0.9333333333333333
889_OMC-125	1.0	1.0	-0.0	0.0	1.0
88_OMC-125	2.0	2.0	0.5435644431995964	0.21875	1.0
890_OMC-125	4.0	3.0	0.8658566174572236	0.31404958677685946	0.8181818181818181
891_OMC-125	2.0	2.0	0.43949698692151334	0.16528925619834722	0.9090909090909091
892_OMC-125	2.0	2.0	0.3533593350214213	0.12444444444444436	0.9333333333333333
893_OMC-125	1.0	1.0	-0.0	0.0	1.0
894_OMC-125	2.0	2.0	0.8812908992306927	0.42000000000000004	1.0
895_OMC-125	1.0	1.0	-0.0	0.0	1.0
896_OMC-125	1.0	1.0	-0.0	0.0	1.0
897_OMC-125	2.0	2.0	0.46899559358928117	0.17999999999999994	0.9
898_OMC-125	1.0	1.0	-0.0	0.0	1.0
899_OMC-125	1.0	1.0	-0.0	0.0	1.0
89_OMC-125	1.0	1.0	-0.0	0.0	1.0
8_OMC-125	3.0	3.0	0.747584679824574	0.2650000000000001	0.95
900_OMC-125	1.0	1.0	-0.0	0.0	1.0
901_OMC-125	4.0	3.0	0.6685644431995965	0.2265625	0.875
902_OMC-125	1.0	1.0	-0.0	0.0	1.0
903_OMC-125	3.0	3.0	0.8343470230852539	0.3044982698961938	0.9411764705882353
904_OMC-125	1.0	1.0	-0.0	0.0	1.0
905_OMC-125	1.0	1.0	-0.0	0.0	1.0
906_OMC-125	2.0	2.0	0.3372900666170139	0.1171875	0.9375
907_OMC-125	2.0	2.0	0.46899559358928117	0.17999999999999994	0.9
908_OMC-125	1.0	1.0	-0.0	0.0	1.0
909_OMC-125	2.0	2.0	0.3227569588973983	0.11072664359861584	0.9411764705882353
90_OMC-125	3.0	3.0	0.9912642605354288	0.37869822485207094	0.9230769230769231
910_OMC-125	1.0	1.0	-0.0	0.0	1.0
911_OMC-125	1.0	1.0	-0.0	0.0	1.0
912_OMC-125	1.0	1.0	-0.0	0.0	1.0
913_OMC-125	2.0	2.0	0.3372900666170139	0.1171875	0.9375
914_OMC-125	1.0	1.0	-0.0	0.0	1.0
915_OMC-125	1.0	1.0	-0.0	0.0	1.0
916_OMC-125	2.0	2.0	0.3712323266408757	0.13265306122448983	0.9285714285714286
917_OMC-125	2.0	2.0	0.4138168503036338	0.1527777777777779	1.0
918_OMC-125	1.0	1.0	-0.0	0.0	1.0
919_OMC-125	2.0	2.0	0.3533593350214213	0.12444444444444436	0.9333333333333333
91_OMC-125	2.0	2.0	0.5665095065529053	0.23111111111111104	1.0
920_OMC-125	3.0	3.0	0.8683927290103627	0.3203125	0.9375
921_OMC-125	2.0	2.0	0.6193821946787638	0.2603550295857988	1.0
922_OMC-125	1.0	1.0	-0.0	0.0	1.0
923_OMC-125	1.0	1.0	-0.0	0.0	1.0
924_OMC-125	1.0	1.0	-0.0	0.0	1.0
925_OMC-125	1.0	1.0	-0.0	0.0	1.0
926_OMC-125	4.0	3.0	0.8658566174572236	0.31404958677685946	0.8181818181818181
927_OMC-125	1.0	1.0	-0.0	0.0	1.0
928_OMC-125	1.0	1.0	-0.0	0.0	1.0
929_OMC-125	3.0	3.0	1.0408520829727552	0.4027777777777778	0.9166666666666666
92_OMC-125	4.0	3.0	0.7345299214394703	0.2551020408163267	0.8571428571428572
930_OMC-125	2.0	2.0	0.46899559358928117	0.17999999999999994	0.9
931_OMC-125	2.0	2.0	0.5916727785823274	0.24489795918367352	1.0
932_OMC-125	2.0	2.0	0.6840384356390417	0.2975206611570247	1.0
933_OMC-125	4.0	3.0	0.6402064333604701	0.2145328719723183	0.8823529411764706
934_OMC-125	1.0	1.0	-0.0	0.0	1.0
935_OMC-125	2.0	2.0	0.6292492238560347	0.2659279778393353	1.0
936_OMC-125	2.0	2.0	0.4138168503036338	0.1527777777777779	0.9166666666666666
937_OMC-125	4.0	4.0	1.0862293462325945	0.3705103969754253	0.9565217391304348
938_OMC-125	1.0	1.0	-0.0	0.0	1.0
939_OMC-125	1.0	1.0	-0.0	0.0	1.0
93_OMC-125	4.0	3.0	0.5907239186406503	0.19390581717451527	0.8947368421052632
940_OMC-125	2.0	2.0	0.6193821946787638	0.2603550295857988	1.0
941_OMC-125	1.0	1.0	-0.0	0.0	1.0
942_OMC-125	1.0	1.0	-0.0	0.0	1.0
943_OMC-125	2.0	2.0	0.7642045065086203	0.345679012345679	1.0
944_OMC-125	1.0	1.0	-0.0	0.0	1.0
945_OMC-125	1.0	1.0	-0.0	0.0	1.0
946_OMC-125	2.0	2.0	0.3372900666170139	0.1171875	0.9375
947_OMC-125	1.0	1.0	-0.0	0.0	1.0
948_OMC-125	2.0	2.0	0.2863969571159562	0.09500000000000008	0.95
949_OMC-125	1.0	1.0	-0.0	0.0	1.0
94_OMC-125	1.0	1.0	-0.0	0.0	1.0
950_OMC-125	2.0	2.0	0.3712323266408757	0.13265306122448983	0.9285714285714286
951_OMC-125	2.0	2.0	0.8112781244591328	0.375	1.0
952_OMC-125	1.0	1.0	-0.0	0.0	1.0
953_OMC-125	2.0	2.0	0.7219280948873623	0.31999999999999984	1.0
954_OMC-125	3.0	3.0	1.061278124459133	0.40625	1.0
955_OMC-125	2.0	2.0	0.46899559358928117	0.17999999999999994	0.9
956_OMC-125	1.0	1.0	-0.0	0.0	1.0
957_OMC-125	1.0	1.0	-0.0	0.0	1.0
958_OMC-125	2.0	2.0	0.2580186686648155	0.08317580340264641	0.9565217391304348
959_OMC-125	2.0	2.0	0.3712323266408757	0.13265306122448983	0.9285714285714286
95_OMC-125	2.0	2.0	0.5225593745369408	0.20761245674740492	1.0
960_OMC-125	1.0	1.0	-0.0	0.0	1.0
961_OMC-125	2.0	2.0	0.6193821946787638	0.2603550295857988	1.0
962_OMC-125	2.0	2.0	0.46899559358928117	0.17999999999999994	0.9
963_OMC-125	1.0	1.0	-0.0	0.0	1.0
964_OMC-125	2.0	2.0	0.6500224216483541	0.2777777777777777	1.0
965_OMC-125	1.0	1.0	-0.0	0.0	1.0
966_OMC-125	1.0	1.0	-0.0	0.0	1.0
967_OMC-125	1.0	1.0	-0.0	0.0	1.0
968_OMC-125	1.0	1.0	-0.0	0.0	1.0
969_OMC-125	1.0	1.0	-0.0	0.0	1.0
96_OMC-125	2.0	2.0	0.6840384356390417	0.2975206611570247	1.0
970_OMC-125	2.0	2.0	0.3372900666170139	0.1171875	0.9375
971_OMC-125	1.0	1.0	-0.0	0.0	1.0
972_OMC-125	3.0	3.0	0.7742433029172697	0.2770083102493076	0.9473684210526316
973_OMC-125	1.0	1.0	-0.0	0.0	1.0
974_OMC-125	1.0	1.0	-0.0	0.0	1.0
975_OMC-125	1.0	1.0	-0.0	0.0	1.0
976_OMC-125	1.0	1.0	-0.0	0.0	1.0
977_OMC-125	2.0	2.0	0.3533593350214213	0.12444444444444436	0.9333333333333333
978_OMC-125	2.0	2.0	0.3912435636292556	0.14201183431952646	0.9230769230769231
979_OMC-125	1.0	1.0	-0.0	0.0	1.0
97_OMC-125	1.0	1.0	-0.0	0.0	1.0
980_OMC-125	1.0	1.0	-0.0	0.0	1.0
981_OMC-125	1.0	1.0	-0.0	0.0	1.0
982_OMC-125	1.0	1.0	-0.0	0.0	1.0
983_OMC-125	1.0	1.0	-0.0	0.0	1.0
984_OMC-125	2.0	2.0	0.4138168503036338	0.1527777777777779	1.0
985_OMC-125	1.0	1.0	-0.0	0.0	1.0
986_OMC-125	1.0	1.0	-0.0	0.0	1.0
987_OMC-125	1.0	1.0	-0.0	0.0	1.0
988_OMC-125	4.0	3.0	0.6143694458867569	0.20370370370370372	0.8888888888888888
989_OMC-125	1.0	1.0	-0.0	0.0	1.0
98_OMC-125	1.0	1.0	-0.0	0.0	1.0
990_OMC-125	2.0	2.0	0.3372900666170139	0.1171875	0.9375
991_OMC-125	1.0	1.0	-0.0	0.0	1.0
992_OMC-125	3.0	3.0	0.9530138853315973	0.3545706371191135	1.0
993_OMC-125	2.0	2.0	0.9182958340544894	0.4444444444444444	1.0
994_OMC-125	2.0	2.0	0.3912435636292556	0.14201183431952646	0.9230769230769231
995_OMC-125	1.0	1.0	-0.0	0.0	1.0
996_OMC-125	1.0	1.0	-0.0	0.0	1.0
997_OMC-125	2.0	2.0	0.4138168503036338	0.1527777777777779	0.9166666666666666
998_OMC-125	2.0	2.0	0.3372900666170139	0.1171875	0.9375
999_OMC-125	3.0	3.0	0.8929427417665807	0.3265306122448979	1.0
99_OMC-125	3.0	3.0	1.2516291673878228	0.5	1.0
9_OMC-125	1.0	1.0	-0.0	0.0	1.0
