	chao1	observed_otus	shannon	simpson	goods_coverage
1000_H-193	17.5	17.0	3.6022895405428708	0.8925619834710744	0.961038961038961
100_H-193	15.428571428571429	14.0	2.797585353966071	0.7346938775510204	0.8979591836734694
101_H-193	15.5	14.0	2.831666202164906	0.7716712065374138	0.9493670886075949
102_H-193	14.25	14.0	3.2817776036401862	0.8598229620821773	0.9770114942528736
103_H-193	20.5	18.0	3.6907914650948648	0.9034375	0.9375
104_H-193	15.125	15.0	3.219393423049594	0.8379289823447729	0.971830985915493
105_H-193	18.0	16.0	3.39616509142884	0.867245846669715	0.9506172839506173
106_H-193	15.0	14.0	3.1053997055951106	0.8186878057007927	0.961038961038961
107_H-193	11.333333333333334	11.0	3.0631864801932376	0.8468809073724007	0.9565217391304348
108_H-193	17.6	17.0	3.655762762668899	0.8962725586102209	0.961038961038961
109_H-193	14.0	14.0	3.435966908653894	0.8795266272189349	0.9846153846153847
10_H-193	13.0	13.0	3.2344797632266915	0.8488372093023255	1.0
110_H-193	17.0	16.0	3.257408305551948	0.83056640625	0.9375
111_H-193	15.5	15.0	3.121101772725011	0.8192520775623269	0.9605263157894737
112_H-193	18.6	18.0	3.681826529891329	0.8898633833698769	0.961038961038961
113_H-193	14.25	14.0	3.4224070314928468	0.8891937204694407	0.9753086419753086
114_H-193	16.0	14.0	3.327362017062466	0.8759765625	0.9375
115_H-193	13.0	12.0	2.641640216070085	0.7314285714285714	0.9571428571428572
116_H-193	15.0	15.0	3.4476531290858303	0.8782197835695779	0.9876543209876543
117_H-193	15.0	14.0	3.215146184220899	0.848189153687371	0.9589041095890412
118_H-193	14.0	14.0	3.2423479625112432	0.8446875	1.0
119_H-193	14.6	14.0	3.1550846004493858	0.8269916765755053	0.9482758620689655
11_H-193	14.0	14.0	3.2629728028713196	0.8400100781053161	0.9841269841269842
120_H-193	13.0	13.0	3.428829681625851	0.8935111111111111	0.9866666666666667
121_H-193	12.0	12.0	3.3584035153523977	0.8845663265306123	1.0
122_H-193	16.6	16.0	3.579463872255536	0.8876759551852915	0.9491525423728814
123_H-193	15.2	15.0	3.400941597777373	0.8681632653061224	0.9714285714285714
124_H-193	17.0	17.0	3.4738115256703748	0.8544340386171811	0.989247311827957
125_H-193	16.5	16.0	3.1973526126492007	0.8093877551020408	0.9571428571428572
126_H-193	15.0	13.0	3.0105833812369296	0.8131377551020409	0.9285714285714286
127_H-193	15.0	14.0	3.2638769473650835	0.8494801512287334	0.9782608695652174
128_H-193	18.0	15.0	3.432175277327339	0.8831581035508828	0.9436619718309859
129_H-193	15.0	15.0	3.480418297887509	0.8804872925855912	0.9855072463768116
12_H-193	12.0	12.0	3.0607574140862717	0.8294444444444444	0.9833333333333333
130_H-193	30.0	15.0	3.226446466202925	0.8627160493827161	0.9333333333333333
131_H-193	14.0	13.0	3.357719259958336	0.8846280991735538	0.9454545454545454
132_H-193	13.142857142857142	13.0	3.0129481528820885	0.8082486919052017	0.9649122807017544
133_H-193	16.0	16.0	3.5195251571325477	0.8833217993079585	0.9882352941176471
134_H-193	12.6	12.0	3.0839137715321545	0.8483476686283387	0.9361702127659575
135_H-193	14.25	14.0	3.4128675841902174	0.8798185941043084	0.9682539682539683
136_H-193	16.0	15.0	3.2299528666612485	0.8431416930737891	0.9680851063829787
137_H-193	15.2	14.0	3.0539847845814605	0.8288038087681016	0.9436619718309859
138_H-193	17.0	16.0	3.3582294189763404	0.8515023951226592	0.963855421686747
139_H-193	16.0	15.0	3.5966907837380027	0.9066358024691358	0.9583333333333334
13_H-193	17.5	15.0	3.2309351831021127	0.8439125910509886	0.9193548387096774
140_H-193	15.166666666666666	15.0	3.1794703759703205	0.8292682926829269	0.975609756097561
141_H-193	15.75	15.0	3.354364918739423	0.8684556201914055	0.9589041095890412
142_H-193	18.0	15.0	3.326767551387373	0.8668035261441855	0.9560439560439561
143_H-193	18.0	16.0	3.3878852834845667	0.8723456790123457	0.9555555555555556
144_H-193	16.142857142857142	16.0	3.2448865884629083	0.8187755102040816	0.9714285714285714
145_H-193	17.5	16.0	3.5708257021446688	0.8977105650073514	0.9420289855072463
146_H-193	16.0	13.0	3.1649571957533817	0.8589565562388415	0.9436619718309859
147_H-193	14.0	14.0	3.2858033983443033	0.8526222222222222	0.9866666666666667
148_H-193	14.75	14.0	3.051256323938427	0.8330864197530864	0.9666666666666667
149_H-193	20.333333333333332	17.0	3.5526100248308743	0.8859353302916089	0.9295774647887324
14_H-193	13.0	13.0	3.0597177375780076	0.816928069226609	0.9883720930232558
150_H-193	17.166666666666668	17.0	3.5200007999967404	0.8668981481481481	0.9722222222222222
151_H-193	20.75	17.0	3.611683599532236	0.8986831496909433	0.9016393442622951
152_H-193	12.5	12.0	2.8950756550946273	0.7922419460881	0.9743589743589743
153_H-193	17.0	15.0	3.345467118972472	0.8601662887377173	0.9365079365079365
154_H-193	15.5	15.0	3.5008356714576494	0.8863964108315975	0.9746835443037974
155_H-193	13.0	13.0	2.9951052267059275	0.8091159820002903	0.9879518072289156
156_H-193	16.5	15.0	3.3040619814557206	0.8521038044847569	0.9365079365079365
157_H-193	14.0	14.0	3.355847512368171	0.8663434903047091	0.9868421052631579
158_H-193	16.2	16.0	3.394786680670973	0.8556622466087487	0.9753086419753086
159_H-193	17.5	16.0	3.4294667869773794	0.8715373961218836	0.9473684210526316
15_H-193	22.0	17.0	3.6986304871194937	0.9077563975401706	0.9295774647887324
160_H-193	12.0	11.0	2.7557380160875065	0.7900028727377191	0.9491525423728814
161_H-193	15.0	15.0	3.650576768546954	0.9089506172839505	0.9861111111111112
162_H-193	18.0	15.0	3.356396458128699	0.8724489795918368	0.9523809523809523
163_H-193	16.5	15.0	3.1967225959505736	0.8341049382716049	0.9444444444444444
164_H-193	14.0	14.0	3.4364302881744915	0.879535990481856	1.0
165_H-193	18.2	18.0	3.4894901483198497	0.8539715574054805	0.978494623655914
166_H-193	12.0	12.0	3.179959821993514	0.853182104599874	1.0
167_H-193	14.0	14.0	3.0884626811870226	0.8081717451523546	0.9868421052631579
168_H-193	15.5	15.0	3.344069808139427	0.8681519357195032	0.9594594594594594
169_H-193	19.142857142857142	17.0	3.3890838862975703	0.8507653061224489	0.8928571428571429
16_H-193	18.0	15.0	3.5305987037325393	0.8959957000806235	0.9344262295081968
170_H-193	13.25	13.0	3.205731906871404	0.8566389518770472	0.9682539682539683
171_H-193	17.0	16.0	3.558994766420834	0.8964474678760394	0.9365079365079365
172_H-193	14.75	14.0	3.2328603580256163	0.851643598615917	0.9558823529411765
173_H-193	17.2	17.0	3.640645415387857	0.8968159598361739	0.9770114942528736
174_H-193	15.25	15.0	3.461602855798284	0.877701047003787	0.9701492537313433
175_H-193	15.2	15.0	3.4494005904550002	0.8821825941167505	0.9753086419753086
176_H-193	21.2	17.0	3.1868846043412202	0.8061111111111111	0.8833333333333333
177_H-193	13.25	13.0	3.2332576419819525	0.865916955017301	0.9705882352941176
178_H-193	18.5	16.0	3.128034978855492	0.8061550009382623	0.9315068493150684
179_H-193	17.5	15.0	3.1670357295129454	0.8439403486662466	0.927536231884058
17_H-193	12.0	12.0	3.079525236109159	0.8350295857988166	0.9846153846153847
180_H-193	15.0	15.0	3.4160554947134405	0.8636638087187538	0.989010989010989
181_H-193	14.75	14.0	3.1354891972792367	0.8171900826446281	0.9454545454545454
182_H-193	15.0	15.0	3.308042426981854	0.845625	0.9875
183_H-193	16.2	16.0	3.5678904314665507	0.8861224489795918	0.9714285714285714
184_H-193	13.2	13.0	3.2702118237345736	0.8654545454545455	0.9636363636363636
185_H-193	15.0	15.0	3.6070954054396758	0.8971606648199446	1.0
186_H-193	18.5	16.0	3.3357881967624725	0.852157943067034	0.9242424242424242
187_H-193	14.0	14.0	3.270750439067125	0.8556250000000001	0.9875
188_H-193	11.0	11.0	2.6705885927950956	0.7657210870858957	0.9859154929577465
189_H-193	15.2	15.0	3.560589407259326	0.8975026014568158	0.967741935483871
18_H-193	13.0	13.0	3.1071176287283873	0.8316444444444444	0.9866666666666667
190_H-193	17.25	17.0	3.5552232669319572	0.8715343300914501	0.9759036144578314
191_H-193	16.0	16.0	3.249736985864999	0.8325925925925926	0.9888888888888889
192_H-193	16.6	16.0	3.51909872913349	0.8867884898130645	0.9565217391304348
193_H-193	14.0	14.0	3.283441123878399	0.8531510107015458	0.9827586206896551
194_H-193	14.2	14.0	3.2909116059611683	0.85888671875	0.96875
195_H-193	15.333333333333334	15.0	3.3316599642669114	0.85374031679963	0.978494623655914
196_H-193	18.333333333333332	15.0	3.1588432948706706	0.8345507669831994	0.9324324324324325
197_H-193	16.166666666666668	16.0	3.538413727526515	0.8836505190311419	0.9705882352941176
198_H-193	17.0	15.0	3.222763046544544	0.8535339962375705	0.9180327868852459
199_H-193	16.75	16.0	3.3660961938787426	0.8610537190082644	0.9659090909090909
19_H-193	16.0	15.0	3.431980471525424	0.8833487226839027	0.9298245614035088
1_H-193	11.333333333333334	11.0	3.0576048849480366	0.851063829787234	0.9574468085106383
200_H-193	16.75	16.0	3.2312443950268106	0.8332409972299168	0.968421052631579
201_H-193	14.2	14.0	2.9850291902939574	0.7854222222222222	0.9733333333333334
202_H-193	16.5	15.0	3.037716464259178	0.7990362811791383	0.9523809523809523
203_H-193	14.25	14.0	3.0909368566320694	0.8190824569425392	0.9753086419753086
204_H-193	16.0	15.0	3.2592647743497274	0.8505047268066015	0.9620253164556962
205_H-193	13.6	13.0	2.9376521579471024	0.80908203125	0.953125
206_H-193	16.2	16.0	3.469264237618841	0.8634439741590555	0.9701492537313433
207_H-193	13.0	12.0	3.113065744722077	0.8433162892622352	0.972972972972973
208_H-193	18.0	15.0	3.226986063820582	0.8322566273112052	0.9402985074626866
209_H-193	19.0	16.0	3.4411730341360194	0.8718333646087446	0.9452054794520548
20_H-193	15.333333333333334	15.0	3.2579666242772904	0.8420653957833607	0.9775280898876404
210_H-193	16.5	14.0	3.241702750877849	0.8609467455621301	0.9038461538461539
211_H-193	18.75	15.0	2.930419320711848	0.7819113388282468	0.9104477611940298
212_H-193	14.6	14.0	3.109484439810996	0.8218694885361553	0.9523809523809523
213_H-193	13.6	13.0	2.9634673893280756	0.7949245541838135	0.9444444444444444
214_H-193	18.0	15.0	3.436964939172411	0.8756771039767473	0.9655172413793104
215_H-193	14.0	14.0	3.1483678137903826	0.8231952662721893	0.9846153846153847
216_H-193	15.5	15.0	3.0203937198334914	0.7813484562066793	0.9565217391304348
217_H-193	20.333333333333332	17.0	3.441208724034599	0.8732897085068412	0.9390243902439024
218_H-193	18.333333333333332	15.0	2.8581584919594416	0.7450902598690736	0.9295774647887324
219_H-193	19.75	16.0	3.0917621367933337	0.81621535010415	0.9240506329113924
21_H-193	17.0	15.0	3.255959674696063	0.8440888888888889	0.9466666666666667
220_H-193	13.5	12.0	3.077526021771864	0.845	0.95
221_H-193	16.0	16.0	3.3489154489828388	0.8383673469387755	0.9857142857142858
222_H-193	14.6	14.0	3.2137844261931585	0.8399234693877551	0.9464285714285714
223_H-193	17.428571428571427	17.0	3.387762942286524	0.8589319470699432	0.967391304347826
224_H-193	13.25	13.0	3.1348328177588356	0.8494411571334648	0.9743589743589743
225_H-193	14.166666666666666	14.0	3.291543740548808	0.8594463853802741	0.9672131147540983
226_H-193	14.166666666666666	14.0	3.090875851601789	0.8152965660770031	0.967741935483871
227_H-193	14.75	14.0	3.2187354477552685	0.8395592582639075	0.9508196721311475
228_H-193	15.0	15.0	3.461277256943592	0.8711111111111112	0.9866666666666667
229_H-193	14.25	14.0	3.372639197914662	0.8687158862395863	0.9661016949152542
22_H-193	14.5	14.0	3.324851160939224	0.8613248264214675	0.9726027397260274
230_H-193	19.0	17.0	3.5728608217671325	0.8844661831674818	0.948051948051948
231_H-193	14.0	14.0	3.160305709594967	0.825679012345679	0.9888888888888889
232_H-193	18.5	16.0	3.365852855727187	0.8663313519280598	0.9382716049382716
233_H-193	17.5	16.0	3.1979504438326014	0.8223140495867769	0.9545454545454546
234_H-193	12.0	12.0	3.1667001637645775	0.8542899408284024	1.0
235_H-193	14.0	14.0	3.3016312784468766	0.8533333333333333	0.9866666666666667
236_H-193	17.11111111111111	17.0	3.393241483823902	0.8501333333333334	0.9733333333333334
237_H-193	13.0	10.0	2.9007826628685516	0.8365776369397917	0.9361702127659575
238_H-193	23.0	17.0	3.4032964662660485	0.850734188923575	0.956989247311828
239_H-193	13.0	13.0	3.301810649421898	0.8701961838215533	0.9836065573770492
23_H-193	13.2	13.0	3.2004040760419716	0.8520540074691181	0.9661016949152542
240_H-193	15.5	14.0	3.3462655037911953	0.88	0.96
241_H-193	13.25	13.0	2.902579998156066	0.7811418685121108	0.9705882352941176
242_H-193	16.0	15.0	3.390279829173008	0.8706127305175491	0.9634146341463414
243_H-193	18.0	15.0	3.3115446726143523	0.851413543721236	0.9615384615384616
244_H-193	17.5	17.0	3.3990864628823934	0.8502556610664719	0.9594594594594594
245_H-193	16.5	15.0	3.200499640930686	0.8239011778224647	0.9322033898305084
246_H-193	11.0	11.0	3.035656734371462	0.8433922996878251	0.9838709677419355
247_H-193	13.2	13.0	3.0881605937198455	0.8293469497446923	0.9672131147540983
248_H-193	15.5	14.0	3.258671392354404	0.861842105263158	0.9605263157894737
249_H-193	15.0	14.0	2.9608365058183144	0.7915512465373962	0.9605263157894737
24_H-193	13.6	13.0	2.9973697622369833	0.8088888888888889	0.95
250_H-193	21.0	18.0	3.28209615723159	0.8275862068965517	0.9310344827586207
251_H-193	15.0	15.0	3.3167771062359632	0.8504597079502434	0.9883720930232558
252_H-193	16.857142857142858	16.0	3.1588905089358756	0.8305995064595733	0.9518072289156626
253_H-193	16.0	16.0	3.543581968577817	0.8741349480968859	0.9852941176470589
254_H-193	15.25	15.0	3.2873120933723188	0.8362664290487859	0.9701492537313433
255_H-193	14.0	14.0	3.2403436081937236	0.8510897729004725	0.9876543209876543
256_H-193	13.0	12.0	2.704695174726129	0.7466666666666666	0.95
257_H-193	16.5	15.0	3.484294013230681	0.8932544378698225	0.9384615384615385
258_H-193	25.0	15.0	3.4335971644856724	0.8871439006574142	0.9324324324324325
259_H-193	21.0	15.0	3.4697611944911015	0.8875739644970414	0.9487179487179487
25_H-193	14.75	14.0	3.2484182885820188	0.8637175163658004	0.9577464788732395
260_H-193	15.6	15.0	3.374713544263927	0.8618036318867344	0.9473684210526316
261_H-193	16.5	15.0	2.9753733161667704	0.7861606462429508	0.9506172839506173
262_H-193	13.75	13.0	3.116116117267431	0.8498904309715121	0.9594594594594594
263_H-193	12.0	12.0	3.064051167703138	0.8309594195108843	0.9836065573770492
264_H-193	12.333333333333334	12.0	3.167240918456224	0.86584314852054	0.9661016949152542
265_H-193	15.0	15.0	3.4160832182109764	0.8712076145151695	0.9878048780487805
266_H-193	20.0	18.0	3.2903300825751014	0.844858642023651	0.9557522123893806
267_H-193	17.6	17.0	3.259506614141225	0.811875	0.9625
268_H-193	18.2	17.0	3.447321651805535	0.8646875	0.95
269_H-193	20.0	17.0	3.5976599328265446	0.8827479338842975	0.9659090909090909
26_H-193	17.333333333333332	17.0	3.5226466753790597	0.8675103305785123	0.9772727272727273
270_H-193	12.166666666666666	12.0	2.925561688007761	0.8004613610149942	0.9607843137254902
271_H-193	14.25	14.0	3.3959975790410413	0.8831018518518519	0.9722222222222222
272_H-193	18.2	18.0	3.566762448477822	0.8746635909265668	0.9803921568627451
273_H-193	16.5	15.0	3.5533889716803726	0.8990795529257067	0.9615384615384616
274_H-193	16.857142857142858	16.0	3.0718821481279774	0.7985777777777777	0.9466666666666667
275_H-193	13.6	13.0	3.1735509457494917	0.8579072532699168	0.9482758620689655
276_H-193	16.5	15.0	3.5721522493305224	0.9009826152683296	0.9523809523809523
277_H-193	13.0	13.0	3.285467063837717	0.8662037905798461	0.9863013698630136
278_H-193	15.0	14.0	3.4345397826658544	0.8843083176077805	0.9759036144578314
279_H-193	19.0	17.0	3.650663901112369	0.90234375	0.921875
27_H-193	18.333333333333332	15.0	3.303094518819198	0.8677551020408163	0.9285714285714286
280_H-193	15.5	14.0	3.00949695348106	0.807280915744042	0.9452054794520548
281_H-193	18.75	18.0	3.661265100867517	0.8921245615899671	0.9690721649484536
282_H-193	16.333333333333332	16.0	3.568954766214703	0.890311111111111	0.9733333333333334
283_H-193	13.0	13.0	3.3189352915572417	0.8677777777777778	0.9833333333333333
284_H-193	16.5	15.0	3.5475301907379904	0.892578125	0.953125
285_H-193	18.75	15.0	3.3246325514066952	0.8629405482378071	0.8867924528301887
286_H-193	11.25	11.0	2.719100170898671	0.7741935483870968	0.967741935483871
287_H-193	17.0	14.0	3.3438018008629387	0.8817777777777778	0.9466666666666667
288_H-193	16.0	15.0	3.4282094350588466	0.8746938775510205	0.9571428571428572
289_H-193	15.5	13.0	2.6563749960507574	0.7418133214524393	0.9253731343283582
28_H-193	15.2	15.0	3.319884820800274	0.8621883656509695	0.9736842105263158
290_H-193	12.0	12.0	3.2889529374002002	0.8766569877540715	1.0
291_H-193	15.5	14.0	3.2324939641461032	0.8569303985722784	0.9634146341463414
292_H-193	12.0	12.0	2.74798330490734	0.7506098705197973	0.9863013698630136
293_H-193	17.25	17.0	3.756779790436371	0.9079552925706772	0.9743589743589743
294_H-193	18.0	13.0	3.197667478589822	0.8635116598079562	0.9074074074074074
295_H-193	16.2	16.0	3.6023853090105677	0.8974409839317595	0.971830985915493
296_H-193	17.11111111111111	17.0	3.4100647246492857	0.8682526264943847	0.978021978021978
297_H-193	15.0	12.0	2.842710005983111	0.7841322314049587	0.9272727272727272
298_H-193	14.0	13.0	2.941908985170563	0.7897805212620027	0.9814814814814815
299_H-193	14.25	14.0	3.2247301466508214	0.8388671875	0.96875
29_H-193	14.166666666666666	14.0	3.0573607703744297	0.8237476808905381	0.974025974025974
2_H-193	17.0	15.0	3.3217663594632723	0.8618827160493827	0.9444444444444444
300_H-193	14.0	13.0	3.262870948141212	0.8736912452662062	0.9552238805970149
301_H-193	21.75	18.0	3.5166023979740517	0.8818027210884354	0.9285714285714286
302_H-193	16.0	16.0	3.4588070638011637	0.8680968858131488	0.9882352941176471
303_H-193	15.5	14.0	3.148503327077755	0.8372933884297521	0.9659090909090909
304_H-193	15.0	14.0	3.2362689916936036	0.8508162882341903	0.9589041095890412
305_H-193	22.0	17.0	3.3634505241902772	0.8496900826446281	0.9431818181818182
306_H-193	15.5	15.0	3.202798340566257	0.8356290174471992	0.9545454545454546
307_H-193	15.5	14.0	3.3559677138685386	0.876734693877551	0.9571428571428572
308_H-193	14.5	13.0	3.0636020444930443	0.8203550295857989	0.9538461538461538
309_H-193	15.2	15.0	3.380799827668538	0.8653644192396555	0.9710144927536232
30_H-193	18.5	16.0	3.355156836338009	0.8598615916955017	0.9264705882352942
310_H-193	17.75	17.0	3.5283600410303557	0.8694598337950139	0.9605263157894737
311_H-193	14.0	14.0	3.1637150822524083	0.8425858290723156	0.9864864864864865
312_H-193	15.0	15.0	3.157743486709949	0.818125	0.9875
313_H-193	18.0	17.0	3.4718065034843923	0.8729971327373924	0.948051948051948
314_H-193	12.25	12.0	3.0123566423171186	0.8440467494521549	0.972972972972973
315_H-193	12.75	12.0	2.858142151341175	0.7957483481758115	0.9491525423728814
316_H-193	16.0	15.0	3.4562606409295307	0.888888888888889	0.962962962962963
317_H-193	18.0	15.0	3.548691814007978	0.8969823100936525	0.935483870967742
318_H-193	16.25	16.0	3.4351781108602575	0.8586666666666667	0.9733333333333334
319_H-193	17.428571428571427	17.0	3.625499211414399	0.8834720570749108	0.9482758620689655
31_H-193	14.5	14.0	3.5240568992004593	0.9015819345489675	0.978021978021978
320_H-193	17.5	17.0	3.5341965585801725	0.8787436084733382	0.9594594594594594
321_H-193	20.75	17.0	3.3180183347767893	0.85375	0.925
322_H-193	16.5	15.0	3.32543224823648	0.8631897203325775	0.9365079365079365
323_H-193	15.0	15.0	3.3875535267291617	0.8625283446712018	1.0
324_H-193	17.0	16.0	3.2872972804588882	0.8451557093425606	0.9411764705882353
325_H-193	11.5	11.0	3.0720464954552162	0.8526785714285714	0.9642857142857143
326_H-193	15.75	15.0	3.396708629561801	0.8803555555555556	0.96
327_H-193	18.2	17.0	3.227264189126618	0.831604938271605	0.9555555555555556
328_H-193	19.0	17.0	3.4531035300507797	0.8574401664932363	0.9193548387096774
329_H-193	17.0	16.0	3.5329967094684673	0.8866435986159169	0.9647058823529412
32_H-193	16.0	15.0	3.460880426560954	0.8879026955950032	0.9615384615384616
330_H-193	19.333333333333332	16.0	3.4461326533432555	0.870748299319728	0.9206349206349207
331_H-193	17.428571428571427	17.0	3.5540181513174423	0.8771597633136095	0.9538461538461538
332_H-193	19.0	14.0	2.9716260517917528	0.8052930056710774	0.927536231884058
333_H-193	15.5	14.0	3.343407696891398	0.8765432098765432	0.9259259259259259
334_H-193	17.0	14.0	3.4296673763059293	0.8906064209274673	0.9310344827586207
335_H-193	10.333333333333334	10.0	2.9391167779650003	0.8429752066115703	0.9545454545454546
336_H-193	11.5	11.0	3.0888053734840852	0.8589004229142637	0.9607843137254902
337_H-193	15.6	15.0	3.2441893566352356	0.8466879339463315	0.9589041095890412
338_H-193	16.0	14.0	3.247986726454105	0.8608473338203069	0.9459459459459459
339_H-193	26.5	16.0	3.3489885943627105	0.8616024973985432	0.8870967741935484
33_H-193	16.25	16.0	3.657567509258738	0.9030190588632147	0.974025974025974
340_H-193	16.166666666666668	16.0	3.406441642436772	0.8723456790123457	0.9777777777777777
341_H-193	14.75	14.0	3.2567694829980156	0.8583984375	0.953125
342_H-193	15.125	15.0	3.2924887729999592	0.8428612467681701	0.9661016949152542
343_H-193	15.0	12.0	2.7779921715597595	0.7945501730103806	0.9411764705882353
344_H-193	16.5	16.0	3.223543286753342	0.8256172839506173	0.9583333333333334
345_H-193	17.5	17.0	3.5209773355607745	0.8729592794145242	0.9589041095890412
346_H-193	15.6	15.0	3.339492446877356	0.8577514792899408	0.9538461538461538
347_H-193	15.25	15.0	3.446037591835005	0.8777439512898574	0.9746835443037974
348_H-193	17.2	16.0	3.5188031953789376	0.8858654572940288	0.9365079365079365
349_H-193	17.0	16.0	3.325759656251108	0.8400000000000001	0.9333333333333333
34_H-193	17.0	15.0	3.230491069967628	0.8485667928610059	0.9534883720930233
350_H-193	15.75	15.0	3.2641114373081863	0.8402762307863667	0.9552238805970149
351_H-193	15.0	14.0	3.4167741353588563	0.8823688480259599	0.9767441860465116
352_H-193	15.5	15.0	3.114164044122364	0.8148283418553689	0.9594594594594594
353_H-193	13.2	13.0	3.0717218612399897	0.8293877551020408	0.9714285714285714
354_H-193	12.166666666666666	12.0	2.844492308310227	0.7791495198902606	0.962962962962963
355_H-193	15.6	15.0	3.2739370325007013	0.8465306122448979	0.9571428571428572
356_H-193	15.25	15.0	3.4767739878999855	0.881591292925502	0.9726027397260274
357_H-193	13.0	12.0	2.9106621506525636	0.7934933544931562	0.971830985915493
358_H-193	16.375	16.0	3.4574445552087902	0.8800672127704263	0.9565217391304348
359_H-193	14.2	14.0	3.053158039956824	0.8193409922989522	0.9775280898876404
35_H-193	12.2	12.0	2.913013581897818	0.8135904499540862	0.9696969696969697
360_H-193	14.0	14.0	3.2620653570703246	0.8540249433106576	0.9880952380952381
361_H-193	16.2	15.0	3.0740544371213234	0.8257725180802103	0.9487179487179487
362_H-193	19.0	13.0	2.947635119481266	0.8074845679012346	0.9444444444444444
363_H-193	16.857142857142858	16.0	3.5522854362702128	0.8912396694214876	0.9272727272727272
364_H-193	17.0	17.0	3.513983015988138	0.8683737024221454	0.9882352941176471
365_H-193	12.0	12.0	3.1030322462494246	0.8417916186082276	1.0
366_H-193	15.75	15.0	2.8999288206561924	0.75	0.9625
367_H-193	14.2	14.0	3.307494542038545	0.8668914897837731	0.971830985915493
368_H-193	15.2	15.0	3.327953524460705	0.8533333333333333	0.9733333333333334
369_H-193	18.5	16.0	3.414343456243123	0.8809523809523809	0.9404761904761905
36_H-193	17.0	16.0	3.585520617495193	0.8897058823529411	0.9558823529411765
370_H-193	15.333333333333334	15.0	3.0495091603015805	0.7823800131492439	0.9743589743589743
371_H-193	15.2	14.0	3.0722327905297186	0.8282871972318339	0.9411764705882353
372_H-193	18.0	16.0	3.254788383420237	0.8500590318772137	0.935064935064935
373_H-193	18.5	16.0	3.0086266968475854	0.770085300535608	0.9295774647887324
374_H-193	16.0	14.0	3.1667130019262446	0.8416955017301038	0.9411764705882353
375_H-193	17.5	16.0	3.2070846262218273	0.8170666666666666	0.9466666666666667
376_H-193	14.0	14.0	3.1584327373472014	0.829639889196676	0.9868421052631579
377_H-193	19.0	16.0	3.4553894866781834	0.8683737024221453	0.9647058823529412
378_H-193	16.5	16.0	3.472499583209727	0.8691212039774254	0.9508196721311475
379_H-193	21.0	16.0	3.2955925889730255	0.8451676528599605	0.9358974358974359
37_H-193	13.0	13.0	2.968199689246435	0.7914792899408284	0.9846153846153847
380_H-193	15.0	14.0	3.01422496394221	0.8062128030193061	0.963855421686747
381_H-193	16.6	16.0	3.537418499159908	0.8853806228373703	0.9558823529411765
382_H-193	15.0	15.0	3.2777499142305033	0.8366666666666667	0.9833333333333333
383_H-193	13.0	13.0	3.1685211351088047	0.8442906574394464	0.9852941176470589
384_H-193	12.0	12.0	3.0605956669501477	0.8419632315736212	0.987012987012987
385_H-193	15.5	14.0	3.1770755018151084	0.8342047562826783	0.961038961038961
386_H-193	10.0	10.0	2.9434298722498013	0.84130859375	0.984375
387_H-193	16.5	15.0	3.5158431655909865	0.8939112835216732	0.961038961038961
388_H-193	15.0	15.0	3.542664326078974	0.8923130193905817	0.9868421052631579
389_H-193	16.0	15.0	3.3734284997752884	0.8658284856445863	0.9589041095890412
38_H-193	15.6	15.0	3.4016659578952044	0.876413410037691	0.9577464788732395
390_H-193	16.0	14.0	3.3081144541016583	0.8720703125	0.9375
391_H-193	11.0	11.0	2.831555804869972	0.7883356476889506	1.0
392_H-193	16.75	16.0	3.4465457042151644	0.8708086785009862	0.9615384615384616
393_H-193	11.0	11.0	2.936655418157682	0.8271484375	0.984375
394_H-193	16.75	16.0	3.4242660134157106	0.8715986394557823	0.9642857142857143
395_H-193	16.2	16.0	3.718484733468875	0.9134404674945216	0.972972972972973
396_H-193	16.5	15.0	3.3683428476306108	0.8683333333333334	0.9333333333333333
397_H-193	15.75	15.0	3.3418680953372344	0.8532778355879292	0.9516129032258065
398_H-193	15.0	15.0	3.4961851196719937	0.8815192743764173	1.0
399_H-193	17.375	17.0	3.469845356098456	0.8643350412118512	0.9552238805970149
39_H-193	16.0	15.0	3.4164928903455607	0.8712192816635161	0.9782608695652174
3_H-193	15.0	15.0	3.4582807227554615	0.8832	1.0
400_H-193	14.142857142857142	14.0	3.088917155113662	0.803939673745768	0.9649122807017544
401_H-193	15.6	15.0	3.416587979914061	0.8755739210284665	0.9545454545454546
402_H-193	12.0	12.0	3.0825282416251714	0.8497229916897506	0.9868421052631579
403_H-193	14.0	14.0	3.4211023812123087	0.8736912452662062	0.9850746268656716
404_H-193	16.2	16.0	3.4358620589441013	0.8739100346020761	0.9764705882352941
405_H-193	22.0	17.0	3.3779199431466447	0.8561308821049081	0.922077922077922
406_H-193	13.0	13.0	3.0385093716363087	0.8159097016930932	0.9836065573770492
407_H-193	14.6	14.0	3.0796979441491983	0.8083848427841979	0.9508196721311475
408_H-193	15.75	15.0	3.3824962543394075	0.878125	0.9625
409_H-193	12.0	12.0	3.0628479961041495	0.8267967723775568	1.0
40_H-193	17.6	17.0	3.495010111175851	0.8654222222222222	0.96
410_H-193	18.0	17.0	3.59130923991735	0.8875739644970414	0.967032967032967
411_H-193	12.0	12.0	3.1024338533056746	0.8444159589809326	0.9873417721518988
412_H-193	18.0	16.0	3.3732214356139143	0.8708448753462604	0.9342105263157895
413_H-193	18.5	17.0	3.6250292208045027	0.8909892879647133	0.9420289855072463
414_H-193	16.0	13.0	3.283833471152081	0.8714416896235078	0.9545454545454546
415_H-193	20.0	17.0	3.551837154802287	0.8764684941260235	0.8867924528301887
416_H-193	16.0	15.0	3.1576245392257034	0.8355102040816327	0.9428571428571428
417_H-193	13.25	13.0	3.3832252755706205	0.8868312757201646	0.962962962962963
418_H-193	10.0	10.0	2.7058074239247847	0.779375	1.0
419_H-193	17.0	15.0	3.219523077853071	0.8386476526197725	0.9493670886075949
41_H-193	18.5	17.0	3.2641121182649573	0.8242645938119189	0.9506172839506173
420_H-193	14.5	13.0	3.0507635701207936	0.8241505968778696	0.9545454545454546
421_H-193	14.0	14.0	3.5339454557425594	0.8999644001423994	0.9811320754716981
422_H-193	18.5	17.0	3.5088544820837186	0.8738425925925926	0.9444444444444444
423_H-193	15.25	15.0	3.2997186661886766	0.8500986193293885	0.9743589743589743
424_H-193	17.0	14.0	3.0903345601452177	0.8261504747991234	0.9459459459459459
425_H-193	20.333333333333332	17.0	3.2762174278935494	0.8259297520661157	0.9431818181818182
426_H-193	18.0	15.0	3.18169362224003	0.8313609467455622	0.8846153846153846
427_H-193	13.0	13.0	3.3095293815213487	0.8663911845730028	0.9848484848484849
428_H-193	15.75	15.0	3.2317764355511285	0.8326530612244898	0.9571428571428572
429_H-193	16.375	16.0	3.283708961416907	0.8442860325239474	0.9552238805970149
42_H-193	17.0	15.0	3.1118146658521386	0.8120888888888889	0.9466666666666667
430_H-193	16.6	16.0	3.5135938394039274	0.8783287419651056	0.9545454545454546
431_H-193	11.2	11.0	2.750137911094749	0.7831968672125311	0.9622641509433962
432_H-193	13.0	12.0	2.7568574988156813	0.763416477702192	0.9523809523809523
433_H-193	11.333333333333334	11.0	3.007396243337538	0.8422496570644719	0.962962962962963
434_H-193	15.333333333333334	15.0	3.356840910172168	0.8646298756188866	0.978021978021978
435_H-193	20.0	15.0	3.0669639274172384	0.8227146814404432	0.9210526315789473
436_H-193	12.5	12.0	3.0613615938807683	0.8365547006943141	0.9726027397260274
437_H-193	15.0	14.0	3.144098102382094	0.8334383532871246	0.9565217391304348
438_H-193	20.5	18.0	3.492228197291583	0.8579254930606282	0.9324324324324325
439_H-193	13.25	13.0	3.114535332241127	0.8391192223765126	0.971830985915493
43_H-193	15.5	14.0	3.175145206420517	0.8394768133174791	0.9310344827586207
440_H-193	22.0	16.0	3.5023368624639764	0.8846913580246913	0.9555555555555556
441_H-193	14.25	14.0	3.097904000643987	0.8048907388137357	0.967741935483871
442_H-193	22.0	16.0	3.4967574006537485	0.8792385484830458	0.9512195121951219
443_H-193	16.0	16.0	3.604796293461392	0.8966039641459412	1.0
444_H-193	16.428571428571427	16.0	3.292389855086258	0.8490470568392646	0.961038961038961
445_H-193	20.0	14.0	3.1658413128162497	0.8382526564344746	0.948051948051948
446_H-193	16.0	14.0	3.2772360231114543	0.8703733376061529	0.9493670886075949
447_H-193	12.0	12.0	3.063410183812847	0.8293469497446924	1.0
448_H-193	16.6	16.0	3.559087708329573	0.8851954447522314	0.9473684210526316
449_H-193	16.5	15.0	3.2235324823806235	0.8354063518898683	0.967032967032967
44_H-193	14.75	14.0	3.032449657010267	0.7975206611570247	0.9545454545454546
450_H-193	15.75	15.0	3.4224621252593757	0.878698224852071	0.9615384615384616
451_H-193	14.0	14.0	3.405220888217936	0.875	0.9821428571428571
452_H-193	14.142857142857142	14.0	3.2071170792911925	0.8492307692307692	0.9692307692307692
453_H-193	13.333333333333334	13.0	3.2091823803774213	0.8572530864197531	0.9722222222222222
454_H-193	14.6	14.0	3.2807494961792667	0.8677551020408163	0.9571428571428572
455_H-193	16.25	16.0	3.406102841677787	0.8636621315192744	0.9761904761904762
456_H-193	14.2	14.0	3.1912151180485653	0.8371428571428572	0.9714285714285714
457_H-193	19.0	16.0	3.573032164145533	0.8888888888888888	0.9705882352941176
458_H-193	15.333333333333334	15.0	3.4486595253392314	0.8861546782044348	0.9767441860465116
459_H-193	13.166666666666666	13.0	3.1213148712235785	0.8376932223543401	0.9655172413793104
45_H-193	18.0	16.0	3.4023602255014307	0.8685433884297521	0.9545454545454546
460_H-193	16.2	15.0	3.410691855384336	0.8814834721848965	0.9344262295081968
461_H-193	17.0	12.0	2.4739634473091763	0.6982310093652446	0.9193548387096774
462_H-193	14.75	14.0	3.2429240419281333	0.8551020408163266	0.9571428571428572
463_H-193	20.333333333333332	17.0	3.408494814175298	0.86	0.9375
464_H-193	18.2	17.0	3.6003338610316775	0.8926223520818115	0.9459459459459459
465_H-193	17.75	17.0	3.5803816178107923	0.8835122576510175	0.9620253164556962
466_H-193	17.0	14.0	3.2966232304094274	0.8608473338203068	0.9594594594594594
467_H-193	16.0	15.0	3.3581455068636408	0.8723456790123457	0.9666666666666667
468_H-193	16.75	16.0	3.313086440887014	0.8369300056295741	0.9589041095890412
469_H-193	16.5	15.0	3.1764102707627573	0.8225806451612904	0.935483870967742
46_H-193	15.0	14.0	2.8652763407503783	0.7680785123966942	0.9659090909090909
470_H-193	16.333333333333332	16.0	3.3787901341212527	0.8460884353741496	0.9761904761904762
471_H-193	14.2	14.0	3.172345256685622	0.8422090729783037	0.9743589743589743
472_H-193	18.5	16.0	3.268002064138501	0.8456738067127678	0.935064935064935
473_H-193	18.5	17.0	3.5206373521175722	0.8786436644854253	0.9512195121951219
474_H-193	16.5	16.0	3.204801694108668	0.8260207612456748	0.9647058823529412
475_H-193	17.5	16.0	3.3247148033049427	0.843265306122449	0.9428571428571428
476_H-193	17.333333333333332	14.0	3.0148190237114214	0.8113165515705056	0.9253731343283582
477_H-193	15.0	14.0	3.1617779418662955	0.8422496570644719	0.9259259259259259
478_H-193	13.166666666666666	13.0	3.2626272271615857	0.8658208381391772	0.9607843137254902
479_H-193	15.2	14.0	3.205843556539403	0.86181640625	0.9375
47_H-193	21.0	15.0	3.3917104396520195	0.8743608473338204	0.9459459459459459
480_H-193	16.0	15.0	3.4233138512838774	0.8705234159779615	0.9545454545454546
481_H-193	16.6	16.0	3.4165401373737505	0.8607266435986158	0.9558823529411765
482_H-193	14.25	14.0	3.3099912896652075	0.859504132231405	0.9696969696969697
483_H-193	15.5	14.0	2.8708309048414398	0.7704888888888889	0.9466666666666667
484_H-193	14.333333333333334	14.0	3.2444431049557894	0.8526885982296208	0.9770114942528736
485_H-193	14.166666666666666	14.0	3.216759319235791	0.8556321102387439	0.9746835443037974
486_H-193	17.142857142857142	17.0	3.5087052703287314	0.8673822714681441	0.9736842105263158
487_H-193	15.166666666666666	15.0	3.2592952582539496	0.8384940966807752	0.9701492537313433
488_H-193	18.0	16.0	3.550292659616669	0.8910204081632653	0.9428571428571428
489_H-193	12.0	12.0	3.2142657185164913	0.8662045788699853	0.9855072463768116
48_H-193	15.0	15.0	3.2203815489498324	0.8310212709737086	0.9885057471264368
490_H-193	13.2	13.0	2.981273669299389	0.806090203964378	0.9661016949152542
491_H-193	16.6	16.0	3.2724139803875745	0.8263888888888888	0.9583333333333334
492_H-193	20.0	15.0	3.2948599713823676	0.8620754362919872	0.9315068493150684
493_H-193	14.0	14.0	3.3899081419156376	0.8688888888888889	1.0
494_H-193	23.5	16.0	3.4723912915569817	0.887509130752374	0.9189189189189189
495_H-193	10.0	10.0	3.0053231437652435	0.8445848893995977	1.0
496_H-193	14.166666666666666	14.0	3.313673340517299	0.8559670781893004	0.962962962962963
497_H-193	15.125	15.0	3.1426366679044073	0.8319777821860742	0.971830985915493
498_H-193	15.0	15.0	3.353863529495628	0.8539715574054804	1.0
499_H-193	14.25	14.0	3.1811766332123965	0.837045345297228	0.9746835443037974
49_H-193	14.6	14.0	3.1518021026016996	0.8340270551508845	0.9516129032258065
4_H-193	13.0	12.0	3.1485147848088495	0.8575548790257972	0.9746835443037974
500_H-193	19.428571428571427	19.0	3.7949171699158217	0.9074955383700178	0.9634146341463414
501_H-193	22.5	15.0	3.2906598131484976	0.8525700215450909	0.8947368421052632
502_H-193	16.0	15.0	2.9860474234934333	0.7801183431952663	0.9384615384615385
503_H-193	15.25	15.0	3.423159983567426	0.8750173010380623	0.9764705882352941
504_H-193	18.0	16.0	3.437368941588809	0.87146614069691	0.9487179487179487
505_H-193	18.0	16.0	3.5029358945104625	0.8879012345679013	0.9555555555555556
506_H-193	19.333333333333332	16.0	3.103856855525568	0.8008331998077232	0.9367088607594937
507_H-193	16.75	16.0	3.616247373532391	0.9007232084155161	0.9615384615384616
508_H-193	13.0	13.0	3.154376577640578	0.8313702958919851	1.0
509_H-193	19.0	14.0	3.2399039014730153	0.8585017835909632	0.9137931034482758
50_H-193	15.25	15.0	3.31280519135892	0.8495252008765521	0.972972972972973
510_H-193	14.0	14.0	3.1331174573496523	0.81298828125	0.984375
511_H-193	16.6	16.0	3.4242423291241084	0.8759413396749901	0.9655172413793104
512_H-193	15.0	15.0	3.4778738949797745	0.87525826446281	0.9886363636363636
513_H-193	16.0	14.0	3.2441381863152956	0.8572781065088757	0.9384615384615385
514_H-193	17.2	16.0	3.364854903557761	0.8585858585858586	0.9393939393939394
515_H-193	13.0	13.0	2.9477602108912273	0.7906008328375966	0.9878048780487805
516_H-193	13.0	13.0	3.34244383205278	0.8742283950617284	0.9861111111111112
517_H-193	16.5	15.0	3.370420859810603	0.8657648283038502	0.935483870967742
518_H-193	14.0	13.0	3.2267970296442217	0.8553719008264462	0.9772727272727273
519_H-193	16.0	16.0	3.346219053138729	0.8414127423822715	1.0
51_H-193	16.2	16.0	3.4827642778529055	0.8696128560993426	0.972972972972973
520_H-193	17.5	17.0	3.6339630703288313	0.8901132537496174	0.9797979797979798
521_H-193	16.2	16.0	3.403934368197787	0.8602607709750567	0.9761904761904762
522_H-193	15.333333333333334	15.0	3.2785379547093454	0.8395201448619285	0.9787234042553191
523_H-193	15.5	15.0	3.2768204841880353	0.8466666666666667	0.95
524_H-193	15.25	15.0	3.2964628246470267	0.8449991566874684	0.974025974025974
525_H-193	15.25	15.0	3.419886798731307	0.8746938775510205	0.9714285714285714
526_H-193	16.6	16.0	3.4526351718058255	0.8789411064842356	0.9634146341463414
527_H-193	12.0	12.0	3.068081979225043	0.8351186725477842	0.9855072463768116
528_H-193	14.5	14.0	3.245704499846608	0.850909090909091	0.9454545454545454
529_H-193	15.75	15.0	3.454542079007857	0.886259040105194	0.9615384615384616
52_H-193	14.25	14.0	3.422400560712077	0.8861340679522498	0.9696969696969697
530_H-193	18.0	16.0	3.336600340868551	0.8403979238754324	0.9411764705882353
531_H-193	17.2	16.0	3.320634721624979	0.8653287197231834	0.9529411764705882
532_H-193	13.333333333333334	13.0	3.254849094077745	0.8710142605351706	0.9746835443037974
533_H-193	14.25	14.0	3.1574461286485813	0.8241420118343195	0.9692307692307692
534_H-193	15.5	15.0	3.422375187416385	0.8721644612476371	0.9782608695652174
535_H-193	15.0	15.0	3.2350923501403304	0.828407062090855	0.9859154929577465
536_H-193	14.166666666666666	14.0	3.3505524077220277	0.8730489073881373	0.967741935483871
537_H-193	14.5	14.0	3.4314095112258474	0.8834375	0.975
538_H-193	13.5	13.0	2.9691413643272613	0.7966468361276365	0.9767441860465116
539_H-193	16.166666666666668	16.0	3.4178821632878336	0.8652459541740105	0.9746835443037974
53_H-193	13.333333333333334	13.0	3.2094418102956404	0.8535353535353536	0.9696969696969697
540_H-193	14.0	13.0	3.1959286248555054	0.8586545729402872	0.9523809523809523
541_H-193	18.0	15.0	3.1094644753269756	0.8094856593494633	0.9493670886075949
542_H-193	20.0	15.0	3.0981892274828087	0.8341412742382271	0.9210526315789473
543_H-193	13.0	13.0	3.0170860038726497	0.8091159820002902	0.9879518072289156
544_H-193	12.0	12.0	3.216754227393414	0.8607435412728418	0.9855072463768116
545_H-193	17.75	17.0	3.71460153497824	0.9061634349030471	0.9605263157894737
546_H-193	15.2	15.0	3.4157098671371697	0.8712455366519639	0.9710144927536232
547_H-193	13.25	13.0	3.0968715286002277	0.8393813206424747	0.975609756097561
548_H-193	12.333333333333334	12.0	3.2173899391256846	0.868	0.96
549_H-193	12.333333333333334	12.0	3.05301752330777	0.8294444444444444	0.9666666666666667
54_H-193	10.0	10.0	2.4920886711003205	0.7199080723929905	0.9830508474576272
550_H-193	19.0	17.0	3.5183585809530378	0.8765625	0.95
551_H-193	19.333333333333332	16.0	3.140296644050292	0.8177437641723356	0.9404761904761905
552_H-193	15.0	14.0	3.09730868770151	0.8236318769052111	0.963855421686747
553_H-193	17.333333333333332	17.0	3.5277503130739993	0.8703512396694215	0.9772727272727273
554_H-193	15.0	14.0	3.2963284217795468	0.866691015339664	0.9594594594594594
555_H-193	18.5	17.0	3.474649790088943	0.8741471911743359	0.9518072289156626
556_H-193	16.0	15.0	3.355031250600509	0.8641468421688202	0.967032967032967
557_H-193	17.166666666666668	17.0	3.8225618343629155	0.9191176470588235	0.9705882352941176
558_H-193	16.75	16.0	3.557939503658261	0.8880487292585592	0.9565217391304348
559_H-193	17.0	15.0	3.4072418960773385	0.8775951557093425	0.9411764705882353
55_H-193	20.0	15.0	2.9520343060519507	0.7817225509533201	0.9358974358974359
560_H-193	15.0	15.0	3.3552789778514946	0.8649584487534626	0.9868421052631579
561_H-193	15.75	15.0	3.166823366152482	0.8227146814404432	0.9605263157894737
562_H-193	15.166666666666666	15.0	3.291652121533667	0.8504273504273504	0.9743589743589743
563_H-193	13.0	13.0	3.24236939974317	0.8591820987654321	0.9861111111111112
564_H-193	14.0	14.0	3.153158139549862	0.8256	0.9866666666666667
565_H-193	13.6	13.0	3.1299848984931806	0.8437166251334995	0.9433962264150944
566_H-193	16.5	14.0	2.945229322844905	0.7978982923625446	0.9315068493150684
567_H-193	18.0	16.0	3.6335737417982057	0.904582424122198	0.9436619718309859
568_H-193	16.5	15.0	3.4358788390016017	0.8770775623268698	0.9605263157894737
569_H-193	15.0	15.0	3.503447132369287	0.8803845791309266	0.9902912621359223
56_H-193	18.428571428571427	17.0	3.4337437228153083	0.8555012927319736	0.9152542372881356
570_H-193	16.166666666666668	16.0	3.2918333699720432	0.8474038842647641	0.9770114942528736
571_H-193	16.0	14.0	3.029862034819647	0.8236226714229092	0.9540229885057472
572_H-193	12.0	12.0	2.9272865300242943	0.8060486522024983	0.9871794871794872
573_H-193	15.0	15.0	3.6060066023253055	0.9022485207100591	1.0
574_H-193	17.5	17.0	3.701929121656379	0.9010881286148417	0.9801980198019802
575_H-193	16.75	16.0	3.036179981019368	0.7869822485207101	0.9711538461538461
576_H-193	14.0	14.0	3.305045321930801	0.8571864045115074	0.9876543209876543
577_H-193	18.6	18.0	3.498989839764712	0.8605395518975766	0.962962962962963
578_H-193	14.25	14.0	3.175164067513011	0.831275720164609	0.9753086419753086
579_H-193	16.0	16.0	3.5445716817020334	0.8808864265927978	0.9894736842105263
57_H-193	16.75	16.0	3.2971213009513396	0.8372992266508031	0.9634146341463414
580_H-193	15.0	13.0	3.068496799601773	0.8244927020291919	0.9245283018867925
581_H-193	14.5	14.0	3.236221133789571	0.8418522672648614	0.9746835443037974
582_H-193	17.2	16.0	3.3636452306211506	0.860516107269354	0.948051948051948
583_H-193	12.0	12.0	3.2714149756591286	0.8771555555555555	1.0
584_H-193	15.5	15.0	3.417740596689601	0.8690914917481173	0.9746835443037974
585_H-193	17.5	16.0	3.3244737529230974	0.8561384532179557	0.9534883720930233
586_H-193	17.6	17.0	3.544987734001043	0.8737660155429532	0.9565217391304348
587_H-193	17.0	15.0	2.9902515609139004	0.789799267769221	0.9550561797752809
588_H-193	14.0	14.0	3.3059859927772997	0.8623046875	0.984375
589_H-193	16.166666666666668	16.0	3.464142990941756	0.8743464327879913	0.974025974025974
58_H-193	10.0	10.0	2.974206150872516	0.8408741151123422	1.0
590_H-193	22.0	17.0	3.2542995562954946	0.8318434811941305	0.922077922077922
591_H-193	18.0	18.0	3.4674165283233522	0.8486411426304304	0.9859154929577465
592_H-193	12.0	12.0	3.251388806333065	0.8643350412118512	1.0
593_H-193	17.2	16.0	3.486383233890362	0.8854166666666666	0.9444444444444444
594_H-193	12.25	12.0	2.9089321704968034	0.7998163452708907	0.9696969696969697
595_H-193	14.75	14.0	3.3311448509821866	0.8714880332986472	0.9516129032258065
596_H-193	15.0	15.0	3.62806879966555	0.9010712035286704	1.0
597_H-193	19.0	18.0	3.7381533351200207	0.902069603422361	0.967741935483871
598_H-193	16.166666666666668	16.0	3.2017827861423913	0.8166438042981253	0.9753086419753086
599_H-193	20.333333333333332	17.0	3.31276931186945	0.8363059849385652	0.9425287356321839
59_H-193	14.0	14.0	3.4569281121020277	0.8828571428571429	0.9857142857142858
5_H-193	17.5	16.0	3.2913736222643957	0.8471400394477318	0.9487179487179487
600_H-193	17.333333333333332	17.0	3.586299507722635	0.8859863945578231	0.9809523809523809
601_H-193	15.6	15.0	3.253196262954718	0.836482741244646	0.9523809523809523
602_H-193	17.0	17.0	3.5252722177044125	0.8595918367346939	0.9857142857142858
603_H-193	17.6	17.0	3.627014926627656	0.8940443213296398	0.9605263157894737
604_H-193	16.2	15.0	3.558208073322318	0.8967013888888888	0.9166666666666666
605_H-193	16.5	15.0	3.2726923644944264	0.8583223869393883	0.9452054794520548
606_H-193	14.2	14.0	3.2750212378720724	0.8549112426035503	0.9692307692307692
607_H-193	15.5	14.0	3.307505954695856	0.8712440121933518	0.963855421686747
608_H-193	15.25	15.0	3.3470119603402027	0.8625777777777778	0.9733333333333334
609_H-193	14.0	14.0	3.265434626447558	0.848595213319459	0.9838709677419355
60_H-193	11.0	11.0	2.6675690659778715	0.7481621508086536	0.9855072463768116
610_H-193	18.0	16.0	3.5271880743489072	0.8892444444444445	0.9466666666666667
611_H-193	15.857142857142858	15.0	3.1231765844778874	0.8153722117710294	0.9344262295081968
612_H-193	13.25	13.0	3.1643916827944873	0.8439125910509886	0.967741935483871
613_H-193	16.6	16.0	3.664260842265732	0.9017857142857143	0.9464285714285714
614_H-193	16.25	16.0	3.4414336296426513	0.8632478632478633	0.9743589743589743
615_H-193	14.25	14.0	3.304523912440233	0.8653045030747868	0.971830985915493
616_H-193	14.25	14.0	3.2831037395561316	0.8608163265306122	0.9714285714285714
617_H-193	20.0	15.0	3.454760059549264	0.8922571219868517	0.9324324324324325
618_H-193	15.0	14.0	3.217989717642599	0.8448979591836734	0.9571428571428572
619_H-193	16.0	13.0	3.170333568384242	0.8438150770512287	0.9183673469387755
61_H-193	15.0	15.0	3.2136463657301864	0.8341942148760331	0.9886363636363636
620_H-193	22.0	15.0	3.146303094384872	0.8394768133174793	0.8793103448275862
621_H-193	18.5	17.0	3.1353561064601605	0.787075140984606	0.9506172839506173
622_H-193	17.166666666666668	17.0	3.6873503208340086	0.9054134443783463	0.975609756097561
623_H-193	15.0	12.0	2.9566283420247035	0.82373046875	0.9375
624_H-193	13.166666666666666	13.0	2.8918429875840097	0.7757544224765869	0.967741935483871
625_H-193	12.75	12.0	2.815402877367859	0.7785119218615341	0.9491525423728814
626_H-193	16.6	16.0	3.561959887286399	0.8922495274102079	0.9565217391304348
627_H-193	11.25	11.0	2.851677552289477	0.8026446280991736	0.9636363636363636
628_H-193	14.333333333333334	14.0	3.258930588383051	0.8465777777777778	0.9733333333333334
629_H-193	14.75	14.0	3.0859665459032932	0.8140138408304498	0.9558823529411765
62_H-193	14.0	13.0	3.057210221775674	0.832495046486816	0.962962962962963
630_H-193	17.2	16.0	3.4362579165850087	0.8762864944339425	0.9420289855072463
631_H-193	17.142857142857142	17.0	3.60373423472371	0.8850308641975309	0.9722222222222222
632_H-193	14.25	14.0	3.151127642891551	0.8403125	0.975
633_H-193	17.2	17.0	3.7316449846289794	0.9061694108311843	0.971830985915493
634_H-193	18.333333333333332	15.0	3.327864761319073	0.8692359100022277	0.9253731343283582
635_H-193	11.0	11.0	2.7934269073756655	0.7966673279111287	0.9859154929577465
636_H-193	13.0	13.0	3.121074978175851	0.8388965096784027	0.9876543209876543
637_H-193	14.2	14.0	3.211256149260824	0.8460569412950365	0.9682539682539683
638_H-193	14.6	14.0	3.1461220420328577	0.8508251882711104	0.9620253164556962
639_H-193	16.0	15.0	3.234337080878844	0.8287197231833909	0.9558823529411765
63_H-193	16.5	15.0	3.2208261883025213	0.8448389217619987	0.9487179487179487
640_H-193	15.428571428571429	15.0	3.0249643137082747	0.795836376917458	0.9594594594594594
641_H-193	15.0	14.0	3.385065236640397	0.8851418369371157	0.9577464788732395
642_H-193	16.5	15.0	3.0758727199057794	0.8020833333333334	0.9444444444444444
643_H-193	14.75	14.0	3.278064236096386	0.8704799474030243	0.9615384615384616
644_H-193	14.333333333333334	14.0	3.3103595698379027	0.8648434403487911	0.9770114942528736
645_H-193	17.25	17.0	3.331457465841774	0.8363512901765504	0.9787234042553191
646_H-193	17.5	17.0	3.4535455456435478	0.8727324263038548	0.9642857142857143
647_H-193	15.0	12.0	2.88785339570535	0.7980490778844689	0.962962962962963
648_H-193	18.0	15.0	3.1055882863903754	0.8056888888888889	0.9466666666666667
649_H-193	16.2	16.0	3.544109924385584	0.8836565096952909	0.9736842105263158
64_H-193	13.6	13.0	3.0069235804237455	0.8038447846208615	0.9433962264150944
650_H-193	14.333333333333334	14.0	3.336834725877167	0.8661224489795918	0.9714285714285714
651_H-193	17.333333333333332	17.0	3.5196391468962145	0.8669938016528926	0.9772727272727273
652_H-193	14.25	14.0	3.316979132104653	0.8678848981306448	0.9710144927536232
653_H-193	19.5	17.0	3.2887026861626945	0.8265306122448979	0.9285714285714286
654_H-193	17.5	17.0	3.2340315199652006	0.8248646397334445	0.9693877551020408
655_H-193	17.5	17.0	3.7639657634008086	0.9065854830956578	0.9746835443037974
656_H-193	15.0	15.0	3.324153108792084	0.8623609835731048	0.98989898989899
657_H-193	15.2	15.0	3.496253838152756	0.8820209621069605	0.9672131147540983
658_H-193	15.75	15.0	3.3595406620770483	0.8596449704142012	0.9538461538461538
659_H-193	13.0	13.0	3.1054680123269054	0.8269102249944309	0.9850746268656716
65_H-193	14.75	14.0	3.012300086417453	0.8103125	0.9625
660_H-193	20.0	18.0	3.4234369394603865	0.8574263038548753	0.9404761904761905
661_H-193	14.142857142857142	14.0	3.3925768088794084	0.8778924884300463	0.9622641509433962
662_H-193	14.0	14.0	3.3925569375017766	0.872114965887647	1.0
663_H-193	16.0	15.0	3.131088997518727	0.8251821019771072	0.935483870967742
664_H-193	16.0	13.0	3.177164185804306	0.8614969135802469	0.9444444444444444
665_H-193	13.0	13.0	3.491298807926796	0.8997414536052858	0.9830508474576272
666_H-193	18.666666666666668	18.0	3.3663149583444576	0.837472607742878	0.9459459459459459
667_H-193	14.5	13.0	3.0585206360651855	0.817475320310859	0.9565217391304348
668_H-193	18.375	18.0	3.563439486316681	0.8783462224866151	0.9634146341463414
669_H-193	16.0	16.0	3.5854044664529234	0.8948412698412699	0.9880952380952381
66_H-193	15.75	15.0	3.1492398024499257	0.8251790885535741	0.962962962962963
670_H-193	14.2	14.0	2.9211267318098906	0.7840136054421769	0.9761904761904762
671_H-193	17.6	17.0	3.5289707117648796	0.8815575987020011	0.9651162790697675
672_H-193	17.0	14.0	3.023642763546835	0.8092461474385673	0.9591836734693877
673_H-193	13.75	13.0	2.9684462065653987	0.8043704474505723	0.9516129032258065
674_H-193	16.0	15.0	3.3439951163656225	0.86375	0.9625
675_H-193	15.2	15.0	3.256743626147046	0.8451676528599605	0.9743589743589743
676_H-193	13.0	12.0	2.9065976016058674	0.8149548414198697	0.9565217391304348
677_H-193	17.0	16.0	3.381684459636749	0.8555902416464332	0.967741935483871
678_H-193	11.0	11.0	2.8522185713536223	0.803030303030303	0.9848484848484849
679_H-193	29.0	14.0	3.076654639407402	0.8384	0.92
67_H-193	18.0	16.0	3.462316426776431	0.8756199166831978	0.9436619718309859
680_H-193	15.5	15.0	3.496572814178256	0.88117437016465	0.971830985915493
681_H-193	18.0	13.0	3.093730583109656	0.8402366863905325	0.9038461538461539
682_H-193	16.6	16.0	3.402936634827763	0.8661333333333333	0.96
683_H-193	17.428571428571427	17.0	3.217065915592803	0.7981516488132745	0.9565217391304348
684_H-193	16.125	16.0	3.2533189984908155	0.8322384233295946	0.9746835443037974
685_H-193	19.0	17.0	3.583694918338674	0.8882792257277854	0.9506172839506173
686_H-193	15.5	15.0	3.0706945861216486	0.79150390625	0.953125
687_H-193	12.75	12.0	2.853824305527743	0.8061538461538461	0.9538461538461538
688_H-193	16.25	16.0	3.571022588111764	0.8902419484057043	0.9746835443037974
689_H-193	16.2	16.0	3.305141149855951	0.8341333333333334	0.9733333333333334
68_H-193	18.0	16.0	3.2238377463246533	0.8346938775510204	0.9285714285714286
690_H-193	17.2	16.0	3.3431449354377714	0.8549890894663756	0.9436619718309859
691_H-193	12.75	12.0	2.7063788781058813	0.7544444444444445	0.95
692_H-193	17.0	16.0	3.5841718878254265	0.8944079474443198	0.9620253164556962
693_H-193	14.142857142857142	14.0	3.0366594833992617	0.8108108108108107	0.972972972972973
694_H-193	15.5	14.0	3.1639656859364997	0.8431416930737891	0.9680851063829787
695_H-193	24.0	14.0	2.991095395826569	0.8084068305498218	0.9315068493150684
696_H-193	14.0	14.0	3.2734712520501628	0.8562050246181038	0.9887640449438202
697_H-193	15.0	15.0	3.5837115788838205	0.89453125	0.984375
698_H-193	15.0	15.0	3.4884284405973416	0.8773148148148148	0.9861111111111112
699_H-193	12.25	12.0	2.927734409260901	0.81201171875	0.96875
69_H-193	19.333333333333332	16.0	3.3132771377559824	0.8575252825698989	0.9390243902439024
6_H-193	14.142857142857142	14.0	3.0773748384102424	0.8073098629400699	0.9672131147540983
700_H-193	14.0	14.0	3.516153487841733	0.8949855204999237	1.0
701_H-193	15.0	13.0	3.1528896301745823	0.8421491045397751	0.9183673469387755
702_H-193	14.0	14.0	3.481493508134654	0.8921028466483012	0.9848484848484849
703_H-193	17.5	15.0	3.13089183061407	0.8099489795918368	0.9107142857142857
704_H-193	18.2	18.0	3.741777622455771	0.9021606648199446	0.9789473684210527
705_H-193	16.333333333333332	16.0	3.650378839890624	0.8962746530314097	0.972972972972973
706_H-193	19.333333333333332	16.0	3.133800282498928	0.8022853185595569	0.9342105263157895
707_H-193	16.0	14.0	3.1202615120810515	0.8293469497446923	0.9344262295081968
708_H-193	17.6	17.0	3.494219634410695	0.869732414677135	0.9620253164556962
709_H-193	14.0	13.0	2.894177968371969	0.7940862673372961	0.962962962962963
70_H-193	14.5	14.0	3.038874583564394	0.8040849234076861	0.9508196721311475
710_H-193	16.5	15.0	3.22866626127513	0.8409997899600924	0.9420289855072463
711_H-193	17.0	14.0	3.198224166716457	0.8456206679269062	0.9420289855072463
712_H-193	24.0	14.0	3.259090357329883	0.8626713249126579	0.9180327868852459
713_H-193	13.75	13.0	3.2924028280700286	0.8753719008264463	0.9454545454545454
714_H-193	18.5	17.0	3.7881794152203185	0.9136356353148534	0.9620253164556962
715_H-193	14.2	14.0	3.1763600085567436	0.82958984375	0.96875
716_H-193	17.428571428571427	17.0	3.475622501205465	0.8616326530612245	0.9571428571428572
717_H-193	13.166666666666666	13.0	3.319773835029478	0.8767361111111112	0.9583333333333334
718_H-193	16.0	15.0	3.2916909267345966	0.851279000594884	0.9634146341463414
719_H-193	16.166666666666668	16.0	3.700489037940164	0.90904509952129	0.9682539682539683
71_H-193	15.0	15.0	3.3892694682662334	0.8587257617728532	1.0
720_H-193	20.0	15.0	3.375695017118513	0.8784626038781164	0.9342105263157895
721_H-193	13.5	12.0	3.121984899006946	0.8501275510204082	0.9464285714285714
722_H-193	15.0	15.0	3.4782374043153346	0.8697404887881078	1.0
723_H-193	17.0	15.0	2.8787598699624755	0.7619555555555556	0.9333333333333333
724_H-193	14.0	13.0	2.873635188532522	0.7914540816326531	0.9285714285714286
725_H-193	13.0	13.0	3.3998508558156817	0.885	0.9833333333333333
726_H-193	16.0	15.0	3.3778472804009474	0.8667459845330161	0.9634146341463414
727_H-193	15.0	12.0	2.8504189470712364	0.8070934256055363	0.9411764705882353
728_H-193	14.75	14.0	3.30881899033695	0.861474435196195	0.9482758620689655
729_H-193	14.0	12.0	2.8368466604351945	0.784620861516554	0.9245283018867925
72_H-193	12.0	12.0	3.0681444328966934	0.83642578125	0.984375
730_H-193	14.25	14.0	3.1702402878149476	0.828397395505146	0.9710144927536232
731_H-193	18.0	16.0	3.4337126290383515	0.8715373961218836	0.9473684210526316
732_H-193	13.0	13.0	3.183260070999176	0.8465777777777778	0.9866666666666667
733_H-193	13.5	12.0	3.214618466476894	0.8724279835390947	0.9444444444444444
734_H-193	13.6	13.0	2.8343138894310456	0.7639714625445897	0.9482758620689655
735_H-193	18.0	15.0	3.553032309987899	0.895050079837422	0.963855421686747
736_H-193	17.5	16.0	3.2843218643596046	0.8447352766210589	0.9512195121951219
737_H-193	14.2	14.0	2.9985346464519718	0.7873897541752675	0.9726027397260274
738_H-193	17.0	16.0	3.4487181870515045	0.8745659722222222	0.96875
739_H-193	21.75	18.0	3.5028562695037673	0.8668914897837731	0.9154929577464789
73_H-193	18.25	18.0	3.7786892397426444	0.9064197530864198	0.9777777777777777
740_H-193	20.2	19.0	3.6569594426759995	0.887090931046975	0.9560439560439561
741_H-193	16.142857142857142	16.0	3.554719784719881	0.8949855204999237	0.9753086419753086
742_H-193	12.0	12.0	3.0057861084846897	0.8092427053466015	1.0
743_H-193	14.166666666666666	14.0	3.227596872396455	0.8515017853392144	0.9710144927536232
744_H-193	16.142857142857142	16.0	3.607261017539692	0.8976124885215794	0.9696969696969697
745_H-193	17.857142857142858	17.0	3.4021491110627795	0.8494031221303948	0.9393939393939394
746_H-193	14.0	14.0	3.3886618904568304	0.86875	1.0
747_H-193	17.5	17.0	3.593799969545196	0.8863667820069204	0.9764705882352941
748_H-193	16.0	15.0	3.4104736798590842	0.8701171875	0.953125
749_H-193	14.0	14.0	3.36237561293427	0.8679372575476472	0.987012987012987
74_H-193	16.6	16.0	3.312810974352517	0.8470588235294118	0.9647058823529412
750_H-193	14.0	14.0	3.4260230027735026	0.8852595155709343	0.9882352941176471
751_H-193	16.5	15.0	3.358082526712896	0.8741367787926041	0.9402985074626866
752_H-193	17.166666666666668	17.0	3.499053026025506	0.867314732988259	0.9775280898876404
753_H-193	18.0	17.0	3.256850477450921	0.8167438271604939	0.9444444444444444
754_H-193	15.2	15.0	3.399170755431552	0.8712076145151695	0.975609756097561
755_H-193	19.333333333333332	16.0	3.3016512994251856	0.8513513513513513	0.9324324324324325
756_H-193	15.75	15.0	3.197928622243377	0.8362629757785467	0.9647058823529412
757_H-193	14.25	14.0	3.1928184645435134	0.8345507669831994	0.972972972972973
758_H-193	24.0	14.0	3.140705295725212	0.8387755102040816	0.9285714285714286
759_H-193	16.75	16.0	3.1383376920538786	0.8013946280991735	0.9659090909090909
75_H-193	15.5	14.0	3.1069210282780264	0.8379501385041551	0.9473684210526316
760_H-193	17.0	16.0	3.4353666683160595	0.8773148148148148	0.9444444444444444
761_H-193	13.75	13.0	3.1335826051111266	0.8417121516805516	0.9491525423728814
762_H-193	19.666666666666668	18.0	3.2992480715675065	0.82875	0.9375
763_H-193	13.333333333333334	13.0	3.1857827999476265	0.8430335097001764	0.9682539682539683
764_H-193	20.0	14.0	3.100487983578615	0.8220961982776727	0.9420289855072463
765_H-193	12.0	12.0	2.974833135908412	0.8115942028985507	0.9855072463768116
766_H-193	13.5	12.0	3.14330083278991	0.8587257617728532	0.9473684210526316
767_H-193	14.75	14.0	3.2033158840279485	0.8524930747922437	0.9605263157894737
768_H-193	15.0	14.0	3.2835602216726287	0.8576467624086672	0.9523809523809523
769_H-193	17.0	15.0	3.0985846176295158	0.81494140625	0.921875
76_H-193	19.75	16.0	3.069469235899702	0.8053333333333333	0.92
770_H-193	18.0	17.0	3.1071456213504645	0.7810095702758492	0.9452054794520548
771_H-193	14.0	14.0	3.446761270974941	0.8873469387755102	0.9857142857142858
772_H-193	14.0	14.0	3.201552202664651	0.8294280675233057	0.9841269841269842
773_H-193	15.0	14.0	2.6359376852431717	0.7091412742382271	0.9473684210526316
774_H-193	16.0	16.0	3.360834597797169	0.8491352102007322	0.9887640449438202
775_H-193	16.428571428571427	16.0	3.490180738449497	0.8757431629013079	0.9482758620689655
776_H-193	16.0	16.0	3.240595460648191	0.8181333333333334	0.9866666666666667
777_H-193	16.0	14.0	2.884607592586925	0.7956311699222852	0.927536231884058
778_H-193	13.0	13.0	2.936662324621503	0.7850442594794558	0.9885057471264368
779_H-193	15.0	12.0	2.8812577779257413	0.814878892733564	0.9411764705882353
77_H-193	19.333333333333332	16.0	3.2193711124445707	0.8271110398974524	0.9367088607594937
780_H-193	14.333333333333334	14.0	3.286848094758448	0.8653544257939862	0.978021978021978
781_H-193	17.0	14.0	3.2570717681553387	0.8599838753023381	0.9344262295081968
782_H-193	9.0	9.0	2.8344911235799897	0.8293697978596908	1.0
783_H-193	16.5	15.0	3.1241954310956697	0.8130612244897959	0.9428571428571428
784_H-193	15.2	15.0	3.468749518905177	0.8882395909422937	0.972972972972973
785_H-193	13.0	13.0	3.1848313820814083	0.8489439853076217	0.9848484848484849
786_H-193	17.142857142857142	17.0	3.4642782392173808	0.8522118627256496	0.971830985915493
787_H-193	18.5	17.0	3.5714496318440814	0.8946280991735537	0.9545454545454546
788_H-193	14.0	13.0	3.394806461450645	0.8881632653061224	0.9714285714285714
789_H-193	19.0	17.0	3.4808195015692642	0.8680747922437673	0.9473684210526316
78_H-193	21.0	15.0	3.509582420469208	0.8933528122717311	0.9459459459459459
790_H-193	16.5	15.0	3.0186390665327885	0.7891274238227147	0.9473684210526316
791_H-193	12.0	12.0	3.078180440046552	0.8294444444444444	1.0
792_H-193	13.0	13.0	3.4270802909255473	0.8925823330255463	0.9824561403508771
793_H-193	15.5	14.0	3.0569545704068557	0.8053911900065747	0.9615384615384616
794_H-193	12.5	12.0	3.128287276694761	0.847621607094867	0.9672131147540983
795_H-193	16.6	16.0	3.461836027162486	0.8798476454293629	0.9605263157894737
796_H-193	17.0	15.0	3.4355460133169538	0.8766666666666667	0.9333333333333333
797_H-193	18.333333333333332	15.0	3.110940336803585	0.8326317317462621	0.9397590361445783
798_H-193	17.5	17.0	3.3435104985576425	0.8592825443786982	0.9711538461538461
799_H-193	16.6	16.0	3.608361248820546	0.9002182106724856	0.9577464788732395
79_H-193	19.333333333333332	16.0	3.321540683016601	0.8607355327203894	0.9418604651162791
7_H-193	15.6	15.0	3.066694627132648	0.8062067802327543	0.961038961038961
800_H-193	12.0	12.0	3.055061005403211	0.8367626886145405	0.9814814814814815
801_H-193	21.5	14.0	2.7969078256659263	0.772189349112426	0.9230769230769231
802_H-193	21.0	16.0	3.2052253849195136	0.8321808062067803	0.922077922077922
803_H-193	12.0	12.0	3.2401502487814806	0.8709677419354839	1.0
804_H-193	17.0	14.0	3.0813347467866894	0.8199445983379502	0.9473684210526316
805_H-193	15.5	14.0	3.229127756149803	0.8507653061224489	0.9285714285714286
806_H-193	17.0	15.0	3.1929753374296754	0.8303747534516766	0.9487179487179487
807_H-193	14.166666666666666	14.0	3.1176314892503525	0.8384198705245078	0.9770114942528736
808_H-193	13.0	13.0	3.00072229509738	0.7986958096848207	0.989010989010989
809_H-193	21.0	18.0	3.4151319574691046	0.8350340136054422	0.9523809523809523
80_H-193	14.6	14.0	3.2731272419956614	0.8606701940035274	0.9523809523809523
810_H-193	16.5	15.0	3.2827552429862275	0.8568672839506173	0.9444444444444444
811_H-193	17.5	16.0	3.353485574446289	0.8647917793401838	0.9534883720930233
812_H-193	15.5	15.0	3.4285052574420734	0.8759925497500245	0.9801980198019802
813_H-193	14.166666666666666	14.0	3.1647284008688352	0.832415059687787	0.9696969696969697
814_H-193	14.0	14.0	3.6075251197700298	0.9084047031499493	0.9879518072289156
815_H-193	13.333333333333334	13.0	3.2951326690225	0.868014268727705	0.9655172413793104
816_H-193	15.2	15.0	3.0927002878683707	0.811453146220009	0.9787234042553191
817_H-193	14.25	14.0	3.2883136403528996	0.8583673469387755	0.9714285714285714
818_H-193	18.5	17.0	3.1794670387266906	0.8127863390254061	0.9591836734693877
819_H-193	14.0	14.0	3.313857168260314	0.8558448753462604	1.0
81_H-193	16.0	15.0	3.452605892050903	0.8817475320310859	0.9565217391304348
820_H-193	13.0	13.0	3.3454530555390525	0.8757333333333334	1.0
821_H-193	17.75	17.0	3.4686618525611714	0.8629937904610913	0.9655172413793104
822_H-193	13.5	13.0	2.859574112906613	0.7779373743177248	0.9491525423728814
823_H-193	17.2	16.0	3.320105031924459	0.843265306122449	0.9428571428571428
824_H-193	13.25	13.0	3.184030432656358	0.8480257116620753	0.9696969696969697
825_H-193	15.0	15.0	3.1805432531526883	0.8136946019743752	0.9855072463768116
826_H-193	14.6	14.0	3.2053901971267154	0.849862258953168	0.9545454545454546
827_H-193	17.5	16.0	3.334693543756267	0.8533888799871815	0.9493670886075949
828_H-193	19.0	17.0	3.4086702507477677	0.8681972789115646	0.9404761904761905
829_H-193	14.25	14.0	3.3050365325772653	0.8564453125	0.96875
82_H-193	15.2	15.0	3.550426860594185	0.8970588235294118	0.9705882352941176
830_H-193	14.0	14.0	3.1838652118284405	0.8234103558778884	0.987012987012987
831_H-193	15.2	15.0	3.2036040801317394	0.8304988662131519	0.9761904761904762
832_H-193	16.75	16.0	3.435459400381172	0.8721875	0.9625
833_H-193	16.0	15.0	3.2533913045876015	0.8441975308641976	0.9666666666666667
834_H-193	16.0	15.0	3.5125852676130185	0.8890900860117701	0.9148936170212766
835_H-193	19.0	17.0	3.4339439213679035	0.8627126654064272	0.9565217391304348
836_H-193	15.0	14.0	3.3987401184466224	0.8804084923407686	0.9508196721311475
837_H-193	17.0	16.0	2.9214289490818195	0.7537777777777778	0.9466666666666667
838_H-193	18.0	16.0	3.6668301290433845	0.905	0.9333333333333333
839_H-193	16.25	16.0	3.6133532277321896	0.8974358974358975	0.9743589743589743
83_H-193	18.333333333333332	15.0	2.761965408419261	0.7202101707637456	0.9315068493150684
840_H-193	19.666666666666668	18.0	3.175320293578925	0.7915625000000001	0.9375
841_H-193	13.0	13.0	3.264260473240109	0.8572249353634013	0.9830508474576272
842_H-193	16.5	16.0	3.4707550679695713	0.8808163265306123	0.9571428571428572
843_H-193	14.6	14.0	3.0502214653027537	0.8190586419753086	0.9583333333333334
844_H-193	25.0	15.0	3.386697472774052	0.8734211233539371	0.9180327868852459
845_H-193	22.0	17.0	3.4187517104093073	0.8656509695290859	0.9210526315789473
846_H-193	12.0	12.0	3.215606442553579	0.8627777777777779	0.9833333333333333
847_H-193	17.0	15.0	2.9727659704044047	0.7880622837370242	0.9264705882352942
848_H-193	16.25	16.0	3.5553566740207594	0.8843490304709142	0.9736842105263158
849_H-193	15.75	15.0	3.2577846046578696	0.837465564738292	0.9545454545454546
84_H-193	19.0	14.0	3.002740540484469	0.7986472424557752	0.9193548387096774
850_H-193	17.2	16.0	3.3632872277581343	0.8617337829795675	0.9436619718309859
851_H-193	16.0	16.0	3.4919881840613165	0.8752111090260837	0.9863013698630136
852_H-193	15.166666666666666	15.0	3.214100862287068	0.8404152249134949	0.9764705882352941
853_H-193	12.333333333333334	12.0	3.2208894199257654	0.8679593721144968	0.9649122807017544
854_H-193	18.428571428571427	18.0	3.6003652042422654	0.885883347421809	0.967032967032967
855_H-193	15.2	15.0	3.156520780516018	0.8122717311906501	0.972972972972973
856_H-193	14.0	13.0	3.069549549106902	0.8251280908888394	0.9552238805970149
857_H-193	22.0	19.0	3.3627537172289106	0.8318339100346022	0.9294117647058824
858_H-193	14.75	14.0	3.073476714369375	0.8175542406311637	0.9615384615384616
859_H-193	15.0	15.0	3.530624413232109	0.891887333445775	0.987012987012987
85_H-193	14.5	14.0	3.050709241405623	0.8042091836734694	0.9464285714285714
860_H-193	13.0	13.0	3.230201395269969	0.8529411764705883	0.9852941176470589
861_H-193	15.5	14.0	3.0325173655264845	0.8232493552866496	0.9436619718309859
862_H-193	17.5	15.0	3.1747996105862772	0.828125	0.921875
863_H-193	15.0	14.0	3.2570360723707097	0.8515017853392145	0.9565217391304348
864_H-193	16.5	15.0	3.2624111764988326	0.8463905325443787	0.9384615384615385
865_H-193	16.125	16.0	3.2486027945231464	0.8396875	0.975
866_H-193	14.0	14.0	3.2379036500076417	0.8355132778438367	1.0
867_H-193	16.857142857142858	16.0	3.3415623193611594	0.8553719008264463	0.9393939393939394
868_H-193	15.0	13.0	3.0961901857673353	0.8422866992243607	0.9322033898305084
869_H-193	15.0	15.0	3.344991723344099	0.8529411764705882	0.9852941176470589
86_H-193	13.5	13.0	3.029995929577632	0.8053633217993079	0.9705882352941176
870_H-193	15.25	15.0	3.339687538761866	0.8564377993903324	0.9759036144578314
871_H-193	15.0	14.0	3.4267095493697584	0.8919667590027701	0.9605263157894737
872_H-193	11.0	11.0	2.5933021488150128	0.7205882352941176	0.9852941176470589
873_H-193	17.166666666666668	17.0	3.5679478561539724	0.8803418803418803	0.9743589743589743
874_H-193	17.5	17.0	3.4381810489061637	0.8590625000000001	0.9625
875_H-193	16.2	16.0	3.537535260182091	0.8853125	0.975
876_H-193	13.5	13.0	3.3660301098329093	0.8858131487889274	0.9705882352941176
877_H-193	13.0	13.0	3.233475964410014	0.8525519848771267	1.0
878_H-193	16.0	15.0	3.008546034826929	0.7840571088637716	0.9634146341463414
879_H-193	17.0	15.0	3.187753142671373	0.8306660570035056	0.9506172839506173
87_H-193	14.0	14.0	3.145325500278502	0.8160000000000001	0.9866666666666667
880_H-193	15.5	14.0	3.226490464454699	0.85498046875	0.9375
881_H-193	15.2	15.0	3.4377968197114788	0.8799871815414196	0.9746835443037974
882_H-193	15.75	15.0	3.1644356816262222	0.8198302469135803	0.9583333333333334
883_H-193	15.2	15.0	3.179095927498922	0.8141146817895399	0.9710144927536232
884_H-193	18.5	17.0	3.451407804327313	0.8613999999999999	0.97
885_H-193	15.333333333333334	15.0	3.450343342973421	0.8839506172839506	0.9777777777777777
886_H-193	15.333333333333334	15.0	3.4677704660177313	0.8839506172839506	0.9777777777777777
887_H-193	15.75	15.0	3.2535896304441163	0.8407202216066482	0.9605263157894737
888_H-193	15.25	15.0	3.4022273859143772	0.8672839506172839	0.9722222222222222
889_H-193	14.0	14.0	3.604475294538187	0.9070843716625133	0.9811320754716981
88_H-193	14.333333333333334	14.0	3.419377654607807	0.88718820861678	0.9761904761904762
890_H-193	14.166666666666666	14.0	3.0930336269049445	0.8239590942293645	0.972972972972973
891_H-193	16.0	15.0	3.2380567099931508	0.84912109375	0.9375
892_H-193	16.0	15.0	3.6123294756343327	0.9086924762600438	0.9594594594594594
893_H-193	12.0	12.0	3.1416210809614564	0.8549346016646849	0.9827586206896551
894_H-193	17.0	15.0	3.239598288733034	0.8391836734693877	0.9428571428571428
895_H-193	13.0	13.0	3.1540598733799494	0.8537024221453288	0.9882352941176471
896_H-193	22.0	17.0	3.5486929394175513	0.8868274582560297	0.935064935064935
897_H-193	15.0	15.0	3.526147711220337	0.8800154320987654	1.0
898_H-193	17.333333333333332	17.0	3.7395594167290716	0.904435299497028	0.9753086419753086
899_H-193	16.5	15.0	3.394972984711109	0.8780276816608996	0.9411764705882353
89_H-193	20.0	15.0	2.941693612604176	0.7753125	0.9375
8_H-193	16.11111111111111	16.0	3.345480892743761	0.8438404989975495	0.9701492537313433
900_H-193	16.333333333333332	16.0	3.704020930756968	0.9102217414818821	0.9767441860465116
901_H-193	19.5	17.0	3.2633346296901213	0.8331945022907122	0.9489795918367347
902_H-193	18.333333333333332	15.0	2.9122803230254335	0.7697484377503605	0.9367088607594937
903_H-193	13.25	13.0	3.276353499437688	0.8733727810650888	0.9692307692307692
904_H-193	13.2	13.0	2.931367613078097	0.8015625	0.975
905_H-193	15.2	15.0	3.434063281822592	0.8775510204081632	0.9714285714285714
906_H-193	19.0	16.0	3.4098509867815574	0.8604600694444444	0.96875
907_H-193	21.0	15.0	3.0902423111330575	0.8218291131922766	0.956989247311828
908_H-193	14.0	14.0	3.256054551723838	0.8484549638395792	0.9871794871794872
909_H-193	16.0	14.0	3.1233945312872105	0.8412885815483218	0.948051948051948
90_H-193	15.75	15.0	3.3371352690452114	0.867245846669715	0.962962962962963
910_H-193	19.0	16.0	3.597821253754969	0.8961600865332612	0.9651162790697675
911_H-193	18.0	16.0	3.2394076081662266	0.8503866745984534	0.9390243902439024
912_H-193	15.166666666666666	15.0	3.414042725795726	0.873771730914588	0.9682539682539683
913_H-193	19.333333333333332	16.0	3.196138210324336	0.8243243243243243	0.9324324324324325
914_H-193	12.333333333333334	12.0	3.0691607220269974	0.8444897959183674	0.9714285714285714
915_H-193	14.0	14.0	3.3815507135040357	0.87180249851279	0.9878048780487805
916_H-193	13.0	13.0	2.934298475560645	0.7997748170388441	0.9863013698630136
917_H-193	15.75	15.0	3.31182768084166	0.8622448979591837	0.9642857142857143
918_H-193	17.5	16.0	3.4989930788118215	0.8783068783068783	0.9365079365079365
919_H-193	17.5	16.0	3.3526309279697384	0.8484848484848485	0.9393939393939394
91_H-193	12.0	12.0	3.193911643676594	0.8569728228526086	1.0
920_H-193	12.0	12.0	3.1577300932455636	0.8490470568392646	1.0
921_H-193	14.0	14.0	3.3537780428557618	0.8628247931484976	1.0
922_H-193	17.0	15.0	3.40309079341553	0.873267825648778	0.9365079365079365
923_H-193	17.6	17.0	3.481843322613439	0.8603395061728395	0.9583333333333334
924_H-193	14.0	14.0	3.105966233534402	0.8252977222800324	0.989247311827957
925_H-193	14.25	14.0	3.2224237321849425	0.8558448753462604	0.9789473684210527
926_H-193	13.0	12.0	2.959829429714138	0.814404432132964	0.9473684210526316
927_H-193	13.5	13.0	3.134285329931156	0.8317174515235457	0.9736842105263158
928_H-193	15.0	15.0	3.46030193990106	0.8753777777777778	0.9866666666666667
929_H-193	17.0	14.0	3.1815675290119416	0.8500656783636705	0.9452054794520548
92_H-193	16.6	16.0	3.3219136017261035	0.8531746031746031	0.9642857142857143
930_H-193	17.5	15.0	3.185978355810174	0.8451557093425606	0.9264705882352942
931_H-193	14.25	14.0	3.3931349975426977	0.8821563822677656	0.9701492537313433
932_H-193	14.5	13.0	2.9069537542555484	0.7889030612244898	0.9285714285714286
933_H-193	17.2	16.0	3.279782702908847	0.8391836734693877	0.9428571428571428
934_H-193	23.25	18.0	3.6277700928004064	0.8939279415469892	0.8888888888888888
935_H-193	18.0	13.0	2.957759499580875	0.8039940828402367	0.9038461538461539
936_H-193	20.0	18.0	3.5088192199896535	0.868465172991922	0.9382716049382716
937_H-193	17.0	15.0	3.217170189137108	0.8477366255144033	0.9506172839506173
938_H-193	18.0	16.0	3.1897555438663105	0.8153125	0.95
939_H-193	15.75	15.0	3.4725222318789144	0.8877314814814815	0.9583333333333334
93_H-193	19.0	17.0	3.584051544348461	0.8932947204277122	0.9253731343283582
940_H-193	15.5	14.0	2.7549088333819043	0.7306749832924928	0.9402985074626866
941_H-193	15.6	15.0	3.2729089247051517	0.8518518518518519	0.9583333333333334
942_H-193	14.0	14.0	3.427279698572885	0.8730867346938775	0.9821428571428571
943_H-193	16.5	15.0	3.4680536543882776	0.8790376475829806	0.9552238805970149
944_H-193	16.0	13.0	3.3411650914706046	0.8818938605619147	0.9516129032258065
945_H-193	13.6	13.0	3.2395086858328304	0.8692033293697978	0.9482758620689655
946_H-193	17.25	17.0	3.265592386951101	0.8212742382271467	0.9789473684210527
947_H-193	16.0	13.0	3.158753794528551	0.846938775510204	0.9571428571428572
948_H-193	19.0	16.0	3.4934481076010724	0.8791308284291535	0.9680851063829787
949_H-193	14.0	13.0	3.1183383910512585	0.8341836734693877	0.9464285714285714
94_H-193	14.25	14.0	3.1539172411328282	0.83345507669832	0.972972972972973
950_H-193	16.0	15.0	3.474307211905098	0.8881632653061224	0.9571428571428572
951_H-193	16.75	16.0	3.3733078336233273	0.8604651162790697	0.9651162790697675
952_H-193	15.2	15.0	3.2292758687321252	0.8331024930747922	0.9736842105263158
953_H-193	16.0	16.0	3.432730731793021	0.8583111111111111	0.9866666666666667
954_H-193	15.166666666666666	15.0	3.2898890713724622	0.8529777777777778	0.9733333333333334
955_H-193	17.0	16.0	3.4526545839413765	0.87	0.9625
956_H-193	20.333333333333332	17.0	3.5003789612742047	0.8799070247933884	0.9431818181818182
957_H-193	16.25	16.0	3.416368598720905	0.8593409783713166	0.9759036144578314
958_H-193	17.5	16.0	3.4053025647823776	0.8633217993079585	0.9411764705882353
959_H-193	12.333333333333334	12.0	2.9872719375198797	0.8242370238360437	0.9701492537313433
95_H-193	15.0	15.0	3.489012471189273	0.8817108487413678	1.0
960_H-193	15.5	14.0	3.082206598791265	0.81909950328473	0.9620253164556962
961_H-193	14.0	14.0	3.320280156896038	0.8663313519280598	0.9876543209876543
962_H-193	15.75	15.0	3.3116842281898378	0.8575252825698989	0.9634146341463414
963_H-193	17.0	15.0	3.2479409094869927	0.8460111317254175	0.948051948051948
964_H-193	16.25	16.0	3.5051424438788676	0.8760387811634349	0.9736842105263158
965_H-193	13.0	13.0	3.066570205919154	0.8121748178980228	0.9838709677419355
966_H-193	14.333333333333334	14.0	3.215772804627685	0.8428593202255754	0.9753086419753086
967_H-193	23.5	16.0	3.327984154185838	0.8678096458900817	0.9240506329113924
968_H-193	18.0	15.0	3.2001415222975194	0.841806381828015	0.9534883720930233
969_H-193	13.5	13.0	3.0787458107927574	0.813735691987513	0.967741935483871
96_H-193	16.25	16.0	3.4037200190522356	0.8490304709141274	0.9736842105263158
970_H-193	18.666666666666668	17.0	3.3325989810490717	0.8521468144044321	0.9342105263157895
971_H-193	18.0	16.0	3.242861610824428	0.8340833212367542	0.9518072289156626
972_H-193	14.2	14.0	2.985750828158663	0.7809283763915144	0.9710144927536232
973_H-193	15.0	15.0	3.6839932438667757	0.912189349112426	0.9846153846153847
974_H-193	15.75	15.0	3.404864370444711	0.8786848072562359	0.9642857142857143
975_H-193	16.6	16.0	3.5580109438941916	0.8914897837730609	0.9577464788732395
976_H-193	13.333333333333334	13.0	3.3650020309600293	0.884765625	0.96875
977_H-193	15.5	14.0	3.0562336567821533	0.8033057851239669	0.9272727272727272
978_H-193	16.142857142857142	16.0	3.4400375514548047	0.8762913223140496	0.9772727272727273
979_H-193	15.428571428571429	15.0	3.4597652437981696	0.8845663265306123	0.9464285714285714
97_H-193	15.6	15.0	3.5101434731365444	0.8870421668205601	0.9473684210526316
980_H-193	20.333333333333332	17.0	3.428189683691969	0.8718877320054323	0.9468085106382979
981_H-193	14.0	13.0	3.0190587731627665	0.8148148148148149	0.9583333333333334
982_H-193	13.2	13.0	3.3116407759608246	0.8803224993701184	0.9682539682539683
983_H-193	17.375	17.0	3.539580598514271	0.8762130177514793	0.9538461538461538
984_H-193	18.2	17.0	3.5057057036404564	0.8768101567149376	0.9436619718309859
985_H-193	18.5	17.0	3.5668192845383198	0.890234525182622	0.9705882352941176
986_H-193	12.0	12.0	2.4787911560150966	0.6874683757800641	0.987012987012987
987_H-193	13.5	13.0	3.1428226966166584	0.8338203067932798	0.972972972972973
988_H-193	14.142857142857142	14.0	3.3349857964874827	0.8667282240689443	0.9649122807017544
989_H-193	12.0	12.0	2.855510040689727	0.7856299544611233	0.987012987012987
98_H-193	11.0	11.0	3.0051700263604286	0.8284202569916855	0.9841269841269842
990_H-193	14.0	14.0	3.365186531917761	0.8724279835390947	0.9876543209876543
991_H-193	16.166666666666668	16.0	3.4474682467124436	0.8714390065741418	0.972972972972973
992_H-193	18.0	16.0	3.404114741325355	0.8683448429494319	0.9253731343283582
993_H-193	11.125	11.0	2.3885308110207433	0.6587901701323251	0.9565217391304348
994_H-193	13.25	13.0	2.9320183744067316	0.7972972972972973	0.972972972972973
995_H-193	15.25	15.0	3.1683708288926145	0.8065532451165721	0.9710144927536232
996_H-193	11.0	11.0	3.0078240944679475	0.8387573964497042	0.9807692307692307
997_H-193	16.2	15.0	2.858572955627278	0.757439396138772	0.9518072289156626
998_H-193	13.25	13.0	2.8885778757512512	0.780328798185941	0.9761904761904762
999_H-193	14.25	14.0	3.265877098312978	0.8583168967784353	0.9743589743589743
99_H-193	13.333333333333334	13.0	3.073441448877039	0.8146745562130178	0.9692307692307692
9_H-193	16.6	16.0	3.6784473138966103	0.9083333333333333	0.95
