	chao1	observed_otus	shannon	simpson	goods_coverage
1000_H-161	4.0	4.0	1.784159127851422	0.6805555555555556	0.9166666666666666
100_H-161	3.0	3.0	1.272905595320056	0.5511111111111111	0.9333333333333333
101_H-161	5.5	5.0	2.054585169337799	0.7222222222222222	0.8333333333333334
102_H-161	1.0	1.0	-0.0	0.0	1.0
103_H-161	2.0	2.0	1.0	0.5	1.0
104_H-161	3.0	3.0	1.4854752972273346	0.62	1.0
105_H-161	3.0	3.0	1.3787834934861756	0.5714285714285714	0.8571428571428572
106_H-161	3.0	3.0	1.4949188482339508	0.628099173553719	1.0
107_H-161	4.0	4.0	1.8910611120726528	0.7160493827160495	0.8888888888888888
108_H-161	3.0	3.0	1.3787834934861756	0.5714285714285714	0.8571428571428572
109_H-161	5.333333333333333	5.0	2.1219280948873624	0.74	0.8
10_H-161	5.0	5.0	2.117492461184755	0.736111111111111	0.9166666666666666
110_H-161	5.5	5.0	2.1180782093497093	0.743801652892562	0.8181818181818181
111_H-161	3.0	3.0	1.4949188482339508	0.628099173553719	1.0
112_H-161	3.0	3.0	1.4355205042826666	0.5925925925925926	1.0
113_H-161	4.0	4.0	1.867633890971212	0.7107438016528926	0.9090909090909091
114_H-161	6.5	5.0	2.058813890331201	0.7160493827160495	0.6666666666666667
115_H-161	4.0	4.0	1.6858157091530304	0.628099173553719	0.9090909090909091
116_H-161	4.5	4.0	1.8423709931771086	0.6938775510204083	0.7142857142857143
117_H-161	5.0	4.0	1.6767370300521327	0.6446280991735538	0.8181818181818181
118_H-161	5.0	5.0	2.0729055953200564	0.7288888888888889	0.9333333333333333
119_H-161	4.0	4.0	1.784159127851422	0.6805555555555556	0.9166666666666666
11_H-161	4.0	4.0	1.863120568566631	0.7040816326530612	1.0
120_H-161	4.0	4.0	1.9362600275315278	0.7272727272727273	1.0
121_H-161	4.333333333333333	4.0	1.9182958340544896	0.7222222222222222	0.6666666666666667
122_H-161	5.333333333333333	5.0	2.0403733936884962	0.7107438016528926	0.8181818181818181
123_H-161	4.0	4.0	1.7381493331928664	0.6627218934911242	0.9230769230769231
124_H-161	4.333333333333333	4.0	1.9182958340544896	0.7222222222222222	0.6666666666666667
125_H-161	7.0	4.0	1.6644977792004612	0.6122448979591837	0.5714285714285714
126_H-161	3.0	3.0	1.3221793455166666	0.5619834710743802	0.9090909090909091
127_H-161	7.0	4.0	1.7924812503605778	0.6666666666666666	0.5
128_H-161	2.0	2.0	0.7219280948873623	0.31999999999999984	0.8
129_H-161	3.0	3.0	1.459147917027245	0.6111111111111112	0.8333333333333334
12_H-161	4.0	4.0	1.7841591278514217	0.6805555555555556	0.9166666666666666
130_H-161	5.0	5.0	2.1887218755408675	0.7638888888888888	0.9166666666666666
131_H-161	3.0	3.0	1.5304930567574826	0.6419753086419753	1.0
132_H-161	2.0	2.0	0.6500224216483541	0.2777777777777777	0.8333333333333334
133_H-161	3.0	3.0	1.4854752972273346	0.62	1.0
134_H-161	2.0	2.0	1.0	0.5	1.0
135_H-161	2.0	2.0	0.9709505944546688	0.48	1.0
136_H-161	3.0	3.0	1.4056390622295665	0.59375	0.875
137_H-161	6.0	5.0	1.9746017527145814	0.703125	0.875
138_H-161	4.0	4.0	1.8230679822736608	0.6942148760330579	0.9090909090909091
139_H-161	4.0	4.0	1.9056390622295665	0.71875	0.875
13_H-161	4.0	3.0	1.1488348542809168	0.44897959183673464	0.7142857142857143
140_H-161	5.0	4.0	1.7219280948873625	0.6599999999999999	0.8
141_H-161	3.5	3.0	1.5	0.625	0.5
142_H-161	4.5	4.0	1.8423709931771086	0.6938775510204083	0.7142857142857143
143_H-161	4.0	4.0	1.8464393446710154	0.7	0.9
144_H-161	5.333333333333333	5.0	2.197159723424149	0.7654320987654322	0.7777777777777778
145_H-161	3.0	3.0	1.2866926683547548	0.56	0.9333333333333333
146_H-161	4.0	4.0	1.974937501201927	0.7407407407407407	1.0
147_H-161	3.0	3.0	1.459147917027245	0.6111111111111112	0.8333333333333334
148_H-161	2.0	2.0	1.0	0.5	1.0
149_H-161	3.0	3.0	1.2717822215997983	0.5546875	0.9375
14_H-161	3.0	3.0	1.4056390622295665	0.59375	1.0
150_H-161	5.5	4.0	1.9219280948873625	0.72	0.4
151_H-161	3.0	3.0	1.4604846813131114	0.6153846153846153	1.0
152_H-161	3.0	3.0	1.1567796494470395	0.4600000000000001	0.9
153_H-161	5.0	4.0	1.7527152789797047	0.6666666666666667	0.7777777777777778
154_H-161	4.0	4.0	1.9362600275315274	0.7272727272727273	1.0
155_H-161	2.0	2.0	0.7219280948873623	0.31999999999999984	0.8
156_H-161	5.0	5.0	2.231270254607576	0.7768595041322315	0.9090909090909091
157_H-161	3.0	3.0	1.459147917027245	0.6111111111111112	0.8333333333333334
158_H-161	4.5	4.0	1.8423709931771086	0.6938775510204083	0.7142857142857143
159_H-161	1.0	1.0	-0.0	0.0	1.0
15_H-161	4.0	4.0	1.7464657985040721	0.6666666666666666	0.9333333333333333
160_H-161	4.0	4.0	1.8365916681089793	0.691358024691358	0.8888888888888888
161_H-161	4.0	4.0	1.7609640474436814	0.6599999999999999	0.9
162_H-161	2.0	2.0	0.8112781244591328	0.375	0.75
163_H-161	4.0	4.0	1.8553885422075338	0.7083333333333334	0.9166666666666666
164_H-161	4.0	3.0	1.370950594454669	0.56	0.6
165_H-161	4.0	3.0	1.2516291673878228	0.5	0.6666666666666667
166_H-161	5.0	5.0	2.0741647430225747	0.7244897959183674	0.9285714285714286
167_H-161	4.5	4.0	1.75	0.65625	0.75
168_H-161	3.0	3.0	1.4949188482339508	0.628099173553719	1.0
169_H-161	4.0	4.0	1.9056390622295662	0.71875	0.875
16_H-161	4.0	4.0	1.936278124459133	0.7265625	1.0
170_H-161	5.5	5.0	1.875	0.6640625	0.875
171_H-161	4.0	3.0	1.2516291673878228	0.5	0.6666666666666667
172_H-161	6.0	3.0	1.584962500721156	0.6666666666666667	0.0
173_H-161	5.0	5.0	1.9698157824268099	0.6920415224913494	0.9411764705882353
174_H-161	3.0	3.0	1.3250112108241774	0.5694444444444444	0.9166666666666666
175_H-161	3.0	3.0	1.5612781244591325	0.65625	1.0
176_H-161	2.0	2.0	0.9182958340544894	0.4444444444444444	0.6666666666666667
177_H-161	4.0	4.0	1.8464393446710157	0.7	0.9
178_H-161	5.333333333333333	5.0	2.197159723424149	0.7654320987654322	0.7777777777777778
179_H-161	2.0	2.0	0.9182958340544894	0.4444444444444444	0.6666666666666667
17_H-161	4.5	4.0	1.8423709931771086	0.6938775510204082	0.7142857142857143
180_H-161	4.0	4.0	1.7381493331928664	0.6627218934911242	0.9230769230769231
181_H-161	4.0	4.0	1.836591668108979	0.691358024691358	0.8888888888888888
182_H-161	2.0	2.0	0.8812908992306927	0.42000000000000004	1.0
183_H-161	4.0	4.0	1.970950594454669	0.74	1.0
184_H-161	3.0	3.0	1.1981174211304033	0.5	0.9285714285714286
185_H-161	6.0	5.0	2.1258145836939115	0.75	0.8333333333333334
186_H-161	3.0	3.0	1.4355205042826666	0.5925925925925926	1.0
187_H-161	4.0	4.0	1.7609640474436814	0.66	0.9
188_H-161	5.0	5.0	2.270942421748537	0.7857142857142857	1.0
189_H-161	4.0	4.0	1.8464393446710154	0.7	0.9
18_H-161	5.0	5.0	2.1209520310264036	0.7448979591836735	0.9285714285714286
190_H-161	4.0	4.0	1.8553885422075338	0.7083333333333334	0.9166666666666666
191_H-161	3.0	2.0	1.0	0.5	0.0
192_H-161	3.0	3.0	1.2243944454059863	0.49382716049382713	0.8888888888888888
193_H-161	6.0	3.0	1.584962500721156	0.6666666666666667	0.0
194_H-161	3.0	3.0	1.2987949406953987	0.53125	0.875
195_H-161	6.0	5.0	2.020244207153756	0.7142857142857143	0.8571428571428572
196_H-161	5.0	4.0	1.6171895725927152	0.6115702479338844	0.8181818181818181
197_H-161	6.0	5.0	2.0202442071537563	0.7142857142857143	0.8571428571428572
198_H-161	4.0	4.0	1.9056390622295665	0.71875	1.0
199_H-161	2.0	2.0	0.9182958340544894	0.4444444444444444	0.6666666666666667
19_H-161	4.0	4.0	1.8496017527145816	0.6953125	1.0
1_H-161	3.5	3.0	1.5	0.625	0.5
200_H-161	8.0	5.0	2.113283334294875	0.7407407407407407	0.6666666666666667
201_H-161	2.0	2.0	1.0	0.5	1.0
202_H-161	5.0	5.0	2.1887218755408675	0.7638888888888888	0.9166666666666666
203_H-161	5.5	5.0	1.8638263900908159	0.6728395061728395	0.8888888888888888
204_H-161	6.0	5.0	1.9628066316931743	0.6933333333333334	0.8666666666666667
205_H-161	5.0	4.0	1.7527152789797047	0.6666666666666667	0.7777777777777778
206_H-161	3.0	3.0	1.459147917027245	0.6111111111111112	0.8333333333333334
207_H-161	3.0	3.0	1.2389012566026307	0.5207100591715976	0.9230769230769231
208_H-161	6.0	5.0	2.2359263506290326	0.7755102040816326	0.5714285714285714
209_H-161	3.0	3.0	1.2954618442383217	0.54	0.9
20_H-161	4.0	4.0	1.788450457308289	0.6836734693877551	0.9285714285714286
210_H-161	4.0	4.0	1.75	0.65625	1.0
211_H-161	4.0	4.0	1.9182958340544896	0.7222222222222222	1.0
212_H-161	2.0	2.0	0.9709505944546688	0.48	1.0
213_H-161	5.5	5.0	2.1180782093497093	0.743801652892562	0.8181818181818181
214_H-161	3.0	3.0	1.3787834934861756	0.5714285714285714	0.8571428571428572
215_H-161	5.333333333333333	5.0	2.0403733936884962	0.7107438016528926	0.8181818181818181
216_H-161	4.0	3.0	1.370950594454669	0.5599999999999999	0.6
217_H-161	4.0	4.0	1.6894822670191827	0.6488888888888888	0.9333333333333333
218_H-161	3.0	3.0	1.3516441151533922	0.5679012345679012	0.8888888888888888
219_H-161	4.0	4.0	1.8464393446710157	0.7	0.9
21_H-161	3.0	2.0	1.0	0.5	0.0
220_H-161	4.0	4.0	1.7609640474436812	0.6599999999999999	0.9
221_H-161	5.0	4.0	1.6143308351592656	0.6272189349112426	0.8461538461538461
222_H-161	5.5	5.0	2.1180782093497093	0.743801652892562	0.8181818181818181
223_H-161	3.0	3.0	1.4949188482339508	0.628099173553719	1.0
224_H-161	5.5	5.0	1.9301249653149701	0.6844444444444444	0.8666666666666667
225_H-161	4.0	3.0	1.370950594454669	0.5599999999999999	0.6
226_H-161	6.5	5.0	1.9609640474436811	0.6799999999999999	0.7
227_H-161	5.0	5.0	2.1339375660949167	0.7455621301775148	0.9230769230769231
228_H-161	3.0	3.0	1.0957952550009338	0.4297520661157025	0.9090909090909091
229_H-161	4.0	4.0	1.7464657985040721	0.6666666666666666	0.9333333333333333
22_H-161	4.0	4.0	1.7295739585136223	0.6527777777777778	0.9166666666666666
230_H-161	4.0	3.0	0.7732283485249177	0.2721893491124261	0.8461538461538461
231_H-161	3.0	3.0	1.2243944454059863	0.49382716049382713	0.8888888888888888
232_H-161	5.0	5.0	2.1887218755408675	0.7638888888888888	0.9166666666666666
233_H-161	5.0	5.0	2.2892464285091583	0.7911111111111111	1.0
234_H-161	4.0	4.0	1.9852281360342516	0.7448979591836735	1.0
235_H-161	2.0	2.0	0.9709505944546688	0.48	1.0
236_H-161	5.0	4.0	1.7219280948873625	0.6599999999999999	0.8
237_H-161	4.0	4.0	1.9362600275315274	0.7272727272727273	1.0
238_H-161	4.0	4.0	1.867633890971212	0.7107438016528926	0.9090909090909091
239_H-161	5.5	5.0	1.9301249653149701	0.6844444444444444	0.8666666666666667
23_H-161	4.0	4.0	1.9086126988727126	0.72	1.0
240_H-161	3.0	3.0	1.4591479170272446	0.6111111111111112	0.8333333333333334
241_H-161	3.0	3.0	1.5612781244591325	0.65625	1.0
242_H-161	3.5	3.0	1.5	0.625	0.5
243_H-161	4.0	4.0	1.6049355947431314	0.5866666666666667	1.0
244_H-161	4.0	4.0	2.0	0.75	1.0
245_H-161	3.0	3.0	1.3609640474436813	0.58	0.9
246_H-161	3.0	3.0	1.4355205042826666	0.5925925925925926	1.0
247_H-161	5.0	4.0	1.6854752972273344	0.64	0.8
248_H-161	3.0	3.0	1.556656707462823	0.653061224489796	1.0
249_H-161	4.0	4.0	1.9808259362290785	0.743801652892562	1.0
24_H-161	4.0	3.0	0.9219280948873624	0.33999999999999986	0.8
250_H-161	3.0	2.0	1.0	0.5	0.0
251_H-161	4.0	4.0	1.8352377453121174	0.7040816326530612	0.9285714285714286
252_H-161	4.333333333333333	4.0	1.9182958340544896	0.7222222222222222	0.6666666666666667
253_H-161	3.0	3.0	1.2806721295208872	0.5416666666666666	0.9166666666666666
254_H-161	2.0	2.0	0.954434002924965	0.46875	1.0
255_H-161	3.0	3.0	1.1567796494470395	0.4600000000000001	0.9
256_H-161	4.0	4.0	1.6858157091530304	0.628099173553719	0.9090909090909091
257_H-161	4.5	4.0	1.4911148500551858	0.5454545454545454	0.8181818181818181
258_H-161	4.0	4.0	1.9056390622295665	0.71875	0.875
259_H-161	4.0	4.0	1.936278124459133	0.7265625	1.0
25_H-161	5.5	5.0	2.1709505944546685	0.76	0.8
260_H-161	5.0	5.0	2.292481250360578	0.7916666666666667	1.0
261_H-161	3.0	3.0	1.1567796494470395	0.4600000000000001	0.9
262_H-161	2.0	2.0	0.8631205685666311	0.40816326530612246	1.0
263_H-161	3.0	3.0	1.4854752972273346	0.62	1.0
264_H-161	4.0	4.0	1.867633890971212	0.7107438016528926	0.9090909090909091
265_H-161	5.0	5.0	2.155968102145908	0.7551020408163265	0.9285714285714286
266_H-161	3.0	3.0	1.556656707462823	0.653061224489796	1.0
267_H-161	1.0	1.0	-0.0	0.0	0.0
268_H-161	4.0	4.0	1.9056390622295665	0.71875	0.875
269_H-161	5.333333333333333	5.0	2.1971597234241496	0.7654320987654322	0.7777777777777778
26_H-161	4.0	4.0	1.8553885422075338	0.7083333333333334	0.9166666666666666
270_H-161	3.0	3.0	1.3346791410515946	0.544378698224852	1.0
271_H-161	2.0	2.0	0.9182958340544894	0.4444444444444444	1.0
272_H-161	5.0	4.0	1.7219280948873625	0.6599999999999999	0.8
273_H-161	3.0	3.0	1.4056390622295665	0.59375	0.875
274_H-161	2.0	2.0	0.9182958340544894	0.4444444444444444	0.6666666666666667
275_H-161	4.5	4.0	1.8423709931771086	0.6938775510204082	0.7142857142857143
276_H-161	4.0	4.0	1.7295739585136223	0.6527777777777778	0.9166666666666666
277_H-161	4.0	4.0	1.8464393446710157	0.7	0.9
278_H-161	2.0	2.0	1.0	0.5	1.0
279_H-161	3.5	3.0	1.5	0.625	0.5
27_H-161	3.0	3.0	1.4488156357251847	0.6122448979591837	0.8571428571428572
280_H-161	2.0	2.0	0.9182958340544894	0.4444444444444444	1.0
281_H-161	3.0	3.0	1.2243944454059863	0.49382716049382713	0.8888888888888888
282_H-161	3.0	3.0	1.4949188482339508	0.628099173553719	1.0
283_H-161	6.0	5.0	2.2359263506290326	0.7755102040816326	0.5714285714285714
284_H-161	4.0	4.0	1.8423709931771086	0.6938775510204082	1.0
285_H-161	4.0	4.0	1.771782221599798	0.6796875	0.9375
286_H-161	4.0	3.0	1.061278124459133	0.40625	0.75
287_H-161	2.0	2.0	1.0	0.5	1.0
288_H-161	2.0	2.0	0.7219280948873623	0.31999999999999984	0.8
289_H-161	6.0	5.0	1.8498687225851778	0.6505190311418685	0.8823529411764706
28_H-161	2.0	2.0	0.6500224216483541	0.2777777777777777	0.8333333333333334
290_H-161	4.5	4.0	1.6577427265048887	0.6172839506172839	0.7777777777777778
291_H-161	3.0	3.0	1.5304930567574826	0.6419753086419753	1.0
292_H-161	2.0	2.0	0.8739810481273579	0.4152249134948096	1.0
293_H-161	4.0	3.0	1.2516291673878228	0.5	0.6666666666666667
294_H-161	6.0	3.0	1.584962500721156	0.6666666666666667	0.0
295_H-161	4.0	4.0	1.944009749716357	0.7313019390581718	1.0
296_H-161	4.0	4.0	1.950212064914747	0.7346938775510204	0.8571428571428572
297_H-161	3.0	3.0	1.3844315043405981	0.5694444444444444	1.0
298_H-161	4.0	4.0	1.882856063692049	0.7109375	1.0
299_H-161	2.0	2.0	1.0	0.5	1.0
29_H-161	3.0	3.0	1.556656707462823	0.653061224489796	1.0
2_H-161	5.5	5.0	2.084962500721156	0.7361111111111112	0.8333333333333334
300_H-161	3.0	3.0	1.459147917027245	0.6111111111111112	0.8333333333333334
301_H-161	5.0	4.0	1.6854752972273344	0.64	0.8
302_H-161	4.0	4.0	1.6858157091530304	0.628099173553719	0.9090909090909091
303_H-161	4.0	4.0	1.8553885422075338	0.7083333333333334	0.9166666666666666
304_H-161	4.0	4.0	1.6893917467430877	0.6428571428571428	0.9285714285714286
305_H-161	5.5	4.0	1.9219280948873625	0.72	0.4
306_H-161	4.0	4.0	1.8464393446710157	0.7	0.9
307_H-161	4.0	4.0	1.7055872616982604	0.6577777777777777	0.9333333333333333
308_H-161	4.0	4.0	1.9219280948873625	0.72	1.0
309_H-161	5.0	5.0	2.0713451397302376	0.7345679012345678	0.9444444444444444
30_H-161	3.0	3.0	1.4355205042826666	0.5925925925925926	1.0
310_H-161	3.0	3.0	1.556656707462823	0.653061224489796	1.0
311_H-161	4.0	4.0	1.8262452584026092	0.6982248520710059	0.9230769230769231
312_H-161	4.0	4.0	1.7961796919474975	0.6796875	1.0
313_H-161	4.0	4.0	1.8230679822736608	0.6942148760330579	0.9090909090909091
314_H-161	4.0	4.0	1.9056390622295665	0.71875	0.875
315_H-161	3.0	3.0	1.5	0.625	1.0
316_H-161	2.0	2.0	0.7642045065086203	0.345679012345679	1.0
317_H-161	3.0	3.0	1.3787834934861756	0.5714285714285714	0.8571428571428572
318_H-161	4.0	4.0	1.6691803368667308	0.6272189349112427	0.9230769230769231
319_H-161	5.0	4.0	1.7527152789797047	0.6666666666666667	0.7777777777777778
31_H-161	4.0	4.0	1.7394541964918904	0.671280276816609	0.9411764705882353
320_H-161	2.0	2.0	0.9910760598382222	0.49382716049382713	1.0
321_H-161	4.0	4.0	1.7381493331928664	0.6627218934911242	0.9230769230769231
322_H-161	5.5	5.0	2.1180782093497093	0.743801652892562	0.8181818181818181
323_H-161	4.0	4.0	1.5465935642949384	0.5680473372781065	0.9230769230769231
324_H-161	3.0	3.0	1.2729055953200563	0.5511111111111111	0.9333333333333333
325_H-161	3.0	3.0	1.570950594454669	0.66	1.0
326_H-161	4.0	4.0	1.789929075309999	0.6776859504132231	0.9090909090909091
327_H-161	4.0	4.0	1.7232314287976207	0.64	1.0
328_H-161	5.0	5.0	2.1077352526221045	0.7469135802469136	0.9444444444444444
329_H-161	4.5	4.0	1.8423709931771086	0.6938775510204083	0.7142857142857143
32_H-161	2.0	2.0	0.7642045065086203	0.345679012345679	1.0
330_H-161	2.0	2.0	0.7219280948873623	0.31999999999999984	0.8
331_H-161	4.0	4.0	1.8322628970242685	0.6933333333333334	1.0
332_H-161	5.0	5.0	2.1209520310264027	0.7448979591836735	0.9285714285714286
333_H-161	2.0	2.0	0.9182958340544894	0.4444444444444444	1.0
334_H-161	6.0	5.0	2.16264411804726	0.7603305785123967	0.8181818181818181
335_H-161	2.0	2.0	0.9182958340544894	0.4444444444444444	1.0
336_H-161	1.0	1.0	-0.0	0.0	0.0
337_H-161	4.0	3.0	1.370950594454669	0.5599999999999999	0.6
338_H-161	3.0	3.0	1.0957952550009338	0.4297520661157025	0.9090909090909091
339_H-161	3.0	3.0	1.2363864108712896	0.5429362880886428	0.9473684210526316
33_H-161	4.0	4.0	1.7381493331928664	0.6627218934911242	0.9230769230769231
340_H-161	4.0	4.0	1.9709505944546686	0.74	1.0
341_H-161	5.5	5.0	2.1709505944546685	0.76	0.8
342_H-161	3.0	3.0	1.5485806065228545	0.650887573964497	1.0
343_H-161	5.0	5.0	2.155913095175825	0.7466666666666666	1.0
344_H-161	3.0	3.0	1.4056390622295665	0.59375	0.875
345_H-161	4.0	4.0	1.9241743523004413	0.7244897959183674	1.0
346_H-161	3.0	3.0	1.2806721295208872	0.5416666666666666	0.9166666666666666
347_H-161	3.0	3.0	1.2516291673878228	0.5	1.0
348_H-161	4.0	4.0	1.9219280948873625	0.72	1.0
349_H-161	3.0	3.0	1.556656707462823	0.653061224489796	1.0
34_H-161	4.0	3.0	1.370950594454669	0.56	0.6
350_H-161	4.0	4.0	1.9241743523004413	0.7244897959183674	1.0
351_H-161	4.0	4.0	1.950212064914747	0.7346938775510204	0.8571428571428572
352_H-161	5.0	5.0	2.1545360655058308	0.7534626038781164	1.0
353_H-161	3.0	3.0	1.584962500721156	0.6666666666666667	1.0
354_H-161	3.5	3.0	1.5	0.625	0.5
355_H-161	4.0	4.0	1.7273966735744788	0.6632653061224489	0.9285714285714286
356_H-161	3.0	3.0	1.4315602842833153	0.6020408163265306	1.0
357_H-161	7.0	4.0	1.7924812503605778	0.6666666666666666	0.5
358_H-161	3.0	3.0	1.4488156357251847	0.6122448979591837	0.8571428571428572
359_H-161	5.0	5.0	2.2359263506290326	0.7755102040816326	1.0
35_H-161	4.0	3.0	1.2516291673878228	0.5	0.6666666666666667
360_H-161	8.0	5.0	2.0048861640918427	0.7107438016528925	0.7272727272727273
361_H-161	4.333333333333333	4.0	1.9182958340544896	0.7222222222222222	0.6666666666666667
362_H-161	4.0	4.0	1.950212064914747	0.7346938775510204	0.8571428571428572
363_H-161	4.0	4.0	1.9056390622295665	0.71875	0.875
364_H-161	3.0	3.0	1.5304930567574826	0.6419753086419753	1.0
365_H-161	4.0	4.0	1.789929075309999	0.6776859504132231	0.9090909090909091
366_H-161	4.0	4.0	1.8553885422075338	0.7083333333333334	0.9166666666666666
367_H-161	4.0	4.0	1.8262452584026092	0.6982248520710059	0.9230769230769231
369_H-161	3.0	3.0	1.1567796494470395	0.4600000000000001	0.9
36_H-161	4.0	4.0	1.8262452584026092	0.6982248520710059	0.9230769230769231
370_H-161	4.5	4.0	1.570950594454669	0.58	0.8
371_H-161	4.0	4.0	1.8879185026711327	0.7083333333333333	1.0
372_H-161	4.0	4.0	1.950212064914747	0.7346938775510204	0.8571428571428572
373_H-161	3.0	3.0	1.3609640474436813	0.58	0.9
374_H-161	3.0	3.0	1.2406705316766884	0.5123966942148761	0.9090909090909091
375_H-161	5.0	4.0	1.7219280948873625	0.6599999999999999	0.8
376_H-161	3.0	3.0	1.459147917027245	0.6111111111111112	0.8333333333333334
377_H-161	4.0	4.0	1.7899290753099995	0.6776859504132231	0.9090909090909091
378_H-161	3.0	3.0	1.4355205042826666	0.5925925925925926	1.0
379_H-161	3.0	3.0	1.3787834934861756	0.5714285714285714	0.8571428571428572
37_H-161	5.333333333333333	5.0	2.0403733936884962	0.7107438016528926	0.8181818181818181
380_H-161	4.0	4.0	1.8464393446710157	0.7	0.9
381_H-161	4.0	4.0	1.7779849042597489	0.685121107266436	0.9411764705882353
382_H-161	4.0	4.0	1.867633890971212	0.7107438016528926	0.9090909090909091
383_H-161	5.0	5.0	2.116299605701696	0.7474048442906573	0.9411764705882353
384_H-161	4.0	4.0	1.9241743523004413	0.7244897959183674	1.0
385_H-161	5.0	5.0	2.2295739585136225	0.7777777777777778	0.9166666666666666
386_H-161	3.0	3.0	1.3787834934861756	0.5714285714285714	0.8571428571428572
387_H-161	5.0	5.0	2.2810361125534238	0.7901234567901234	0.8888888888888888
388_H-161	2.0	2.0	0.9940302114769566	0.49586776859504145	1.0
389_H-161	4.0	4.0	1.9056390622295665	0.71875	0.875
38_H-161	3.0	3.0	1.556656707462823	0.653061224489796	1.0
390_H-161	4.0	4.0	1.867633890971212	0.7107438016528926	0.9090909090909091
391_H-161	3.0	3.0	1.4854752972273346	0.62	1.0
392_H-161	2.0	2.0	0.9709505944546688	0.48	1.0
393_H-161	4.0	3.0	0.9864267287308426	0.37037037037037024	0.7777777777777778
394_H-161	3.0	3.0	1.5	0.625	1.0
395_H-161	3.0	3.0	1.4591479170272446	0.6111111111111112	1.0
396_H-161	5.0	5.0	2.074164743022575	0.7244897959183674	0.9285714285714286
397_H-161	2.0	2.0	0.8112781244591328	0.375	0.75
398_H-161	5.0	5.0	2.188721875540867	0.7638888888888888	0.9166666666666666
399_H-161	4.0	4.0	1.867633890971212	0.7107438016528926	0.9090909090909091
39_H-161	1.0	1.0	-0.0	0.0	1.0
3_H-161	3.0	3.0	1.4604846813131116	0.6153846153846153	1.0
400_H-161	3.0	3.0	1.1567796494470395	0.4600000000000001	0.9
401_H-161	3.0	3.0	1.584962500721156	0.6666666666666667	1.0
402_H-161	4.0	4.0	1.6578764348499597	0.6435986159169551	0.9411764705882353
403_H-161	5.333333333333333	5.0	1.881094760110075	0.650887573964497	0.8461538461538461
404_H-161	4.0	4.0	1.950212064914747	0.7346938775510204	0.8571428571428572
405_H-161	2.0	2.0	0.7793498372920851	0.3550295857988165	1.0
406_H-161	4.0	4.0	1.8910611120726528	0.7160493827160495	0.8888888888888888
407_H-161	3.0	3.0	1.3221793455166666	0.5619834710743802	0.9090909090909091
408_H-161	3.0	3.0	1.3787834934861756	0.5714285714285714	0.8571428571428572
409_H-161	4.5	4.0	1.8423709931771086	0.6938775510204082	0.7142857142857143
40_H-161	4.0	4.0	1.784159127851422	0.6805555555555556	0.9166666666666666
410_H-161	4.5	4.0	1.2916919971380596	0.4591836734693878	0.8571428571428572
411_H-161	5.5	5.0	1.7947367178034823	0.625	0.875
412_H-161	3.0	3.0	1.360964047443681	0.58	0.9
413_H-161	4.0	4.0	1.950212064914747	0.7346938775510203	0.8571428571428572
414_H-161	3.0	3.0	1.5304930567574826	0.6419753086419753	1.0
415_H-161	4.5	4.0	1.4911148500551858	0.5454545454545455	0.8181818181818181
416_H-161	5.5	5.0	1.8452178053170998	0.6703601108033241	0.8947368421052632
417_H-161	3.0	3.0	1.5219280948873626	0.6399999999999999	0.8
418_H-161	3.0	3.0	1.3609640474436813	0.58	0.9
419_H-161	5.5	5.0	1.9852281360342514	0.7040816326530612	0.8571428571428572
41_H-161	2.0	2.0	0.8112781244591328	0.375	0.75
420_H-161	3.0	3.0	1.41379956460568	0.5816326530612246	1.0
421_H-161	5.5	5.0	1.8248169862168622	0.6592797783933518	0.8947368421052632
422_H-161	3.0	3.0	1.3485878960124225	0.578512396694215	0.9090909090909091
423_H-161	4.0	4.0	1.884313527799799	0.7100591715976331	1.0
424_H-161	3.0	3.0	1.3516441151533924	0.5679012345679012	1.0
425_H-161	3.0	3.0	1.5219280948873626	0.6399999999999999	0.8
426_H-161	5.0	5.0	2.2806390622295667	0.7890625	1.0
427_H-161	3.0	3.0	1.459147917027245	0.6111111111111112	0.8333333333333334
428_H-161	8.0	5.0	1.971747257128181	0.6942148760330579	0.7272727272727273
429_H-161	5.0	4.0	1.7219280948873625	0.6599999999999999	0.8
42_H-161	5.5	5.0	2.038159681645953	0.7218934911242603	0.8461538461538461
430_H-161	5.0	4.0	1.6767370300521327	0.6446280991735538	0.8181818181818181
431_H-161	5.0	5.0	2.2016094970590276	0.765	1.0
432_H-161	3.0	3.0	1.2987949406953987	0.53125	0.875
433_H-161	2.0	2.0	0.9709505944546688	0.48	1.0
434_H-161	4.0	4.0	1.8230679822736608	0.6942148760330579	0.9090909090909091
435_H-161	6.0	5.0	2.075869296697727	0.7337278106508875	0.8461538461538461
436_H-161	4.5	4.0	1.6577427265048887	0.6172839506172839	0.7777777777777778
437_H-161	5.0	5.0	1.8814099964358764	0.671201814058957	0.9523809523809523
438_H-161	3.0	3.0	1.5262349099495225	0.6390532544378698	1.0
439_H-161	5.333333333333333	5.0	2.1219280948873624	0.74	0.8
43_H-161	5.0	5.0	2.013132465170739	0.7022222222222222	0.9333333333333333
440_H-161	5.0	5.0	2.155221528859512	0.7592592592592593	0.9444444444444444
441_H-161	3.0	3.0	1.3921472236645347	0.5925925925925926	0.8888888888888888
442_H-161	2.0	2.0	0.8112781244591328	0.375	0.75
443_H-161	3.0	3.0	1.4854752972273346	0.62	1.0
444_H-161	6.0	3.0	1.584962500721156	0.6666666666666667	0.0
445_H-161	2.0	2.0	0.9182958340544894	0.4444444444444444	1.0
446_H-161	4.0	4.0	1.825011210824177	0.6944444444444444	0.9166666666666666
447_H-161	4.0	4.0	1.8585552118703148	0.6942148760330579	1.0
448_H-161	4.0	4.0	1.867633890971212	0.7107438016528926	0.9090909090909091
449_H-161	3.0	3.0	1.4056390622295665	0.59375	0.875
44_H-161	4.5	4.0	1.8423709931771086	0.6938775510204083	0.7142857142857143
450_H-161	4.0	4.0	1.8585552118703144	0.6942148760330579	1.0
451_H-161	4.0	4.0	1.7295739585136227	0.6527777777777778	0.9166666666666666
452_H-161	3.0	3.0	1.459147917027245	0.6111111111111112	0.8333333333333334
453_H-161	4.0	4.0	1.7961796919474975	0.6796875	1.0
454_H-161	4.0	4.0	1.95006375643621	0.7337278106508875	1.0
455_H-161	5.0	4.0	1.5510981710072649	0.5833333333333333	0.8333333333333334
456_H-161	5.0	5.0	2.074164743022575	0.7244897959183674	0.9285714285714286
457_H-161	4.0	4.0	1.8230679822736608	0.6942148760330579	0.9090909090909091
458_H-161	4.0	4.0	1.788450457308289	0.6836734693877551	0.9285714285714286
459_H-161	3.0	3.0	1.4355205042826666	0.5925925925925926	1.0
45_H-161	3.0	3.0	1.561278124459133	0.65625	1.0
460_H-161	5.333333333333333	5.0	2.0403733936884962	0.7107438016528926	0.8181818181818181
461_H-161	4.0	4.0	1.8464393446710157	0.7	0.9
462_H-161	8.0	5.0	1.822815600352516	0.6577777777777778	0.8
463_H-161	2.0	2.0	0.7219280948873623	0.31999999999999984	0.8
464_H-161	4.0	4.0	1.6858157091530304	0.628099173553719	0.9090909090909091
465_H-161	3.0	3.0	1.584962500721156	0.6666666666666667	1.0
466_H-161	5.0	5.0	2.199687794731328	0.7692307692307692	0.9230769230769231
467_H-161	4.0	4.0	1.805036532577266	0.6953125	0.9375
468_H-161	2.0	2.0	0.8631205685666311	0.40816326530612246	1.0
469_H-161	4.0	4.0	1.836591668108979	0.691358024691358	0.8888888888888888
46_H-161	2.0	2.0	0.9910760598382222	0.49382716049382713	1.0
470_H-161	4.0	4.0	1.974937501201927	0.7407407407407407	1.0
471_H-161	2.0	2.0	0.9182958340544894	0.4444444444444444	1.0
472_H-161	5.0	4.0	1.4287947340047853	0.5595567867036011	0.8947368421052632
473_H-161	4.0	4.0	1.7609640474436812	0.6599999999999999	0.9
474_H-161	3.0	3.0	1.5304930567574826	0.6419753086419753	1.0
475_H-161	1.0	1.0	-0.0	0.0	1.0
476_H-161	5.0	5.0	2.1209520310264027	0.7448979591836735	0.9285714285714286
477_H-161	4.0	4.0	1.9056390622295665	0.71875	1.0
478_H-161	5.0	5.0	1.9894908719265079	0.7024793388429753	0.9545454545454546
479_H-161	4.0	4.0	1.7464657985040721	0.6666666666666666	0.9333333333333333
47_H-161	2.0	2.0	0.5916727785823274	0.24489795918367352	0.8571428571428572
480_H-161	2.0	2.0	0.8112781244591328	0.375	0.75
481_H-161	4.5	4.0	1.6577427265048887	0.6172839506172839	0.7777777777777778
482_H-161	4.0	3.0	1.370950594454669	0.5599999999999999	0.6
483_H-161	7.0	4.0	1.6644977792004614	0.6122448979591837	0.5714285714285714
484_H-161	3.0	3.0	1.4604846813131114	0.6153846153846153	1.0
485_H-161	4.0	3.0	1.2516291673878228	0.5	0.6666666666666667
486_H-161	4.5	4.0	1.8423709931771086	0.6938775510204083	0.7142857142857143
487_H-161	4.0	4.0	1.884313527799799	0.7100591715976331	1.0
488_H-161	6.0	5.0	2.2359263506290326	0.7755102040816326	0.5714285714285714
489_H-161	6.0	3.0	1.584962500721156	0.6666666666666667	0.0
48_H-161	2.0	2.0	0.8112781244591328	0.375	1.0
490_H-161	3.0	3.0	1.4488156357251847	0.6122448979591837	0.8571428571428572
491_H-161	5.5	5.0	1.987773371487984	0.6982248520710059	0.8461538461538461
492_H-161	4.0	4.0	1.8464393446710157	0.7	0.9
493_H-161	4.5	4.0	1.570950594454669	0.58	0.8
494_H-161	5.333333333333333	5.0	2.0403733936884962	0.7107438016528926	0.8181818181818181
495_H-161	2.0	2.0	0.9910760598382222	0.49382716049382713	1.0
496_H-161	3.0	3.0	1.4056390622295665	0.59375	0.875
497_H-161	5.0	4.0	1.8112781244591327	0.6875	0.75
498_H-161	4.0	4.0	1.7244078178625926	0.653061224489796	0.9285714285714286
499_H-161	4.5	4.0	1.5709505944546687	0.5800000000000001	0.8
49_H-161	6.0	5.0	1.9016094970590276	0.69	0.9
4_H-161	7.0	4.0	1.5487949406953987	0.5625	0.625
500_H-161	4.0	4.0	1.950212064914747	0.7346938775510204	1.0
501_H-161	2.0	2.0	0.9852281360342515	0.48979591836734704	1.0
502_H-161	5.0	5.0	2.117492461184755	0.7361111111111112	0.9166666666666666
503_H-161	5.0	4.0	1.5510981710072644	0.5833333333333333	0.8333333333333334
504_H-161	4.0	4.0	1.7609640474436814	0.6599999999999999	0.9
505_H-161	2.0	2.0	0.9182958340544894	0.4444444444444444	0.6666666666666667
506_H-161	4.0	4.0	1.807763576417194	0.6782006920415224	1.0
507_H-161	3.0	3.0	1.5219280948873626	0.6399999999999999	1.0
508_H-161	4.0	4.0	1.647730922119161	0.635	0.95
509_H-161	5.333333333333333	5.0	2.0403733936884962	0.7107438016528926	0.8181818181818181
50_H-161	4.0	3.0	1.1488348542809166	0.44897959183673464	0.7142857142857143
510_H-161	4.0	4.0	1.7381493331928664	0.6627218934911242	0.9230769230769231
511_H-161	4.0	4.0	1.6140054628542204	0.5972222222222222	0.9166666666666666
512_H-161	3.0	3.0	1.3516441151533922	0.5679012345679012	0.8888888888888888
513_H-161	2.0	2.0	0.6500224216483541	0.2777777777777777	0.8333333333333334
514_H-161	4.0	3.0	1.2516291673878228	0.5	0.6666666666666667
515_H-161	4.0	4.0	2.0	0.75	1.0
516_H-161	3.0	3.0	1.4056390622295665	0.59375	0.875
517_H-161	2.0	2.0	0.9456603046006401	0.4628099173553719	1.0
518_H-161	3.0	3.0	1.459147917027245	0.6111111111111112	0.8333333333333334
519_H-161	4.0	4.0	1.9056390622295662	0.71875	0.875
51_H-161	3.5	3.0	1.5	0.625	0.5
520_H-161	4.5	4.0	1.8423709931771086	0.6938775510204083	0.7142857142857143
521_H-161	4.0	4.0	1.9056390622295665	0.71875	0.875
522_H-161	3.0	3.0	1.429473298359841	0.6044444444444443	1.0
523_H-161	4.0	3.0	0.9864267287308426	0.37037037037037024	0.7777777777777778
524_H-161	3.5	3.0	1.5	0.625	0.5
525_H-161	2.0	2.0	0.8112781244591328	0.375	1.0
526_H-161	4.5	4.0	1.6577427265048887	0.6172839506172839	0.7777777777777778
527_H-161	4.0	4.0	1.836591668108979	0.691358024691358	0.8888888888888888
528_H-161	2.0	2.0	0.9182958340544894	0.4444444444444444	1.0
529_H-161	4.0	4.0	1.8910611120726528	0.7160493827160495	0.8888888888888888
52_H-161	4.5	4.0	1.8423709931771086	0.6938775510204083	0.7142857142857143
530_H-161	7.0	4.0	1.6644977792004612	0.6122448979591837	0.5714285714285714
531_H-161	5.0	4.0	1.5216406363433184	0.5816326530612246	0.8571428571428572
532_H-161	4.0	3.0	1.061278124459133	0.40625	0.75
533_H-161	4.5	4.0	1.8423709931771086	0.6938775510204083	0.7142857142857143
534_H-161	4.0	4.0	1.8464393446710157	0.7	0.9
535_H-161	3.0	3.0	1.4056390622295665	0.59375	1.0
536_H-161	4.0	3.0	1.1488348542809168	0.44897959183673464	0.7142857142857143
537_H-161	3.0	3.0	1.4488156357251847	0.6122448979591837	0.8571428571428572
538_H-161	2.0	2.0	0.8112781244591328	0.375	1.0
539_H-161	3.0	3.0	1.3516441151533922	0.5679012345679012	0.8888888888888888
53_H-161	4.5	4.0	1.6577427265048887	0.6172839506172839	0.7777777777777778
540_H-161	5.0	5.0	2.041446071165522	0.725	0.95
541_H-161	3.0	3.0	1.5	0.625	1.0
542_H-161	6.5	5.0	2.058813890331201	0.7160493827160495	0.6666666666666667
543_H-161	3.0	3.0	1.2243944454059863	0.49382716049382713	0.8888888888888888
544_H-161	3.0	3.0	1.570950594454669	0.6599999999999999	1.0
545_H-161	4.5	4.0	1.352030101757953	0.485207100591716	0.8461538461538461
546_H-161	5.0	4.0	1.7219280948873625	0.6599999999999999	0.8
547_H-161	4.0	4.0	1.6691803368667308	0.6272189349112426	0.9230769230769231
548_H-161	5.5	5.0	2.1709505944546685	0.76	0.8
549_H-161	4.0	4.0	1.8423709931771086	0.6938775510204082	1.0
54_H-161	3.0	3.0	1.5	0.625	1.0
550_H-161	3.0	3.0	1.3221793455166666	0.5619834710743802	0.9090909090909091
551_H-161	4.0	4.0	1.9056390622295665	0.71875	0.875
552_H-161	4.0	4.0	1.7609640474436814	0.66	0.9
553_H-161	2.0	2.0	0.9709505944546688	0.48	1.0
554_H-161	5.5	5.0	2.1709505944546685	0.76	0.8
555_H-161	4.0	4.0	1.950212064914747	0.7346938775510203	0.8571428571428572
556_H-161	4.0	4.0	1.8910611120726528	0.7160493827160495	0.8888888888888888
557_H-161	6.5	5.0	2.0588138903312014	0.7160493827160495	0.6666666666666667
558_H-161	3.0	3.0	1.4353713907745334	0.5950413223140496	1.0
559_H-161	4.0	4.0	1.8496017527145814	0.6953125	1.0
55_H-161	5.0	5.0	2.0729055953200564	0.7288888888888889	0.9333333333333333
560_H-161	4.0	4.0	1.8262452584026092	0.6982248520710059	0.9230769230769231
561_H-161	5.0	5.0	2.2577560641285177	0.7810650887573964	1.0
562_H-161	2.0	2.0	1.0	0.5	1.0
563_H-161	2.0	2.0	0.9182958340544894	0.4444444444444444	1.0
564_H-161	2.0	2.0	0.9709505944546688	0.48	1.0
565_H-161	5.0	5.0	2.021782221599798	0.7109375	0.9375
566_H-161	5.0	5.0	1.9075169719509486	0.6848072562358276	0.9523809523809523
567_H-161	5.0	5.0	2.1492553971685	0.7555555555555555	0.9333333333333333
568_H-161	3.0	3.0	1.539484756931502	0.6446280991735538	1.0
569_H-161	3.0	3.0	1.3787834934861756	0.5714285714285714	0.8571428571428572
56_H-161	4.0	4.0	1.95006375643621	0.7337278106508875	1.0
570_H-161	4.0	4.0	1.6691803368667308	0.6272189349112427	0.9230769230769231
571_H-161	4.0	4.0	1.7489992230622806	0.671875	0.9375
572_H-161	4.5	4.0	1.75	0.65625	0.75
573_H-161	4.0	4.0	1.825011210824177	0.6944444444444444	0.9166666666666666
574_H-161	4.0	4.0	1.7841591278514217	0.6805555555555556	0.9166666666666666
575_H-161	4.0	4.0	1.8512268158971918	0.698961937716263	1.0
576_H-161	4.0	3.0	1.061278124459133	0.40625	0.75
577_H-161	4.0	4.0	1.9056390622295665	0.71875	0.875
578_H-161	5.0	5.0	2.063865121950854	0.735	0.95
579_H-161	3.0	3.0	1.5219280948873626	0.6399999999999999	0.8
57_H-161	3.0	3.0	1.4315602842833153	0.6020408163265306	1.0
580_H-161	3.0	3.0	1.3921472236645347	0.5925925925925926	0.8888888888888888
581_H-161	4.5	4.0	1.6577427265048887	0.6172839506172839	0.7777777777777778
582_H-161	4.0	4.0	1.6691803368667308	0.6272189349112427	0.9230769230769231
583_H-161	4.5	4.0	1.6577427265048887	0.6172839506172839	0.7777777777777778
584_H-161	4.0	4.0	1.9362600275315274	0.7272727272727273	1.0
585_H-161	5.5	5.0	2.0381596816459533	0.7218934911242603	0.8461538461538461
586_H-161	3.0	3.0	1.370950594454669	0.5599999999999999	1.0
587_H-161	3.0	3.0	1.198183947911799	0.47337278106508884	1.0
588_H-161	3.5	3.0	1.5	0.625	0.5
589_H-161	2.0	2.0	0.9182958340544894	0.4444444444444444	1.0
58_H-161	3.0	3.0	1.1589385323502772	0.48	0.9333333333333333
590_H-161	5.0	5.0	2.1887218755408675	0.7638888888888888	0.9166666666666666
591_H-161	4.0	4.0	1.6894822670191825	0.6488888888888888	0.9333333333333333
592_H-161	4.0	4.0	1.950212064914747	0.7346938775510204	0.8571428571428572
593_H-161	3.0	3.0	1.1567796494470395	0.4600000000000001	0.9
594_H-161	2.0	2.0	0.954434002924965	0.46875	1.0
595_H-161	4.5	4.0	1.75	0.65625	0.75
596_H-161	3.0	3.0	1.5304930567574826	0.6419753086419753	1.0
597_H-161	3.0	3.0	1.3921472236645347	0.5925925925925926	0.8888888888888888
598_H-161	2.0	2.0	0.9182958340544894	0.4444444444444444	1.0
599_H-161	4.0	4.0	1.8112781244591327	0.6875	1.0
59_H-161	3.0	3.0	1.3787834934861756	0.5714285714285714	0.8571428571428572
5_H-161	4.0	4.0	1.9898980954642875	0.7466666666666666	1.0
600_H-161	6.0	5.0	1.9254106352407239	0.685121107266436	0.8823529411764706
601_H-161	3.0	3.0	1.584962500721156	0.6666666666666667	1.0
602_H-161	4.0	4.0	1.9056390622295665	0.71875	0.875
603_H-161	3.0	3.0	1.2638091738835462	0.5408163265306123	0.9285714285714286
604_H-161	3.0	3.0	1.5219280948873626	0.6399999999999999	0.8
605_H-161	4.0	4.0	1.805036532577266	0.6953125	0.9375
606_H-161	4.0	4.0	1.7295739585136223	0.6527777777777778	0.9166666666666666
607_H-161	3.0	3.0	1.3516441151533924	0.5679012345679012	0.8888888888888888
608_H-161	3.0	3.0	1.1887218755408673	0.48611111111111116	0.9166666666666666
609_H-161	4.5	4.0	1.8423709931771086	0.6938775510204083	0.7142857142857143
60_H-161	4.0	3.0	1.2516291673878228	0.5	0.6666666666666667
610_H-161	5.0	4.0	1.6258145836939113	0.625	0.8333333333333334
611_H-161	3.5	3.0	1.5	0.625	0.5
612_H-161	4.0	4.0	1.789929075309999	0.6776859504132231	0.9090909090909091
613_H-161	3.0	3.0	1.5219280948873626	0.6399999999999999	1.0
614_H-161	4.0	4.0	1.7295739585136227	0.6527777777777778	0.9166666666666666
615_H-161	2.0	2.0	0.8453509366224364	0.39669421487603307	1.0
616_H-161	4.0	4.0	1.8773870642966128	0.7040816326530612	1.0
617_H-161	3.0	3.0	1.3609640474436813	0.58	0.9
618_H-161	6.0	5.0	2.0670314951575843	0.7346938775510203	0.8571428571428572
619_H-161	3.5	3.0	1.5	0.625	0.5
61_H-161	3.0	3.0	1.561278124459133	0.65625	1.0
620_H-161	2.0	2.0	0.9709505944546688	0.48	1.0
621_H-161	4.0	4.0	1.836591668108979	0.691358024691358	0.8888888888888888
622_H-161	3.0	3.0	1.4949188482339508	0.628099173553719	1.0
623_H-161	3.0	3.0	1.2987949406953987	0.53125	0.875
624_H-161	2.0	2.0	0.7219280948873623	0.31999999999999984	1.0
625_H-161	4.0	3.0	1.370950594454669	0.56	0.6
626_H-161	5.0	4.0	1.617189572592715	0.6115702479338844	0.8181818181818181
627_H-161	2.0	2.0	0.9940302114769566	0.49586776859504145	1.0
628_H-161	3.0	3.0	1.3787834934861756	0.5714285714285714	0.8571428571428572
629_H-161	3.0	3.0	1.5262349099495225	0.6390532544378698	1.0
62_H-161	3.0	3.0	1.3787834934861756	0.5714285714285714	0.8571428571428572
630_H-161	3.0	3.0	1.3921472236645347	0.5925925925925926	0.8888888888888888
631_H-161	6.0	5.0	2.2359263506290326	0.7755102040816326	0.5714285714285714
632_H-161	3.0	3.0	1.4591479170272446	0.6111111111111112	0.8333333333333334
633_H-161	6.5	5.0	2.1556390622295667	0.75	0.625
634_H-161	3.0	3.0	1.2638091738835462	0.5408163265306123	0.9285714285714286
635_H-161	2.0	2.0	0.43949698692151334	0.16528925619834722	0.9090909090909091
636_H-161	4.0	4.0	1.772077253735081	0.6851851851851851	0.9444444444444444
637_H-161	5.0	5.0	2.176908169168578	0.7592592592592593	1.0
638_H-161	6.0	5.0	2.1258145836939115	0.75	0.8333333333333334
639_H-161	5.0	5.0	2.057924310831006	0.728395061728395	0.9444444444444444
63_H-161	4.0	4.0	1.7381493331928664	0.6627218934911242	0.9230769230769231
640_H-161	4.0	4.0	1.6858157091530304	0.628099173553719	0.9090909090909091
641_H-161	3.0	3.0	1.4833557549816876	0.625	1.0
642_H-161	3.0	3.0	1.5	0.625	1.0
643_H-161	4.0	4.0	1.9362600275315274	0.7272727272727273	1.0
644_H-161	5.0	5.0	2.2098886380147267	0.7653061224489797	1.0
645_H-161	4.0	3.0	1.2516291673878228	0.5	0.6666666666666667
646_H-161	2.0	2.0	0.8112781244591328	0.375	0.75
647_H-161	2.0	2.0	0.9709505944546688	0.48	1.0
648_H-161	3.0	3.0	1.4488156357251847	0.6122448979591837	1.0
649_H-161	3.0	3.0	1.3221793455166666	0.5619834710743802	0.9090909090909091
64_H-161	5.0	5.0	2.161978179679554	0.757396449704142	0.9230769230769231
650_H-161	4.0	4.0	1.8464393446710154	0.7	0.9
651_H-161	3.0	3.0	1.4056390622295665	0.59375	1.0
652_H-161	3.0	3.0	1.3092966682370037	0.5289256198347108	1.0
653_H-161	3.0	3.0	1.459147917027245	0.6111111111111112	0.8333333333333334
654_H-161	4.0	3.0	1.2516291673878228	0.5	0.6666666666666667
655_H-161	10.0	4.0	2.0	0.75	0.0
656_H-161	2.0	2.0	0.8112781244591328	0.375	0.75
657_H-161	5.5	5.0	2.1709505944546685	0.76	0.8
658_H-161	4.0	3.0	1.2516291673878228	0.5	0.6666666666666667
659_H-161	3.0	3.0	1.1401156785146092	0.46153846153846156	0.9230769230769231
65_H-161	3.0	3.0	1.5	0.625	1.0
660_H-161	4.0	4.0	1.7990156706551215	0.6759002770083103	1.0
661_H-161	4.0	4.0	1.83392721764183	0.6863905325443787	1.0
662_H-161	5.0	5.0	2.1559681021459074	0.7551020408163265	0.9285714285714286
663_H-161	3.0	3.0	1.3787834934861756	0.5714285714285714	0.8571428571428572
664_H-161	3.0	3.0	1.325011210824177	0.5694444444444444	0.9166666666666666
665_H-161	3.0	3.0	1.3516441151533922	0.5679012345679012	0.8888888888888888
666_H-161	2.0	2.0	0.8112781244591328	0.375	0.75
667_H-161	4.5	4.0	1.8423709931771086	0.6938775510204083	0.7142857142857143
668_H-161	5.333333333333333	5.0	1.9591479170272446	0.6805555555555556	0.8333333333333334
669_H-161	6.0	5.0	2.0670314951575843	0.7346938775510203	0.8571428571428572
66_H-161	3.0	3.0	1.3609640474436813	0.58	0.9
670_H-161	4.0	3.0	1.061278124459133	0.40625	0.75
671_H-161	5.0	4.0	1.617189572592715	0.6115702479338844	0.8181818181818181
672_H-161	4.0	4.0	1.7841591278514217	0.6805555555555556	0.9166666666666666
673_H-161	5.0	4.0	1.6171895725927152	0.6115702479338844	0.8181818181818181
674_H-161	5.0	5.0	2.256564762130954	0.7822222222222222	1.0
675_H-161	1.0	1.0	-0.0	0.0	1.0
676_H-161	5.333333333333333	5.0	2.1219280948873624	0.74	0.8
677_H-161	6.5	5.0	2.1556390622295667	0.75	0.625
678_H-161	3.0	3.0	1.5304930567574826	0.6419753086419753	1.0
679_H-161	2.0	2.0	0.9709505944546688	0.48	1.0
67_H-161	3.0	3.0	1.5612781244591325	0.65625	1.0
680_H-161	5.5	5.0	2.084962500721156	0.7361111111111112	0.8333333333333334
681_H-161	5.0	5.0	2.1339375660949167	0.7455621301775148	0.9230769230769231
682_H-161	3.0	3.0	1.3485878960124225	0.578512396694215	0.9090909090909091
683_H-161	3.0	3.0	1.5219280948873626	0.6399999999999999	1.0
684_H-161	3.0	3.0	1.3609640474436813	0.58	0.9
685_H-161	4.0	4.0	1.8585552118703144	0.6942148760330579	1.0
686_H-161	4.0	4.0	1.8464393446710154	0.7	0.9
687_H-161	4.0	3.0	1.2516291673878228	0.5	0.6666666666666667
688_H-161	4.0	4.0	1.8352377453121176	0.7040816326530612	0.9285714285714286
689_H-161	4.0	4.0	1.974937501201927	0.7407407407407407	1.0
68_H-161	1.0	1.0	-0.0	0.0	1.0
690_H-161	5.0	4.0	1.6767370300521327	0.6446280991735538	0.8181818181818181
691_H-161	3.0	3.0	1.584962500721156	0.6666666666666667	1.0
692_H-161	3.0	3.0	1.295461844238322	0.54	0.9
693_H-161	3.0	3.0	1.2987949406953987	0.53125	0.875
694_H-161	8.0	5.0	1.870253816431622	0.6734693877551021	0.7857142857142857
695_H-161	3.0	3.0	1.4591479170272446	0.6111111111111112	0.8333333333333334
696_H-161	4.5	4.0	1.8423709931771086	0.6938775510204083	0.7142857142857143
697_H-161	4.0	4.0	1.836591668108979	0.691358024691358	0.8888888888888888
698_H-161	5.0	5.0	2.074164743022575	0.7244897959183674	0.9285714285714286
699_H-161	4.0	4.0	1.77585894824464	0.6745562130177514	0.9230769230769231
69_H-161	4.5	4.0	1.4911148500551858	0.5454545454545454	0.8181818181818181
6_H-161	4.0	4.0	1.7841591278514217	0.6805555555555556	0.9166666666666666
700_H-161	5.0	4.0	1.6258145836939113	0.625	0.8333333333333334
701_H-161	3.0	3.0	1.556656707462823	0.653061224489796	1.0
702_H-161	3.0	3.0	1.3787834934861756	0.5714285714285714	0.8571428571428572
703_H-161	5.5	5.0	1.7187828921272557	0.6038781163434903	0.8947368421052632
704_H-161	1.0	1.0	-0.0	0.0	1.0
705_H-161	4.0	4.0	1.8464393446710157	0.7	0.9
706_H-161	3.0	3.0	1.459147917027245	0.6111111111111112	0.8333333333333334
707_H-161	3.0	3.0	1.3787834934861756	0.5714285714285714	0.8571428571428572
708_H-161	3.0	3.0	1.5219280948873626	0.6399999999999999	0.8
709_H-161	6.5	5.0	2.1556390622295662	0.75	0.625
70_H-161	4.0	4.0	1.7055872616982604	0.6577777777777777	0.9333333333333333
710_H-161	4.0	4.0	1.7273966735744792	0.6632653061224489	0.9285714285714286
711_H-161	5.0	5.0	2.1735572622751853	0.7644444444444445	0.9333333333333333
712_H-161	4.5	4.0	1.6577427265048887	0.6172839506172839	0.7777777777777778
713_H-161	5.0	5.0	2.057946435841648	0.7202216066481995	1.0
714_H-161	4.5	4.0	1.8423709931771086	0.6938775510204083	0.7142857142857143
715_H-161	3.0	3.0	1.4488156357251847	0.6122448979591837	0.8571428571428572
716_H-161	5.0	5.0	2.0550365325772657	0.7265625	0.9375
717_H-161	4.0	4.0	1.8262452584026092	0.6982248520710059	0.9230769230769231
718_H-161	4.0	4.0	1.9749375012019272	0.7407407407407407	1.0
719_H-161	4.0	4.0	1.9328045775391227	0.726643598615917	1.0
71_H-161	4.0	4.0	1.6140054628542204	0.5972222222222221	0.9166666666666666
720_H-161	4.5	4.0	1.75	0.65625	0.75
721_H-161	2.0	2.0	0.7219280948873623	0.31999999999999984	0.8
722_H-161	5.25	5.0	2.25	0.78125	0.75
723_H-161	3.0	2.0	1.0	0.5	0.0
724_H-161	4.0	4.0	1.610577243331642	0.6020408163265306	0.9285714285714286
725_H-161	2.0	2.0	0.9182958340544894	0.4444444444444444	1.0
726_H-161	4.0	4.0	1.970950594454669	0.74	1.0
727_H-161	4.0	4.0	1.6858157091530304	0.628099173553719	0.9090909090909091
728_H-161	5.0	5.0	1.9528195311147833	0.6796875	0.9375
729_H-161	4.0	4.0	1.5465935642949384	0.5680473372781065	0.9230769230769231
72_H-161	4.0	4.0	1.8464393446710154	0.7	0.9
730_H-161	7.0	4.0	1.5487949406953985	0.5625	0.625
731_H-161	5.333333333333333	5.0	1.9591479170272446	0.6805555555555556	0.8333333333333334
732_H-161	3.0	3.0	1.459147917027245	0.6111111111111112	0.8333333333333334
733_H-161	5.0	4.0	1.5216406363433186	0.5816326530612246	0.8571428571428572
734_H-161	4.0	4.0	1.7273966735744788	0.6632653061224489	0.9285714285714286
735_H-161	4.0	4.0	1.970950594454669	0.74	1.0
736_H-161	4.0	3.0	0.9864267287308426	0.37037037037037024	0.7777777777777778
737_H-161	3.0	3.0	1.5058231002082845	0.6311111111111111	1.0
738_H-161	2.0	2.0	0.9182958340544894	0.4444444444444444	1.0
739_H-161	3.0	3.0	1.287054028118727	0.520408163265306	1.0
73_H-161	5.5	5.0	2.1180782093497093	0.743801652892562	0.8181818181818181
740_H-161	3.0	3.0	1.295461844238322	0.54	0.9
741_H-161	5.0	5.0	2.188721875540867	0.7638888888888888	0.9166666666666666
742_H-161	3.0	3.0	1.5	0.625	1.0
743_H-161	4.5	4.0	1.570950594454669	0.58	0.8
744_H-161	4.0	4.0	1.9056390622295665	0.71875	0.875
745_H-161	6.5	5.0	1.7004397181410922	0.5798816568047337	0.7692307692307692
746_H-161	4.0	4.0	1.7028195311147831	0.6484375	0.9375
747_H-161	2.0	2.0	0.9182958340544894	0.4444444444444444	0.6666666666666667
748_H-161	4.333333333333333	4.0	1.9182958340544896	0.7222222222222222	0.6666666666666667
749_H-161	6.5	5.0	2.0588138903312014	0.7160493827160495	0.6666666666666667
74_H-161	5.5	5.0	1.7947367178034823	0.625	0.875
750_H-161	1.0	1.0	-0.0	0.0	0.0
751_H-161	4.0	4.0	1.887918502671133	0.7083333333333333	1.0
752_H-161	4.0	4.0	1.7924812503605778	0.6666666666666666	1.0
753_H-161	4.0	4.0	1.6774212838293645	0.6484375	0.9375
754_H-161	4.5	4.0	1.75	0.65625	0.75
755_H-161	4.0	4.0	1.5546097612655667	0.5777777777777778	0.9333333333333333
756_H-161	3.0	3.0	1.3787834934861756	0.5714285714285714	0.8571428571428572
757_H-161	4.0	4.0	1.974937501201927	0.7407407407407407	1.0
758_H-161	4.5	4.0	1.75	0.65625	0.75
759_H-161	6.0	5.0	2.0670314951575843	0.7346938775510203	0.8571428571428572
75_H-161	4.0	4.0	1.83392721764183	0.6863905325443787	1.0
760_H-161	3.0	3.0	1.561278124459133	0.65625	1.0
761_H-161	5.333333333333333	5.0	1.7382689280764647	0.5955555555555556	0.8666666666666667
762_H-161	3.0	3.0	1.5726236638951638	0.6611570247933884	1.0
763_H-161	4.0	4.0	1.8910611120726528	0.7160493827160495	0.8888888888888888
764_H-161	3.0	3.0	1.5219280948873626	0.6399999999999999	0.8
765_H-161	3.0	3.0	1.5304930567574826	0.6419753086419753	1.0
766_H-161	4.0	4.0	1.7819370635467042	0.6844444444444444	0.9333333333333333
767_H-161	3.0	3.0	1.272905595320056	0.5511111111111111	0.9333333333333333
768_H-161	4.0	4.0	1.8542858719872464	0.7100591715976331	0.9230769230769231
769_H-161	3.0	3.0	1.2406705316766884	0.5123966942148761	0.9090909090909091
76_H-161	3.0	2.0	1.0	0.5	0.0
770_H-161	4.0	4.0	1.950212064914747	0.7346938775510204	0.8571428571428572
771_H-161	4.0	3.0	1.2516291673878228	0.5	0.6666666666666667
772_H-161	4.0	3.0	0.9864267287308426	0.37037037037037024	0.7777777777777778
773_H-161	4.0	4.0	1.6140054628542204	0.5972222222222221	0.9166666666666666
774_H-161	4.0	4.0	1.887918502671133	0.7083333333333333	1.0
775_H-161	3.0	2.0	1.0	0.5	0.0
776_H-161	4.0	4.0	1.7609640474436814	0.66	0.9
777_H-161	4.0	4.0	1.884313527799799	0.7100591715976331	1.0
778_H-161	5.0	5.0	2.270942421748537	0.7857142857142857	1.0
779_H-161	4.0	4.0	1.9056390622295665	0.71875	0.875
77_H-161	3.0	3.0	1.5794340029249652	0.6640625	1.0
780_H-161	4.0	4.0	1.9592989105296896	0.736842105263158	1.0
781_H-161	5.0	4.0	1.8112781244591327	0.6875	0.75
782_H-161	4.0	4.0	1.83392721764183	0.6863905325443787	1.0
783_H-161	3.0	3.0	1.5	0.625	1.0
784_H-161	4.0	4.0	1.9220231428515728	0.7218934911242603	1.0
785_H-161	4.0	4.0	1.9591479170272446	0.7361111111111112	1.0
786_H-161	2.0	2.0	0.9456603046006401	0.4628099173553719	1.0
787_H-161	7.0	4.0	1.7924812503605778	0.6666666666666666	0.5
788_H-161	5.0	4.0	1.5628066316931744	0.6133333333333333	0.8666666666666667
789_H-161	2.0	2.0	0.9852281360342515	0.48979591836734704	1.0
78_H-161	4.5	4.0	1.4911148500551858	0.5454545454545454	0.8181818181818181
790_H-161	5.0	4.0	1.6258145836939113	0.625	0.8333333333333334
791_H-161	3.0	3.0	1.4315602842833155	0.6020408163265306	1.0
792_H-161	10.0	4.0	2.0	0.75	0.0
793_H-161	4.0	4.0	1.5465935642949384	0.5680473372781065	0.9230769230769231
794_H-161	3.0	3.0	1.459147917027245	0.6111111111111112	0.8333333333333334
795_H-161	3.0	2.0	1.0	0.5	0.0
796_H-161	4.333333333333333	4.0	1.9182958340544893	0.7222222222222222	0.6666666666666667
797_H-161	3.0	3.0	1.556656707462823	0.653061224489796	1.0
798_H-161	5.0	4.0	1.8112781244591327	0.6875	0.75
799_H-161	4.0	4.0	1.8464393446710154	0.7	0.9
79_H-161	5.0	5.0	2.120952031026403	0.7448979591836735	0.9285714285714286
7_H-161	4.5	4.0	1.5709505944546687	0.58	0.8
800_H-161	6.0	5.0	2.1039099102823644	0.7455621301775147	0.8461538461538461
801_H-161	4.0	4.0	1.8464393446710157	0.7	0.9
802_H-161	5.5	5.0	2.0381596816459533	0.7218934911242603	0.8461538461538461
803_H-161	4.0	4.0	1.8478548143998657	0.7048611111111112	1.0
804_H-161	3.0	3.0	1.3787834934861756	0.5714285714285714	0.8571428571428572
805_H-161	5.5	5.0	1.9877733714879842	0.6982248520710059	0.8461538461538461
806_H-161	4.0	4.0	1.6140054628542204	0.5972222222222221	0.9166666666666666
807_H-161	4.0	4.0	1.884313527799799	0.7100591715976331	1.0
808_H-161	3.0	3.0	1.561278124459133	0.65625	1.0
809_H-161	4.0	4.0	1.8464393446710157	0.7	0.9
80_H-161	7.0	4.0	1.7924812503605778	0.6666666666666666	0.5
810_H-161	4.0	4.0	1.8230679822736608	0.6942148760330579	0.9090909090909091
811_H-161	6.0	5.0	1.952361281392666	0.7037037037037037	0.8888888888888888
812_H-161	4.0	3.0	0.8658566174572236	0.31404958677685935	0.8181818181818181
813_H-161	4.0	4.0	1.9709505944546686	0.74	1.0
814_H-161	3.0	3.0	1.3250112108241774	0.5694444444444444	0.9166666666666666
815_H-161	4.0	4.0	2.0	0.75	1.0
816_H-161	3.0	3.0	1.3294340029249652	0.5390625	1.0
817_H-161	4.0	4.0	1.760495029766198	0.6745562130177515	0.9230769230769231
818_H-161	3.0	3.0	1.3609640474436813	0.58	0.9
819_H-161	5.5	5.0	1.987773371487984	0.6982248520710059	0.8461538461538461
81_H-161	3.0	3.0	1.459147917027245	0.6111111111111112	0.8333333333333334
820_H-161	4.0	4.0	1.6894822670191825	0.6488888888888888	0.9333333333333333
821_H-161	15.0	5.0	2.3219280948873626	0.7999999999999999	0.0
822_H-161	4.5	4.0	1.8423709931771086	0.6938775510204082	0.7142857142857143
823_H-161	4.0	4.0	1.950212064914747	0.7346938775510204	0.8571428571428572
824_H-161	3.0	3.0	1.584962500721156	0.6666666666666667	1.0
825_H-161	3.0	3.0	1.5304930567574826	0.6419753086419753	1.0
826_H-161	4.5	4.0	1.8423709931771086	0.6938775510204082	0.7142857142857143
827_H-161	3.0	3.0	1.4056390622295665	0.59375	0.875
828_H-161	5.0	5.0	2.2577560641285177	0.7810650887573964	1.0
829_H-161	3.0	3.0	1.5304930567574826	0.6419753086419753	1.0
82_H-161	5.333333333333333	5.0	2.197159723424149	0.7654320987654322	0.7777777777777778
830_H-161	6.0	5.0	2.075869296697727	0.7337278106508875	0.8461538461538461
831_H-161	5.333333333333333	5.0	2.1971597234241496	0.7654320987654322	0.7777777777777778
832_H-161	5.0	5.0	2.1622242557679536	0.7612456747404844	0.9411764705882353
833_H-161	2.0	2.0	0.7219280948873623	0.31999999999999984	1.0
834_H-161	6.0	3.0	1.584962500721156	0.6666666666666667	0.0
835_H-161	3.0	3.0	1.459147917027245	0.6111111111111112	0.8333333333333334
836_H-161	3.0	3.0	1.556656707462823	0.653061224489796	1.0
837_H-161	4.0	4.0	1.6493974703476992	0.6328125	0.9375
838_H-161	3.0	3.0	1.5304930567574826	0.6419753086419753	1.0
839_H-161	3.0	3.0	1.2806721295208872	0.5416666666666666	0.9166666666666666
83_H-161	5.0	5.0	1.7804463148460086	0.6089965397923875	0.9411764705882353
840_H-161	4.0	4.0	1.8910611120726528	0.7160493827160495	0.8888888888888888
841_H-161	3.0	3.0	1.3787834934861756	0.5714285714285714	0.8571428571428572
842_H-161	3.0	3.0	1.325011210824177	0.5694444444444444	0.9166666666666666
843_H-161	7.0	4.0	1.6644977792004612	0.6122448979591837	0.5714285714285714
844_H-161	5.0	5.0	2.1820058147602137	0.7653061224489797	0.9285714285714286
845_H-161	4.5	4.0	1.75	0.65625	0.75
846_H-161	2.0	2.0	0.9940302114769566	0.49586776859504145	1.0
847_H-161	2.0	2.0	0.9182958340544894	0.4444444444444444	1.0
848_H-161	5.0	5.0	1.8942738697712642	0.657439446366782	0.9411764705882353
849_H-161	5.0	4.0	1.7527152789797047	0.6666666666666667	0.7777777777777778
84_H-161	4.0	4.0	1.8464393446710157	0.7	0.9
850_H-161	4.0	4.0	1.825011210824177	0.6944444444444444	0.9166666666666666
851_H-161	4.0	4.0	1.970950594454669	0.74	1.0
852_H-161	3.0	3.0	1.3250112108241772	0.5694444444444444	0.9166666666666666
853_H-161	5.0	5.0	2.045841640885174	0.7100591715976331	0.9230769230769231
854_H-161	2.0	2.0	1.0	0.5	1.0
855_H-161	2.0	2.0	1.0	0.5	1.0
856_H-161	3.0	3.0	1.556656707462823	0.653061224489796	1.0
857_H-161	5.0	5.0	2.0524212838293647	0.71875	0.9375
858_H-161	3.0	3.0	1.3787834934861756	0.5714285714285714	0.8571428571428572
859_H-161	3.0	3.0	1.5	0.625	1.0
85_H-161	4.0	4.0	1.7884504573082896	0.6836734693877551	0.9285714285714286
860_H-161	5.0	5.0	2.0550365325772657	0.7265625	0.9375
861_H-161	5.0	5.0	2.246439344671016	0.78	0.9
862_H-161	5.5	5.0	2.054585169337799	0.7222222222222222	0.8333333333333334
863_H-161	4.0	4.0	1.7028195311147831	0.6484375	0.9375
864_H-161	4.0	4.0	1.8464393446710154	0.7	0.9
865_H-161	2.0	2.0	0.9456603046006401	0.4628099173553719	1.0
866_H-161	5.5	5.0	1.8565647621309542	0.6488888888888888	0.8666666666666667
867_H-161	4.0	3.0	1.370950594454669	0.5599999999999999	0.6
868_H-161	6.5	5.0	2.058813890331201	0.7160493827160495	0.6666666666666667
869_H-161	6.5	5.0	2.0588138903312014	0.7160493827160495	0.6666666666666667
86_H-161	4.0	4.0	1.959147917027245	0.7361111111111112	1.0
870_H-161	2.0	2.0	0.9709505944546688	0.48	1.0
871_H-161	4.5	4.0	1.6577427265048887	0.6172839506172839	0.7777777777777778
872_H-161	3.0	3.0	1.2987949406953987	0.53125	0.875
873_H-161	3.0	3.0	1.3485878960124225	0.578512396694215	0.9090909090909091
874_H-161	3.0	3.0	1.4488156357251847	0.6122448979591837	0.8571428571428572
875_H-161	7.0	4.0	1.7924812503605778	0.6666666666666666	0.5
876_H-161	4.0	4.0	1.974937501201927	0.7407407407407407	1.0
877_H-161	5.5	5.0	1.8248169862168622	0.6592797783933518	0.8947368421052632
878_H-161	3.0	3.0	1.584962500721156	0.6666666666666667	1.0
879_H-161	2.0	2.0	0.9182958340544894	0.4444444444444444	1.0
87_H-161	3.0	3.0	1.4353713907745331	0.5950413223140496	1.0
880_H-161	3.0	3.0	1.3821022532543101	0.5864197530864197	1.0
881_H-161	2.0	2.0	0.954434002924965	0.46875	1.0
882_H-161	4.0	4.0	1.7884504573082896	0.6836734693877551	0.9285714285714286
883_H-161	5.0	5.0	2.074164743022575	0.7244897959183674	0.9285714285714286
884_H-161	3.0	3.0	1.556656707462823	0.653061224489796	1.0
885_H-161	4.0	4.0	1.7841591278514217	0.6805555555555556	0.9166666666666666
886_H-161	4.0	4.0	1.8352377453121176	0.7040816326530612	0.9285714285714286
887_H-161	4.0	4.0	1.9056390622295662	0.71875	0.875
888_H-161	4.0	4.0	1.8365916681089793	0.691358024691358	0.8888888888888888
889_H-161	6.5	5.0	1.8676338909712122	0.6446280991735538	0.7272727272727273
88_H-161	4.0	4.0	1.9182958340544896	0.7222222222222222	1.0
890_H-161	4.5	4.0	1.8423709931771086	0.6938775510204083	0.7142857142857143
891_H-161	3.0	3.0	1.3787834934861756	0.5714285714285714	0.8571428571428572
892_H-161	7.0	4.0	1.7924812503605778	0.6666666666666666	0.5
893_H-161	4.0	4.0	1.836591668108979	0.691358024691358	0.8888888888888888
894_H-161	3.0	3.0	1.3787834934861756	0.5714285714285714	0.8571428571428572
895_H-161	4.0	4.0	1.8230679822736608	0.6942148760330579	0.9090909090909091
896_H-161	5.0	5.0	2.256908989558354	0.7820069204152249	1.0
897_H-161	4.0	4.0	1.7464657985040721	0.6666666666666666	0.9333333333333333
898_H-161	3.0	3.0	1.5219280948873626	0.6399999999999999	0.8
899_H-161	5.0	5.0	2.1820058147602137	0.7653061224489797	0.9285714285714286
89_H-161	3.0	3.0	1.4854752972273346	0.62	1.0
8_H-161	4.0	3.0	1.370950594454669	0.56	0.6
900_H-161	3.0	3.0	1.5219280948873626	0.6399999999999999	0.8
901_H-161	5.0	4.0	1.6854752972273344	0.64	0.8
902_H-161	4.5	4.0	1.8423709931771086	0.6938775510204082	0.7142857142857143
903_H-161	4.0	4.0	1.7841591278514217	0.6805555555555556	0.9166666666666666
904_H-161	2.0	2.0	0.5435644431995964	0.21875	0.875
905_H-161	4.0	4.0	1.884313527799799	0.7100591715976331	1.0
906_H-161	5.0	4.0	1.6143308351592656	0.6272189349112426	0.8461538461538461
907_H-161	4.5	4.0	1.4911148500551858	0.5454545454545455	0.8181818181818181
908_H-161	5.0	4.0	1.7527152789797047	0.6666666666666667	0.7777777777777778
909_H-161	3.0	3.0	1.5304930567574826	0.6419753086419753	1.0
90_H-161	4.0	4.0	1.7295739585136223	0.6527777777777778	0.9166666666666666
910_H-161	7.0	4.0	1.7924812503605783	0.6666666666666667	0.5
911_H-161	4.0	4.0	1.836591668108979	0.691358024691358	0.8888888888888888
912_H-161	4.0	4.0	1.836591668108979	0.691358024691358	0.8888888888888888
913_H-161	4.0	4.0	1.6774212838293645	0.6484375	0.9375
914_H-161	5.0	4.0	1.6171895725927152	0.6115702479338844	0.8181818181818181
915_H-161	3.0	3.0	1.2406705316766884	0.5123966942148761	0.9090909090909091
916_H-161	3.0	3.0	1.4854752972273346	0.62	1.0
917_H-161	3.0	3.0	1.556656707462823	0.653061224489796	1.0
918_H-161	4.0	4.0	1.8464393446710157	0.7	0.9
919_H-161	3.0	3.0	1.4353713907745334	0.5950413223140496	1.0
91_H-161	2.0	2.0	0.8812908992306927	0.42000000000000004	1.0
920_H-161	3.0	3.0	1.2987949406953987	0.53125	0.875
921_H-161	4.0	4.0	1.7381493331928664	0.6627218934911242	0.9230769230769231
922_H-161	2.0	2.0	0.8812908992306927	0.42000000000000004	1.0
923_H-161	3.0	3.0	1.5219280948873626	0.6399999999999999	0.8
924_H-161	4.0	4.0	1.8553885422075338	0.7083333333333334	0.9166666666666666
925_H-161	3.0	3.0	1.5304930567574826	0.6419753086419753	1.0
926_H-161	1.0	1.0	-0.0	0.0	1.0
927_H-161	5.5	5.0	1.6143180698290447	0.5708884688090736	0.9130434782608696
928_H-161	5.0	4.0	1.5216406363433184	0.5816326530612246	0.8571428571428572
929_H-161	2.0	2.0	0.9852281360342515	0.48979591836734704	1.0
92_H-161	6.5	5.0	2.1556390622295662	0.75	0.625
930_H-161	3.0	3.0	1.5219280948873626	0.6399999999999999	0.8
931_H-161	4.0	4.0	1.7055872616982604	0.6577777777777777	0.9333333333333333
932_H-161	5.5	5.0	2.084962500721156	0.7361111111111112	0.8333333333333334
933_H-161	3.5	3.0	1.5	0.625	0.5
934_H-161	5.333333333333333	5.0	2.197159723424149	0.7654320987654322	0.7777777777777778
935_H-161	3.0	3.0	1.4315602842833153	0.6020408163265306	1.0
936_H-161	3.0	3.0	1.295461844238322	0.54	0.9
937_H-161	2.0	2.0	0.9182958340544894	0.4444444444444444	1.0
938_H-161	3.0	3.0	1.4056390622295665	0.59375	0.875
939_H-161	3.0	3.0	1.4488156357251847	0.6122448979591837	0.8571428571428572
93_H-161	3.0	3.0	1.4591479170272446	0.6111111111111112	1.0
940_H-161	3.0	3.0	1.3787834934861756	0.5714285714285714	0.8571428571428572
941_H-161	4.0	4.0	1.789929075309999	0.6776859504132231	0.9090909090909091
942_H-161	3.0	3.0	1.3516441151533922	0.5679012345679012	0.8888888888888888
943_H-161	5.0	5.0	2.133387491316597	0.754325259515571	0.9411764705882353
944_H-161	6.5	5.0	2.0588138903312014	0.7160493827160495	0.6666666666666667
945_H-161	4.0	4.0	1.6858157091530304	0.628099173553719	0.9090909090909091
946_H-161	2.0	2.0	0.7219280948873623	0.31999999999999984	0.8
947_H-161	4.0	4.0	1.7381493331928664	0.6627218934911242	0.9230769230769231
948_H-161	3.0	3.0	1.4056390622295665	0.59375	0.875
949_H-161	3.0	3.0	1.5304930567574826	0.6419753086419753	1.0
94_H-161	5.0	4.0	1.5216406363433186	0.5816326530612246	0.8571428571428572
950_H-161	4.5	4.0	1.4911148500551858	0.5454545454545454	0.8181818181818181
951_H-161	3.0	3.0	1.5219280948873626	0.6399999999999999	0.8
952_H-161	8.0	5.0	2.0464393446710156	0.72	0.7
953_H-161	3.0	3.0	1.3844315043405981	0.5694444444444444	1.0
954_H-161	4.0	4.0	1.9362600275315274	0.7272727272727273	1.0
955_H-161	3.0	3.0	1.3787834934861756	0.5714285714285714	1.0
956_H-161	3.0	3.0	1.4488156357251847	0.6122448979591837	0.8571428571428572
957_H-161	3.0	3.0	1.5	0.625	1.0
958_H-161	3.0	3.0	1.4488156357251847	0.6122448979591837	0.8571428571428572
959_H-161	7.0	4.0	1.6644977792004612	0.6122448979591837	0.5714285714285714
95_H-161	4.0	4.0	1.9210556987026668	0.726643598615917	1.0
960_H-161	4.5	4.0	1.8423709931771086	0.6938775510204083	0.7142857142857143
961_H-161	5.0	5.0	2.199687794731328	0.7692307692307692	0.9230769230769231
962_H-161	8.0	5.0	1.971747257128181	0.6942148760330579	0.7272727272727273
963_H-161	5.0	5.0	2.117492461184755	0.7361111111111112	0.9166666666666666
964_H-161	4.0	4.0	1.789929075309999	0.6776859504132231	0.9090909090909091
965_H-161	5.0	4.0	1.8112781244591327	0.6875	0.75
966_H-161	4.0	4.0	1.836591668108979	0.691358024691358	0.8888888888888888
967_H-161	3.0	3.0	1.5	0.625	1.0
968_H-161	4.0	4.0	1.8464393446710157	0.7	0.9
969_H-161	5.0	5.0	2.1920058354921066	0.757396449704142	1.0
96_H-161	2.0	2.0	0.6500224216483541	0.2777777777777777	0.8333333333333334
970_H-161	4.0	4.0	1.8910611120726528	0.7160493827160495	0.8888888888888888
971_H-161	1.0	1.0	-0.0	0.0	0.0
972_H-161	4.0	4.0	1.7609640474436814	0.6599999999999999	0.9
973_H-161	3.0	3.0	1.4355205042826666	0.5925925925925926	1.0
974_H-161	4.0	4.0	1.863120568566631	0.7040816326530612	1.0
975_H-161	4.0	4.0	1.8773870642966128	0.7040816326530612	1.0
976_H-161	4.0	3.0	1.1488348542809166	0.44897959183673464	0.7142857142857143
977_H-161	5.0	5.0	2.1339375660949167	0.7455621301775148	0.9230769230769231
978_H-161	3.0	3.0	1.2987949406953987	0.53125	0.875
979_H-161	2.0	2.0	0.9182958340544894	0.4444444444444444	0.6666666666666667
97_H-161	2.0	2.0	0.8112781244591328	0.375	1.0
980_H-161	3.0	3.0	1.3787834934861756	0.5714285714285714	0.8571428571428572
981_H-161	2.0	2.0	0.9182958340544894	0.4444444444444444	0.6666666666666667
982_H-161	7.0	4.0	1.4466166676282084	0.5185185185185186	0.6666666666666667
983_H-161	6.0	5.0	2.2359263506290326	0.7755102040816326	0.5714285714285714
984_H-161	4.0	4.0	1.7574839898128802	0.6643598615916955	1.0
985_H-161	1.0	1.0	-0.0	0.0	1.0
986_H-161	4.0	4.0	1.6691803368667308	0.6272189349112426	0.9230769230769231
987_H-161	3.0	3.0	1.4854752972273346	0.62	1.0
988_H-161	4.5	4.0	1.6577427265048887	0.6172839506172839	0.7777777777777778
989_H-161	4.0	4.0	1.7783283537314114	0.6632653061224489	1.0
98_H-161	3.0	3.0	1.5058231002082845	0.6311111111111112	1.0
990_H-161	3.0	3.0	1.5219280948873626	0.6399999999999999	1.0
991_H-161	4.0	4.0	1.6858157091530304	0.628099173553719	0.9090909090909091
992_H-161	4.5	4.0	1.8423709931771086	0.6938775510204083	0.7142857142857143
993_H-161	4.0	4.0	1.9056390622295665	0.71875	0.875
994_H-161	4.0	4.0	1.7244078178625926	0.653061224489796	0.9285714285714286
995_H-161	3.0	3.0	1.3516441151533922	0.5679012345679012	0.8888888888888888
996_H-161	2.0	2.0	0.7219280948873623	0.31999999999999984	0.8
997_H-161	7.0	4.0	1.5487949406953985	0.5625	0.625
998_H-161	4.0	4.0	1.9056390622295665	0.71875	0.875
999_H-161	2.0	2.0	0.9709505944546688	0.48	1.0
99_H-161	10.0	4.0	2.0	0.75	0.0
9_H-161	4.0	4.0	1.8910611120726528	0.7160493827160495	0.8888888888888888
