	chao1	observed_otus	shannon	simpson	goods_coverage
1000_H-10	62.0	62.0	5.594863412863619	0.9714900118349231	1.0
100_H-10	61.0	61.0	5.5402633210213645	0.9693480764580721	1.0
101_H-10	62.0	62.0	5.615766162226619	0.9724434042403173	1.0
102_H-10	62.0	62.0	5.531782504534092	0.9684621279146066	1.0
103_H-10	62.0	62.0	5.596900620416828	0.9718795683954055	1.0
104_H-10	62.0	62.0	5.589908333142133	0.9718208032859643	1.0
105_H-10	62.0	62.0	5.5866226898635825	0.9714770575095	1.0
106_H-10	62.0	62.0	5.588890044563523	0.9717505452749919	1.0
107_H-10	62.0	62.0	5.587297701523443	0.971416820401654	1.0
108_H-10	62.0	62.0	5.6084065773666945	0.9724272454229121	1.0
109_H-10	62.0	62.0	5.580370991032077	0.9708244689148772	1.0
10_H-10	62.0	62.0	5.556650078473359	0.9701982108050761	1.0
110_H-10	62.0	62.0	5.566620414311573	0.9710899671588755	0.9997729852440409
111_H-10	62.0	62.0	5.585267041588865	0.9718177169915727	1.0
112_H-10	62.0	62.0	5.595241436749483	0.9724985582468282	1.0
113_H-10	62.0	62.0	5.591327957504141	0.9716192877761843	1.0
114_H-10	62.0	62.0	5.550651983081882	0.9699530619932872	1.0
115_H-10	62.0	62.0	5.612387418084685	0.9724949438085111	1.0
116_H-10	62.0	62.0	5.607893970159217	0.9727073889936918	1.0
117_H-10	62.0	62.0	5.5853434726891695	0.9714019103618804	1.0
118_H-10	62.0	62.0	5.564579813354179	0.9707908352960458	1.0
119_H-10	62.0	62.0	5.571994057596295	0.9703582517888447	1.0
11_H-10	62.0	62.0	5.592607297676632	0.9714970532454802	1.0
120_H-10	62.0	62.0	5.585927673959369	0.9714616243500993	1.0
121_H-10	62.0	62.0	5.5971201154742145	0.9722588938194356	0.9997758852532497
122_H-10	62.0	62.0	5.587552976736631	0.9714923456790123	1.0
123_H-10	62.0	62.0	5.561042966129001	0.9700793690064828	1.0
124_H-10	62.0	62.0	5.572193523278394	0.9707602475663774	1.0
125_H-10	62.0	62.0	5.557956256880613	0.9702270744693573	1.0
126_H-10	62.0	62.0	5.569069634885924	0.9708561641316864	1.0
127_H-10	62.0	62.0	5.60216045898003	0.9722861332749727	1.0
128_H-10	62.0	62.0	5.552783595373741	0.9699924354510748	1.0
129_H-10	62.0	62.0	5.598838379647363	0.9718570069909165	1.0
12_H-10	62.0	62.0	5.571416023953559	0.9708509300597921	1.0
130_H-10	62.0	62.0	5.580292861457285	0.9710217798708826	1.0
131_H-10	62.0	62.0	5.583140381049703	0.9709644679400984	1.0
132_H-10	62.0	62.0	5.58033854266664	0.9712911377054496	1.0
133_H-10	62.0	62.0	5.5896306803843725	0.9710819993452356	1.0
134_H-10	62.0	62.0	5.592734155097564	0.9716206764847397	1.0
135_H-10	62.0	62.0	5.624375095815149	0.9731625222781671	1.0
136_H-10	62.0	62.0	5.609892366309859	0.972213978191331	1.0
137_H-10	62.0	62.0	5.590813549373143	0.9716057364387027	1.0
138_H-10	62.0	62.0	5.590288166071426	0.9716000440915364	1.0
139_H-10	62.0	62.0	5.546858976065662	0.9699235598331635	1.0
13_H-10	62.0	62.0	5.577771344803321	0.971626305487575	1.0
140_H-10	62.0	62.0	5.563937535966194	0.9700484060168945	1.0
141_H-10	62.0	62.0	5.547958488087666	0.9697324627686145	1.0
142_H-10	62.0	62.0	5.604378243181295	0.9722196859021184	1.0
143_H-10	62.0	62.0	5.608538973204854	0.9725247283965848	1.0
144_H-10	62.0	62.0	5.570324217925471	0.9709397082933713	0.99977079990832
145_H-10	62.0	62.0	5.575299827250329	0.9708910429958759	1.0
146_H-10	62.0	62.0	5.626391263193449	0.9731935478862632	1.0
147_H-10	62.0	62.0	5.593973403906635	0.9712231841498065	1.0
148_H-10	62.0	62.0	5.603111443362118	0.9717110131252285	1.0
149_H-10	62.0	62.0	5.581929903406987	0.9711170721710495	0.9997756338344178
14_H-10	62.0	62.0	5.598583618008274	0.9722232422565117	1.0
150_H-10	62.0	62.0	5.589004283907568	0.9715700881108191	1.0
151_H-10	62.0	62.0	5.575818111151259	0.9712598910122794	1.0
152_H-10	62.0	62.0	5.586426795514178	0.9714467337737234	1.0
153_H-10	61.0	61.0	5.563578889194457	0.9702296158114072	1.0
154_H-10	62.0	62.0	5.583770797283421	0.9709427293961268	1.0
155_H-10	62.0	62.0	5.571814126735091	0.9707881928360649	1.0
156_H-10	62.0	62.0	5.612539538282421	0.9727268607401757	1.0
157_H-10	62.0	62.0	5.556812805571981	0.9700542942749704	1.0
158_H-10	62.0	62.0	5.562292348642989	0.9709435499362573	1.0
159_H-10	62.0	62.0	5.588128455077521	0.9715326381891245	1.0
15_H-10	62.0	62.0	5.590565769945094	0.9714768153977318	1.0
160_H-10	62.0	62.0	5.598597081913345	0.9715222505982425	1.0
161_H-10	62.0	62.0	5.5465108996064405	0.9695779510375394	1.0
162_H-10	62.0	62.0	5.568952228881943	0.9706275908801021	1.0
163_H-10	62.0	62.0	5.601717760007327	0.9721383171473384	1.0
164_H-10	62.0	62.0	5.599746189451399	0.9720851585608605	1.0
165_H-10	62.0	62.0	5.580179878677689	0.9712272602444233	1.0
166_H-10	62.0	62.0	5.5990002666489636	0.9717528416716082	1.0
167_H-10	62.0	62.0	5.569370548260909	0.9707361090155546	1.0
168_H-10	62.0	62.0	5.588109118178853	0.9717874674718766	1.0
169_H-10	62.0	62.0	5.572474531068264	0.9708069451985644	1.0
16_H-10	62.0	62.0	5.567395116014047	0.9706671742417475	1.0
170_H-10	62.0	62.0	5.610420019715312	0.9725859537384871	1.0
171_H-10	62.0	62.0	5.590910836964818	0.9718042508128467	1.0
172_H-10	62.0	62.0	5.581696627700028	0.9716576925877851	1.0
173_H-10	62.0	62.0	5.609978880388603	0.9724867318072556	1.0
174_H-10	62.0	62.0	5.595654436269197	0.9717186569988614	1.0
175_H-10	62.0	62.0	5.591955615638224	0.9723513233418367	1.0
176_H-10	62.0	62.0	5.577401228773522	0.9714798947900807	1.0
177_H-10	61.0	61.0	5.583010120933111	0.9714929735312033	1.0
178_H-10	62.0	62.0	5.614780517446932	0.9723412569865437	1.0
179_H-10	62.0	62.0	5.5714709806481695	0.9706444337026386	1.0
17_H-10	62.0	62.0	5.612893541113206	0.9731216121328354	1.0
180_H-10	62.0	62.0	5.560485895092552	0.9701671803463362	1.0
181_H-10	62.0	62.0	5.58989547984012	0.9714827102130348	1.0
182_H-10	62.0	62.0	5.562307861821527	0.9705408474978603	1.0
183_H-10	62.0	62.0	5.589949080879945	0.9709594228316326	1.0
184_H-10	62.0	62.0	5.607697049692231	0.9722479365108014	1.0
185_H-10	62.0	62.0	5.617591619228975	0.9727602502566629	0.9997809899255365
186_H-10	62.0	62.0	5.59508100147686	0.9719283364829601	1.0
187_H-10	62.0	62.0	5.60521385039935	0.9724615841560728	1.0
188_H-10	62.0	62.0	5.544118841673142	0.9693621493322657	1.0
189_H-10	62.0	62.0	5.5823267553568625	0.9715537730243613	1.0
18_H-10	62.0	62.0	5.588969722641941	0.9708967575826166	1.0
190_H-10	62.0	62.0	5.622420317778735	0.9727341045752338	1.0
191_H-10	62.0	62.0	5.556187615380889	0.9702698701309779	1.0
192_H-10	62.0	62.0	5.57529832692763	0.9704016563552353	1.0
193_H-10	62.0	62.0	5.6281664169650325	0.9732477404224931	1.0
194_H-10	62.0	62.0	5.572950079777193	0.970579128358697	1.0
195_H-10	62.0	62.0	5.597303298020078	0.9718647907471236	1.0
196_H-10	62.0	62.0	5.573426899906093	0.9709345671090459	1.0
197_H-10	62.0	62.0	5.582411434399056	0.9712043028700235	1.0
198_H-10	62.0	62.0	5.574515581380532	0.971088866447829	1.0
199_H-10	62.0	62.0	5.586889060703676	0.9712629487950515	1.0
19_H-10	62.0	62.0	5.590964425474362	0.9713327397875324	1.0
1_H-10	62.0	62.0	5.576966900003802	0.9710943872979235	1.0
200_H-10	62.0	62.0	5.627093520927401	0.9731441961409656	1.0
201_H-10	62.0	62.0	5.555291890818303	0.9699697614305917	1.0
202_H-10	62.0	62.0	5.616406642124778	0.9722709968633653	1.0
203_H-10	62.0	62.0	5.578014335389059	0.9705470074912504	1.0
204_H-10	62.0	62.0	5.578074740581271	0.9711961401607472	1.0
205_H-10	62.0	62.0	5.622242536253684	0.9730701044436736	1.0
206_H-10	62.0	62.0	5.5973546245293075	0.9718988900217569	1.0
207_H-10	62.0	62.0	5.558358483545797	0.9698494705088894	1.0
208_H-10	62.0	62.0	5.575420811116958	0.9706279261150765	1.0
209_H-10	62.0	62.0	5.583079070110672	0.971299847663489	1.0
20_H-10	62.0	62.0	5.57971991834573	0.9708476275357542	1.0
210_H-10	62.0	62.0	5.543077804324387	0.9696084893153416	1.0
211_H-10	62.0	62.0	5.548525363997804	0.9695268730358917	1.0
212_H-10	62.0	62.0	5.613999613324851	0.9720960425837619	1.0
213_H-10	62.0	62.0	5.576882735276917	0.9708935962990017	0.9997747747747747
214_H-10	62.0	62.0	5.589050799640571	0.9719919789277163	1.0
215_H-10	62.0	62.0	5.581372011940437	0.9715256988588354	1.0
216_H-10	62.0	62.0	5.582979968073124	0.9709177890158769	1.0
217_H-10	62.0	62.0	5.563319689833415	0.9706051158800878	1.0
218_H-10	62.0	62.0	5.572622255717314	0.9705612113981612	1.0
219_H-10	62.0	62.0	5.589912861397281	0.971693295172147	1.0
21_H-10	62.0	62.0	5.603527568486093	0.9722411214062476	1.0
220_H-10	62.0	62.0	5.554409083003692	0.9700844862626278	1.0
221_H-10	62.0	62.0	5.573552771217322	0.9704298037816226	1.0
222_H-10	62.0	62.0	5.573802152567298	0.9708161777723513	1.0
223_H-10	62.0	62.0	5.571548270051572	0.9706329448812323	1.0
224_H-10	62.0	62.0	5.5758387412438735	0.971182563562794	1.0
225_H-10	62.0	62.0	5.616527148833916	0.9723988685513164	1.0
226_H-10	62.0	62.0	5.601228357722495	0.9716937759898582	1.0
227_H-10	62.0	62.0	5.568376338703615	0.9709401342776618	1.0
228_H-10	62.0	62.0	5.613566372493094	0.9724218955301304	1.0
229_H-10	62.0	62.0	5.574134565919182	0.9709995775677057	1.0
22_H-10	62.0	62.0	5.611995060250474	0.9718744265070655	1.0
230_H-10	62.0	62.0	5.543734058438392	0.9692896505607557	1.0
231_H-10	62.0	62.0	5.5818161800279436	0.9715684508888262	1.0
232_H-10	62.0	62.0	5.5709890216050315	0.9706623312465548	1.0
233_H-10	62.0	62.0	5.576235452747685	0.9709393190487892	1.0
234_H-10	62.0	62.0	5.596209755701101	0.9719930714501221	1.0
235_H-10	62.0	62.0	5.591855171995155	0.9714869580462235	1.0
236_H-10	62.0	62.0	5.627193196304353	0.9727469008264463	1.0
237_H-10	62.0	62.0	5.613235262981266	0.9721363805421547	1.0
238_H-10	62.0	62.0	5.608339751046306	0.9723391427398183	1.0
239_H-10	62.0	62.0	5.597535624046922	0.9718398977403497	1.0
23_H-10	62.0	62.0	5.5939718581188185	0.9717782716049382	1.0
240_H-10	62.0	62.0	5.59697682455359	0.9720764150145572	1.0
241_H-10	62.0	62.0	5.558904832920164	0.9702297894096243	1.0
242_H-10	62.0	62.0	5.565872850650025	0.9707199816748857	1.0
243_H-10	62.0	62.0	5.606161551925441	0.9721799962956397	1.0
244_H-10	62.0	62.0	5.605815828051975	0.9727001970745995	1.0
245_H-10	62.0	62.0	5.6019062193262705	0.9721743112203445	1.0
246_H-10	62.0	62.0	5.609074988315571	0.9723813458748883	1.0
247_H-10	62.0	62.0	5.567379217532767	0.9707345357741827	1.0
248_H-10	62.0	62.0	5.571410031309003	0.9705544089658648	1.0
249_H-10	62.0	62.0	5.599457493207252	0.9721705799178945	1.0
24_H-10	62.0	62.0	5.590179783230562	0.9715960503880219	1.0
250_H-10	62.0	62.0	5.602153301148633	0.9722673838641587	1.0
251_H-10	62.0	62.0	5.601331263148069	0.9725088683188339	1.0
252_H-10	62.0	62.0	5.57942669186336	0.9714908422199938	1.0
253_H-10	62.0	62.0	5.570936651144292	0.9709881616249401	1.0
254_H-10	62.0	62.0	5.607184903196482	0.9727127729660274	1.0
255_H-10	62.0	62.0	5.586514165436776	0.971662324774022	1.0
256_H-10	62.0	62.0	5.598313333034217	0.9718872694360351	1.0
257_H-10	62.0	62.0	5.589175125274344	0.9716477895694321	1.0
258_H-10	62.0	62.0	5.586298937996718	0.9711061829152787	1.0
259_H-10	62.0	62.0	5.599070208007749	0.9721883291522057	1.0
25_H-10	62.0	62.0	5.58430949576105	0.9710502877358964	1.0
260_H-10	62.0	62.0	5.570317433215453	0.9705502871565802	1.0
261_H-10	62.0	62.0	5.563413433512936	0.9701845264065417	1.0
262_H-10	62.0	62.0	5.6207220865425676	0.9731149608884486	1.0
263_H-10	62.0	62.0	5.586220589176036	0.9712016491741458	1.0
264_H-10	62.0	62.0	5.6105207158177075	0.9722715254336691	1.0
265_H-10	62.0	62.0	5.5522086469089835	0.9700180791641623	1.0
266_H-10	62.0	62.0	5.620638083854434	0.972791103558693	1.0
267_H-10	62.0	62.0	5.578486664674394	0.9715041351898765	1.0
268_H-10	62.0	62.0	5.6070311318476245	0.9727034681052223	0.9997798811358133
269_H-10	62.0	62.0	5.575187098473968	0.9707939353314821	1.0
26_H-10	62.0	62.0	5.626550301463151	0.9735876421453189	1.0
270_H-10	62.0	62.0	5.583619517525658	0.9708980145261585	1.0
271_H-10	62.0	62.0	5.605122951908888	0.9720213990797135	1.0
272_H-10	62.0	62.0	5.58974019817048	0.9712852345679013	1.0
273_H-10	62.0	62.0	5.593091388704501	0.971481932150199	1.0
274_H-10	62.0	62.0	5.551391209378902	0.9699826334315215	1.0
275_H-10	62.0	62.0	5.587100969773156	0.9718508799868479	1.0
276_H-10	62.0	62.0	5.606268443321367	0.9721622466274265	1.0
277_H-10	62.0	62.0	5.610147353917232	0.9726562431351123	1.0
278_H-10	62.0	62.0	5.591493767221398	0.9714818279127699	1.0
279_H-10	62.0	62.0	5.56488858186174	0.9706178359096314	1.0
27_H-10	62.0	62.0	5.575373980311047	0.9709562547732208	1.0
280_H-10	62.0	62.0	5.631043883459048	0.9732971758337866	1.0
281_H-10	62.0	62.0	5.600522709080404	0.9718480162480645	1.0
282_H-10	62.0	62.0	5.567841096090807	0.9707030604322551	1.0
283_H-10	62.0	62.0	5.618167460510417	0.9725856291909107	1.0
284_H-10	62.0	62.0	5.584858605681237	0.9714168256654885	1.0
285_H-10	62.0	62.0	5.578191344941849	0.9709041386028363	1.0
286_H-10	62.0	62.0	5.591114797893909	0.9716243127102092	1.0
287_H-10	62.0	62.0	5.5812388491337295	0.9707529640997463	1.0
288_H-10	62.0	62.0	5.602472786892625	0.971859079308666	1.0
289_H-10	62.0	62.0	5.557307087148206	0.9698417859616012	1.0
28_H-10	62.0	62.0	5.546778999592902	0.9694873862749939	1.0
290_H-10	62.0	62.0	5.605155500563705	0.9724886311714689	1.0
291_H-10	62.0	62.0	5.600380121939023	0.9724709698860621	1.0
292_H-10	62.0	62.0	5.563808574274066	0.970330227877979	1.0
293_H-10	62.0	62.0	5.567420159513747	0.9701313390952295	1.0
294_H-10	62.0	62.0	5.59263297308011	0.971760947909936	1.0
295_H-10	62.0	62.0	5.580919024082453	0.9711642501177532	1.0
296_H-10	62.0	62.0	5.586829123414503	0.9712562665249714	1.0
297_H-10	62.0	62.0	5.5720635245298356	0.9705339504979241	1.0
298_H-10	62.0	62.0	5.58461153682819	0.9719352402867205	1.0
299_H-10	62.0	62.0	5.601969201488094	0.9722578474060788	1.0
29_H-10	62.0	62.0	5.617720440943983	0.9726401660590502	1.0
2_H-10	62.0	62.0	5.581656045646999	0.9708925010161634	1.0
300_H-10	62.0	62.0	5.5778203200982635	0.9708224367717241	1.0
301_H-10	62.0	62.0	5.605487389876422	0.9722391214312401	1.0
302_H-10	62.0	62.0	5.592028663062228	0.9716380646987184	1.0
303_H-10	62.0	62.0	5.59677697001241	0.9719616078987322	1.0
304_H-10	62.0	62.0	5.6003485340594645	0.9721800085445195	1.0
305_H-10	62.0	62.0	5.57903500551367	0.9715709164053625	1.0
306_H-10	62.0	62.0	5.571680364108722	0.970907505875889	1.0
307_H-10	62.0	62.0	5.571847651382074	0.9708326654294201	1.0
308_H-10	62.0	62.0	5.604972176432823	0.9721329287683261	1.0
309_H-10	62.0	62.0	5.570296768008119	0.970724036692336	1.0
30_H-10	62.0	62.0	5.529829531024246	0.9688520601226281	1.0
310_H-10	62.0	62.0	5.551028194158286	0.9700849159970781	1.0
311_H-10	62.0	62.0	5.596709000222171	0.9718669999085611	1.0
312_H-10	62.0	62.0	5.547601513690617	0.9697757440802246	1.0
313_H-10	62.0	62.0	5.55423676341873	0.9697831893979199	1.0
314_H-10	62.0	62.0	5.6011086046407215	0.9726272419465258	1.0
315_H-10	62.0	62.0	5.606658130817223	0.9723556508939823	0.9997735507246377
316_H-10	62.0	62.0	5.588216576627169	0.9715883091517857	1.0
317_H-10	62.0	62.0	5.584980311720661	0.9711664095590207	1.0
318_H-10	62.0	62.0	5.582590112973432	0.9713324980826343	1.0
319_H-10	62.0	62.0	5.61167835757	0.9723176740315354	1.0
31_H-10	62.0	62.0	5.583212589008644	0.9717415169293994	1.0
320_H-10	62.0	62.0	5.600437257326605	0.9717859393379893	1.0
321_H-10	62.0	62.0	5.55525437446127	0.9700297210690499	1.0
322_H-10	62.0	62.0	5.596922498534069	0.9718562035657493	1.0
323_H-10	62.0	62.0	5.559987702459171	0.9704095544207572	1.0
324_H-10	62.0	62.0	5.598825062814909	0.9722898133038387	1.0
325_H-10	62.0	62.0	5.538879041934052	0.9692178895789769	1.0
326_H-10	62.0	62.0	5.595792009575771	0.9717092735781306	1.0
327_H-10	62.0	62.0	5.614590917783289	0.9727002034781129	1.0
328_H-10	62.0	62.0	5.561941626173416	0.9707068767804236	1.0
329_H-10	62.0	62.0	5.587667495385754	0.971475625353505	1.0
32_H-10	62.0	62.0	5.611040752488307	0.9724164809583455	1.0
330_H-10	62.0	62.0	5.572186845879637	0.9706748282797815	1.0
331_H-10	62.0	62.0	5.60442993353946	0.9721713004212214	1.0
332_H-10	62.0	62.0	5.592050827275256	0.9717079293628809	1.0
333_H-10	61.0	61.0	5.586781387466964	0.9716759097350803	1.0
334_H-10	62.0	62.0	5.581647961755516	0.9714063035751275	1.0
335_H-10	62.0	62.0	5.572977029477546	0.9707861384271713	1.0
336_H-10	62.0	62.0	5.55993760051644	0.9700657033176243	1.0
337_H-10	62.0	62.0	5.597635437515758	0.9722531034675539	1.0
338_H-10	62.0	62.0	5.60923599567737	0.9723034818059467	1.0
339_H-10	62.0	62.0	5.599836248876498	0.9719189707649429	1.0
33_H-10	62.0	62.0	5.58823693995268	0.9715405922976695	1.0
340_H-10	62.0	62.0	5.61412449377182	0.9728510851317115	1.0
341_H-10	62.0	62.0	5.609742155465435	0.9724424756062785	1.0
342_H-10	62.0	62.0	5.561999757435159	0.9701643349715371	1.0
343_H-10	62.0	62.0	5.586071919828367	0.9713192291230578	1.0
344_H-10	62.0	62.0	5.615117836193709	0.9726830320248666	1.0
345_H-10	61.0	61.0	5.56039690138387	0.9702704294881116	1.0
346_H-10	62.0	62.0	5.569463882210487	0.9707559071410582	1.0
347_H-10	62.0	62.0	5.5917609054429995	0.9716960316931531	1.0
348_H-10	62.0	62.0	5.583955608772374	0.9717198799640859	1.0
349_H-10	62.0	62.0	5.580109188604337	0.9713840606804951	1.0
34_H-10	62.0	62.0	5.6078520340221925	0.9723557180690233	1.0
350_H-10	62.0	62.0	5.571807411398377	0.9703740834287922	0.999771897810219
351_H-10	62.0	62.0	5.5934381213914275	0.9716270237776754	1.0
352_H-10	62.0	62.0	5.602418103434346	0.9725144664204183	1.0
353_H-10	61.0	61.0	5.58713766977979	0.971413991075392	1.0
354_H-10	62.0	62.0	5.597463928123606	0.972321365854304	1.0
355_H-10	62.0	62.0	5.584894216374056	0.9714931926311987	1.0
356_H-10	62.0	62.0	5.601159613284712	0.9719077308738792	1.0
357_H-10	62.0	62.0	5.588954821080917	0.971154240366773	1.0
358_H-10	62.0	62.0	5.588348230490612	0.9713183292969493	1.0
359_H-10	62.0	62.0	5.568264306203306	0.9701398516315954	1.0
35_H-10	62.0	62.0	5.573108020089602	0.970613630250868	0.9997814685314685
360_H-10	62.0	62.0	5.6129270886065346	0.972552425580789	1.0
361_H-10	62.0	62.0	5.579921516856725	0.9710446419753086	1.0
362_H-10	62.0	62.0	5.580063774545388	0.9712148934774021	1.0
363_H-10	62.0	62.0	5.589170327328522	0.9716756324696331	1.0
364_H-10	62.0	62.0	5.594191368283133	0.972076275604656	1.0
365_H-10	62.0	62.0	5.580743693881242	0.9714333179255972	1.0
366_H-10	62.0	62.0	5.608922164632197	0.9723687328245305	0.9997704315886135
367_H-10	62.0	62.0	5.594894729902223	0.9723889048789051	1.0
368_H-10	62.0	62.0	5.592473598684582	0.9717117223156488	1.0
369_H-10	62.0	62.0	5.586646101833076	0.9713188138761855	1.0
36_H-10	62.0	62.0	5.552415270344589	0.9702548914974031	1.0
370_H-10	62.0	62.0	5.541714118351	0.9697426907391828	1.0
371_H-10	62.0	62.0	5.62033516403803	0.9732409103201043	1.0
372_H-10	62.0	62.0	5.584198504065385	0.9713030298771179	1.0
373_H-10	62.0	62.0	5.589942937991187	0.9715903841869109	1.0
374_H-10	62.0	62.0	5.581152764835015	0.9711296141975316	1.0
375_H-10	62.0	62.0	5.617465862926193	0.972832753044445	1.0
376_H-10	62.0	62.0	5.563774734700536	0.9698654266970747	1.0
377_H-10	62.0	62.0	5.610892188094944	0.9724929952856961	1.0
378_H-10	62.0	62.0	5.584058782603569	0.9716908211354203	1.0
379_H-10	62.0	62.0	5.581844756002385	0.9713034824192905	1.0
37_H-10	62.0	62.0	5.579384229153428	0.9711890555799829	1.0
380_H-10	62.0	62.0	5.583645169843722	0.9713697435993145	1.0
381_H-10	62.0	62.0	5.577959560069991	0.97072302515514	1.0
382_H-10	62.0	62.0	5.5770035168029315	0.9712686781971973	1.0
383_H-10	62.0	62.0	5.549629639343068	0.9692577400326529	1.0
384_H-10	62.0	62.0	5.575106809590397	0.971604468237171	1.0
385_H-10	61.0	61.0	5.5578379851763104	0.9701277458738643	1.0
386_H-10	62.0	62.0	5.5806900736874985	0.9714071748865453	1.0
387_H-10	62.0	62.0	5.5684368350924025	0.9708404055286164	1.0
388_H-10	62.0	62.0	5.5596955060315185	0.9698542981592715	1.0
389_H-10	62.0	62.0	5.591555687254075	0.9719092245538635	1.0
38_H-10	62.0	62.0	5.551360796485429	0.9704032904701241	1.0
390_H-10	62.0	62.0	5.582412318228181	0.9710371737035478	1.0
391_H-10	62.0	62.0	5.559041844179703	0.9700500072298934	1.0
392_H-10	62.0	62.0	5.589575069852147	0.9717896905718925	1.0
393_H-10	62.0	62.0	5.569452219014739	0.9704099347041523	1.0
394_H-10	61.0	61.0	5.599561505619226	0.9721497829311465	1.0
395_H-10	62.0	62.0	5.582211427138212	0.9712077570962915	1.0
396_H-10	62.0	62.0	5.581298823743482	0.971331911971095	1.0
397_H-10	62.0	62.0	5.5525987685759635	0.9701363077832031	1.0
398_H-10	62.0	62.0	5.6087124601423906	0.9723981402239138	1.0
399_H-10	62.0	62.0	5.567585802395756	0.9702228765593585	1.0
39_H-10	62.0	62.0	5.585881853098262	0.9707385005783469	1.0
3_H-10	62.0	62.0	5.580783721636641	0.9708591728432964	1.0
400_H-10	61.0	61.0	5.5513799587468355	0.9699842488296635	1.0
401_H-10	62.0	62.0	5.565783422975508	0.9704814334208064	1.0
402_H-10	62.0	62.0	5.623065914120551	0.9732881333239233	1.0
403_H-10	62.0	62.0	5.605111426088122	0.9723433491654628	1.0
404_H-10	62.0	62.0	5.602279698238629	0.972042973663724	1.0
405_H-10	62.0	62.0	5.561886051755316	0.9707227642720027	0.9997772828507795
406_H-10	62.0	62.0	5.607092455779559	0.9725068626679235	1.0
407_H-10	62.0	62.0	5.583656781703436	0.9708845315690332	1.0
408_H-10	62.0	62.0	5.608918826585372	0.972339099645665	1.0
409_H-10	62.0	62.0	5.603382644607106	0.9722163425046162	1.0
40_H-10	62.0	62.0	5.575688269602888	0.9710808610174052	1.0
410_H-10	62.0	62.0	5.594147535677507	0.9720512595257863	1.0
411_H-10	62.0	62.0	5.599080481676832	0.9717656606095334	1.0
412_H-10	61.0	61.0	5.545867176253904	0.9696235407445913	1.0
413_H-10	62.0	62.0	5.608628734877328	0.9728495695153061	1.0
414_H-10	62.0	62.0	5.58644379921747	0.9714158824951983	1.0
415_H-10	62.0	62.0	5.580467186910855	0.9708757828660732	1.0
416_H-10	62.0	62.0	5.592806396094043	0.9719101014088076	1.0
417_H-10	62.0	62.0	5.596143774057016	0.9719352634031716	1.0
418_H-10	62.0	62.0	5.60503393306483	0.9718636039612125	1.0
419_H-10	62.0	62.0	5.574869268218648	0.9710898851189406	1.0
41_H-10	62.0	62.0	5.621515059878198	0.9728949991052472	1.0
420_H-10	62.0	62.0	5.584767396425917	0.9716123391061366	1.0
421_H-10	62.0	62.0	5.5689434598959	0.9702447550967037	1.0
422_H-10	62.0	62.0	5.580204039851959	0.9707919560348334	1.0
423_H-10	62.0	62.0	5.576366695405257	0.970780709678416	1.0
424_H-10	62.0	62.0	5.578227994543054	0.9709218616801641	1.0
425_H-10	62.0	62.0	5.607769412352014	0.9723762828144042	1.0
426_H-10	62.0	62.0	5.590119840890897	0.9716014176416237	1.0
427_H-10	62.0	62.0	5.57465654539661	0.9712931947069944	1.0
428_H-10	62.0	62.0	5.582071719099882	0.9713299353673558	1.0
429_H-10	62.0	62.0	5.59393615778936	0.9725352609888893	1.0
42_H-10	62.0	62.0	5.572351946163592	0.9707543534044751	1.0
430_H-10	62.0	62.0	5.588480618130312	0.9719369281315539	0.999781992587748
431_H-10	62.0	62.0	5.595658167271231	0.9721992029948074	1.0
432_H-10	62.0	62.0	5.591727991736103	0.9715399587761748	1.0
433_H-10	62.0	62.0	5.585455736878007	0.9719031819050159	1.0
434_H-10	62.0	62.0	5.556485979494962	0.9699974249253585	1.0
435_H-10	62.0	62.0	5.599492578447284	0.9717511895677051	1.0
436_H-10	62.0	62.0	5.594018172266272	0.9720454541190837	1.0
437_H-10	62.0	62.0	5.592383734854028	0.9719760916489157	1.0
438_H-10	62.0	62.0	5.599365901770645	0.9722529680517735	1.0
439_H-10	62.0	62.0	5.556236519303691	0.9695081145127113	1.0
43_H-10	62.0	62.0	5.603367212370095	0.9722201963935277	1.0
440_H-10	62.0	62.0	5.5561357603921175	0.9700847940100931	1.0
441_H-10	62.0	62.0	5.603463243901875	0.9724118441671141	1.0
442_H-10	62.0	62.0	5.605211022608549	0.9717357790153462	1.0
443_H-10	62.0	62.0	5.62695706489542	0.9732451533151723	1.0
444_H-10	62.0	62.0	5.59995681469691	0.9722605960892524	1.0
445_H-10	62.0	62.0	5.597077741398096	0.9714256111395081	1.0
446_H-10	62.0	62.0	5.587652157751058	0.9716059347194491	1.0
447_H-10	62.0	62.0	5.5784139183788515	0.9713050903374799	1.0
448_H-10	62.0	62.0	5.608158513044989	0.9723217174095534	1.0
449_H-10	62.0	62.0	5.5979445334376265	0.9715269668505176	1.0
44_H-10	62.0	62.0	5.545742894117199	0.9693083363253916	1.0
450_H-10	62.0	62.0	5.6014000617475554	0.9720978771166814	1.0
451_H-10	62.0	62.0	5.5852979457959675	0.9714494180473567	1.0
452_H-10	62.0	62.0	5.609779782819725	0.9723447508607942	1.0
453_H-10	62.0	62.0	5.609117038386649	0.9728277766499789	1.0
454_H-10	62.0	62.0	5.591148366765725	0.9720108695652174	1.0
455_H-10	62.0	62.0	5.60807072152196	0.972335945780336	1.0
456_H-10	62.0	62.0	5.581729693328232	0.9712797712883918	1.0
457_H-10	62.0	62.0	5.585452257275858	0.9715486186562334	1.0
458_H-10	62.0	62.0	5.592816783623566	0.9717939201444336	1.0
459_H-10	62.0	62.0	5.602023194043157	0.9718253108494113	1.0
45_H-10	62.0	62.0	5.590186243970335	0.9714804986086378	1.0
460_H-10	62.0	62.0	5.600949756163758	0.9721171386462414	1.0
461_H-10	62.0	62.0	5.572974714769312	0.9707547528604178	1.0
462_H-10	62.0	62.0	5.575927206710359	0.9710928328455333	0.9997805092186128
463_H-10	62.0	62.0	5.582760896139854	0.971424517106426	1.0
464_H-10	62.0	62.0	5.567278686369863	0.9701182517073921	1.0
465_H-10	62.0	62.0	5.563662100208987	0.9705459676282442	1.0
466_H-10	62.0	62.0	5.5876304194275095	0.9719183605603359	1.0
467_H-10	62.0	62.0	5.585985202358672	0.9714029169368612	1.0
468_H-10	62.0	62.0	5.594276590373865	0.9719272469677469	1.0
469_H-10	62.0	62.0	5.559416523056855	0.9705509844665898	1.0
46_H-10	62.0	62.0	5.578113863654457	0.9716226963318124	1.0
470_H-10	62.0	62.0	5.6016466987339815	0.9723072352708342	1.0
471_H-10	62.0	62.0	5.5673721093229736	0.9704873148494547	1.0
472_H-10	62.0	62.0	5.575824921207386	0.9713667819895718	1.0
473_H-10	62.0	62.0	5.56540915965452	0.9698954327358638	1.0
474_H-10	62.0	62.0	5.6046041461274	0.9721928390464272	1.0
475_H-10	62.0	62.0	5.590761169495409	0.9714930248530004	1.0
476_H-10	62.0	62.0	5.563201185394963	0.9702010221716899	1.0
477_H-10	62.0	62.0	5.5896251536497035	0.9712009253325616	1.0
478_H-10	62.0	62.0	5.592037731275663	0.971909265779757	1.0
479_H-10	62.0	62.0	5.573883859455696	0.9711755649237966	1.0
47_H-10	62.0	62.0	5.584063991031623	0.9713715706953286	1.0
480_H-10	62.0	62.0	5.580147560122413	0.9714264922373695	1.0
481_H-10	62.0	62.0	5.5881889509172025	0.9713712748583034	1.0
482_H-10	62.0	62.0	5.53344922935258	0.9690643777617681	1.0
483_H-10	62.0	62.0	5.605322310241664	0.9725467604592496	1.0
484_H-10	62.0	62.0	5.5635967510626525	0.9709822871514282	1.0
485_H-10	62.0	62.0	5.581555194130823	0.9713268577159229	1.0
486_H-10	62.0	62.0	5.5780360521876	0.9711861292750208	1.0
487_H-10	62.0	62.0	5.5966734088744925	0.9721745815532832	1.0
488_H-10	62.0	62.0	5.595795209780382	0.9716418470645429	1.0
489_H-10	62.0	62.0	5.607679357891379	0.972615272528353	1.0
48_H-10	62.0	62.0	5.608527838216182	0.9722437390427893	1.0
490_H-10	62.0	62.0	5.582967468401147	0.9710350881372978	1.0
491_H-10	62.0	62.0	5.581553919170687	0.970646630521464	1.0
492_H-10	62.0	62.0	5.581415265835352	0.972118544599787	1.0
493_H-10	62.0	62.0	5.5779737714900675	0.9709899649937824	1.0
494_H-10	62.0	62.0	5.57986077239068	0.9713250379192935	1.0
495_H-10	62.0	62.0	5.568630607678015	0.9706993393867753	1.0
496_H-10	62.0	62.0	5.592424218418406	0.9715462194779794	1.0
497_H-10	62.0	62.0	5.58114940338409	0.9715284681678297	1.0
498_H-10	62.0	62.0	5.59527006092709	0.9714283695289079	1.0
499_H-10	62.0	62.0	5.607112813326306	0.9724474437694602	1.0
49_H-10	62.0	62.0	5.616608595785966	0.9727173845873687	1.0
4_H-10	62.0	62.0	5.61891047428202	0.972476480010107	1.0
500_H-10	62.0	62.0	5.585371105944276	0.9711654949919992	1.0
501_H-10	62.0	62.0	5.584785727996356	0.9717069313868287	1.0
502_H-10	62.0	62.0	5.599268752642642	0.9719306097166378	1.0
503_H-10	62.0	62.0	5.576367461137258	0.971338193207438	1.0
504_H-10	62.0	62.0	5.598663319506204	0.9718326879064014	1.0
505_H-10	62.0	62.0	5.599970438768976	0.9718301999807873	1.0
506_H-10	62.0	62.0	5.549160305844783	0.970131731979971	1.0
507_H-10	62.0	62.0	5.589439396418345	0.9711971898903972	1.0
508_H-10	62.0	62.0	5.5914370311454205	0.9718977762372024	1.0
509_H-10	62.0	62.0	5.58679298120422	0.9719417888325884	1.0
50_H-10	62.0	62.0	5.591980431636081	0.9715850806080434	1.0
510_H-10	62.0	62.0	5.602472716356491	0.9719183525433492	0.9997690531177829
511_H-10	62.0	62.0	5.572371636340938	0.9710299632181164	1.0
512_H-10	62.0	62.0	5.594397549279637	0.9712523682441992	1.0
513_H-10	62.0	62.0	5.595012337188497	0.9714456948338972	1.0
514_H-10	62.0	62.0	5.589800740050026	0.9712983859352035	1.0
515_H-10	62.0	62.0	5.572554361367973	0.9708963214216161	1.0
516_H-10	62.0	62.0	5.59972444685769	0.9717919996721623	1.0
517_H-10	62.0	62.0	5.582849017618922	0.9708190688282408	1.0
518_H-10	62.0	62.0	5.561828818916319	0.9705979041634151	1.0
519_H-10	62.0	62.0	5.562126667191977	0.969829353679521	1.0
51_H-10	62.0	62.0	5.597762785875601	0.9722722635682906	0.9997730367680435
520_H-10	62.0	62.0	5.5550284656433435	0.9701916512222121	1.0
521_H-10	61.0	61.0	5.590597799595973	0.9720572599626653	1.0
522_H-10	62.0	62.0	5.561650808501181	0.9698848674933879	1.0
523_H-10	61.0	61.0	5.566760971172704	0.9710937071311141	1.0
524_H-10	62.0	62.0	5.6076463781904105	0.9728507658034308	1.0
525_H-10	62.0	62.0	5.559112470370688	0.9700110331491353	1.0
526_H-10	62.0	62.0	5.591343782545507	0.9718349885679363	1.0
527_H-10	62.0	62.0	5.587761071962366	0.971607584807385	0.9997765862377123
528_H-10	62.0	62.0	5.596906852935112	0.9724943178370373	0.9997808939526731
529_H-10	62.0	62.0	5.56418664888656	0.9710122785202548	1.0
52_H-10	62.0	62.0	5.558727960335337	0.9704808623483595	1.0
530_H-10	62.0	62.0	5.570657840897689	0.9712238919301677	1.0
531_H-10	62.0	62.0	5.616455958903424	0.9726265776917294	1.0
532_H-10	62.0	62.0	5.57841557025997	0.9713059546313799	1.0
533_H-10	62.0	62.0	5.606756154675261	0.972135462329368	1.0
534_H-10	62.0	62.0	5.563894252909564	0.9702623065411505	1.0
535_H-10	62.0	62.0	5.561744452064184	0.9703035828269152	1.0
536_H-10	62.0	62.0	5.597462453006546	0.971692492672492	1.0
537_H-10	62.0	62.0	5.600504158078285	0.972157803025257	0.9997776295307983
538_H-10	62.0	62.0	5.585409177258493	0.9708761330843718	1.0
539_H-10	62.0	62.0	5.556683177799594	0.9697408766034032	1.0
53_H-10	62.0	62.0	5.595435461707553	0.9715603204953868	1.0
540_H-10	62.0	62.0	5.609778050292328	0.9723679402470554	1.0
541_H-10	62.0	62.0	5.593089735869925	0.971586324988327	1.0
542_H-10	62.0	62.0	5.602923692913303	0.9722841943064204	1.0
543_H-10	62.0	62.0	5.563560096816113	0.9700563210102703	1.0
544_H-10	62.0	62.0	5.565337185880584	0.9706672151256818	1.0
545_H-10	62.0	62.0	5.58449770416062	0.9709615519817926	1.0
546_H-10	62.0	62.0	5.597258641798271	0.9721370018667316	1.0
547_H-10	62.0	62.0	5.570945462893046	0.970832137418173	1.0
548_H-10	62.0	62.0	5.560795366286202	0.9703944934186692	1.0
549_H-10	62.0	62.0	5.583453586823207	0.9710267731507344	1.0
54_H-10	62.0	62.0	5.547166520730153	0.9704092707772828	1.0
550_H-10	62.0	62.0	5.612552309966485	0.9727501989171147	1.0
551_H-10	62.0	62.0	5.57476633955264	0.9710644730014346	1.0
552_H-10	62.0	62.0	5.5875403626211835	0.9716886148835933	1.0
553_H-10	62.0	62.0	5.594833655130612	0.9723962127480751	1.0
554_H-10	62.0	62.0	5.55259962604035	0.9700443813187479	1.0
555_H-10	62.0	62.0	5.577903745765979	0.9711129826006465	1.0
556_H-10	62.0	62.0	5.5948928498038715	0.9720414098115482	1.0
557_H-10	62.0	62.0	5.593578313201175	0.971467750675511	1.0
558_H-10	62.0	62.0	5.569758592333428	0.9709534987399683	1.0
559_H-10	62.0	62.0	5.612808111868305	0.9727481700318614	1.0
55_H-10	62.0	62.0	5.580435416287678	0.9710257213862533	1.0
560_H-10	62.0	62.0	5.589665373590037	0.9712459141140389	1.0
561_H-10	62.0	62.0	5.60229048796708	0.9721312183690948	1.0
562_H-10	62.0	62.0	5.594722619755941	0.9716377890827378	1.0
563_H-10	62.0	62.0	5.564071027718563	0.970259679607523	1.0
564_H-10	62.0	62.0	5.578459994578899	0.9712037755722681	1.0
565_H-10	62.0	62.0	5.609774530649585	0.9727300911727212	1.0
566_H-10	62.0	62.0	5.585203285350478	0.9706817024915256	1.0
567_H-10	62.0	62.0	5.610418951096514	0.9729121991741869	1.0
568_H-10	62.0	62.0	5.580275815935286	0.9710445154577884	1.0
569_H-10	62.0	62.0	5.559323822471769	0.9700948484599714	1.0
56_H-10	62.0	62.0	5.576378320208208	0.9716185416363549	1.0
570_H-10	62.0	62.0	5.56617612441726	0.9709568157193197	0.999777183600713
571_H-10	62.0	62.0	5.585723446015757	0.9715408941972075	1.0
572_H-10	62.0	62.0	5.5757608380558015	0.9707891268241342	0.999771845767739
573_H-10	62.0	62.0	5.592472227718656	0.9715093730026478	1.0
574_H-10	62.0	62.0	5.583292314690212	0.9713581934497001	1.0
575_H-10	62.0	62.0	5.561737788382184	0.9700411057614852	1.0
576_H-10	62.0	62.0	5.613427251079817	0.9727938694320265	1.0
577_H-10	62.0	62.0	5.588853969924128	0.9717226232260532	1.0
578_H-10	62.0	62.0	5.582739373918806	0.9715542868841649	1.0
579_H-10	62.0	62.0	5.57847876117259	0.971322020194944	1.0
57_H-10	62.0	62.0	5.563993399937401	0.9706461063065186	1.0
580_H-10	62.0	62.0	5.605639822794929	0.9718206590354347	1.0
581_H-10	62.0	62.0	5.6065372486164975	0.9723551714451463	1.0
582_H-10	62.0	62.0	5.612725807619863	0.9725503569547047	1.0
583_H-10	62.0	62.0	5.5716741814250925	0.9710641809068667	1.0
584_H-10	62.0	62.0	5.550098282451281	0.9695667141159362	1.0
585_H-10	62.0	62.0	5.583266008776223	0.9712630936006935	1.0
586_H-10	62.0	62.0	5.575262059951553	0.9707027305805356	1.0
587_H-10	62.0	62.0	5.596445150316645	0.9718516198551097	1.0
588_H-10	62.0	62.0	5.572025769251176	0.9709346536763512	1.0
589_H-10	62.0	62.0	5.603710506392569	0.9722037625114126	1.0
58_H-10	62.0	62.0	5.5752897207181755	0.9706122773013932	1.0
590_H-10	62.0	62.0	5.596278484620676	0.9723459154083762	1.0
591_H-10	62.0	62.0	5.603035719366239	0.9722136327984559	1.0
592_H-10	62.0	62.0	5.605319330609617	0.9729423153081301	1.0
593_H-10	62.0	62.0	5.593599064793928	0.9717904340929959	1.0
594_H-10	62.0	62.0	5.5774104072664565	0.9708664503936929	1.0
595_H-10	62.0	62.0	5.602678792489332	0.9721553855807292	1.0
596_H-10	62.0	62.0	5.593015183456937	0.9721238347245978	1.0
597_H-10	62.0	62.0	5.619632745155247	0.972691469852437	1.0
598_H-10	62.0	62.0	5.583789182040603	0.9711920664788997	1.0
599_H-10	62.0	62.0	5.587076384602696	0.9717724067823118	1.0
59_H-10	62.0	62.0	5.585459021792023	0.970912864524156	1.0
5_H-10	61.0	61.0	5.59611176624385	0.9714447867184896	1.0
600_H-10	62.0	62.0	5.57182342506017	0.9706944110098775	1.0
601_H-10	62.0	62.0	5.589526439973896	0.9717248980838337	1.0
602_H-10	62.0	62.0	5.5429941337553466	0.9691478815497343	1.0
603_H-10	62.0	62.0	5.583152649450305	0.9712793334846274	1.0
604_H-10	62.0	62.0	5.567978133403	0.9704723061154105	1.0
605_H-10	62.0	62.0	5.592025517405934	0.9715753413369149	1.0
606_H-10	62.0	62.0	5.600039777598315	0.9720021754793277	1.0
607_H-10	62.0	62.0	5.5932508143753275	0.9714175032099074	1.0
608_H-10	62.0	62.0	5.616163408971605	0.9723890694394147	1.0
609_H-10	62.0	62.0	5.616927554808237	0.9726936031480284	1.0
60_H-10	62.0	62.0	5.598250956798406	0.9721126418522564	1.0
610_H-10	62.0	62.0	5.615089783212857	0.9728269333546656	1.0
611_H-10	62.0	62.0	5.592958412114075	0.9716666402346825	1.0
612_H-10	62.0	62.0	5.59454003611068	0.9718468255824978	1.0
613_H-10	62.0	62.0	5.596691085134608	0.9717351429408061	1.0
614_H-10	62.0	62.0	5.587473308755748	0.9712089115531443	1.0
615_H-10	62.0	62.0	5.584160097605458	0.9712290350805798	1.0
616_H-10	62.0	62.0	5.568880305897786	0.9707805940637254	1.0
617_H-10	62.0	62.0	5.587748119316958	0.9712899874523355	1.0
618_H-10	62.0	62.0	5.5907255910336495	0.9716466077126853	1.0
619_H-10	62.0	62.0	5.581852146179598	0.9710432718949852	1.0
61_H-10	62.0	62.0	5.57264551808802	0.9710165380540832	1.0
620_H-10	62.0	62.0	5.568953146615118	0.9696996246963447	1.0
621_H-10	62.0	62.0	5.576495733422464	0.9709047742264163	1.0
622_H-10	62.0	62.0	5.57682108338428	0.9712608626926869	1.0
623_H-10	62.0	62.0	5.563392567392227	0.9706486309727697	1.0
624_H-10	62.0	62.0	5.61917334830023	0.9733076990504017	1.0
625_H-10	62.0	62.0	5.577321987660255	0.9711973939479778	1.0
626_H-10	62.0	62.0	5.584276287879309	0.9714734046833507	1.0
627_H-10	62.0	62.0	5.597516881554124	0.9718150356198241	1.0
628_H-10	62.0	62.0	5.590876505686147	0.9714461477291639	1.0
629_H-10	62.0	62.0	5.598661706354467	0.9722702291845087	1.0
62_H-10	62.0	62.0	5.613886490142293	0.9725722965731107	1.0
630_H-10	62.0	62.0	5.590404796110134	0.9719390894537038	1.0
631_H-10	62.0	62.0	5.58879382545677	0.9712847570608122	1.0
632_H-10	62.0	62.0	5.600820276487283	0.9719668041667747	1.0
633_H-10	62.0	62.0	5.562320437118726	0.9705207792506423	1.0
634_H-10	62.0	62.0	5.584448662826317	0.9716591377571159	1.0
635_H-10	62.0	62.0	5.579629323302787	0.9711734265763373	1.0
636_H-10	62.0	62.0	5.583285046230918	0.9710239853447811	1.0
637_H-10	62.0	62.0	5.580115273105022	0.9705909151408438	1.0
638_H-10	62.0	62.0	5.569915745406528	0.9707570337070106	1.0
639_H-10	62.0	62.0	5.563305602776323	0.9701287747668883	1.0
63_H-10	62.0	62.0	5.618664198526599	0.9728490396035974	1.0
640_H-10	62.0	62.0	5.610178806516318	0.9727887884273362	1.0
641_H-10	62.0	62.0	5.610037283362695	0.9725953416952791	1.0
642_H-10	62.0	62.0	5.580280800944517	0.9706685336548612	1.0
643_H-10	62.0	62.0	5.62026783799886	0.9729679350084506	1.0
644_H-10	62.0	62.0	5.544538807840359	0.9694946417897459	1.0
645_H-10	62.0	62.0	5.584381710085705	0.9719708295897849	1.0
646_H-10	62.0	62.0	5.58667735050606	0.9720450561166286	1.0
647_H-10	62.0	62.0	5.610583359381846	0.9720501256229234	1.0
648_H-10	62.0	62.0	5.5767967654969395	0.9708091059062115	0.9997759354694152
649_H-10	62.0	62.0	5.590317141916549	0.9707582002094012	1.0
64_H-10	62.0	62.0	5.575728996205998	0.9710897222363164	1.0
650_H-10	62.0	62.0	5.549611274454881	0.9699263373988649	1.0
651_H-10	62.0	62.0	5.564621786604484	0.9708179571730611	1.0
652_H-10	62.0	62.0	5.592003810061252	0.9714709006939672	1.0
653_H-10	62.0	62.0	5.588399004006601	0.9715360853575827	1.0
654_H-10	62.0	62.0	5.604378938349034	0.9731424581799731	1.0
655_H-10	62.0	62.0	5.631207247971048	0.9734134968671544	1.0
656_H-10	62.0	62.0	5.565955557497459	0.9701684459265727	1.0
657_H-10	62.0	62.0	5.58591986382189	0.971317215491459	1.0
658_H-10	62.0	62.0	5.5975191477879465	0.9727413097774058	1.0
659_H-10	62.0	62.0	5.588770030113886	0.9715063634634908	1.0
65_H-10	62.0	62.0	5.5761284608419	0.9711854786280403	1.0
660_H-10	62.0	62.0	5.608175581750131	0.9723835375068224	1.0
661_H-10	62.0	62.0	5.6090925396403355	0.9725382978379812	1.0
662_H-10	62.0	62.0	5.589768499776268	0.9718036737111536	1.0
663_H-10	62.0	62.0	5.582261990258513	0.9713373529152174	1.0
664_H-10	62.0	62.0	5.592203053406793	0.9715282610227216	1.0
665_H-10	62.0	62.0	5.592071261201277	0.9716236331385448	1.0
666_H-10	62.0	62.0	5.580070800732134	0.9710767227000994	1.0
667_H-10	62.0	62.0	5.578625057631564	0.9713103491109605	1.0
668_H-10	62.0	62.0	5.58802750628034	0.9715024532626542	1.0
669_H-10	62.0	62.0	5.625091640209945	0.973250092760686	1.0
66_H-10	62.0	62.0	5.578439584914318	0.9710211749774219	1.0
670_H-10	62.0	62.0	5.586829629459454	0.9713884041627179	1.0
671_H-10	62.0	62.0	5.586469458517503	0.9716987345611694	1.0
672_H-10	62.0	62.0	5.5612402003893	0.9706984544529934	1.0
673_H-10	62.0	62.0	5.589247000793599	0.9715057182027709	1.0
674_H-10	62.0	62.0	5.583135729608622	0.9711277160542297	1.0
675_H-10	62.0	62.0	5.577238761347835	0.9713293283393654	1.0
676_H-10	62.0	62.0	5.6035505870163105	0.9720338998150316	1.0
677_H-10	62.0	62.0	5.587167552841631	0.9715515915438477	1.0
678_H-10	62.0	62.0	5.600906870736018	0.9718417112402375	1.0
679_H-10	61.0	61.0	5.579556768037903	0.9710820746069933	1.0
67_H-10	62.0	62.0	5.581349076698769	0.9713346506436382	1.0
680_H-10	62.0	62.0	5.575002908263705	0.9708259538825169	1.0
681_H-10	62.0	62.0	5.60361487605406	0.9721436065991531	1.0
682_H-10	62.0	62.0	5.584520638197216	0.9710174826879647	1.0
683_H-10	62.0	62.0	5.619310350064625	0.9729847138609882	1.0
684_H-10	62.0	62.0	5.6086899049334145	0.972219265922984	1.0
685_H-10	62.0	62.0	5.5364106728200175	0.969292980206635	1.0
686_H-10	62.0	62.0	5.564774601015801	0.9704983752147719	1.0
687_H-10	62.0	62.0	5.571982816785522	0.9712024598283141	1.0
688_H-10	62.0	62.0	5.5922149931608445	0.9714252465355973	1.0
689_H-10	62.0	62.0	5.616026170236573	0.9725251691180442	1.0
68_H-10	62.0	62.0	5.5760357871300315	0.9710490221441214	1.0
690_H-10	62.0	62.0	5.5881565816482555	0.9713921617389667	1.0
691_H-10	62.0	62.0	5.592914733140929	0.9718272099985745	1.0
692_H-10	62.0	62.0	5.592456324389861	0.9717831260197068	1.0
693_H-10	62.0	62.0	5.598811498681386	0.9718820247933885	1.0
694_H-10	62.0	62.0	5.582975801606316	0.9715185185185186	1.0
695_H-10	62.0	62.0	5.560296269969444	0.9702744653200771	1.0
696_H-10	62.0	62.0	5.621140951762873	0.9726748386301887	1.0
697_H-10	62.0	62.0	5.55787481272204	0.9704595310606672	1.0
698_H-10	62.0	62.0	5.567336916216794	0.9704220728414698	1.0
699_H-10	62.0	62.0	5.570184845496906	0.9706907420899772	1.0
69_H-10	62.0	62.0	5.594911777848311	0.9721084820565301	1.0
6_H-10	62.0	62.0	5.535703375781705	0.968668049382716	1.0
700_H-10	62.0	62.0	5.578479970018765	0.9713558156874913	1.0
701_H-10	62.0	62.0	5.589378033521056	0.9719023909515536	1.0
702_H-10	62.0	62.0	5.583300881651626	0.9715052583293717	1.0
703_H-10	62.0	62.0	5.576154179703687	0.9709841356178751	1.0
704_H-10	62.0	62.0	5.556603832332938	0.9705038019306095	1.0
705_H-10	62.0	62.0	5.584279394481913	0.9712745825570257	1.0
706_H-10	62.0	62.0	5.602184709934467	0.9724253809014799	1.0
707_H-10	62.0	62.0	5.580837068058428	0.9709867068620589	1.0
708_H-10	62.0	62.0	5.587972033616549	0.9718566642435162	1.0
709_H-10	62.0	62.0	5.581235168989562	0.9712485650005145	1.0
70_H-10	62.0	62.0	5.574555146980127	0.9710394074074074	1.0
710_H-10	62.0	62.0	5.606648358192009	0.9718239893293871	1.0
711_H-10	62.0	62.0	5.602579087212117	0.9725638179298928	1.0
712_H-10	62.0	62.0	5.601800805885403	0.9719030060742495	1.0
713_H-10	62.0	62.0	5.634248320150002	0.973319531261904	1.0
714_H-10	62.0	62.0	5.57744229234142	0.9709735864475304	1.0
715_H-10	62.0	62.0	5.57808179247229	0.9710694179228904	1.0
716_H-10	62.0	62.0	5.579684536503339	0.9716046079347008	1.0
717_H-10	62.0	62.0	5.5618474847976485	0.9701172155902116	1.0
718_H-10	62.0	62.0	5.572890180141511	0.9709124976066634	1.0
719_H-10	62.0	62.0	5.5850240221397005	0.9711535406496139	1.0
71_H-10	62.0	62.0	5.578892657436177	0.9713314567901234	1.0
720_H-10	62.0	62.0	5.583672864558192	0.971019230146055	1.0
721_H-10	62.0	62.0	5.6152003207226775	0.9724635069648045	1.0
722_H-10	62.0	62.0	5.5879260184136905	0.9710877669283889	1.0
723_H-10	62.0	62.0	5.559610051569294	0.9704234823770558	1.0
724_H-10	62.0	62.0	5.611592423775593	0.9727294613542087	1.0
725_H-10	62.0	62.0	5.57771539304628	0.9715164275265381	1.0
726_H-10	62.0	62.0	5.596636949718624	0.9713506462729377	1.0
727_H-10	62.0	62.0	5.591425017257862	0.9716263999653937	1.0
728_H-10	62.0	62.0	5.59970054581741	0.9719070870231952	1.0
729_H-10	62.0	62.0	5.591113639899326	0.9714617272123564	1.0
72_H-10	62.0	62.0	5.5964664142444045	0.972191870681415	1.0
730_H-10	62.0	62.0	5.60064471617004	0.9721853350483699	1.0
731_H-10	62.0	62.0	5.589534677400372	0.9714528624919251	1.0
732_H-10	62.0	62.0	5.580020295123989	0.9712102439200745	1.0
733_H-10	62.0	62.0	5.5907390135414765	0.9719505807906842	1.0
734_H-10	62.0	62.0	5.586026375180537	0.9711605163679843	1.0
735_H-10	62.0	62.0	5.609102410418601	0.9728705042934032	1.0
736_H-10	62.0	62.0	5.5767514955584705	0.9710981982959114	1.0
737_H-10	62.0	62.0	5.6099305002791775	0.9728071207552176	1.0
738_H-10	62.0	62.0	5.627869187303493	0.9734092083746082	1.0
739_H-10	62.0	62.0	5.577988663185483	0.971062689801024	1.0
73_H-10	62.0	62.0	5.577320684618679	0.970925691200606	1.0
740_H-10	62.0	62.0	5.570819472619782	0.9704438856228484	1.0
741_H-10	62.0	62.0	5.540571661692255	0.9693299167127194	1.0
742_H-10	62.0	62.0	5.566729379699149	0.9706845769087123	1.0
743_H-10	62.0	62.0	5.61608180155186	0.9732035130888614	1.0
744_H-10	62.0	62.0	5.60383913640472	0.972342613851456	1.0
745_H-10	62.0	62.0	5.581543133468384	0.9713199724385703	1.0
746_H-10	62.0	62.0	5.622241887667165	0.9733778161139072	1.0
747_H-10	62.0	62.0	5.5763229998907065	0.9707914064834174	1.0
748_H-10	62.0	62.0	5.557112785384833	0.9703849947187909	1.0
749_H-10	62.0	62.0	5.614970211041514	0.9725651944168114	1.0
74_H-10	62.0	62.0	5.582193555852857	0.9709151212855383	1.0
750_H-10	62.0	62.0	5.579109507491812	0.9708494143219418	1.0
751_H-10	62.0	62.0	5.5599992728802805	0.9703825841652814	1.0
752_H-10	62.0	62.0	5.593716635783743	0.9718893099474338	1.0
753_H-10	62.0	62.0	5.577608372269065	0.9711019729840706	0.9997784179038334
754_H-10	62.0	62.0	5.582236614828502	0.9709981031885451	1.0
755_H-10	62.0	62.0	5.591776551823547	0.9715633033621897	1.0
756_H-10	62.0	62.0	5.611831369735862	0.9723718857855476	1.0
757_H-10	62.0	62.0	5.601818980623164	0.9720746681648001	1.0
758_H-10	62.0	62.0	5.571725801955968	0.9714307094838455	1.0
759_H-10	61.0	61.0	5.622388577888427	0.9728245551020408	1.0
75_H-10	62.0	62.0	5.583267149833783	0.9712789016508513	1.0
760_H-10	62.0	62.0	5.578649852986382	0.9703418993731094	1.0
761_H-10	62.0	62.0	5.583885859794197	0.9711119928553524	1.0
762_H-10	62.0	62.0	5.57886498184178	0.9716131633881853	1.0
763_H-10	62.0	62.0	5.598053282549651	0.9722878444330715	1.0
764_H-10	62.0	62.0	5.609147476017117	0.9723571477517342	1.0
765_H-10	62.0	62.0	5.572158736120226	0.9703841023681584	1.0
766_H-10	62.0	62.0	5.576655798441642	0.9704894331347397	1.0
767_H-10	62.0	62.0	5.570235252796848	0.9705951298174542	1.0
768_H-10	62.0	62.0	5.568856661553295	0.9710194478954663	1.0
769_H-10	62.0	62.0	5.586131720024853	0.9711473171719285	1.0
76_H-10	62.0	62.0	5.542367822753353	0.9697021715372858	1.0
770_H-10	62.0	62.0	5.559682597472531	0.9702071169039587	0.9997753818508536
771_H-10	62.0	62.0	5.580511050917948	0.9714878798080969	1.0
772_H-10	62.0	62.0	5.574847110644105	0.9708461799197554	1.0
773_H-10	62.0	62.0	5.577932787208696	0.9709307065627172	1.0
774_H-10	62.0	62.0	5.63148695087213	0.973147639521846	1.0
775_H-10	62.0	62.0	5.586078334844213	0.9716927799177758	1.0
776_H-10	62.0	62.0	5.5785677011693044	0.9710193218562816	0.9997719498289623
777_H-10	62.0	62.0	5.597790393600935	0.971624184212338	1.0
778_H-10	62.0	62.0	5.546536052224317	0.9698256750442387	1.0
779_H-10	62.0	62.0	5.604542839048147	0.9721505165289256	1.0
77_H-10	62.0	62.0	5.594454013751249	0.971669410112361	1.0
780_H-10	62.0	62.0	5.595180946762732	0.9719012304703475	1.0
781_H-10	62.0	62.0	5.611520028418337	0.9726142235743692	1.0
782_H-10	62.0	62.0	5.559893783826228	0.9706723026729316	1.0
783_H-10	62.0	62.0	5.615834038643098	0.972699534424971	1.0
784_H-10	62.0	62.0	5.600995838864759	0.9722875452338497	1.0
785_H-10	62.0	62.0	5.603490263463428	0.9716500056695231	1.0
786_H-10	62.0	62.0	5.613399326207024	0.9725920664639364	1.0
787_H-10	62.0	62.0	5.589325078470168	0.971645434654664	1.0
788_H-10	62.0	62.0	5.562228977791326	0.9701081225804002	1.0
789_H-10	62.0	62.0	5.572488830606868	0.9708005416639799	1.0
78_H-10	62.0	62.0	5.590432367327684	0.9717668444512217	1.0
790_H-10	62.0	62.0	5.5843545856835615	0.9714873961443814	1.0
791_H-10	62.0	62.0	5.582168866149996	0.9712421160899688	0.9997797356828194
792_H-10	62.0	62.0	5.604607642394644	0.9721021042622967	1.0
793_H-10	62.0	62.0	5.592872174851268	0.9719380787655524	1.0
794_H-10	62.0	62.0	5.613625710521942	0.973121740022571	1.0
795_H-10	62.0	62.0	5.568990984351791	0.9699738107022586	1.0
796_H-10	62.0	62.0	5.571437148623061	0.9707214308903498	1.0
797_H-10	62.0	62.0	5.612076904006394	0.972094079083479	1.0
798_H-10	62.0	62.0	5.5978832802858935	0.9724554916612399	1.0
799_H-10	62.0	62.0	5.576811634455501	0.9708798698284509	1.0
79_H-10	62.0	62.0	5.547739280213278	0.9698353585033832	1.0
7_H-10	62.0	62.0	5.605999423006827	0.9721668180050329	1.0
800_H-10	62.0	62.0	5.590434770103724	0.9716327253306337	1.0
801_H-10	62.0	62.0	5.579212915223447	0.9715642778362197	0.999776885319054
802_H-10	62.0	62.0	5.575675473676126	0.9708844498537071	1.0
803_H-10	62.0	62.0	5.540951413353426	0.9692909499518919	1.0
804_H-10	62.0	62.0	5.582747767165295	0.9715873619941976	1.0
805_H-10	62.0	62.0	5.575943794675293	0.9705039269386683	1.0
806_H-10	62.0	62.0	5.611592220497074	0.9727795937270938	1.0
807_H-10	62.0	62.0	5.585263958920763	0.9714920548871356	1.0
808_H-10	62.0	62.0	5.5883419329525035	0.9714681349891007	1.0
809_H-10	62.0	62.0	5.5719079961457	0.9712087421713254	1.0
80_H-10	62.0	62.0	5.5764311178865835	0.9710305958004585	1.0
810_H-10	62.0	62.0	5.600996204420566	0.9721183800543647	1.0
811_H-10	62.0	62.0	5.590270580503514	0.9712851439682672	1.0
812_H-10	62.0	62.0	5.596171037050195	0.9718290993015694	1.0
813_H-10	62.0	62.0	5.564128580051714	0.9708071848375196	1.0
814_H-10	62.0	62.0	5.6058731312929595	0.9721304201775672	1.0
815_H-10	62.0	62.0	5.594643869487874	0.9714857146315489	1.0
816_H-10	62.0	62.0	5.585016277198038	0.9716101297029144	1.0
817_H-10	62.0	62.0	5.583009282475733	0.9713637313744812	1.0
818_H-10	62.0	62.0	5.58392207732678	0.9715406276721493	1.0
819_H-10	62.0	62.0	5.604766194970259	0.9723972072406547	1.0
81_H-10	62.0	62.0	5.56322726251083	0.9707530768858714	1.0
820_H-10	62.0	62.0	5.606529336428852	0.9717015754972906	1.0
821_H-10	62.0	62.0	5.568597593234939	0.9702769407522996	1.0
822_H-10	62.0	62.0	5.560394048132808	0.9703458110165931	1.0
823_H-10	62.0	62.0	5.599162583069855	0.9718245892738644	1.0
824_H-10	62.0	62.0	5.57609356664876	0.9711137858612523	0.9997776789684304
825_H-10	62.0	62.0	5.605066776074498	0.972053052655876	1.0
826_H-10	62.0	62.0	5.614932434622934	0.9727419222062845	0.9997806536521167
827_H-10	62.0	62.0	5.587279656141577	0.9716768629734585	1.0
828_H-10	62.0	62.0	5.583184459009795	0.9714345560466738	1.0
829_H-10	62.0	62.0	5.574822322284625	0.9708312266954383	0.9997737044580222
82_H-10	62.0	62.0	5.5873746105177355	0.9711219562090855	1.0
830_H-10	62.0	62.0	5.591866868822636	0.9720966858377443	1.0
831_H-10	62.0	62.0	5.633475715638974	0.9736207802000997	1.0
832_H-10	62.0	62.0	5.574456173017328	0.9710000229543698	1.0
833_H-10	62.0	62.0	5.5803626116774145	0.9712599176562544	1.0
834_H-10	62.0	62.0	5.599465942742144	0.9725660714949911	1.0
835_H-10	62.0	62.0	5.5731920050976465	0.9706888679592965	1.0
836_H-10	62.0	62.0	5.584119221766162	0.9714259025563161	1.0
837_H-10	62.0	62.0	5.599618579970907	0.9720334955265294	1.0
838_H-10	62.0	62.0	5.593423051393411	0.9718395310633214	1.0
839_H-10	62.0	62.0	5.581268411852967	0.9708184538658569	1.0
83_H-10	62.0	62.0	5.579742176360455	0.9711293995914427	1.0
840_H-10	62.0	62.0	5.589817608750555	0.9714961245976057	1.0
841_H-10	62.0	62.0	5.576665919739836	0.9706732900258551	1.0
842_H-10	62.0	62.0	5.622048239324906	0.972992031101909	0.999775684163302
843_H-10	62.0	62.0	5.609752402291216	0.9726832504959464	1.0
844_H-10	62.0	62.0	5.571971495954627	0.9704111926140918	1.0
845_H-10	62.0	62.0	5.587160313244541	0.97135809992934	1.0
846_H-10	62.0	62.0	5.5768892845489315	0.9704177221181624	1.0
847_H-10	62.0	62.0	5.6140515962019375	0.9728407880489449	1.0
848_H-10	62.0	62.0	5.5768377593517755	0.9708950310026361	1.0
849_H-10	62.0	62.0	5.5906115041911955	0.9715747859737651	1.0
84_H-10	62.0	62.0	5.574981937449562	0.9709600832696053	1.0
850_H-10	62.0	62.0	5.593080684892659	0.9723352283661809	1.0
851_H-10	62.0	62.0	5.588242014795888	0.9715002833461884	1.0
852_H-10	62.0	62.0	5.607377585191498	0.9725452555231829	1.0
853_H-10	62.0	62.0	5.584203142693386	0.9714623343226814	1.0
854_H-10	62.0	62.0	5.606188276707516	0.97180359566026	1.0
855_H-10	62.0	62.0	5.590282396307729	0.9718434834905411	1.0
856_H-10	62.0	62.0	5.598410852270831	0.9719847459722581	1.0
857_H-10	62.0	62.0	5.589000162617621	0.9714000830441581	1.0
858_H-10	62.0	62.0	5.593875037647454	0.9716361994800774	1.0
859_H-10	62.0	62.0	5.595435159456171	0.9715568559544663	1.0
85_H-10	62.0	62.0	5.584486233848621	0.9714579885049981	0.9997743682310469
860_H-10	62.0	62.0	5.5847609850901385	0.971083290464606	1.0
861_H-10	62.0	62.0	5.585987788922139	0.9712877180270172	1.0
862_H-10	62.0	62.0	5.609458343313498	0.9722170836966479	1.0
863_H-10	62.0	62.0	5.557194023459612	0.9707620996162581	1.0
864_H-10	62.0	62.0	5.6072767681569315	0.971977463805382	1.0
865_H-10	62.0	62.0	5.587451355234395	0.9710666087998843	1.0
866_H-10	62.0	62.0	5.578295601135208	0.9708580510836967	1.0
867_H-10	62.0	62.0	5.580087922418469	0.9711621811642754	1.0
868_H-10	62.0	62.0	5.579855787446265	0.9711008361906919	1.0
869_H-10	62.0	62.0	5.58394506164029	0.9716277137591147	1.0
86_H-10	62.0	62.0	5.574282543805249	0.9711175622675199	1.0
870_H-10	62.0	62.0	5.627942779156137	0.9733806010280335	1.0
871_H-10	62.0	62.0	5.593204675557578	0.9716208998606288	1.0
872_H-10	62.0	62.0	5.534147866703121	0.9694991128536331	1.0
873_H-10	62.0	62.0	5.632187288747657	0.9734114120728373	1.0
874_H-10	62.0	62.0	5.563136446806482	0.9704711049600198	1.0
875_H-10	62.0	62.0	5.586674667702291	0.9717260703983688	1.0
876_H-10	62.0	62.0	5.565391732635278	0.970326344019845	1.0
877_H-10	62.0	62.0	5.571672342486826	0.9707391890400452	1.0
878_H-10	62.0	62.0	5.583419482599133	0.9712737090776095	1.0
879_H-10	62.0	62.0	5.564522690459796	0.9704490805063399	1.0
87_H-10	62.0	62.0	5.597510872197559	0.9723262051867894	1.0
880_H-10	62.0	62.0	5.580230760362264	0.971955693433169	1.0
881_H-10	62.0	62.0	5.613111368719143	0.9728189683217611	1.0
882_H-10	62.0	62.0	5.5347207771119935	0.9689081269896012	1.0
883_H-10	62.0	62.0	5.584726398892612	0.971361950662883	1.0
884_H-10	62.0	62.0	5.620758984976815	0.9730194438575335	1.0
885_H-10	62.0	62.0	5.590479736763068	0.9718860872243542	1.0
886_H-10	62.0	62.0	5.567167447263462	0.9708949831011962	0.9997758350145707
887_H-10	62.0	62.0	5.625008821077705	0.9729570172536995	1.0
888_H-10	62.0	62.0	5.574780405528822	0.9709445008367726	1.0
889_H-10	62.0	62.0	5.5817291051390585	0.9706750330721688	1.0
88_H-10	62.0	62.0	5.57738981765973	0.9713437538931495	1.0
890_H-10	62.0	62.0	5.58494211655181	0.971225114167402	1.0
891_H-10	62.0	62.0	5.592105540124045	0.971171351753881	1.0
892_H-10	62.0	62.0	5.586813712824658	0.9716367222196708	0.9997760859829825
893_H-10	61.0	61.0	5.598987415221571	0.9720882784205152	1.0
894_H-10	62.0	62.0	5.588675619669657	0.9719200424932629	0.9997792494481236
895_H-10	62.0	62.0	5.61178535624227	0.9718802503674618	1.0
896_H-10	62.0	62.0	5.54410740697564	0.9693387424379493	1.0
897_H-10	62.0	62.0	5.519040905551988	0.9677476239669421	1.0
898_H-10	62.0	62.0	5.597555742972124	0.972015592112744	1.0
899_H-10	62.0	62.0	5.575136586603255	0.9712388752013333	1.0
89_H-10	62.0	62.0	5.564275274864479	0.97021662932159	1.0
8_H-10	62.0	62.0	5.569849253894438	0.9706343405349246	1.0
900_H-10	62.0	62.0	5.568789148004689	0.9704402772437585	1.0
901_H-10	62.0	62.0	5.586160464048151	0.971064690726379	1.0
902_H-10	62.0	62.0	5.606501271105998	0.9727352648911073	1.0
903_H-10	62.0	62.0	5.597476250328201	0.971965202489002	1.0
904_H-10	62.0	62.0	5.587405743147599	0.9715253357364401	1.0
905_H-10	62.0	62.0	5.585847731355172	0.971496465191027	1.0
906_H-10	62.0	62.0	5.603398920095238	0.9720961083650277	1.0
907_H-10	62.0	62.0	5.586169358689885	0.9709167106611206	1.0
908_H-10	62.0	62.0	5.577339108881985	0.9711609385038934	1.0
909_H-10	62.0	62.0	5.598153035013637	0.971661479786137	1.0
90_H-10	62.0	62.0	5.5843967857020145	0.9708627662718173	1.0
910_H-10	62.0	62.0	5.5513278272115585	0.9701968217464036	1.0
911_H-10	62.0	62.0	5.592187394691544	0.9722314079313473	1.0
912_H-10	62.0	62.0	5.589661323254039	0.9717492006208557	1.0
913_H-10	62.0	62.0	5.573762932074105	0.9708008671938712	1.0
914_H-10	61.0	61.0	5.584405434177672	0.9717501002529083	1.0
915_H-10	62.0	62.0	5.603632987406222	0.9718494992649988	1.0
916_H-10	62.0	62.0	5.581404939676406	0.971805479082555	1.0
917_H-10	62.0	62.0	5.601314653992837	0.9723347326188846	1.0
918_H-10	62.0	62.0	5.60324584080357	0.9720687440338681	1.0
919_H-10	62.0	62.0	5.594091703122096	0.9717300248357843	1.0
91_H-10	62.0	62.0	5.605592387080818	0.9719659856224815	1.0
920_H-10	62.0	62.0	5.588281035312111	0.9716157903267101	1.0
921_H-10	62.0	62.0	5.5738129436793225	0.9703934008670383	1.0
922_H-10	62.0	62.0	5.6128028982775175	0.9725507286079889	1.0
923_H-10	62.0	62.0	5.580587913563804	0.9708400942150804	1.0
924_H-10	62.0	62.0	5.591006074329766	0.9712564834981146	1.0
925_H-10	62.0	62.0	5.600513534042269	0.9716107419786205	1.0
926_H-10	62.0	62.0	5.584077817243729	0.9709836234826771	1.0
927_H-10	62.0	62.0	5.608533689485113	0.9722581424924139	1.0
928_H-10	62.0	62.0	5.595663284025446	0.9719766253294814	1.0
929_H-10	62.0	62.0	5.5933631864947015	0.9718350366675655	1.0
92_H-10	62.0	62.0	5.567577859871106	0.971148420384513	1.0
930_H-10	62.0	62.0	5.568936744648686	0.9703838974109245	1.0
931_H-10	62.0	62.0	5.594118647942356	0.9718484481082775	1.0
932_H-10	62.0	62.0	5.572751129952832	0.9703107153829736	1.0
933_H-10	62.0	62.0	5.589436683957493	0.9712437026948648	1.0
934_H-10	62.0	62.0	5.591915192914917	0.9716558211190087	1.0
935_H-10	62.0	62.0	5.61032067173821	0.9722967044057284	1.0
936_H-10	62.0	62.0	5.60551055735707	0.9718011556739281	1.0
937_H-10	62.0	62.0	5.560933156568089	0.9704226584446095	1.0
938_H-10	62.0	62.0	5.594052077703951	0.9715067608933716	1.0
939_H-10	62.0	62.0	5.609638717592591	0.9721878057174146	1.0
93_H-10	62.0	62.0	5.598885234273593	0.971829703481562	1.0
940_H-10	62.0	62.0	5.6001064696758025	0.9718580396751024	1.0
941_H-10	62.0	62.0	5.6085223809238745	0.972055542109903	1.0
942_H-10	62.0	62.0	5.616278381652873	0.9728341173601396	1.0
943_H-10	62.0	62.0	5.6232178830226545	0.9732571619608557	1.0
944_H-10	62.0	62.0	5.58194470384123	0.9714301425642115	1.0
945_H-10	62.0	62.0	5.5912532908097825	0.9717763177061518	1.0
946_H-10	62.0	62.0	5.60307341124048	0.972124129183239	1.0
947_H-10	62.0	62.0	5.574801384088376	0.9707171743898356	1.0
948_H-10	62.0	62.0	5.605420002214106	0.972322599778395	1.0
949_H-10	62.0	62.0	5.610827870062917	0.972649212459264	1.0
94_H-10	62.0	62.0	5.60236632486465	0.97225480763394	1.0
950_H-10	62.0	62.0	5.543312632928468	0.9692551077572792	1.0
951_H-10	62.0	62.0	5.572458395507543	0.9710340277481121	1.0
952_H-10	62.0	62.0	5.584187217554271	0.9718299074356226	1.0
953_H-10	62.0	62.0	5.569653173415247	0.9701813015675895	1.0
954_H-10	62.0	62.0	5.565920684889775	0.9708592513491352	1.0
955_H-10	62.0	62.0	5.604031293674326	0.9724766248725201	1.0
956_H-10	62.0	62.0	5.598046404211532	0.9714723645003891	1.0
957_H-10	62.0	62.0	5.543816747959634	0.9695091383769167	1.0
958_H-10	62.0	62.0	5.588620641888942	0.9714575910304855	1.0
959_H-10	62.0	62.0	5.589178301297156	0.9719493769071865	1.0
95_H-10	62.0	62.0	5.571529065921929	0.9703716605993159	1.0
960_H-10	62.0	62.0	5.5852275652745815	0.9715498056004079	1.0
961_H-10	62.0	62.0	5.611823376220605	0.9723652574164079	1.0
962_H-10	62.0	62.0	5.555376911810267	0.9693441665942828	1.0
963_H-10	62.0	62.0	5.577627878547425	0.9711283185840708	1.0
964_H-10	62.0	62.0	5.592463728145328	0.9717128276925574	1.0
965_H-10	62.0	62.0	5.57462265519671	0.9710556158467407	1.0
966_H-10	62.0	62.0	5.567856159342327	0.9709706726918967	1.0
967_H-10	62.0	62.0	5.573897239526899	0.9704010917998263	1.0
968_H-10	62.0	62.0	5.593390356704274	0.9711620500361184	1.0
969_H-10	62.0	62.0	5.584703692349367	0.970843378638919	1.0
96_H-10	62.0	62.0	5.590139305198281	0.9709864519175389	1.0
970_H-10	62.0	62.0	5.568341675395539	0.9707103542876412	1.0
971_H-10	62.0	62.0	5.5974958506119945	0.9719182017134	1.0
972_H-10	62.0	62.0	5.5628253165512	0.9701633399495342	1.0
973_H-10	62.0	62.0	5.564795261290231	0.9709960675166638	1.0
974_H-10	62.0	62.0	5.598481186944167	0.9719884867581888	1.0
975_H-10	62.0	62.0	5.602555105451137	0.9717458796648548	1.0
976_H-10	62.0	62.0	5.586279111081763	0.9715994808612661	1.0
977_H-10	62.0	62.0	5.560980110019098	0.9705554924823191	1.0
978_H-10	62.0	62.0	5.593546805196153	0.971717817413225	1.0
979_H-10	62.0	62.0	5.586618866763981	0.9720008025149439	1.0
97_H-10	62.0	62.0	5.618834327706027	0.9725558764307938	1.0
980_H-10	62.0	62.0	5.599693137088384	0.9722898257422502	1.0
981_H-10	62.0	62.0	5.5436142485774225	0.9702365328975465	1.0
982_H-10	62.0	62.0	5.550289196329228	0.9697011019862158	1.0
983_H-10	62.0	62.0	5.574947052204056	0.971002294103981	1.0
984_H-10	62.0	62.0	5.596539552419368	0.971711490786507	1.0
985_H-10	62.0	62.0	5.603367840552469	0.9722491195297304	1.0
986_H-10	62.0	62.0	5.568090554100075	0.9703457701781211	1.0
987_H-10	62.0	62.0	5.592934967208806	0.971603625837542	1.0
988_H-10	62.0	62.0	5.6089059671397505	0.9730745306964199	1.0
989_H-10	62.0	62.0	5.574507272931051	0.9711312071043136	1.0
98_H-10	62.0	62.0	5.571814737437514	0.9706820060889356	1.0
990_H-10	62.0	62.0	5.599795997690019	0.972323972245196	1.0
991_H-10	62.0	62.0	5.6299112444159825	0.9734135503231763	1.0
992_H-10	62.0	62.0	5.605068346643434	0.9719817366556787	1.0
993_H-10	62.0	62.0	5.624250317565731	0.9731106543239255	1.0
994_H-10	62.0	62.0	5.580838767217668	0.9710872750570335	1.0
995_H-10	62.0	62.0	5.609614488346449	0.972420010325643	1.0
996_H-10	62.0	62.0	5.58063392445453	0.9715680932370054	1.0
997_H-10	62.0	62.0	5.618477536366889	0.9727651413447892	1.0
998_H-10	62.0	62.0	5.599767793156177	0.9715462383770076	1.0
999_H-10	62.0	62.0	5.568870118443024	0.9711287465437715	1.0
99_H-10	62.0	62.0	5.5466398536771635	0.9698454047142752	1.0
9_H-10	62.0	62.0	5.599945228317209	0.9716535583523934	1.0
