	chao1	observed_otus	shannon	simpson	goods_coverage
1000_O-39	2.0	2.0	0.9182958340544894	0.4444444444444444	1.0
100_O-39	3.0	3.0	1.556656707462823	0.653061224489796	1.0
101_O-39	4.333333333333333	4.0	1.9182958340544896	0.7222222222222222	0.6666666666666667
102_O-39	3.0	3.0	1.5219280948873626	0.6399999999999999	0.8
103_O-39	3.0	2.0	1.0	0.5	0.0
104_O-39	2.0	2.0	1.0	0.5	1.0
105_O-39	1.0	1.0	-0.0	0.0	1.0
106_O-39	2.0	2.0	0.9182958340544894	0.4444444444444444	0.6666666666666667
107_O-39	4.0	3.0	1.2516291673878228	0.5	0.6666666666666667
108_O-39	4.0	3.0	1.2516291673878228	0.5	0.6666666666666667
109_O-39	4.0	3.0	1.370950594454669	0.5599999999999999	0.6
10_O-39	3.0	3.0	1.5219280948873626	0.6399999999999999	0.8
110_O-39	3.0	2.0	1.0	0.5	0.0
111_O-39	3.5	3.0	1.5	0.625	0.5
112_O-39	3.0	3.0	1.2987949406953987	0.53125	0.875
113_O-39	2.0	2.0	0.8112781244591328	0.375	1.0
114_O-39	2.0	2.0	0.5916727785823274	0.24489795918367352	0.8571428571428572
115_O-39	3.0	3.0	1.4488156357251847	0.6122448979591837	0.8571428571428572
116_O-39	2.0	2.0	0.9910760598382222	0.49382716049382713	1.0
117_O-39	4.5	4.0	1.8423709931771086	0.6938775510204082	0.7142857142857143
118_O-39	2.0	2.0	0.5435644431995964	0.21875	0.875
119_O-39	2.0	2.0	0.7219280948873623	0.31999999999999984	0.8
11_O-39	3.0	3.0	1.5219280948873626	0.6399999999999999	0.8
120_O-39	5.5	4.0	1.9219280948873625	0.72	0.4
121_O-39	2.0	2.0	0.9182958340544894	0.4444444444444444	0.6666666666666667
122_O-39	1.0	1.0	-0.0	0.0	1.0
123_O-39	1.0	1.0	-0.0	0.0	0.0
124_O-39	4.333333333333333	4.0	1.9182958340544893	0.7222222222222222	0.6666666666666667
125_O-39	2.0	2.0	0.5916727785823274	0.24489795918367352	0.8571428571428572
126_O-39	2.0	2.0	0.9709505944546688	0.48	1.0
127_O-39	3.0	3.0	1.5219280948873626	0.6399999999999999	0.8
128_O-39	3.5	3.0	1.5	0.625	0.5
129_O-39	4.0	3.0	1.370950594454669	0.56	0.6
12_O-39	2.0	2.0	1.0	0.5	1.0
130_O-39	3.0	3.0	1.2243944454059863	0.49382716049382713	0.8888888888888888
131_O-39	1.0	1.0	-0.0	0.0	0.0
132_O-39	3.0	2.0	1.0	0.5	0.0
133_O-39	1.0	1.0	-0.0	0.0	1.0
134_O-39	1.0	1.0	-0.0	0.0	0.0
135_O-39	4.0	3.0	1.2516291673878228	0.5	0.6666666666666667
136_O-39	2.0	2.0	0.8112781244591328	0.375	0.75
137_O-39	2.0	2.0	0.9182958340544894	0.4444444444444444	0.6666666666666667
138_O-39	3.0	3.0	1.5219280948873626	0.6399999999999999	0.8
139_O-39	3.0	3.0	1.4056390622295665	0.59375	0.875
13_O-39	2.0	2.0	0.8112781244591328	0.375	0.75
140_O-39	4.0	3.0	1.061278124459133	0.40625	0.75
141_O-39	3.0	3.0	1.5219280948873626	0.6399999999999999	0.8
142_O-39	3.0	3.0	1.2987949406953987	0.53125	0.875
143_O-39	2.0	2.0	0.5916727785823274	0.24489795918367352	0.8571428571428572
144_O-39	3.0	3.0	1.4353713907745331	0.5950413223140496	1.0
145_O-39	2.0	2.0	0.9182958340544894	0.4444444444444444	0.6666666666666667
146_O-39	3.0	3.0	1.4591479170272446	0.6111111111111112	0.8333333333333334
147_O-39	2.0	2.0	0.8112781244591328	0.375	0.75
148_O-39	2.0	2.0	0.8112781244591328	0.375	0.75
149_O-39	3.0	3.0	1.370950594454669	0.5599999999999999	1.0
14_O-39	4.0	3.0	1.370950594454669	0.5599999999999999	0.6
150_O-39	1.0	1.0	-0.0	0.0	1.0
151_O-39	1.0	1.0	-0.0	0.0	1.0
152_O-39	3.0	3.0	1.4488156357251847	0.6122448979591837	0.8571428571428572
153_O-39	2.0	2.0	0.9182958340544894	0.4444444444444444	1.0
154_O-39	2.0	2.0	1.0	0.5	1.0
155_O-39	2.0	2.0	0.7219280948873623	0.31999999999999984	0.8
156_O-39	3.0	3.0	1.2987949406953987	0.53125	0.875
157_O-39	2.0	2.0	0.7219280948873623	0.31999999999999984	0.8
158_O-39	5.5	4.0	1.9219280948873625	0.72	0.4
159_O-39	2.0	2.0	0.9182958340544894	0.4444444444444444	1.0
15_O-39	3.0	3.0	1.3787834934861756	0.5714285714285714	0.8571428571428572
160_O-39	3.0	3.0	1.584962500721156	0.6666666666666667	1.0
161_O-39	4.0	3.0	1.370950594454669	0.5599999999999999	0.6
162_O-39	2.0	2.0	1.0	0.5	1.0
163_O-39	3.0	3.0	1.584962500721156	0.6666666666666667	1.0
164_O-39	2.0	2.0	0.7219280948873623	0.31999999999999984	0.8
165_O-39	4.0	3.0	1.370950594454669	0.5599999999999999	0.6
166_O-39	3.0	3.0	1.5219280948873626	0.6399999999999999	0.8
167_O-39	0.0	0.0	nan	nan	nan
168_O-39	2.0	2.0	1.0	0.5	1.0
169_O-39	5.5	4.0	1.9219280948873625	0.72	0.4
16_O-39	0.0	0.0	nan	nan	nan
170_O-39	2.0	2.0	0.9709505944546688	0.48	1.0
171_O-39	5.5	4.0	1.9219280948873625	0.72	0.4
172_O-39	2.0	2.0	0.9709505944546688	0.48	1.0
173_O-39	3.5	3.0	1.5	0.625	0.5
174_O-39	1.0	1.0	-0.0	0.0	1.0
175_O-39	7.0	4.0	1.7924812503605778	0.6666666666666666	0.5
176_O-39	2.0	2.0	0.9709505944546688	0.48	1.0
177_O-39	2.0	2.0	0.7219280948873623	0.31999999999999984	0.8
178_O-39	2.0	2.0	0.6500224216483541	0.2777777777777777	0.8333333333333334
179_O-39	1.0	1.0	-0.0	0.0	0.0
17_O-39	4.5	4.0	1.8423709931771086	0.6938775510204082	0.7142857142857143
180_O-39	2.0	2.0	0.9182958340544894	0.4444444444444444	0.6666666666666667
181_O-39	1.0	1.0	-0.0	0.0	1.0
182_O-39	2.0	2.0	0.9182958340544894	0.4444444444444444	0.6666666666666667
183_O-39	1.0	1.0	-0.0	0.0	1.0
184_O-39	2.0	2.0	0.9182958340544894	0.4444444444444444	0.6666666666666667
185_O-39	2.0	2.0	0.8112781244591328	0.375	0.75
186_O-39	3.5	3.0	1.5	0.625	0.5
187_O-39	2.0	2.0	0.9182958340544894	0.4444444444444444	0.6666666666666667
188_O-39	3.0	2.0	1.0	0.5	0.0
189_O-39	2.0	2.0	0.9182958340544894	0.4444444444444444	0.6666666666666667
18_O-39	0.0	0.0	nan	nan	nan
190_O-39	1.0	1.0	-0.0	0.0	0.0
191_O-39	2.0	2.0	0.9709505944546688	0.48	1.0
192_O-39	1.0	1.0	-0.0	0.0	1.0
193_O-39	0.0	0.0	nan	nan	nan
194_O-39	4.0	4.0	1.950212064914747	0.7346938775510203	0.8571428571428572
195_O-39	2.0	2.0	0.9182958340544894	0.4444444444444444	0.6666666666666667
196_O-39	2.0	2.0	0.9182958340544894	0.4444444444444444	0.6666666666666667
197_O-39	5.5	4.0	1.9219280948873625	0.72	0.4
198_O-39	2.0	2.0	0.8112781244591328	0.375	0.75
199_O-39	2.0	2.0	0.9852281360342515	0.48979591836734704	1.0
19_O-39	3.0	3.0	1.4488156357251847	0.6122448979591837	0.8571428571428572
1_O-39	1.0	1.0	-0.0	0.0	0.0
200_O-39	2.0	2.0	1.0	0.5	1.0
201_O-39	2.0	2.0	0.7219280948873623	0.31999999999999984	0.8
202_O-39	4.5	4.0	1.4911148500551858	0.5454545454545455	0.8181818181818181
203_O-39	3.0	2.0	1.0	0.5	0.0
204_O-39	3.0	3.0	1.3787834934861756	0.5714285714285714	0.8571428571428572
205_O-39	2.0	2.0	0.9709505944546688	0.48	1.0
206_O-39	2.0	2.0	0.9182958340544894	0.4444444444444444	0.6666666666666667
207_O-39	3.0	3.0	1.5612781244591325	0.65625	1.0
208_O-39	2.0	2.0	0.9709505944546688	0.48	1.0
209_O-39	4.5	4.0	1.5709505944546687	0.58	0.8
20_O-39	3.0	3.0	1.584962500721156	0.6666666666666667	1.0
210_O-39	3.0	3.0	1.570950594454669	0.66	1.0
211_O-39	2.0	2.0	0.8112781244591328	0.375	0.75
212_O-39	3.5	3.0	1.5	0.625	0.5
213_O-39	1.0	1.0	-0.0	0.0	1.0
214_O-39	3.5	3.0	1.5	0.625	0.5
215_O-39	3.0	2.0	1.0	0.5	0.0
216_O-39	4.333333333333333	4.0	1.9182958340544893	0.7222222222222222	0.6666666666666667
217_O-39	3.0	3.0	1.5219280948873626	0.6399999999999999	0.8
218_O-39	4.0	3.0	1.2516291673878228	0.5	0.6666666666666667
219_O-39	1.0	1.0	-0.0	0.0	1.0
21_O-39	1.0	1.0	-0.0	0.0	1.0
220_O-39	1.0	1.0	-0.0	0.0	1.0
221_O-39	3.5	3.0	1.5	0.625	0.5
222_O-39	3.0	3.0	1.570950594454669	0.66	1.0
223_O-39	3.0	3.0	1.4591479170272446	0.6111111111111112	0.8333333333333334
224_O-39	3.0	3.0	1.2987949406953987	0.53125	0.875
225_O-39	2.0	2.0	0.7219280948873623	0.31999999999999984	0.8
226_O-39	3.5	3.0	1.5	0.625	0.5
227_O-39	4.0	3.0	1.2516291673878228	0.5	0.6666666666666667
228_O-39	2.0	2.0	0.9182958340544894	0.4444444444444444	0.6666666666666667
229_O-39	2.0	2.0	1.0	0.5	1.0
22_O-39	2.0	2.0	0.8112781244591328	0.375	0.75
230_O-39	2.0	2.0	0.9182958340544894	0.4444444444444444	0.6666666666666667
231_O-39	6.0	3.0	1.584962500721156	0.6666666666666667	0.0
232_O-39	1.0	1.0	-0.0	0.0	1.0
233_O-39	1.0	1.0	-0.0	0.0	1.0
234_O-39	2.0	2.0	0.9182958340544894	0.4444444444444444	0.6666666666666667
235_O-39	2.0	2.0	0.9182958340544894	0.4444444444444444	0.6666666666666667
236_O-39	3.0	3.0	1.3787834934861756	0.5714285714285714	0.8571428571428572
237_O-39	3.5	3.0	1.5	0.625	0.5
238_O-39	2.0	2.0	0.9182958340544894	0.4444444444444444	0.6666666666666667
239_O-39	2.0	2.0	0.9182958340544894	0.4444444444444444	0.6666666666666667
23_O-39	2.0	2.0	0.9709505944546688	0.48	1.0
240_O-39	2.0	2.0	0.9182958340544894	0.4444444444444444	0.6666666666666667
241_O-39	2.0	2.0	0.9709505944546688	0.48	1.0
242_O-39	2.0	2.0	0.9182958340544894	0.4444444444444444	0.6666666666666667
243_O-39	3.0	3.0	1.5	0.625	1.0
244_O-39	3.0	3.0	1.459147917027245	0.6111111111111112	0.8333333333333334
245_O-39	1.0	1.0	-0.0	0.0	1.0
246_O-39	4.5	4.0	1.5709505944546687	0.58	0.8
247_O-39	2.0	2.0	1.0	0.5	1.0
248_O-39	2.0	2.0	0.9182958340544894	0.4444444444444444	0.6666666666666667
249_O-39	1.0	1.0	-0.0	0.0	0.0
24_O-39	6.0	3.0	1.584962500721156	0.6666666666666667	0.0
250_O-39	2.0	2.0	0.9182958340544894	0.4444444444444444	1.0
251_O-39	1.0	1.0	-0.0	0.0	1.0
252_O-39	3.0	3.0	1.2243944454059863	0.49382716049382713	0.8888888888888888
253_O-39	2.0	2.0	1.0	0.5	1.0
254_O-39	2.0	2.0	0.9852281360342515	0.48979591836734704	1.0
255_O-39	3.0	3.0	1.5304930567574826	0.6419753086419753	1.0
256_O-39	2.0	2.0	0.9182958340544894	0.4444444444444444	0.6666666666666667
257_O-39	3.0	3.0	1.4056390622295665	0.59375	0.875
258_O-39	3.0	3.0	1.5304930567574826	0.6419753086419753	1.0
259_O-39	2.0	2.0	0.9182958340544894	0.4444444444444444	0.6666666666666667
25_O-39	3.0	2.0	1.0	0.5	0.0
260_O-39	4.0	4.0	2.0	0.75	1.0
261_O-39	2.0	2.0	0.7219280948873623	0.31999999999999984	0.8
262_O-39	1.0	1.0	-0.0	0.0	0.0
263_O-39	3.0	2.0	1.0	0.5	0.0
264_O-39	3.0	3.0	1.5219280948873626	0.6399999999999999	0.8
265_O-39	2.0	2.0	0.6500224216483541	0.2777777777777777	0.8333333333333334
266_O-39	6.0	3.0	1.584962500721156	0.6666666666666667	0.0
267_O-39	2.0	2.0	0.9182958340544894	0.4444444444444444	0.6666666666666667
268_O-39	3.0	3.0	1.0408520829727552	0.4027777777777778	0.9166666666666666
269_O-39	2.0	2.0	0.8112781244591328	0.375	0.75
26_O-39	2.0	2.0	0.8112781244591328	0.375	0.75
270_O-39	3.0	2.0	1.0	0.5	0.0
271_O-39	3.5	3.0	1.5	0.625	0.5
272_O-39	3.0	3.0	1.4591479170272446	0.6111111111111112	0.8333333333333334
273_O-39	0.0	0.0	nan	nan	nan
274_O-39	3.0	2.0	1.0	0.5	0.0
275_O-39	1.0	1.0	-0.0	0.0	0.0
276_O-39	2.0	2.0	0.7642045065086203	0.345679012345679	1.0
277_O-39	1.0	1.0	-0.0	0.0	1.0
278_O-39	1.0	1.0	-0.0	0.0	1.0
279_O-39	3.5	3.0	1.5	0.625	0.5
27_O-39	1.0	1.0	-0.0	0.0	1.0
280_O-39	2.0	2.0	1.0	0.5	1.0
281_O-39	3.0	2.0	1.0	0.5	0.0
282_O-39	0.0	0.0	nan	nan	nan
283_O-39	3.0	3.0	1.5	0.625	1.0
284_O-39	3.0	3.0	1.556656707462823	0.653061224489796	1.0
285_O-39	2.0	2.0	1.0	0.5	1.0
286_O-39	1.0	1.0	-0.0	0.0	0.0
287_O-39	4.0	3.0	1.370950594454669	0.5599999999999999	0.6
288_O-39	7.0	4.0	1.5487949406953987	0.5625	0.625
289_O-39	2.0	2.0	0.8112781244591328	0.375	0.75
28_O-39	2.0	2.0	0.8112781244591328	0.375	1.0
290_O-39	2.0	2.0	0.9182958340544894	0.4444444444444444	0.6666666666666667
291_O-39	2.0	2.0	0.9182958340544894	0.4444444444444444	0.6666666666666667
292_O-39	3.0	2.0	1.0	0.5	0.0
293_O-39	4.0	3.0	1.2516291673878228	0.5	0.6666666666666667
294_O-39	2.0	2.0	0.9852281360342515	0.48979591836734704	1.0
295_O-39	1.0	1.0	-0.0	0.0	1.0
296_O-39	3.0	3.0	1.5726236638951638	0.6611570247933884	1.0
297_O-39	2.0	2.0	1.0	0.5	1.0
298_O-39	4.5	4.0	1.8423709931771086	0.6938775510204082	0.7142857142857143
299_O-39	2.0	2.0	0.9182958340544894	0.4444444444444444	0.6666666666666667
29_O-39	3.0	3.0	1.5219280948873626	0.6399999999999999	0.8
2_O-39	1.0	1.0	-0.0	0.0	1.0
300_O-39	3.0	3.0	1.2987949406953987	0.53125	0.875
301_O-39	2.0	2.0	0.8112781244591328	0.375	0.75
302_O-39	2.0	2.0	1.0	0.5	1.0
303_O-39	10.0	4.0	2.0	0.75	0.0
304_O-39	3.5	3.0	1.5	0.625	0.5
305_O-39	4.0	4.0	1.950212064914747	0.7346938775510203	0.8571428571428572
306_O-39	4.0	3.0	1.2516291673878228	0.5	0.6666666666666667
307_O-39	1.0	1.0	-0.0	0.0	0.0
308_O-39	2.0	2.0	0.9182958340544894	0.4444444444444444	0.6666666666666667
309_O-39	3.0	3.0	1.459147917027245	0.6111111111111112	0.8333333333333334
30_O-39	5.0	4.0	1.7527152789797051	0.6666666666666667	0.7777777777777778
310_O-39	2.0	2.0	0.9182958340544894	0.4444444444444444	0.6666666666666667
311_O-39	2.0	2.0	0.6500224216483541	0.2777777777777777	0.8333333333333334
312_O-39	2.0	2.0	0.6500224216483541	0.2777777777777777	0.8333333333333334
313_O-39	1.0	1.0	-0.0	0.0	1.0
314_O-39	3.0	3.0	1.5	0.625	1.0
315_O-39	6.0	3.0	1.584962500721156	0.6666666666666667	0.0
316_O-39	3.0	3.0	1.5219280948873626	0.6399999999999999	0.8
317_O-39	2.0	2.0	0.9182958340544894	0.4444444444444444	0.6666666666666667
318_O-39	1.0	1.0	-0.0	0.0	1.0
319_O-39	4.0	3.0	1.2516291673878228	0.5	0.6666666666666667
31_O-39	4.0	3.0	1.370950594454669	0.5599999999999999	0.6
320_O-39	1.0	1.0	-0.0	0.0	1.0
321_O-39	2.0	2.0	1.0	0.5	1.0
322_O-39	2.0	2.0	1.0	0.5	1.0
323_O-39	3.0	2.0	1.0	0.5	0.0
324_O-39	4.0	3.0	1.2516291673878228	0.5	0.6666666666666667
325_O-39	1.0	1.0	-0.0	0.0	1.0
326_O-39	2.0	2.0	0.7219280948873623	0.31999999999999984	0.8
327_O-39	3.0	3.0	1.5612781244591325	0.65625	1.0
328_O-39	1.0	1.0	-0.0	0.0	1.0
329_O-39	1.0	1.0	-0.0	0.0	0.0
32_O-39	3.0	3.0	1.295461844238322	0.54	0.9
330_O-39	1.0	1.0	-0.0	0.0	0.0
331_O-39	3.0	2.0	1.0	0.5	0.0
332_O-39	2.0	2.0	0.7219280948873623	0.31999999999999984	0.8
333_O-39	2.0	2.0	0.9182958340544894	0.4444444444444444	0.6666666666666667
334_O-39	2.0	2.0	0.9182958340544894	0.4444444444444444	0.6666666666666667
335_O-39	2.0	2.0	0.9709505944546688	0.48	1.0
336_O-39	4.0	3.0	1.370950594454669	0.5599999999999999	0.6
337_O-39	4.0	3.0	1.370950594454669	0.5599999999999999	0.6
338_O-39	1.0	1.0	-0.0	0.0	0.0
339_O-39	2.0	2.0	0.9709505944546688	0.48	1.0
33_O-39	4.333333333333333	4.0	1.9182958340544896	0.7222222222222222	0.6666666666666667
340_O-39	4.0	3.0	1.1488348542809168	0.44897959183673464	0.7142857142857143
341_O-39	3.0	2.0	1.0	0.5	0.0
342_O-39	3.0	3.0	1.459147917027245	0.6111111111111112	0.8333333333333334
343_O-39	3.0	2.0	1.0	0.5	0.0
344_O-39	4.5	4.0	1.75	0.65625	0.75
345_O-39	1.0	1.0	-0.0	0.0	1.0
346_O-39	5.5	4.0	1.9219280948873625	0.72	0.4
347_O-39	4.0	3.0	1.370950594454669	0.56	0.6
348_O-39	4.5	4.0	1.75	0.65625	0.75
349_O-39	0.0	0.0	nan	nan	nan
34_O-39	3.0	3.0	1.5	0.625	1.0
350_O-39	3.0	3.0	1.556656707462823	0.653061224489796	1.0
351_O-39	3.0	3.0	1.5219280948873626	0.6399999999999999	0.8
352_O-39	1.0	1.0	-0.0	0.0	1.0
353_O-39	2.0	2.0	0.9182958340544894	0.4444444444444444	0.6666666666666667
354_O-39	2.0	2.0	0.6500224216483541	0.2777777777777777	0.8333333333333334
355_O-39	2.0	2.0	0.9182958340544894	0.4444444444444444	0.6666666666666667
356_O-39	2.0	2.0	0.9182958340544894	0.4444444444444444	1.0
357_O-39	3.0	3.0	1.5304930567574826	0.6419753086419753	1.0
358_O-39	2.0	2.0	0.5916727785823274	0.24489795918367352	0.8571428571428572
359_O-39	2.0	2.0	0.9182958340544894	0.4444444444444444	0.6666666666666667
35_O-39	2.0	2.0	0.8112781244591328	0.375	0.75
360_O-39	2.0	2.0	0.9182958340544894	0.4444444444444444	1.0
361_O-39	6.0	3.0	1.584962500721156	0.6666666666666667	0.0
362_O-39	3.0	2.0	1.0	0.5	0.0
363_O-39	4.0	4.0	1.9056390622295665	0.71875	0.875
364_O-39	2.0	2.0	0.9182958340544894	0.4444444444444444	0.6666666666666667
365_O-39	3.5	3.0	1.5	0.625	0.5
366_O-39	2.0	2.0	0.8112781244591328	0.375	0.75
367_O-39	2.0	2.0	1.0	0.5	1.0
368_O-39	2.0	2.0	0.6500224216483541	0.2777777777777777	0.8333333333333334
369_O-39	1.0	1.0	-0.0	0.0	0.0
36_O-39	1.0	1.0	-0.0	0.0	1.0
370_O-39	1.0	1.0	-0.0	0.0	1.0
371_O-39	1.0	1.0	-0.0	0.0	0.0
372_O-39	3.0	3.0	1.5219280948873626	0.6399999999999999	0.8
373_O-39	3.0	3.0	1.4488156357251847	0.6122448979591837	0.8571428571428572
374_O-39	1.0	1.0	-0.0	0.0	1.0
375_O-39	1.0	1.0	-0.0	0.0	1.0
376_O-39	3.0	3.0	1.459147917027245	0.6111111111111112	0.8333333333333334
377_O-39	0.0	0.0	nan	nan	nan
378_O-39	3.0	3.0	1.3516441151533922	0.5679012345679012	0.8888888888888888
379_O-39	2.0	2.0	0.7642045065086203	0.345679012345679	1.0
37_O-39	3.5	3.0	1.5	0.625	0.5
380_O-39	2.0	2.0	0.8112781244591328	0.375	0.75
381_O-39	2.0	2.0	0.9182958340544894	0.4444444444444444	0.6666666666666667
382_O-39	3.0	3.0	1.584962500721156	0.6666666666666667	1.0
383_O-39	2.0	2.0	1.0	0.5	1.0
384_O-39	4.0	3.0	1.061278124459133	0.40625	0.75
385_O-39	0.0	0.0	nan	nan	nan
386_O-39	2.0	2.0	0.9182958340544894	0.4444444444444444	0.6666666666666667
387_O-39	4.0	3.0	1.370950594454669	0.5599999999999999	0.6
388_O-39	1.0	1.0	-0.0	0.0	1.0
389_O-39	4.0	3.0	1.1488348542809168	0.44897959183673464	0.7142857142857143
38_O-39	4.0	3.0	1.061278124459133	0.40625	0.75
390_O-39	4.5	4.0	1.75	0.65625	0.75
391_O-39	2.0	2.0	0.9182958340544894	0.4444444444444444	0.6666666666666667
392_O-39	3.5	3.0	1.5	0.625	0.5
393_O-39	2.0	2.0	0.8631205685666311	0.40816326530612246	1.0
394_O-39	3.0	3.0	1.5219280948873626	0.6399999999999999	0.8
395_O-39	2.0	2.0	0.9182958340544894	0.4444444444444444	0.6666666666666667
396_O-39	2.0	2.0	0.8112781244591328	0.375	0.75
397_O-39	1.0	1.0	-0.0	0.0	1.0
398_O-39	2.0	2.0	0.9182958340544894	0.4444444444444444	0.6666666666666667
399_O-39	3.0	3.0	1.295461844238322	0.54	0.9
39_O-39	2.0	2.0	0.9182958340544894	0.4444444444444444	0.6666666666666667
3_O-39	1.0	1.0	-0.0	0.0	0.0
400_O-39	1.0	1.0	-0.0	0.0	1.0
401_O-39	5.0	4.0	1.8112781244591327	0.6875	0.75
402_O-39	3.5	3.0	1.5	0.625	0.5
403_O-39	4.0	3.0	1.1488348542809168	0.44897959183673464	0.7142857142857143
404_O-39	4.0	3.0	1.061278124459133	0.40625	0.75
405_O-39	1.0	1.0	-0.0	0.0	1.0
406_O-39	3.0	3.0	1.5219280948873626	0.6399999999999999	0.8
407_O-39	7.0	4.0	1.7924812503605778	0.6666666666666666	0.5
408_O-39	2.0	2.0	1.0	0.5	1.0
409_O-39	7.0	4.0	1.7924812503605778	0.6666666666666666	0.5
40_O-39	3.0	3.0	1.5219280948873626	0.6399999999999999	0.8
410_O-39	3.0	2.0	1.0	0.5	0.0
411_O-39	3.0	3.0	1.459147917027245	0.6111111111111112	0.8333333333333334
412_O-39	3.5	3.0	1.5	0.625	0.5
413_O-39	2.0	2.0	1.0	0.5	1.0
414_O-39	4.5	4.0	1.75	0.65625	0.75
415_O-39	4.5	4.0	1.75	0.65625	0.75
416_O-39	4.5	4.0	1.75	0.65625	0.75
417_O-39	4.5	4.0	1.8423709931771086	0.6938775510204082	0.7142857142857143
418_O-39	3.0	3.0	1.5219280948873626	0.6399999999999999	0.8
419_O-39	2.0	2.0	0.9182958340544894	0.4444444444444444	1.0
41_O-39	2.0	2.0	0.9182958340544894	0.4444444444444444	0.6666666666666667
420_O-39	3.0	3.0	1.5219280948873626	0.6399999999999999	0.8
421_O-39	4.0	3.0	1.2516291673878228	0.5	0.6666666666666667
422_O-39	1.0	1.0	-0.0	0.0	1.0
423_O-39	4.0	4.0	1.9056390622295665	0.71875	0.875
424_O-39	3.5	3.0	1.5	0.625	0.5
425_O-39	3.0	3.0	1.5	0.625	1.0
426_O-39	2.0	2.0	0.8112781244591328	0.375	0.75
427_O-39	3.0	2.0	1.0	0.5	0.0
428_O-39	3.0	3.0	1.459147917027245	0.6111111111111112	0.8333333333333334
429_O-39	2.0	2.0	0.8112781244591328	0.375	0.75
42_O-39	3.0	3.0	1.5219280948873626	0.6399999999999999	0.8
430_O-39	2.0	2.0	1.0	0.5	1.0
431_O-39	3.0	3.0	1.2987949406953987	0.53125	0.875
432_O-39	3.0	3.0	1.4056390622295665	0.59375	0.875
433_O-39	3.0	2.0	1.0	0.5	0.0
434_O-39	3.5	3.0	1.5	0.625	0.5
435_O-39	2.0	2.0	0.9182958340544894	0.4444444444444444	0.6666666666666667
436_O-39	1.0	1.0	-0.0	0.0	1.0
437_O-39	4.333333333333333	4.0	1.9182958340544896	0.7222222222222222	0.6666666666666667
438_O-39	3.0	3.0	1.3787834934861756	0.5714285714285714	0.8571428571428572
439_O-39	1.0	1.0	-0.0	0.0	0.0
43_O-39	3.0	3.0	1.5219280948873626	0.6399999999999999	0.8
440_O-39	2.0	2.0	1.0	0.5	1.0
441_O-39	2.0	2.0	0.9182958340544894	0.4444444444444444	0.6666666666666667
442_O-39	1.0	1.0	-0.0	0.0	0.0
443_O-39	2.0	2.0	1.0	0.5	1.0
444_O-39	2.0	2.0	0.9182958340544894	0.4444444444444444	0.6666666666666667
445_O-39	2.0	2.0	0.9182958340544894	0.4444444444444444	0.6666666666666667
446_O-39	4.0	3.0	1.2516291673878228	0.5	0.6666666666666667
447_O-39	3.5	3.0	1.5	0.625	0.5
448_O-39	2.0	2.0	0.6500224216483541	0.2777777777777777	0.8333333333333334
449_O-39	1.0	1.0	-0.0	0.0	0.0
44_O-39	4.0	3.0	1.370950594454669	0.5599999999999999	0.6
450_O-39	3.0	2.0	1.0	0.5	0.0
451_O-39	4.0	3.0	1.061278124459133	0.40625	0.75
452_O-39	2.0	2.0	0.8112781244591328	0.375	0.75
453_O-39	1.0	1.0	-0.0	0.0	0.0
454_O-39	4.5	4.0	1.75	0.65625	0.75
455_O-39	1.0	1.0	-0.0	0.0	1.0
456_O-39	3.0	3.0	1.2987949406953987	0.53125	0.875
457_O-39	3.0	3.0	1.5219280948873626	0.6399999999999999	0.8
458_O-39	3.0	3.0	1.1567796494470395	0.4600000000000001	0.9
459_O-39	2.0	2.0	1.0	0.5	1.0
45_O-39	2.0	2.0	1.0	0.5	1.0
460_O-39	3.5	3.0	1.5	0.625	0.5
461_O-39	2.0	2.0	0.8112781244591328	0.375	0.75
462_O-39	4.0	3.0	1.370950594454669	0.5599999999999999	0.6
463_O-39	3.5	3.0	1.5	0.625	0.5
464_O-39	4.0	4.0	1.9056390622295665	0.71875	0.875
465_O-39	3.0	3.0	1.459147917027245	0.6111111111111112	0.8333333333333334
466_O-39	1.0	1.0	-0.0	0.0	1.0
467_O-39	2.0	2.0	1.0	0.5	1.0
468_O-39	4.0	3.0	1.2516291673878228	0.5	0.6666666666666667
469_O-39	3.0	3.0	1.5304930567574826	0.6419753086419753	1.0
46_O-39	3.0	3.0	1.5	0.625	1.0
470_O-39	3.5	3.0	1.5	0.625	0.5
471_O-39	2.0	2.0	0.8112781244591328	0.375	0.75
472_O-39	6.0	3.0	1.584962500721156	0.6666666666666667	0.0
473_O-39	3.0	2.0	1.0	0.5	0.0
474_O-39	1.0	1.0	-0.0	0.0	0.0
475_O-39	1.0	1.0	-0.0	0.0	1.0
476_O-39	3.0	3.0	1.5219280948873626	0.6399999999999999	0.8
477_O-39	3.0	3.0	1.5219280948873626	0.6399999999999999	0.8
478_O-39	4.0	3.0	1.370950594454669	0.5599999999999999	0.6
479_O-39	2.0	2.0	0.9182958340544894	0.4444444444444444	0.6666666666666667
47_O-39	2.0	2.0	1.0	0.5	1.0
480_O-39	3.0	2.0	1.0	0.5	0.0
481_O-39	2.0	2.0	0.9182958340544894	0.4444444444444444	0.6666666666666667
482_O-39	2.0	2.0	0.8112781244591328	0.375	0.75
483_O-39	3.5	3.0	1.5	0.625	0.5
484_O-39	2.0	2.0	0.7219280948873623	0.31999999999999984	0.8
485_O-39	2.0	2.0	0.9182958340544894	0.4444444444444444	1.0
486_O-39	2.0	2.0	0.7219280948873623	0.31999999999999984	0.8
487_O-39	2.0	2.0	0.7219280948873623	0.31999999999999984	0.8
488_O-39	3.0	3.0	1.459147917027245	0.6111111111111112	0.8333333333333334
489_O-39	2.0	2.0	0.7219280948873623	0.31999999999999984	0.8
48_O-39	2.0	2.0	0.9182958340544894	0.4444444444444444	0.6666666666666667
490_O-39	2.0	2.0	0.9182958340544894	0.4444444444444444	0.6666666666666667
491_O-39	1.0	1.0	-0.0	0.0	0.0
492_O-39	2.0	2.0	0.8112781244591328	0.375	0.75
493_O-39	2.0	2.0	0.9182958340544894	0.4444444444444444	0.6666666666666667
494_O-39	4.0	3.0	1.2516291673878228	0.5	0.6666666666666667
495_O-39	2.0	2.0	0.9182958340544894	0.4444444444444444	0.6666666666666667
496_O-39	2.0	2.0	0.9182958340544894	0.4444444444444444	1.0
497_O-39	2.0	2.0	0.9182958340544894	0.4444444444444444	0.6666666666666667
498_O-39	2.0	2.0	0.9182958340544894	0.4444444444444444	0.6666666666666667
499_O-39	1.0	1.0	-0.0	0.0	1.0
49_O-39	2.0	2.0	0.8112781244591328	0.375	0.75
4_O-39	2.0	2.0	0.9182958340544894	0.4444444444444444	0.6666666666666667
500_O-39	3.0	3.0	1.4591479170272446	0.6111111111111112	0.8333333333333334
501_O-39	3.0	3.0	1.459147917027245	0.6111111111111112	0.8333333333333334
502_O-39	2.0	2.0	0.9182958340544894	0.4444444444444444	0.6666666666666667
503_O-39	3.0	3.0	1.4591479170272446	0.6111111111111112	0.8333333333333334
504_O-39	3.0	3.0	1.5219280948873626	0.6399999999999999	0.8
505_O-39	1.0	1.0	-0.0	0.0	0.0
506_O-39	6.0	3.0	1.584962500721156	0.6666666666666667	0.0
507_O-39	2.0	2.0	1.0	0.5	1.0
508_O-39	4.0	4.0	1.9056390622295665	0.71875	0.875
509_O-39	2.0	2.0	0.9182958340544894	0.4444444444444444	1.0
50_O-39	2.0	2.0	1.0	0.5	1.0
510_O-39	2.0	2.0	1.0	0.5	1.0
511_O-39	2.0	2.0	0.9182958340544894	0.4444444444444444	0.6666666666666667
512_O-39	3.0	3.0	1.459147917027245	0.6111111111111112	0.8333333333333334
513_O-39	2.0	2.0	0.8112781244591328	0.375	1.0
514_O-39	6.0	3.0	1.584962500721156	0.6666666666666667	0.0
515_O-39	4.0	3.0	1.061278124459133	0.40625	0.75
516_O-39	2.0	2.0	0.9182958340544894	0.4444444444444444	0.6666666666666667
517_O-39	3.0	2.0	1.0	0.5	0.0
518_O-39	4.5	4.0	1.8423709931771086	0.6938775510204082	0.7142857142857143
519_O-39	3.0	3.0	1.556656707462823	0.653061224489796	1.0
51_O-39	2.0	2.0	0.9182958340544894	0.4444444444444444	0.6666666666666667
520_O-39	3.5	3.0	1.5	0.625	0.5
521_O-39	3.0	3.0	1.2987949406953987	0.53125	0.875
522_O-39	3.0	3.0	1.4854752972273346	0.62	1.0
523_O-39	0.0	0.0	nan	nan	nan
524_O-39	1.0	1.0	-0.0	0.0	0.0
525_O-39	3.0	3.0	1.5	0.625	1.0
526_O-39	3.0	3.0	1.3921472236645347	0.5925925925925926	0.8888888888888888
527_O-39	3.0	3.0	1.4591479170272446	0.6111111111111112	0.8333333333333334
528_O-39	2.0	2.0	0.9182958340544894	0.4444444444444444	0.6666666666666667
529_O-39	2.0	2.0	0.9182958340544894	0.4444444444444444	0.6666666666666667
52_O-39	3.0	3.0	1.4056390622295665	0.59375	0.875
530_O-39	2.0	2.0	0.9852281360342515	0.48979591836734704	1.0
531_O-39	7.0	4.0	1.6644977792004612	0.6122448979591837	0.5714285714285714
532_O-39	2.0	2.0	0.9182958340544894	0.4444444444444444	0.6666666666666667
533_O-39	4.0	4.0	1.950212064914747	0.7346938775510203	0.8571428571428572
534_O-39	3.5	3.0	1.5	0.625	0.5
535_O-39	3.0	3.0	1.3787834934861756	0.5714285714285714	0.8571428571428572
536_O-39	2.0	2.0	0.9182958340544894	0.4444444444444444	0.6666666666666667
537_O-39	1.0	1.0	-0.0	0.0	1.0
538_O-39	3.0	3.0	1.4353713907745331	0.5950413223140496	1.0
539_O-39	3.0	3.0	1.1567796494470395	0.4600000000000001	0.9
53_O-39	3.0	3.0	1.5304930567574826	0.6419753086419753	1.0
540_O-39	2.0	2.0	0.9709505944546688	0.48	1.0
541_O-39	1.0	1.0	-0.0	0.0	1.0
542_O-39	3.0	3.0	1.5219280948873626	0.6399999999999999	0.8
543_O-39	4.5	4.0	1.4911148500551858	0.5454545454545455	0.8181818181818181
544_O-39	4.0	3.0	1.1488348542809168	0.44897959183673464	0.7142857142857143
545_O-39	2.0	2.0	0.7219280948873623	0.31999999999999984	0.8
546_O-39	3.0	2.0	1.0	0.5	0.0
547_O-39	4.0	3.0	1.2516291673878228	0.5	0.6666666666666667
548_O-39	2.0	2.0	0.5435644431995964	0.21875	0.875
549_O-39	4.0	3.0	1.370950594454669	0.5599999999999999	0.6
54_O-39	2.0	2.0	0.9182958340544894	0.4444444444444444	0.6666666666666667
550_O-39	3.0	3.0	1.4591479170272446	0.6111111111111112	0.8333333333333334
551_O-39	4.0	3.0	1.2516291673878228	0.5	0.6666666666666667
552_O-39	6.0	3.0	1.584962500721156	0.6666666666666667	0.0
553_O-39	4.0	4.0	1.7609640474436812	0.6599999999999999	0.9
554_O-39	2.0	2.0	0.9182958340544894	0.4444444444444444	0.6666666666666667
555_O-39	4.0	3.0	1.2516291673878228	0.5	0.6666666666666667
556_O-39	1.0	1.0	-0.0	0.0	0.0
557_O-39	3.0	3.0	1.4591479170272446	0.6111111111111112	0.8333333333333334
558_O-39	2.0	2.0	0.9182958340544894	0.4444444444444444	0.6666666666666667
559_O-39	4.5	4.0	1.8423709931771086	0.6938775510204082	0.7142857142857143
55_O-39	2.0	2.0	1.0	0.5	1.0
560_O-39	2.0	2.0	0.8631205685666311	0.40816326530612246	1.0
561_O-39	2.0	2.0	0.9182958340544894	0.4444444444444444	0.6666666666666667
562_O-39	2.0	2.0	0.8631205685666311	0.40816326530612246	1.0
563_O-39	1.0	1.0	-0.0	0.0	1.0
564_O-39	3.5	3.0	1.5	0.625	0.5
565_O-39	2.0	2.0	0.9709505944546688	0.48	1.0
566_O-39	5.5	4.0	1.9219280948873625	0.72	0.4
567_O-39	2.0	2.0	1.0	0.5	1.0
568_O-39	1.0	1.0	-0.0	0.0	0.0
569_O-39	2.0	2.0	0.9182958340544894	0.4444444444444444	1.0
56_O-39	3.5	3.0	1.5	0.625	0.5
570_O-39	3.0	3.0	1.5219280948873626	0.6399999999999999	0.8
571_O-39	3.0	3.0	1.3787834934861756	0.5714285714285714	0.8571428571428572
572_O-39	4.0	3.0	1.061278124459133	0.40625	0.75
573_O-39	3.0	3.0	1.5219280948873626	0.6399999999999999	0.8
574_O-39	2.0	2.0	0.8112781244591328	0.375	0.75
575_O-39	1.0	1.0	-0.0	0.0	1.0
576_O-39	3.0	3.0	1.584962500721156	0.6666666666666667	1.0
577_O-39	4.333333333333333	4.0	1.9182958340544896	0.7222222222222222	0.6666666666666667
578_O-39	3.5	3.0	1.5	0.625	0.5
579_O-39	2.0	2.0	0.9182958340544894	0.4444444444444444	0.6666666666666667
57_O-39	0.0	0.0	nan	nan	nan
580_O-39	2.0	2.0	0.9182958340544894	0.4444444444444444	1.0
581_O-39	2.0	2.0	1.0	0.5	1.0
582_O-39	1.0	1.0	-0.0	0.0	1.0
583_O-39	4.0	3.0	1.061278124459133	0.40625	0.75
584_O-39	2.0	2.0	0.7219280948873623	0.31999999999999984	0.8
585_O-39	2.0	2.0	0.9182958340544894	0.4444444444444444	0.6666666666666667
586_O-39	3.0	2.0	1.0	0.5	0.0
587_O-39	3.0	3.0	1.5219280948873626	0.6399999999999999	0.8
588_O-39	1.0	1.0	-0.0	0.0	1.0
589_O-39	3.0	3.0	1.5219280948873626	0.6399999999999999	0.8
58_O-39	2.0	2.0	1.0	0.5	1.0
590_O-39	0.0	0.0	nan	nan	nan
591_O-39	2.0	2.0	1.0	0.5	1.0
592_O-39	4.0	3.0	1.370950594454669	0.5599999999999999	0.6
593_O-39	2.0	2.0	0.9182958340544894	0.4444444444444444	0.6666666666666667
594_O-39	3.0	3.0	1.5	0.625	1.0
595_O-39	2.0	2.0	0.8112781244591328	0.375	0.75
596_O-39	3.0	2.0	1.0	0.5	0.0
597_O-39	6.0	3.0	1.584962500721156	0.6666666666666667	0.0
598_O-39	2.0	2.0	0.7219280948873623	0.31999999999999984	0.8
599_O-39	1.0	1.0	-0.0	0.0	1.0
59_O-39	3.0	3.0	1.459147917027245	0.6111111111111112	0.8333333333333334
5_O-39	3.0	3.0	1.4353713907745334	0.5950413223140496	1.0
600_O-39	2.0	2.0	0.9182958340544894	0.4444444444444444	0.6666666666666667
601_O-39	2.0	2.0	0.9709505944546688	0.48	1.0
602_O-39	2.0	2.0	0.9182958340544894	0.4444444444444444	1.0
603_O-39	1.0	1.0	-0.0	0.0	0.0
604_O-39	3.5	3.0	1.5	0.625	0.5
605_O-39	2.0	2.0	0.9709505944546688	0.48	1.0
606_O-39	3.0	3.0	1.2243944454059863	0.49382716049382713	0.8888888888888888
607_O-39	3.0	3.0	1.5304930567574826	0.6419753086419753	1.0
608_O-39	6.0	3.0	1.584962500721156	0.6666666666666667	0.0
609_O-39	2.0	2.0	1.0	0.5	1.0
60_O-39	4.0	4.0	1.8365916681089793	0.691358024691358	0.8888888888888888
610_O-39	4.0	3.0	1.370950594454669	0.5599999999999999	0.6
611_O-39	2.0	2.0	0.7219280948873623	0.31999999999999984	0.8
612_O-39	1.0	1.0	-0.0	0.0	0.0
613_O-39	3.5	3.0	1.5	0.625	0.5
614_O-39	3.0	2.0	1.0	0.5	0.0
615_O-39	1.0	1.0	-0.0	0.0	1.0
616_O-39	4.0	3.0	1.370950594454669	0.5599999999999999	0.6
617_O-39	3.0	2.0	1.0	0.5	0.0
618_O-39	3.0	3.0	1.4591479170272446	0.6111111111111112	0.8333333333333334
619_O-39	1.0	1.0	-0.0	0.0	1.0
61_O-39	3.0	3.0	1.5219280948873626	0.6399999999999999	0.8
620_O-39	2.0	2.0	0.9852281360342515	0.48979591836734704	1.0
621_O-39	2.0	2.0	0.9182958340544894	0.4444444444444444	1.0
622_O-39	1.0	1.0	-0.0	0.0	1.0
623_O-39	3.0	3.0	1.5219280948873626	0.6399999999999999	0.8
624_O-39	2.0	2.0	0.9182958340544894	0.4444444444444444	0.6666666666666667
625_O-39	2.0	2.0	0.8112781244591328	0.375	0.75
626_O-39	3.5	3.0	1.5	0.625	0.5
627_O-39	3.0	2.0	1.0	0.5	0.0
628_O-39	2.0	2.0	0.9852281360342515	0.48979591836734704	1.0
629_O-39	3.0	2.0	1.0	0.5	0.0
62_O-39	2.0	2.0	1.0	0.5	1.0
630_O-39	3.0	3.0	1.3787834934861756	0.5714285714285714	0.8571428571428572
631_O-39	1.0	1.0	-0.0	0.0	1.0
632_O-39	2.0	2.0	0.8112781244591328	0.375	0.75
633_O-39	3.0	3.0	1.4949188482339508	0.628099173553719	1.0
634_O-39	4.0	3.0	1.2516291673878228	0.5	0.6666666666666667
635_O-39	3.0	3.0	1.5219280948873626	0.6399999999999999	0.8
636_O-39	2.0	2.0	0.6500224216483541	0.2777777777777777	0.8333333333333334
637_O-39	3.0	3.0	1.5304930567574826	0.6419753086419753	1.0
638_O-39	2.0	2.0	0.7219280948873623	0.31999999999999984	0.8
639_O-39	1.0	1.0	-0.0	0.0	1.0
63_O-39	1.0	1.0	-0.0	0.0	1.0
640_O-39	2.0	2.0	1.0	0.5	1.0
641_O-39	2.0	2.0	0.9182958340544894	0.4444444444444444	0.6666666666666667
642_O-39	2.0	2.0	0.8112781244591328	0.375	0.75
643_O-39	2.0	2.0	1.0	0.5	1.0
644_O-39	3.0	3.0	1.3787834934861756	0.5714285714285714	0.8571428571428572
645_O-39	3.5	3.0	1.5	0.625	0.5
646_O-39	4.0	3.0	1.370950594454669	0.5599999999999999	0.6
647_O-39	4.0	3.0	1.2516291673878228	0.5	0.6666666666666667
648_O-39	1.0	1.0	-0.0	0.0	1.0
649_O-39	2.0	2.0	0.7219280948873623	0.31999999999999984	0.8
64_O-39	4.0	3.0	1.2516291673878228	0.5	0.6666666666666667
650_O-39	3.0	3.0	1.459147917027245	0.6111111111111112	0.8333333333333334
651_O-39	1.0	1.0	-0.0	0.0	1.0
652_O-39	6.0	3.0	1.584962500721156	0.6666666666666667	0.0
653_O-39	2.0	2.0	0.7219280948873623	0.31999999999999984	0.8
654_O-39	3.0	3.0	1.5219280948873626	0.6399999999999999	0.8
655_O-39	2.0	2.0	0.8112781244591328	0.375	1.0
656_O-39	2.0	2.0	0.9709505944546688	0.48	1.0
657_O-39	2.0	2.0	0.9182958340544894	0.4444444444444444	0.6666666666666667
658_O-39	2.0	2.0	0.9182958340544894	0.4444444444444444	0.6666666666666667
659_O-39	2.0	2.0	0.9182958340544894	0.4444444444444444	0.6666666666666667
65_O-39	5.5	4.0	1.9219280948873625	0.72	0.4
660_O-39	2.0	2.0	0.9182958340544894	0.4444444444444444	0.6666666666666667
661_O-39	2.0	2.0	0.9182958340544894	0.4444444444444444	0.6666666666666667
662_O-39	3.0	3.0	1.584962500721156	0.6666666666666667	1.0
663_O-39	4.0	4.0	1.9056390622295665	0.71875	0.875
664_O-39	4.0	3.0	1.370950594454669	0.5599999999999999	0.6
665_O-39	4.0	4.0	1.9056390622295665	0.71875	0.875
666_O-39	3.5	3.0	1.5	0.625	0.5
667_O-39	2.0	2.0	0.8112781244591328	0.375	1.0
668_O-39	2.0	2.0	1.0	0.5	1.0
669_O-39	2.0	2.0	0.7219280948873623	0.31999999999999984	0.8
66_O-39	1.0	1.0	-0.0	0.0	1.0
670_O-39	3.0	3.0	1.2987949406953987	0.53125	0.875
671_O-39	3.0	3.0	1.5219280948873626	0.6399999999999999	0.8
672_O-39	3.0	2.0	1.0	0.5	0.0
673_O-39	2.0	2.0	0.8112781244591328	0.375	0.75
674_O-39	4.0	3.0	1.2516291673878228	0.5	0.6666666666666667
675_O-39	3.0	3.0	1.584962500721156	0.6666666666666667	1.0
676_O-39	3.0	3.0	1.4591479170272446	0.6111111111111112	0.8333333333333334
677_O-39	4.0	3.0	1.370950594454669	0.5599999999999999	0.6
678_O-39	2.0	2.0	0.9182958340544894	0.4444444444444444	0.6666666666666667
679_O-39	3.0	3.0	1.584962500721156	0.6666666666666667	1.0
67_O-39	2.0	2.0	0.8112781244591328	0.375	0.75
680_O-39	3.0	2.0	1.0	0.5	0.0
681_O-39	2.0	2.0	0.9182958340544894	0.4444444444444444	0.6666666666666667
682_O-39	2.0	2.0	0.7219280948873623	0.31999999999999984	0.8
683_O-39	3.0	3.0	1.4056390622295665	0.59375	0.875
684_O-39	2.0	2.0	0.9182958340544894	0.4444444444444444	0.6666666666666667
685_O-39	1.0	1.0	-0.0	0.0	1.0
686_O-39	2.0	2.0	0.8112781244591328	0.375	0.75
687_O-39	4.0	3.0	1.370950594454669	0.5599999999999999	0.6
688_O-39	3.0	3.0	1.4591479170272446	0.6111111111111112	0.8333333333333334
689_O-39	2.0	2.0	0.9182958340544894	0.4444444444444444	0.6666666666666667
68_O-39	3.5	3.0	1.5	0.625	0.5
690_O-39	2.0	2.0	1.0	0.5	1.0
691_O-39	4.0	4.0	1.8910611120726528	0.7160493827160495	0.8888888888888888
692_O-39	3.0	2.0	1.0	0.5	0.0
693_O-39	1.0	1.0	-0.0	0.0	1.0
694_O-39	2.0	2.0	0.9182958340544894	0.4444444444444444	0.6666666666666667
695_O-39	5.5	4.0	1.9219280948873625	0.72	0.4
696_O-39	1.0	1.0	-0.0	0.0	0.0
697_O-39	3.5	3.0	1.5	0.625	0.5
698_O-39	2.0	2.0	1.0	0.5	1.0
699_O-39	2.0	2.0	0.8112781244591328	0.375	0.75
69_O-39	2.0	2.0	0.7219280948873623	0.31999999999999984	0.8
6_O-39	3.0	3.0	1.5219280948873626	0.6399999999999999	0.8
700_O-39	4.5	4.0	1.8423709931771086	0.6938775510204082	0.7142857142857143
701_O-39	2.0	2.0	0.9182958340544894	0.4444444444444444	0.6666666666666667
702_O-39	2.0	2.0	1.0	0.5	1.0
703_O-39	2.0	2.0	0.9182958340544894	0.4444444444444444	0.6666666666666667
704_O-39	6.0	3.0	1.584962500721156	0.6666666666666667	0.0
705_O-39	4.5	4.0	1.75	0.65625	0.75
706_O-39	3.0	3.0	1.5219280948873626	0.6399999999999999	0.8
707_O-39	2.0	2.0	0.9182958340544894	0.4444444444444444	0.6666666666666667
708_O-39	2.0	2.0	0.9182958340544894	0.4444444444444444	0.6666666666666667
709_O-39	3.5	3.0	1.5	0.625	0.5
70_O-39	3.0	3.0	1.5219280948873626	0.6399999999999999	0.8
710_O-39	2.0	2.0	0.7219280948873623	0.31999999999999984	0.8
711_O-39	1.0	1.0	-0.0	0.0	1.0
712_O-39	2.0	2.0	0.9709505944546688	0.48	1.0
713_O-39	2.0	2.0	1.0	0.5	1.0
714_O-39	2.0	2.0	0.9182958340544894	0.4444444444444444	0.6666666666666667
715_O-39	2.0	2.0	0.9182958340544894	0.4444444444444444	0.6666666666666667
716_O-39	1.0	1.0	-0.0	0.0	1.0
717_O-39	6.0	3.0	1.584962500721156	0.6666666666666667	0.0
718_O-39	3.0	3.0	1.459147917027245	0.6111111111111112	0.8333333333333334
719_O-39	2.0	2.0	1.0	0.5	1.0
71_O-39	10.0	4.0	2.0	0.75	0.0
720_O-39	2.0	2.0	0.9182958340544894	0.4444444444444444	1.0
721_O-39	3.0	3.0	1.5219280948873626	0.6399999999999999	0.8
722_O-39	2.0	2.0	0.5032583347756457	0.19753086419753085	0.8888888888888888
723_O-39	3.5	3.0	1.5	0.625	0.5
724_O-39	6.0	3.0	1.584962500721156	0.6666666666666667	0.0
725_O-39	2.0	2.0	0.9182958340544894	0.4444444444444444	0.6666666666666667
726_O-39	2.0	2.0	0.9709505944546688	0.48	1.0
727_O-39	4.0	3.0	1.370950594454669	0.5599999999999999	0.6
728_O-39	2.0	2.0	0.7219280948873623	0.31999999999999984	0.8
729_O-39	4.0	4.0	1.8910611120726528	0.7160493827160495	0.8888888888888888
72_O-39	3.0	3.0	1.556656707462823	0.653061224489796	1.0
730_O-39	2.0	2.0	0.9182958340544894	0.4444444444444444	0.6666666666666667
731_O-39	3.5	3.0	1.5	0.625	0.5
732_O-39	1.0	1.0	-0.0	0.0	1.0
733_O-39	1.0	1.0	-0.0	0.0	0.0
734_O-39	1.0	1.0	-0.0	0.0	1.0
735_O-39	4.5	4.0	1.75	0.65625	0.75
736_O-39	4.0	4.0	1.9056390622295665	0.71875	0.875
737_O-39	2.0	2.0	1.0	0.5	1.0
738_O-39	6.0	3.0	1.584962500721156	0.6666666666666667	0.0
739_O-39	3.0	3.0	1.3787834934861756	0.5714285714285714	0.8571428571428572
73_O-39	3.0	3.0	1.5219280948873626	0.6399999999999999	0.8
740_O-39	1.0	1.0	-0.0	0.0	0.0
741_O-39	6.0	3.0	1.584962500721156	0.6666666666666667	0.0
742_O-39	2.0	2.0	0.7219280948873623	0.31999999999999984	0.8
743_O-39	2.0	2.0	0.9709505944546688	0.48	1.0
744_O-39	1.0	1.0	-0.0	0.0	1.0
745_O-39	2.0	2.0	0.9182958340544894	0.4444444444444444	1.0
746_O-39	3.0	3.0	1.3787834934861756	0.5714285714285714	0.8571428571428572
747_O-39	3.0	2.0	1.0	0.5	0.0
748_O-39	2.0	2.0	0.8112781244591328	0.375	1.0
749_O-39	2.0	2.0	0.9709505944546688	0.48	1.0
74_O-39	2.0	2.0	1.0	0.5	1.0
750_O-39	3.5	3.0	1.5	0.625	0.5
751_O-39	1.0	1.0	-0.0	0.0	1.0
752_O-39	4.0	3.0	1.370950594454669	0.5599999999999999	0.6
753_O-39	2.0	2.0	0.9182958340544894	0.4444444444444444	0.6666666666666667
754_O-39	4.0	3.0	1.2516291673878228	0.5	0.6666666666666667
755_O-39	7.0	4.0	1.4466166676282084	0.5185185185185186	0.6666666666666667
756_O-39	3.0	3.0	1.584962500721156	0.6666666666666667	1.0
757_O-39	3.0	2.0	1.0	0.5	0.0
758_O-39	3.5	3.0	1.5	0.625	0.5
759_O-39	3.5	3.0	1.5	0.625	0.5
75_O-39	2.0	2.0	0.7642045065086203	0.345679012345679	1.0
760_O-39	3.0	3.0	1.4591479170272446	0.6111111111111112	0.8333333333333334
761_O-39	1.0	1.0	-0.0	0.0	0.0
762_O-39	3.0	3.0	1.3787834934861756	0.5714285714285714	0.8571428571428572
763_O-39	2.0	2.0	0.9182958340544894	0.4444444444444444	1.0
764_O-39	2.0	2.0	0.954434002924965	0.46875	1.0
765_O-39	1.0	1.0	-0.0	0.0	1.0
766_O-39	3.0	2.0	1.0	0.5	0.0
767_O-39	3.5	3.0	1.5	0.625	0.5
768_O-39	4.0	3.0	1.370950594454669	0.5599999999999999	0.6
769_O-39	3.0	2.0	1.0	0.5	0.0
76_O-39	4.0	3.0	1.2516291673878228	0.5	0.6666666666666667
770_O-39	4.0	3.0	1.1488348542809168	0.44897959183673464	0.7142857142857143
771_O-39	3.0	2.0	1.0	0.5	0.0
772_O-39	2.0	2.0	0.8112781244591328	0.375	0.75
773_O-39	3.0	2.0	1.0	0.5	0.0
774_O-39	3.0	3.0	1.584962500721156	0.6666666666666667	1.0
775_O-39	2.0	2.0	0.9709505944546688	0.48	1.0
776_O-39	2.0	2.0	1.0	0.5	1.0
777_O-39	1.0	1.0	-0.0	0.0	1.0
778_O-39	0.0	0.0	nan	nan	nan
779_O-39	3.0	2.0	1.0	0.5	0.0
77_O-39	2.0	2.0	0.8631205685666311	0.40816326530612246	1.0
780_O-39	1.0	1.0	-0.0	0.0	0.0
781_O-39	1.0	1.0	-0.0	0.0	1.0
782_O-39	3.0	2.0	1.0	0.5	0.0
783_O-39	2.0	2.0	0.8112781244591328	0.375	0.75
784_O-39	4.0	4.0	1.7758589482446405	0.6745562130177515	0.9230769230769231
785_O-39	3.0	3.0	1.3787834934861756	0.5714285714285714	0.8571428571428572
786_O-39	3.0	3.0	1.556656707462823	0.653061224489796	1.0
787_O-39	3.0	3.0	1.5219280948873626	0.6399999999999999	0.8
788_O-39	1.0	1.0	-0.0	0.0	0.0
789_O-39	2.0	2.0	0.9182958340544894	0.4444444444444444	0.6666666666666667
78_O-39	4.0	3.0	1.370950594454669	0.5599999999999999	0.6
790_O-39	1.0	1.0	-0.0	0.0	1.0
791_O-39	2.0	2.0	0.9182958340544894	0.4444444444444444	1.0
792_O-39	3.0	3.0	1.556656707462823	0.653061224489796	1.0
793_O-39	3.0	2.0	1.0	0.5	0.0
794_O-39	3.0	3.0	1.5612781244591325	0.65625	1.0
795_O-39	1.0	1.0	-0.0	0.0	1.0
796_O-39	1.0	1.0	-0.0	0.0	1.0
797_O-39	2.0	2.0	0.8631205685666311	0.40816326530612246	1.0
798_O-39	2.0	2.0	0.9709505944546688	0.48	1.0
799_O-39	4.0	3.0	1.1488348542809168	0.44897959183673464	0.7142857142857143
79_O-39	3.0	3.0	1.4355205042826666	0.5925925925925926	1.0
7_O-39	4.0	3.0	1.1488348542809168	0.44897959183673464	0.7142857142857143
800_O-39	3.0	3.0	1.556656707462823	0.653061224489796	1.0
801_O-39	7.0	4.0	1.7924812503605778	0.6666666666666666	0.5
802_O-39	2.0	2.0	0.9182958340544894	0.4444444444444444	0.6666666666666667
803_O-39	3.0	3.0	1.4353713907745331	0.5950413223140496	1.0
804_O-39	1.0	1.0	-0.0	0.0	1.0
805_O-39	3.0	3.0	1.5219280948873626	0.6399999999999999	0.8
806_O-39	1.0	1.0	-0.0	0.0	1.0
807_O-39	3.0	2.0	1.0	0.5	0.0
808_O-39	2.0	2.0	0.9709505944546688	0.48	1.0
809_O-39	2.0	2.0	0.9182958340544894	0.4444444444444444	0.6666666666666667
80_O-39	2.0	2.0	1.0	0.5	1.0
810_O-39	3.0	2.0	1.0	0.5	0.0
811_O-39	2.0	2.0	1.0	0.5	1.0
812_O-39	2.0	2.0	0.9709505944546688	0.48	1.0
813_O-39	2.0	2.0	1.0	0.5	1.0
814_O-39	3.0	3.0	1.459147917027245	0.6111111111111112	0.8333333333333334
815_O-39	3.0	3.0	1.3787834934861756	0.5714285714285714	0.8571428571428572
816_O-39	4.0	3.0	1.1488348542809168	0.44897959183673464	0.7142857142857143
817_O-39	2.0	2.0	0.9709505944546688	0.48	1.0
818_O-39	3.0	3.0	1.2987949406953987	0.53125	0.875
819_O-39	3.0	3.0	1.556656707462823	0.653061224489796	1.0
81_O-39	3.0	3.0	1.2987949406953987	0.53125	0.875
820_O-39	2.0	2.0	0.9182958340544894	0.4444444444444444	0.6666666666666667
821_O-39	3.0	3.0	1.5	0.625	1.0
822_O-39	1.0	1.0	-0.0	0.0	0.0
823_O-39	4.0	3.0	1.2516291673878228	0.5	0.6666666666666667
824_O-39	2.0	2.0	0.8631205685666311	0.40816326530612246	1.0
825_O-39	2.0	2.0	0.8112781244591328	0.375	1.0
826_O-39	3.0	3.0	1.3787834934861756	0.5714285714285714	0.8571428571428572
827_O-39	2.0	2.0	0.9182958340544894	0.4444444444444444	0.6666666666666667
828_O-39	2.0	2.0	0.8631205685666311	0.40816326530612246	1.0
829_O-39	2.0	2.0	1.0	0.5	1.0
82_O-39	4.0	3.0	1.370950594454669	0.5599999999999999	0.6
830_O-39	2.0	2.0	0.9709505944546688	0.48	1.0
831_O-39	2.0	2.0	0.9182958340544894	0.4444444444444444	0.6666666666666667
832_O-39	3.0	3.0	1.3787834934861756	0.5714285714285714	0.8571428571428572
833_O-39	3.0	2.0	1.0	0.5	0.0
834_O-39	2.0	2.0	0.9182958340544894	0.4444444444444444	0.6666666666666667
835_O-39	2.0	2.0	1.0	0.5	1.0
836_O-39	1.0	1.0	-0.0	0.0	1.0
837_O-39	3.0	3.0	1.556656707462823	0.653061224489796	1.0
838_O-39	1.0	1.0	-0.0	0.0	0.0
839_O-39	2.0	2.0	0.9182958340544894	0.4444444444444444	0.6666666666666667
83_O-39	3.0	3.0	1.5219280948873626	0.6399999999999999	0.8
840_O-39	4.5	4.0	1.8423709931771086	0.6938775510204082	0.7142857142857143
841_O-39	3.0	3.0	1.5219280948873626	0.6399999999999999	0.8
842_O-39	3.0	3.0	1.3787834934861756	0.5714285714285714	0.8571428571428572
843_O-39	3.0	2.0	1.0	0.5	0.0
844_O-39	2.0	2.0	0.8112781244591328	0.375	0.75
845_O-39	3.0	3.0	1.2243944454059863	0.49382716049382713	0.8888888888888888
846_O-39	1.0	1.0	-0.0	0.0	0.0
847_O-39	4.0	3.0	1.370950594454669	0.56	0.6
848_O-39	1.0	1.0	-0.0	0.0	0.0
849_O-39	2.0	2.0	0.8112781244591328	0.375	0.75
84_O-39	2.0	2.0	0.9852281360342515	0.48979591836734704	1.0
850_O-39	3.0	3.0	1.4591479170272446	0.6111111111111112	0.8333333333333334
851_O-39	2.0	2.0	0.7219280948873623	0.31999999999999984	0.8
852_O-39	4.0	4.0	1.8365916681089793	0.691358024691358	0.8888888888888888
853_O-39	4.0	3.0	1.061278124459133	0.40625	0.75
854_O-39	2.0	2.0	0.9182958340544894	0.4444444444444444	1.0
855_O-39	2.0	2.0	1.0	0.5	1.0
856_O-39	2.0	2.0	0.9182958340544894	0.4444444444444444	0.6666666666666667
857_O-39	3.0	3.0	1.5219280948873626	0.6399999999999999	0.8
858_O-39	2.0	2.0	0.9182958340544894	0.4444444444444444	0.6666666666666667
859_O-39	2.0	2.0	1.0	0.5	1.0
85_O-39	3.0	3.0	1.556656707462823	0.653061224489796	1.0
860_O-39	3.0	3.0	1.1567796494470395	0.4600000000000001	0.9
861_O-39	6.0	3.0	1.584962500721156	0.6666666666666667	0.0
862_O-39	3.0	3.0	1.5219280948873626	0.6399999999999999	0.8
863_O-39	3.0	3.0	1.5219280948873626	0.6399999999999999	0.8
864_O-39	2.0	2.0	1.0	0.5	1.0
865_O-39	2.0	2.0	0.9182958340544894	0.4444444444444444	0.6666666666666667
866_O-39	2.0	2.0	0.9182958340544894	0.4444444444444444	0.6666666666666667
867_O-39	3.0	3.0	1.5219280948873626	0.6399999999999999	0.8
868_O-39	3.0	3.0	1.5219280948873626	0.6399999999999999	0.8
869_O-39	3.0	2.0	1.0	0.5	0.0
86_O-39	4.5	4.0	1.8423709931771086	0.6938775510204082	0.7142857142857143
870_O-39	2.0	2.0	0.9182958340544894	0.4444444444444444	1.0
871_O-39	2.0	2.0	1.0	0.5	1.0
872_O-39	1.0	1.0	-0.0	0.0	0.0
873_O-39	2.0	2.0	0.46899559358928117	0.17999999999999994	0.9
874_O-39	2.0	2.0	0.8112781244591328	0.375	0.75
875_O-39	4.0	3.0	1.370950594454669	0.5599999999999999	0.6
876_O-39	2.0	2.0	0.5435644431995964	0.21875	0.875
877_O-39	4.0	4.0	1.8910611120726528	0.7160493827160495	0.8888888888888888
878_O-39	2.0	2.0	0.9709505944546688	0.48	1.0
879_O-39	2.0	2.0	0.8112781244591328	0.375	0.75
87_O-39	2.0	2.0	0.8112781244591328	0.375	0.75
880_O-39	2.0	2.0	0.9709505944546688	0.48	1.0
881_O-39	2.0	2.0	0.8631205685666311	0.40816326530612246	1.0
882_O-39	1.0	1.0	-0.0	0.0	1.0
883_O-39	3.0	2.0	1.0	0.5	0.0
884_O-39	3.0	3.0	1.556656707462823	0.653061224489796	1.0
885_O-39	4.0	3.0	1.370950594454669	0.56	0.6
886_O-39	1.0	1.0	-0.0	0.0	1.0
887_O-39	1.0	1.0	-0.0	0.0	0.0
888_O-39	3.5	3.0	1.5	0.625	0.5
889_O-39	3.0	3.0	1.4355205042826666	0.5925925925925926	1.0
88_O-39	4.0	4.0	1.9056390622295665	0.71875	0.875
890_O-39	7.0	4.0	1.7924812503605778	0.6666666666666666	0.5
891_O-39	2.0	2.0	0.9709505944546688	0.48	1.0
892_O-39	3.0	3.0	1.2987949406953987	0.53125	0.875
893_O-39	2.0	2.0	0.9709505944546688	0.48	1.0
894_O-39	2.0	2.0	0.9182958340544894	0.4444444444444444	0.6666666666666667
895_O-39	3.0	3.0	1.5219280948873626	0.6399999999999999	0.8
896_O-39	6.0	3.0	1.584962500721156	0.6666666666666667	0.0
897_O-39	3.0	2.0	1.0	0.5	0.0
898_O-39	3.5	3.0	1.5	0.625	0.5
899_O-39	5.0	4.0	1.6854752972273344	0.64	0.8
89_O-39	0.0	0.0	nan	nan	nan
8_O-39	3.0	2.0	1.0	0.5	0.0
900_O-39	2.0	2.0	0.8112781244591328	0.375	0.75
901_O-39	6.0	3.0	1.584962500721156	0.6666666666666667	0.0
902_O-39	2.0	2.0	1.0	0.5	1.0
903_O-39	3.0	3.0	1.459147917027245	0.6111111111111112	0.8333333333333334
904_O-39	5.5	4.0	1.9219280948873625	0.72	0.4
905_O-39	4.5	4.0	1.75	0.65625	0.75
906_O-39	1.0	1.0	-0.0	0.0	1.0
907_O-39	0.0	0.0	nan	nan	nan
908_O-39	3.0	3.0	1.459147917027245	0.6111111111111112	0.8333333333333334
909_O-39	4.0	3.0	1.2516291673878228	0.5	0.6666666666666667
90_O-39	2.0	2.0	0.9709505944546688	0.48	1.0
910_O-39	3.5	3.0	1.5	0.625	0.5
911_O-39	4.0	4.0	1.950212064914747	0.7346938775510203	0.8571428571428572
912_O-39	6.0	3.0	1.584962500721156	0.6666666666666667	0.0
913_O-39	2.0	2.0	1.0	0.5	1.0
914_O-39	2.0	2.0	0.9709505944546688	0.48	1.0
915_O-39	2.0	2.0	0.6500224216483541	0.2777777777777777	0.8333333333333334
916_O-39	2.0	2.0	0.9709505944546688	0.48	1.0
917_O-39	3.0	2.0	1.0	0.5	0.0
918_O-39	3.0	3.0	1.4591479170272446	0.6111111111111112	0.8333333333333334
919_O-39	3.0	2.0	1.0	0.5	0.0
91_O-39	2.0	2.0	0.7219280948873623	0.31999999999999984	0.8
920_O-39	2.0	2.0	1.0	0.5	1.0
921_O-39	2.0	2.0	1.0	0.5	1.0
922_O-39	1.0	1.0	-0.0	0.0	0.0
923_O-39	2.0	2.0	0.5916727785823274	0.24489795918367352	0.8571428571428572
924_O-39	3.5	3.0	1.5	0.625	0.5
925_O-39	3.0	3.0	1.5219280948873626	0.6399999999999999	0.8
926_O-39	4.0	3.0	1.061278124459133	0.40625	0.75
927_O-39	1.0	1.0	-0.0	0.0	1.0
928_O-39	4.0	3.0	1.1488348542809168	0.44897959183673464	0.7142857142857143
929_O-39	2.0	2.0	0.9709505944546688	0.48	1.0
92_O-39	3.0	3.0	1.5219280948873626	0.6399999999999999	0.8
930_O-39	1.0	1.0	-0.0	0.0	1.0
931_O-39	2.0	2.0	0.8112781244591328	0.375	0.75
932_O-39	1.0	1.0	-0.0	0.0	1.0
933_O-39	7.0	4.0	1.7924812503605778	0.6666666666666666	0.5
934_O-39	1.0	1.0	-0.0	0.0	1.0
935_O-39	1.0	1.0	-0.0	0.0	0.0
936_O-39	3.0	3.0	1.556656707462823	0.653061224489796	1.0
937_O-39	6.0	3.0	1.584962500721156	0.6666666666666667	0.0
938_O-39	4.5	4.0	1.8423709931771086	0.6938775510204082	0.7142857142857143
939_O-39	1.0	1.0	-0.0	0.0	1.0
93_O-39	3.0	3.0	1.584962500721156	0.6666666666666667	1.0
940_O-39	2.0	2.0	0.9709505944546688	0.48	1.0
941_O-39	2.0	2.0	0.8112781244591328	0.375	0.75
942_O-39	0.0	0.0	nan	nan	nan
943_O-39	2.0	2.0	0.7219280948873623	0.31999999999999984	0.8
944_O-39	2.0	2.0	0.5916727785823274	0.24489795918367352	0.8571428571428572
945_O-39	2.0	2.0	0.7219280948873623	0.31999999999999984	0.8
946_O-39	4.0	3.0	1.061278124459133	0.40625	0.75
947_O-39	2.0	2.0	0.9709505944546688	0.48	1.0
948_O-39	2.0	2.0	0.9182958340544894	0.4444444444444444	0.6666666666666667
949_O-39	2.0	2.0	1.0	0.5	1.0
94_O-39	3.5	3.0	1.5	0.625	0.5
950_O-39	3.0	3.0	1.4591479170272446	0.6111111111111112	0.8333333333333334
951_O-39	3.5	3.0	1.5	0.625	0.5
952_O-39	3.0	2.0	1.0	0.5	0.0
953_O-39	3.0	3.0	1.370950594454669	0.5599999999999999	1.0
954_O-39	2.0	2.0	0.9709505944546688	0.48	1.0
955_O-39	3.0	3.0	1.3787834934861756	0.5714285714285714	0.8571428571428572
956_O-39	3.0	3.0	1.2987949406953987	0.53125	0.875
957_O-39	3.0	2.0	1.0	0.5	0.0
958_O-39	2.0	2.0	0.9182958340544894	0.4444444444444444	0.6666666666666667
959_O-39	3.0	3.0	1.584962500721156	0.6666666666666667	1.0
95_O-39	2.0	2.0	0.9182958340544894	0.4444444444444444	0.6666666666666667
960_O-39	3.0	3.0	1.5219280948873626	0.6399999999999999	0.8
961_O-39	3.0	3.0	1.4591479170272446	0.6111111111111112	0.8333333333333334
962_O-39	4.0	3.0	1.370950594454669	0.5599999999999999	0.6
963_O-39	2.0	2.0	0.9182958340544894	0.4444444444444444	0.6666666666666667
964_O-39	3.5	3.0	1.5	0.625	0.5
965_O-39	3.0	2.0	1.0	0.5	0.0
966_O-39	2.0	2.0	0.9182958340544894	0.4444444444444444	1.0
967_O-39	7.0	4.0	1.7924812503605778	0.6666666666666666	0.5
968_O-39	4.0	3.0	1.2516291673878228	0.5	0.6666666666666667
969_O-39	2.0	2.0	1.0	0.5	1.0
96_O-39	2.0	2.0	0.9182958340544894	0.4444444444444444	0.6666666666666667
970_O-39	3.0	3.0	1.4591479170272446	0.6111111111111112	0.8333333333333334
971_O-39	1.0	1.0	-0.0	0.0	1.0
972_O-39	1.0	1.0	-0.0	0.0	1.0
973_O-39	4.0	4.0	1.7899290753099995	0.6776859504132232	0.9090909090909091
974_O-39	6.0	3.0	1.584962500721156	0.6666666666666667	0.0
975_O-39	0.0	0.0	nan	nan	nan
976_O-39	1.0	1.0	-0.0	0.0	1.0
977_O-39	2.0	2.0	1.0	0.5	1.0
978_O-39	2.0	2.0	0.8112781244591328	0.375	0.75
979_O-39	4.0	4.0	1.9056390622295665	0.71875	0.875
97_O-39	2.0	2.0	0.6500224216483541	0.2777777777777777	0.8333333333333334
980_O-39	2.0	2.0	1.0	0.5	1.0
981_O-39	2.0	2.0	1.0	0.5	1.0
982_O-39	3.0	3.0	1.5612781244591325	0.65625	1.0
983_O-39	1.0	1.0	-0.0	0.0	1.0
984_O-39	2.0	2.0	0.9182958340544894	0.4444444444444444	0.6666666666666667
985_O-39	4.5	4.0	1.8423709931771086	0.6938775510204082	0.7142857142857143
986_O-39	2.0	2.0	1.0	0.5	1.0
987_O-39	3.5	3.0	1.5	0.625	0.5
988_O-39	2.0	2.0	0.9182958340544894	0.4444444444444444	0.6666666666666667
989_O-39	4.0	3.0	1.370950594454669	0.5599999999999999	0.6
98_O-39	1.0	1.0	-0.0	0.0	0.0
990_O-39	2.0	2.0	0.6500224216483541	0.2777777777777777	0.8333333333333334
991_O-39	2.0	2.0	0.9182958340544894	0.4444444444444444	0.6666666666666667
992_O-39	3.5	3.0	1.5	0.625	0.5
993_O-39	3.0	3.0	1.561278124459133	0.65625	1.0
994_O-39	2.0	2.0	0.9182958340544894	0.4444444444444444	1.0
995_O-39	4.0	3.0	1.2516291673878228	0.5	0.6666666666666667
996_O-39	3.5	3.0	1.5	0.625	0.5
997_O-39	1.0	1.0	-0.0	0.0	1.0
998_O-39	3.5	3.0	1.5	0.625	0.5
999_O-39	3.0	3.0	1.5219280948873626	0.6399999999999999	0.8
99_O-39	2.0	2.0	1.0	0.5	1.0
9_O-39	2.0	2.0	1.0	0.5	1.0
