	chao1	observed_otus	shannon	simpson	goods_coverage
1000_O-152	9.0	8.0	2.226607376674582	0.7465561224489796	0.9964285714285714
100_O-152	6.0	6.0	2.0699457675858612	0.7266592232460852	1.0
101_O-152	6.0	6.0	2.0219190379986163	0.7201917995751186	1.0
102_O-152	7.0	7.0	2.1569711629627473	0.7414735980635921	1.0
103_O-152	7.0	7.0	2.1036959535919593	0.7317038844060799	0.9982876712328768
104_O-152	7.0	7.0	2.03176252972172	0.710480109739369	0.9981481481481481
105_O-152	8.0	7.0	2.073202432503029	0.7295214067988607	0.996219281663516
106_O-152	6.0	6.0	2.1656975403733063	0.746065296566077	1.0
107_O-152	6.0	6.0	2.136557530104129	0.7408867715920916	1.0
108_O-152	7.0	7.0	2.1019159440635478	0.7285882981685287	0.998211091234347
109_O-152	6.0	6.0	2.0637327123418854	0.7235857457545033	1.0
10_O-152	6.0	6.0	2.190804253595272	0.7495008174889435	1.0
110_O-152	7.0	7.0	2.1954814014640736	0.7443053805169396	0.9982046678635548
111_O-152	7.0	7.0	2.1066503415624047	0.7268461795500112	0.9981343283582089
112_O-152	9.0	8.0	2.0964630652367733	0.7218584294251325	0.9963302752293578
113_O-152	9.0	8.0	2.126738957557669	0.7326685335701113	0.9958677685950413
114_O-152	7.0	7.0	2.193055463674344	0.7428543803622362	1.0
115_O-152	7.0	7.0	2.157941629980642	0.742697520661157	1.0
116_O-152	8.0	8.0	2.181041141777628	0.7370550189455414	0.9981515711645101
117_O-152	6.0	6.0	2.1944965694465655	0.7560115060685327	1.0
118_O-152	7.0	7.0	2.0980716721168813	0.729610940289625	0.9982394366197183
119_O-152	7.0	7.0	2.195780368836037	0.750672651712931	1.0
11_O-152	7.0	7.0	2.1772853400761565	0.7425986970582261	1.0
120_O-152	9.0	8.0	2.1175825177118472	0.7238496972206407	0.9964028776978417
121_O-152	9.0	8.0	2.1345996326388126	0.7303627640770979	0.9963302752293578
122_O-152	7.0	7.0	2.1969433441279542	0.7452114836730221	0.9982905982905983
123_O-152	7.0	7.0	2.030933548642855	0.7183290816326531	0.9982142857142857
124_O-152	7.0	7.0	2.2122063052673906	0.7502034026465029	1.0
125_O-152	6.0	6.0	2.149440862442721	0.7386172006745362	1.0
126_O-152	7.0	7.0	2.188731415985065	0.744784057706355	1.0
127_O-152	6.0	6.0	2.0625247079164204	0.7243987893595145	1.0
128_O-152	7.0	7.0	2.065316726362114	0.7120003916223729	1.0
129_O-152	7.0	7.0	2.1123463853853974	0.7376834184359043	0.9983606557377049
12_O-152	7.0	7.0	2.1361696690483574	0.7374795042438271	1.0
130_O-152	7.0	7.0	2.1369682023838146	0.7367781345446003	0.9982300884955753
131_O-152	6.0	6.0	2.049099712390564	0.7259526008002463	1.0
132_O-152	7.0	7.0	2.1210767798805894	0.7355335013652594	0.9981884057971014
133_O-152	7.0	7.0	2.152224510477287	0.7320623944876503	0.9979879275653923
134_O-152	10.0	9.0	2.124218536136565	0.716779580198476	0.9964221824686941
135_O-152	12.0	9.0	2.167967749655222	0.7351220455216059	0.994475138121547
136_O-152	7.0	7.0	2.154541265533012	0.7404743060659167	0.9981203007518797
137_O-152	7.0	7.0	2.1261824088101777	0.7356410222992611	0.9981949458483754
138_O-152	6.0	6.0	2.1222078366708166	0.7352540426106932	1.0
139_O-152	7.0	7.0	2.1204582817809334	0.7274184992283951	0.9982638888888888
13_O-152	9.0	8.0	2.1329730773361373	0.7347655429531611	0.9963768115942029
140_O-152	7.0	7.0	2.2171954153038556	0.7510126086616022	1.0
141_O-152	6.0	6.0	2.117294047897499	0.7282426459381193	1.0
142_O-152	7.0	7.0	2.081280148828861	0.7314642486149585	0.9983552631578947
143_O-152	8.0	8.0	2.169138775661878	0.7365465034644851	0.998158379373849
144_O-152	7.0	7.0	2.2040160516520553	0.7507583536739332	1.0
145_O-152	7.0	7.0	2.1526091267567007	0.7379795329598552	1.0
146_O-152	6.0	6.0	2.087675890516274	0.7316988863244386	1.0
147_O-152	7.0	7.0	2.147576092587061	0.7353508491599707	0.9983108108108109
148_O-152	7.0	7.0	2.2003833809774926	0.7512168739859383	0.998062015503876
149_O-152	7.0	7.0	2.1634937933255465	0.7441188825876917	0.9981884057971014
14_O-152	7.0	7.0	2.082028792080845	0.7222666666666666	0.9983333333333333
150_O-152	7.0	7.0	2.11752812592893	0.7314590022711254	1.0
151_O-152	9.0	8.0	2.1230629178550604	0.7291022632106781	0.9967845659163987
152_O-152	7.0	7.0	2.1165121017199082	0.7346360608615138	0.9981412639405205
153_O-152	6.0	6.0	2.024043287503732	0.7173152958860243	0.9983498349834984
154_O-152	7.0	7.0	2.1231001043537	0.7319950131426078	1.0
155_O-152	8.0	8.0	2.1036949481736977	0.7273110100297785	0.9981718464351006
156_O-152	7.0	7.0	2.1347428698203053	0.7331142381354524	0.998158379373849
157_O-152	6.0	6.0	2.07160355383802	0.7218271047213998	1.0
158_O-152	9.0	8.0	2.1398003938816164	0.7372376062620991	0.9963302752293578
159_O-152	6.0	6.0	2.075004509161454	0.7293968253968254	1.0
15_O-152	7.0	7.0	2.2341260260505504	0.7578667084344898	1.0
160_O-152	6.0	6.0	2.0929542175026614	0.7312828681456027	1.0
161_O-152	7.0	7.0	2.1109061011463623	0.729503553816072	1.0
162_O-152	7.0	7.0	2.074933843806719	0.7231230155175332	0.9981785063752276
163_O-152	6.0	6.0	2.0922397269841584	0.7331313775510204	1.0
164_O-152	6.0	6.0	2.1299761993929844	0.7413834358062066	1.0
165_O-152	7.0	7.0	2.1699787118393643	0.7451314188841719	0.9981167608286252
166_O-152	7.0	7.0	2.1179703753059895	0.7302908309132342	0.9982046678635548
167_O-152	7.0	7.0	2.084633960968796	0.7245653429535985	0.9982425307557118
168_O-152	8.0	8.0	2.1842778909258107	0.7401723642631428	0.9983050847457627
169_O-152	9.0	8.0	2.163845536206149	0.7348504508696729	0.9965457685664939
16_O-152	7.0	7.0	2.0420097291278863	0.7170143045515132	0.998109640831758
170_O-152	6.0	6.0	2.0529790344933456	0.7154611000348822	1.0
171_O-152	7.0	7.0	2.1211851718620327	0.7369807670864872	0.998389694041868
172_O-152	9.0	8.0	2.107684909911717	0.727632316334111	0.9963898916967509
173_O-152	7.0	7.0	2.063997279946016	0.7166501745372266	0.9982046678635548
174_O-152	7.0	7.0	2.2012311726705636	0.7536942940441482	0.9979591836734694
175_O-152	7.0	7.0	2.1327550296172837	0.739515162420299	0.9982964224872232
176_O-152	7.0	7.0	2.1698050426301423	0.7380840683054982	1.0
177_O-152	7.0	7.0	2.0932989208129	0.7274179653849167	1.0
178_O-152	7.0	7.0	2.10398086865591	0.7239125987625492	0.9980353634577603
179_O-152	9.0	8.0	2.103466652530904	0.7261459094229364	0.9966216216216216
17_O-152	7.0	7.0	2.142776456946497	0.738171985721136	0.9981751824817519
180_O-152	6.0	6.0	2.1457700096655428	0.7360726377346876	1.0
181_O-152	8.0	7.0	2.0912276182510676	0.7302743484224965	0.9962962962962963
182_O-152	7.0	7.0	2.1218357567775805	0.7321587901701323	1.0
183_O-152	7.0	7.0	2.1246960165246067	0.7408317017777429	1.0
184_O-152	7.0	7.0	2.137240696763749	0.737377025462963	0.9982638888888888
185_O-152	7.0	7.0	2.144537928104832	0.7331127018730539	0.9982238010657194
186_O-152	6.0	6.0	2.1408110031548047	0.7367393317060853	1.0
187_O-152	7.0	7.0	2.08256230492626	0.730815455801935	0.998062015503876
188_O-152	7.0	7.0	2.181123647589634	0.7453841371107266	0.9981617647058824
189_O-152	7.0	7.0	2.1846535991416167	0.7437513188864541	1.0
18_O-152	9.0	8.0	2.1361487329613613	0.728032933008069	0.9965753424657534
190_O-152	9.0	8.0	2.1124632548506854	0.7317550729797081	0.9962264150943396
191_O-152	6.0	6.0	2.1301982791079688	0.7414303592686426	1.0
192_O-152	7.0	7.0	2.126757927629515	0.7324232214196528	1.0
193_O-152	6.0	6.0	2.167963044448864	0.7473404255319149	1.0
194_O-152	11.0	8.0	2.0909960377086865	0.7315069873689868	0.9938524590163934
195_O-152	7.0	7.0	2.174348972375282	0.7451617843617733	0.9981343283582089
196_O-152	7.0	7.0	2.163527308346481	0.7410036961345964	1.0
197_O-152	9.0	8.0	2.1222300482053416	0.7325797770088427	0.996078431372549
198_O-152	7.0	7.0	2.0756575508857065	0.7202281611135474	1.0
199_O-152	7.0	7.0	2.0718413621519733	0.7267931947069943	0.9982608695652174
19_O-152	6.0	6.0	2.071865765250741	0.7272969547049518	1.0
1_O-152	7.0	7.0	2.211880424887925	0.7501554704882465	1.0
200_O-152	6.0	6.0	2.152644322878767	0.7346779778393352	1.0
201_O-152	7.0	7.0	2.1400726060137836	0.734797157412718	0.9982486865148862
202_O-152	7.0	7.0	2.098808891417469	0.7275488581015648	0.998109640831758
203_O-152	9.0	8.0	2.148107186692627	0.7375265255421561	0.9964028776978417
204_O-152	7.0	7.0	2.1137917447192036	0.7267372150549636	1.0
205_O-152	8.0	8.0	2.112781413257418	0.7282055555555556	0.9983333333333333
206_O-152	9.0	8.0	2.138254567620078	0.7343211937806533	0.9961389961389961
207_O-152	7.0	7.0	2.0597675667769564	0.7113223974240268	0.9981412639405205
208_O-152	7.0	7.0	2.115322586539922	0.7301763962371786	1.0
209_O-152	8.0	8.0	2.1150270676657486	0.7325884297520661	0.9981818181818182
20_O-152	8.0	8.0	2.1861013594282377	0.7461297453541569	0.9981515711645101
210_O-152	7.0	7.0	2.1122837223493294	0.7306916284582217	1.0
211_O-152	7.0	7.0	2.1289733664435473	0.7357344340355054	0.9982014388489209
212_O-152	7.0	7.0	2.1514848136732136	0.7347804612403592	1.0
213_O-152	6.0	6.0	2.1166738570194883	0.7397705282929323	1.0
214_O-152	6.0	6.0	2.104567810374519	0.7276208064019698	1.0
215_O-152	7.0	7.0	2.228036845262532	0.7531190498633236	1.0
216_O-152	6.0	6.0	2.1026536597298238	0.7286521745138956	1.0
217_O-152	7.0	7.0	2.1757491654691945	0.7469463278298225	0.9982014388489209
218_O-152	9.0	8.0	2.168971052122851	0.7485198974609375	0.99609375
219_O-152	7.0	7.0	2.1100289206380034	0.726105292486164	0.998220640569395
21_O-152	6.0	6.0	2.0280207003721094	0.7130509414636714	0.9979879275653923
220_O-152	7.0	7.0	2.0564179724293314	0.7086659892582378	1.0
221_O-152	7.0	7.0	2.177070716081464	0.741529885017009	1.0
222_O-152	7.0	7.0	2.0883939001923593	0.7272718132276941	0.9977578475336323
223_O-152	7.0	7.0	2.087543183826147	0.7218239745121466	1.0
224_O-152	8.0	8.0	2.149399926799804	0.7371526714961059	0.9983164983164983
225_O-152	6.0	6.0	2.224336245936317	0.7543876075445003	1.0
226_O-152	9.0	8.0	2.232654002627916	0.753487240484429	0.9963235294117647
227_O-152	6.0	6.0	2.0734861986864317	0.7254502821510475	1.0
228_O-152	7.0	7.0	2.099714824407085	0.7338395076854973	0.9980119284294234
229_O-152	6.0	6.0	2.0915318943229035	0.7347751766017729	1.0
22_O-152	11.0	8.0	2.111328556110849	0.7306214044832375	0.9947183098591549
230_O-152	7.0	7.0	2.1297717719107103	0.7279304347826087	0.9982608695652174
231_O-152	6.0	6.0	2.070235794323339	0.7175553980256248	1.0
232_O-152	7.0	7.0	2.1968911246595146	0.7492630961515103	0.9982788296041308
233_O-152	8.0	8.0	2.2090825928706166	0.7463563047393206	0.9983277591973244
234_O-152	7.0	7.0	2.0677443585168915	0.7216440499268781	1.0
235_O-152	7.0	7.0	2.124681885768079	0.7311152650928276	1.0
236_O-152	9.0	8.0	2.1225805784535843	0.7322912973588829	0.9962894248608535
237_O-152	7.0	7.0	2.048515003318363	0.7216253315271424	1.0
238_O-152	7.0	7.0	2.199230604219505	0.7484009070294785	0.9980952380952381
239_O-152	7.0	7.0	2.183697593653594	0.7437509156985573	1.0
23_O-152	7.0	7.0	2.143722415765179	0.7307285876064037	0.9981447124304267
240_O-152	7.0	7.0	2.0976905769046765	0.7242346030615877	0.9984276729559748
241_O-152	6.0	6.0	2.126664030774495	0.7349444702532344	1.0
242_O-152	7.0	7.0	2.0496668450847695	0.713116557114021	0.9982014388489209
243_O-152	7.0	7.0	2.0509142166575773	0.7164531272922882	0.9982517482517482
244_O-152	7.0	7.0	2.169896996985322	0.7453884902188824	0.9981024667931688
245_O-152	7.0	7.0	2.166527803308096	0.7347684143050939	1.0
246_O-152	6.0	6.0	2.0533845287470953	0.7195274035554067	1.0
247_O-152	7.0	7.0	2.1431479741850397	0.7331975422944197	1.0
248_O-152	5.0	5.0	2.0689261613389687	0.7288794224765869	1.0
249_O-152	7.0	7.0	2.2290151486012015	0.7563552479815456	1.0
24_O-152	6.0	6.0	2.11280815679591	0.7419220871175501	1.0
250_O-152	6.0	6.0	2.061071160858093	0.713837855480258	1.0
251_O-152	7.0	7.0	2.1300252623837257	0.7341638825155309	0.9981684981684982
252_O-152	7.0	7.0	2.1626376021534575	0.7353642227961141	0.9980806142034548
253_O-152	7.0	7.0	2.183379327135334	0.742563775510204	1.0
254_O-152	7.0	7.0	2.109139203986436	0.7258172600664297	0.9980916030534351
255_O-152	6.0	6.0	2.057142880515713	0.7171559187263488	1.0
256_O-152	6.0	6.0	2.0128998316347784	0.7070941397121917	1.0
257_O-152	7.0	7.0	2.096454983336884	0.7333572254916755	0.99822695035461
258_O-152	7.0	7.0	2.0770266651107763	0.7253862726992921	0.9982456140350877
259_O-152	9.0	8.0	2.2070391138217946	0.7540215547165328	0.9961464354527938
25_O-152	8.0	8.0	2.1800272561739815	0.7411035655627904	0.9982935153583617
260_O-152	7.0	7.0	2.0788694046407548	0.7199245541838134	0.9981481481481481
261_O-152	7.0	7.0	2.091531412811783	0.7172864237017085	0.998165137614679
262_O-152	6.0	6.0	2.2185021628703545	0.7605649205580465	1.0
263_O-152	7.0	7.0	2.1037706051227913	0.7240808539886939	0.99812734082397
264_O-152	7.0	7.0	2.1972721249828226	0.7435680383134443	1.0
265_O-152	6.0	6.0	2.112689025328276	0.7331465762641685	1.0
266_O-152	7.0	7.0	2.1607224326597425	0.7390618554199325	1.0
267_O-152	7.0	7.0	2.134025302595388	0.7350301511473099	0.9982300884955753
268_O-152	7.0	7.0	2.108495092082973	0.7336333284947016	0.9982788296041308
269_O-152	6.0	6.0	2.061158671218345	0.7160528908670285	1.0
26_O-152	7.0	7.0	2.1846039998331594	0.7436754211780829	1.0
270_O-152	9.0	8.0	2.1175339835893143	0.7239956017365788	0.9963436928702011
271_O-152	6.0	6.0	2.1128366690710303	0.730281207133059	1.0
272_O-152	7.0	7.0	2.11788515556189	0.7319795471146823	0.9981981981981982
273_O-152	7.0	7.0	2.117071437871233	0.7301580005745476	1.0
274_O-152	6.0	6.0	2.180417654353001	0.7507863545015443	1.0
275_O-152	6.0	6.0	2.0992913208129176	0.7372902116858968	1.0
276_O-152	8.0	8.0	2.131056655385194	0.7273912361905233	0.9983416252072969
277_O-152	6.0	6.0	2.0971513444895327	0.7256563713558256	1.0
278_O-152	7.0	7.0	2.1465235273519485	0.7362081990062456	0.9981167608286252
279_O-152	8.0	8.0	2.1995782025538775	0.7475417025608897	0.9982300884955753
27_O-152	7.0	7.0	2.1439590918716576	0.740866818623694	0.9981785063752276
280_O-152	7.0	7.0	2.2003249227197452	0.750747784240792	0.9983388704318937
281_O-152	7.0	7.0	2.105460931691303	0.7220280612244898	0.9982142857142857
282_O-152	7.0	7.0	2.0945186481853297	0.7328331382376025	0.9983633387888707
283_O-152	7.0	7.0	2.1769782004637226	0.7381179190992819	1.0
284_O-152	6.0	6.0	2.091505930864973	0.7264343233391867	1.0
285_O-152	6.0	6.0	2.0748956088028168	0.7263404758311957	1.0
286_O-152	8.0	8.0	2.1212690438519144	0.7297888815837534	0.9982905982905983
287_O-152	9.0	8.0	2.1941957346469274	0.7512043781554708	0.996415770609319
288_O-152	6.0	6.0	2.1163307499025215	0.7346286738185974	1.0
289_O-152	9.0	8.0	2.1486604100388034	0.7394202408087565	0.9963570127504554
28_O-152	7.0	7.0	2.1672099806008833	0.7392000000000001	1.0
290_O-152	8.0	8.0	2.1488541067889106	0.7410786748310105	0.9983579638752053
291_O-152	7.0	7.0	2.2207521983046354	0.7606749311294766	1.0
292_O-152	7.0	7.0	2.1944361009234794	0.7527778523509953	0.998272884283247
293_O-152	7.0	7.0	2.0624470235662535	0.7195172541623883	0.9982847341337907
294_O-152	9.0	8.0	2.1498765970398512	0.7309142700545389	0.9960707269155207
295_O-152	8.0	8.0	2.1809686422138106	0.7375714664344402	0.9981447124304267
296_O-152	7.0	7.0	2.071807518136016	0.7235194875055015	0.9982517482517482
297_O-152	6.0	6.0	2.099932363099209	0.7265417223339036	1.0
298_O-152	7.0	7.0	2.247026861662915	0.7622844876212332	0.9982046678635548
299_O-152	7.0	7.0	2.237418861626867	0.7594714745107962	1.0
29_O-152	6.0	6.0	2.0991901470135312	0.7374334808492533	0.9982046678635548
2_O-152	7.0	7.0	2.1664099520580717	0.7439806090061496	1.0
300_O-152	7.0	7.0	2.0483221642482508	0.7155420778532361	0.9981447124304267
301_O-152	7.0	7.0	2.1088423846288413	0.7266843100189035	0.9982608695652174
302_O-152	7.0	7.0	2.2463589244747104	0.7600508882107941	0.998236331569665
303_O-152	7.0	7.0	2.1524521273965465	0.7468186981070326	0.9983416252072969
304_O-152	7.0	7.0	2.0399000879089626	0.7080683444154532	0.998165137614679
305_O-152	6.0	6.0	2.140614798026644	0.7374019894997098	1.0
306_O-152	7.0	7.0	2.1390872355274833	0.737996460221662	0.9982238010657194
307_O-152	6.0	6.0	2.165075448733628	0.7426609188808209	1.0
308_O-152	6.0	6.0	2.139209656103393	0.7422871324276042	1.0
309_O-152	7.0	7.0	2.0977948126583046	0.7209438775510204	0.9982142857142857
30_O-152	7.0	7.0	2.094644155038033	0.7353148223283362	0.9981378026070763
310_O-152	7.0	7.0	2.17851980425693	0.7410537622251117	0.9981203007518797
311_O-152	7.0	7.0	2.123135061555642	0.7234999040596475	1.0
312_O-152	7.0	7.0	2.1282088542710467	0.7291728036583485	0.99812734082397
313_O-152	7.0	7.0	2.1530590612505227	0.7438925948088562	0.9979959919839679
314_O-152	7.0	7.0	2.120862714341632	0.7360289395787498	0.9980506822612085
315_O-152	8.0	8.0	2.08098359183664	0.7229358211645934	0.998062015503876
316_O-152	8.0	8.0	2.197297492372987	0.7449348920414361	0.998211091234347
317_O-152	6.0	6.0	2.1851122744366016	0.7572953016739998	1.0
318_O-152	7.0	7.0	2.012827936317787	0.6995699894942408	0.9982238010657194
319_O-152	7.0	7.0	2.1216935019936445	0.7269374021039277	1.0
31_O-152	7.0	7.0	2.2036155535216047	0.7442234919013622	1.0
320_O-152	7.0	7.0	2.163209951623427	0.7415704428334352	0.9981308411214953
321_O-152	7.0	7.0	2.061438657481102	0.715687680016682	0.9981949458483754
322_O-152	6.0	6.0	2.1425882184813236	0.7360035009182737	1.0
323_O-152	7.0	7.0	2.172651885617611	0.746842813518969	0.9982014388489209
324_O-152	7.0	7.0	2.1637951872254626	0.7367567906101142	1.0
325_O-152	6.0	6.0	2.1282475863221437	0.7386118408707074	1.0
326_O-152	12.0	9.0	2.134381147038541	0.7309485733524114	0.9944954128440366
327_O-152	7.0	7.0	2.173196547833594	0.7383672572903802	1.0
328_O-152	7.0	7.0	2.0921443760346965	0.727215081549568	1.0
329_O-152	7.0	7.0	2.044913696638571	0.7134364794457907	0.9981024667931688
32_O-152	7.0	7.0	2.163959622752214	0.7428133303182769	0.9981203007518797
330_O-152	6.0	6.0	2.190112198160549	0.7479118767238931	1.0
331_O-152	7.0	7.0	2.098386154858206	0.7177303046691905	0.998062015503876
332_O-152	8.0	8.0	2.1629753438545793	0.7331292858237042	0.9982668977469671
333_O-152	8.0	8.0	2.0557678844782528	0.711747218593757	0.9983221476510067
334_O-152	7.0	7.0	2.1113906013189356	0.7284308560143105	1.0
335_O-152	7.0	7.0	2.1662943502504266	0.7485861607250422	0.9981447124304267
336_O-152	6.0	6.0	2.0925976043314	0.7334715129418522	1.0
337_O-152	7.0	7.0	2.139366635125993	0.7343824924076936	1.0
338_O-152	6.0	6.0	2.1194364621219273	0.7305890976901679	1.0
339_O-152	7.0	7.0	2.1326741500706254	0.7254084089085376	0.9980544747081712
33_O-152	7.0	7.0	2.1860816853743614	0.7403067940413663	0.9981949458483754
340_O-152	7.0	7.0	2.116840412750989	0.7339467424443165	0.9982547993019197
341_O-152	7.0	7.0	2.132674349390108	0.7357234426898199	0.9980916030534351
342_O-152	6.0	6.0	2.098889926904503	0.7268187634593177	1.0
343_O-152	7.0	7.0	2.0633738872481917	0.7195875997457807	0.9983193277310924
344_O-152	8.0	8.0	1.9864877186751884	0.693957228599732	0.9980916030534351
345_O-152	6.0	6.0	2.0871013352657695	0.7282067050122155	1.0
346_O-152	6.0	6.0	2.0842722339308573	0.7239256835841991	1.0
347_O-152	6.0	6.0	2.1458855553585354	0.738607461673947	1.0
348_O-152	7.0	7.0	2.1657558899406784	0.7446254458977408	0.9982758620689656
349_O-152	9.333333333333334	9.0	2.1745108711275725	0.7430505822335939	0.9964476021314387
34_O-152	7.0	7.0	2.228858534665382	0.7577745980978032	1.0
350_O-152	7.0	7.0	2.0866422549154593	0.7310824960387445	0.9982425307557118
351_O-152	7.0	7.0	2.2274964827406505	0.7598033992221216	1.0
352_O-152	7.0	7.0	2.085551729161935	0.7275272248817223	0.998236331569665
353_O-152	7.0	7.0	2.019731929064484	0.7133856829802776	0.9983108108108109
354_O-152	7.0	7.0	2.0390964610470763	0.7031316933118384	1.0
355_O-152	6.0	6.0	2.088193107334764	0.7197478247845208	1.0
356_O-152	7.0	7.0	2.0872598147690256	0.7187560281635803	1.0
357_O-152	6.0	6.0	1.98460627062023	0.7042531442471922	1.0
358_O-152	7.0	7.0	2.167132957351368	0.7418587105624143	1.0
359_O-152	9.0	8.0	2.1560047727788163	0.7422000711997152	0.9962264150943396
35_O-152	9.0	8.0	2.121950951057357	0.7272910083309394	0.9966101694915255
360_O-152	7.0	7.0	2.1069558669066613	0.7296317705322689	0.9980237154150198
361_O-152	9.0	8.0	2.243102740408078	0.7559569388766272	0.9966442953020134
362_O-152	7.0	7.0	2.1671481832691444	0.7366796817346267	1.0
363_O-152	6.0	6.0	2.1456742719120006	0.7391000477582732	1.0
364_O-152	7.0	7.0	2.09934473911917	0.7279417790817748	1.0
365_O-152	6.0	6.0	2.069381307280771	0.7279356787362361	1.0
366_O-152	7.0	7.0	2.1500238083444385	0.7420082426990706	0.9982817869415808
367_O-152	7.0	7.0	2.130099908684773	0.7329494618745847	1.0
368_O-152	7.0	7.0	2.1218639996681112	0.7345853588604048	0.9981949458483754
369_O-152	7.0	7.0	2.1117410918089825	0.7288535102617418	1.0
36_O-152	6.0	6.0	2.146065228506157	0.7347318890304873	1.0
370_O-152	6.0	6.0	2.164434390214629	0.7433923075948886	1.0
371_O-152	7.0	7.0	2.112211831945908	0.7304187993294805	0.9981447124304267
372_O-152	7.0	7.0	2.1773137980452724	0.7427739890244552	0.9981751824817519
373_O-152	9.0	8.0	2.126099496141492	0.7277395983959691	0.9961389961389961
374_O-152	7.0	7.0	2.027691709248506	0.7079620142524317	0.998236331569665
375_O-152	7.0	7.0	2.145288944667209	0.7345229763703373	1.0
376_O-152	7.0	7.0	2.0749443843406707	0.7259855176972537	0.998062015503876
377_O-152	7.0	7.0	2.084412625352122	0.7100306807005181	1.0
378_O-152	7.0	7.0	2.1170705409954897	0.7264605145686227	1.0
379_O-152	6.0	6.0	2.1050869748377976	0.7340732722223914	1.0
37_O-152	7.0	7.0	2.1907471149225115	0.7509423661441352	0.9982486865148862
380_O-152	7.0	7.0	2.1103658246151547	0.7286361517394091	0.9980916030534351
381_O-152	7.0	7.0	2.1231494557428507	0.7356743477047365	0.9982486865148862
382_O-152	7.0	7.0	2.0996539730142763	0.7214114769848895	0.9981308411214953
383_O-152	6.0	6.0	2.076514201407176	0.7253587745229777	1.0
384_O-152	7.0	7.0	2.1151782367912535	0.7261105512996395	0.9982578397212544
385_O-152	7.0	7.0	2.110842430921912	0.724132987527532	1.0
386_O-152	7.0	7.0	2.0621028568905793	0.713692013206408	1.0
387_O-152	7.0	7.0	2.215892963368974	0.7501205403552387	1.0
388_O-152	7.0	7.0	2.0740596167713377	0.726397062522006	1.0
389_O-152	6.0	6.0	2.162687021745568	0.7479611459908416	1.0
38_O-152	9.0	8.0	2.183208625509815	0.7422630851511327	0.9961240310077519
390_O-152	7.0	7.0	2.07040510918974	0.7174373904686528	0.9981203007518797
391_O-152	6.0	6.0	2.1267460359262924	0.7382322863403945	1.0
392_O-152	7.0	7.0	2.0702556523703817	0.7205983037087198	0.9980657640232108
393_O-152	9.0	8.0	2.165025227974582	0.7405056018385521	0.9966101694915255
394_O-152	7.0	7.0	2.1599713045446625	0.7370130318818149	0.9981412639405205
395_O-152	7.0	7.0	2.09380831421556	0.7202588265442813	1.0
396_O-152	7.0	7.0	2.0365418786044063	0.7007703929378566	0.9982332155477032
397_O-152	7.0	7.0	2.0888469372911334	0.7191164487901653	1.0
398_O-152	6.0	6.0	2.181445096452282	0.7497148838444594	1.0
399_O-152	6.0	6.0	2.059815551030784	0.7210376780617498	1.0
39_O-152	7.0	7.0	2.080189136844803	0.7235942012962784	1.0
3_O-152	9.0	8.0	2.19918009530588	0.7406611959754326	0.9965457685664939
400_O-152	7.0	7.0	2.116173872117367	0.7362634847241252	1.0
401_O-152	7.0	7.0	2.1804887266210553	0.7494247082692229	0.9981549815498155
402_O-152	7.0	7.0	2.0818026596816437	0.7261887450923368	0.9983277591973244
403_O-152	7.0	7.0	2.0897184763548218	0.7284467582113575	0.99822695035461
404_O-152	8.0	8.0	2.1831001000987893	0.7457154256858212	0.9982547993019197
405_O-152	9.0	8.0	2.1835603904485317	0.7458263971462544	0.996551724137931
406_O-152	7.0	7.0	2.110825271815446	0.7232142545200455	0.9981308411214953
407_O-152	6.0	6.0	2.1361296425216154	0.7340045078888054	1.0
408_O-152	6.0	6.0	2.083522152072287	0.7226334040681124	1.0
409_O-152	5.0	5.0	2.072190625344261	0.7337795857988165	1.0
40_O-152	7.0	7.0	2.151681895501837	0.7386211269871817	0.9982238010657194
410_O-152	6.0	6.0	2.179889767763643	0.75061587753649	1.0
411_O-152	7.0	7.0	2.1964441005345683	0.7466642072983949	0.9981851179673321
412_O-152	7.0	7.0	2.143731956812171	0.7386369964471472	1.0
413_O-152	6.0	6.0	2.080832674649759	0.7300602056582663	0.9981751824817519
414_O-152	6.0	6.0	2.048888293564943	0.7248516971059394	0.9980430528375734
415_O-152	7.0	7.0	2.146879228524556	0.7359268572005464	0.9982238010657194
416_O-152	7.0	7.0	2.110646553800349	0.7333632307889434	0.9982935153583617
417_O-152	7.0	7.0	2.0945939894009302	0.7277046388408305	0.9981617647058824
418_O-152	8.0	8.0	2.2023087684626526	0.7444032921810699	0.9981481481481481
419_O-152	7.0	7.0	2.0811238498589653	0.7196116841896449	0.9982394366197183
41_O-152	7.0	7.0	2.0495453376724235	0.7048424965415767	0.99812382739212
420_O-152	7.0	7.0	2.126319293755495	0.7372617071575877	1.0
421_O-152	6.0	6.0	2.1112297279833716	0.7331937528293345	1.0
422_O-152	7.0	7.0	2.1140183659847223	0.7346538164410279	0.998220640569395
423_O-152	7.0	7.0	2.043157048519868	0.7187514075942525	0.9983221476510067
424_O-152	6.0	6.0	2.1064202841477058	0.7307717789436823	1.0
425_O-152	6.0	6.0	2.094148912805523	0.7306191913170518	1.0
426_O-152	6.0	6.0	2.097092301424702	0.7341458936515782	1.0
427_O-152	7.0	7.0	2.159107606567829	0.7369641265236593	1.0
428_O-152	7.0	7.0	2.121532593096945	0.7242635466870861	1.0
429_O-152	7.0	7.0	2.152282211231697	0.7358288094937508	0.99812734082397
42_O-152	6.0	6.0	2.0358221854469583	0.7192245288513541	1.0
430_O-152	7.0	7.0	2.0322591305353077	0.7065413046060507	0.9982547993019197
431_O-152	6.0	6.0	2.1032335677108747	0.7372193815437058	1.0
432_O-152	7.0	7.0	2.134862871075283	0.7332360527525298	1.0
433_O-152	7.0	7.0	2.056793049663324	0.7161013382711893	1.0
434_O-152	8.0	8.0	2.1986616453318613	0.7431124516919596	0.9980582524271845
435_O-152	7.0	7.0	2.0407229878012165	0.7090037999624694	0.9982876712328768
436_O-152	8.0	8.0	2.112774719522196	0.7290450697044104	0.9981684981684982
437_O-152	7.0	7.0	2.066801452707727	0.7223669231987798	0.9980806142034548
438_O-152	6.0	6.0	2.063325892885206	0.7232063157699661	1.0
439_O-152	7.0	7.0	2.1441291032967515	0.7313194164303811	1.0
43_O-152	7.0	7.0	2.148669547594871	0.7439873732078013	0.9983388704318937
440_O-152	8.0	8.0	2.1048664778074873	0.7300513191540674	0.9981167608286252
441_O-152	7.0	7.0	2.1351916455769726	0.7335440453686201	1.0
442_O-152	7.0	7.0	2.148385966868662	0.7414342874730686	0.9982456140350877
443_O-152	7.0	7.0	2.160840826614376	0.7446870895102271	1.0
444_O-152	7.0	7.0	2.0819735223671474	0.720621729763004	0.9982456140350877
445_O-152	7.0	7.0	2.1697958084808495	0.7445748993533364	1.0
446_O-152	7.0	7.0	2.110928137730706	0.7270076180932927	1.0
447_O-152	7.0	7.0	2.058734071132354	0.7242651968580412	0.9982578397212544
448_O-152	7.0	7.0	2.085629171105307	0.7236055550703118	0.9981308411214953
449_O-152	7.0	7.0	2.15447903519293	0.7457134363852556	0.9982758620689656
44_O-152	7.0	7.0	2.071034671418253	0.7293531910009183	0.9981060606060606
450_O-152	7.0	7.0	2.211025535210123	0.7604559967949107	0.9982578397212544
451_O-152	7.0	7.0	2.1860600928355725	0.7473932228629263	1.0
452_O-152	6.0	6.0	2.0184155706193754	0.7193022013151676	1.0
453_O-152	6.0	6.0	2.1617775103628536	0.7432643362182436	1.0
454_O-152	9.0	8.0	2.119606029499234	0.7264176296694438	0.9967213114754099
455_O-152	7.0	7.0	2.2200914721772724	0.7564834122039231	1.0
456_O-152	7.0	7.0	2.1548310720461945	0.7430339862349156	1.0
457_O-152	7.0	7.0	2.155867344286159	0.7416441132903427	0.9980732177263969
458_O-152	6.0	6.0	2.0886103387513284	0.7262887531701259	1.0
459_O-152	7.0	7.0	2.1536492299889995	0.7407386449373774	1.0
45_O-152	7.0	7.0	2.1495337711106517	0.74133389698231	1.0
460_O-152	7.0	7.0	2.0823847809481166	0.7278759840922003	1.0
461_O-152	6.0	6.0	2.0713355022415043	0.7221853153472555	1.0
462_O-152	9.0	8.0	2.0167355091679426	0.7018082542449041	0.996309963099631
463_O-152	9.0	8.0	2.0676208787817267	0.7169285996947256	0.9962406015037594
464_O-152	7.0	7.0	2.0958223868490027	0.7212795857988166	0.9980769230769231
465_O-152	6.0	6.0	2.113610187108672	0.7409031256572887	1.0
466_O-152	8.0	8.0	2.2377622466210503	0.7535017010030005	0.9983416252072969
467_O-152	7.0	7.0	2.132406078062182	0.732219281663516	0.9982608695652174
468_O-152	7.0	7.0	2.1647492593099744	0.7445030934293994	0.9982300884955753
469_O-152	7.0	7.0	2.1750002054295745	0.7404042806183115	1.0
46_O-152	7.0	7.0	2.173828200099142	0.7453629828703315	0.998236331569665
470_O-152	7.0	7.0	2.0793219599107053	0.7275243157761435	0.9982425307557118
471_O-152	7.0	7.0	2.100488371058835	0.7232424673052367	1.0
472_O-152	8.0	8.0	2.115309408148643	0.7210402612862855	0.998158379373849
473_O-152	9.0	8.0	2.1291250223552933	0.737204859593702	0.9964664310954063
474_O-152	7.0	7.0	2.127114784071828	0.7283436825648478	0.9980842911877394
475_O-152	7.0	7.0	2.152338528334333	0.7308793207571442	1.0
476_O-152	7.0	7.0	2.235817711437659	0.7585495789654579	0.9980237154150198
477_O-152	7.0	7.0	2.1937862941062227	0.7479669421487602	0.9981818181818182
478_O-152	6.0	6.0	2.135488908784998	0.7403099654469488	1.0
479_O-152	7.0	7.0	2.104296568487765	0.7330467120181405	0.9980952380952381
47_O-152	7.0	7.0	2.135755476471225	0.7321017664264688	0.9982425307557118
480_O-152	7.0	7.0	2.089672892074371	0.7347328244274809	0.9980916030534351
481_O-152	6.0	6.0	2.065140076762269	0.72272242908969	1.0
482_O-152	7.0	7.0	2.115666274869263	0.7264405417814508	0.9981060606060606
483_O-152	7.0	7.0	2.1254009745115336	0.7411284643629596	0.99822695035461
484_O-152	7.0	7.0	2.119751549791949	0.7327899250560148	0.9983388704318937
485_O-152	7.0	7.0	2.1683550630843174	0.7403799196862101	0.998236331569665
486_O-152	7.0	7.0	2.162840205109496	0.7424447755247483	1.0
487_O-152	9.0	8.0	2.156442031505058	0.7314306722403017	0.996309963099631
488_O-152	7.0	7.0	2.1828525467077586	0.737764060356653	1.0
489_O-152	7.0	7.0	2.1443862112686167	0.7375987870493365	1.0
48_O-152	7.0	7.0	2.1033927286645544	0.7295392536460077	0.9982788296041308
490_O-152	7.0	7.0	2.158196706974647	0.7466325834221332	0.9982698961937716
491_O-152	7.0	7.0	2.0787504231793403	0.7252790169177679	1.0
492_O-152	7.0	7.0	2.192571962622326	0.7514528741329622	0.9982174688057041
493_O-152	8.5	8.0	2.0844434922051756	0.7288287325790872	0.9961612284069098
494_O-152	8.0	8.0	2.1954990817591837	0.7439764691157145	0.9981851179673321
495_O-152	6.0	6.0	2.1031580526992104	0.7333960181973785	1.0
496_O-152	9.0	8.0	2.0921646111854697	0.727968919620889	0.9964726631393298
497_O-152	8.5	8.0	2.118413518562985	0.7368329743093005	0.9961977186311787
498_O-152	8.0	8.0	2.2167732238345517	0.7498586880004439	0.9981378026070763
499_O-152	6.0	6.0	2.186451504017312	0.7465654700238729	1.0
49_O-152	6.0	6.0	2.0320673249394523	0.7162053705249655	0.9982046678635548
4_O-152	8.0	8.0	2.1951923102123185	0.7460718336483931	0.9982608695652174
500_O-152	7.0	7.0	2.1538255000043485	0.7384608737294269	0.9981024667931688
501_O-152	6.0	6.0	2.1347019783695242	0.7407653396664385	1.0
502_O-152	7.0	7.0	2.0521328344866885	0.7216752574474896	0.9983388704318937
503_O-152	7.0	7.0	2.202220218332035	0.7504524469067406	1.0
504_O-152	7.0	7.0	2.0502492749796195	0.7172364263142775	0.9983050847457627
505_O-152	7.0	7.0	2.1538049298787443	0.741938501023237	1.0
506_O-152	7.0	7.0	2.0272594217903164	0.7056058179041347	1.0
507_O-152	7.0	7.0	2.1573986060734933	0.7350330718074094	0.9981024667931688
508_O-152	6.0	6.0	2.1209453394196536	0.7371328176753147	1.0
509_O-152	6.0	6.0	2.1427277180575137	0.7387914906505053	1.0
50_O-152	7.0	7.0	2.2328390537624334	0.7550645678197756	1.0
510_O-152	8.5	8.0	2.1261104291731128	0.7372682074711099	0.9959016393442623
511_O-152	8.5	8.0	2.113547289815954	0.736414944125525	0.9964093357271095
512_O-152	8.5	8.0	2.109699948861441	0.7361894481673734	0.9961612284069098
513_O-152	7.0	7.0	2.202784954829615	0.7438166179678176	1.0
514_O-152	6.0	6.0	2.0885987097649994	0.7299481956209397	1.0
515_O-152	7.0	7.0	2.1599971616281097	0.7378712163505399	1.0
516_O-152	6.0	6.0	2.0640534198711733	0.720572910438327	1.0
517_O-152	7.0	7.0	2.1502119797244457	0.7351848714306195	0.9981949458483754
518_O-152	7.0	7.0	2.084474212409991	0.722122933204684	1.0
519_O-152	7.0	7.0	2.1815462427069177	0.7440156053319992	1.0
51_O-152	7.0	7.0	2.0593596968360237	0.7165780820683754	0.9983221476510067
520_O-152	7.0	7.0	2.1456978763385006	0.7425251698217232	0.9979716024340771
521_O-152	7.0	7.0	2.0728019495459513	0.7281015028031298	0.998158379373849
522_O-152	6.0	6.0	2.093933841730417	0.7309716971224532	1.0
523_O-152	7.0	7.0	2.11867718931434	0.7325514403292182	1.0
524_O-152	7.0	7.0	2.2049556330201394	0.7495930476790591	0.9981884057971014
525_O-152	5.0	5.0	2.0332338559872736	0.7186694101508916	1.0
526_O-152	7.0	7.0	2.1214631360782445	0.7366721722982746	0.998236331569665
527_O-152	7.0	7.0	2.1636551896298455	0.7398703490110642	1.0
528_O-152	7.0	7.0	2.2238853509631125	0.7458429425132564	1.0
529_O-152	7.0	7.0	2.041796647101231	0.724120826546254	0.998211091234347
52_O-152	6.0	6.0	2.1342333051119975	0.7314908247735714	1.0
530_O-152	6.0	6.0	2.0927558271060276	0.7340607692398531	1.0
531_O-152	7.0	7.0	2.1935780021253484	0.7522249352760647	1.0
532_O-152	7.0	7.0	2.193048266134462	0.742065288466375	1.0
533_O-152	7.0	7.0	2.2027939790707123	0.7487099442043588	1.0
534_O-152	7.0	7.0	2.149039959574233	0.7371671660353892	0.9981203007518797
535_O-152	7.0	7.0	2.0745283184537033	0.723245359855901	0.9982300884955753
536_O-152	6.0	6.0	2.1917419377978717	0.7501876524676299	1.0
537_O-152	6.0	6.0	2.15139139696193	0.7453579688055503	1.0
538_O-152	7.0	7.0	2.181962919398796	0.7384397750192272	1.0
539_O-152	7.0	7.0	2.132478216400122	0.7342921190162781	0.9981949458483754
53_O-152	6.0	6.0	2.0400718552192183	0.724921678435192	1.0
540_O-152	6.0	6.0	2.0488198841674325	0.7175602299608811	1.0
541_O-152	6.0	6.0	2.136482707161828	0.7407115201986997	1.0
542_O-152	7.0	7.0	2.1915149773106735	0.7560568544423658	0.99830220713073
543_O-152	6.0	6.0	2.144217878917581	0.7394706632653061	1.0
544_O-152	7.0	7.0	2.0752601096646255	0.7186242068938612	1.0
545_O-152	8.0	8.0	2.187620713319617	0.7415009011841524	0.9980879541108987
546_O-152	6.0	6.0	2.070746597830438	0.729419849537037	1.0
547_O-152	7.0	7.0	2.132092802597783	0.7298357313026018	1.0
548_O-152	7.0	7.0	2.1855375930230765	0.7450027166919271	1.0
549_O-152	6.0	6.0	2.1944271307076963	0.7527036306523486	1.0
54_O-152	9.0	8.0	2.144456201920636	0.735307621671258	0.9962121212121212
550_O-152	7.0	7.0	2.064001409350749	0.7225538283663343	0.9981167608286252
551_O-152	7.0	7.0	2.1508610961741335	0.739141060370851	0.9981447124304267
552_O-152	7.0	7.0	2.0833837523076655	0.7300902985794226	0.998236331569665
553_O-152	6.0	6.0	2.0624586492253014	0.7237880063107837	1.0
554_O-152	7.0	7.0	2.144910816046199	0.73699623815495	0.99800796812749
555_O-152	8.0	8.0	2.254661750811277	0.7625618147448016	0.9982608695652174
556_O-152	9.0	8.0	2.1993941170355154	0.7406581937547344	0.9963302752293578
557_O-152	7.0	7.0	2.195371386047053	0.7478853390371563	1.0
558_O-152	9.0	8.0	2.1811289774431604	0.7394128422791872	0.9965397923875432
559_O-152	7.0	7.0	2.1918936885010347	0.7451548229004232	1.0
55_O-152	7.0	7.0	2.10836709642558	0.7290148662526286	0.9982517482517482
560_O-152	8.0	8.0	2.186822298108744	0.7406562093200446	0.9981515711645101
561_O-152	7.0	7.0	2.115550178598162	0.7329335065376537	0.9982578397212544
562_O-152	7.0	7.0	2.2112179209400336	0.7514209539840697	0.9983361064891847
563_O-152	7.0	7.0	2.141936985015252	0.7327124783737023	1.0
564_O-152	6.0	6.0	2.0938123295400564	0.7250610324283527	1.0
565_O-152	7.0	7.0	2.196815946180935	0.7517994517377051	1.0
566_O-152	7.0	7.0	2.098604148646536	0.7255095789708176	0.9981343283582089
567_O-152	6.0	6.0	2.0792342785107136	0.7287627313055375	1.0
568_O-152	7.0	7.0	2.152314025815316	0.7433250402737662	1.0
569_O-152	6.0	6.0	2.115099644452376	0.7313812472558252	1.0
56_O-152	7.0	7.0	2.219250008055953	0.7557680329938556	0.998165137614679
570_O-152	7.0	7.0	2.2184828107168872	0.7551949772994034	0.9981447124304267
571_O-152	8.0	8.0	2.126117029762955	0.7289294715112523	0.998220640569395
572_O-152	7.0	7.0	2.11270711695834	0.7352933673469387	0.9982142857142857
573_O-152	7.0	7.0	2.2216430390926765	0.751591451719015	1.0
574_O-152	9.0	8.0	2.1442514918351674	0.7413741545033821	0.9962264150943396
575_O-152	6.0	6.0	2.0571989701051048	0.7227624419156522	1.0
576_O-152	7.0	7.0	2.1702921955521637	0.7462637887453553	1.0
577_O-152	8.0	8.0	2.1260730320015555	0.7281501535771953	0.9982578397212544
578_O-152	9.0	8.0	2.1842538795364854	0.7443722470314312	0.9966722129783694
579_O-152	7.0	7.0	2.1946068317712464	0.7431573868053508	1.0
57_O-152	7.0	7.0	2.0766542462490407	0.7153139467592593	0.9982638888888888
580_O-152	6.0	6.0	2.1128990144609605	0.7323554634858054	1.0
581_O-152	7.0	7.0	2.0617674532271186	0.723933080872521	0.9984025559105432
582_O-152	7.0	7.0	2.09662586663982	0.7203024574669188	0.9982608695652174
583_O-152	7.0	7.0	2.1800319366138923	0.7403136476895644	1.0
584_O-152	6.0	6.0	2.060217684537628	0.7239817350262677	1.0
585_O-152	6.0	6.0	2.1476707681662264	0.7365028305112651	1.0
586_O-152	7.0	7.0	2.119411309625696	0.7326519042991346	0.9982993197278912
587_O-152	7.0	7.0	2.1695105827555574	0.7450244900489801	1.0
588_O-152	7.0	7.0	2.1535506297191893	0.7362780933926396	0.9980842911877394
589_O-152	7.0	7.0	2.201133728390054	0.7501526946224261	1.0
58_O-152	8.0	7.0	2.130906299203018	0.745891203517175	0.9964093357271095
590_O-152	7.0	7.0	2.184321269469672	0.7450800883590123	0.9981378026070763
591_O-152	6.0	6.0	2.1399085509824163	0.741485595703125	1.0
592_O-152	7.0	7.0	2.1287907455353863	0.7317011834319527	1.0
593_O-152	7.0	7.0	2.0583927686895915	0.7223110610646925	0.9982964224872232
594_O-152	7.0	7.0	2.142124667165752	0.7342252979623222	1.0
595_O-152	9.0	8.0	2.135776361009632	0.7276650616418956	0.9961389961389961
596_O-152	6.0	6.0	2.1446881691160686	0.7411473265932298	1.0
597_O-152	7.0	7.0	2.0135706454750273	0.7051772784644399	1.0
598_O-152	6.0	6.0	2.143497563981403	0.7340079279644381	1.0
599_O-152	7.0	7.0	2.1666965763914487	0.7456665895072234	1.0
59_O-152	9.0	8.0	2.105824509857617	0.727180252523565	0.9961464354527938
5_O-152	9.0	8.0	2.2204843266100256	0.7540756156781131	0.996415770609319
600_O-152	7.0	7.0	2.1651103871095554	0.7395577560412725	0.9981684981684982
601_O-152	7.0	7.0	2.097269484439678	0.7343162032310548	0.9982847341337907
602_O-152	7.0	7.0	2.151076020226546	0.7397072649123386	1.0
603_O-152	6.0	6.0	2.0621130083961865	0.7281464817309562	1.0
604_O-152	6.0	6.0	2.01711466365875	0.7140286702916461	1.0
605_O-152	8.0	8.0	2.1146098244525	0.7242757343657942	0.998165137614679
606_O-152	7.0	7.0	2.078417269435994	0.7244604599873976	0.9981884057971014
607_O-152	7.0	7.0	2.163760200659364	0.74621729763004	0.9982456140350877
608_O-152	7.0	7.0	2.1292029583769687	0.7273719008264463	0.9981818181818182
609_O-152	6.0	6.0	2.141185161200244	0.7469815660206518	1.0
60_O-152	7.0	7.0	2.1404556354929807	0.7323863945578231	0.9980952380952381
610_O-152	9.0	8.0	2.203765817623884	0.7521875506542035	0.9966273187183811
611_O-152	7.0	7.0	2.1981813247481305	0.7508055853920516	0.9981203007518797
612_O-152	6.0	6.0	2.1036518217728197	0.7309618049919464	1.0
613_O-152	8.0	8.0	2.1313105349714614	0.7342368319876971	0.9983660130718954
614_O-152	9.0	8.0	2.1110034998905522	0.7316088164247081	0.9963031423290203
615_O-152	7.0	7.0	2.1259877518694283	0.7389366049795247	0.9983416252072969
616_O-152	7.0	7.0	2.0883946692515565	0.732422131265581	0.998211091234347
617_O-152	7.0	7.0	2.1781854790750272	0.7419881300172044	1.0
618_O-152	7.0	7.0	2.19918991725426	0.7469641723356009	0.9980952380952381
619_O-152	7.0	7.0	2.0908542960830623	0.7291950205396496	0.9982332155477032
61_O-152	7.0	7.0	2.098320653201059	0.7303305284530881	0.9983136593591906
620_O-152	7.0	7.0	2.1736112131832352	0.7427834710743801	0.9981818181818182
621_O-152	7.0	7.0	2.1852618929802285	0.7468024023341544	0.9981718464351006
622_O-152	6.0	6.0	2.0919812166735503	0.7310069051763735	1.0
623_O-152	6.0	6.0	2.1090050466606227	0.7378049462533975	1.0
624_O-152	7.0	7.0	2.19650279223095	0.7444697898011122	1.0
625_O-152	6.0	6.0	2.139604645657938	0.7335944216257522	1.0
626_O-152	7.0	7.0	2.1177257314832483	0.7307798401246698	1.0
627_O-152	6.0	6.0	2.1385194137966264	0.7399185519199394	1.0
628_O-152	7.0	7.0	2.189373055116361	0.7462038467686078	0.9981751824817519
629_O-152	6.0	6.0	2.1100593682143542	0.7369574711099167	1.0
62_O-152	7.0	7.0	2.1285777928641423	0.7261167850001795	0.9982698961937716
630_O-152	6.0	6.0	2.1441713405936826	0.7371491271573101	1.0
631_O-152	7.0	7.0	2.0588716656269956	0.7220130597089255	1.0
632_O-152	7.0	7.0	2.1201373945478976	0.7275686796868879	0.9984101748807631
633_O-152	7.0	7.0	2.108565432954096	0.7343907635479889	0.9982046678635548
634_O-152	6.0	6.0	2.1527855047018627	0.7397570461931908	1.0
635_O-152	6.0	6.0	2.1254945464128143	0.7363708636890876	1.0
636_O-152	7.0	7.0	2.1193150234200675	0.7311626153518334	0.9979757085020243
637_O-152	9.0	8.0	2.1625353616323935	0.7379602143558861	0.9962335216572504
638_O-152	7.0	7.0	2.0901040591377464	0.7119762129804663	0.9981884057971014
639_O-152	7.0	7.0	2.113149307570099	0.7306996929770828	1.0
63_O-152	8.0	8.0	2.1982228881939374	0.7383686389091795	0.9981981981981982
640_O-152	9.0	8.0	2.1565900691650146	0.7404097181522724	0.9963503649635036
641_O-152	7.0	7.0	2.17037583445788	0.7495608305932165	0.9983221476510067
642_O-152	6.0	6.0	2.0202730401487043	0.70852058470447	1.0
643_O-152	7.0	7.0	2.1106747710521687	0.7286734379809172	1.0
644_O-152	7.0	7.0	2.046909202539142	0.7193110980872716	0.9981751824817519
645_O-152	7.0	7.0	2.04094047188159	0.7159493223205042	0.9980806142034548
646_O-152	6.0	6.0	2.139027328821514	0.74506443331449	1.0
647_O-152	7.0	7.0	2.1612338510108766	0.738902721191087	0.99822695035461
648_O-152	7.0	7.0	2.09536619454484	0.7311377697298929	0.99822695035461
649_O-152	7.0	7.0	2.252821635982038	0.7632325141776938	1.0
64_O-152	7.0	7.0	2.1214295688334053	0.7301124531445231	0.9982993197278912
650_O-152	7.0	7.0	2.163146523962959	0.7435863067313622	0.9980430528375734
651_O-152	7.0	7.0	2.1690216061465146	0.7406123763934697	0.9982847341337907
652_O-152	6.0	6.0	2.097750664872499	0.7339714625445898	1.0
653_O-152	7.0	7.0	2.1593281152866215	0.7332793344882552	1.0
654_O-152	6.0	6.0	2.1513341903943273	0.7402355644929618	1.0
655_O-152	6.0	6.0	2.005550982191828	0.7049825499368828	1.0
656_O-152	6.0	6.0	2.0538401799849493	0.7297125082477143	0.9980582524271845
657_O-152	8.0	8.0	2.2372767883155644	0.7537039239001189	0.9982758620689656
658_O-152	7.0	7.0	2.167959178492672	0.7430127840173905	0.9982014388489209
659_O-152	7.0	7.0	2.040742825796779	0.7215164977555648	0.9982993197278912
65_O-152	6.0	6.0	2.033760535917584	0.7073535339962376	1.0
660_O-152	7.0	7.0	2.097069422782623	0.7221451420202721	1.0
661_O-152	7.0	7.0	2.2116615820709518	0.7561023354268898	0.9981785063752276
662_O-152	8.0	8.0	2.0978791927758027	0.7071010568608612	0.9981308411214953
663_O-152	7.0	7.0	2.176750365606392	0.7427753798572703	1.0
664_O-152	7.0	7.0	2.1356121581414556	0.7330526683553148	1.0
665_O-152	6.0	6.0	2.1807234963196547	0.7407710413115818	1.0
666_O-152	6.0	6.0	2.131931024341788	0.736371568240764	1.0
667_O-152	7.0	7.0	2.1426239828874643	0.7396470563838833	0.9982788296041308
668_O-152	7.0	7.0	2.0091009171949143	0.7127168367346939	0.9982142857142857
669_O-152	7.0	7.0	2.178267517735375	0.7401385589987676	0.9982425307557118
66_O-152	6.0	6.0	2.075151622728762	0.7308884297520661	1.0
670_O-152	9.0	8.0	2.149657502374082	0.7365469657413821	0.9963503649635036
671_O-152	7.0	7.0	1.9913506643919043	0.6992090362178153	1.0
672_O-152	8.0	7.0	2.087504646827154	0.7305817174515236	0.9964912280701754
673_O-152	5.0	5.0	2.0558512462213074	0.7313138269282451	1.0
674_O-152	9.0	8.0	2.1627382043417893	0.7396861130962058	0.9964973730297724
675_O-152	7.0	7.0	2.1142213673759174	0.730344285179456	1.0
676_O-152	7.0	7.0	2.123806455687948	0.7355500023138507	1.0
677_O-152	7.0	7.0	2.1005788467246393	0.7337639989157217	0.9982547993019197
678_O-152	6.0	6.0	2.063695027880914	0.7242567999061632	1.0
679_O-152	7.0	7.0	2.1048411059938124	0.7276233710576023	0.99800796812749
67_O-152	7.0	7.0	2.241777073421234	0.7575011789164983	1.0
680_O-152	6.0	6.0	2.1074641528815485	0.7332062454611474	1.0
681_O-152	9.5	9.0	2.1676261916899	0.7402664115917383	0.9965635738831615
682_O-152	6.0	6.0	2.1364789757839335	0.7331038112363493	1.0
683_O-152	7.0	7.0	2.2051972935324327	0.7537752926006744	0.9982394366197183
684_O-152	7.0	7.0	2.1907482452356395	0.7464136111102028	0.9981916817359855
685_O-152	8.0	8.0	2.1538160242295143	0.7310013717421124	0.9981481481481481
686_O-152	7.0	7.0	2.1744904834052505	0.7424258928936154	1.0
687_O-152	7.0	7.0	2.141448475666559	0.7330966469428009	1.0
688_O-152	7.0	7.0	2.1320369354815494	0.7347478260869564	1.0
689_O-152	6.0	6.0	2.1595759903882374	0.743144919153702	1.0
68_O-152	7.0	7.0	2.1411223477666947	0.7416180949380382	0.9981884057971014
690_O-152	7.0	7.0	2.178444807473346	0.7480750883987501	0.9981167608286252
691_O-152	6.0	6.0	2.0265830586473657	0.7148710469606846	1.0
692_O-152	6.0	6.0	2.0528098766351763	0.7210013652593993	1.0
693_O-152	8.0	8.0	2.150823055651699	0.7371646420166935	0.9980657640232108
694_O-152	7.0	7.0	2.0770776871613315	0.7301999855606094	0.9980506822612085
695_O-152	7.0	7.0	2.126668925628342	0.732366255144033	0.9981481481481481
696_O-152	7.0	7.0	2.1058220906104737	0.7273894655901576	0.9980392156862745
697_O-152	7.0	7.0	2.200079254187064	0.7526470442372546	0.9982394366197183
698_O-152	7.0	7.0	2.120747206146884	0.7317764041924213	0.9983606557377049
699_O-152	6.0	6.0	2.0893369960648482	0.719434675352955	1.0
69_O-152	7.0	7.0	2.1348992555045445	0.7345711204783845	0.998019801980198
6_O-152	7.0	7.0	2.168929823448444	0.7397310474947105	1.0
700_O-152	7.0	7.0	2.0964446517273525	0.729565917207384	1.0
701_O-152	6.0	6.0	2.0602897792483823	0.7258546394714163	1.0
702_O-152	7.0	7.0	2.1689777203317053	0.7397472340341436	0.9981851179673321
703_O-152	7.0	7.0	2.084884989892251	0.7270271775451103	1.0
704_O-152	6.0	6.0	2.1322334872663915	0.7366424529122441	1.0
705_O-152	7.0	7.0	2.120117661174069	0.7255847407959934	0.9981751824817519
706_O-152	6.0	6.0	2.154132760639562	0.744503118545425	1.0
707_O-152	6.0	6.0	2.07302551075096	0.7284314493126475	1.0
708_O-152	6.0	6.0	2.0589636444186303	0.7162255046360588	1.0
709_O-152	7.0	7.0	2.2871977595282136	0.7664130741053818	1.0
70_O-152	7.0	7.0	2.08473055175087	0.7154787418733013	0.9982698961937716
710_O-152	6.0	6.0	2.017212013916428	0.7080477337031169	1.0
711_O-152	6.0	6.0	2.1327760626677756	0.7431669421487603	1.0
712_O-152	7.0	7.0	2.089821207767046	0.7266345130664308	0.9981412639405205
713_O-152	11.0	8.0	2.1060134255815792	0.7326304265662266	0.9945848375451264
714_O-152	7.0	7.0	2.094161514576975	0.7292455418381345	1.0
715_O-152	7.0	7.0	2.1069971402909693	0.7295939508506616	0.9982608695652174
716_O-152	7.0	7.0	2.200392007296606	0.7456359269546082	1.0
717_O-152	7.0	7.0	2.1568528148305077	0.7339689545725054	1.0
718_O-152	7.0	7.0	2.1223326637110804	0.7363833228255804	0.9982547993019197
719_O-152	7.0	7.0	2.116283522539433	0.7283379261544682	0.9979035639412998
71_O-152	9.0	8.0	2.1245745993970537	0.7346075715604802	0.9964912280701754
720_O-152	7.0	7.0	2.1258650521479487	0.7400106356053906	1.0
721_O-152	7.0	7.0	2.028501827053129	0.7102836461577308	0.998165137614679
722_O-152	7.0	7.0	2.0847620882990783	0.725895890486402	1.0
723_O-152	7.0	7.0	2.2025658582781356	0.7428380102040817	1.0
724_O-152	7.0	7.0	2.131123318815325	0.7310222222222222	1.0
725_O-152	6.0	6.0	2.139165089338856	0.7396577602359643	1.0
726_O-152	8.0	8.0	2.106583500317462	0.7310965019073128	0.9981981981981982
727_O-152	8.0	8.0	2.151904425338299	0.7369399051604304	0.998109640831758
728_O-152	7.0	7.0	2.121900679901991	0.7327648672428964	0.9982014388489209
729_O-152	7.0	7.0	2.090479747511092	0.7326342765903205	0.9981684981684982
72_O-152	7.0	7.0	2.1510979797465732	0.738353475161506	1.0
730_O-152	7.0	7.0	2.1941835351712706	0.748766069788797	1.0
731_O-152	7.0	7.0	2.1404073628828173	0.7358347750865052	0.9981617647058824
732_O-152	6.0	6.0	1.9972881270559948	0.7106018268132925	0.998062015503876
733_O-152	7.0	7.0	2.138752667581912	0.7312859504132232	0.9981818181818182
734_O-152	9.0	8.0	2.140553398236382	0.7300461680517083	0.9964912280701754
735_O-152	7.0	7.0	2.0993664484597807	0.7249577530446943	0.9980916030534351
736_O-152	9.0	8.0	2.162817853042708	0.7345562887979802	0.9963570127504554
737_O-152	7.0	7.0	2.1902948700435227	0.7524769428797486	1.0
738_O-152	7.0	7.0	2.143895659769345	0.7429804357952488	0.9982014388489209
739_O-152	7.0	7.0	2.1872740978155862	0.7511839449303866	0.9982014388489209
73_O-152	8.0	8.0	2.239658134645441	0.7518212536425073	0.9980314960629921
740_O-152	6.0	6.0	2.1501927304101787	0.7438245515168592	1.0
741_O-152	6.0	6.0	2.081741366485174	0.7259584120982987	1.0
742_O-152	6.0	6.0	2.199799392234664	0.7479873015873016	1.0
743_O-152	5.0	5.0	2.068423189301165	0.7331773771845328	1.0
744_O-152	9.0	8.0	2.1130529103328324	0.7263582303669767	0.9965986394557823
745_O-152	7.0	7.0	2.11079797964465	0.7380119424959173	0.998109640831758
746_O-152	9.0	8.0	2.108083356005231	0.7271117494846717	0.9966887417218543
747_O-152	7.0	7.0	2.164002597324521	0.741155634385348	1.0
748_O-152	10.0	9.0	2.1866336566260514	0.7360038528195788	0.996316758747698
749_O-152	7.0	7.0	2.2160143500925713	0.7539841944969544	1.0
74_O-152	9.0	8.0	2.098204413583344	0.7283461000983386	0.9964028776978417
750_O-152	7.0	7.0	2.089028722056253	0.7205657313424237	1.0
751_O-152	6.0	6.0	2.0955434759488747	0.7345734016484741	1.0
752_O-152	7.0	7.0	2.1972970982330664	0.7498695396010436	0.998165137614679
753_O-152	6.0	6.0	2.118013033377506	0.7383237851938702	1.0
754_O-152	7.0	7.0	2.066369260590978	0.7233864972155593	0.99812734082397
755_O-152	7.0	7.0	2.0470877341498324	0.723896	1.0
756_O-152	6.0	6.0	2.116411737197451	0.7371427242854486	1.0
757_O-152	6.0	6.0	2.0304675961831036	0.7119970386184811	1.0
758_O-152	7.0	7.0	2.115380715124501	0.7313823930946404	1.0
759_O-152	7.0	7.0	2.1269737986163264	0.7312660775329793	1.0
75_O-152	6.0	6.0	2.0809819856732354	0.7284825396825396	1.0
760_O-152	7.0	7.0	2.09518225282019	0.7249080129130295	0.9981785063752276
761_O-152	9.0	8.0	2.193877020196152	0.7527911320798537	0.9963570127504554
762_O-152	9.0	8.0	2.087051819841306	0.7244434492277974	0.9963436928702011
763_O-152	6.0	6.0	2.1348521105682803	0.7347531957689932	1.0
764_O-152	7.0	7.0	2.081726586748484	0.7244788594055491	1.0
765_O-152	7.0	7.0	2.0806761998403673	0.7159665740924419	0.9982394366197183
766_O-152	7.0	7.0	2.083339811749477	0.7170534974286418	1.0
767_O-152	6.0	6.0	2.1214073611677167	0.7327259948096886	1.0
768_O-152	7.0	7.0	2.1348422134179548	0.7345018423100071	1.0
769_O-152	7.0	7.0	2.132145691191669	0.7359915607792298	0.9982174688057041
76_O-152	7.0	7.0	2.134614441148397	0.7338243233971978	0.998272884283247
770_O-152	7.0	7.0	2.1143036064936145	0.729328165374677	1.0
771_O-152	7.0	7.0	2.145159548791216	0.7376107218055501	0.9982668977469671
772_O-152	6.0	6.0	2.1169522836229184	0.7370283629211738	1.0
773_O-152	7.0	7.0	2.168191213781975	0.7419204517420027	0.9982547993019197
774_O-152	6.0	6.0	2.134413816358529	0.7372243141473911	1.0
775_O-152	9.0	8.0	2.110967823342053	0.7273963638224832	0.9961759082217974
776_O-152	7.0	7.0	2.054539010776044	0.7151551732810221	1.0
777_O-152	7.0	7.0	2.142524465867547	0.7431456098569885	0.9979959919839679
778_O-152	6.0	6.0	2.1170286684402364	0.7398724779456721	0.9981308411214953
779_O-152	7.0	7.0	2.0521429828690407	0.7058927593133675	0.9983108108108109
77_O-152	9.0	8.0	2.179818606919751	0.745364406982346	0.9963031423290203
780_O-152	7.0	7.0	2.148799083521058	0.7390668258508193	1.0
781_O-152	6.0	6.0	2.019558459635333	0.7156802115613928	1.0
782_O-152	6.0	6.0	2.0670760764643865	0.7226031925271851	1.0
783_O-152	6.0	6.0	2.035519116209261	0.7165509315858967	1.0
784_O-152	7.0	7.0	2.191579311973759	0.7509090435167929	0.9981949458483754
785_O-152	6.0	6.0	2.170721352205073	0.7490620913633355	1.0
786_O-152	7.0	7.0	2.0900204296830465	0.7208144900708495	1.0
787_O-152	6.0	6.0	2.1235612166147915	0.743395486040596	1.0
788_O-152	7.0	7.0	2.1816114382181286	0.7451222495311536	0.9982935153583617
789_O-152	7.0	7.0	2.1437295860445817	0.7378997802734375	0.998046875
78_O-152	6.0	6.0	2.1245129531673115	0.721162295357018	1.0
790_O-152	7.0	7.0	2.15499411959849	0.7385271783183935	0.998158379373849
791_O-152	6.0	6.0	2.0771819826448277	0.7309327456905048	1.0
792_O-152	7.0	7.0	2.1221509641254324	0.7295795323476985	1.0
793_O-152	7.0	7.0	2.101764344907403	0.7246253586991178	0.9982817869415808
794_O-152	7.0	7.0	2.077553455015558	0.7104862423860534	0.9981884057971014
795_O-152	7.0	7.0	2.0794758216231988	0.7286110153644059	0.9983525535420099
796_O-152	7.0	7.0	2.117295470267468	0.7233071197724668	0.9981718464351006
797_O-152	6.0	6.0	2.065392205209368	0.7341261983249658	0.9982935153583617
798_O-152	7.0	7.0	2.091271014664927	0.724237190558434	1.0
799_O-152	7.0	7.0	2.057794224806149	0.7144170128572336	0.9981718464351006
79_O-152	7.0	7.0	2.1721301934862933	0.7448019950724114	0.998062015503876
7_O-152	6.0	6.0	2.097771167260453	0.727299052201321	1.0
800_O-152	7.0	7.0	2.171472159120292	0.7428063492063492	0.9980952380952381
801_O-152	7.0	7.0	2.208833967810391	0.7568521864408781	0.9982817869415808
802_O-152	7.0	7.0	2.1317880028041083	0.7338573695695298	0.9982394366197183
803_O-152	7.0	7.0	2.113346346580558	0.7370678503833008	0.9981549815498155
804_O-152	7.0	7.0	2.104435604422808	0.7174268376432223	1.0
805_O-152	7.0	7.0	2.0479108710350498	0.7131470235152885	0.9978991596638656
806_O-152	6.0	6.0	2.027004624204433	0.7120125077379724	1.0
807_O-152	7.0	7.0	2.139177282815885	0.7322478823392111	0.9983525535420099
808_O-152	8.5	8.0	2.143788658511073	0.7389977506412251	0.9957537154989384
809_O-152	7.0	7.0	2.0917849166513496	0.7257647119714301	0.9982014388489209
80_O-152	7.0	7.0	2.14748311522608	0.73004147885867	0.998158379373849
810_O-152	8.0	7.0	1.9899695435709466	0.7047238724319367	0.9965928449744463
811_O-152	7.0	7.0	2.1846428265192026	0.7429204565951197	0.9983079526226735
812_O-152	7.0	7.0	2.1144550179531802	0.7333562901744719	0.9981060606060606
813_O-152	7.0	7.0	2.0655616575822773	0.7188396019564851	1.0
814_O-152	7.0	7.0	2.172332948526038	0.7407441323331527	1.0
815_O-152	6.0	6.0	2.1343908131503997	0.7402132617752983	1.0
816_O-152	6.0	6.0	2.1700303019569938	0.7447096198277673	1.0
817_O-152	7.0	7.0	2.1359338100154512	0.7299654298985998	1.0
818_O-152	7.0	7.0	2.1030741328110185	0.7283976484955879	0.9982698961937716
819_O-152	7.0	7.0	2.2491033942880865	0.7575034293552811	1.0
81_O-152	7.0	7.0	2.2325504658089845	0.7540375389276996	1.0
820_O-152	6.0	6.0	2.1689747862493047	0.7456	1.0
821_O-152	10.0	9.0	2.2303308746591464	0.7477906858014302	0.9963702359346642
822_O-152	6.0	6.0	2.165588755585747	0.7466787040706977	1.0
823_O-152	7.0	7.0	2.1321693324249775	0.7341023875114783	0.9981060606060606
824_O-152	7.0	7.0	2.140868193882475	0.7389649622473706	1.0
825_O-152	8.0	8.0	2.1438948047480544	0.7365706447187929	0.9981481481481481
826_O-152	7.0	7.0	2.080065069570871	0.7229201247422161	0.99822695035461
827_O-152	6.0	6.0	2.0697075674095964	0.7199326881487889	1.0
828_O-152	9.0	8.0	2.1011193417086544	0.7267490898383946	0.9964973730297724
829_O-152	7.0	7.0	2.246036549935048	0.7570047260802468	1.0
82_O-152	6.0	6.0	2.107681297361157	0.7352266647710906	1.0
830_O-152	7.0	7.0	2.2285338002923116	0.75682520662845	0.9981549815498155
831_O-152	7.0	7.0	2.22733534134692	0.7577531614547593	1.0
832_O-152	7.0	7.0	2.1292760247119276	0.7372864270147625	1.0
833_O-152	7.0	7.0	2.1038656571250827	0.7317115646258503	1.0
834_O-152	7.0	7.0	2.0811876849052644	0.7203101440631436	1.0
835_O-152	6.0	6.0	2.047411879664875	0.7240794090428994	1.0
836_O-152	7.0	7.0	2.1175064712468044	0.7390295066918906	0.9982847341337907
837_O-152	7.0	7.0	2.120835649355222	0.7340165289256199	0.9981818181818182
838_O-152	9.0	8.0	2.1902878870027345	0.7443974933779347	0.9961612284069098
839_O-152	7.0	7.0	2.206074719258903	0.7498388717058715	1.0
83_O-152	8.0	7.0	2.1260042993133963	0.7403638947454251	0.9965870307167235
840_O-152	7.0	7.0	2.0288572202401514	0.7079123414071511	0.9980392156862745
841_O-152	6.0	6.0	2.0895399607733673	0.7223828824582901	1.0
842_O-152	5.0	5.0	2.0175885881057956	0.7223136763591865	1.0
843_O-152	6.0	6.0	2.107947507876974	0.7313282894325117	1.0
844_O-152	6.0	6.0	2.108134761875744	0.7252650647344024	1.0
845_O-152	7.0	7.0	2.166077553639282	0.7475637151635893	1.0
846_O-152	7.0	7.0	2.1820108274594316	0.7410298375928491	1.0
847_O-152	7.0	7.0	2.1869244091048285	0.7398308342945021	1.0
848_O-152	6.0	6.0	2.0268750781256077	0.7151143740840892	1.0
849_O-152	7.0	7.0	2.165718970279206	0.7458868712553648	0.9981851179673321
84_O-152	7.0	7.0	2.190921441352606	0.7504261552123631	1.0
850_O-152	8.0	8.0	2.299422583749483	0.7709546558070326	0.9982300884955753
851_O-152	6.0	6.0	2.116723305550196	0.7316794335649439	1.0
852_O-152	6.0	6.0	2.050748216770459	0.7148822526506473	1.0
853_O-152	9.0	8.0	2.2123615541458936	0.755059530622055	0.9963833634719711
854_O-152	7.0	7.0	2.0983513440532553	0.7367406038775821	0.998236331569665
855_O-152	7.0	7.0	2.138877887481302	0.7348956713965034	1.0
856_O-152	7.0	7.0	2.141826006214829	0.7386762835101479	0.9980276134122288
857_O-152	7.0	7.0	2.1190694851101104	0.7291144332435179	1.0
858_O-152	6.0	6.0	2.120019594738956	0.7325008548523955	1.0
859_O-152	7.0	7.0	2.081478806212595	0.7215484174762679	0.9981916817359855
85_O-152	7.0	7.0	2.136355701051997	0.7314702741189035	1.0
860_O-152	6.0	6.0	2.1367135243592665	0.7376277568585261	1.0
861_O-152	6.0	6.0	2.111665408393414	0.7390741153271784	1.0
862_O-152	7.0	7.0	2.147791801783272	0.7487392099831113	0.9982876712328768
863_O-152	9.0	8.0	2.182926172329516	0.7377106136572276	0.9966386554621849
864_O-152	7.0	7.0	2.1175025400854857	0.7327805530576259	1.0
865_O-152	7.0	7.0	2.159531773753018	0.739423305588585	0.9982758620689656
866_O-152	7.0	7.0	2.0971218465471244	0.7273146593680155	0.998158379373849
867_O-152	7.0	7.0	2.1611815445305274	0.7357111111111112	1.0
868_O-152	6.0	6.0	2.0599856849567493	0.7229530222312488	1.0
869_O-152	7.0	7.0	2.156205727712674	0.7311959565603442	1.0
86_O-152	6.0	6.0	2.0867733991968653	0.7293927623186023	1.0
870_O-152	9.0	8.0	2.108071319548838	0.7329533635645047	0.9964221824686941
871_O-152	6.0	6.0	2.1245589866562877	0.7391671159111745	1.0
872_O-152	9.0	8.0	2.2421572291964074	0.754224	0.996
873_O-152	6.0	6.0	2.056214521864454	0.7220272520231337	1.0
874_O-152	7.0	7.0	2.2305674328759904	0.7471545824241222	1.0
875_O-152	7.0	7.0	2.14802072820195	0.7397584339858392	0.9979591836734694
876_O-152	9.0	8.0	2.108595991354271	0.7279118665572302	0.9963833634719711
877_O-152	7.0	7.0	2.163462999984706	0.7460934240362812	0.9980952380952381
878_O-152	7.0	7.0	2.1895863815875574	0.7512392463384485	0.9982332155477032
879_O-152	7.0	7.0	2.085739752092921	0.7186826835374255	0.9977973568281938
87_O-152	6.0	6.0	2.1229481570948154	0.7385938067036055	1.0
880_O-152	9.0	8.0	2.1687847654557677	0.7426407906654591	0.9963503649635036
881_O-152	9.0	8.0	2.108133341086908	0.7207359326345335	0.9966887417218543
882_O-152	8.0	8.0	2.1241347174591345	0.7271488095018808	0.9980806142034548
883_O-152	7.0	7.0	2.1572919826080343	0.7314217140471967	1.0
884_O-152	7.0	7.0	2.060552976136354	0.7132759495107479	0.9981167608286252
885_O-152	7.0	7.0	2.149846245111302	0.7466342582335233	1.0
886_O-152	6.0	6.0	2.1421143154346924	0.7392059095106186	1.0
887_O-152	7.0	7.0	2.134307397317582	0.7409640811596876	0.99830220713073
888_O-152	6.0	6.0	2.0274860415252003	0.718383668037984	0.9981851179673321
889_O-152	7.0	7.0	2.1513847150603196	0.7367111111111111	0.9980952380952381
88_O-152	7.0	7.0	2.0397082146707732	0.7131031416617729	0.9981785063752276
890_O-152	6.0	6.0	2.1756283305190425	0.7503466721124107	1.0
891_O-152	6.0	6.0	2.1096386450647877	0.7338732997214277	1.0
892_O-152	8.0	8.0	2.208522108056451	0.7471408555625461	0.9980353634577603
893_O-152	7.0	7.0	2.180205336892635	0.7375023386629289	0.9982486865148862
894_O-152	7.0	7.0	2.1310545900194873	0.7319986888271073	1.0
895_O-152	6.0	6.0	2.160580774878403	0.742753319524431	1.0
896_O-152	7.0	7.0	2.164250316416479	0.7423936222971632	0.9982394366197183
897_O-152	7.0	7.0	2.0494557121974255	0.7187725645275338	0.9980657640232108
898_O-152	6.0	6.0	2.1059993814396654	0.7344086393502391	1.0
899_O-152	7.0	7.0	2.145846046819441	0.7412642033498864	1.0
89_O-152	7.0	7.0	2.134141208947158	0.741789388045494	1.0
8_O-152	9.0	8.0	2.128208329086155	0.7345835982199618	0.9965034965034965
900_O-152	7.0	7.0	2.1669357950483397	0.7416929765540086	1.0
901_O-152	7.0	7.0	2.2294693002307957	0.7526654048828312	0.9981549815498155
902_O-152	6.0	6.0	2.041226399408129	0.7082736790844899	1.0
903_O-152	7.0	7.0	2.0729999564854076	0.7132777937374317	0.9983050847457627
904_O-152	7.0	7.0	2.1195778096088236	0.7319635103723521	0.9983443708609272
905_O-152	7.0	7.0	2.1211814661785553	0.7199163525622512	0.9980879541108987
906_O-152	7.0	7.0	2.0899172143029596	0.7257109299571003	1.0
907_O-152	7.0	7.0	2.139678890733061	0.7393011725162415	0.998330550918197
908_O-152	7.0	7.0	2.1557125179191963	0.738117444224438	1.0
909_O-152	7.0	7.0	2.1441784258819183	0.7387040035411012	0.9982935153583617
90_O-152	6.0	6.0	2.1061046505732444	0.7355900826446281	1.0
910_O-152	8.0	8.0	2.076439030741394	0.7159204267807833	0.9980988593155894
911_O-152	7.0	7.0	2.1643206539496838	0.7397740926177026	0.9982425307557118
912_O-152	7.0	7.0	2.0594618889509415	0.7212379596744102	0.9981412639405205
913_O-152	6.0	6.0	2.112483488842831	0.7335700003591912	1.0
914_O-152	7.0	7.0	2.1163844047605465	0.725895890486402	0.9981447124304267
915_O-152	7.0	7.0	2.1230636858040968	0.7371131309160273	1.0
916_O-152	9.0	8.0	2.1697177648778756	0.7402058803897043	0.9965928449744463
917_O-152	7.0	7.0	2.151703102855672	0.7275124462699969	1.0
918_O-152	7.0	7.0	2.1315224256314886	0.7324844157919974	0.9981751824817519
919_O-152	9.0	8.0	2.1479373274484064	0.7339485109070917	0.9963436928702011
91_O-152	7.0	7.0	2.083383198735657	0.719939417143372	0.9983221476510067
920_O-152	7.0	7.0	2.089608332419519	0.72318602376145	0.9981851179673321
921_O-152	7.0	7.0	2.1805383179448143	0.7358284616448312	0.9982847341337907
922_O-152	9.0	8.0	2.144525084028118	0.7331517625432526	0.9963235294117647
923_O-152	7.0	7.0	2.1595314282338567	0.7396512202060763	0.9981916817359855
924_O-152	6.0	6.0	2.060973206236599	0.7230124264984744	1.0
925_O-152	9.0	8.0	2.1116314984995954	0.7298584282850017	0.9965034965034965
926_O-152	8.0	8.0	2.2223765102717667	0.7498469206123176	0.9981132075471698
927_O-152	7.0	7.0	2.1617708597869845	0.730999263319557	1.0
928_O-152	7.0	7.0	2.1643840624530455	0.7383014564481746	1.0
929_O-152	9.0	8.0	2.167050449766598	0.7483881656804734	0.9969230769230769
92_O-152	7.0	7.0	2.1189401826972056	0.7335940497520144	1.0
930_O-152	7.0	7.0	2.182192102204425	0.7459950160199359	0.9981132075471698
931_O-152	6.0	6.0	2.110739021240864	0.7328582899157092	1.0
932_O-152	9.0	8.0	2.2252776599187065	0.7573543884086057	0.9961089494163424
933_O-152	6.0	6.0	2.024622428287481	0.7198352703804536	1.0
934_O-152	7.0	7.0	1.9895813904071704	0.6960355029585799	0.9980769230769231
935_O-152	7.0	7.0	2.166088574894108	0.7406656128456518	0.9982547993019197
936_O-152	6.0	6.0	2.058807495534779	0.7203445873336404	1.0
937_O-152	7.0	7.0	2.1360141964057773	0.7376132713766956	0.9983388704318937
938_O-152	7.0	7.0	2.0907806606079236	0.7277069867651585	0.9982456140350877
939_O-152	7.0	7.0	2.0812855517834103	0.7223533607083075	0.99836867862969
93_O-152	6.0	6.0	2.1148402366195116	0.7325881096475614	1.0
940_O-152	7.0	7.0	2.21137893684631	0.7457330812854442	1.0
941_O-152	7.0	7.0	2.108059125199951	0.7290105915784035	0.9981916817359855
942_O-152	7.0	7.0	2.1756649402727004	0.7463879762975044	1.0
943_O-152	7.0	7.0	2.167443044253936	0.7432493091500793	1.0
944_O-152	6.0	6.0	2.1038032084922564	0.7340833036667853	1.0
945_O-152	7.0	7.0	2.1721571139140154	0.7467994728735909	0.9981916817359855
946_O-152	9.0	8.0	2.1818228665192665	0.746163887260909	0.9963503649635036
947_O-152	8.0	8.0	2.239488683237517	0.7557970115940231	0.9980314960629921
948_O-152	8.0	8.0	2.1700763033948753	0.7421171088432874	0.9984350547730829
949_O-152	6.0	6.0	2.105771335156572	0.7293473672744107	1.0
94_O-152	7.0	7.0	2.1409891858697727	0.7298491748298297	0.998211091234347
950_O-152	7.0	7.0	2.2089329743726394	0.7481238031157807	1.0
951_O-152	7.0	7.0	2.121593235031524	0.7298409600725888	1.0
952_O-152	6.0	6.0	2.1003049563291216	0.7302467900140124	1.0
953_O-152	7.0	7.0	2.091251023287907	0.7256528925619835	0.9981818181818182
954_O-152	7.0	7.0	2.165898895153862	0.7516944114149822	0.9982758620689656
955_O-152	7.0	7.0	2.107675020468767	0.7284436020893343	1.0
956_O-152	7.0	7.0	2.137729694996153	0.7397812894764922	0.9981447124304267
957_O-152	7.0	7.0	2.076644763238535	0.7178040863951214	1.0
958_O-152	6.0	6.0	2.119690461040401	0.7338821724073574	1.0
959_O-152	8.0	8.0	2.107836123618054	0.7251514526095982	0.9982578397212544
95_O-152	7.0	7.0	2.121243299605389	0.7346287041453248	0.9982788296041308
960_O-152	7.0	7.0	2.117975355103995	0.7290183938862094	1.0
961_O-152	6.0	6.0	2.0444262950476135	0.7149153387239762	1.0
962_O-152	6.0	6.0	2.1226203199238483	0.7404309018159434	1.0
963_O-152	6.0	6.0	2.03881073391691	0.723762404754209	0.998211091234347
964_O-152	7.0	7.0	2.2328734956748035	0.7472368606744435	1.0
965_O-152	7.0	7.0	2.124257485272669	0.7313119092627599	0.9982608695652174
966_O-152	7.0	7.0	2.1056719121674505	0.7339714625445898	0.9982758620689656
967_O-152	6.0	6.0	2.1210729402019703	0.7346706595616623	1.0
968_O-152	7.0	7.0	2.1077159055588073	0.7334405047976498	0.9981718464351006
969_O-152	6.0	6.0	2.1049017835637525	0.7316805818105441	1.0
96_O-152	8.0	8.0	2.103832493876529	0.7295344387755103	0.9982142857142857
970_O-152	8.0	8.0	2.1596030402872213	0.7347354069371101	0.998158379373849
971_O-152	7.0	7.0	2.043351252547929	0.7102208733346163	1.0
972_O-152	7.0	7.0	2.192810720106933	0.7509856678565721	0.9981751824817519
973_O-152	7.0	7.0	2.132051699077161	0.7395522504647783	0.9980237154150198
974_O-152	8.0	7.0	2.0383924423949202	0.7199935301052292	0.9964726631393298
975_O-152	9.0	8.0	2.137162802836728	0.7384832997846269	0.9964221824686941
976_O-152	7.0	7.0	2.11791944186904	0.7283686741649181	1.0
977_O-152	7.0	7.0	2.062705252415147	0.7164851443481188	1.0
978_O-152	7.0	7.0	2.072367044583741	0.7206339084328244	0.9982817869415808
979_O-152	8.0	8.0	2.1298315166124375	0.7312502214192085	0.9982817869415808
97_O-152	6.0	6.0	2.0897553762544856	0.7221032404576819	1.0
980_O-152	8.0	8.0	2.16818433333047	0.7414846243331332	0.998158379373849
981_O-152	6.0	6.0	2.143708797550231	0.7415521541395668	1.0
982_O-152	7.0	7.0	2.1275886586197585	0.7342670005910872	0.9981515711645101
983_O-152	6.0	6.0	2.1506493399302333	0.7426376086565968	1.0
984_O-152	8.0	8.0	2.119948862041183	0.7230161466996632	0.9984076433121019
985_O-152	6.0	6.0	2.0808154027942822	0.7236325118282607	1.0
986_O-152	7.0	7.0	2.121336028712865	0.7321345113118818	1.0
987_O-152	7.0	7.0	2.256233778535352	0.7566770473865836	1.0
988_O-152	7.0	7.0	2.1134080900736256	0.7293651249640909	0.9983050847457627
989_O-152	7.0	7.0	2.0909390168890734	0.7224088953818684	0.9981981981981982
98_O-152	7.0	7.0	2.134808981490722	0.7414461834125011	0.9980276134122288
990_O-152	8.0	8.0	2.1536421022563474	0.74012239097662	0.99830220713073
991_O-152	6.0	6.0	2.092102401011619	0.7358901774736802	1.0
992_O-152	7.0	7.0	2.201593064275458	0.7501215593227775	1.0
993_O-152	7.0	7.0	2.131169941857301	0.7302712185341946	0.9981343283582089
994_O-152	9.0	8.0	2.078872467518825	0.7267884977156678	0.9967213114754099
995_O-152	7.0	7.0	2.126951439323651	0.7316976503428648	0.9981515711645101
996_O-152	6.0	6.0	2.2283995744319665	0.7593822538877484	1.0
997_O-152	7.0	7.0	2.245216809016605	0.7599502667379896	1.0
998_O-152	6.0	6.0	2.0814655894756386	0.7198347107438017	1.0
999_O-152	6.0	6.0	2.1817810766906884	0.7463236608554794	1.0
99_O-152	6.0	6.0	2.1229481104558485	0.7359121221986211	1.0
9_O-152	6.0	6.0	2.1538923521792306	0.7372669113271176	1.0
