	chao1	observed_otus	shannon	simpson	goods_coverage
1000_H-161	2.0	2.0	0.9709505944546688	0.48	1.0
100_H-161	1.0	1.0	-0.0	0.0	0.0
101_H-161	0.0	0.0	nan	nan	nan
102_H-161	1.0	1.0	-0.0	0.0	1.0
103_H-161	0.0	0.0	nan	nan	nan
104_H-161	1.0	1.0	-0.0	0.0	1.0
105_H-161	1.0	1.0	-0.0	0.0	0.0
106_H-161	0.0	0.0	nan	nan	nan
107_H-161	1.0	1.0	-0.0	0.0	0.0
108_H-161	0.0	0.0	nan	nan	nan
109_H-161	1.0	1.0	-0.0	0.0	0.0
10_H-161	0.0	0.0	nan	nan	nan
110_H-161	1.0	1.0	-0.0	0.0	1.0
111_H-161	1.0	1.0	-0.0	0.0	1.0
112_H-161	0.0	0.0	nan	nan	nan
113_H-161	2.0	2.0	0.9182958340544894	0.4444444444444444	1.0
114_H-161	1.0	1.0	-0.0	0.0	1.0
115_H-161	0.0	0.0	nan	nan	nan
116_H-161	1.0	1.0	-0.0	0.0	1.0
117_H-161	2.0	2.0	1.0	0.5	1.0
118_H-161	1.0	1.0	-0.0	0.0	1.0
119_H-161	1.0	1.0	-0.0	0.0	1.0
11_H-161	0.0	0.0	nan	nan	nan
120_H-161	1.0	1.0	-0.0	0.0	1.0
121_H-161	0.0	0.0	nan	nan	nan
122_H-161	1.0	1.0	-0.0	0.0	1.0
123_H-161	0.0	0.0	nan	nan	nan
124_H-161	0.0	0.0	nan	nan	nan
125_H-161	0.0	0.0	nan	nan	nan
126_H-161	1.0	1.0	-0.0	0.0	0.0
127_H-161	1.0	1.0	-0.0	0.0	0.0
128_H-161	1.0	1.0	-0.0	0.0	1.0
129_H-161	1.0	1.0	-0.0	0.0	1.0
12_H-161	1.0	1.0	-0.0	0.0	0.0
130_H-161	1.0	1.0	-0.0	0.0	1.0
131_H-161	0.0	0.0	nan	nan	nan
132_H-161	1.0	1.0	-0.0	0.0	1.0
133_H-161	2.0	2.0	0.9182958340544894	0.4444444444444444	0.6666666666666667
134_H-161	1.0	1.0	-0.0	0.0	1.0
135_H-161	0.0	0.0	nan	nan	nan
136_H-161	1.0	1.0	-0.0	0.0	1.0
137_H-161	1.0	1.0	-0.0	0.0	1.0
138_H-161	1.0	1.0	-0.0	0.0	0.0
139_H-161	1.0	1.0	-0.0	0.0	0.0
13_H-161	0.0	0.0	nan	nan	nan
140_H-161	0.0	0.0	nan	nan	nan
141_H-161	1.0	1.0	-0.0	0.0	1.0
142_H-161	1.0	1.0	-0.0	0.0	1.0
143_H-161	0.0	0.0	nan	nan	nan
144_H-161	1.0	1.0	-0.0	0.0	1.0
145_H-161	1.0	1.0	-0.0	0.0	0.0
146_H-161	1.0	1.0	-0.0	0.0	1.0
147_H-161	1.0	1.0	-0.0	0.0	0.0
148_H-161	1.0	1.0	-0.0	0.0	1.0
149_H-161	1.0	1.0	-0.0	0.0	0.0
14_H-161	2.0	2.0	0.9182958340544894	0.4444444444444444	0.6666666666666667
150_H-161	1.0	1.0	-0.0	0.0	1.0
151_H-161	1.0	1.0	-0.0	0.0	0.0
152_H-161	1.0	1.0	-0.0	0.0	1.0
153_H-161	1.0	1.0	-0.0	0.0	1.0
154_H-161	1.0	1.0	-0.0	0.0	0.0
155_H-161	1.0	1.0	-0.0	0.0	1.0
156_H-161	0.0	0.0	nan	nan	nan
157_H-161	0.0	0.0	nan	nan	nan
158_H-161	1.0	1.0	-0.0	0.0	0.0
159_H-161	1.0	1.0	-0.0	0.0	1.0
15_H-161	1.0	1.0	-0.0	0.0	1.0
160_H-161	1.0	1.0	-0.0	0.0	1.0
161_H-161	0.0	0.0	nan	nan	nan
162_H-161	1.0	1.0	-0.0	0.0	1.0
163_H-161	1.0	1.0	-0.0	0.0	0.0
164_H-161	1.0	1.0	-0.0	0.0	1.0
165_H-161	0.0	0.0	nan	nan	nan
166_H-161	1.0	1.0	-0.0	0.0	1.0
167_H-161	0.0	0.0	nan	nan	nan
168_H-161	0.0	0.0	nan	nan	nan
169_H-161	0.0	0.0	nan	nan	nan
16_H-161	1.0	1.0	-0.0	0.0	1.0
170_H-161	1.0	1.0	-0.0	0.0	0.0
171_H-161	0.0	0.0	nan	nan	nan
172_H-161	0.0	0.0	nan	nan	nan
173_H-161	1.0	1.0	-0.0	0.0	1.0
174_H-161	0.0	0.0	nan	nan	nan
175_H-161	1.0	1.0	-0.0	0.0	1.0
176_H-161	1.0	1.0	-0.0	0.0	1.0
177_H-161	0.0	0.0	nan	nan	nan
178_H-161	1.0	1.0	-0.0	0.0	1.0
179_H-161	1.0	1.0	-0.0	0.0	0.0
17_H-161	0.0	0.0	nan	nan	nan
180_H-161	0.0	0.0	nan	nan	nan
181_H-161	0.0	0.0	nan	nan	nan
182_H-161	1.0	1.0	-0.0	0.0	1.0
183_H-161	0.0	0.0	nan	nan	nan
184_H-161	0.0	0.0	nan	nan	nan
185_H-161	1.0	1.0	-0.0	0.0	1.0
186_H-161	1.0	1.0	-0.0	0.0	1.0
187_H-161	2.0	2.0	1.0	0.5	1.0
188_H-161	1.0	1.0	-0.0	0.0	1.0
189_H-161	1.0	1.0	-0.0	0.0	1.0
18_H-161	0.0	0.0	nan	nan	nan
190_H-161	1.0	1.0	-0.0	0.0	1.0
191_H-161	1.0	1.0	-0.0	0.0	0.0
192_H-161	1.0	1.0	-0.0	0.0	1.0
193_H-161	0.0	0.0	nan	nan	nan
194_H-161	1.0	1.0	-0.0	0.0	1.0
195_H-161	1.0	1.0	-0.0	0.0	0.0
196_H-161	2.0	2.0	0.9182958340544894	0.4444444444444444	1.0
197_H-161	0.0	0.0	nan	nan	nan
198_H-161	1.0	1.0	-0.0	0.0	1.0
199_H-161	1.0	1.0	-0.0	0.0	1.0
19_H-161	1.0	1.0	-0.0	0.0	1.0
1_H-161	1.0	1.0	-0.0	0.0	0.0
200_H-161	0.0	0.0	nan	nan	nan
201_H-161	1.0	1.0	-0.0	0.0	0.0
202_H-161	1.0	1.0	-0.0	0.0	0.0
203_H-161	0.0	0.0	nan	nan	nan
204_H-161	0.0	0.0	nan	nan	nan
205_H-161	1.0	1.0	-0.0	0.0	0.0
206_H-161	1.0	1.0	-0.0	0.0	1.0
207_H-161	0.0	0.0	nan	nan	nan
208_H-161	0.0	0.0	nan	nan	nan
209_H-161	0.0	0.0	nan	nan	nan
20_H-161	0.0	0.0	nan	nan	nan
210_H-161	0.0	0.0	nan	nan	nan
211_H-161	1.0	1.0	-0.0	0.0	1.0
212_H-161	2.0	2.0	1.0	0.5	1.0
213_H-161	0.0	0.0	nan	nan	nan
214_H-161	1.0	1.0	-0.0	0.0	1.0
215_H-161	1.0	1.0	-0.0	0.0	1.0
216_H-161	1.0	1.0	-0.0	0.0	1.0
217_H-161	1.0	1.0	-0.0	0.0	0.0
218_H-161	0.0	0.0	nan	nan	nan
219_H-161	1.0	1.0	-0.0	0.0	0.0
21_H-161	0.0	0.0	nan	nan	nan
220_H-161	1.0	1.0	-0.0	0.0	0.0
221_H-161	0.0	0.0	nan	nan	nan
222_H-161	0.0	0.0	nan	nan	nan
223_H-161	1.0	1.0	-0.0	0.0	1.0
224_H-161	1.0	1.0	-0.0	0.0	0.0
225_H-161	2.0	2.0	1.0	0.5	1.0
226_H-161	0.0	0.0	nan	nan	nan
227_H-161	0.0	0.0	nan	nan	nan
228_H-161	0.0	0.0	nan	nan	nan
229_H-161	1.0	1.0	-0.0	0.0	0.0
22_H-161	1.0	1.0	-0.0	0.0	1.0
230_H-161	0.0	0.0	nan	nan	nan
231_H-161	0.0	0.0	nan	nan	nan
232_H-161	0.0	0.0	nan	nan	nan
233_H-161	1.0	1.0	-0.0	0.0	1.0
234_H-161	1.0	1.0	-0.0	0.0	1.0
235_H-161	0.0	0.0	nan	nan	nan
236_H-161	1.0	1.0	-0.0	0.0	1.0
237_H-161	0.0	0.0	nan	nan	nan
238_H-161	1.0	1.0	-0.0	0.0	1.0
239_H-161	1.0	1.0	-0.0	0.0	1.0
23_H-161	0.0	0.0	nan	nan	nan
240_H-161	1.0	1.0	-0.0	0.0	1.0
241_H-161	1.0	1.0	-0.0	0.0	1.0
242_H-161	1.0	1.0	-0.0	0.0	0.0
243_H-161	1.0	1.0	-0.0	0.0	1.0
244_H-161	1.0	1.0	-0.0	0.0	1.0
245_H-161	1.0	1.0	-0.0	0.0	0.0
246_H-161	1.0	1.0	-0.0	0.0	0.0
247_H-161	0.0	0.0	nan	nan	nan
248_H-161	1.0	1.0	-0.0	0.0	1.0
249_H-161	0.0	0.0	nan	nan	nan
24_H-161	1.0	1.0	-0.0	0.0	1.0
250_H-161	1.0	1.0	-0.0	0.0	0.0
251_H-161	1.0	1.0	-0.0	0.0	0.0
252_H-161	1.0	1.0	-0.0	0.0	0.0
253_H-161	1.0	1.0	-0.0	0.0	1.0
254_H-161	1.0	1.0	-0.0	0.0	1.0
255_H-161	1.0	1.0	-0.0	0.0	0.0
256_H-161	0.0	0.0	nan	nan	nan
257_H-161	1.0	1.0	-0.0	0.0	1.0
258_H-161	1.0	1.0	-0.0	0.0	1.0
259_H-161	1.0	1.0	-0.0	0.0	1.0
25_H-161	0.0	0.0	nan	nan	nan
260_H-161	1.0	1.0	-0.0	0.0	1.0
261_H-161	0.0	0.0	nan	nan	nan
262_H-161	1.0	1.0	-0.0	0.0	1.0
263_H-161	1.0	1.0	-0.0	0.0	0.0
264_H-161	1.0	1.0	-0.0	0.0	1.0
265_H-161	2.0	2.0	0.9709505944546688	0.48	1.0
266_H-161	1.0	1.0	-0.0	0.0	0.0
267_H-161	0.0	0.0	nan	nan	nan
268_H-161	0.0	0.0	nan	nan	nan
269_H-161	0.0	0.0	nan	nan	nan
26_H-161	1.0	1.0	-0.0	0.0	0.0
270_H-161	1.0	1.0	-0.0	0.0	0.0
271_H-161	1.0	1.0	-0.0	0.0	1.0
272_H-161	1.0	1.0	-0.0	0.0	1.0
273_H-161	1.0	1.0	-0.0	0.0	0.0
274_H-161	0.0	0.0	nan	nan	nan
275_H-161	0.0	0.0	nan	nan	nan
276_H-161	1.0	1.0	-0.0	0.0	0.0
277_H-161	0.0	0.0	nan	nan	nan
278_H-161	1.0	1.0	-0.0	0.0	1.0
279_H-161	2.0	2.0	0.9709505944546688	0.48	1.0
27_H-161	0.0	0.0	nan	nan	nan
280_H-161	1.0	1.0	-0.0	0.0	1.0
281_H-161	1.0	1.0	-0.0	0.0	1.0
282_H-161	2.0	2.0	0.9182958340544894	0.4444444444444444	0.6666666666666667
283_H-161	1.0	1.0	-0.0	0.0	0.0
284_H-161	1.0	1.0	-0.0	0.0	0.0
285_H-161	0.0	0.0	nan	nan	nan
286_H-161	1.0	1.0	-0.0	0.0	0.0
287_H-161	2.0	2.0	0.9182958340544894	0.4444444444444444	1.0
288_H-161	0.0	0.0	nan	nan	nan
289_H-161	0.0	0.0	nan	nan	nan
28_H-161	0.0	0.0	nan	nan	nan
290_H-161	1.0	1.0	-0.0	0.0	1.0
291_H-161	1.0	1.0	-0.0	0.0	1.0
292_H-161	0.0	0.0	nan	nan	nan
293_H-161	1.0	1.0	-0.0	0.0	1.0
294_H-161	0.0	0.0	nan	nan	nan
295_H-161	1.0	1.0	-0.0	0.0	1.0
296_H-161	2.0	2.0	1.0	0.5	1.0
297_H-161	1.0	1.0	-0.0	0.0	1.0
298_H-161	1.0	1.0	-0.0	0.0	1.0
299_H-161	0.0	0.0	nan	nan	nan
29_H-161	1.0	1.0	-0.0	0.0	1.0
2_H-161	1.0	1.0	-0.0	0.0	0.0
300_H-161	0.0	0.0	nan	nan	nan
301_H-161	0.0	0.0	nan	nan	nan
302_H-161	1.0	1.0	-0.0	0.0	1.0
303_H-161	2.0	2.0	0.9182958340544894	0.4444444444444444	0.6666666666666667
304_H-161	1.0	1.0	-0.0	0.0	1.0
305_H-161	1.0	1.0	-0.0	0.0	1.0
306_H-161	0.0	0.0	nan	nan	nan
307_H-161	0.0	0.0	nan	nan	nan
308_H-161	1.0	1.0	-0.0	0.0	1.0
309_H-161	2.0	2.0	0.9182958340544894	0.4444444444444444	0.6666666666666667
30_H-161	0.0	0.0	nan	nan	nan
310_H-161	0.0	0.0	nan	nan	nan
311_H-161	1.0	1.0	-0.0	0.0	1.0
312_H-161	1.0	1.0	-0.0	0.0	1.0
313_H-161	1.0	1.0	-0.0	0.0	0.0
314_H-161	0.0	0.0	nan	nan	nan
315_H-161	1.0	1.0	-0.0	0.0	1.0
316_H-161	0.0	0.0	nan	nan	nan
317_H-161	1.0	1.0	-0.0	0.0	1.0
318_H-161	1.0	1.0	-0.0	0.0	0.0
319_H-161	0.0	0.0	nan	nan	nan
31_H-161	1.0	1.0	-0.0	0.0	1.0
320_H-161	1.0	1.0	-0.0	0.0	1.0
321_H-161	1.0	1.0	-0.0	0.0	1.0
322_H-161	1.0	1.0	-0.0	0.0	1.0
323_H-161	1.0	1.0	-0.0	0.0	0.0
324_H-161	1.0	1.0	-0.0	0.0	1.0
325_H-161	1.0	1.0	-0.0	0.0	0.0
326_H-161	0.0	0.0	nan	nan	nan
327_H-161	2.0	2.0	0.9182958340544894	0.4444444444444444	0.6666666666666667
328_H-161	2.0	2.0	0.9182958340544894	0.4444444444444444	0.6666666666666667
329_H-161	2.0	2.0	0.9182958340544894	0.4444444444444444	1.0
32_H-161	2.0	2.0	1.0	0.5	1.0
330_H-161	0.0	0.0	nan	nan	nan
331_H-161	1.0	1.0	-0.0	0.0	1.0
332_H-161	1.0	1.0	-0.0	0.0	1.0
333_H-161	1.0	1.0	-0.0	0.0	0.0
334_H-161	1.0	1.0	-0.0	0.0	1.0
335_H-161	0.0	0.0	nan	nan	nan
336_H-161	0.0	0.0	nan	nan	nan
337_H-161	1.0	1.0	-0.0	0.0	1.0
338_H-161	2.0	2.0	1.0	0.5	1.0
339_H-161	1.0	1.0	-0.0	0.0	1.0
33_H-161	0.0	0.0	nan	nan	nan
340_H-161	0.0	0.0	nan	nan	nan
341_H-161	1.0	1.0	-0.0	0.0	1.0
342_H-161	1.0	1.0	-0.0	0.0	1.0
343_H-161	0.0	0.0	nan	nan	nan
344_H-161	0.0	0.0	nan	nan	nan
345_H-161	1.0	1.0	-0.0	0.0	1.0
346_H-161	0.0	0.0	nan	nan	nan
347_H-161	1.0	1.0	-0.0	0.0	1.0
348_H-161	1.0	1.0	-0.0	0.0	0.0
349_H-161	0.0	0.0	nan	nan	nan
34_H-161	1.0	1.0	-0.0	0.0	1.0
350_H-161	1.0	1.0	-0.0	0.0	1.0
351_H-161	0.0	0.0	nan	nan	nan
352_H-161	1.0	1.0	-0.0	0.0	0.0
353_H-161	1.0	1.0	-0.0	0.0	0.0
354_H-161	1.0	1.0	-0.0	0.0	1.0
355_H-161	1.0	1.0	-0.0	0.0	0.0
356_H-161	0.0	0.0	nan	nan	nan
357_H-161	1.0	1.0	-0.0	0.0	0.0
358_H-161	1.0	1.0	-0.0	0.0	1.0
359_H-161	1.0	1.0	-0.0	0.0	1.0
35_H-161	0.0	0.0	nan	nan	nan
360_H-161	2.0	2.0	1.0	0.5	1.0
361_H-161	0.0	0.0	nan	nan	nan
362_H-161	1.0	1.0	-0.0	0.0	1.0
363_H-161	1.0	1.0	-0.0	0.0	1.0
364_H-161	2.0	2.0	1.0	0.5	1.0
365_H-161	0.0	0.0	nan	nan	nan
366_H-161	0.0	0.0	nan	nan	nan
367_H-161	0.0	0.0	nan	nan	nan
369_H-161	0.0	0.0	nan	nan	nan
36_H-161	1.0	1.0	-0.0	0.0	1.0
370_H-161	0.0	0.0	nan	nan	nan
371_H-161	0.0	0.0	nan	nan	nan
372_H-161	0.0	0.0	nan	nan	nan
373_H-161	0.0	0.0	nan	nan	nan
374_H-161	1.0	1.0	-0.0	0.0	1.0
375_H-161	1.0	1.0	-0.0	0.0	0.0
376_H-161	1.0	1.0	-0.0	0.0	0.0
377_H-161	1.0	1.0	-0.0	0.0	1.0
378_H-161	0.0	0.0	nan	nan	nan
379_H-161	1.0	1.0	-0.0	0.0	1.0
37_H-161	1.0	1.0	-0.0	0.0	1.0
380_H-161	1.0	1.0	-0.0	0.0	1.0
381_H-161	2.0	2.0	0.9182958340544894	0.4444444444444444	1.0
382_H-161	1.0	1.0	-0.0	0.0	0.0
383_H-161	1.0	1.0	-0.0	0.0	0.0
384_H-161	1.0	1.0	-0.0	0.0	1.0
385_H-161	1.0	1.0	-0.0	0.0	0.0
386_H-161	1.0	1.0	-0.0	0.0	1.0
387_H-161	0.0	0.0	nan	nan	nan
388_H-161	1.0	1.0	-0.0	0.0	0.0
389_H-161	1.0	1.0	-0.0	0.0	1.0
38_H-161	1.0	1.0	-0.0	0.0	1.0
390_H-161	2.0	2.0	1.0	0.5	1.0
391_H-161	1.0	1.0	-0.0	0.0	0.0
392_H-161	1.0	1.0	-0.0	0.0	1.0
393_H-161	1.0	1.0	-0.0	0.0	1.0
394_H-161	1.0	1.0	-0.0	0.0	1.0
395_H-161	1.0	1.0	-0.0	0.0	1.0
396_H-161	1.0	1.0	-0.0	0.0	1.0
397_H-161	1.0	1.0	-0.0	0.0	1.0
398_H-161	1.0	1.0	-0.0	0.0	1.0
399_H-161	1.0	1.0	-0.0	0.0	0.0
39_H-161	1.0	1.0	-0.0	0.0	0.0
3_H-161	0.0	0.0	nan	nan	nan
400_H-161	0.0	0.0	nan	nan	nan
401_H-161	1.0	1.0	-0.0	0.0	0.0
402_H-161	0.0	0.0	nan	nan	nan
403_H-161	1.0	1.0	-0.0	0.0	1.0
404_H-161	1.0	1.0	-0.0	0.0	1.0
405_H-161	2.0	2.0	0.9182958340544894	0.4444444444444444	0.6666666666666667
406_H-161	2.0	2.0	1.0	0.5	1.0
407_H-161	0.0	0.0	nan	nan	nan
408_H-161	2.0	2.0	0.9709505944546688	0.48	1.0
409_H-161	1.0	1.0	-0.0	0.0	1.0
40_H-161	1.0	1.0	-0.0	0.0	1.0
410_H-161	1.0	1.0	-0.0	0.0	1.0
411_H-161	1.0	1.0	-0.0	0.0	1.0
412_H-161	1.0	1.0	-0.0	0.0	1.0
413_H-161	1.0	1.0	-0.0	0.0	1.0
414_H-161	0.0	0.0	nan	nan	nan
415_H-161	1.0	1.0	-0.0	0.0	0.0
416_H-161	1.0	1.0	-0.0	0.0	1.0
417_H-161	1.0	1.0	-0.0	0.0	0.0
418_H-161	1.0	1.0	-0.0	0.0	1.0
419_H-161	1.0	1.0	-0.0	0.0	1.0
41_H-161	1.0	1.0	-0.0	0.0	1.0
420_H-161	2.0	2.0	1.0	0.5	1.0
421_H-161	0.0	0.0	nan	nan	nan
422_H-161	1.0	1.0	-0.0	0.0	1.0
423_H-161	0.0	0.0	nan	nan	nan
424_H-161	1.0	1.0	-0.0	0.0	1.0
425_H-161	0.0	0.0	nan	nan	nan
426_H-161	1.0	1.0	-0.0	0.0	0.0
427_H-161	2.0	2.0	0.9182958340544894	0.4444444444444444	1.0
428_H-161	0.0	0.0	nan	nan	nan
429_H-161	1.0	1.0	-0.0	0.0	1.0
42_H-161	0.0	0.0	nan	nan	nan
430_H-161	1.0	1.0	-0.0	0.0	0.0
431_H-161	1.0	1.0	-0.0	0.0	1.0
432_H-161	1.0	1.0	-0.0	0.0	1.0
433_H-161	0.0	0.0	nan	nan	nan
434_H-161	1.0	1.0	-0.0	0.0	1.0
435_H-161	2.0	2.0	0.9182958340544894	0.4444444444444444	0.6666666666666667
436_H-161	1.0	1.0	-0.0	0.0	1.0
437_H-161	1.0	1.0	-0.0	0.0	1.0
438_H-161	1.0	1.0	-0.0	0.0	1.0
439_H-161	1.0	1.0	-0.0	0.0	1.0
43_H-161	0.0	0.0	nan	nan	nan
440_H-161	1.0	1.0	-0.0	0.0	1.0
441_H-161	1.0	1.0	-0.0	0.0	1.0
442_H-161	0.0	0.0	nan	nan	nan
443_H-161	1.0	1.0	-0.0	0.0	1.0
444_H-161	1.0	1.0	-0.0	0.0	1.0
445_H-161	2.0	2.0	0.9709505944546688	0.48	1.0
446_H-161	1.0	1.0	-0.0	0.0	1.0
447_H-161	0.0	0.0	nan	nan	nan
448_H-161	1.0	1.0	-0.0	0.0	1.0
449_H-161	1.0	1.0	-0.0	0.0	1.0
44_H-161	1.0	1.0	-0.0	0.0	0.0
450_H-161	1.0	1.0	-0.0	0.0	0.0
451_H-161	1.0	1.0	-0.0	0.0	1.0
452_H-161	2.0	2.0	1.0	0.5	1.0
453_H-161	1.0	1.0	-0.0	0.0	0.0
454_H-161	1.0	1.0	-0.0	0.0	1.0
455_H-161	0.0	0.0	nan	nan	nan
456_H-161	1.0	1.0	-0.0	0.0	1.0
457_H-161	1.0	1.0	-0.0	0.0	0.0
458_H-161	2.0	2.0	0.9709505944546688	0.48	1.0
459_H-161	1.0	1.0	-0.0	0.0	1.0
45_H-161	0.0	0.0	nan	nan	nan
460_H-161	1.0	1.0	-0.0	0.0	1.0
461_H-161	1.0	1.0	-0.0	0.0	1.0
462_H-161	1.0	1.0	-0.0	0.0	1.0
463_H-161	1.0	1.0	-0.0	0.0	1.0
464_H-161	0.0	0.0	nan	nan	nan
465_H-161	1.0	1.0	-0.0	0.0	1.0
466_H-161	1.0	1.0	-0.0	0.0	1.0
467_H-161	1.0	1.0	-0.0	0.0	1.0
468_H-161	1.0	1.0	-0.0	0.0	1.0
469_H-161	1.0	1.0	-0.0	0.0	1.0
46_H-161	2.0	2.0	0.9182958340544894	0.4444444444444444	1.0
470_H-161	2.0	2.0	0.9709505944546688	0.48	1.0
471_H-161	0.0	0.0	nan	nan	nan
472_H-161	0.0	0.0	nan	nan	nan
473_H-161	0.0	0.0	nan	nan	nan
474_H-161	1.0	1.0	-0.0	0.0	1.0
475_H-161	1.0	1.0	-0.0	0.0	1.0
476_H-161	0.0	0.0	nan	nan	nan
477_H-161	1.0	1.0	-0.0	0.0	1.0
478_H-161	1.0	1.0	-0.0	0.0	1.0
479_H-161	2.0	2.0	0.9709505944546688	0.48	1.0
47_H-161	1.0	1.0	-0.0	0.0	1.0
480_H-161	1.0	1.0	-0.0	0.0	1.0
481_H-161	1.0	1.0	-0.0	0.0	1.0
482_H-161	1.0	1.0	-0.0	0.0	0.0
483_H-161	1.0	1.0	-0.0	0.0	0.0
484_H-161	0.0	0.0	nan	nan	nan
485_H-161	0.0	0.0	nan	nan	nan
486_H-161	1.0	1.0	-0.0	0.0	1.0
487_H-161	0.0	0.0	nan	nan	nan
488_H-161	1.0	1.0	-0.0	0.0	1.0
489_H-161	1.0	1.0	-0.0	0.0	1.0
48_H-161	1.0	1.0	-0.0	0.0	1.0
490_H-161	1.0	1.0	-0.0	0.0	0.0
491_H-161	1.0	1.0	-0.0	0.0	0.0
492_H-161	1.0	1.0	-0.0	0.0	1.0
493_H-161	1.0	1.0	-0.0	0.0	1.0
494_H-161	1.0	1.0	-0.0	0.0	0.0
495_H-161	1.0	1.0	-0.0	0.0	1.0
496_H-161	2.0	2.0	0.9182958340544894	0.4444444444444444	1.0
497_H-161	1.0	1.0	-0.0	0.0	1.0
498_H-161	1.0	1.0	-0.0	0.0	1.0
499_H-161	1.0	1.0	-0.0	0.0	1.0
49_H-161	0.0	0.0	nan	nan	nan
4_H-161	0.0	0.0	nan	nan	nan
500_H-161	1.0	1.0	-0.0	0.0	1.0
501_H-161	1.0	1.0	-0.0	0.0	0.0
502_H-161	1.0	1.0	-0.0	0.0	1.0
503_H-161	1.0	1.0	-0.0	0.0	1.0
504_H-161	1.0	1.0	-0.0	0.0	1.0
505_H-161	0.0	0.0	nan	nan	nan
506_H-161	0.0	0.0	nan	nan	nan
507_H-161	1.0	1.0	-0.0	0.0	0.0
508_H-161	0.0	0.0	nan	nan	nan
509_H-161	1.0	1.0	-0.0	0.0	0.0
50_H-161	0.0	0.0	nan	nan	nan
510_H-161	1.0	1.0	-0.0	0.0	1.0
511_H-161	1.0	1.0	-0.0	0.0	1.0
512_H-161	0.0	0.0	nan	nan	nan
513_H-161	1.0	1.0	-0.0	0.0	1.0
514_H-161	0.0	0.0	nan	nan	nan
515_H-161	0.0	0.0	nan	nan	nan
516_H-161	0.0	0.0	nan	nan	nan
517_H-161	0.0	0.0	nan	nan	nan
518_H-161	0.0	0.0	nan	nan	nan
519_H-161	1.0	1.0	-0.0	0.0	1.0
51_H-161	0.0	0.0	nan	nan	nan
520_H-161	1.0	1.0	-0.0	0.0	1.0
521_H-161	1.0	1.0	-0.0	0.0	1.0
522_H-161	1.0	1.0	-0.0	0.0	0.0
523_H-161	0.0	0.0	nan	nan	nan
524_H-161	1.0	1.0	-0.0	0.0	1.0
525_H-161	0.0	0.0	nan	nan	nan
526_H-161	0.0	0.0	nan	nan	nan
527_H-161	0.0	0.0	nan	nan	nan
528_H-161	1.0	1.0	-0.0	0.0	1.0
529_H-161	1.0	1.0	-0.0	0.0	1.0
52_H-161	1.0	1.0	-0.0	0.0	0.0
530_H-161	1.0	1.0	-0.0	0.0	1.0
531_H-161	1.0	1.0	-0.0	0.0	0.0
532_H-161	1.0	1.0	-0.0	0.0	1.0
533_H-161	1.0	1.0	-0.0	0.0	1.0
534_H-161	0.0	0.0	nan	nan	nan
535_H-161	1.0	1.0	-0.0	0.0	0.0
536_H-161	1.0	1.0	-0.0	0.0	1.0
537_H-161	1.0	1.0	-0.0	0.0	1.0
538_H-161	0.0	0.0	nan	nan	nan
539_H-161	1.0	1.0	-0.0	0.0	1.0
53_H-161	1.0	1.0	-0.0	0.0	0.0
540_H-161	1.0	1.0	-0.0	0.0	1.0
541_H-161	2.0	2.0	0.9182958340544894	0.4444444444444444	1.0
542_H-161	1.0	1.0	-0.0	0.0	1.0
543_H-161	1.0	1.0	-0.0	0.0	0.0
544_H-161	1.0	1.0	-0.0	0.0	0.0
545_H-161	2.0	2.0	1.0	0.5	1.0
546_H-161	1.0	1.0	-0.0	0.0	1.0
547_H-161	1.0	1.0	-0.0	0.0	1.0
548_H-161	0.0	0.0	nan	nan	nan
549_H-161	1.0	1.0	-0.0	0.0	1.0
54_H-161	1.0	1.0	-0.0	0.0	0.0
550_H-161	0.0	0.0	nan	nan	nan
551_H-161	1.0	1.0	-0.0	0.0	0.0
552_H-161	1.0	1.0	-0.0	0.0	1.0
553_H-161	1.0	1.0	-0.0	0.0	0.0
554_H-161	1.0	1.0	-0.0	0.0	1.0
555_H-161	0.0	0.0	nan	nan	nan
556_H-161	0.0	0.0	nan	nan	nan
557_H-161	1.0	1.0	-0.0	0.0	1.0
558_H-161	0.0	0.0	nan	nan	nan
559_H-161	0.0	0.0	nan	nan	nan
55_H-161	1.0	1.0	-0.0	0.0	1.0
560_H-161	1.0	1.0	-0.0	0.0	1.0
561_H-161	1.0	1.0	-0.0	0.0	1.0
562_H-161	0.0	0.0	nan	nan	nan
563_H-161	0.0	0.0	nan	nan	nan
564_H-161	1.0	1.0	-0.0	0.0	1.0
565_H-161	0.0	0.0	nan	nan	nan
566_H-161	0.0	0.0	nan	nan	nan
567_H-161	1.0	1.0	-0.0	0.0	1.0
568_H-161	0.0	0.0	nan	nan	nan
569_H-161	1.0	1.0	-0.0	0.0	0.0
56_H-161	1.0	1.0	-0.0	0.0	1.0
570_H-161	1.0	1.0	-0.0	0.0	1.0
571_H-161	1.0	1.0	-0.0	0.0	1.0
572_H-161	1.0	1.0	-0.0	0.0	1.0
573_H-161	1.0	1.0	-0.0	0.0	1.0
574_H-161	0.0	0.0	nan	nan	nan
575_H-161	1.0	1.0	-0.0	0.0	1.0
576_H-161	1.0	1.0	-0.0	0.0	1.0
577_H-161	0.0	0.0	nan	nan	nan
578_H-161	0.0	0.0	nan	nan	nan
579_H-161	1.0	1.0	-0.0	0.0	0.0
57_H-161	2.0	2.0	0.9182958340544894	0.4444444444444444	1.0
580_H-161	0.0	0.0	nan	nan	nan
581_H-161	0.0	0.0	nan	nan	nan
582_H-161	1.0	1.0	-0.0	0.0	1.0
583_H-161	1.0	1.0	-0.0	0.0	0.0
584_H-161	1.0	1.0	-0.0	0.0	1.0
585_H-161	2.0	2.0	0.9182958340544894	0.4444444444444444	0.6666666666666667
586_H-161	0.0	0.0	nan	nan	nan
587_H-161	0.0	0.0	nan	nan	nan
588_H-161	0.0	0.0	nan	nan	nan
589_H-161	0.0	0.0	nan	nan	nan
58_H-161	0.0	0.0	nan	nan	nan
590_H-161	0.0	0.0	nan	nan	nan
591_H-161	2.0	2.0	0.9709505944546688	0.48	1.0
592_H-161	0.0	0.0	nan	nan	nan
593_H-161	0.0	0.0	nan	nan	nan
594_H-161	0.0	0.0	nan	nan	nan
595_H-161	0.0	0.0	nan	nan	nan
596_H-161	0.0	0.0	nan	nan	nan
597_H-161	0.0	0.0	nan	nan	nan
598_H-161	2.0	2.0	0.9182958340544894	0.4444444444444444	0.6666666666666667
599_H-161	0.0	0.0	nan	nan	nan
59_H-161	2.0	2.0	1.0	0.5	1.0
5_H-161	1.0	1.0	-0.0	0.0	1.0
600_H-161	0.0	0.0	nan	nan	nan
601_H-161	0.0	0.0	nan	nan	nan
602_H-161	1.0	1.0	-0.0	0.0	1.0
603_H-161	1.0	1.0	-0.0	0.0	1.0
604_H-161	1.0	1.0	-0.0	0.0	1.0
605_H-161	1.0	1.0	-0.0	0.0	0.0
606_H-161	1.0	1.0	-0.0	0.0	0.0
607_H-161	1.0	1.0	-0.0	0.0	1.0
608_H-161	0.0	0.0	nan	nan	nan
609_H-161	1.0	1.0	-0.0	0.0	0.0
60_H-161	1.0	1.0	-0.0	0.0	1.0
610_H-161	1.0	1.0	-0.0	0.0	1.0
611_H-161	1.0	1.0	-0.0	0.0	1.0
612_H-161	0.0	0.0	nan	nan	nan
613_H-161	1.0	1.0	-0.0	0.0	1.0
614_H-161	1.0	1.0	-0.0	0.0	1.0
615_H-161	1.0	1.0	-0.0	0.0	0.0
616_H-161	1.0	1.0	-0.0	0.0	1.0
617_H-161	1.0	1.0	-0.0	0.0	0.0
618_H-161	1.0	1.0	-0.0	0.0	0.0
619_H-161	1.0	1.0	-0.0	0.0	0.0
61_H-161	1.0	1.0	-0.0	0.0	0.0
620_H-161	2.0	2.0	0.8631205685666311	0.40816326530612246	1.0
621_H-161	0.0	0.0	nan	nan	nan
622_H-161	0.0	0.0	nan	nan	nan
623_H-161	2.0	2.0	1.0	0.5	1.0
624_H-161	1.0	1.0	-0.0	0.0	0.0
625_H-161	1.0	1.0	-0.0	0.0	1.0
626_H-161	1.0	1.0	-0.0	0.0	0.0
627_H-161	2.0	2.0	0.9182958340544894	0.4444444444444444	0.6666666666666667
628_H-161	1.0	1.0	-0.0	0.0	1.0
629_H-161	1.0	1.0	-0.0	0.0	1.0
62_H-161	1.0	1.0	-0.0	0.0	0.0
630_H-161	1.0	1.0	-0.0	0.0	0.0
631_H-161	0.0	0.0	nan	nan	nan
632_H-161	1.0	1.0	-0.0	0.0	1.0
633_H-161	1.0	1.0	-0.0	0.0	1.0
634_H-161	1.0	1.0	-0.0	0.0	1.0
635_H-161	1.0	1.0	-0.0	0.0	1.0
636_H-161	0.0	0.0	nan	nan	nan
637_H-161	1.0	1.0	-0.0	0.0	1.0
638_H-161	0.0	0.0	nan	nan	nan
639_H-161	0.0	0.0	nan	nan	nan
63_H-161	0.0	0.0	nan	nan	nan
640_H-161	0.0	0.0	nan	nan	nan
641_H-161	1.0	1.0	-0.0	0.0	0.0
642_H-161	0.0	0.0	nan	nan	nan
643_H-161	1.0	1.0	-0.0	0.0	1.0
644_H-161	0.0	0.0	nan	nan	nan
645_H-161	0.0	0.0	nan	nan	nan
646_H-161	1.0	1.0	-0.0	0.0	1.0
647_H-161	1.0	1.0	-0.0	0.0	1.0
648_H-161	1.0	1.0	-0.0	0.0	1.0
649_H-161	1.0	1.0	-0.0	0.0	0.0
64_H-161	2.0	2.0	0.9182958340544894	0.4444444444444444	0.6666666666666667
650_H-161	0.0	0.0	nan	nan	nan
651_H-161	0.0	0.0	nan	nan	nan
652_H-161	1.0	1.0	-0.0	0.0	1.0
653_H-161	0.0	0.0	nan	nan	nan
654_H-161	0.0	0.0	nan	nan	nan
655_H-161	2.0	2.0	0.9182958340544894	0.4444444444444444	1.0
656_H-161	1.0	1.0	-0.0	0.0	1.0
657_H-161	0.0	0.0	nan	nan	nan
658_H-161	1.0	1.0	-0.0	0.0	1.0
659_H-161	0.0	0.0	nan	nan	nan
65_H-161	2.0	2.0	1.0	0.5	1.0
660_H-161	1.0	1.0	-0.0	0.0	1.0
661_H-161	1.0	1.0	-0.0	0.0	1.0
662_H-161	1.0	1.0	-0.0	0.0	1.0
663_H-161	2.0	2.0	0.9709505944546688	0.48	1.0
664_H-161	0.0	0.0	nan	nan	nan
665_H-161	1.0	1.0	-0.0	0.0	0.0
666_H-161	0.0	0.0	nan	nan	nan
667_H-161	2.0	2.0	0.9182958340544894	0.4444444444444444	0.6666666666666667
668_H-161	1.0	1.0	-0.0	0.0	0.0
669_H-161	1.0	1.0	-0.0	0.0	1.0
66_H-161	1.0	1.0	-0.0	0.0	0.0
670_H-161	1.0	1.0	-0.0	0.0	1.0
671_H-161	1.0	1.0	-0.0	0.0	1.0
672_H-161	1.0	1.0	-0.0	0.0	1.0
673_H-161	0.0	0.0	nan	nan	nan
674_H-161	1.0	1.0	-0.0	0.0	0.0
675_H-161	1.0	1.0	-0.0	0.0	0.0
676_H-161	0.0	0.0	nan	nan	nan
677_H-161	1.0	1.0	-0.0	0.0	1.0
678_H-161	1.0	1.0	-0.0	0.0	1.0
679_H-161	0.0	0.0	nan	nan	nan
67_H-161	1.0	1.0	-0.0	0.0	1.0
680_H-161	1.0	1.0	-0.0	0.0	1.0
681_H-161	1.0	1.0	-0.0	0.0	1.0
682_H-161	1.0	1.0	-0.0	0.0	0.0
683_H-161	1.0	1.0	-0.0	0.0	0.0
684_H-161	1.0	1.0	-0.0	0.0	1.0
685_H-161	0.0	0.0	nan	nan	nan
686_H-161	2.0	2.0	1.0	0.5	1.0
687_H-161	1.0	1.0	-0.0	0.0	0.0
688_H-161	1.0	1.0	-0.0	0.0	1.0
689_H-161	1.0	1.0	-0.0	0.0	1.0
68_H-161	1.0	1.0	-0.0	0.0	1.0
690_H-161	1.0	1.0	-0.0	0.0	1.0
691_H-161	1.0	1.0	-0.0	0.0	1.0
692_H-161	0.0	0.0	nan	nan	nan
693_H-161	1.0	1.0	-0.0	0.0	0.0
694_H-161	1.0	1.0	-0.0	0.0	1.0
695_H-161	1.0	1.0	-0.0	0.0	0.0
696_H-161	0.0	0.0	nan	nan	nan
697_H-161	2.0	2.0	1.0	0.5	1.0
698_H-161	1.0	1.0	-0.0	0.0	0.0
699_H-161	1.0	1.0	-0.0	0.0	1.0
69_H-161	1.0	1.0	-0.0	0.0	1.0
6_H-161	1.0	1.0	-0.0	0.0	1.0
700_H-161	0.0	0.0	nan	nan	nan
701_H-161	1.0	1.0	-0.0	0.0	0.0
702_H-161	1.0	1.0	-0.0	0.0	1.0
703_H-161	0.0	0.0	nan	nan	nan
704_H-161	0.0	0.0	nan	nan	nan
705_H-161	0.0	0.0	nan	nan	nan
706_H-161	1.0	1.0	-0.0	0.0	1.0
707_H-161	0.0	0.0	nan	nan	nan
708_H-161	1.0	1.0	-0.0	0.0	1.0
709_H-161	0.0	0.0	nan	nan	nan
70_H-161	2.0	2.0	1.0	0.5	1.0
710_H-161	1.0	1.0	-0.0	0.0	1.0
711_H-161	2.0	2.0	1.0	0.5	1.0
712_H-161	2.0	2.0	1.0	0.5	1.0
713_H-161	1.0	1.0	-0.0	0.0	0.0
714_H-161	2.0	2.0	0.9182958340544894	0.4444444444444444	1.0
715_H-161	1.0	1.0	-0.0	0.0	1.0
716_H-161	0.0	0.0	nan	nan	nan
717_H-161	1.0	1.0	-0.0	0.0	1.0
718_H-161	1.0	1.0	-0.0	0.0	1.0
719_H-161	2.0	2.0	0.9182958340544894	0.4444444444444444	0.6666666666666667
71_H-161	1.0	1.0	-0.0	0.0	1.0
720_H-161	0.0	0.0	nan	nan	nan
721_H-161	1.0	1.0	-0.0	0.0	1.0
722_H-161	0.0	0.0	nan	nan	nan
723_H-161	2.0	2.0	1.0	0.5	1.0
724_H-161	2.0	2.0	1.0	0.5	1.0
725_H-161	1.0	1.0	-0.0	0.0	1.0
726_H-161	1.0	1.0	-0.0	0.0	0.0
727_H-161	1.0	1.0	-0.0	0.0	1.0
728_H-161	1.0	1.0	-0.0	0.0	0.0
729_H-161	0.0	0.0	nan	nan	nan
72_H-161	0.0	0.0	nan	nan	nan
730_H-161	0.0	0.0	nan	nan	nan
731_H-161	1.0	1.0	-0.0	0.0	1.0
732_H-161	1.0	1.0	-0.0	0.0	0.0
733_H-161	1.0	1.0	-0.0	0.0	1.0
734_H-161	1.0	1.0	-0.0	0.0	1.0
735_H-161	1.0	1.0	-0.0	0.0	0.0
736_H-161	0.0	0.0	nan	nan	nan
737_H-161	1.0	1.0	-0.0	0.0	1.0
738_H-161	1.0	1.0	-0.0	0.0	1.0
739_H-161	1.0	1.0	-0.0	0.0	0.0
73_H-161	1.0	1.0	-0.0	0.0	1.0
740_H-161	0.0	0.0	nan	nan	nan
741_H-161	1.0	1.0	-0.0	0.0	1.0
742_H-161	0.0	0.0	nan	nan	nan
743_H-161	0.0	0.0	nan	nan	nan
744_H-161	0.0	0.0	nan	nan	nan
745_H-161	0.0	0.0	nan	nan	nan
746_H-161	1.0	1.0	-0.0	0.0	1.0
747_H-161	1.0	1.0	-0.0	0.0	1.0
748_H-161	0.0	0.0	nan	nan	nan
749_H-161	1.0	1.0	-0.0	0.0	1.0
74_H-161	0.0	0.0	nan	nan	nan
750_H-161	1.0	1.0	-0.0	0.0	1.0
751_H-161	1.0	1.0	-0.0	0.0	1.0
752_H-161	1.0	1.0	-0.0	0.0	1.0
753_H-161	2.0	2.0	1.0	0.5	1.0
754_H-161	0.0	0.0	nan	nan	nan
755_H-161	0.0	0.0	nan	nan	nan
756_H-161	1.0	1.0	-0.0	0.0	0.0
757_H-161	1.0	1.0	-0.0	0.0	1.0
758_H-161	0.0	0.0	nan	nan	nan
759_H-161	1.0	1.0	-0.0	0.0	1.0
75_H-161	1.0	1.0	-0.0	0.0	1.0
760_H-161	0.0	0.0	nan	nan	nan
761_H-161	1.0	1.0	-0.0	0.0	0.0
762_H-161	0.0	0.0	nan	nan	nan
763_H-161	0.0	0.0	nan	nan	nan
764_H-161	1.0	1.0	-0.0	0.0	1.0
765_H-161	1.0	1.0	-0.0	0.0	0.0
766_H-161	1.0	1.0	-0.0	0.0	1.0
767_H-161	1.0	1.0	-0.0	0.0	1.0
768_H-161	1.0	1.0	-0.0	0.0	1.0
769_H-161	1.0	1.0	-0.0	0.0	1.0
76_H-161	1.0	1.0	-0.0	0.0	1.0
770_H-161	0.0	0.0	nan	nan	nan
771_H-161	1.0	1.0	-0.0	0.0	0.0
772_H-161	1.0	1.0	-0.0	0.0	1.0
773_H-161	2.0	2.0	1.0	0.5	1.0
774_H-161	1.0	1.0	-0.0	0.0	1.0
775_H-161	1.0	1.0	-0.0	0.0	1.0
776_H-161	1.0	1.0	-0.0	0.0	0.0
777_H-161	2.0	2.0	0.9182958340544894	0.4444444444444444	0.6666666666666667
778_H-161	0.0	0.0	nan	nan	nan
779_H-161	1.0	1.0	-0.0	0.0	1.0
77_H-161	1.0	1.0	-0.0	0.0	1.0
780_H-161	0.0	0.0	nan	nan	nan
781_H-161	0.0	0.0	nan	nan	nan
782_H-161	1.0	1.0	-0.0	0.0	1.0
783_H-161	1.0	1.0	-0.0	0.0	1.0
784_H-161	1.0	1.0	-0.0	0.0	0.0
785_H-161	1.0	1.0	-0.0	0.0	1.0
786_H-161	1.0	1.0	-0.0	0.0	0.0
787_H-161	1.0	1.0	-0.0	0.0	0.0
788_H-161	1.0	1.0	-0.0	0.0	1.0
789_H-161	1.0	1.0	-0.0	0.0	0.0
78_H-161	1.0	1.0	-0.0	0.0	1.0
790_H-161	1.0	1.0	-0.0	0.0	1.0
791_H-161	0.0	0.0	nan	nan	nan
792_H-161	1.0	1.0	-0.0	0.0	0.0
793_H-161	1.0	1.0	-0.0	0.0	1.0
794_H-161	1.0	1.0	-0.0	0.0	0.0
795_H-161	0.0	0.0	nan	nan	nan
796_H-161	0.0	0.0	nan	nan	nan
797_H-161	0.0	0.0	nan	nan	nan
798_H-161	0.0	0.0	nan	nan	nan
799_H-161	1.0	1.0	-0.0	0.0	1.0
79_H-161	1.0	1.0	-0.0	0.0	1.0
7_H-161	1.0	1.0	-0.0	0.0	1.0
800_H-161	2.0	2.0	1.0	0.5	1.0
801_H-161	0.0	0.0	nan	nan	nan
802_H-161	2.0	2.0	1.0	0.5	1.0
803_H-161	0.0	0.0	nan	nan	nan
804_H-161	1.0	1.0	-0.0	0.0	1.0
805_H-161	1.0	1.0	-0.0	0.0	1.0
806_H-161	2.0	2.0	0.9182958340544894	0.4444444444444444	1.0
807_H-161	0.0	0.0	nan	nan	nan
808_H-161	1.0	1.0	-0.0	0.0	0.0
809_H-161	1.0	1.0	-0.0	0.0	1.0
80_H-161	1.0	1.0	-0.0	0.0	1.0
810_H-161	1.0	1.0	-0.0	0.0	1.0
811_H-161	0.0	0.0	nan	nan	nan
812_H-161	1.0	1.0	-0.0	0.0	1.0
813_H-161	1.0	1.0	-0.0	0.0	0.0
814_H-161	1.0	1.0	-0.0	0.0	1.0
815_H-161	0.0	0.0	nan	nan	nan
816_H-161	1.0	1.0	-0.0	0.0	1.0
817_H-161	1.0	1.0	-0.0	0.0	1.0
818_H-161	2.0	2.0	0.9709505944546688	0.48	1.0
819_H-161	0.0	0.0	nan	nan	nan
81_H-161	0.0	0.0	nan	nan	nan
820_H-161	0.0	0.0	nan	nan	nan
821_H-161	1.0	1.0	-0.0	0.0	1.0
822_H-161	1.0	1.0	-0.0	0.0	1.0
823_H-161	1.0	1.0	-0.0	0.0	1.0
824_H-161	0.0	0.0	nan	nan	nan
825_H-161	1.0	1.0	-0.0	0.0	0.0
826_H-161	1.0	1.0	-0.0	0.0	1.0
827_H-161	1.0	1.0	-0.0	0.0	0.0
828_H-161	0.0	0.0	nan	nan	nan
829_H-161	0.0	0.0	nan	nan	nan
82_H-161	0.0	0.0	nan	nan	nan
830_H-161	0.0	0.0	nan	nan	nan
831_H-161	1.0	1.0	-0.0	0.0	1.0
832_H-161	0.0	0.0	nan	nan	nan
833_H-161	1.0	1.0	-0.0	0.0	1.0
834_H-161	0.0	0.0	nan	nan	nan
835_H-161	2.0	2.0	0.9182958340544894	0.4444444444444444	0.6666666666666667
836_H-161	0.0	0.0	nan	nan	nan
837_H-161	1.0	1.0	-0.0	0.0	0.0
838_H-161	1.0	1.0	-0.0	0.0	1.0
839_H-161	0.0	0.0	nan	nan	nan
83_H-161	1.0	1.0	-0.0	0.0	0.0
840_H-161	1.0	1.0	-0.0	0.0	0.0
841_H-161	1.0	1.0	-0.0	0.0	0.0
842_H-161	1.0	1.0	-0.0	0.0	1.0
843_H-161	0.0	0.0	nan	nan	nan
844_H-161	0.0	0.0	nan	nan	nan
845_H-161	1.0	1.0	-0.0	0.0	0.0
846_H-161	0.0	0.0	nan	nan	nan
847_H-161	1.0	1.0	-0.0	0.0	1.0
848_H-161	1.0	1.0	-0.0	0.0	1.0
849_H-161	1.0	1.0	-0.0	0.0	1.0
84_H-161	1.0	1.0	-0.0	0.0	0.0
850_H-161	0.0	0.0	nan	nan	nan
851_H-161	0.0	0.0	nan	nan	nan
852_H-161	2.0	2.0	1.0	0.5	1.0
853_H-161	1.0	1.0	-0.0	0.0	1.0
854_H-161	0.0	0.0	nan	nan	nan
855_H-161	1.0	1.0	-0.0	0.0	1.0
856_H-161	1.0	1.0	-0.0	0.0	1.0
857_H-161	1.0	1.0	-0.0	0.0	1.0
858_H-161	1.0	1.0	-0.0	0.0	1.0
859_H-161	1.0	1.0	-0.0	0.0	0.0
85_H-161	1.0	1.0	-0.0	0.0	1.0
860_H-161	1.0	1.0	-0.0	0.0	0.0
861_H-161	1.0	1.0	-0.0	0.0	0.0
862_H-161	1.0	1.0	-0.0	0.0	0.0
863_H-161	1.0	1.0	-0.0	0.0	1.0
864_H-161	2.0	2.0	0.9182958340544894	0.4444444444444444	0.6666666666666667
865_H-161	1.0	1.0	-0.0	0.0	1.0
866_H-161	1.0	1.0	-0.0	0.0	1.0
867_H-161	1.0	1.0	-0.0	0.0	1.0
868_H-161	1.0	1.0	-0.0	0.0	1.0
869_H-161	1.0	1.0	-0.0	0.0	1.0
86_H-161	0.0	0.0	nan	nan	nan
870_H-161	1.0	1.0	-0.0	0.0	1.0
871_H-161	2.0	2.0	1.0	0.5	1.0
872_H-161	1.0	1.0	-0.0	0.0	1.0
873_H-161	1.0	1.0	-0.0	0.0	1.0
874_H-161	0.0	0.0	nan	nan	nan
875_H-161	0.0	0.0	nan	nan	nan
876_H-161	1.0	1.0	-0.0	0.0	1.0
877_H-161	0.0	0.0	nan	nan	nan
878_H-161	1.0	1.0	-0.0	0.0	1.0
879_H-161	0.0	0.0	nan	nan	nan
87_H-161	0.0	0.0	nan	nan	nan
880_H-161	1.0	1.0	-0.0	0.0	0.0
881_H-161	0.0	0.0	nan	nan	nan
882_H-161	1.0	1.0	-0.0	0.0	1.0
883_H-161	1.0	1.0	-0.0	0.0	0.0
884_H-161	1.0	1.0	-0.0	0.0	1.0
885_H-161	0.0	0.0	nan	nan	nan
886_H-161	0.0	0.0	nan	nan	nan
887_H-161	1.0	1.0	-0.0	0.0	0.0
888_H-161	1.0	1.0	-0.0	0.0	0.0
889_H-161	1.0	1.0	-0.0	0.0	0.0
88_H-161	0.0	0.0	nan	nan	nan
890_H-161	1.0	1.0	-0.0	0.0	1.0
891_H-161	0.0	0.0	nan	nan	nan
892_H-161	1.0	1.0	-0.0	0.0	1.0
893_H-161	1.0	1.0	-0.0	0.0	1.0
894_H-161	1.0	1.0	-0.0	0.0	1.0
895_H-161	1.0	1.0	-0.0	0.0	1.0
896_H-161	0.0	0.0	nan	nan	nan
897_H-161	1.0	1.0	-0.0	0.0	0.0
898_H-161	1.0	1.0	-0.0	0.0	1.0
899_H-161	1.0	1.0	-0.0	0.0	1.0
89_H-161	0.0	0.0	nan	nan	nan
8_H-161	0.0	0.0	nan	nan	nan
900_H-161	1.0	1.0	-0.0	0.0	0.0
901_H-161	1.0	1.0	-0.0	0.0	1.0
902_H-161	0.0	0.0	nan	nan	nan
903_H-161	1.0	1.0	-0.0	0.0	1.0
904_H-161	1.0	1.0	-0.0	0.0	1.0
905_H-161	0.0	0.0	nan	nan	nan
906_H-161	0.0	0.0	nan	nan	nan
907_H-161	0.0	0.0	nan	nan	nan
908_H-161	1.0	1.0	-0.0	0.0	1.0
909_H-161	0.0	0.0	nan	nan	nan
90_H-161	0.0	0.0	nan	nan	nan
910_H-161	0.0	0.0	nan	nan	nan
911_H-161	1.0	1.0	-0.0	0.0	1.0
912_H-161	0.0	0.0	nan	nan	nan
913_H-161	1.0	1.0	-0.0	0.0	1.0
914_H-161	1.0	1.0	-0.0	0.0	1.0
915_H-161	0.0	0.0	nan	nan	nan
916_H-161	1.0	1.0	-0.0	0.0	1.0
917_H-161	1.0	1.0	-0.0	0.0	0.0
918_H-161	1.0	1.0	-0.0	0.0	1.0
919_H-161	1.0	1.0	-0.0	0.0	1.0
91_H-161	2.0	2.0	0.9182958340544894	0.4444444444444444	0.6666666666666667
920_H-161	1.0	1.0	-0.0	0.0	1.0
921_H-161	0.0	0.0	nan	nan	nan
922_H-161	1.0	1.0	-0.0	0.0	0.0
923_H-161	1.0	1.0	-0.0	0.0	0.0
924_H-161	1.0	1.0	-0.0	0.0	1.0
925_H-161	1.0	1.0	-0.0	0.0	1.0
926_H-161	1.0	1.0	-0.0	0.0	1.0
927_H-161	0.0	0.0	nan	nan	nan
928_H-161	1.0	1.0	-0.0	0.0	1.0
929_H-161	2.0	2.0	0.9709505944546688	0.48	1.0
92_H-161	0.0	0.0	nan	nan	nan
930_H-161	1.0	1.0	-0.0	0.0	0.0
931_H-161	0.0	0.0	nan	nan	nan
932_H-161	0.0	0.0	nan	nan	nan
933_H-161	1.0	1.0	-0.0	0.0	0.0
934_H-161	1.0	1.0	-0.0	0.0	1.0
935_H-161	1.0	1.0	-0.0	0.0	1.0
936_H-161	1.0	1.0	-0.0	0.0	0.0
937_H-161	0.0	0.0	nan	nan	nan
938_H-161	1.0	1.0	-0.0	0.0	1.0
939_H-161	1.0	1.0	-0.0	0.0	1.0
93_H-161	1.0	1.0	-0.0	0.0	1.0
940_H-161	0.0	0.0	nan	nan	nan
941_H-161	0.0	0.0	nan	nan	nan
942_H-161	0.0	0.0	nan	nan	nan
943_H-161	0.0	0.0	nan	nan	nan
944_H-161	1.0	1.0	-0.0	0.0	0.0
945_H-161	2.0	2.0	1.0	0.5	1.0
946_H-161	1.0	1.0	-0.0	0.0	1.0
947_H-161	1.0	1.0	-0.0	0.0	0.0
948_H-161	2.0	2.0	0.9182958340544894	0.4444444444444444	0.6666666666666667
949_H-161	0.0	0.0	nan	nan	nan
94_H-161	2.0	2.0	0.8631205685666311	0.40816326530612246	1.0
950_H-161	1.0	1.0	-0.0	0.0	1.0
951_H-161	0.0	0.0	nan	nan	nan
952_H-161	1.0	1.0	-0.0	0.0	0.0
953_H-161	1.0	1.0	-0.0	0.0	1.0
954_H-161	1.0	1.0	-0.0	0.0	1.0
955_H-161	1.0	1.0	-0.0	0.0	0.0
956_H-161	1.0	1.0	-0.0	0.0	1.0
957_H-161	0.0	0.0	nan	nan	nan
958_H-161	1.0	1.0	-0.0	0.0	1.0
959_H-161	0.0	0.0	nan	nan	nan
95_H-161	1.0	1.0	-0.0	0.0	0.0
960_H-161	0.0	0.0	nan	nan	nan
961_H-161	1.0	1.0	-0.0	0.0	1.0
962_H-161	0.0	0.0	nan	nan	nan
963_H-161	0.0	0.0	nan	nan	nan
964_H-161	1.0	1.0	-0.0	0.0	1.0
965_H-161	1.0	1.0	-0.0	0.0	1.0
966_H-161	0.0	0.0	nan	nan	nan
967_H-161	1.0	1.0	-0.0	0.0	1.0
968_H-161	1.0	1.0	-0.0	0.0	1.0
969_H-161	0.0	0.0	nan	nan	nan
96_H-161	0.0	0.0	nan	nan	nan
970_H-161	2.0	2.0	0.9182958340544894	0.4444444444444444	0.6666666666666667
971_H-161	1.0	1.0	-0.0	0.0	1.0
972_H-161	0.0	0.0	nan	nan	nan
973_H-161	2.0	2.0	0.9182958340544894	0.4444444444444444	0.6666666666666667
974_H-161	2.0	2.0	0.8631205685666311	0.40816326530612246	1.0
975_H-161	0.0	0.0	nan	nan	nan
976_H-161	2.0	2.0	1.0	0.5	1.0
977_H-161	0.0	0.0	nan	nan	nan
978_H-161	1.0	1.0	-0.0	0.0	1.0
979_H-161	0.0	0.0	nan	nan	nan
97_H-161	0.0	0.0	nan	nan	nan
980_H-161	0.0	0.0	nan	nan	nan
981_H-161	0.0	0.0	nan	nan	nan
982_H-161	1.0	1.0	-0.0	0.0	1.0
983_H-161	1.0	1.0	-0.0	0.0	1.0
984_H-161	0.0	0.0	nan	nan	nan
985_H-161	1.0	1.0	-0.0	0.0	1.0
986_H-161	1.0	1.0	-0.0	0.0	0.0
987_H-161	1.0	1.0	-0.0	0.0	1.0
988_H-161	1.0	1.0	-0.0	0.0	1.0
989_H-161	1.0	1.0	-0.0	0.0	0.0
98_H-161	0.0	0.0	nan	nan	nan
990_H-161	1.0	1.0	-0.0	0.0	1.0
991_H-161	1.0	1.0	-0.0	0.0	0.0
992_H-161	0.0	0.0	nan	nan	nan
993_H-161	1.0	1.0	-0.0	0.0	1.0
994_H-161	0.0	0.0	nan	nan	nan
995_H-161	0.0	0.0	nan	nan	nan
996_H-161	1.0	1.0	-0.0	0.0	1.0
997_H-161	1.0	1.0	-0.0	0.0	1.0
998_H-161	1.0	1.0	-0.0	0.0	1.0
999_H-161	1.0	1.0	-0.0	0.0	1.0
99_H-161	1.0	1.0	-0.0	0.0	1.0
9_H-161	0.0	0.0	nan	nan	nan
