Eigvals	21
0.06728983781516017	0.058532847762864666	0.04918724814247967	0.042015970461056304	0.03423309166335382	0.028825303164530837	0.0203909469623153	0.018891210193313936	0.018695026237940778	0.013243028366230317	0.011673582158363071	0.010847298968623775	0.008955733908640509	0.006568301756792433	0.0031423660630391067	0.0014988606577486531	0.0	0.0	0.0	0.0	0.0

Proportion explained	21
0.170790441559357	0.14856405127036912	0.12484369263037684	0.10664204849624404	0.0868880804436848	0.07316240334946085	0.05175490012434903	0.047948371333119896	0.0474504307011766	0.033612544415168644	0.02962908391729068	0.02753186871495512	0.022730828285637737	0.0166712120843445	0.00797573756860317	0.003804305105862015	0.0	0.0	0.0	0.0	0.0

Species	0	0

Site	21	21
146	-0.06790251007815015	0.09003473079284618	0.010271880896862692	-0.044619661684583936	0.028047160208171107	-0.059620678669319235	0.009419095936233893	-0.012972425165838207	0.05621071787904466	0.025903383029309075	0.012317882835070374	0.032842471512484095	-0.012390970048494212	0.0031991055958030595	0.01038989373571762	-0.0021103720839156983	-0.0	0.0	0.0	0.0	0.0
074	0.03109951063217018	0.11882886611446142	0.014977456152630783	0.04666963734696776	0.05635468780534265	-0.0195904703972901	0.00772557333487531	-0.0400802802739776	-0.03319603148577212	-0.007686222566392337	-0.01565155283656923	0.003027455530896613	0.001067821465552532	0.0013945290891108132	-0.016413814045979424	0.013796719816721726	-0.0	0.0	0.0	0.0	0.0
152	-0.06917105491815023	0.07298955712760997	-0.029362680622944014	0.028584684553916	0.008352194528418264	0.05191997954998298	-0.04250016983454109	0.03549466865718264	-0.003101810929089309	-0.002815655167765115	0.01151744275679837	-0.04035854449127559	0.007162708188180756	0.00598797192324723	0.019972939715655332	-0.00017949243683597747	-0.0	0.0	0.0	0.0	0.0
024	0.032153244852646104	-0.019046280427459778	-0.021650821976624577	0.07145777716519179	-0.003510242499702996	0.01205587625993598	-0.010516378075965395	-0.0021633261745229474	-0.03761356132654428	0.02907631218993457	0.004430317980056691	0.03092365424001125	-0.013227770592940632	0.047025734975844086	0.015884952245042286	-0.0028693657323925746	-0.0	0.0	0.0	0.0	0.0
197	0.03773165999674639	0.013362973787661853	0.05984079247843748	-0.04010366500078101	-0.011361623570940473	0.023144166833799544	0.020581258036877416	-0.056898653511701265	-0.032093298926460095	-0.043306976839832693	0.01940282373727055	-0.000170042513282635	0.002235010850948362	0.0013786977708987642	0.003982847965537276	-0.021419120589884696	-0.0	0.0	0.0	0.0	0.0
193	-0.11551213859138566	-0.08437582373021348	0.0023389255026277137	-0.01796512796778367	0.026051518413065387	0.07818167938445815	-0.005997998248942005	-0.05348030178239575	0.0391749299501592	0.01363138708955655	-0.011233617795050246	0.007168767600323779	0.01310585285382831	0.004355326058625329	-0.0064297714137010065	0.0028692377063909854	-0.0	0.0	0.0	0.0	0.0
153	0.05225661968174847	0.06409340563207087	0.050700338692136075	-0.0808224805820516	0.01978654962539678	0.061636332152703054	0.007141589171492577	0.06828485483170292	0.0017179812033143612	0.027363095877992513	-0.007740279747780559	0.005105139403514162	-0.005146516888581934	-0.0021583187373984546	-0.012302640931557023	-0.0063081394511268285	-0.0	0.0	0.0	0.0	0.0
445	0.06360094464770166	-0.020082991891475426	-0.10908171212502983	-0.027779110859407926	0.01842506993374923	0.013558701077329722	0.009335790706671086	-0.011863011204029246	0.025008663143800396	-0.019439786739270774	0.0349875729602186	-0.001264607193907291	-0.047758306381495225	-0.014883557212224294	0.0008028155849053736	0.007094626070004034	-0.0	0.0	0.0	0.0	0.0
446	0.04267282343834618	-0.015577037873292444	-0.10335062205755015	0.017199437643318854	0.04616890260989928	-0.010875615188726503	-0.005229866092619016	0.019130460293497565	0.00945105440636751	-0.022813822196621633	-0.008817494847512835	-0.013454923658363179	0.039135128540419784	-0.0020900555151202593	-0.01030476296894114	-0.0071354130142458165	-0.0	0.0	0.0	0.0	0.0
010	0.0007120932730019038	-0.03406682955382367	0.0006383449105589761	0.014196772912045186	-0.053169351928899274	-0.0633874879911231	-0.015699816364545066	0.019665171830591778	0.011825766587086313	0.003957221600025522	-0.029098466710564836	0.012536470067331398	0.003545549649824587	-0.02386542178419905	0.010037257866169127	-0.007347515144976421	-0.0	0.0	0.0	0.0	0.0
288	-0.03506868389678819	-0.08577520337676489	0.06180519468223341	-0.006771257541942315	0.11779423796498573	-0.05608359322431896	-0.012678246422311567	0.016328430880732644	-0.024105502216436682	-0.0025009737535384205	-0.004009097868230941	-0.01789744270448162	-0.004890198358503337	-0.003752828950164956	0.0035125631356800096	-0.0013957314142408312	-0.0	0.0	0.0	0.0	0.0
258	0.005691276793171772	0.018331280228386385	-0.017235847168522243	0.05761021118435798	0.014918440747416875	0.0220362756942441	0.029877880075798977	0.008836146588724834	0.011043754342381133	-0.01660655655462032	0.0005351425298494497	0.03299216543868532	0.0174553936027612	-0.024829984083601042	0.01661779689486273	-0.00593683180153931	-0.0	0.0	0.0	0.0	0.0
039	0.068862642277588	-0.021162053480364734	0.042026532181833554	0.09631009799165637	-0.0171861458098934	0.005142058218747355	0.032044920096055356	-0.010631770214274763	0.05104708554425034	0.04045082406855231	-0.0053875953526355816	-0.034030132581393945	-0.01150579571487278	-0.0018766349197930725	-0.01366185164583935	-0.006785164571017433	-0.0	0.0	0.0	0.0	0.0
015	0.006860839183297898	-0.037626614842231905	0.06552824207949244	0.010000786589424899	-0.031032216999468683	-0.020853527218135118	0.016113444799226617	0.030284338675369175	0.015426303562531928	-0.016735288852425943	0.07112484800869863	0.0027887885811958405	0.030506045048097088	0.01142956552991082	-0.004222667893413478	0.012612722814652758	-0.0	0.0	0.0	0.0	0.0
420	-0.08939653671482073	-0.02390456691489524	-0.026595740457201016	-0.011302346940130985	-0.031045583095569533	0.0015342278716662218	0.09860953150118429	0.02207562485924691	-0.05106443178936273	0.0056079283978874885	-0.015164445276430913	-0.01436551772241334	-0.014096770721731709	-0.005599825525214852	0.0023215243907610257	0.005717766938901676	-0.0	0.0	0.0	0.0	0.0
164	-0.03501682182584735	0.015248004430004035	-0.031936829795719684	-0.0005299097134762625	-0.04295175458248379	0.0017909939551875502	-0.022020345498686623	-0.006557469064620382	-0.028665904023652024	0.017458350688865636	0.0013641165250305233	0.03311287712235731	0.028576838785803815	-0.015289163717190565	-0.019299568502098845	0.0026885963030734276	-0.0	0.0	0.0	0.0	0.0
165	0.02479962353112573	0.03298283922428248	0.017856297230756494	-0.031402325948452194	-0.04399947475601422	-0.012960405351767745	-0.024057767401764484	-0.04369548628401699	-0.011941675550542753	0.02368036774052749	0.00106821729764404	-0.045306169989144704	0.01187754210990622	-0.01929059533327481	0.01642230708366865	0.007569118321715611	-0.0	0.0	0.0	0.0	0.0
434	0.11608165098216286	-0.07246171106942034	0.01444624813316863	-0.053129668672325034	0.0013657061464805137	0.019711509920981755	-0.019192498420154996	-0.0014493232386005464	-0.012527666735736125	0.013955753108981209	-0.023094823328580077	0.019740392251867297	0.0037586877505886474	-0.0025704732849130894	0.011363918195696586	0.012160179136922676	-0.0	0.0	0.0	0.0	0.0
314	0.00759276021537608	0.014538020318116806	-0.010521376462024303	-0.04432548944114366	-0.038987361099494716	-0.026418901912234706	0.01310394469709283	0.003256964381863787	0.03931762025125159	-0.0430841984361529	-0.043391502580976515	-0.01307709834108183	0.007839790678558362	0.04230147722379465	-0.000940149348506553	0.0037405557110899434	-0.0	0.0	0.0	0.0	0.0
418	-0.044802356658565384	-0.004615139273247307	0.06034392109011317	0.04964912069169785	-0.035089740127087696	0.01875884629523937	-0.04948930398721993	0.01907659153358008	0.0016969824146371363	-0.04803798511330564	-0.014422744233186909	0.011381994060032541	-0.04054428356885245	-0.012463217926266184	-0.009257362512642388	0.004018187503430956	-0.0	0.0	0.0	0.0	0.0
161	-0.03324558682137543	-0.021715425222250513	-0.05103854336523574	-0.03292748172649807	-0.028930973513371327	-0.039679967261360395	-0.036570638008758004	-0.0026412056185146607	-0.027610976301228732	0.021942842428293034	0.021263255946881082	-0.011695696613355845	-0.016705757248997137	0.011597668822126041	-0.018476227551017216	-0.010780564082727291	-0.0	0.0	0.0	0.0	0.0

Biplot	0	0

Site constraints	0	0
