Eigvals	22
1.5940015905560796	1.3381787751343492	1.2436442956890075	0.7349078224555881	0.6359571206468276	0.6152141035996699	0.5298126281692972	0.4547166729985303	0.4291395369002398	0.30432149979069467	0.2600465841427346	0.1857561467822759	0.18073442850960367	0.15845925390344082	0.1077734079521035	0.07970686865663566	0.061336058817937224	0.028564054688395197	0.005032602355496181	0.0	0.0	0.0

Proportion explained	22
0.1781544125727069	0.14956224323349385	0.13899654822212554	0.08213735304930754	0.07107807666035051	0.06875972262675582	0.059214782534925195	0.05082164424742383	0.04796300239670053	0.034012649892992027	0.029064241035873656	0.02076113186325055	0.02019987692205476	0.017710280506074393	0.012045350706311105	0.008908479419132202	0.006855256351671856	0.00319247635250505	0.000562471406344497	0.0	0.0	0.0

Species	0	0

Site	22	22
H-10	-0.5975436812201166	0.06271482258767154	0.14443632520146227	-0.023615886595179426	0.05212402390176079	-0.0021447902606798667	0.046888013428464395	-0.03634751476846813	0.07036675814318735	-0.02236386052754174	0.03709435020110324	-0.03935393147308252	0.029970584007395315	-0.023395516290386373	0.02749297349035211	-0.03884876614524501	0.005303800133173109	-0.0036631088290261923	-0.015422652378864223	0.0	0.0	0.0
H-118	0.1881062866408655	-0.4269530357873405	0.17395464768645444	0.04109863590325319	-0.01880219018804471	0.02844686417198931	0.05225158592717537	-0.06408127322531083	0.009615780122595976	0.08084002886454966	-0.04959609519554986	0.06015153909396314	-0.04919715453765565	0.0855433647795878	-0.20332821938962414	0.026500368454647576	0.029914080364345744	0.0742788748651305	0.00039773106764217324	0.0	0.0	0.0
H-119	-0.5007321272943085	0.21571042753715788	0.20567003919022125	-0.02306257517747688	-0.05248136950596747	0.037965681538323845	-0.020620124380860746	0.019565106231802114	-0.05593225271236608	0.043099145762330225	0.014749805522608253	-0.016899202605960666	0.007498960348030457	-0.011058838757839305	-0.1199156755607925	-0.03414580449895297	-0.0953467036837557	0.004524200136291189	-0.009856456209539205	0.0	0.0	0.0
H-120	0.0005134441553435848	-0.021822275999330475	-0.41160816170610454	-0.2171047454283916	-0.08643552626658596	-0.3396089421476409	-0.06936301421997411	0.10153388625261826	0.0007371877521208652	-0.1930147403684451	0.10463104042137622	0.02032229124652924	-0.005117606607592832	-0.1395505552875599	-0.09416276508457862	0.07268178864735347	0.06149945730364451	-0.012090868058256946	-0.0033984860945758238	0.0	0.0	0.0
H-161	-0.013406082394023657	0.08822721148622771	-0.4314087329947093	0.2838034533236669	-0.2306067216955575	-0.1184432330524699	-0.07361337206634974	-0.2602298128262853	0.06796255394202867	0.048646074139316625	-0.004422475341023395	-0.19044711540295256	-0.1745714023369147	0.03728607383211026	0.025790543882007817	-0.03314910090072525	-0.008378198619050413	0.017326580692740297	0.0005609474833736534	0.0	0.0	0.0
H-193	0.12468056612371381	-0.30520061492351813	-0.06664597838907044	-0.21926414564851227	-0.28159278248402597	0.0731386850197598	0.015926023150103986	0.21906165388402477	0.013117489585027313	-0.22382965561531243	-0.014999950203989601	0.02283129186053658	-0.020816419361797803	0.07357887873697858	0.05776223428325478	-0.14195915083318178	-0.05594363938704393	0.024436547289642153	0.0029879383231033577	0.0	0.0	0.0
H-314	0.2680870034568599	0.09226889459966824	0.28162661733903843	0.08374783939633205	-0.07999582206052075	-0.04267209759296501	-0.07975439819216121	0.09526947215028668	-0.11476923896445279	0.15014899230224216	-0.15941954567475383	-0.006909026335328186	-0.03026640935963043	-0.2605927038068612	0.00962410521398977	-0.09338566858240709	0.041323637588588404	0.005660499371668694	0.00579447868311395	0.0	0.0	0.0
O-121	0.11954205853999693	-0.4112917992559343	0.13451108744804022	0.07918247194598489	0.022461018223091853	-0.06797913156287613	-0.05368523257968834	0.007579653089031396	-0.13550639789243968	-0.07389241683412652	-0.15915911601554492	-0.23679102791479748	0.19592500428271975	0.04101677790850415	0.012544899418729438	0.06415505236168056	-0.013410202156365614	-0.032780058171986794	-0.001427905498559255	0.0	0.0	0.0
O-122	0.10882942659756856	-0.3050198859098096	0.07198004336220976	0.07688755180150764	0.08131378752452495	0.0846090159626408	-0.12209910704874413	-0.15608591078749023	-0.36399059920982724	0.01922260486351698	0.3166907101409752	0.051779895116110516	-0.013979048149051355	-0.03484874216273921	0.055995487721688185	-0.005485011472111187	-0.022938911331607942	-0.0012441805359529035	-0.003970287843828814	0.0	0.0	0.0
O-123	-0.545840347512333	0.012427851877657006	0.08440456079801159	0.015818938671191645	-0.1411579812614774	0.03913645785433072	-0.03917948861514145	0.011021764245200547	-0.08429620191034226	-0.007512478887402725	-0.0563560982474051	0.05754424336769947	-0.058274602238493116	0.02624701136829618	-0.05122099375153411	0.03289350227279075	-0.0042221355628525945	-0.07250349464019254	0.024958292982301747	0.0	0.0	0.0
O-152	-0.5012068296091471	-0.07623601702036714	0.17441862337508846	-0.03684325742502035	0.008428765308908459	-0.05465274128329248	0.026573340788155153	0.007097423874421904	0.031369476297078	-0.0069106535071348655	-0.0174700064785191	0.01464361631400096	0.021985397953997933	0.011126876498408848	0.13969984423871967	0.04868808276686502	0.10427450046122964	0.08401383250072962	0.0015173373933729973	0.0	0.0	0.0
O-39	0.1675347794973903	0.015563125303265446	0.24774079160376106	0.050611486457981775	0.1656719330873056	-0.2081223153641683	0.15506837002946608	-0.06908301484396505	0.30814750551450615	-0.03812719470672716	0.12502939972558802	-0.0315587504658042	0.05863991328631209	-0.09781238213299409	0.0077759362223764	0.01212963583096743	-0.10980866862637109	0.019752694686102336	0.008860255926315133	0.0	0.0	0.0
O-418	0.2727591044076129	0.48729224013350086	0.22714623339627635	0.023482733871400978	-0.004576024307532762	-0.05526348488071219	-0.031071044767054322	0.05202786936385601	-0.022040790496090645	-0.04344473129702138	0.048974082594617094	-0.02810790222609284	0.025877819050626062	0.11233557304025321	-0.03359758227604597	-0.035565930971025915	0.06199664813458406	-0.01861367476287394	-0.04154291578273165	0.0	0.0	0.0
O-420	0.2714404807763535	0.476963937267929	0.2301906867564494	0.031105254967821995	-0.008138407585730834	-0.05784415431381305	-0.036319169485631145	0.05707937408170885	-0.024800436697035362	-0.031964956248279316	0.10549547658261299	-0.025046977547268118	0.03292287035835854	0.12209934366957886	9.12201686783378e-05	-0.0007583824406723616	0.041083467534957945	0.0030940696441004024	0.04447912906742727	0.0	0.0	0.0
O-434	-0.01773410638841179	0.0951469109181389	-0.46257211678938487	0.3748670357896061	-0.08429635178763223	-0.006204486087072336	0.0911717566004597	-0.044895346238033186	-0.0023157513741828106	0.03945270510368228	-0.048735898967132325	0.1926604549274218	0.2406261488749807	0.01113110718118245	0.002450311701809476	-0.036522534517747667	-0.00343994127900173	0.004065809155527703	-8.934966077496162e-05	0.0	0.0	0.0
O-445	0.11524870476692935	-0.027268982481561146	-0.16366962781307273	-0.34944982373660993	-0.14456415996498598	0.38856562921284926	0.23663116141429963	-0.12021960840396972	0.13269301475718132	0.15406112097271094	0.09724628164194743	-0.08899815097892715	0.08063888521059978	-0.04727508689963333	-0.015795803113311992	-0.003956842569184398	0.056543329276163415	-0.02854434353439113	0.0029644962385435205	0.0	0.0	0.0
OMC-124	0.02538013257776683	-0.00757408337444654	-0.15486779457333572	0.008228694971824253	0.24930551822992142	0.30894502660810585	-0.535258068614505	0.04836997501702459	0.2324581900917653	-0.02696966598178893	-0.02062897419244759	0.014560765963025687	0.012467081419443107	-0.013042208698403848	-0.007275024756825595	0.007993588309774386	-0.0013691011621809472	0.0047842284546092744	0.0008990152631811722	0.0	0.0	0.0
OMC-125	0.017736398956696937	0.013289532368841757	-0.2977281639181662	-0.380809297705757	0.24313721593123078	-0.2879337599488785	-0.04061449304124048	0.07568974285662011	-0.086950362462192	0.29624595676140736	-0.06514496107269707	0.018348466413003566	-0.005626946340250121	0.09748162541140495	0.04146366584079222	-0.019738330081355778	-0.04436371551656055	1.513553412148534e-05	0.0004921834943592322	0.0	0.0	0.0
OMC-126	0.16909319328226666	0.27979733098491455	-0.030924090737238934	-0.21321737249386494	0.19113029135706538	0.11422379593613669	0.11109981126350135	-0.34374566218116515	-0.13638646306917157	-0.22136488524095135	-0.2075824217512472	0.0778338931593584	-0.056565224450749095	-0.025233134092193132	0.022377928101728378	0.0244917363363739	-0.0270198922271527	0.00930970836694798	2.7781588052584536e-05	0.0	0.0	0.0
OMC-288	0.24467587346871497	0.08946961146383627	0.13086594993419765	0.019749365843561486	-0.34570399636496674	0.07699610949958537	-0.021887231635358592	0.11942920130582363	0.052688201933499365	0.09364691328888015	-0.03132740552507442	0.09360889340586234	-0.06481960206566223	0.0029992631704512758	0.0875257284816028	0.1640717010177637	-0.06705315604242251	-0.005309963508638721	-0.01374496920031872	0.0	0.0	0.0
OMC-446	0.093167168861858	-0.4033693824585126	0.18953556697355184	0.12541161236427092	0.14346449440519846	-0.126042858279174	0.09205284739057998	-0.062067702933942245	0.19814810855770804	0.00027887799415890816	-0.022259445324705737	0.11254168439649359	-0.11000755969761043	0.049837732406684605	0.03881535350574321	-0.04172069509966426	0.055021204031687976	-0.08243606293987736	-0.004304849140560274	0.0	0.0	0.0
OMC-55	-0.010331447691596557	0.055864180682009885	-0.27705650614368116	0.2493720289024069	0.32131428550401947	0.21488472897002156	0.29580183465450516	0.3430307238562101	-0.09031577190859838	-0.03624718083806421	0.007191247159263266	-0.07271495031379159	-0.11731068964705947	-0.01787445987482402	-0.004114168338759259	0.031630762114057964	-0.00366585923401294	0.005923574283598079	-0.00018171570103446338	0.0	0.0	0.0

Biplot	0	0

Site constraints	0	0
