	chao1	observed_otus	shannon	simpson	goods_coverage
1000_OMC-288	43.0	43.0	4.998022722595439	0.9597994048822355	1.0
100_OMC-288	45.0	45.0	5.032528131795737	0.959846692984745	1.0
101_OMC-288	44.333333333333336	44.0	4.993124844524526	0.9591875301385395	0.9963898916967509
102_OMC-288	44.0	44.0	5.0296802307030255	0.9601256102585873	1.0
103_OMC-288	48.333333333333336	45.0	5.0271054359466465	0.9624065503737985	0.9905660377358491
104_OMC-288	45.2	45.0	4.999403229176599	0.9582743801652893	0.9963636363636363
105_OMC-288	45.0	45.0	5.02436005278449	0.9606341800362315	0.9981949458483754
106_OMC-288	44.0	44.0	4.921599988346429	0.9556101010941466	0.998211091234347
107_OMC-288	44.2	44.0	4.977122497737557	0.9589641003460208	0.9963235294117647
108_OMC-288	45.0	45.0	4.964425622169567	0.9566251623695806	0.9982046678635548
109_OMC-288	44.0	44.0	4.976225217205496	0.9572433236745242	0.9982300884955753
10_OMC-288	45.5	45.0	4.951738729390751	0.9570994031221304	0.9943181818181818
110_OMC-288	44.333333333333336	44.0	4.984286248201191	0.958168504334652	0.9963302752293578
111_OMC-288	42.0	42.0	4.951942918420282	0.9575456325819529	1.0
112_OMC-288	43.0	43.0	4.972248279301662	0.9590234427371334	0.9981916817359855
113_OMC-288	43.25	43.0	4.9563385259026065	0.9587755396722258	0.9961013645224172
114_OMC-288	47.0	44.0	4.989655245117468	0.9609361750240262	0.9924812030075187
115_OMC-288	45.5	44.0	4.95482598860581	0.958330199569012	0.9927667269439421
116_OMC-288	43.2	43.0	4.943527820998782	0.9584871602863225	0.9963833634719711
117_OMC-288	43.0	43.0	4.959075363018989	0.9579531408626523	1.0
118_OMC-288	42.0	42.0	4.91112688892001	0.9565106872436221	1.0
119_OMC-288	48.0	45.0	4.959509880190812	0.9581286549707603	0.9929824561403509
11_OMC-288	43.25	43.0	4.955587964102356	0.9580988247696528	0.9962756052141527
120_OMC-288	45.2	45.0	5.039435388050156	0.9613254449049964	0.9965635738831615
121_OMC-288	44.0	44.0	4.945992038378313	0.957699173553719	0.9981818181818182
122_OMC-288	44.333333333333336	44.0	5.0195059113485465	0.9604173340044845	0.9962476547842402
123_OMC-288	45.5	44.0	4.9561420886059375	0.9577738627277281	0.994535519125683
124_OMC-288	44.5	43.0	4.8912291975150906	0.9561005779093257	0.9919839679358717
125_OMC-288	41.0	41.0	4.838797665843979	0.9527241428039208	0.9982078853046595
126_OMC-288	44.0	44.0	5.054508185576823	0.9618247933884297	1.0
127_OMC-288	44.5	44.0	4.979859756920538	0.9589384223485902	0.9963833634719711
128_OMC-288	46.0	45.0	5.055569566360698	0.9624808673469387	0.9946428571428572
129_OMC-288	44.0	44.0	4.9647612459877	0.9564120510207069	0.99836867862969
12_OMC-288	44.5	44.0	4.974626619119141	0.9575801652892562	0.9963636363636363
130_OMC-288	44.0	44.0	5.011267509351388	0.9596551470329396	1.0
131_OMC-288	44.0	43.0	4.933473739871378	0.9579928401033838	0.994535519125683
132_OMC-288	40.0	40.0	4.9807038893429905	0.961212158203125	0.998046875
133_OMC-288	44.5	44.0	4.989682589963116	0.9598535210095398	0.9962756052141527
134_OMC-288	45.0	45.0	5.040858417381005	0.9606747130985358	0.9981203007518797
135_OMC-288	45.0	45.0	4.974776723018483	0.9574660689982395	0.9982332155477032
136_OMC-288	44.0	44.0	4.949074158273237	0.9554814546669637	1.0
137_OMC-288	44.0	44.0	5.015931829107197	0.9604467472960733	0.9981751824817519
138_OMC-288	42.0	42.0	4.9340922452688565	0.9567219419103934	1.0
139_OMC-288	44.25	44.0	5.045163416947308	0.9619208630197641	0.9963369963369964
13_OMC-288	45.5	44.0	4.938614132587252	0.956158074631438	0.9944341372912802
140_OMC-288	44.166666666666664	44.0	4.933675682342923	0.9571851315411605	0.9964664310954063
141_OMC-288	43.0	43.0	4.97292887199229	0.9594807699826663	0.9981949458483754
142_OMC-288	43.0	42.0	4.917223818403063	0.9564672967863894	0.9965217391304347
143_OMC-288	45.0	45.0	5.0649469123251	0.9613067107750473	0.9981884057971014
144_OMC-288	45.25	45.0	4.973601398082733	0.9563360761153217	0.9964664310954063
145_OMC-288	43.0	43.0	4.974562914005847	0.9584150132977063	1.0
146_OMC-288	43.2	43.0	4.946872774362291	0.9583339091499564	0.9962825278810409
147_OMC-288	43.0	43.0	4.907160931080713	0.955915915915916	0.9981981981981982
148_OMC-288	45.166666666666664	45.0	4.92597911960478	0.9556694214876034	0.9963636363636363
149_OMC-288	44.5	43.0	4.929747114426743	0.9571428571428572	0.9946428571428572
14_OMC-288	43.5	43.0	4.910583507929675	0.9558907684208117	0.9963833634719711
150_OMC-288	42.5	42.0	4.960117425519587	0.958617727949709	0.9965095986038395
151_OMC-288	45.166666666666664	45.0	4.942942440483826	0.9586174042256498	0.9964476021314387
152_OMC-288	46.5	45.0	4.9583823722971765	0.9568231433156472	0.9923954372623575
153_OMC-288	44.333333333333336	44.0	5.00880887046976	0.9607374853692316	0.9964476021314387
154_OMC-288	45.5	44.0	4.936114311678718	0.956759377881012	0.9948096885813149
155_OMC-288	45.0	45.0	5.050386887108644	0.9617465211006312	0.998158379373849
156_OMC-288	44.0	44.0	4.967219601617348	0.9572431359238757	0.9982668977469671
157_OMC-288	44.333333333333336	44.0	5.0258264596444615	0.9624694295723445	0.9967479674796748
158_OMC-288	44.5	43.0	4.949841326619507	0.959467800081359	0.9925093632958801
159_OMC-288	43.5	43.0	5.02399529512614	0.9618586499014332	0.9963503649635036
15_OMC-288	46.0	44.0	4.972880049156735	0.9597479440628707	0.9927797833935018
160_OMC-288	47.0	44.0	4.9612384327581704	0.9587860268598158	0.9929078014184397
161_OMC-288	43.5	43.0	5.027788847237958	0.960829081632653	0.9964285714285714
162_OMC-288	43.0	43.0	4.972717547947911	0.958821121103066	0.9983079526226735
163_OMC-288	45.0	42.0	4.933267649366372	0.9582708884358089	0.9945553539019963
164_OMC-288	45.0	43.0	4.901540996154405	0.9571877255860488	0.9928825622775801
165_OMC-288	44.0	43.0	4.931473055856434	0.9574440024414107	0.9947460595446584
166_OMC-288	45.0	45.0	5.055033381465235	0.9623964239284134	0.9983525535420099
167_OMC-288	43.0	43.0	4.959459077241509	0.9588815844443181	0.9981718464351006
168_OMC-288	44.5	44.0	4.953863160303425	0.9571704059704086	0.9963436928702011
169_OMC-288	48.0	45.0	4.950973131265266	0.9564306042677815	0.993127147766323
16_OMC-288	48.0	45.0	5.003681726232611	0.9593835328712456	0.9927536231884058
170_OMC-288	43.333333333333336	43.0	4.94373387336237	0.9575089038385437	0.9962406015037594
171_OMC-288	44.5	44.0	5.014300043200413	0.9596186272564967	0.9964788732394366
172_OMC-288	44.5	44.0	5.020642770771908	0.9616822770992797	0.9963570127504554
173_OMC-288	45.0	45.0	5.112937456149996	0.9636813365051903	0.9981617647058824
174_OMC-288	43.0	43.0	5.004811705039305	0.9608231477289875	0.99822695035461
175_OMC-288	42.0	42.0	4.9291533852803715	0.9575440520009397	0.9982300884955753
176_OMC-288	44.75	44.0	4.9992877815989205	0.9612109476133224	0.9943502824858758
177_OMC-288	43.0	43.0	4.967131232871029	0.9598233039277463	0.9981884057971014
178_OMC-288	43.0	43.0	4.865748264739172	0.9539465638152851	0.998272884283247
179_OMC-288	46.0	45.0	5.0048855446796345	0.9596628099173554	0.9945454545454545
17_OMC-288	43.333333333333336	43.0	4.9745323872097895	0.960211141483646	0.996116504854369
180_OMC-288	46.5	45.0	5.006958241591846	0.9607865910313462	0.993006993006993
181_OMC-288	44.0	44.0	4.986161524731852	0.9592925619834711	0.9981818181818182
182_OMC-288	55.0	45.0	4.990267517945416	0.9581517318408624	0.9912891986062717
183_OMC-288	42.0	42.0	4.9494434282035344	0.9578658574469685	0.9981916817359855
184_OMC-288	45.0	45.0	4.9621948137958345	0.9577700993219506	0.9980988593155894
185_OMC-288	42.0	42.0	4.991226380743162	0.9597783933518006	1.0
186_OMC-288	44.0	44.0	4.921948521643774	0.9551393290075952	0.99822695035461
187_OMC-288	43.0	43.0	4.941301903032863	0.9574487145032697	0.9981785063752276
188_OMC-288	45.5	44.0	4.888883223177487	0.9540192043895748	0.9925925925925926
189_OMC-288	41.0	41.0	4.903336448072163	0.956127666552377	1.0
18_OMC-288	45.0	45.0	5.046674926650274	0.9611951270741441	0.9981884057971014
190_OMC-288	45.333333333333336	45.0	5.058525467009006	0.9622281885994352	0.99644128113879
191_OMC-288	44.25	44.0	4.967083500306847	0.9567283950617284	0.9962962962962963
192_OMC-288	44.0	44.0	4.980194658783917	0.9581882195007662	1.0
193_OMC-288	45.333333333333336	45.0	4.992641466224202	0.9583831142970928	0.996415770609319
194_OMC-288	45.0	45.0	5.040302528547192	0.9599991677330088	0.9981378026070763
195_OMC-288	43.0	43.0	4.947931478814117	0.9574186928209855	0.998272884283247
196_OMC-288	45.0	45.0	4.951114044096022	0.9575571626853678	0.9982905982905983
197_OMC-288	46.0	45.0	5.022669950439814	0.9598961123285448	0.9963963963963964
198_OMC-288	44.2	43.0	4.918923788214743	0.9579601136044443	0.9925512104283054
199_OMC-288	45.75	45.0	4.946073921046503	0.9575580948434038	0.9945155393053017
19_OMC-288	48.0	45.0	5.012310768651118	0.9596827768044307	0.9944341372912802
1_OMC-288	45.2	45.0	4.957634644204292	0.957637455432539	0.9965753424657534
200_OMC-288	44.2	44.0	4.962296876559805	0.9582722726110705	0.9962049335863378
201_OMC-288	46.0	45.0	5.027540999577149	0.9588100367613245	0.996661101836394
202_OMC-288	45.25	45.0	5.005852318815556	0.9602824659275475	0.9966386554621849
203_OMC-288	55.0	45.0	4.959505277794431	0.9574724326130541	0.9906716417910448
204_OMC-288	44.0	44.0	5.073182542710004	0.9623470787491951	1.0
205_OMC-288	45.5	45.0	4.940142010757931	0.9566722222222223	0.9966666666666667
206_OMC-288	43.5	43.0	4.963137615341203	0.9586019599271653	0.9962894248608535
207_OMC-288	46.0	43.0	4.838316325850318	0.9530239407409432	0.9926062846580407
208_OMC-288	45.0	45.0	5.079565524300528	0.9628819797948156	0.9982300884955753
209_OMC-288	43.6	43.0	4.832566235817461	0.9521838640231529	0.9947275922671354
20_OMC-288	45.2	44.0	4.925544394394333	0.9575529365739156	0.993006993006993
210_OMC-288	45.25	45.0	5.00040934204421	0.9591160694823132	0.996219281663516
211_OMC-288	43.25	43.0	4.9321352714128395	0.9578856250981755	0.9963436928702011
212_OMC-288	44.0	44.0	4.990122270312948	0.9599817386258316	1.0
213_OMC-288	45.5	45.0	5.009398337518473	0.958632576845734	0.9966101694915255
214_OMC-288	43.0	43.0	4.969601311726483	0.958657322177205	0.99812382739212
215_OMC-288	41.0	41.0	4.955316791354849	0.9591660978913026	1.0
216_OMC-288	46.5	45.0	4.975331129273204	0.9571102148859394	0.9946996466431095
217_OMC-288	42.166666666666664	42.0	4.932010143017517	0.958389651816609	0.9963235294117647
218_OMC-288	44.0	44.0	5.0109275007924055	0.961384435223872	1.0
219_OMC-288	47.0	44.0	5.011054541441064	0.9609722261103801	0.9929453262786596
21_OMC-288	44.0	44.0	5.085256386554452	0.9629519722425128	1.0
220_OMC-288	46.5	45.0	5.031352746208547	0.9605304330354643	0.9945553539019963
221_OMC-288	42.0	42.0	4.913161996954671	0.956843219391482	0.9980694980694981
222_OMC-288	45.0	42.0	4.936454938826165	0.9589806987648546	0.9922928709055877
223_OMC-288	45.25	45.0	4.989280430907725	0.9581567913581455	0.9964476021314387
224_OMC-288	45.25	45.0	4.982032134580823	0.9586805018787327	0.9964476021314387
225_OMC-288	44.0	44.0	5.021975398881853	0.9601584591216447	1.0
226_OMC-288	44.333333333333336	44.0	4.95791298674944	0.958616266787385	0.9964539007092199
227_OMC-288	43.5	43.0	4.98081326413605	0.9596931387836934	0.996268656716418
228_OMC-288	45.5	44.0	4.86559091262005	0.9526152155726754	0.9929328621908127
229_OMC-288	44.5	44.0	4.995726808608255	0.9588363636363636	0.9963636363636363
22_OMC-288	43.5	43.0	4.974614642928152	0.9603011298172499	0.9965928449744463
230_OMC-288	44.0	44.0	4.915643215752155	0.9565671660693253	0.998220640569395
231_OMC-288	44.0	43.0	5.006938361600715	0.9600377038363653	0.996116504854369
232_OMC-288	44.0	44.0	4.978181889756763	0.9593607291323313	0.998211091234347
233_OMC-288	44.5	43.0	4.9551304581946	0.9581956950290372	0.9945255474452555
234_OMC-288	43.25	43.0	4.975009887440478	0.9604061846345187	0.9962406015037594
235_OMC-288	44.5	44.0	4.998207773151489	0.959459324952472	0.9963570127504554
236_OMC-288	46.0	45.0	4.949525001033606	0.957044414264876	0.9946808510638298
237_OMC-288	45.5	44.0	4.987416672462147	0.9603696452345525	0.9946902654867257
238_OMC-288	44.0	43.0	5.023539697527101	0.9616494873435819	0.996309963099631
239_OMC-288	43.0	43.0	4.979179896577784	0.9591731863670816	1.0
23_OMC-288	44.0	43.0	4.931338138216329	0.9577534859938365	0.9944237918215614
240_OMC-288	45.5	45.0	5.026560615077786	0.9598768851954448	0.9964912280701754
241_OMC-288	44.0	44.0	4.981293411383495	0.9587173553719008	0.9981818181818182
242_OMC-288	46.5	45.0	4.992904124186409	0.959014802546452	0.9946043165467626
243_OMC-288	44.25	44.0	4.904088469671121	0.9548509570233515	0.9963436928702011
244_OMC-288	47.0	45.0	4.968428008233658	0.9581918373127888	0.9927404718693285
245_OMC-288	43.5	43.0	4.935150687186065	0.9564886082972103	0.9963436928702011
246_OMC-288	45.25	45.0	5.0625674699147485	0.9624569584283	0.9963833634719711
247_OMC-288	43.0	43.0	4.906755763575771	0.9561573223145065	1.0
248_OMC-288	45.75	45.0	4.954439831652923	0.9581522808823753	0.9941634241245136
249_OMC-288	49.0	43.0	4.942577227865441	0.9588777512658544	0.9931389365351629
24_OMC-288	44.2	44.0	4.991297860214148	0.9598727602638241	0.9964221824686941
250_OMC-288	45.75	45.0	4.969400716307692	0.9585885230151104	0.994392523364486
251_OMC-288	44.5	44.0	5.000702536180345	0.9597069887779559	0.9960159362549801
252_OMC-288	41.0	41.0	4.959507994803979	0.9590600900574504	1.0
253_OMC-288	43.0	43.0	4.951689475635354	0.958065402240008	0.9982332155477032
254_OMC-288	45.5	44.0	4.971677274983071	0.9593824470500442	0.9943714821763602
255_OMC-288	45.0	45.0	4.9737666640919995	0.9567320612738511	1.0
256_OMC-288	44.0	43.0	4.933617273536765	0.9565156899810964	0.9965217391304347
257_OMC-288	44.333333333333336	44.0	4.888012018914451	0.9548871694011697	0.9964028776978417
258_OMC-288	43.0	43.0	4.910925799189205	0.9546593438552141	0.9983277591973244
259_OMC-288	45.0	44.0	4.97871792461381	0.9600044472203237	0.9945750452079566
25_OMC-288	44.333333333333336	44.0	5.009452997863257	0.9609568451157223	0.9965095986038395
260_OMC-288	45.5	44.0	5.019247372700614	0.9616188180290745	0.9948717948717949
261_OMC-288	42.0	42.0	4.91003517956375	0.9534597772627056	1.0
262_OMC-288	44.333333333333336	44.0	4.937757519457873	0.9568611486931431	0.9965397923875432
263_OMC-288	42.0	42.0	4.912948487386965	0.9561782441851359	0.9982300884955753
264_OMC-288	47.0	45.0	4.992864240244773	0.9606471002464665	0.9929078014184397
265_OMC-288	44.0	44.0	5.0153078751375775	0.9607124573911523	1.0
266_OMC-288	50.0	45.0	4.930100681590303	0.9573308289523377	0.9908592321755028
267_OMC-288	43.0	43.0	4.887800184215352	0.9533108916013869	0.9982238010657194
268_OMC-288	44.25	44.0	4.9633331106156495	0.9584086428568989	0.9963031423290203
269_OMC-288	44.0	44.0	4.990718450380071	0.9593533516546143	0.998220640569395
26_OMC-288	43.333333333333336	43.0	4.965042329104831	0.9584699530781842	0.9962406015037594
270_OMC-288	43.5	43.0	4.996783980866395	0.9601002427754719	0.9964601769911504
271_OMC-288	43.5	43.0	4.94097653411688	0.9562248686424892	0.996415770609319
272_OMC-288	44.0	44.0	4.993154082917899	0.960009226772208	0.9982578397212544
273_OMC-288	43.0	43.0	4.960220895278735	0.9580767218129855	0.9981684981684982
274_OMC-288	44.0	44.0	4.984483023257217	0.9584211762863184	0.9982300884955753
275_OMC-288	44.333333333333336	44.0	4.914483057210717	0.9552456090917629	0.9963369963369964
276_OMC-288	44.0	44.0	4.975064933064368	0.9586703601108033	1.0
277_OMC-288	43.0	43.0	4.909794701273339	0.9562459131834414	0.99822695035461
278_OMC-288	44.5	44.0	4.947429745167979	0.9569830150431464	0.9965694682675815
279_OMC-288	44.2	44.0	4.859736007537653	0.9525547445255474	0.9963503649635036
27_OMC-288	44.25	44.0	4.920936026392215	0.955928545138132	0.996219281663516
280_OMC-288	44.333333333333336	44.0	4.9381066088450885	0.9570156535615368	0.9963833634719711
281_OMC-288	45.333333333333336	45.0	5.047707844004702	0.9622206679151263	0.9964093357271095
282_OMC-288	44.0	44.0	5.035075826356181	0.961049440070419	1.0
283_OMC-288	44.0	44.0	4.889772182567359	0.9530639320162071	0.998003992015968
284_OMC-288	44.333333333333336	44.0	5.030915971284815	0.96143258400754	0.9964726631393298
285_OMC-288	45.333333333333336	45.0	5.038821252048636	0.9615287023259457	0.9964601769911504
286_OMC-288	45.5	45.0	4.9662285708002445	0.9562776859504132	0.9963636363636363
287_OMC-288	44.0	44.0	4.912850567474332	0.9541499381979567	1.0
288_OMC-288	43.5	43.0	4.950308416829388	0.9575964064552449	0.9965753424657534
289_OMC-288	43.2	43.0	4.958185322027636	0.959603305785124	0.9963636363636363
28_OMC-288	42.0	42.0	4.9386682721319595	0.9582289759090342	0.9982964224872232
290_OMC-288	42.0	42.0	4.963593776390827	0.9584156717564617	1.0
291_OMC-288	45.0	44.0	4.9855334532933835	0.9598495589161941	0.9963768115942029
292_OMC-288	44.5	44.0	4.961569133538853	0.9578115702479338	0.9963636363636363
293_OMC-288	45.5	45.0	4.9819610394744425	0.9584326727065006	0.9964221824686941
294_OMC-288	46.0	45.0	4.9634487047837546	0.9571124763705104	0.9963768115942029
295_OMC-288	45.0	44.0	4.924664726477605	0.9560215567968688	0.994475138121547
296_OMC-288	46.0	44.0	4.941271422434212	0.9570216688278211	0.9920948616600791
297_OMC-288	41.0	41.0	4.979932173974735	0.9601871219401888	1.0
298_OMC-288	44.6	44.0	4.929323268753654	0.9572371875656375	0.9945652173913043
299_OMC-288	44.333333333333336	44.0	4.969825911312592	0.9586840407853305	0.9964349376114082
29_OMC-288	44.0	44.0	5.0523656856565955	0.9620332936979786	1.0
2_OMC-288	48.0	45.0	4.967531363708227	0.9573933463081239	0.9947643979057592
300_OMC-288	44.0	44.0	4.946701278910514	0.9567324354912419	1.0
301_OMC-288	45.6	45.0	4.918888283621131	0.9559712665406427	0.9947826086956522
302_OMC-288	43.0	43.0	4.975599730032832	0.9603285166094654	0.998220640569395
303_OMC-288	43.0	43.0	4.914601836454432	0.9558149135467436	0.998211091234347
304_OMC-288	43.5	43.0	4.987196576391091	0.959705714528524	0.9965156794425087
305_OMC-288	44.5	44.0	4.979292130833232	0.9583377617175045	0.9965635738831615
306_OMC-288	44.0	44.0	5.030079999579674	0.9608925170068028	0.9980952380952381
307_OMC-288	45.0	43.0	4.961093996009215	0.9592469832548665	0.9927140255009107
308_OMC-288	44.333333333333336	44.0	4.938301088848065	0.9570905463161355	0.9966329966329966
309_OMC-288	44.25	44.0	5.020668545591601	0.9618556155887138	0.9964726631393298
30_OMC-288	44.0	44.0	5.026019859398088	0.9610580632716049	1.0
310_OMC-288	45.25	45.0	5.013727651216113	0.9608264182462294	0.9964221824686941
311_OMC-288	43.0	43.0	4.9447154281641295	0.9583955998678914	0.9981916817359855
312_OMC-288	47.0	44.0	4.969825124782724	0.958975760949404	0.9945553539019963
313_OMC-288	48.75	45.0	4.929225471966273	0.9572614306608066	0.9884836852207294
314_OMC-288	44.25	44.0	4.930430962772802	0.9558680142687277	0.996551724137931
315_OMC-288	42.0	42.0	4.972507856072177	0.9588153696290458	0.9981447124304267
316_OMC-288	44.25	44.0	4.939458287149291	0.956404749715941	0.9964664310954063
317_OMC-288	42.333333333333336	42.0	4.906837529024252	0.9561327495266654	0.9963833634719711
318_OMC-288	45.5	44.0	5.01738025165609	0.961988554942314	0.9946524064171123
319_OMC-288	44.25	44.0	4.931874233031747	0.9564856505742735	0.9963702359346642
31_OMC-288	43.2	43.0	4.89609640858854	0.9556617057033414	0.9961089494163424
320_OMC-288	43.0	43.0	5.029119043859574	0.9620017114411992	0.9982486865148862
321_OMC-288	48.0	45.0	5.013806056328724	0.9596619897959183	0.9946428571428572
322_OMC-288	44.25	44.0	4.910453568182497	0.9565099426126845	0.9964476021314387
323_OMC-288	42.0	42.0	4.965727422830474	0.9588421587665681	1.0
324_OMC-288	42.25	42.0	4.917063285928739	0.9581102912808642	0.9965277777777778
325_OMC-288	45.333333333333336	45.0	5.02344034448007	0.9599655173684153	0.9961612284069098
326_OMC-288	43.0	43.0	4.959416505700734	0.9579535521573013	1.0
327_OMC-288	44.0	44.0	4.978125645112764	0.9567675329298683	0.9981132075471698
328_OMC-288	44.0	44.0	5.068464722353293	0.9623790880781498	1.0
329_OMC-288	43.0	43.0	4.989629727474984	0.9615119485294118	0.9981617647058824
32_OMC-288	41.0	41.0	4.953376334621884	0.9578261380714983	1.0
330_OMC-288	43.5	43.0	5.007318273323589	0.9604759469880184	0.9962825278810409
331_OMC-288	44.25	44.0	4.971114694405316	0.9582977923636311	0.9961977186311787
332_OMC-288	44.0	44.0	5.0034751927851255	0.9605669922547201	0.9982547993019197
333_OMC-288	44.333333333333336	44.0	4.96886609032855	0.9580975029726516	0.996551724137931
334_OMC-288	45.0	44.0	4.968611481437997	0.9577002686396265	0.9942528735632183
335_OMC-288	44.0	43.0	4.959955973427072	0.958804483516194	0.9945553539019963
336_OMC-288	44.0	44.0	4.917850860167526	0.9542627542573849	0.998272884283247
337_OMC-288	43.0	43.0	4.931583729475665	0.9583755304783951	0.9982638888888888
338_OMC-288	44.0	43.0	4.941267826236207	0.9569153146022952	0.9962406015037594
339_OMC-288	43.0	43.0	4.9680417787509406	0.957266557778402	1.0
33_OMC-288	44.5	44.0	5.005535905982116	0.9585883941809428	0.9961685823754789
340_OMC-288	49.0	44.0	4.9431174102076145	0.9571900826446281	0.990909090909091
341_OMC-288	44.5	43.0	4.934396127194446	0.958619743162435	0.994059405940594
342_OMC-288	42.0	42.0	5.015565448307465	0.9615692606595253	1.0
343_OMC-288	44.75	44.0	5.0102415157280555	0.960232293902285	0.9943820224719101
344_OMC-288	45.5	44.0	4.959866289248229	0.956517395705685	0.9945255474452555
345_OMC-288	44.25	44.0	4.902592177604847	0.9523644351948202	0.996415770609319
346_OMC-288	43.6	43.0	4.896842772234056	0.9567984180543528	0.994535519125683
347_OMC-288	43.0	43.0	4.954949788024901	0.9582022586973288	1.0
348_OMC-288	44.0	44.0	4.952280378018789	0.9577907078375307	0.9982332155477032
349_OMC-288	44.5	43.0	5.007067726018818	0.962263203119836	0.9951219512195122
34_OMC-288	44.0	44.0	4.946919585803829	0.9566204986149585	1.0
350_OMC-288	44.5	43.0	5.0070325187797975	0.9616005791935843	0.9944029850746269
351_OMC-288	45.25	45.0	4.921468645444341	0.9534008110921328	0.9964850615114236
352_OMC-288	42.0	42.0	4.957149734993298	0.9590086096747632	0.9982238010657194
353_OMC-288	44.0	44.0	4.993638179904113	0.9595664348962247	0.9982486865148862
354_OMC-288	44.0	44.0	5.065707517916774	0.9625653924729278	0.9982817869415808
355_OMC-288	45.75	45.0	4.958428081416933	0.9556902985074627	0.9944029850746269
356_OMC-288	44.0	44.0	5.064776747054113	0.9637390581446525	0.9982517482517482
357_OMC-288	44.0	44.0	4.951616300381373	0.9580510032013781	0.998324958123953
358_OMC-288	45.333333333333336	45.0	5.034744423004512	0.9612336926064461	0.9963898916967509
359_OMC-288	44.75	44.0	4.9134487058234475	0.9554877606327432	0.9946714031971581
35_OMC-288	44.5	44.0	4.894306229071416	0.954189971383975	0.9939516129032258
360_OMC-288	46.0	45.0	5.032302251695932	0.9611392290249433	0.9942857142857143
361_OMC-288	44.0	44.0	5.010596868182132	0.9591581444337026	1.0
362_OMC-288	41.0	41.0	4.882600499542444	0.9560751291468841	1.0
363_OMC-288	44.0	44.0	5.010284207383653	0.9609162366364012	0.998236331569665
364_OMC-288	44.0	44.0	5.069815240839128	0.9633278869289383	0.9982425307557118
365_OMC-288	42.25	42.0	4.9195217493534	0.9577936388081222	0.9963031423290203
366_OMC-288	44.166666666666664	44.0	4.99098743073508	0.9606634635580761	0.9963768115942029
367_OMC-288	48.0	45.0	5.034617555045771	0.9611735850802906	0.9948979591836735
368_OMC-288	43.0	43.0	4.984400379592011	0.9593928798474253	1.0
369_OMC-288	44.5	44.0	4.917878496927205	0.9549296172762733	0.9962406015037594
36_OMC-288	44.2	44.0	4.952520593545994	0.9577857427319793	0.996415770609319
370_OMC-288	44.0	44.0	5.089347582244679	0.963110120778783	0.998272884283247
371_OMC-288	44.25	44.0	4.938753081890099	0.9569433615504567	0.996268656716418
372_OMC-288	44.25	44.0	4.954305221620633	0.9575323159226837	0.9963833634719711
373_OMC-288	44.0	44.0	4.952731905380791	0.9570776859504132	0.9981818181818182
374_OMC-288	45.5	44.0	4.963127245999171	0.9585329200713816	0.9945054945054945
375_OMC-288	44.166666666666664	44.0	4.904781180320117	0.9555120705859249	0.9962546816479401
376_OMC-288	48.0	45.0	4.990943078899791	0.9584085033036484	0.9932203389830508
377_OMC-288	47.0	44.0	4.968153926355438	0.9592945814907561	0.9927007299270073
378_OMC-288	48.0	45.0	5.020611264728314	0.9612583945329389	0.9929453262786596
379_OMC-288	43.0	43.0	5.010656237923557	0.961636355222361	0.9982993197278912
37_OMC-288	43.0	43.0	4.969392827933505	0.9584176416126589	0.998165137614679
380_OMC-288	44.0	44.0	4.881121548674366	0.9535884881146401	1.0
381_OMC-288	43.0	43.0	4.893833289101456	0.9536840333305278	1.0
382_OMC-288	48.0	43.0	4.933475312266364	0.9578315395895007	0.9900596421471173
383_OMC-288	42.166666666666664	42.0	4.93537931123754	0.9589407084452665	0.9961685823754789
384_OMC-288	44.333333333333336	44.0	4.989785898662065	0.958683454589385	0.9965457685664939
385_OMC-288	45.25	45.0	5.048857235559036	0.9624387443969994	0.9963570127504554
386_OMC-288	43.25	43.0	4.963402257761979	0.9601238208151537	0.9963031423290203
387_OMC-288	45.5	44.0	4.969703736566683	0.9572364263142775	0.9949152542372881
388_OMC-288	44.0	44.0	4.978335894698295	0.9571444099327736	0.9981851179673321
389_OMC-288	42.333333333333336	42.0	4.870161204821664	0.9541811785809968	0.9965870307167235
38_OMC-288	44.0	44.0	5.045325181994515	0.9620699550777585	0.9983388704318937
390_OMC-288	44.333333333333336	44.0	4.879721411959629	0.953267558667567	0.9964221824686941
391_OMC-288	43.0	43.0	4.99413191920261	0.9604149833748337	0.9982668977469671
392_OMC-288	45.0	44.0	4.965008091511349	0.9579950214390909	0.9945848375451264
393_OMC-288	47.0	44.0	5.029991013875372	0.9610847174296004	0.9948892674616695
394_OMC-288	48.0	45.0	4.935189537382753	0.956723314276764	0.9929203539823008
395_OMC-288	45.0	44.0	4.955825073371302	0.9575341691017061	0.9941747572815534
396_OMC-288	46.0	44.0	4.9386423284341	0.9569324831863045	0.9925233644859813
397_OMC-288	45.333333333333336	45.0	5.059962004564189	0.9627307188153187	0.9965635738831615
398_OMC-288	43.0	43.0	4.9066874387423765	0.9550928847744834	0.9981916817359855
399_OMC-288	45.2	45.0	4.998749569665258	0.9601443209501129	0.9963031423290203
39_OMC-288	47.0	45.0	4.88379370306034	0.9545142857142858	0.9923809523809524
3_OMC-288	44.0	44.0	4.885749730731646	0.9532246950701138	0.998272884283247
400_OMC-288	44.0	44.0	4.996708929137418	0.9589200174190738	1.0
401_OMC-288	46.5	45.0	5.054053996243181	0.9613848456251728	0.9946524064171123
402_OMC-288	43.0	43.0	4.951776389111608	0.9574944361057917	0.9982014388489209
403_OMC-288	44.333333333333336	44.0	4.969285320728203	0.9581582437111877	0.996316758747698
404_OMC-288	44.25	44.0	4.93205728569119	0.956686319630724	0.996309963099631
405_OMC-288	45.0	45.0	5.003050498788481	0.9586019500239757	0.9981751824817519
406_OMC-288	44.2	44.0	4.943212954032927	0.9582583323434726	0.9965095986038395
407_OMC-288	45.0	45.0	5.056881974413571	0.9602446280991735	0.9981818181818182
408_OMC-288	41.0	41.0	4.9710852365121605	0.95875	1.0
409_OMC-288	44.0	44.0	5.0631035917822755	0.9626132325141777	0.9982608695652174
40_OMC-288	44.0	44.0	4.963179497923509	0.9586631374982586	0.998220640569395
410_OMC-288	44.25	44.0	4.996586848552741	0.959279790877952	0.9961240310077519
411_OMC-288	46.0	45.0	4.960277495676831	0.9584230342752833	0.9947275922671354
412_OMC-288	42.0	42.0	4.997851732305502	0.9611033637868341	1.0
413_OMC-288	43.0	43.0	4.920468098179978	0.9564574564441366	0.9981751824817519
414_OMC-288	44.333333333333336	44.0	4.968099217090362	0.9577588772069034	0.9964788732394366
415_OMC-288	47.0	45.0	4.991693949463428	0.9603108785241532	0.9928698752228164
416_OMC-288	47.0	44.0	4.918589738748837	0.9547709639706664	0.9917525773195877
417_OMC-288	44.5	44.0	4.963488678687281	0.9567585258053959	0.9964349376114082
418_OMC-288	42.0	42.0	4.99463238917996	0.959999240131204	0.998220640569395
419_OMC-288	45.0	44.0	5.066212833196631	0.9618853631849171	0.9963302752293578
41_OMC-288	47.333333333333336	44.0	4.9824954242732895	0.9595836137976642	0.9914089347079038
420_OMC-288	43.6	43.0	4.958518295178714	0.9592538265306123	0.9946428571428572
421_OMC-288	43.0	43.0	5.032497940488387	0.9616101495810165	1.0
422_OMC-288	43.0	43.0	4.930010807334356	0.9550044567461062	0.9982876712328768
423_OMC-288	49.0	43.0	4.949526339630046	0.9577222798168878	0.9931740614334471
424_OMC-288	44.0	44.0	5.007615877227217	0.9607582043310804	0.998371335504886
425_OMC-288	45.25	45.0	5.044409919986688	0.9618176035677403	0.996219281663516
426_OMC-288	46.5	45.0	5.028438221806497	0.9609920604914934	0.9947826086956522
427_OMC-288	51.0	45.0	5.007553195034423	0.9592428439519852	0.9929824561403509
428_OMC-288	47.0	44.0	4.998516284382894	0.9590515648265157	0.9943714821763602
429_OMC-288	43.0	43.0	5.0179551943034575	0.9608170353879525	0.998109640831758
42_OMC-288	44.5	43.0	4.975001204540599	0.9596098341863123	0.994475138121547
430_OMC-288	45.0	45.0	4.964772517314114	0.9584421658690189	0.9981851179673321
431_OMC-288	43.5	43.0	4.972458087511002	0.9580798482218438	0.9963702359346642
432_OMC-288	46.5	45.0	5.056612224834248	0.9627712550323332	0.9943820224719101
433_OMC-288	44.0	44.0	5.02867971719495	0.9606995666088024	0.9982817869415808
434_OMC-288	44.333333333333336	44.0	4.896853244287129	0.9536504161712247	0.996551724137931
435_OMC-288	44.0	44.0	4.925033584945535	0.9556206597222222	0.9982638888888888
436_OMC-288	44.0	44.0	4.974289685624622	0.9592178892590415	0.998236331569665
437_OMC-288	45.5	44.0	4.978542148598203	0.9587938285490734	0.9947552447552448
438_OMC-288	44.333333333333336	44.0	4.935271146802133	0.957096903472466	0.9962335216572504
439_OMC-288	44.0	44.0	5.023163830293469	0.9602028463305594	0.9982174688057041
43_OMC-288	42.25	42.0	4.890337310884815	0.9567574453209938	0.9965576592082617
440_OMC-288	44.0	43.0	5.018662107184872	0.9623115243220204	0.9963503649635036
441_OMC-288	44.0	44.0	4.997336799265026	0.9586506610335209	1.0
442_OMC-288	44.0	44.0	5.034587912063976	0.9604783523763951	0.9980276134122288
443_OMC-288	44.0	43.0	4.929648308433976	0.9576221998037617	0.9944237918215614
444_OMC-288	45.0	45.0	4.9706115226394365	0.9579662973911832	0.9981785063752276
445_OMC-288	43.5	43.0	4.95846416789103	0.9579207624429784	0.9965397923875432
446_OMC-288	44.0	44.0	5.084700672272954	0.9636021829887833	1.0
447_OMC-288	44.0	43.0	4.941120990929616	0.9571062574400911	0.9964028776978417
448_OMC-288	42.0	42.0	4.947936473224748	0.958146527423555	0.998272884283247
449_OMC-288	42.333333333333336	42.0	4.880253893821903	0.9554246410874719	0.996316758747698
44_OMC-288	43.0	43.0	4.943554973891542	0.958070326572167	0.9982300884955753
450_OMC-288	45.0	45.0	4.976335757093202	0.9579779837280925	0.9983136593591906
451_OMC-288	44.0	44.0	5.018988494875275	0.961029027910986	0.9982578397212544
452_OMC-288	45.0	44.0	4.971817414430543	0.9594237810464092	0.9948006932409013
453_OMC-288	44.0	43.0	4.950782260899116	0.9585522057266265	0.9965457685664939
454_OMC-288	43.0	43.0	5.045034829594776	0.9623167816405983	0.9983471074380166
455_OMC-288	44.0	44.0	4.9887920796612715	0.9599155912669426	1.0
456_OMC-288	46.0	45.0	4.962614822689979	0.9558996709927279	0.9947735191637631
457_OMC-288	44.25	44.0	5.011111634067772	0.960746823384186	0.9963369963369964
458_OMC-288	44.25	44.0	5.01192488931192	0.9604134477063243	0.9963503649635036
459_OMC-288	42.0	42.0	4.9483167901167615	0.9576785441958285	1.0
45_OMC-288	45.0	44.0	4.9888348088556125	0.9581457241576938	0.9963702359346642
460_OMC-288	43.2	43.0	4.9127277171089725	0.9565548879823795	0.9963898916967509
461_OMC-288	45.0	45.0	5.060431685895174	0.962498465499451	0.9981785063752276
462_OMC-288	44.333333333333336	44.0	4.916817141854579	0.9554601258976397	0.9963898916967509
463_OMC-288	45.166666666666664	45.0	4.967370802429029	0.9587946506613834	0.9961832061068703
464_OMC-288	45.0	44.0	4.914573889725967	0.9553566529492455	0.9944444444444445
465_OMC-288	46.0	45.0	4.987390037931887	0.9593057851239669	0.9945454545454545
466_OMC-288	44.25	44.0	4.977354680691399	0.9587758501133042	0.9963570127504554
467_OMC-288	44.0	44.0	4.978480448147602	0.9591275467338795	0.9981884057971014
468_OMC-288	43.5	43.0	4.953653944568958	0.9579352325298272	0.9963963963963964
469_OMC-288	43.333333333333336	43.0	4.936359252294219	0.9575423310241765	0.99644128113879
46_OMC-288	43.25	43.0	4.92857682358415	0.9565225621433011	0.9964476021314387
470_OMC-288	45.0	45.0	5.0024284693904795	0.9589979358228561	0.9982876712328768
471_OMC-288	44.333333333333336	44.0	4.937738310363744	0.9570103526639172	0.9963302752293578
472_OMC-288	43.2	43.0	4.86992656396637	0.9543928818796953	0.9963503649635036
473_OMC-288	44.5	43.0	4.917498296104861	0.9564808051294538	0.9945945945945946
474_OMC-288	43.0	43.0	4.9953383503805435	0.9601895297576615	0.9981167608286252
475_OMC-288	43.5	43.0	5.02952297774839	0.9619998376755133	0.9963963963963964
476_OMC-288	50.0	45.0	5.001773585869565	0.9608075092429292	0.9912126537785588
477_OMC-288	44.5	44.0	4.927582327586185	0.9551761709724848	0.9963768115942029
478_OMC-288	43.0	43.0	4.922703767107657	0.9567460511516456	1.0
479_OMC-288	45.0	45.0	4.921889030282426	0.9543176020408163	0.9982142857142857
47_OMC-288	44.0	44.0	5.027437740433827	0.9600839731055648	1.0
480_OMC-288	44.0	44.0	4.900654908701819	0.9529917355371901	0.9981818181818182
481_OMC-288	44.333333333333336	44.0	4.974396381386575	0.958446506714954	0.9964539007092199
482_OMC-288	43.5	42.0	4.949669556580285	0.9596296296296296	0.9944444444444445
483_OMC-288	43.0	43.0	4.966095160869072	0.9582094517958412	0.9982608695652174
484_OMC-288	45.2	45.0	4.936151392066496	0.9559149669635162	0.9966101694915255
485_OMC-288	43.0	43.0	4.943457657349424	0.9576623566367156	0.9982905982905983
486_OMC-288	45.333333333333336	45.0	5.035312134869286	0.9604761531834912	0.9964601769911504
487_OMC-288	50.0	45.0	4.894965863021443	0.9555241673875432	0.9889705882352942
488_OMC-288	45.333333333333336	45.0	4.981331454123924	0.9566723658661599	0.9961315280464217
489_OMC-288	46.5	44.0	4.969234340788213	0.9600353264635825	0.9910233393177738
48_OMC-288	44.0	44.0	4.921892334154282	0.955567867036011	0.9982456140350877
490_OMC-288	44.25	44.0	4.969625487533685	0.9580489102215017	0.99644128113879
491_OMC-288	45.2	44.0	4.891579325610039	0.9565910520716335	0.9927404718693285
492_OMC-288	45.25	45.0	4.950432201538542	0.9561977324263039	0.9961904761904762
493_OMC-288	45.5	44.0	4.942616629447067	0.9559582432895218	0.9948453608247423
494_OMC-288	45.75	45.0	4.945227607887774	0.9578848433328145	0.9948096885813149
495_OMC-288	43.0	43.0	4.953589913322263	0.958032735531365	0.9982300884955753
496_OMC-288	45.25	45.0	4.986962353064878	0.9585766489820199	0.9965156794425087
497_OMC-288	46.0	45.0	5.013957574772613	0.9600435088778231	0.9946808510638298
498_OMC-288	44.333333333333336	44.0	4.938205410784393	0.9567174171791312	0.9964788732394366
499_OMC-288	43.5	43.0	4.975591788185721	0.959186620457887	0.9963768115942029
49_OMC-288	47.0	44.0	4.956598010247681	0.9581775670918924	0.9946236559139785
4_OMC-288	42.0	42.0	4.995455781541035	0.9600389578767957	0.9981981981981982
500_OMC-288	43.5	43.0	4.990547458108516	0.9600760191579416	0.996268656716418
501_OMC-288	43.0	42.0	4.91012187788043	0.957606611570248	0.9945454545454545
502_OMC-288	46.5	45.0	5.007019012661956	0.9598793589411909	0.992619926199262
503_OMC-288	44.0	44.0	4.9992720314643915	0.9593946694063603	0.9982817869415808
504_OMC-288	44.333333333333336	44.0	4.968179892734855	0.959068744589902	0.9963436928702011
505_OMC-288	45.2	45.0	4.997404113242953	0.9589874742273364	0.9962894248608535
506_OMC-288	44.0	44.0	4.997055584404831	0.9584156378600823	0.9981481481481481
507_OMC-288	44.5	43.0	4.9633986210875465	0.9593858159566218	0.9944547134935305
508_OMC-288	42.0	42.0	4.944453573276119	0.9576507036336904	1.0
509_OMC-288	45.25	45.0	4.999814033993746	0.9595057746988231	0.9963570127504554
50_OMC-288	45.0	44.0	5.013916648116684	0.9611042524005486	0.9944444444444445
510_OMC-288	45.0	45.0	5.079611167147428	0.962434281191701	0.9981203007518797
511_OMC-288	46.0	45.0	5.041584009436901	0.9622628177952492	0.9946236559139785
512_OMC-288	46.0	45.0	4.952327214815011	0.954574516387088	0.9964850615114236
513_OMC-288	43.0	43.0	5.0080557695709516	0.9601555610172187	0.9980988593155894
514_OMC-288	44.0	44.0	4.934851148362063	0.9557741209839112	0.9982517482517482
515_OMC-288	44.5	43.0	4.968535879588016	0.9589064600074352	0.9946524064171123
516_OMC-288	44.0	44.0	4.971478057980424	0.9593314910029941	0.9981851179673321
517_OMC-288	45.0	45.0	5.053508733501577	0.9619563582646244	1.0
518_OMC-288	44.333333333333336	44.0	5.089065901799824	0.9639401166202599	0.9964664310954063
519_OMC-288	44.0	44.0	5.008274282874943	0.960102162269391	0.9982394366197183
51_OMC-288	44.0	44.0	4.948092751343774	0.9565761207530104	1.0
520_OMC-288	44.0	44.0	5.0870114653633225	0.9638776751986805	1.0
521_OMC-288	43.5	43.0	4.921340941532961	0.9565660663940992	0.9962756052141527
522_OMC-288	44.25	44.0	4.948409985496782	0.9579660208413242	0.9964093357271095
523_OMC-288	41.0	41.0	4.888314231546032	0.9549524448778511	0.998220640569395
524_OMC-288	44.5	44.0	4.98750878812559	0.9597794125128456	0.996316758747698
525_OMC-288	43.5	43.0	4.974312369766311	0.9588426135506263	0.9964539007092199
526_OMC-288	43.0	43.0	4.9572197426028834	0.9581570523783977	0.9981024667931688
527_OMC-288	44.25	44.0	5.006836044872304	0.9607567094977644	0.9962894248608535
528_OMC-288	44.25	44.0	4.947756678135244	0.9577873770883133	0.9963833634719711
529_OMC-288	43.0	43.0	5.084683358122134	0.9633505345960895	0.9982698961937716
52_OMC-288	43.0	43.0	5.063987703576035	0.9625666373376119	1.0
530_OMC-288	43.0	43.0	5.001762804687183	0.9592935528120713	1.0
531_OMC-288	44.75	44.0	5.019880253981767	0.9600286077558805	0.9947552447552448
532_OMC-288	44.5	44.0	4.989449879099001	0.9591624056488921	0.9963963963963964
533_OMC-288	48.0	45.0	5.040031426742056	0.962203144945223	0.9925093632958801
534_OMC-288	44.333333333333336	44.0	4.958211831358818	0.957839946302605	0.99644128113879
535_OMC-288	44.0	43.0	5.00309666520743	0.9614884579006647	0.9945155393053017
536_OMC-288	43.0	43.0	4.958968758550686	0.9579268054801905	0.9981167608286252
537_OMC-288	42.0	42.0	4.9463611196639	0.9596551470329396	0.998211091234347
538_OMC-288	47.0	44.0	5.00131107097291	0.9597882388552049	0.9947275922671354
539_OMC-288	46.0	45.0	4.9442074392502064	0.9571250427893785	0.9947552447552448
53_OMC-288	45.5	44.0	4.98261384035294	0.9587281697862009	0.9946902654867257
540_OMC-288	44.75	44.0	4.96706190361957	0.9594162425115986	0.9949664429530202
541_OMC-288	46.0	44.0	4.874586474743408	0.9550902454183217	0.9928952042628775
542_OMC-288	43.0	43.0	4.941670361493286	0.9576233157378868	0.9982817869415808
543_OMC-288	43.0	43.0	4.934636028586932	0.9563822272242909	0.9982698961937716
544_OMC-288	44.75	44.0	4.924167017164957	0.9570323659907546	0.9944341372912802
545_OMC-288	40.0	40.0	4.941434242826832	0.9585826619311507	1.0
546_OMC-288	45.0	45.0	4.986585662160567	0.958680245770558	0.998165137614679
547_OMC-288	45.2	45.0	4.922124523323279	0.9558835990141504	0.9961612284069098
548_OMC-288	45.333333333333336	45.0	4.989853832670069	0.9582681304709276	0.9965034965034965
549_OMC-288	44.0	44.0	4.898648796984278	0.9538983203813711	0.9982046678635548
54_OMC-288	47.0	44.0	4.980442710913878	0.956763698630137	0.9948630136986302
550_OMC-288	44.0	44.0	5.057237512510733	0.9625123966942148	1.0
551_OMC-288	42.0	42.0	4.929531011274494	0.956657433056325	0.9982456140350877
552_OMC-288	50.0	45.0	4.950293093362081	0.9583419595259044	0.9910071942446044
553_OMC-288	44.333333333333336	44.0	4.957377612852469	0.9571767275827162	0.9963503649635036
554_OMC-288	44.0	44.0	4.871324492255631	0.9545539260795117	0.9982935153583617
555_OMC-288	44.0	44.0	5.041375327845673	0.9615603146072234	1.0
556_OMC-288	43.0	43.0	5.038037595426809	0.9617078433963095	0.9980842911877394
557_OMC-288	42.5	42.0	4.947781503065223	0.9589408636744406	0.9965156794425087
558_OMC-288	45.0	45.0	5.05908862690119	0.9616569115384995	1.0
559_OMC-288	44.333333333333336	44.0	4.92249516774142	0.9557894736842105	0.9964912280701754
55_OMC-288	44.0	44.0	4.8603687851728745	0.9518154772233247	0.9982238010657194
560_OMC-288	43.0	43.0	4.991701025809705	0.959481444380669	0.9980879541108987
561_OMC-288	42.0	42.0	4.927514588986559	0.9582371719572698	0.9981412639405205
562_OMC-288	44.333333333333336	44.0	4.993396973240973	0.9595271392500664	0.9964221824686941
563_OMC-288	44.0	44.0	5.041457127659982	0.9607019186091864	0.998158379373849
564_OMC-288	45.0	45.0	5.059241194488802	0.9602884035405181	0.99812734082397
565_OMC-288	46.2	45.0	4.950927848612346	0.9582406610321907	0.9928443649373881
566_OMC-288	44.2	44.0	4.969911116419315	0.9583413883038436	0.996316758747698
567_OMC-288	45.0	43.0	5.011960089148243	0.9619908389834895	0.9928057553956835
568_OMC-288	43.6	43.0	4.879380166298508	0.9561357519835029	0.9946524064171123
569_OMC-288	48.0	45.0	5.037627984394965	0.9605531509721292	0.9948006932409013
56_OMC-288	44.0	44.0	5.086761753185318	0.9632146906645467	0.9981949458483754
570_OMC-288	45.0	44.0	4.928906368427593	0.9561803583573194	0.9964093357271095
571_OMC-288	43.5	43.0	4.949250545417431	0.9572828225520154	0.9963570127504554
572_OMC-288	45.75	45.0	5.013634741794411	0.9599354245732561	0.994475138121547
573_OMC-288	45.0	45.0	5.013630809995133	0.9601551431497145	0.99812734082397
574_OMC-288	44.0	44.0	4.961361639332087	0.9560289256721672	0.998220640569395
575_OMC-288	43.0	43.0	4.961221388312644	0.9587534119736612	1.0
576_OMC-288	44.0	44.0	5.004313053412442	0.960487803392329	0.9982547993019197
577_OMC-288	45.0	45.0	5.031746388525615	0.9591808488101123	0.9983193277310924
578_OMC-288	44.0	44.0	4.956737229901676	0.9584377424925086	0.9982486865148862
579_OMC-288	45.5	44.0	5.0143961673113235	0.9597209846290934	0.9944029850746269
57_OMC-288	46.5	45.0	4.941131218774881	0.9563272330011732	0.9949066213921901
580_OMC-288	44.0	44.0	4.917274598882398	0.9529298677624549	1.0
581_OMC-288	43.0	43.0	4.96144781039724	0.957386880986779	0.9982578397212544
582_OMC-288	43.25	43.0	4.963588042457142	0.959324934133512	0.9964850615114236
583_OMC-288	42.0	42.0	5.001588245964752	0.9613638649967305	1.0
584_OMC-288	48.333333333333336	45.0	4.993442999788323	0.9604231937301788	0.9910554561717353
585_OMC-288	44.0	43.0	4.966870623229838	0.9597994048822355	0.9943502824858758
586_OMC-288	44.0	43.0	4.97078249214433	0.9594233868518194	0.996219281663516
587_OMC-288	43.0	43.0	5.032647644995057	0.9599298706991015	0.9982905982905983
588_OMC-288	45.0	45.0	4.973587616117018	0.9579399811971921	0.9982668977469671
589_OMC-288	43.5	42.0	4.885643489464215	0.9566804141065567	0.9944954128440366
58_OMC-288	45.5	45.0	5.064685189413408	0.962463051448445	0.9964850615114236
590_OMC-288	44.333333333333336	44.0	4.991836881467608	0.959360952306367	0.9964601769911504
591_OMC-288	44.166666666666664	44.0	4.9158225289989845	0.95567177456382	0.9962121212121212
592_OMC-288	43.0	43.0	5.060372549715468	0.9630707549682987	0.9981751824817519
593_OMC-288	44.75	44.0	4.967870612226945	0.9583058984910837	0.9944444444444445
594_OMC-288	47.0	44.0	5.037743913647586	0.9620104137932995	0.9949409780775716
595_OMC-288	41.0	41.0	4.937548442690561	0.9582612456747405	0.9981617647058824
596_OMC-288	43.5	43.0	4.954165452082874	0.9571904625107728	0.9966101694915255
597_OMC-288	45.0	43.0	5.017726968104586	0.9628751788569986	0.9926605504587156
598_OMC-288	44.5	44.0	5.038305149821792	0.9610022917076284	0.9964093357271095
599_OMC-288	45.0	45.0	4.993842879650253	0.9585804276846999	1.0
59_OMC-288	45.0	45.0	5.043505039989512	0.9607909297052154	0.9980952380952381
5_OMC-288	43.0	43.0	4.926834461569215	0.9579183733472462	1.0
600_OMC-288	47.0	45.0	5.013457761796774	0.9600659796381235	0.9921104536489151
601_OMC-288	45.142857142857146	45.0	4.956466311139149	0.9579013630349045	0.996415770609319
602_OMC-288	45.5	45.0	4.953125935915082	0.956045775505235	0.9963963963963964
603_OMC-288	43.0	43.0	4.958498940637781	0.9579553875236295	0.9982608695652174
604_OMC-288	45.6	45.0	4.973991461141344	0.9577322314049587	0.9945454545454545
605_OMC-288	45.333333333333336	45.0	5.009612697056831	0.9597902255435844	0.9965337954939342
606_OMC-288	44.0	44.0	5.010606823168825	0.9584871666648933	1.0
607_OMC-288	44.0	44.0	5.002597665241047	0.9588508471518465	0.998236331569665
608_OMC-288	44.75	44.0	4.8995326855379915	0.9566368207089576	0.994661921708185
609_OMC-288	46.0	44.0	4.940754077404398	0.9582598815031247	0.9927927927927928
60_OMC-288	43.333333333333336	43.0	4.989657293710585	0.9605120154570704	0.9963369963369964
610_OMC-288	45.0	45.0	5.053449756877379	0.9605519328204166	0.9982876712328768
611_OMC-288	44.166666666666664	44.0	4.922002456564594	0.9563073778786401	0.9963570127504554
612_OMC-288	43.0	43.0	4.9754731234599925	0.9597657815117566	0.9982238010657194
613_OMC-288	43.25	43.0	4.987482626795325	0.9606992456846685	0.9965986394557823
614_OMC-288	44.0	43.0	4.913102802714221	0.9560335564143652	0.9941747572815534
615_OMC-288	45.0	45.0	5.056024693664528	0.9618121193026675	1.0
616_OMC-288	46.0	44.0	4.988651159320305	0.9603454441544205	0.9926873857404022
617_OMC-288	46.5	45.0	5.064753861809513	0.9625148632580262	0.9948275862068966
618_OMC-288	44.0	44.0	4.960990393522826	0.9566919302276218	0.9982332155477032
619_OMC-288	45.5	45.0	4.945935473248787	0.9566921418773271	0.9947089947089947
61_OMC-288	45.25	45.0	5.085004602866097	0.9638930146769976	0.9961315280464217
620_OMC-288	44.0	44.0	5.015711961970263	0.9608687719115327	1.0
621_OMC-288	44.0	44.0	4.945648927855464	0.9535312593673839	0.9981949458483754
622_OMC-288	41.0	41.0	4.887455702880085	0.9550913075237399	0.9981981981981982
623_OMC-288	44.0	44.0	4.950304376191678	0.9573184186602096	0.9982847341337907
624_OMC-288	47.0	45.0	5.017121099219452	0.9606352906169411	0.9929577464788732
625_OMC-288	43.0	43.0	4.889192453257404	0.9520456124979826	0.9981851179673321
626_OMC-288	50.0	44.0	5.007810496589056	0.959901143833135	0.9928057553956835
627_OMC-288	44.0	44.0	4.933716172878715	0.9564035238751147	0.9981060606060606
628_OMC-288	45.5	44.0	4.994186715031045	0.9597114807183785	0.994535519125683
629_OMC-288	43.0	43.0	5.025964693800403	0.9611411046413025	1.0
62_OMC-288	44.333333333333336	44.0	4.943441783884049	0.9560493827160493	0.9962962962962963
630_OMC-288	44.0	44.0	4.940383018338783	0.9566078916677939	0.9980879541108987
631_OMC-288	42.0	42.0	4.984326676702893	0.960632773819587	0.9981684981684982
632_OMC-288	45.333333333333336	45.0	5.064836007455048	0.9635871455576559	0.9965217391304347
633_OMC-288	44.2	44.0	4.9855547119250785	0.9584481779076374	0.9963963963963964
634_OMC-288	44.5	43.0	4.923324311816596	0.9570968787703579	0.9945155393053017
635_OMC-288	43.0	43.0	5.012563667241342	0.9611880578639581	0.9982456140350877
636_OMC-288	44.333333333333336	44.0	5.002341497387412	0.9604543447360023	0.9964093357271095
637_OMC-288	44.5	44.0	4.9918490336999275	0.958465368945224	0.9964539007092199
638_OMC-288	44.5	44.0	5.102304626321037	0.9640344671201814	0.9961904761904762
639_OMC-288	43.333333333333336	43.0	4.992768801718692	0.9616874081075404	0.9963768115942029
63_OMC-288	44.0	44.0	5.030756487764897	0.9610713416118821	0.9981981981981982
640_OMC-288	45.0	45.0	5.059147477442411	0.9608024691358025	0.9981481481481481
641_OMC-288	45.5	45.0	5.0455984223787596	0.9615780874077471	0.9965928449744463
642_OMC-288	45.25	45.0	5.041974598945032	0.9614891904454194	0.9966329966329966
643_OMC-288	50.0	45.0	4.939667776992827	0.9564400900664379	0.9912126537785588
644_OMC-288	43.0	43.0	4.984530778764923	0.9584307004309957	0.9981024667931688
645_OMC-288	44.333333333333336	44.0	4.983682963585061	0.9582950367647058	0.9963235294117647
646_OMC-288	45.5	44.0	5.019351704793559	0.9609559365206208	0.9946996466431095
647_OMC-288	41.0	41.0	4.91658845888272	0.9575301089922981	0.9981378026070763
648_OMC-288	44.2	44.0	4.945358065118688	0.9587321463995239	0.9964788732394366
649_OMC-288	44.5	43.0	5.002121367670257	0.9600506936033663	0.9946996466431095
64_OMC-288	47.0	44.0	4.9185520052645	0.9544515306122449	0.9946428571428572
650_OMC-288	44.25	44.0	4.987281537275214	0.9598807894482939	0.996219281663516
651_OMC-288	42.0	42.0	4.886992134531442	0.954290356157783	0.9982425307557118
652_OMC-288	42.0	42.0	4.909813463228851	0.9562254834020416	0.9982046678635548
653_OMC-288	43.25	43.0	4.950335741546136	0.9583761353806228	0.9963235294117647
654_OMC-288	43.0	43.0	4.957251303574595	0.9574020253098567	0.9981949458483754
655_OMC-288	45.0	44.0	4.914905645047255	0.9556514975952762	0.9940239043824701
656_OMC-288	44.166666666666664	44.0	4.947430912544802	0.9586721088435374	0.9961904761904762
657_OMC-288	45.2	45.0	4.944679910472224	0.9564174969364377	0.9963503649635036
658_OMC-288	45.0	45.0	5.035286467331346	0.9609770814477284	0.9981378026070763
659_OMC-288	45.0	44.0	4.988945216270043	0.9585619905162769	0.9963503649635036
65_OMC-288	44.0	44.0	4.982634049293692	0.9599663308339131	0.9983079526226735
660_OMC-288	45.6	45.0	5.012920064021087	0.9606240686675648	0.994328922495274
661_OMC-288	42.0	42.0	4.995853756437707	0.9610812728826954	1.0
662_OMC-288	43.0	43.0	4.943251191990564	0.9575712748789672	0.9982517482517482
663_OMC-288	48.0	45.0	5.009320019191537	0.9594210552789095	0.9929078014184397
664_OMC-288	43.0	43.0	4.957351717218078	0.9576254992560107	1.0
665_OMC-288	45.0	44.0	5.053245762976206	0.9631109614170936	0.9945750452079566
666_OMC-288	43.0	43.0	4.968334219086794	0.957318895143844	0.998003992015968
667_OMC-288	45.0	45.0	4.971877588944789	0.9573786662338148	0.9982332155477032
668_OMC-288	43.333333333333336	43.0	4.974626978202578	0.9591078066914498	0.9962825278810409
669_OMC-288	44.0	44.0	5.0248296910392245	0.9599181730991028	0.9982578397212544
66_OMC-288	46.0	45.0	5.067993052483465	0.9615839376604658	0.9966442953020134
670_OMC-288	41.0	41.0	4.918250944596079	0.9558463813380136	1.0
671_OMC-288	44.0	44.0	5.040418741654193	0.9611183449074074	0.9982638888888888
672_OMC-288	45.25	45.0	5.009562248719827	0.9605109264389042	0.9964912280701754
673_OMC-288	44.0	44.0	4.98615940041873	0.9581654869384488	1.0
674_OMC-288	44.0	44.0	5.082855550492733	0.9640287334593572	0.9982608695652174
675_OMC-288	44.5	44.0	4.9878692958895385	0.9586067168484751	0.9963369963369964
676_OMC-288	44.75	44.0	4.979458109065728	0.9593831443809698	0.9945750452079566
677_OMC-288	47.0	45.0	4.953790065503132	0.9576491872481566	0.9930191972076788
678_OMC-288	45.5	45.0	5.005944492918484	0.9595993728373703	0.9963235294117647
679_OMC-288	43.75	43.0	4.9722901494318945	0.9591465722318339	0.9944852941176471
67_OMC-288	43.0	43.0	4.9601635854450485	0.9583188619853836	1.0
680_OMC-288	43.0	43.0	5.0453768720026275	0.9622250691442871	0.9982698961937716
681_OMC-288	44.25	44.0	4.994005034242011	0.9603526728873851	0.9962335216572504
682_OMC-288	47.0	45.0	4.968046017464307	0.9580947584930464	0.9927667269439421
683_OMC-288	46.2	45.0	4.9563914465167045	0.958734320934256	0.9926470588235294
684_OMC-288	44.0	44.0	5.032686435573773	0.9610059171597634	0.9980769230769231
685_OMC-288	46.0	45.0	4.999381710988336	0.958434840047219	0.9945750452079566
686_OMC-288	45.0	44.0	5.0503086968015385	0.9615051903114187	0.9967320261437909
687_OMC-288	44.5	43.0	4.9229225458615105	0.9565253567416899	0.9946332737030411
688_OMC-288	47.0	44.0	5.016903560758523	0.9608232676414494	0.9947552447552448
689_OMC-288	44.5	44.0	4.923842679250859	0.9559227213755326	0.9964973730297724
68_OMC-288	54.0	44.0	4.9211697548569235	0.9552263374485597	0.9907407407407407
690_OMC-288	42.5	42.0	4.9697013518015005	0.9604646073562831	0.9963302752293578
691_OMC-288	45.0	44.0	4.9683619213810255	0.9588986953033292	0.9940357852882704
692_OMC-288	44.0	44.0	5.002225429236427	0.9602181564101238	0.9982014388489209
693_OMC-288	44.0	44.0	4.98329007438745	0.9604386868068135	0.9981949458483754
694_OMC-288	40.0	40.0	4.951580779113796	0.9591829090137223	1.0
695_OMC-288	47.0	45.0	4.967912087976081	0.9579572505455267	0.9929577464788732
696_OMC-288	41.5	41.0	4.924226551681279	0.9573798840208106	0.9961389961389961
697_OMC-288	42.0	42.0	4.895096315412016	0.9559386973180076	0.9980842911877394
698_OMC-288	43.0	43.0	5.089066977439624	0.9646333182435491	0.99822695035461
699_OMC-288	44.0	44.0	5.037966324893157	0.9616880394396333	0.9980988593155894
69_OMC-288	43.0	43.0	4.960014199844128	0.9583729962573264	0.9983193277310924
6_OMC-288	43.5	43.0	4.972025325682612	0.9589859693877552	0.9964285714285714
700_OMC-288	44.333333333333336	44.0	5.017565081937356	0.9609666685300201	0.9965694682675815
701_OMC-288	44.5	44.0	4.959566756816007	0.9574156862248452	0.99644128113879
702_OMC-288	45.5	45.0	4.980397529418061	0.9599612059513036	0.9947275922671354
703_OMC-288	44.6	44.0	4.967585573237499	0.9596861758716626	0.994263862332696
704_OMC-288	43.0	43.0	4.996984251136889	0.9600775727164211	0.998211091234347
705_OMC-288	43.0	43.0	4.972414340641242	0.9595792780493534	0.9980842911877394
706_OMC-288	43.0	43.0	4.895136148278361	0.9548765432098766	0.9981481481481481
707_OMC-288	46.0	45.0	4.95665722803518	0.9571767275827162	0.9945255474452555
708_OMC-288	43.0	43.0	5.020154208747848	0.9600800246229609	0.9982456140350877
709_OMC-288	45.375	45.0	4.970175460102669	0.9586619570652086	0.9939759036144579
70_OMC-288	43.333333333333336	43.0	4.956467839452932	0.9590234427371334	0.9963833634719711
710_OMC-288	44.166666666666664	44.0	4.992324864388871	0.9592205259619344	0.9962476547842402
711_OMC-288	45.5	45.0	4.995532834211797	0.9576843685494464	0.9965753424657534
712_OMC-288	43.5	43.0	4.949697041588623	0.9584091819704766	0.9964476021314387
713_OMC-288	43.0	43.0	4.991398266010836	0.9601001101088513	1.0
714_OMC-288	44.5	43.0	4.929387450693443	0.9562629408298965	0.9944954128440366
715_OMC-288	44.0	44.0	5.027415347702142	0.9619467656562396	0.9981851179673321
716_OMC-288	45.0	45.0	4.9380125574691425	0.9560288612946161	0.9982547993019197
717_OMC-288	44.0	44.0	4.980814612783469	0.958143879817362	1.0
718_OMC-288	44.0	44.0	4.9626289528950425	0.9578842975206612	0.9981818181818182
719_OMC-288	46.5	45.0	5.010003683525608	0.9597740955831424	0.9945255474452555
71_OMC-288	45.333333333333336	45.0	5.029038715798351	0.9606464469444288	0.9962406015037594
720_OMC-288	45.0	44.0	4.896083626637231	0.9551577503429355	0.9944444444444445
721_OMC-288	45.0	45.0	4.988765719082198	0.9576055414837237	0.9981851179673321
722_OMC-288	48.0	45.0	4.987892739059531	0.9589833531510107	0.993103448275862
723_OMC-288	45.0	45.0	4.98402312029133	0.9574961453945052	0.9982578397212544
724_OMC-288	45.2	45.0	4.99797588774507	0.9594157080245729	0.9965095986038395
725_OMC-288	47.0	45.0	4.951466490880489	0.9570115122562456	0.9929203539823008
726_OMC-288	45.75	45.0	4.907145239113721	0.9552356727174626	0.9946236559139785
727_OMC-288	51.0	45.0	5.010879685645455	0.9605310223725286	0.9919354838709677
728_OMC-288	45.5	45.0	5.077437281019628	0.9630614657210402	0.9964539007092199
729_OMC-288	44.5	44.0	4.93086356838558	0.956406531253712	0.9965095986038395
72_OMC-288	44.0	44.0	5.071999862443137	0.9622222773259274	1.0
730_OMC-288	44.125	44.0	4.944118900473187	0.9591501447983961	0.996268656716418
731_OMC-288	43.0	43.0	5.020390198872728	0.9605669922547201	0.9982547993019197
732_OMC-288	51.0	45.0	4.961106027889933	0.9569815401639756	0.9929078014184397
733_OMC-288	43.0	43.0	4.963742782460378	0.9572140645675158	0.9982078853046595
734_OMC-288	45.333333333333336	45.0	5.022903883821128	0.9591454081632653	0.9964285714285714
735_OMC-288	45.6	45.0	5.095214776929192	0.9650506528627006	0.9946140035906643
736_OMC-288	44.0	44.0	5.010441109482802	0.9589685950413224	1.0
737_OMC-288	45.0	45.0	5.068365521977002	0.9627253504581408	0.9982300884955753
738_OMC-288	44.2	44.0	5.004438725692584	0.960985725308642	0.9965277777777778
739_OMC-288	44.5	44.0	4.933530597356933	0.9561233329270984	0.9963702359346642
73_OMC-288	43.5	43.0	4.950467274552133	0.9557585815355053	0.9962616822429906
740_OMC-288	45.333333333333336	45.0	5.006051416494531	0.9596146608554189	0.9965156794425087
741_OMC-288	45.333333333333336	45.0	5.019292154481731	0.9601966514689366	0.9965928449744463
742_OMC-288	42.0	42.0	4.981067935956083	0.9587880016611676	1.0
743_OMC-288	46.5	45.0	4.974510880498286	0.9582232797937735	0.9951219512195122
744_OMC-288	49.0	43.0	4.912702372094525	0.9569574556182392	0.9928057553956835
745_OMC-288	44.25	44.0	4.977021730028681	0.9598189299832095	0.9962476547842402
746_OMC-288	44.166666666666664	44.0	4.865627871742949	0.9541561100767936	0.996219281663516
747_OMC-288	45.0	44.0	5.006445669786965	0.9606826736552716	0.9946236559139785
748_OMC-288	44.0	44.0	4.936691657905936	0.9554589863122396	0.9982394366197183
749_OMC-288	45.333333333333336	45.0	5.035251021827667	0.9618596675573491	0.9964093357271095
74_OMC-288	46.0	45.0	4.974069002049141	0.9568150829054793	0.9944954128440366
750_OMC-288	47.0	44.0	5.011158311893192	0.9610556956661801	0.9948892674616695
751_OMC-288	43.0	43.0	4.943640739640782	0.9555187738664651	0.9981949458483754
752_OMC-288	44.25	44.0	4.956635152508515	0.9579398427424387	0.9964221824686941
753_OMC-288	50.0	45.0	5.027682029628003	0.9618214955807911	0.9913644214162349
754_OMC-288	45.333333333333336	45.0	5.064155912444171	0.9609804659519965	0.9965156794425087
755_OMC-288	42.0	42.0	4.952437429006507	0.958779319860401	0.9981981981981982
756_OMC-288	42.0	42.0	5.051356379614343	0.9627477873816055	1.0
757_OMC-288	43.25	43.0	4.960467743488678	0.9600185561179585	0.9964349376114082
758_OMC-288	44.5	44.0	4.937668848370579	0.9568872290126251	0.9964539007092199
759_OMC-288	44.25	44.0	4.972046563488229	0.9591877074165392	0.9962756052141527
75_OMC-288	44.333333333333336	44.0	4.970801869504337	0.9570599663936148	0.9963768115942029
760_OMC-288	44.25	44.0	4.96454804714399	0.9572922481992348	0.996309963099631
761_OMC-288	45.333333333333336	45.0	5.039901884908278	0.9611277312240583	0.9964601769911504
762_OMC-288	44.0	44.0	5.080069471689428	0.962556190774532	1.0
763_OMC-288	44.333333333333336	44.0	4.965295475678318	0.9587627910711914	0.9964850615114236
764_OMC-288	43.0	43.0	5.061154910608663	0.9626378147385045	1.0
765_OMC-288	44.5	44.0	5.005728110279346	0.9601607777752887	0.9964221824686941
766_OMC-288	47.0	44.0	4.980119344016414	0.959239121286087	0.9944954128440366
767_OMC-288	49.0	44.0	4.9444422933131795	0.9582933668439118	0.9908592321755028
768_OMC-288	44.0	44.0	4.937775809369678	0.9555407962001369	0.9981684981684982
769_OMC-288	44.25	44.0	4.938275641785302	0.9571777428920286	0.9963369963369964
76_OMC-288	43.5	43.0	4.968668084046536	0.9576988155668359	0.9966159052453468
770_OMC-288	44.0	44.0	5.026926174974998	0.9620595070411185	0.9982046678635548
771_OMC-288	42.25	42.0	4.97808634604457	0.9603202088550269	0.9963503649635036
772_OMC-288	41.333333333333336	41.0	4.9198274796346935	0.9581454606985378	0.9963570127504554
773_OMC-288	44.333333333333336	44.0	4.9677874504302	0.956805053732403	0.9963570127504554
774_OMC-288	44.5	44.0	5.022382160371198	0.9605879292403746	0.9959677419354839
775_OMC-288	45.0	45.0	5.136448188622003	0.965743232751928	0.9982014388489209
776_OMC-288	43.0	43.0	4.894771636347169	0.9560114372760304	0.9982332155477032
777_OMC-288	47.0	45.0	4.955711465561188	0.9584642991180334	0.9931506849315068
778_OMC-288	44.25	44.0	4.976154558487785	0.958779319860401	0.9963963963963964
779_OMC-288	43.0	42.0	4.964161881206896	0.9583899200241437	0.9964539007092199
77_OMC-288	43.0	43.0	4.987611611739172	0.9587189910540029	0.9981447124304267
780_OMC-288	43.0	43.0	5.071124304101652	0.9635578097116558	0.9981684981684982
781_OMC-288	45.5	45.0	4.97253793038315	0.9571127557577115	0.9964973730297724
782_OMC-288	46.0	43.0	4.913451583625337	0.9574828532235939	0.9925925925925926
783_OMC-288	44.2	44.0	4.969582051235952	0.9599820200027469	0.9964664310954063
784_OMC-288	43.5	43.0	4.941296994438978	0.9574856961220598	0.9965034965034965
785_OMC-288	44.5	44.0	4.828214934322347	0.9525961089345801	0.9946524064171123
786_OMC-288	44.0	44.0	4.9910493763495	0.957713830017301	0.9981617647058824
787_OMC-288	46.0	45.0	5.0595761511962545	0.9603248740722496	0.9965337954939342
788_OMC-288	46.5	45.0	4.997421770642443	0.9600318987889274	0.9944852941176471
789_OMC-288	44.0	44.0	5.012235110346902	0.9600199692141282	0.998211091234347
78_OMC-288	42.0	42.0	4.998228781799122	0.9609856407937136	1.0
790_OMC-288	48.0	43.0	4.92696223445315	0.9577681840931268	0.9905123339658444
791_OMC-288	46.0	45.0	5.053092408161277	0.9609762447926998	0.9964788732394366
792_OMC-288	43.5	43.0	4.90410475119266	0.9555536892397563	0.9964726631393298
793_OMC-288	42.0	42.0	4.870754893549128	0.9547503154858482	0.998062015503876
794_OMC-288	44.333333333333336	44.0	4.962633759181472	0.9581141644608214	0.9964850615114236
795_OMC-288	42.5	41.0	4.868623865765587	0.9558054972696113	0.9945848375451264
796_OMC-288	50.0	44.0	4.986348785452332	0.9597357081298478	0.9932203389830508
797_OMC-288	45.0	44.0	5.009579489086271	0.9596826281328757	0.99644128113879
798_OMC-288	46.5	45.0	4.953198384006702	0.9562504471381602	0.9929453262786596
799_OMC-288	43.25	43.0	4.9182251537423465	0.955684331345707	0.9964726631393298
79_OMC-288	44.0	44.0	4.931707777506564	0.954558146875645	1.0
7_OMC-288	46.0	45.0	5.003205728635123	0.9605110999642567	0.9948006932409013
800_OMC-288	44.333333333333336	44.0	5.070843467188597	0.962779646246647	0.996309963099631
801_OMC-288	48.333333333333336	45.0	4.971724086241601	0.9582947777241981	0.9909747292418772
802_OMC-288	45.0	44.0	4.965292487146864	0.9588203017832647	0.9944444444444445
803_OMC-288	42.0	42.0	4.894514035853359	0.9556066256458522	0.9982046678635548
804_OMC-288	45.6	45.0	4.964319348261606	0.9587074669187146	0.9945652173913043
805_OMC-288	44.25	44.0	4.980231526686156	0.9583333333333334	0.9962962962962963
806_OMC-288	43.0	43.0	5.0238614800540855	0.9617341186863149	0.9982425307557118
807_OMC-288	44.333333333333336	44.0	4.909823869190769	0.9545332290087535	0.9965034965034965
808_OMC-288	44.333333333333336	44.0	5.068253746332913	0.9627338927469136	0.9965277777777778
809_OMC-288	44.0	44.0	5.05539515660397	0.9627284355567939	0.998220640569395
80_OMC-288	44.0	44.0	4.992681515890518	0.9590801674935393	0.9981412639405205
810_OMC-288	45.333333333333336	45.0	5.0876715949132345	0.9634329026658554	0.9964850615114236
811_OMC-288	46.0	45.0	4.9382993856623045	0.9556930414913409	0.9946996466431095
812_OMC-288	42.25	42.0	4.85917440584897	0.9528047805411775	0.9962546816479401
813_OMC-288	45.5	45.0	5.087721439318556	0.9636664768904301	0.9964028776978417
814_OMC-288	45.0	45.0	5.026752165714419	0.959487086589721	0.9982014388489209
815_OMC-288	45.0	45.0	4.994402283963464	0.9578406766893474	0.99812382739212
816_OMC-288	44.333333333333336	44.0	4.9763485175311555	0.9586032580904376	0.9965811965811966
817_OMC-288	43.0	43.0	4.944311010418319	0.9558367768595042	0.9981060606060606
818_OMC-288	45.0	45.0	4.994646409196818	0.9587542955565899	0.998330550918197
819_OMC-288	44.2	44.0	4.875044864888905	0.9542270885643467	0.9964093357271095
81_OMC-288	44.25	44.0	4.997034459613684	0.9597721609113563	0.9962264150943396
820_OMC-288	47.0	44.0	4.976966246840667	0.9592181069958847	0.9944444444444445
821_OMC-288	44.0	44.0	4.9990513584972245	0.9595854028354253	0.9981785063752276
822_OMC-288	45.42857142857143	45.0	4.907508558563808	0.9549325612597981	0.9949579831932773
823_OMC-288	43.0	43.0	4.981653802166761	0.9592797550154321	1.0
824_OMC-288	45.0	44.0	4.99884556068833	0.9591890314151488	0.9947275922671354
825_OMC-288	44.0	44.0	4.993905865727068	0.9594652841800266	0.9982698961937716
826_OMC-288	45.25	45.0	4.971948122636961	0.9570610807867175	0.99644128113879
827_OMC-288	44.0	44.0	4.988787370330507	0.9594336300990896	0.99822695035461
828_OMC-288	44.0	44.0	4.953732501532472	0.9564094387755102	0.9982142857142857
829_OMC-288	44.0	44.0	4.949320440633242	0.957174689417295	0.998158379373849
82_OMC-288	43.0	43.0	5.002103260910243	0.9614203062557583	0.9982788296041308
830_OMC-288	46.5	45.0	5.024178618961553	0.9602067498957093	0.994475138121547
831_OMC-288	45.0	45.0	5.045420419742654	0.961655734387079	1.0
832_OMC-288	45.333333333333336	45.0	5.009918771243442	0.9589368998628258	0.9962962962962963
833_OMC-288	42.0	42.0	4.96091403140856	0.9592795219257638	0.998165137614679
834_OMC-288	44.75	44.0	4.978913595380788	0.9578136767960292	0.994535519125683
835_OMC-288	44.333333333333336	44.0	4.91161256356566	0.9542505248014562	0.9961685823754789
836_OMC-288	43.5	43.0	4.962237880642844	0.9574879624675913	0.9961315280464217
837_OMC-288	44.0	44.0	4.968124315706608	0.9593966973165697	0.9982876712328768
838_OMC-288	44.333333333333336	44.0	5.0102093802325935	0.9603005985261446	0.9965156794425087
839_OMC-288	44.25	44.0	4.997187401558634	0.9596836993539632	0.9963436928702011
83_OMC-288	42.0	42.0	4.911654337112006	0.9569128787878788	1.0
840_OMC-288	45.0	45.0	4.957272867094921	0.9540432736455464	0.9981060606060606
841_OMC-288	42.0	42.0	4.91846540238636	0.9569740753976002	0.9980806142034548
842_OMC-288	43.333333333333336	43.0	4.965576260890893	0.9589716773135847	0.9962406015037594
843_OMC-288	45.6	45.0	4.934042495863779	0.9559101244845262	0.9946236559139785
844_OMC-288	44.0	44.0	5.0336779384682035	0.9623480040141277	0.9981949458483754
845_OMC-288	43.0	43.0	4.932581670991573	0.9560881614391987	0.9983361064891847
846_OMC-288	44.2	44.0	4.9689297710930465	0.9592013426394587	0.9963503649635036
847_OMC-288	45.333333333333336	45.0	4.989385234756076	0.9594130799500676	0.9964973730297724
848_OMC-288	44.25	44.0	5.005044436028922	0.9587164232918695	0.9961240310077519
849_OMC-288	44.0	44.0	5.065426044459109	0.9623471074380165	0.9981818181818182
84_OMC-288	46.5	45.0	5.0010854305056665	0.9586599805363322	0.9944852941176471
850_OMC-288	45.333333333333336	45.0	5.038579573803466	0.9612478234277713	0.9963436928702011
851_OMC-288	43.0	43.0	5.0256572809515605	0.9628491913463558	0.9981884057971014
852_OMC-288	45.0	45.0	5.0234077838176745	0.9598789922634398	1.0
853_OMC-288	45.0	44.0	4.985204280021634	0.957782956142906	0.99644128113879
854_OMC-288	45.0	45.0	5.013904796450206	0.9592230756585839	0.9982046678635548
855_OMC-288	45.0	44.0	5.056746085500716	0.9612323295871581	0.9964349376114082
856_OMC-288	44.5	44.0	5.021032990508408	0.9612704585966618	0.9964349376114082
857_OMC-288	44.0	44.0	4.952225292577175	0.9580938631677373	0.9982547993019197
858_OMC-288	43.0	43.0	4.977226613065806	0.9581718099773104	1.0
859_OMC-288	45.75	45.0	4.983313796042687	0.9590262483109366	0.9943502824858758
85_OMC-288	42.333333333333336	42.0	5.019064849264324	0.9624121146565712	0.9961240310077519
860_OMC-288	42.0	42.0	4.9874732820682075	0.958933186829652	1.0
861_OMC-288	46.0	45.0	5.040388289360506	0.9605176292239229	0.9965034965034965
862_OMC-288	46.5	45.0	4.969361455469697	0.9583892399584487	0.9950657894736842
863_OMC-288	45.0	43.0	4.8545193132253	0.9544941506868388	0.9931153184165232
864_OMC-288	46.5	45.0	5.0036049566202205	0.9600775727164211	0.9946332737030411
865_OMC-288	44.0	44.0	5.03857284290246	0.9607907701270247	0.998220640569395
866_OMC-288	44.25	44.0	5.065391666187884	0.9638008741711033	0.996309963099631
867_OMC-288	45.0	45.0	5.042886270975236	0.9602604993484614	0.9982964224872232
868_OMC-288	42.25	42.0	4.943431533220772	0.9578164912052267	0.9960861056751468
869_OMC-288	44.0	44.0	5.082699637353997	0.9626147621324813	1.0
86_OMC-288	45.0	45.0	5.01082492775929	0.9595792241946088	0.9982905982905983
870_OMC-288	47.0	44.0	4.994259046740641	0.959823199761952	0.9929577464788732
871_OMC-288	42.0	42.0	4.88024969039816	0.9544437402569317	1.0
872_OMC-288	45.0	44.0	4.941154795239812	0.956379951253387	0.9944649446494465
873_OMC-288	45.0	45.0	5.0544510950645805	0.9619785808596998	0.9982517482517482
874_OMC-288	43.0	43.0	4.972636896879339	0.959004909740131	0.9982394366197183
875_OMC-288	47.0	45.0	4.97172615913991	0.9579317987347277	0.9925093632958801
876_OMC-288	46.0	43.0	4.916852746819867	0.9542716664151702	0.9946808510638298
877_OMC-288	44.333333333333336	44.0	4.991499943533446	0.9592294514605529	0.9964476021314387
878_OMC-288	47.0	45.0	5.059795980423974	0.9628740770760249	0.9928825622775801
879_OMC-288	44.333333333333336	44.0	5.012352235019964	0.9609700456258679	0.9964788732394366
87_OMC-288	42.333333333333336	42.0	4.9542475028715485	0.959677445725927	0.9963833634719711
880_OMC-288	50.0	44.0	4.976890814074961	0.9586234605642414	0.9925233644859813
881_OMC-288	42.0	42.0	4.943800633850607	0.9583110416066505	1.0
882_OMC-288	48.0	42.0	4.881828015877056	0.955327105222297	0.9928057553956835
883_OMC-288	41.0	41.0	4.877518238857947	0.9554688313368185	1.0
884_OMC-288	43.0	43.0	4.9091068089482786	0.9550874651949706	0.9982332155477032
885_OMC-288	43.0	43.0	4.95730586531031	0.958011666756055	1.0
886_OMC-288	45.333333333333336	45.0	5.007564837947787	0.9601881068178001	0.996219281663516
887_OMC-288	44.6	44.0	4.986746018073675	0.9601302902461204	0.9942084942084942
888_OMC-288	44.5	44.0	5.0714341226239	0.9637752675386445	0.996551724137931
889_OMC-288	44.0	43.0	4.9129860607819875	0.9560519972451791	0.9943181818181818
88_OMC-288	45.25	45.0	5.051789066470207	0.9618792866941015	0.9962962962962963
890_OMC-288	44.0	44.0	5.010983074256713	0.9608446846572043	0.9982174688057041
891_OMC-288	45.333333333333336	45.0	5.021819347358911	0.9613815092460454	0.9963436928702011
892_OMC-288	43.0	43.0	4.96104734910385	0.9575138450390767	0.9982014388489209
893_OMC-288	43.333333333333336	43.0	4.9126545257640695	0.9557629715935715	0.99644128113879
894_OMC-288	44.25	44.0	4.95681443965063	0.9574028898480015	0.9965753424657534
895_OMC-288	44.2	44.0	4.924034218262	0.9559110826591318	0.9966777408637874
896_OMC-288	45.0	45.0	5.032110767965817	0.9601006380401803	0.9982332155477032
897_OMC-288	43.5	43.0	5.016827901371598	0.9617538644470868	0.996551724137931
898_OMC-288	46.0	45.0	4.999621263676686	0.9591728201868062	0.9947552447552448
899_OMC-288	45.5	45.0	5.037089954499995	0.9614903665213855	0.9965156794425087
89_OMC-288	45.25	45.0	4.960763818539188	0.9567476525070889	0.9965095986038395
8_OMC-288	45.0	45.0	4.99892317413539	0.959549934070027	0.9982668977469671
900_OMC-288	44.333333333333336	44.0	5.015738506523913	0.9609866537353171	0.9964850615114236
901_OMC-288	44.333333333333336	44.0	5.000880084914341	0.9594905232112652	0.9961977186311787
902_OMC-288	44.0	44.0	4.950681698162927	0.9573619834710744	0.9981818181818182
903_OMC-288	43.0	43.0	4.998279714011745	0.9588747409714711	0.9981949458483754
904_OMC-288	47.0	44.0	5.007835018054928	0.9607177899697351	0.9925650557620818
905_OMC-288	43.0	43.0	5.012052822885619	0.9602502893518519	0.9982638888888888
906_OMC-288	49.0	43.0	4.938149146637413	0.9573941587408468	0.9926605504587156
907_OMC-288	42.0	42.0	4.934989007279856	0.9582317778897346	0.9981549815498155
908_OMC-288	45.2	44.0	4.930797010349625	0.9574882778130465	0.9922928709055877
909_OMC-288	45.0	44.0	4.951138269611447	0.9558369732114906	0.9961389961389961
90_OMC-288	43.333333333333336	43.0	4.926263849064634	0.9563595485509111	0.9966555183946488
910_OMC-288	51.0	45.0	5.023865314605108	0.9604980825420014	0.9932432432432432
911_OMC-288	43.0	43.0	4.921628230074504	0.9563852905826221	0.9982578397212544
912_OMC-288	43.75	43.0	4.863964891201945	0.9538500376817728	0.9942196531791907
913_OMC-288	46.0	45.0	4.985264601291054	0.958361298289887	0.9965457685664939
914_OMC-288	43.6	43.0	4.866463568474533	0.9543306872183113	0.9944649446494465
915_OMC-288	44.0	44.0	4.995910752392476	0.9588102956659765	1.0
916_OMC-288	44.25	44.0	4.952577903600663	0.9573565217391304	0.9965217391304347
917_OMC-288	44.0	44.0	5.007135610337041	0.9601001990730955	0.9982238010657194
918_OMC-288	46.0	43.0	4.9364914157980575	0.9571721851754201	0.9948364888123924
919_OMC-288	44.5	44.0	4.9261245349344005	0.9552028831072424	0.9965397923875432
91_OMC-288	44.2	44.0	4.9548958122139	0.9571929923369085	0.9962476547842402
920_OMC-288	45.2	45.0	4.967489496233686	0.9568191211127902	0.9964476021314387
921_OMC-288	45.75	45.0	5.056666825568444	0.9636711157811951	0.9946140035906643
922_OMC-288	45.5	45.0	4.969303436870939	0.9570088517371572	0.9965337954939342
923_OMC-288	40.5	40.0	4.883078130325582	0.9575936883629191	0.9963369963369964
924_OMC-288	44.0	44.0	4.987648552062565	0.9592607095308952	1.0
925_OMC-288	44.0	44.0	4.9548044710717445	0.9575067275799487	0.9981851179673321
926_OMC-288	45.333333333333336	45.0	4.950388245647456	0.9572456829564403	0.9965457685664939
927_OMC-288	44.333333333333336	44.0	4.99489357645836	0.9598040991667098	0.9964028776978417
928_OMC-288	44.2	44.0	4.947101079311473	0.9546013605442177	0.9961904761904762
929_OMC-288	41.0	41.0	4.946402805640186	0.9582639178120228	0.9982993197278912
92_OMC-288	45.0	45.0	5.027298657871083	0.9605831874063239	1.0
930_OMC-288	44.0	43.0	4.988117505202317	0.958821398381838	0.9963369963369964
931_OMC-288	44.0	44.0	4.963128204882728	0.9576272323525071	0.9981684981684982
932_OMC-288	43.0	43.0	5.099897096278126	0.9648427835711177	1.0
933_OMC-288	44.0	44.0	5.009891900188458	0.959065473615917	0.9981617647058824
934_OMC-288	46.0	44.0	5.013845381683566	0.961310074759701	0.9924528301886792
935_OMC-288	43.0	43.0	5.0318375531623944	0.9599686741326651	1.0
936_OMC-288	45.0	44.0	5.016429496547882	0.9597639536483819	0.9964221824686941
937_OMC-288	43.25	43.0	5.0088938631608295	0.9614542439979695	0.9965337954939342
938_OMC-288	45.2	45.0	4.964860239025435	0.9574579850700934	0.996219281663516
939_OMC-288	46.0	45.0	5.006635757369497	0.9591655328798186	0.9942857142857143
93_OMC-288	45.0	45.0	4.967003006305434	0.9583155735521338	0.9981751824817519
940_OMC-288	43.166666666666664	43.0	4.918754441761057	0.9574505497794522	0.9961315280464217
941_OMC-288	47.0	44.0	4.959501747338467	0.9592984542211652	0.993103448275862
942_OMC-288	43.0	43.0	5.035488650091725	0.961874754076695	0.9982668977469671
943_OMC-288	43.0	43.0	4.941935846993738	0.9572245281541233	1.0
944_OMC-288	45.25	45.0	4.9721522274316365	0.9573160972606956	0.9964912280701754
945_OMC-288	45.5	45.0	4.987255486894146	0.9589557996324819	0.9943820224719101
946_OMC-288	47.0	44.0	4.955568734987254	0.9589553719008265	0.9945454545454545
947_OMC-288	44.75	44.0	4.942218476173723	0.9576520101334831	0.9946714031971581
948_OMC-288	44.0	44.0	5.0170289865150535	0.9608687719115327	0.9981949458483754
949_OMC-288	44.5	44.0	5.036454636777548	0.961822925241575	0.99644128113879
94_OMC-288	41.0	41.0	4.902912288606908	0.9564692291535392	0.9981884057971014
950_OMC-288	44.5	43.0	4.941234777745058	0.9588769993382362	0.9946996466431095
951_OMC-288	42.0	42.0	5.000274898497707	0.959738819684891	0.9982425307557118
952_OMC-288	44.0	44.0	4.929698618930524	0.9553319332052648	0.9981785063752276
953_OMC-288	43.0	43.0	4.939709987301414	0.9568027699701547	0.9981718464351006
954_OMC-288	46.0	43.0	4.943105283811538	0.9573345644813789	0.9947368421052631
955_OMC-288	43.25	43.0	4.93697918588808	0.957413516825337	0.996116504854369
956_OMC-288	46.0	44.0	4.936314556964334	0.9578022713747272	0.9929577464788732
957_OMC-288	44.75	44.0	4.985988508956482	0.9600290249433107	0.9942857142857143
958_OMC-288	43.0	43.0	4.990865344809728	0.9609282025412416	1.0
959_OMC-288	45.5	45.0	4.9658855977010665	0.9573549134250182	0.9943714821763602
95_OMC-288	45.333333333333336	45.0	5.072533794227001	0.9632864577015077	0.9964726631393298
960_OMC-288	45.333333333333336	45.0	4.994257711170584	0.9583962074342337	0.9964539007092199
961_OMC-288	43.0	43.0	5.025767679243293	0.9614301503429272	1.0
962_OMC-288	43.5	43.0	4.954847480551682	0.9582174318047761	0.9964093357271095
963_OMC-288	44.5	44.0	4.959172799475934	0.9577214175518741	0.9964476021314387
964_OMC-288	44.6	44.0	4.935578753470392	0.9580390196325002	0.9947460595446584
965_OMC-288	44.25	44.0	4.99284527837363	0.9591747029676594	0.9963503649635036
966_OMC-288	44.0	44.0	5.031632453947988	0.9615498259272106	0.9982078853046595
967_OMC-288	43.5	43.0	4.931897355355949	0.9562183847898134	0.9963369963369964
968_OMC-288	46.0	45.0	4.983845543092159	0.9584541735793619	0.994661921708185
969_OMC-288	43.333333333333336	43.0	5.005697442716141	0.9604171679689973	0.99644128113879
96_OMC-288	43.5	42.0	4.905899486805486	0.9565744373053213	0.9945848375451264
970_OMC-288	43.25	43.0	4.900925616195873	0.9551136286270612	0.996309963099631
971_OMC-288	42.0	42.0	4.919443047634605	0.9561364105428013	0.9982578397212544
972_OMC-288	43.333333333333336	43.0	4.97447186975163	0.9585465979561534	0.9962616822429906
973_OMC-288	46.0	45.0	5.030761922626563	0.9605056471605561	0.9947089947089947
974_OMC-288	42.0	42.0	4.930780998512676	0.9574908519422031	0.9982876712328768
975_OMC-288	44.0	43.0	4.828449078016041	0.9513197603711545	0.9949664429530202
976_OMC-288	44.0	44.0	4.994304248000211	0.95921560956526	0.9982517482517482
977_OMC-288	43.25	43.0	4.884380759071613	0.9552688111255583	0.9962406015037594
978_OMC-288	44.6	44.0	4.867135976977571	0.9534636488340192	0.9944444444444445
979_OMC-288	43.5	43.0	5.022592823628476	0.9623166895875601	0.996309963099631
97_OMC-288	45.333333333333336	45.0	5.064172063061565	0.9624859504132232	0.9963636363636363
980_OMC-288	47.0	45.0	4.94351291739394	0.9567814157057487	0.9926605504587156
981_OMC-288	44.6	44.0	4.9431059964784545	0.9577358490566038	0.9943396226415094
982_OMC-288	45.25	45.0	5.017085383358845	0.9596632303301229	0.9963898916967509
983_OMC-288	43.0	43.0	4.953418849420336	0.9564115343538626	0.9981132075471698
984_OMC-288	44.25	44.0	5.00754583961466	0.96	0.9963302752293578
985_OMC-288	45.0	45.0	5.018508231989469	0.9592661157024793	0.9981818181818182
986_OMC-288	44.0	44.0	4.9732220330519175	0.9578146697083912	0.9982394366197183
987_OMC-288	45.0	45.0	4.958216385151662	0.9584721643759545	0.9982993197278912
988_OMC-288	44.0	44.0	4.964420984685518	0.9571089524058366	1.0
989_OMC-288	44.0	44.0	5.021652921627721	0.9606582228959851	0.9982517482517482
98_OMC-288	42.0	42.0	4.93515837143447	0.9575977389173536	1.0
990_OMC-288	43.0	43.0	4.987485383882746	0.9591183524164124	0.998236331569665
991_OMC-288	44.5	44.0	4.984988069866907	0.95947265625	0.9965277777777778
992_OMC-288	45.5	45.0	5.020501860465862	0.961807372175981	0.9948275862068966
993_OMC-288	44.0	44.0	4.962988355957803	0.9572493289803281	0.9982425307557118
994_OMC-288	51.5	44.0	4.901020784846006	0.9554788491524571	0.9893617021276596
995_OMC-288	46.0	45.0	4.907012036234396	0.9535613621818875	0.9944649446494465
996_OMC-288	47.0	44.0	5.003451547061682	0.9606199051627684	0.9945255474452555
997_OMC-288	44.333333333333336	44.0	4.940869491429991	0.9557166564765481	0.9962616822429906
998_OMC-288	44.25	44.0	4.8844358703114334	0.9537731894099162	0.9964221824686941
999_OMC-288	44.166666666666664	44.0	4.8808129102239715	0.9553594534444387	0.9964028776978417
99_OMC-288	47.0	44.0	5.034446990689313	0.9614139038521808	0.9950900163666121
9_OMC-288	45.5	45.0	5.018575969315541	0.9596414717008409	0.9962894248608535
