	chao1	observed_otus	shannon	simpson	goods_coverage
1000_H-119	73.625	71.0	4.914528097212768	0.9411888648878123	0.9938162544169611
100_H-119	71.1	69.0	4.856244216090495	0.9401880219183838	0.994142259414226
101_H-119	73.0	72.0	4.899507617959731	0.9382108891996368	0.9965307892454467
102_H-119	71.36363636363636	70.0	4.849698967136651	0.9391986111111111	0.995
103_H-119	70.125	70.0	4.94010844623425	0.9394597222222222	0.9983333333333333
104_H-119	69.08333333333333	69.0	4.9371131744907215	0.9436742618732973	0.998324958123953
105_H-119	75.5	75.0	4.951782114203178	0.9389155861007454	0.9965457685664939
106_H-119	70.0	69.0	4.853100928669819	0.9388406238886349	0.9958847736625515
107_H-119	68.5	68.0	4.731368695138699	0.9308064107978459	0.9963201471941122
108_H-119	73.66666666666667	73.0	4.870305057707792	0.9385199259287836	0.9968944099378882
109_H-119	69.0	68.0	4.828590201801045	0.9374745840312357	0.9957841483979764
10_H-119	73.0	72.0	4.8942637976592245	0.9376816855468374	0.9958540630182421
110_H-119	71.33333333333333	71.0	4.87257248518147	0.9370166618787705	0.997457627118644
111_H-119	74.9090909090909	73.0	4.8417718634704885	0.935495834453104	0.9942622950819672
112_H-119	67.0	66.0	4.8028166047555665	0.9375131069193496	0.9966777408637874
113_H-119	66.0909090909091	66.0	4.8024614436035336	0.9363502125800678	0.9983566146261298
114_H-119	67.3	67.0	4.862150649736337	0.9392648782566999	0.9972627737226277
115_H-119	67.11111111111111	67.0	4.996529060011707	0.9453	0.9983333333333333
116_H-119	65.1	65.0	4.842771408807141	0.9362209856576788	0.9982547993019197
117_H-119	71.1	69.0	4.922553465712083	0.9444809917355372	0.9936363636363637
118_H-119	68.625	66.0	4.81261433225316	0.9394299038565151	0.9939446366782007
119_H-119	73.0	73.0	4.985190130179115	0.9416446639768996	0.9992138364779874
11_H-119	69.66666666666667	69.0	4.854267308207541	0.9383943101635821	0.9965126416739319
120_H-119	72.375	72.0	4.8253988325269175	0.9349304145565435	0.9975845410628019
121_H-119	69.85714285714286	69.0	4.798037161811916	0.9345177588286965	0.996607294317218
122_H-119	75.11111111111111	74.0	4.929088432235526	0.9398337925474454	0.9958298582151793
123_H-119	68.33333333333333	68.0	4.8161761559549285	0.9358300944942806	0.9974248927038627
124_H-119	70.5	70.0	4.9134547372945265	0.9392555833378875	0.9966301600673968
125_H-119	72.33333333333333	70.0	4.693130673203905	0.9288510701545779	0.993103448275862
126_H-119	69.08333333333333	69.0	4.817808025125887	0.9352665766441893	0.9983179142136249
127_H-119	70.27272727272727	70.0	4.9249739874090555	0.9419593340084876	0.9973958333333334
128_H-119	70.76923076923077	70.0	4.803882421478828	0.9358938363132374	0.9957301451750641
129_H-119	73.8	71.0	4.775004827520648	0.9332018433720056	0.9933166248955723
12_H-119	70.125	70.0	4.887176160164192	0.9398146738242696	0.9983361064891847
130_H-119	69.875	68.0	4.897197127290485	0.9388058035714286	0.9946428571428572
131_H-119	74.54545454545455	72.0	4.920988537422503	0.9395682227599544	0.9928952042628775
132_H-119	71.54545454545455	71.0	4.892153812806024	0.9345230818132916	0.9965034965034965
133_H-119	68.42857142857143	67.0	4.883243851027972	0.9423224383326623	0.99581589958159
134_H-119	68.11111111111111	67.0	4.840528367706959	0.939651112665382	0.9959250203748982
135_H-119	71.9090909090909	71.0	4.982620165711371	0.9449300071280441	0.995507637017071
136_H-119	72.2	71.0	4.915882497653032	0.9392166112842409	0.9966804979253112
137_H-119	67.75	67.0	4.828419492192829	0.9353873998295096	0.9974204643164231
138_H-119	73.875	72.0	4.946601333124338	0.9413779813487122	0.9946949602122016
139_H-119	69.375	69.0	4.901755347266112	0.9411302795954789	0.9975609756097561
13_H-119	75.54545454545455	75.0	4.971105682567651	0.9429395366481236	0.9968404423380727
140_H-119	71.0	70.0	4.796084019246194	0.933101689080847	0.9957118353344768
141_H-119	71.06666666666666	71.0	4.786302855354144	0.9343765483536778	0.9983221476510067
142_H-119	65.0	65.0	4.750960909441516	0.9290280755307129	0.9991235758106923
143_H-119	68.0	68.0	4.909863314774621	0.9399330756904515	1.0
144_H-119	69.375	69.0	4.849011711058612	0.9380001288181548	0.9973730297723292
145_H-119	69.3	69.0	4.866930321699788	0.9345560358070761	0.9974093264248705
146_H-119	70.0	70.0	4.957126053305023	0.943104075307809	1.0
147_H-119	68.11111111111111	67.0	4.77078952742984	0.9348149585670205	0.9955947136563876
148_H-119	70.14285714285714	70.0	5.0115353952673845	0.9458613120976487	0.9983179142136249
149_H-119	76.54545454545455	74.0	4.865686671735701	0.9375332272007619	0.9931682322801024
14_H-119	65.85714285714286	65.0	4.814850775388202	0.9382060247444863	0.9965034965034965
150_H-119	69.33333333333333	69.0	4.8707777552485965	0.938304163729898	0.997398091934085
151_H-119	63.27272727272727	63.0	4.806685757619293	0.9387803666143844	0.9974048442906575
152_H-119	72.33333333333333	70.0	4.795988168192376	0.9339670035671819	0.9939655172413793
153_H-119	73.6	68.0	4.859124506880045	0.9407084667339152	0.9933774834437086
154_H-119	71.0	68.0	4.8899491485016	0.9421005785153491	0.993897122929381
155_H-119	67.33333333333333	67.0	4.805754149611679	0.9369757538876298	0.997398091934085
156_H-119	71.25	70.0	4.964374922547058	0.9459428049221521	0.9957519116397621
157_H-119	73.14285714285714	71.0	4.949557890351851	0.9408414972931808	0.9946476360392507
158_H-119	67.875	66.0	4.860493957678241	0.9396609757119995	0.9945602901178604
159_H-119	70.0	67.0	4.873516996938169	0.9392377057804799	0.9949409780775716
15_H-119	66.27272727272727	66.0	4.800237858515446	0.93797512132046	0.9974293059125964
160_H-119	71.42857142857143	70.0	4.86709438014886	0.93697664	0.996
161_H-119	68.14285714285714	68.0	4.9609928685346105	0.9435896137889243	0.998274374460742
162_H-119	65.0	65.0	4.7414355712748035	0.9331362951330404	0.9991103202846975
163_H-119	67.85714285714286	67.0	4.852291388736054	0.9391689627518084	0.9966015293118097
164_H-119	64.5	63.0	4.80292328830919	0.9384253231095679	0.9965277777777778
165_H-119	72.5	71.0	4.801724935735603	0.934654242196284	0.9950738916256158
166_H-119	69.5	69.0	4.790510900086726	0.932499371594817	0.9964381121994658
167_H-119	69.66666666666667	69.0	4.855004570139612	0.9395158090444286	0.9966329966329966
168_H-119	69.3	69.0	4.887823229658833	0.9408537398537461	0.9975062344139651
169_H-119	69.66666666666667	68.0	4.834345082398692	0.9355994074074074	0.9955555555555555
16_H-119	71.33333333333333	71.0	4.937699981570805	0.9400596249204376	0.9973190348525469
170_H-119	67.375	67.0	4.873838816365996	0.938612094497663	0.9974489795918368
171_H-119	72.07692307692308	72.0	4.960749268001147	0.9407346515922707	0.9983221476510067
172_H-119	72.5	70.0	4.938156706438683	0.9399220362302224	0.9951845906902087
173_H-119	72.42857142857143	71.0	4.807038586662062	0.9314724815015891	0.9957374254049446
174_H-119	68.21428571428571	68.0	4.760806748735741	0.9356502613326176	0.9974380871050385
175_H-119	68.875	67.0	4.868729591163927	0.9389163930127733	0.9946996466431095
176_H-119	73.76923076923077	73.0	4.905987237500973	0.9408312769148884	0.9959839357429718
177_H-119	73.9090909090909	73.0	4.949144754562256	0.9429218274856641	0.9957591178965225
178_H-119	70.0	70.0	4.729460911219887	0.9296467684231905	0.9992094861660079
179_H-119	66.2	66.0	4.807000906602473	0.9331890068952751	0.9982993197278912
17_H-119	70.5	68.0	4.863917580750601	0.939757385264147	0.9949832775919732
180_H-119	68.25	67.0	4.888825585062653	0.9415504865186175	0.9957007738607051
181_H-119	68.85714285714286	68.0	5.0177729823259805	0.9471273793391675	0.99644128113879
182_H-119	71.85714285714286	71.0	4.913884137686421	0.9388991804271261	0.9967897271268058
183_H-119	67.25	67.0	4.889331224542516	0.9419643038635446	0.9972948602344455
184_H-119	71.25	70.0	4.793271384180136	0.9354724548779049	0.9958711808422791
185_H-119	62.142857142857146	62.0	4.863520034756773	0.9415264983568165	0.9982847341337907
186_H-119	68.25	67.0	4.779440122600652	0.9364210795152663	0.995640802092415
187_H-119	70.42857142857143	70.0	4.835068690473555	0.9370822447092194	0.9967159277504105
188_H-119	69.66666666666667	69.0	4.819735857730233	0.9357541024573095	0.996734693877551
189_H-119	70.9090909090909	70.0	4.782084850758153	0.9345933525356808	0.9957118353344768
18_H-119	71.71428571428571	71.0	4.877959999227049	0.9387365304248421	0.9956709956709957
190_H-119	70.5	68.0	4.855602335105087	0.9377270466009533	0.9948979591836735
191_H-119	66.0909090909091	66.0	4.757775935018827	0.93240338882283	0.9982758620689656
192_H-119	71.375	71.0	4.9457128470007	0.9399583844805945	0.9974424552429667
193_H-119	70.85714285714286	70.0	4.900117852622152	0.9413618020810668	0.9966859983429992
194_H-119	70.2	69.0	4.910544785631811	0.939013079667063	0.996551724137931
195_H-119	66.16666666666667	66.0	4.89510786508144	0.9411883538294488	0.998324958123953
196_H-119	68.0909090909091	68.0	4.8499960199124095	0.9362123946193733	0.9982440737489026
197_H-119	68.75	68.0	4.850567895974344	0.9386299171776918	0.996542783059637
198_H-119	71.25	70.0	4.91959474671001	0.94169348940641	0.9942196531791907
199_H-119	67.0909090909091	67.0	4.760025524209588	0.9335768253918629	0.998351195383347
19_H-119	79.14285714285714	74.0	4.987221281542913	0.9418657435284283	0.9923664122137404
1_H-119	72.54545454545455	72.0	4.831254185148668	0.9355221716414186	0.9967585089141004
200_H-119	69.0909090909091	69.0	4.784124203354031	0.9355115368596418	0.9983673469387755
201_H-119	69.54545454545455	69.0	4.873897110295086	0.9395759878153394	0.9966527196652719
202_H-119	69.46153846153847	69.0	4.934550780692906	0.9435543392260365	0.9965635738831615
203_H-119	75.66666666666667	71.0	4.885494497863226	0.9395238226917014	0.9935846030473136
204_H-119	68.25	67.0	4.856199042627823	0.9383681567363135	0.9960629921259843
205_H-119	73.33333333333333	71.0	4.777081515206356	0.9335136746245699	0.9942903752039152
206_H-119	71.14285714285714	69.0	4.764167599563274	0.9335293096265851	0.9949281487743026
207_H-119	70.33333333333333	70.0	4.906713233010924	0.941947766630196	0.9974446337308348
208_H-119	66.08333333333333	66.0	4.780695034652098	0.9367689560040868	0.9982920580700256
209_H-119	75.0	66.0	4.8489699947396065	0.9396231286295954	0.9911816578483246
20_H-119	69.0	69.0	4.941986583792942	0.9401322247078159	0.9991554054054054
210_H-119	66.14285714285714	66.0	4.956371746829959	0.9442017976699904	0.9981900452488688
211_H-119	72.66666666666667	71.0	4.890228863457982	0.9367797818630285	0.9946236559139785
212_H-119	71.5	68.0	4.85962718927017	0.936834420153875	0.9940068493150684
213_H-119	68.11111111111111	68.0	4.964037544920493	0.9419256294753129	0.9982547993019197
214_H-119	72.07692307692308	72.0	4.895278306585899	0.939185773092761	0.9983457402812241
215_H-119	71.25	71.0	4.889421732075551	0.9394768370046772	0.9974874371859297
216_H-119	71.66666666666667	71.0	4.7695396996107915	0.9304878826530613	0.9964285714285714
217_H-119	70.66666666666667	69.0	4.852162702334759	0.9414163546255044	0.9945004582951421
218_H-119	69.14285714285714	69.0	4.924636777885852	0.9426548090567335	0.9982788296041308
219_H-119	75.0	68.0	4.815747071674129	0.9360424215037658	0.993960310612597
21_H-119	70.75	70.0	4.88312552535967	0.93891182020117	0.996661101836394
220_H-119	66.16666666666667	66.0	4.830974262337228	0.9360818169885969	0.9983633387888707
221_H-119	70.54545454545455	70.0	4.884400092869384	0.9380657768232841	0.9964664310954063
222_H-119	77.5	74.0	5.0103350493586465	0.9455817174515235	0.993859649122807
223_H-119	70.9090909090909	70.0	4.718574551597084	0.9304621872717311	0.995777027027027
224_H-119	69.3	69.0	4.890293439322433	0.941134674963243	0.9972826086956522
225_H-119	70.83333333333333	70.0	4.858475790825463	0.9365052591278642	0.995571302037201
226_H-119	71.3	71.0	4.8411328061534675	0.9358608613270387	0.9975530179445351
227_H-119	75.36363636363636	74.0	4.806497105879871	0.9332786939169335	0.9950331125827815
228_H-119	72.36363636363636	71.0	4.840667840843769	0.9381415735261889	0.9948717948717949
229_H-119	69.54545454545455	69.0	4.792684938391139	0.9355096444925638	0.9964973730297724
22_H-119	71.33333333333333	71.0	4.829211078304654	0.9347041666666667	0.9975
230_H-119	70.14285714285714	68.0	4.895660319032336	0.9398544028199335	0.9946284691136974
231_H-119	67.375	67.0	4.8701438177627505	0.9380485983804586	0.9973867595818815
232_H-119	66.0	66.0	4.804776298705999	0.9373143542732006	0.9991467576791809
233_H-119	67.0	67.0	4.913108701891928	0.9387805368415508	0.9991386735572783
234_H-119	67.6	67.0	4.986309755448971	0.9468488569521989	0.9967897271268058
235_H-119	72.0	69.0	4.813972397027911	0.9339600135305952	0.9940928270042194
236_H-119	69.42857142857143	69.0	4.907078991715124	0.9421759629268451	0.9974204643164231
237_H-119	72.0	69.0	4.87417023440071	0.9383144692215311	0.9938757655293088
238_H-119	74.66666666666667	74.0	4.881043559665573	0.9368723167133142	0.9955516014234875
239_H-119	65.23076923076923	65.0	4.790426357481049	0.9366835885585661	0.9974048442906575
23_H-119	68.75	68.0	4.903855311597974	0.9400164338537387	0.9967132292522597
240_H-119	71.625	69.0	4.7856893777300336	0.9326466836734694	0.99375
241_H-119	71.0909090909091	71.0	4.932013391363189	0.9431683820548624	0.9983221476510067
242_H-119	70.86666666666666	69.0	4.765625896964605	0.9377370750955237	0.9929762949956101
243_H-119	66.6	66.0	4.862824373792853	0.9376608956096135	0.9965811965811966
244_H-119	70.1	70.0	4.888907973071717	0.9369495397258055	0.9983429991714996
245_H-119	70.9090909090909	70.0	4.7309854800998306	0.9304548029060331	0.9958745874587459
246_H-119	67.07142857142857	66.0	4.737796047615875	0.9323164299347644	0.9943767572633552
247_H-119	67.0	67.0	4.882782584987804	0.9383293210186484	0.999176276771005
248_H-119	68.0	65.0	4.67995707412904	0.9302936308821049	0.9943181818181818
249_H-119	74.625	72.0	4.919513580350693	0.9403988320641667	0.9943227899432279
24_H-119	67.16666666666667	67.0	4.916505198004319	0.9417494972708992	0.9983050847457627
250_H-119	68.0	67.0	4.810212144694573	0.9334919835352047	0.9966749792186201
251_H-119	71.4	71.0	4.782161089940558	0.9310753876346557	0.9965307892454467
252_H-119	70.3	70.0	4.87431333634841	0.9392135054976851	0.9973958333333334
253_H-119	67.08333333333333	67.0	4.883568321634599	0.9407316642829672	0.9981965734896303
254_H-119	72.61538461538461	71.0	4.702517716969729	0.9274445475394338	0.994142259414226
255_H-119	73.5	71.0	4.878567346466786	0.9386749200810477	0.994991652754591
256_H-119	67.36363636363636	66.0	4.794595402822294	0.9386750637755102	0.9946428571428572
257_H-119	70.0	68.0	4.868902719285972	0.9388986313340655	0.9957044673539519
258_H-119	70.1	70.0	4.9005784028100825	0.9394719161515721	0.9983606557377049
259_H-119	70.76923076923077	70.0	4.715874599181552	0.9300170932068574	0.995697074010327
25_H-119	67.14285714285714	67.0	4.851810167882766	0.9364067709275827	0.9982486865148862
260_H-119	67.85714285714286	67.0	4.735520918419364	0.9327473226074625	0.9965034965034965
261_H-119	71.0	70.0	4.960290179695863	0.9425672184677703	0.9965004374453194
262_H-119	69.66666666666667	69.0	4.8812282319086275	0.9402712356052895	0.9965782720273738
263_H-119	70.11111111111111	70.0	4.9751997561502295	0.9440484785565412	0.9983065198983911
264_H-119	72.21428571428571	72.0	4.8441261172835794	0.9380901987296021	0.9976816074188563
265_H-119	71.11111111111111	70.0	4.914098170163096	0.9397838515153888	0.995575221238938
266_H-119	68.08333333333333	68.0	4.7987308928156915	0.9333042187090576	0.9981308411214953
267_H-119	70.3	70.0	4.90423858501085	0.9401625094482238	0.9976190476190476
268_H-119	68.11111111111111	67.0	4.693831256550671	0.9301629735685283	0.995819397993311
269_H-119	73.9375	73.0	4.8658430165352735	0.9397267754002896	0.994475138121547
26_H-119	74.0	71.0	4.977680330223134	0.9435463733650417	0.9948275862068966
270_H-119	68.5	68.0	4.822400425872474	0.9367950515026896	0.9963603275705186
271_H-119	70.1	68.0	4.870799092012115	0.9427103260142649	0.9938271604938271
272_H-119	76.61538461538461	75.0	5.007389448644512	0.9446317565612541	0.993891797556719
273_H-119	71.42857142857143	71.0	4.760618140392451	0.9348684995697263	0.9966583124477861
274_H-119	67.1	67.0	4.840425934652172	0.9368634989782981	0.9983416252072969
275_H-119	67.9090909090909	67.0	4.865666045030901	0.9392579881207178	0.9955516014234875
276_H-119	70.66666666666667	70.0	4.878331584862566	0.9400627852034047	0.9965694682675815
277_H-119	68.0	68.0	4.872886258949433	0.939790704832256	0.9991228070175439
278_H-119	71.36363636363636	70.0	4.871022658078004	0.9399671115271304	0.9944802207911684
279_H-119	72.0	69.0	4.833298727328771	0.9353934131195714	0.9948586118251928
27_H-119	69.0909090909091	69.0	4.839298712891476	0.9394168342430336	0.9983050847457627
280_H-119	70.42857142857143	70.0	4.830366291873422	0.9384896359472806	0.9965576592082617
281_H-119	67.33333333333333	67.0	4.89206921389973	0.9409518494897959	0.9973214285714286
282_H-119	66.54545454545455	66.0	4.864756004522464	0.9403653393110459	0.9964381121994658
283_H-119	69.875	68.0	4.714237650866767	0.9299711654209009	0.9947089947089947
284_H-119	73.3	73.0	4.961770711250251	0.9385230805728627	0.9973498233215548
285_H-119	68.5	68.0	4.82615602057533	0.9365685917714136	0.9964726631393298
286_H-119	75.25	70.0	4.918987886944935	0.9411069829985454	0.9942716857610474
287_H-119	73.11111111111111	72.0	4.992322374979138	0.945231579161213	0.995741056218058
288_H-119	70.42857142857143	70.0	4.874377288225919	0.9386667701682547	0.9973568281938326
289_H-119	67.0	66.0	4.935793426776089	0.943654262340747	0.9967767929089444
28_H-119	66.33333333333333	66.0	4.878666503146445	0.939248308197844	0.9974003466204506
290_H-119	68.42857142857143	68.0	4.780586479490505	0.9322159179131515	0.9973021582733813
291_H-119	66.11111111111111	66.0	4.805173627278791	0.9337531887755102	0.9982142857142857
292_H-119	75.54545454545455	73.0	4.86148070270019	0.9366008922643245	0.9931740614334471
293_H-119	70.42857142857143	70.0	4.843115510847459	0.9385453957687289	0.9965397923875432
294_H-119	68.6	68.0	5.013845859050586	0.9454593337701211	0.9973118279569892
295_H-119	70.625	68.0	4.852917602605894	0.939780105942159	0.994281045751634
296_H-119	70.61538461538461	69.0	4.778400812066723	0.9390488713565637	0.994017094017094
297_H-119	72.5	69.0	4.841296259642879	0.9390412541048084	0.9929328621908127
298_H-119	70.9090909090909	70.0	4.8035815689293795	0.9373492390684619	0.9958609271523179
299_H-119	66.76923076923077	66.0	4.712818957615757	0.9331283496480439	0.9955908289241623
29_H-119	72.5	69.0	4.883670768960859	0.941821826779475	0.9933277731442869
2_H-119	77.0	76.0	4.769210635622684	0.9302694390157947	0.9952904238618524
300_H-119	73.5	70.0	4.732742826260469	0.9325729116863603	0.9933884297520661
301_H-119	69.33333333333333	69.0	4.851764114306612	0.9396240894901144	0.9975806451612903
302_H-119	71.83333333333333	71.0	4.976837389295302	0.9439127036810558	0.9954792043399638
303_H-119	76.3125	75.0	4.79746010976522	0.9338374291115312	0.9941471571906354
304_H-119	73.71428571428571	73.0	4.741929025044768	0.9330661391214008	0.9955908289241623
305_H-119	73.33333333333333	71.0	4.757602969590531	0.9305393810903082	0.9927140255009107
306_H-119	74.875	73.0	4.842697252116554	0.9354644934933574	0.9949109414758269
307_H-119	70.75	70.0	4.836258181503942	0.9382674206561182	0.9965665236051502
308_H-119	71.0	70.0	4.925044031451566	0.9419736320198377	0.9959481361426256
309_H-119	70.5	68.0	4.841972961720115	0.9352558420369728	0.9955197132616488
30_H-119	67.33333333333333	67.0	4.817611697074851	0.9346625233993592	0.9973521624007061
310_H-119	72.83333333333333	72.0	4.83229102135602	0.9360466875132354	0.9958540630182421
311_H-119	70.75	70.0	4.763704266836639	0.9329143677228285	0.9968152866242038
312_H-119	69.25	68.0	4.852310811174447	0.9410889836171865	0.9957841483979764
313_H-119	70.27272727272727	70.0	4.7760613019901434	0.9312882865636684	0.99748322147651
314_H-119	73.25	72.0	4.798044836494967	0.9373350788625296	0.9949622166246851
315_H-119	67.3	67.0	4.818004347842278	0.9373462233544538	0.9973544973544973
316_H-119	66.66666666666667	65.0	4.871801988716635	0.9410684291135528	0.995697074010327
317_H-119	68.5	67.0	4.822025870019063	0.9387381018431517	0.9948186528497409
318_H-119	70.5	70.0	4.936338301362195	0.9421809546679474	0.9975186104218362
319_H-119	69.5	67.0	4.889007146601441	0.9396123980861886	0.9955317247542449
31_H-119	69.66666666666667	69.0	4.879468502585151	0.9400094060736361	0.9967213114754099
320_H-119	71.6	71.0	4.811217597576019	0.9347836391052284	0.9965576592082617
321_H-119	69.08333333333333	69.0	4.836316570987441	0.9361087493062198	0.9982817869415808
322_H-119	72.0909090909091	72.0	4.945058334752083	0.9416134388693779	0.998371335504886
323_H-119	66.5	65.0	4.622399971615622	0.9262088477366255	0.9944444444444445
324_H-119	69.27272727272727	69.0	4.844071059167967	0.9388304639278536	0.9975020815986678
325_H-119	67.75	67.0	4.859952784695272	0.9376285010772545	0.9964912280701754
326_H-119	72.54545454545455	72.0	4.818587611065779	0.9337142754516828	0.9965397923875432
327_H-119	74.42857142857143	73.0	4.977181752153307	0.9416800745937618	0.9958915365653246
328_H-119	65.5	65.0	4.832298351487523	0.9391267038136328	0.9972801450589301
329_H-119	72.5	69.0	4.868240593546547	0.9410554607747532	0.993543179983858
32_H-119	65.75	65.0	4.835288971289061	0.9368400200886233	0.9963735267452403
330_H-119	67.66666666666667	67.0	4.804275623275175	0.9368977174219926	0.9963603275705186
331_H-119	72.5	71.0	4.814352405510046	0.9354924939357143	0.9949409780775716
332_H-119	70.6	70.0	4.8568892560679195	0.9363608908800901	0.9965753424657534
333_H-119	75.66666666666667	71.0	4.863735148333671	0.9375024370524279	0.9928635147190009
334_H-119	70.15384615384616	69.0	4.699205909651639	0.9291888183708006	0.9946380697050938
335_H-119	68.1875	68.0	4.767111890766651	0.9318134542580189	0.9973166368515206
336_H-119	70.42857142857143	69.0	4.8445442445790965	0.9390330910950919	0.9957228400342173
337_H-119	67.6	67.0	4.771806692785635	0.9343918161517436	0.9965694682675815
338_H-119	67.375	67.0	4.838771397931985	0.9372903501558172	0.9975328947368421
339_H-119	73.33333333333333	71.0	4.83983497634683	0.9376935166072434	0.9940068493150684
33_H-119	70.07692307692308	70.0	4.897151536624851	0.9392622855551104	0.9983883964544722
340_H-119	70.0	70.0	4.803189043806266	0.9334532940526395	0.9991539763113367
341_H-119	69.71428571428571	69.0	4.83967833433432	0.9377154439917282	0.995475113122172
342_H-119	70.66666666666667	69.0	4.955347725582403	0.9447429255411492	0.9956369982547993
343_H-119	70.54545454545455	70.0	4.76842543843615	0.9320462491392665	0.9964061096136568
344_H-119	68.5	68.0	4.843215868887005	0.9364989731973851	0.9974811083123426
345_H-119	69.42857142857143	68.0	4.753702580541502	0.9338453298130194	0.9958881578947368
346_H-119	70.0	70.0	4.863219345535132	0.9380414843066354	0.9991915925626516
347_H-119	66.3	66.0	4.789007889013131	0.936285213964539	0.9974003466204506
348_H-119	66.6	66.0	4.860681447481716	0.9396557362597363	0.9974704890387859
349_H-119	73.27272727272727	70.0	4.891742023618837	0.9404332307011889	0.9915014164305949
34_H-119	72.42857142857143	72.0	4.854411878066285	0.9362734953156516	0.9968178202068417
350_H-119	71.375	71.0	4.862833415786129	0.9333686200378072	0.9973913043478261
351_H-119	66.0	65.0	4.885820117232681	0.9382201201353925	0.9973045822102425
352_H-119	67.85714285714286	67.0	4.881302397435617	0.9411323201311951	0.9965065502183406
353_H-119	73.0	70.0	4.904184536664564	0.9423887436716566	0.9938650306748467
354_H-119	68.5	68.0	4.748801897762017	0.9307739934411854	0.9965576592082617
355_H-119	76.0	67.0	4.6682446540254965	0.9280366273609517	0.9913127413127413
356_H-119	72.875	71.0	4.919892175254199	0.9417162819697784	0.9947552447552448
357_H-119	68.07142857142857	68.0	4.788199244753791	0.9359367703930748	0.9982698961937716
358_H-119	69.85714285714286	69.0	4.882253121193776	0.9418979734120774	0.9965606190885641
359_H-119	70.42857142857143	69.0	4.9232759227179255	0.9405082835016175	0.9958745874587459
35_H-119	72.0	69.0	4.823809095389798	0.9352322912904629	0.9940978077571669
360_H-119	68.85714285714286	68.0	4.879412019854925	0.9407421333968145	0.9967105263157895
361_H-119	69.25	68.0	4.801600151757746	0.9363720753330389	0.9955116696588869
362_H-119	69.0	69.0	4.937681971118701	0.9428984744157265	1.0
363_H-119	71.14285714285714	69.0	4.698264746156581	0.9259100300900356	0.9946949602122016
364_H-119	71.9090909090909	71.0	4.863243080138107	0.9366022448020928	0.9956859361518551
365_H-119	66.125	66.0	4.8328509153658	0.9377841546509843	0.9982817869415808
366_H-119	70.3	70.0	4.914308119414423	0.9385504144473853	0.9975247524752475
367_H-119	73.2	73.0	4.856121965657759	0.9367399519963784	0.9974070872947277
368_H-119	69.1	69.0	4.874230438466466	0.9376083333333334	0.9983333333333333
369_H-119	69.0	69.0	4.7199061729699325	0.928510584724674	0.9991816693944353
36_H-119	71.0909090909091	71.0	4.964331457116311	0.9420866373260057	0.9984338292873923
370_H-119	69.0	69.0	4.82184069985806	0.9352264929660508	1.0
371_H-119	71.75	71.0	5.004833523106146	0.944821971301737	0.9965665236051502
372_H-119	70.75	70.0	4.822315657548188	0.9359346045294057	0.9967453213995118
373_H-119	66.875	65.0	4.73597038771651	0.9323535802469136	0.9946666666666667
374_H-119	70.0	70.0	4.923193973482419	0.9398879546870975	0.9991755976916735
375_H-119	73.25	73.0	4.85736110177056	0.9360231560820707	0.997504159733777
376_H-119	68.1	66.0	4.7826048857938455	0.9351698806244261	0.9939393939393939
377_H-119	68.5	68.0	4.751117139428911	0.9323258559622196	0.9974025974025974
378_H-119	65.0	65.0	4.838243965427901	0.9396086809450053	0.99915611814346
379_H-119	68.5	68.0	4.82571225476971	0.9378716167364848	0.996607294317218
37_H-119	71.125	71.0	5.025957844616372	0.9454152968271629	0.9984152139461173
380_H-119	67.11111111111111	67.0	4.89396762797033	0.9404009312158704	0.9981078524124882
381_H-119	79.16666666666667	70.0	4.823792506787141	0.9325418185272314	0.9898242368177613
382_H-119	63.5	63.0	4.80121761886759	0.9360620079538998	0.9972972972972973
383_H-119	67.375	67.0	4.843150428041316	0.9364259235915432	0.9973935708079931
384_H-119	71.75	71.0	4.913397206153601	0.9393689660378106	0.9963669391462306
385_H-119	69.25	69.0	4.860191594093639	0.9376411427729374	0.9974248927038627
386_H-119	71.3	71.0	4.818323941411784	0.9369055857637172	0.9974789915966387
387_H-119	72.0	71.0	4.9048977918312255	0.9412271901088168	0.9959216965742251
388_H-119	70.46153846153847	70.0	4.6774332101013885	0.928285293244617	0.9967585089141004
389_H-119	65.08333333333333	65.0	4.812794782306588	0.9348506018011952	0.998165137614679
38_H-119	68.0	68.0	4.840538855396271	0.9364069148462675	0.99915611814346
390_H-119	66.66666666666667	65.0	4.851544294962448	0.9392917789358045	0.995366079703429
391_H-119	66.11111111111111	65.0	4.741728362287851	0.9353727197600972	0.9956483899042646
392_H-119	70.1	70.0	4.926048931021482	0.9419794836871273	0.998320738874895
393_H-119	64.42857142857143	64.0	4.840330968281089	0.9398626297315724	0.9974874371859297
394_H-119	67.27272727272727	67.0	4.8712970994186024	0.9407197549287154	0.9973357015985791
395_H-119	73.66666666666667	69.0	4.856036454001654	0.9380603811772643	0.9930735930735931
396_H-119	84.75	71.0	4.852242248914324	0.937387123156104	0.990342405618964
397_H-119	70.25	69.0	4.792856556420731	0.9341836926723718	0.9956178790534619
398_H-119	70.27272727272727	70.0	4.8350780361839005	0.9359998678396896	0.9974003466204506
399_H-119	75.1	73.0	4.8406380327105305	0.9360389895180036	0.9942052980132451
39_H-119	70.0	70.0	4.931422633607858	0.9402803110229496	0.999140154772141
3_H-119	68.1	68.0	4.832536930075206	0.9391006130120894	0.9983660130718954
400_H-119	68.23076923076923	68.0	4.787683486327484	0.9341786888239592	0.9974662162162162
401_H-119	72.42857142857143	71.0	4.950065237518431	0.9421851436163516	0.9959083469721768
402_H-119	67.0	67.0	4.790492114803515	0.9325629608236083	1.0
403_H-119	69.33333333333333	69.0	4.7854001265622275	0.9334918255844339	0.9974003466204506
404_H-119	68.0	68.0	4.864394851151382	0.9370485658553234	0.9991423670668954
405_H-119	66.125	66.0	4.7134769001718375	0.9276930056710775	0.9982608695652174
406_H-119	69.125	69.0	4.854931710570324	0.934791251402368	0.9983498349834984
407_H-119	66.6	66.0	4.7831126537784865	0.9351431416930738	0.9965957446808511
408_H-119	63.6	63.0	4.738281852109392	0.9346389811587792	0.9974597798475868
409_H-119	70.75	67.0	4.838747262198818	0.9371983283671595	0.9948051948051948
40_H-119	70.25	69.0	4.735235473675863	0.9316637115839244	0.9946808510638298
410_H-119	71.85714285714286	71.0	4.984312850871117	0.9436945179584121	0.9965217391304347
411_H-119	69.125	69.0	4.853357834472091	0.9346638303427882	0.9983593109105825
412_H-119	69.25	69.0	4.825986593256312	0.9384741162577467	0.9975747776879548
413_H-119	65.1	65.0	4.861324967729281	0.941123610642283	0.9982502187226596
414_H-119	71.23076923076923	71.0	4.842867414110183	0.9343093069276218	0.9974811083123426
415_H-119	65.66666666666667	64.0	4.755468297525087	0.9334885632638803	0.9959709911361805
416_H-119	69.125	69.0	4.804174238657934	0.931796734250336	0.9982174688057041
417_H-119	69.85714285714286	69.0	4.935469600283515	0.939763606988442	0.9965899403239556
418_H-119	71.5	70.0	4.891731845612868	0.9417031032517852	0.9949706621961442
419_H-119	71.0	71.0	4.902193918415011	0.9408322804178739	0.9991896272285251
41_H-119	65.08333333333333	65.0	4.88500367170158	0.940910654108777	0.9981290926099158
420_H-119	69.0	66.0	4.761348055275973	0.9324354852144939	0.9951020408163266
421_H-119	67.66666666666667	67.0	4.8116387313340185	0.9340616571741409	0.996607294317218
422_H-119	68.75	68.0	4.919977787270234	0.941696932439246	0.9967159277504105
423_H-119	73.33333333333333	71.0	4.938309057357868	0.9429200371825309	0.9941324392288349
424_H-119	66.0	66.0	4.803005928744596	0.9349103525403111	0.9990958408679927
425_H-119	71.36363636363636	70.0	4.7682388811294745	0.9341283195266041	0.9951573849878934
426_H-119	72.2	68.0	4.8632251004235885	0.9375960763235689	0.9942622950819672
427_H-119	69.9090909090909	69.0	4.8401023181074505	0.9382867866001807	0.9957374254049446
428_H-119	71.4	71.0	4.847990946804639	0.93926159626088	0.996661101836394
429_H-119	70.5	69.0	4.795881585255267	0.9316799704587096	0.9945404913557779
42_H-119	69.0	68.0	4.751414226914467	0.9324228779209947	0.9954873646209387
430_H-119	74.66666666666667	73.0	4.96000088267496	0.9440982986767485	0.9947826086956522
431_H-119	72.36363636363636	71.0	4.800799482829949	0.9316286537840568	0.9948364888123924
432_H-119	65.11111111111111	65.0	4.750186873675427	0.9310605177321705	0.9983136593591906
433_H-119	69.0	66.0	4.714305045191575	0.9292272118627256	0.9938380281690141
434_H-119	73.25	72.0	4.851990583858171	0.936932776234874	0.9947183098591549
435_H-119	72.0	69.0	4.8964139730149565	0.9420599389045217	0.9936421435059037
436_H-119	67.6	67.0	4.851440588450022	0.9398182509839713	0.996548748921484
437_H-119	67.2	66.0	4.850771448282195	0.9388989629629629	0.9964444444444445
438_H-119	65.0	65.0	4.8026088942407315	0.9363378663119013	1.0
439_H-119	73.625	73.0	4.830393683822236	0.9340986086998457	0.9956597222222222
43_H-119	70.11111111111111	69.0	4.904660223472461	0.9406649555425444	0.9953874538745388
440_H-119	69.66666666666667	68.0	4.8912578516853635	0.9414398275270957	0.9947275922671354
441_H-119	69.21428571428571	69.0	4.745570039493335	0.9328782244006495	0.9974853310980721
442_H-119	65.42857142857143	64.0	4.81781680710073	0.93883115969225	0.9957191780821918
443_H-119	68.85714285714286	68.0	4.974230217439114	0.9457092062128439	0.9965457685664939
444_H-119	70.14285714285714	68.0	4.764120750356228	0.9332246480896295	0.9949152542372881
445_H-119	69.11111111111111	69.0	4.906679128409811	0.9416788768914688	0.9983633387888707
446_H-119	67.66666666666667	67.0	4.8353303473665905	0.9399367346542724	0.9964757709251101
447_H-119	70.1	70.0	4.833454291653129	0.938236884802596	0.9984496124031008
448_H-119	67.0	67.0	4.9439004782863405	0.9425428174226403	0.9991356957649092
449_H-119	73.55555555555556	72.0	4.825782268234902	0.9367995772369244	0.993127147766323
44_H-119	70.25	69.0	4.8226864855436045	0.9359544427538767	0.9945305378304466
450_H-119	70.11111111111111	69.0	4.831940929737596	0.93462397544885	0.9954995499549955
451_H-119	69.27272727272727	69.0	4.826525200284126	0.9371646466396596	0.9975124378109452
452_H-119	69.11111111111111	69.0	4.843348274656466	0.9347360617830534	0.9983179142136249
453_H-119	67.0909090909091	67.0	4.915063053666549	0.9388012919735057	0.9983235540653814
454_H-119	70.0	70.0	4.888548665410475	0.9394621304718636	0.9992019154030327
455_H-119	70.07692307692308	70.0	4.984966017381351	0.9457151524799582	0.9982668977469671
456_H-119	70.2	69.0	4.90820945786319	0.9413134208964635	0.9967715899919289
457_H-119	69.25	68.0	4.801457937779573	0.9347708333333333	0.9958333333333333
458_H-119	70.875	69.0	4.818975525306749	0.937128101649661	0.994991652754591
459_H-119	69.11111111111111	68.0	4.789199819717218	0.9356344651640275	0.9956859361518551
45_H-119	66.85714285714286	66.0	4.775797954337082	0.9346176200974154	0.9965841161400513
460_H-119	69.0	69.0	4.854756554425537	0.9389095518334087	0.9991489361702127
461_H-119	70.25	70.0	4.897944490817456	0.9395197819434951	0.9974511469838573
462_H-119	73.5	72.0	4.83137359739577	0.933942832519391	0.9949152542372881
463_H-119	69.5	69.0	4.87812128799156	0.9382170435962507	0.9964221824686941
464_H-119	68.0	66.0	4.786602940403273	0.9325667034112378	0.9956672443674177
465_H-119	68.5	68.0	4.823725821818492	0.9369002306090062	0.9964788732394366
466_H-119	71.3	71.0	4.920424417946121	0.9385327154348534	0.9973614775725593
467_H-119	69.42857142857143	68.0	4.822397444938027	0.9360529768025038	0.9955116696588869
468_H-119	71.66666666666667	70.0	4.870539605311127	0.939053739142716	0.9949579831932773
469_H-119	67.76923076923077	67.0	4.838162627690675	0.9389849108367627	0.9953703703703703
46_H-119	72.54545454545455	72.0	4.920861131464241	0.9398587445725493	0.9966329966329966
470_H-119	73.4	72.0	4.749740982873086	0.9323938021122039	0.9940374787052811
471_H-119	69.54545454545455	69.0	4.7791137944280475	0.9339341202751273	0.9966969446738233
472_H-119	73.0	70.0	5.046694659020734	0.9486089069629042	0.9947183098591549
473_H-119	70.0	69.0	4.855093757096928	0.9359933605476147	0.9968076616121309
474_H-119	73.27272727272727	73.0	4.985111651533415	0.9418657950566256	0.9974511469838573
475_H-119	71.0	71.0	4.911844155098067	0.9349191302598965	0.9991714995857498
476_H-119	73.46153846153847	73.0	4.878220271577245	0.9387031464972427	0.9966555183946488
477_H-119	69.76923076923077	69.0	4.706115181100384	0.9309719340618592	0.9958018471872376
478_H-119	65.0	65.0	4.682169034688868	0.9284506291830797	0.9991349480968859
479_H-119	70.2	66.0	4.82614216765661	0.9346959897707943	0.9938434476693052
47_H-119	68.11111111111111	68.0	4.834147351181955	0.9377225474797529	0.9983150800336984
480_H-119	69.54545454545455	67.0	4.699574593008163	0.9335654192051059	0.9930374238468234
481_H-119	72.9090909090909	72.0	4.924830264755272	0.9405315257404842	0.9956024626209323
482_H-119	77.9090909090909	76.0	4.915293503849382	0.938891722671153	0.9939550949913645
483_H-119	72.625	70.0	4.849012618105479	0.9384151785714285	0.99375
484_H-119	70.5	70.0	4.8504976057445	0.9370784970574921	0.9965957446808511
485_H-119	67.06666666666666	67.0	4.8484221510380685	0.9400749604963965	0.9982078853046595
486_H-119	67.14285714285714	67.0	4.827570200371761	0.9351905855543093	0.9983122362869198
487_H-119	71.5	70.0	4.725795896846127	0.9322656340098898	0.9946855624446412
488_H-119	71.0	70.0	4.8057382513500535	0.9333512745005985	0.9957007738607051
489_H-119	68.54545454545455	68.0	4.872430824940555	0.9413388440177936	0.9965337954939342
48_H-119	72.36363636363636	71.0	4.878067796323655	0.9389138807081135	0.9948542024013722
490_H-119	69.42857142857143	69.0	4.842233234781194	0.9381294125644586	0.996542783059637
491_H-119	74.625	72.0	4.8382768109479874	0.9365129975399336	0.9941077441077442
492_H-119	71.0	67.0	4.791696944685647	0.9381452668314673	0.9933110367892977
493_H-119	62.0	62.0	4.666047949174147	0.9249746384580182	1.0
494_H-119	69.36363636363636	68.0	4.798268817288852	0.9378831271883348	0.9949109414758269
495_H-119	73.76923076923077	73.0	4.7291996996354	0.9279448751484917	0.995697074010327
496_H-119	68.0	67.0	4.798320602285893	0.9379545186072782	0.9957947855340622
497_H-119	66.1	66.0	4.761205717038648	0.9344700220221048	0.9983922829581994
498_H-119	71.66666666666667	71.0	5.0046076356095135	0.9459674300691788	0.9968203497615262
499_H-119	69.0	67.0	4.869015038770613	0.9373091085759314	0.995697074010327
49_H-119	75.0	71.0	4.910422649503611	0.9396859366391566	0.9933444259567388
4_H-119	67.27272727272727	67.0	4.794968637035179	0.9338395944569452	0.9974160206718347
500_H-119	71.54545454545455	71.0	4.901122954651149	0.9407206632653061	0.9964285714285714
501_H-119	73.11111111111111	72.0	4.80125888702598	0.9325031494079113	0.996031746031746
502_H-119	67.6	67.0	4.7724016128858695	0.9327967414605083	0.9966859983429992
503_H-119	69.33333333333333	69.0	4.886956907619247	0.9418005288588631	0.9973890339425587
504_H-119	66.11111111111111	65.0	4.769110127045752	0.9333249108204519	0.9956896551724138
505_H-119	69.0	69.0	4.841911238622639	0.9362228266625662	0.9991142604074402
506_H-119	72.875	71.0	4.971710738226572	0.9451552035929943	0.995301487862177
507_H-119	67.625	65.0	4.66587210484364	0.929601537337915	0.9939446366782007
508_H-119	68.11111111111111	67.0	4.87007752914063	0.9419660007859144	0.9957228400342173
509_H-119	68.3	68.0	4.757986337091514	0.9321870434623813	0.9974662162162162
50_H-119	76.27272727272727	73.0	4.851860967684624	0.9394062906814991	0.9923011120615911
510_H-119	73.25	73.0	4.832708579695824	0.9340556711758585	0.9975806451612903
511_H-119	71.76923076923077	71.0	4.796083042112757	0.931992438563327	0.9956521739130435
512_H-119	67.5	67.0	4.875041812205504	0.941788600255661	0.9974662162162162
513_H-119	67.875	66.0	4.758701999117873	0.9358901921729472	0.9947322212467077
514_H-119	68.54545454545455	68.0	4.7598772465024135	0.9343896200599923	0.9966969446738233
515_H-119	70.25	69.0	4.803651835934682	0.9328121435829376	0.995697074010327
516_H-119	71.11111111111111	71.0	4.91560582694858	0.9389159825829443	0.998274374460742
517_H-119	67.2	67.0	4.881877251261796	0.9384802682633366	0.998390989541432
518_H-119	70.66666666666667	70.0	4.78877298063771	0.933880550681503	0.996548748921484
519_H-119	67.375	67.0	4.793200868038975	0.935467468532082	0.9975165562913907
51_H-119	69.11111111111111	68.0	4.767484877756421	0.9337604359925789	0.9959415584415584
520_H-119	68.125	68.0	4.910783916439673	0.9430883765079856	0.9983388704318937
521_H-119	69.25	68.0	4.8556022188743295	0.9366507649398468	0.9958368026644463
522_H-119	67.25	67.0	4.730460896639482	0.932469706632653	0.9973214285714286
523_H-119	71.11111111111111	70.0	4.877330016076675	0.937552210283976	0.995857497928749
524_H-119	69.5	67.0	4.799173288593269	0.9367347653322033	0.9957734573119188
525_H-119	73.54545454545455	71.0	4.860551186807736	0.9386647802074886	0.9935012185215272
526_H-119	66.2	65.0	4.927508755911614	0.9435518974790732	0.9964317573595004
527_H-119	69.5	68.0	4.814647820867877	0.9333847497284634	0.996548748921484
528_H-119	70.5	69.0	4.885546639636823	0.9397672668993805	0.9949066213921901
529_H-119	68.33333333333333	68.0	4.80367202485567	0.93273728	0.9976
52_H-119	68.5	67.0	4.698476057871535	0.928813743197598	0.9948630136986302
530_H-119	76.5	73.0	4.9787461866346545	0.9445584045584046	0.994017094017094
531_H-119	71.3	71.0	4.8411568550995385	0.9344293184155205	0.9975942261427426
532_H-119	69.27272727272727	69.0	4.920813677236233	0.9408650105172777	0.9972948602344455
533_H-119	72.14285714285714	70.0	4.934977253366907	0.941063092645042	0.9948849104859335
534_H-119	67.875	66.0	4.764201190618277	0.9359916242944423	0.994579945799458
535_H-119	67.875	66.0	4.684705198555653	0.927610221128994	0.9946996466431095
536_H-119	64.14285714285714	64.0	4.809502826639669	0.9381588730232446	0.9982949701619779
537_H-119	68.6	68.0	4.772733287311453	0.9331914242590964	0.9965694682675815
538_H-119	71.07142857142857	71.0	4.757469841506883	0.930764461247637	0.9982608695652174
539_H-119	68.2	67.0	4.889626186683108	0.939097652087499	0.9965397923875432
53_H-119	66.5	66.0	4.849087729803515	0.9378849939899861	0.9974533106960951
540_H-119	72.25	71.0	4.830829343919542	0.9359558957106556	0.994768962510898
541_H-119	76.5	75.0	4.823684357037265	0.9373715909342445	0.9942669942669943
542_H-119	74.0	73.0	4.9538513892403975	0.94250752	0.996
543_H-119	70.875	69.0	4.787036505110338	0.9331568138078801	0.9948586118251928
544_H-119	72.36363636363636	71.0	4.841699564022297	0.9341188495368533	0.9947322212467077
545_H-119	72.54545454545455	72.0	4.966401602799494	0.9429224934509768	0.9963898916967509
546_H-119	69.83333333333333	69.0	4.80564754502947	0.9370088356769936	0.9956178790534619
547_H-119	64.0	64.0	4.740043242519694	0.9339532389386161	0.999129677980853
548_H-119	68.0	68.0	4.834817704276492	0.9361755700857974	0.9991816693944353
549_H-119	71.54545454545455	71.0	4.832625250681162	0.9338248721694667	0.9966216216216216
54_H-119	67.375	67.0	4.750698312491469	0.931717437358463	0.9974358974358974
550_H-119	69.75	69.0	4.950823402606735	0.939773075532446	0.9966804979253112
551_H-119	70.21428571428571	70.0	4.815586851140338	0.9357820147563738	0.9974358974358974
552_H-119	69.2	69.0	4.879969590940212	0.9391751609795225	0.9983566146261298
553_H-119	73.42857142857143	73.0	5.0107807596141605	0.9438287555006318	0.9965724078834619
554_H-119	70.75	69.0	4.796791250970815	0.9378828123560943	0.9939914163090129
555_H-119	67.85714285714286	67.0	4.801633950510053	0.9347717734675333	0.9966414777497901
556_H-119	67.0	67.0	4.9390252205270295	0.9428514768991965	0.9991554054054054
557_H-119	67.0	66.0	4.840920739542763	0.9406009095024004	0.995579133510168
558_H-119	69.3	69.0	4.83578599128494	0.9341071243237201	0.9975530179445351
559_H-119	73.83333333333333	73.0	4.830187266895016	0.9344216270684359	0.9956445993031359
55_H-119	74.15384615384616	73.0	4.887906528474443	0.9387540738083686	0.9949281487743026
560_H-119	70.25	69.0	4.985681059099848	0.9447357081298478	0.9957627118644068
561_H-119	72.54545454545455	72.0	4.825210387993874	0.9330717143736534	0.9964912280701754
562_H-119	71.76923076923077	71.0	4.803041302550573	0.9325293282716122	0.9957591178965225
563_H-119	68.25	67.0	4.77130184476389	0.9360671302894196	0.996059889676911
564_H-119	68.33333333333333	68.0	4.819791522821689	0.9372860104963308	0.9975349219391948
565_H-119	67.42857142857143	66.0	4.798062860577824	0.936465432569707	0.9956672443674177
566_H-119	71.0	71.0	4.919093425127887	0.9409660690936708	0.9991922455573505
567_H-119	70.1	70.0	4.801129456919343	0.9329210987227134	0.9983660130718954
568_H-119	71.27272727272727	71.0	4.983718448533711	0.9420659718523308	0.9971126082771896
569_H-119	69.0	67.0	4.8183163688060455	0.9358704113854656	0.9958609271523179
56_H-119	65.42857142857143	65.0	4.786805192401972	0.9370911203872268	0.9974853310980721
570_H-119	67.9090909090909	67.0	4.7102200582187566	0.9315755010828135	0.9956672443674177
571_H-119	69.66666666666667	68.0	4.811477059948137	0.9386667521038916	0.9950980392156863
572_H-119	69.1	69.0	4.814135023260657	0.9361170179980276	0.9983974358974359
573_H-119	71.66666666666667	71.0	4.926231813429055	0.9400212109811263	0.9965576592082617
574_H-119	66.16666666666667	66.0	4.8577808330054	0.9394019891110698	0.9982347749338041
575_H-119	74.75	73.0	4.857887148259892	0.9376152029227051	0.9933554817275747
576_H-119	72.33333333333333	70.0	4.730143726417106	0.9317991315118047	0.9941126997476871
577_H-119	70.9090909090909	70.0	4.737029559873946	0.9328823313654289	0.9956784788245462
578_H-119	70.25	69.0	4.87078229685931	0.9387875898628936	0.9956331877729258
579_H-119	72.42857142857143	72.0	4.906242343064062	0.9378900047274337	0.9975186104218362
57_H-119	69.0	68.0	4.936260435618026	0.9425815605684414	0.9966130397967824
580_H-119	68.25	67.0	4.791178892465395	0.9363549232342855	0.9959871589085072
581_H-119	64.0	64.0	4.767110892490088	0.9350250311580315	0.9991909385113269
582_H-119	72.625	70.0	4.769437293687809	0.9295417088372137	0.9942481511914544
583_H-119	70.25	69.0	4.926754122127823	0.9393378491913463	0.9954710144927537
584_H-119	67.375	67.0	4.861915028031995	0.9392722807813538	0.997270245677889
585_H-119	71.54545454545455	71.0	4.878470294392677	0.9365995710176552	0.9964788732394366
586_H-119	74.23076923076923	74.0	4.9289568512005495	0.941436518722869	0.9976114649681529
587_H-119	74.625	74.0	4.914921563455161	0.9389479482050173	0.9954044117647058
588_H-119	70.85714285714286	70.0	4.85072860352315	0.936489643058409	0.9966859983429992
589_H-119	70.2	69.0	4.856772314038533	0.9388901291128696	0.996734693877551
58_H-119	70.0	69.0	4.853307230327063	0.9382720566443796	0.9957228400342173
590_H-119	66.2	66.0	4.878880414011296	0.9395008913474617	0.9982502187226596
591_H-119	71.5	71.0	4.764105451957124	0.9338332466181062	0.9967741935483871
592_H-119	68.23076923076923	68.0	4.838331435613724	0.9401789059144943	0.9973821989528796
593_H-119	72.66666666666667	71.0	4.883969509358455	0.9389893340270552	0.9959677419354839
594_H-119	66.5	66.0	4.821940953069276	0.9371512098765432	0.9973333333333333
595_H-119	68.42857142857143	68.0	4.810862025305494	0.9345788501033507	0.9972677595628415
596_H-119	69.54545454545455	69.0	4.903783899164105	0.9406296376996229	0.9966301600673968
597_H-119	72.1	72.0	4.970997731703591	0.9425685926697485	0.9982773471145564
598_H-119	68.5	66.0	4.85727545462511	0.939420721698947	0.9949748743718593
599_H-119	69.25	69.0	4.793397323289317	0.9336809698754986	0.997504159733777
59_H-119	65.11111111111111	65.0	4.7948653720861545	0.9378709732626977	0.998389694041868
5_H-119	71.5	69.0	4.895129412586035	0.9363192921569001	0.9956331877729258
600_H-119	69.0	68.0	4.855166405984413	0.9361740510095973	0.9957007738607051
601_H-119	67.33333333333333	67.0	4.759849746709474	0.931147807860973	0.9972375690607734
602_H-119	70.5	69.0	4.951433109047993	0.9393856331948618	0.9967373572593801
603_H-119	70.25	70.0	4.93989207359058	0.9428896264388108	0.9974789915966387
604_H-119	70.33333333333333	70.0	4.852235107743687	0.9361451333574103	0.9974704890387859
605_H-119	68.54545454545455	68.0	4.811850315138528	0.9339469337737759	0.9963503649635036
606_H-119	71.33333333333333	69.0	4.917633065482008	0.942926414264272	0.9937050359712231
607_H-119	73.9090909090909	72.0	4.853807542617388	0.9393043701972014	0.9941471571906354
608_H-119	70.5	70.0	4.936420284165419	0.9386445881102282	0.9975227085053675
609_H-119	64.14285714285714	64.0	4.830696023512512	0.9369503516401	0.9983150800336984
60_H-119	69.11111111111111	69.0	4.746011369842882	0.9290683522652515	0.9983443708609272
610_H-119	68.66666666666667	68.0	4.858730898218887	0.9386813068616067	0.9965187119234117
611_H-119	72.14285714285714	70.0	4.891159526732661	0.9389797832286879	0.9950248756218906
612_H-119	72.54545454545455	70.0	4.728748821708937	0.9317546495132399	0.993322203672788
613_H-119	69.21428571428571	69.0	4.744903727346178	0.9332469392736475	0.9973118279569892
614_H-119	65.71428571428571	65.0	4.658727605629957	0.9276610331632653	0.9955357142857143
615_H-119	72.83333333333333	72.0	4.841212490797782	0.936120820541424	0.9955869373345102
616_H-119	69.6	69.0	4.805980652774344	0.9294173602853746	0.996551724137931
617_H-119	72.42857142857143	72.0	4.9025760639577145	0.9406137520530233	0.9965870307167235
618_H-119	71.75	71.0	4.916696494591166	0.9422040576118482	0.9965606190885641
619_H-119	70.66666666666667	70.0	4.881526585456173	0.9389250766280385	0.9967611336032388
61_H-119	73.66666666666667	72.0	4.7938279924303036	0.9298149636647313	0.9950289975144988
620_H-119	73.1	71.0	4.858309186940837	0.9397467366015854	0.9937388193202147
621_H-119	68.33333333333333	68.0	4.898035465105996	0.9391870635593123	0.9973753280839895
622_H-119	68.33333333333333	68.0	4.823588319512409	0.937210693359375	0.99765625
623_H-119	68.0	68.0	5.049385109410916	0.9461110500882953	0.9991235758106923
624_H-119	70.0	70.0	4.811153786009143	0.9331450853005356	0.9991197183098591
625_H-119	70.5	70.0	4.805022028126598	0.9336610358333793	0.9966130397967824
626_H-119	70.375	70.0	4.8695590636800805	0.9371412388763629	0.9975247524752475
627_H-119	67.11111111111111	66.0	4.7810346159153525	0.9350545572431601	0.9957841483979764
628_H-119	69.0909090909091	69.0	4.893154816859741	0.9381163495926285	0.9981447124304267
629_H-119	68.375	68.0	4.925418906484469	0.9415621358340366	0.9974811083123426
62_H-119	68.0	68.0	4.829217056375096	0.9341135734072022	0.9991228070175439
630_H-119	69.66666666666667	68.0	4.877890810298341	0.9421033606932496	0.9955237242614146
631_H-119	68.42857142857143	67.0	4.8392633980595745	0.9388349645436748	0.9955476402493322
632_H-119	68.2	67.0	4.848049720842181	0.9353144842021386	0.9966499162479062
633_H-119	65.25	64.0	4.7188757262469325	0.9296573866850985	0.9958263772954925
634_H-119	67.5	67.0	4.832577973982343	0.9362069589120371	0.9973958333333334
635_H-119	70.21428571428571	70.0	4.814815497635119	0.9367235331632653	0.9973214285714286
636_H-119	65.0	65.0	4.935308923240922	0.9442207445338835	1.0
637_H-119	73.83333333333333	73.0	4.7531874452581775	0.9305465668145957	0.9959935897435898
638_H-119	68.85714285714286	68.0	4.864712039624709	0.9366728224068944	0.9964912280701754
639_H-119	69.07692307692308	69.0	4.982667107018932	0.9466676996026686	0.9983291562238931
63_H-119	69.5	66.0	4.8230168561506614	0.9406796591370961	0.9938757655293088
640_H-119	69.5	69.0	4.861030686966403	0.9338403157834518	0.9973799126637555
641_H-119	68.11111111111111	67.0	4.748232875974559	0.9317742997302979	0.9953917050691244
642_H-119	70.0	65.0	4.798292662589163	0.9342844913255349	0.9948096885813149
643_H-119	70.5	70.0	4.848043047917212	0.9386165258401131	0.9967239967239967
644_H-119	71.0	68.0	4.830918124518954	0.9361262724956263	0.995260663507109
645_H-119	68.0	68.0	4.819382054463216	0.937993795043743	0.9991039426523297
646_H-119	68.0	68.0	4.836827038487693	0.9369709240627604	0.999176276771005
647_H-119	66.0	66.0	4.849726314044888	0.9387182486053743	0.9991603694374476
648_H-119	69.46153846153847	69.0	4.769332211621422	0.9341757250584268	0.9966694421315571
649_H-119	70.75	70.0	4.883210276098352	0.9381995857059255	0.9966187658495351
64_H-119	67.625	67.0	4.698498873817374	0.9297293196393918	0.9953574744661096
650_H-119	67.66666666666667	67.0	4.809803289914378	0.935501799211446	0.9966804979253112
651_H-119	64.5	64.0	4.806748181182989	0.936107063548819	0.9973707274320771
652_H-119	67.5	65.0	4.89266151447058	0.9438305555555555	0.995
653_H-119	73.23076923076923	73.0	4.9043067525243895	0.9377372804593717	0.9972875226039783
654_H-119	68.0	68.0	4.7840978685370885	0.9331210501265843	0.9991941982272361
655_H-119	71.07142857142857	70.0	4.851923812874627	0.9407144927848735	0.9946380697050938
656_H-119	72.8	70.0	4.739110631991284	0.92955375898962	0.9928379588182632
657_H-119	71.46153846153847	71.0	4.922174663780764	0.9407200842042985	0.996542783059637
658_H-119	72.76923076923077	72.0	4.9013592446050245	0.9379711592587279	0.9958471760797342
659_H-119	68.25	68.0	4.742692005622668	0.9339869460206074	0.9973821989528796
65_H-119	71.11111111111111	71.0	4.922024910278555	0.9415735490004612	0.9983948635634029
660_H-119	68.33333333333333	68.0	4.769696373414346	0.9336124676817006	0.997457627118644
661_H-119	72.07692307692308	72.0	4.948726605620384	0.9430641706746908	0.9982773471145564
662_H-119	63.142857142857146	63.0	4.755904718825491	0.9338360076493459	0.998220640569395
663_H-119	64.6	64.0	4.767163457204959	0.9367353851849747	0.9964943032427696
664_H-119	70.9090909090909	70.0	4.813501738261648	0.9351321349766182	0.9958813838550247
665_H-119	74.5	73.0	4.937242736854084	0.9429189691427453	0.9947552447552448
666_H-119	73.25	72.0	4.788304796474071	0.9304298502281293	0.9947183098591549
667_H-119	68.6	68.0	4.872694755065111	0.9401674707377236	0.9964726631393298
668_H-119	71.25	70.0	4.765712764092591	0.9344197677286266	0.9949706621961442
669_H-119	66.08333333333333	66.0	4.752474636117148	0.9329913105449077	0.998324958123953
66_H-119	70.75	70.0	4.941056562462836	0.9392444366205732	0.9965156794425087
670_H-119	78.33333333333333	69.0	4.796187857248107	0.934184012460652	0.9933993399339934
671_H-119	69.27272727272727	69.0	4.863413999383209	0.9392035808433978	0.9974704890387859
672_H-119	70.14285714285714	68.0	4.855820154748999	0.9382925967276281	0.9949706621961442
673_H-119	69.6	69.0	4.832026777043629	0.9354204428574201	0.9964757709251101
674_H-119	69.08333333333333	69.0	4.867866862017664	0.9375253657857394	0.9982788296041308
675_H-119	70.85714285714286	70.0	4.902466802323631	0.938615220321773	0.9966527196652719
676_H-119	73.5	72.0	4.857910975770408	0.9355737192836319	0.9948979591836735
677_H-119	76.0	69.0	4.819364969067637	0.9374161229117497	0.9931972789115646
678_H-119	68.11111111111111	68.0	4.887079670163146	0.9384529813975702	0.9982935153583617
679_H-119	69.6	69.0	4.804430072825754	0.9350691106144414	0.9964664310954063
67_H-119	75.625	70.0	4.80730891364	0.9372080629943272	0.9914675767918089
680_H-119	73.0	70.0	4.8964820793939206	0.9404416804101491	0.9937106918238994
681_H-119	67.0	67.0	4.795094537695562	0.9350544120631585	0.999128160418483
682_H-119	70.33333333333333	70.0	4.834883803215773	0.9359767308244757	0.997457627118644
683_H-119	75.0	71.0	4.829507676822396	0.9373633745134441	0.9931389365351629
684_H-119	66.375	66.0	4.869801358966736	0.9386812823856125	0.9975062344139651
685_H-119	69.66666666666667	68.0	4.891746006860469	0.9407447966991267	0.9958711808422791
686_H-119	72.66666666666667	71.0	4.78328846492648	0.933216451165169	0.9948717948717949
687_H-119	75.5	72.0	4.906711627686195	0.9389838412379554	0.9941860465116279
688_H-119	70.71428571428571	70.0	4.842010357525871	0.9402940418419178	0.9958437240232751
689_H-119	74.0	73.0	4.924426867212004	0.9432195497246517	0.9948979591836735
68_H-119	69.75	69.0	4.921877200986603	0.9385374226648558	0.9964539007092199
690_H-119	67.85714285714286	67.0	4.832104876673266	0.9337160946346339	0.9965782720273738
691_H-119	70.23076923076923	70.0	4.851915701635903	0.9355848276096737	0.9972997299729973
692_H-119	66.42857142857143	66.0	4.7335252472725875	0.9298931200971922	0.9975728155339806
693_H-119	75.0	71.0	4.749211239824603	0.9309626653588854	0.9929078014184397
694_H-119	69.33333333333333	69.0	4.8337867285667055	0.9368281218600014	0.9975767366720517
695_H-119	71.375	71.0	4.866952856808094	0.9372935523663197	0.9973357015985791
696_H-119	71.0	68.0	4.797226550067863	0.9347654751127018	0.9940828402366864
697_H-119	68.27272727272727	68.0	4.800592509558256	0.9332297554774718	0.9974533106960951
698_H-119	74.5	71.0	4.874198813890511	0.9391012932260072	0.9929390997352162
699_H-119	69.54545454545455	69.0	4.8297616133308265	0.9360261732506789	0.9965694682675815
69_H-119	69.27272727272727	69.0	4.826818882567141	0.9376605233930306	0.9974489795918368
6_H-119	70.11111111111111	70.0	4.891779004910137	0.9399938090389368	0.9983646770237122
700_H-119	75.07142857142857	74.0	4.954360805286673	0.942703485740154	0.9948936170212765
701_H-119	72.66666666666667	68.0	4.7457949531303605	0.9299109369886344	0.9928698752228164
702_H-119	74.33333333333333	72.0	4.842576810738915	0.9368944943289225	0.9936594202898551
703_H-119	73.5	72.0	4.770248791326055	0.9314572708841657	0.9950576606260296
704_H-119	68.5	68.0	4.833578051537036	0.9380570887959319	0.9966832504145937
705_H-119	68.54545454545455	68.0	4.89854133932588	0.9401629412615741	0.9965277777777778
706_H-119	65.11111111111111	65.0	4.876054637291773	0.9411032201258478	0.998193315266486
707_H-119	71.14285714285714	69.0	4.81654122772209	0.9344498230037402	0.9949958298582152
708_H-119	75.5	71.0	4.772470920693581	0.9318850846123573	0.9922077922077922
709_H-119	71.0	71.0	4.931217464780605	0.9397388888888889	0.9991666666666666
70_H-119	73.83333333333333	73.0	4.889546833461478	0.9381574008711971	0.995850622406639
710_H-119	71.8	69.0	4.769993276407877	0.9351199839711704	0.9933388842631141
711_H-119	71.5	69.0	4.92897960708198	0.9454865908527297	0.9948453608247423
712_H-119	70.0	69.0	4.865364885176774	0.9394342260354706	0.9956369982547993
713_H-119	71.85714285714286	71.0	4.9770432820328265	0.9450397255979939	0.9965277777777778
714_H-119	73.25	72.0	4.905979388378378	0.9395887294972063	0.9946714031971581
715_H-119	68.0	68.0	4.8223965300602805	0.9359985226794472	0.9991539763113367
716_H-119	68.3	68.0	4.843191450076945	0.9355457352332651	0.997557003257329
717_H-119	70.76923076923077	70.0	4.835365537490513	0.9391726515369146	0.9957627118644068
718_H-119	73.75	72.0	4.835805959470369	0.9362573063047562	0.9941812136325852
719_H-119	69.25	68.0	4.810137687690573	0.9367174031349158	0.9955237242614146
71_H-119	69.54545454545455	69.0	4.839270591177291	0.9366418449743928	0.9967637540453075
720_H-119	73.1875	73.0	4.940276970064165	0.9433965291294528	0.9974380871050385
721_H-119	66.0	66.0	4.941658178966615	0.9460068066851816	0.9991197183098591
722_H-119	71.1	69.0	4.8012304248027124	0.9355424443719801	0.9941126997476871
723_H-119	71.6	71.0	5.015284478843845	0.9462087869057875	0.9964601769911504
724_H-119	69.66666666666667	68.0	4.879734725189757	0.9395791666666666	0.9958333333333333
725_H-119	74.33333333333333	72.0	4.79887999579647	0.9375030835623634	0.9931856899488927
726_H-119	68.3	68.0	4.780589992759153	0.9353529526963271	0.9974683544303797
727_H-119	73.25	72.0	4.909571989782198	0.9387178428777817	0.9947735191637631
728_H-119	70.14285714285714	68.0	4.794795462919483	0.9353712622280747	0.9945155393053017
729_H-119	68.25	68.0	4.806363044314483	0.9349044513496553	0.9973142345568488
72_H-119	67.66666666666667	67.0	4.75158179602279	0.932264681692647	0.9964221824686941
730_H-119	73.5	72.0	4.871403735266202	0.9396906048739442	0.9939965694682675
731_H-119	70.85714285714286	70.0	4.923859520919222	0.9411766373045835	0.9966329966329966
732_H-119	66.75	66.0	4.840232049873333	0.9380198180392817	0.9965337954939342
733_H-119	67.5	67.0	4.718635175134799	0.932344086910396	0.9965004374453194
734_H-119	66.9090909090909	66.0	4.802651549885544	0.9360579039098044	0.9956178790534619
735_H-119	66.14285714285714	66.0	4.985969545466329	0.9460734504282189	0.9982788296041308
736_H-119	67.14285714285714	65.0	4.929996567937586	0.9446265960416022	0.9947460595446584
737_H-119	73.0	73.0	4.885327364733164	0.9353399424882866	0.9991031390134529
738_H-119	67.1	67.0	4.780637499186987	0.9330530209750354	0.9982471516213848
739_H-119	69.11111111111111	68.0	4.75159762336675	0.9318229915869477	0.9956217162872154
73_H-119	70.23076923076923	70.0	4.797016123453795	0.9357593965176966	0.9975165562913907
740_H-119	69.25	69.0	4.867558736761506	0.9369572137737678	0.9974511469838573
741_H-119	74.0	71.0	4.828313458112899	0.9362740559301252	0.9941373534338358
742_H-119	65.16666666666667	65.0	4.889943910097609	0.9405212841329771	0.9982486865148862
743_H-119	70.0	69.0	4.737436412418588	0.933404146765402	0.9949066213921901
744_H-119	69.3	69.0	4.837592411311052	0.9375679265789156	0.9974640743871513
745_H-119	70.5	70.0	4.972290215214065	0.9425991078192071	0.9963302752293578
746_H-119	66.75	66.0	4.795265689994238	0.9371801007984893	0.996265172735761
747_H-119	68.0	68.0	4.917330384990291	0.9401708399533326	0.9991928974979822
748_H-119	68.5	68.0	4.935273637514188	0.9423217324514384	0.9975288303130149
749_H-119	73.2	72.0	5.0454288362807755	0.9467416801541587	0.9966583124477861
74_H-119	70.06666666666666	70.0	4.851910796076496	0.9354171377692351	0.9981203007518797
750_H-119	69.33333333333333	69.0	4.961524293876236	0.9428231004218297	0.9973890339425587
751_H-119	69.3	69.0	4.962267522129966	0.9444319411682021	0.9973707274320771
752_H-119	72.76923076923077	72.0	4.842987008067527	0.9388163143830499	0.9955516014234875
753_H-119	68.14285714285714	66.0	4.74113748055632	0.9309532203068482	0.9948364888123924
754_H-119	67.375	67.0	4.888652966535039	0.941973840665874	0.9974137931034482
755_H-119	65.0	65.0	4.872793532113481	0.9413004997917535	0.9991496598639455
756_H-119	71.5	71.0	4.897087120338978	0.9417473395228412	0.9965337954939342
757_H-119	72.11111111111111	71.0	4.886045370645361	0.9374109640831758	0.9956521739130435
758_H-119	70.11111111111111	70.0	4.920412612986359	0.9405858365293991	0.998236331569665
759_H-119	69.75	69.0	4.901485157828224	0.9395244059734965	0.9966130397967824
75_H-119	68.25	67.0	4.756990659403261	0.9338150200061558	0.9956140350877193
760_H-119	72.8	70.0	4.74184847903424	0.9270337166184621	0.9929947460595446
761_H-119	68.11111111111111	68.0	4.909468696839475	0.9410829834660664	0.9983552631578947
762_H-119	70.14285714285714	68.0	4.899691073085031	0.9395888463782317	0.9946140035906643
763_H-119	71.0	70.0	4.87695491699067	0.9371468144044321	0.9956140350877193
764_H-119	73.71428571428571	73.0	4.795031111216202	0.9340993740378528	0.9958088851634534
765_H-119	72.33333333333333	70.0	4.838306302727165	0.936544300867363	0.992619926199262
766_H-119	63.0	63.0	4.8178415597409785	0.9375007085444795	0.9991582491582491
767_H-119	67.1	67.0	5.016490283125196	0.9482073566295935	0.9982949701619779
768_H-119	66.08333333333333	66.0	4.715819145651466	0.9301760777170613	0.9981785063752276
769_H-119	74.5	73.0	4.799749358142496	0.932807430044722	0.9951259138911455
76_H-119	69.14285714285714	69.0	4.922674432326253	0.9414936644583791	0.9982817869415808
770_H-119	68.0	68.0	4.864231854084293	0.939232825265936	0.9991158267020336
771_H-119	65.33333333333333	65.0	4.701801236358256	0.9310430533491524	0.9973094170403587
772_H-119	69.66666666666667	69.0	4.835037382028907	0.9368674752882222	0.9966499162479062
773_H-119	68.06666666666666	68.0	4.778300031159639	0.9362826274362264	0.9982788296041308
774_H-119	67.42857142857143	67.0	4.8251019840010585	0.9358787033186613	0.9973890339425587
775_H-119	71.07692307692308	71.0	4.955373777567615	0.9430617446056182	0.9983922829581994
776_H-119	69.36363636363636	68.0	4.814194882187398	0.9382506198931361	0.9947043248014121
777_H-119	71.5	70.0	4.9074101888290675	0.9402963342613193	0.9948805460750854
778_H-119	72.33333333333333	72.0	4.907043171451344	0.9389152777777777	0.9975
779_H-119	65.0	65.0	4.818851448047309	0.9383917037037037	0.9991111111111111
77_H-119	65.11111111111111	65.0	4.839585715176055	0.9402965609976238	0.9982832618025751
780_H-119	70.85714285714286	70.0	4.853724116129313	0.9353544188288769	0.9966804979253112
781_H-119	71.42857142857143	71.0	4.855778698287719	0.9375049908972225	0.996852871754524
782_H-119	66.17647058823529	66.0	4.704483955890791	0.9341573151730537	0.9974895397489539
783_H-119	70.66666666666667	69.0	4.829979054083585	0.9368606478768182	0.9945255474452555
784_H-119	71.42857142857143	70.0	4.729397432557241	0.9265751571151347	0.9957805907172996
785_H-119	67.23076923076923	67.0	4.806468614756152	0.9344032926444754	0.99748322147651
786_H-119	64.11111111111111	64.0	4.82425864207016	0.9375889890840057	0.9983388704318937
787_H-119	73.0	72.0	4.910536881829501	0.9399928515080569	0.9958018471872376
788_H-119	69.5	68.0	4.758338806507794	0.9314133776907447	0.9950940310711366
789_H-119	71.6	71.0	4.970420996806297	0.94215552	0.9976
78_H-119	73.11111111111111	70.0	4.75554751093624	0.9318088525051604	0.9931506849315068
790_H-119	66.11111111111111	66.0	4.822330856239205	0.9402456550283806	0.9983922829581994
791_H-119	71.23076923076923	71.0	4.940099089833141	0.9426254821779416	0.997270245677889
792_H-119	72.36363636363636	71.0	4.877735462091794	0.9372959399751899	0.9948006932409013
793_H-119	64.11111111111111	64.0	4.823338312167815	0.937407258440192	0.9982593559617058
794_H-119	66.25	65.0	4.689505378005447	0.9304623098495793	0.9947735191637631
795_H-119	70.75	70.0	4.904402639958393	0.9387715215633138	0.9965841161400513
796_H-119	70.33333333333333	70.0	4.886678313476205	0.9387625100445613	0.9974358974358974
797_H-119	72.46153846153847	72.0	4.976659101449059	0.9441905226860152	0.9966499162479062
798_H-119	75.0	71.0	4.861048860052594	0.9367316067368097	0.992831541218638
799_H-119	70.6	70.0	4.974750664756229	0.9447364573741494	0.9965004374453194
79_H-119	75.0	73.0	4.835659994743403	0.9372082590542316	0.9931506849315068
7_H-119	70.5	69.0	4.829399278005694	0.9376297759550093	0.9948849104859335
800_H-119	68.66666666666667	67.0	4.788149931153223	0.9337645279853424	0.9958471760797342
801_H-119	69.42857142857143	68.0	4.749186536584808	0.9328146420156121	0.9957155098543273
802_H-119	70.0	70.0	4.904451884348682	0.9418056345768518	1.0
803_H-119	70.11111111111111	69.0	4.849015185886264	0.9374254374902004	0.9956483899042646
804_H-119	77.2	70.0	4.827898398729077	0.9363424677524761	0.9924433249370277
805_H-119	68.3	68.0	4.793412171947607	0.9371271260583725	0.9973707274320771
806_H-119	72.08333333333333	72.0	4.793642109179741	0.9324561502236763	0.9983726606997559
807_H-119	65.54545454545455	65.0	4.903655788651973	0.9449149587757847	0.9964189794091316
808_H-119	70.11111111111111	70.0	4.827576420122376	0.9325437203282592	0.99830220713073
809_H-119	68.08333333333333	68.0	4.858851498895885	0.9371119688581547	0.9982713915298185
80_H-119	72.3	72.0	4.964913377975856	0.9431177599017194	0.9975020815986678
810_H-119	66.66666666666667	66.0	4.745133180473205	0.9348944528136381	0.9965065502183406
811_H-119	67.125	67.0	4.751898774520531	0.9332609711126726	0.9982158786797503
812_H-119	71.21428571428571	71.0	4.867119705103405	0.9390623564596965	0.9976038338658147
813_H-119	69.25	68.0	4.842095023238009	0.9382118435443232	0.995579133510168
814_H-119	72.85714285714286	72.0	4.86039169264949	0.9356076931791356	0.9968178202068417
815_H-119	74.5	71.0	4.798962590888323	0.933462142253351	0.9932375316990701
816_H-119	78.2	71.0	4.851699493927515	0.9352108979610656	0.9915254237288136
817_H-119	72.25	71.0	4.757893247291867	0.9356585285344027	0.9947552447552448
818_H-119	72.33333333333333	70.0	4.832162414075843	0.9380802338990553	0.9940273037542662
819_H-119	70.42857142857143	69.0	4.858999251723879	0.9387668820122389	0.9954296160877514
81_H-119	70.14285714285714	68.0	4.779406803353124	0.931328019639207	0.9949195596951735
820_H-119	70.66666666666667	69.0	4.983024748366756	0.9453960757856862	0.9948051948051948
821_H-119	71.5	69.0	4.923614417703769	0.9423486177855768	0.9961508852963818
822_H-119	66.2	65.0	4.803120543366185	0.9375495540214482	0.99687255668491
823_H-119	70.25	69.0	4.8179913767931595	0.9368170957609601	0.9956822107081175
824_H-119	66.42857142857143	66.0	4.793220203949643	0.9343375267734741	0.9974293059125964
825_H-119	67.6	67.0	5.013535809025537	0.947861711749996	0.9975062344139651
826_H-119	71.66666666666667	70.0	4.862056964008441	0.9387433250266999	0.9943396226415094
827_H-119	65.0	65.0	4.829179018939777	0.9376170556834402	1.0
828_H-119	74.25	73.0	4.9472296259696815	0.9416767539024837	0.9948006932409013
829_H-119	66.5	66.0	4.7613262959575735	0.934275762942706	0.9976798143851509
82_H-119	70.54545454545455	70.0	4.809078419178966	0.9333891358131461	0.9964850615114236
830_H-119	69.75	66.0	4.79437907977952	0.9352475490518933	0.9950041631973355
831_H-119	69.9090909090909	69.0	4.880994743812158	0.9399158127791007	0.9953789279112755
832_H-119	70.42857142857143	70.0	4.832367640404779	0.9363571620532115	0.9975409836065574
833_H-119	70.11111111111111	69.0	4.885759886514898	0.9393021666776874	0.9953051643192489
834_H-119	71.21428571428571	71.0	4.937962935033057	0.9430733564929233	0.9973614775725593
835_H-119	71.2	70.0	4.852279252508443	0.9368758925840818	0.9966499162479062
836_H-119	67.75	67.0	4.839404669683849	0.9387789140755063	0.9964850615114236
837_H-119	68.0	68.0	4.888416054592103	0.9389567680133277	0.9991836734693877
838_H-119	67.3	67.0	4.842438469169245	0.9379893939719238	0.9973730297723292
839_H-119	74.11111111111111	71.0	4.895068566481683	0.9422649536926274	0.9932088285229203
83_H-119	64.0	63.0	4.68688097808889	0.9305745475438092	0.9966101694915255
840_H-119	69.66666666666667	68.0	4.823527163088656	0.9372229194032652	0.9948630136986302
841_H-119	67.0	67.0	4.900889652734116	0.9407955199395329	0.9991539763113367
842_H-119	71.36363636363636	70.0	4.733834160336491	0.9308703750413763	0.9947780678851175
843_H-119	68.54545454545455	68.0	4.82417908900461	0.9351320054909177	0.9965928449744463
844_H-119	69.3	69.0	4.852845120389976	0.9373674461059357	0.9974093264248705
845_H-119	73.75	72.0	4.871427038370852	0.9405245957560862	0.993891797556719
846_H-119	68.11111111111111	68.0	4.85118971095539	0.9363968825116435	0.9982847341337907
847_H-119	70.0	67.0	4.897407309101759	0.9434262363614718	0.9941763727121464
848_H-119	67.07692307692308	67.0	4.7856011509105	0.9351175485353806	0.9982517482517482
849_H-119	65.85714285714286	65.0	4.797921529282225	0.9379558455058485	0.9965606190885641
84_H-119	75.0	72.0	4.855676940097261	0.9371103666817564	0.9940425531914894
850_H-119	70.42857142857143	70.0	4.8804561920336935	0.9381343612737204	0.9975767366720517
851_H-119	65.42857142857143	65.0	4.889410865484301	0.9420299688695043	0.9975288303130149
852_H-119	72.625	70.0	4.853375477439114	0.937458502719892	0.9940273037542662
853_H-119	65.375	65.0	4.817116902457394	0.9364403143302766	0.997338065661047
854_H-119	69.5	69.0	4.83468878634003	0.9352467774839494	0.9966583124477861
855_H-119	70.9090909090909	70.0	4.8429509232983365	0.9358932257459186	0.9957191780821918
856_H-119	70.3	70.0	4.929159222300785	0.9424189448389398	0.9973637961335676
857_H-119	70.25	69.0	4.832388938082967	0.9372811184102097	0.9957947855340622
858_H-119	73.5	72.0	4.90251383592291	0.9393477004954395	0.994979079497908
859_H-119	68.11111111111111	68.0	4.759284229867817	0.9316789346952417	0.9982347749338041
85_H-119	67.27272727272727	67.0	4.831153462691218	0.9354042905616675	0.9973753280839895
860_H-119	71.42857142857143	70.0	4.917833693474753	0.9405969911690963	0.995766299745978
861_H-119	73.5	70.0	4.810747443599685	0.9341847977331486	0.9940017137960583
862_H-119	69.6	69.0	4.874663937606935	0.9412709197828953	0.9967159277504105
863_H-119	71.33333333333333	71.0	4.857231856761911	0.9352491884064372	0.9973357015985791
864_H-119	70.0	70.0	4.902272299368808	0.9402739462047142	0.9992038216560509
865_H-119	66.75	66.0	4.877724254059989	0.9399400701429838	0.996415770609319
866_H-119	69.08333333333333	69.0	4.863220533896309	0.9390573849872625	0.9981360671015843
867_H-119	70.23076923076923	70.0	4.832835906663122	0.9374692062412696	0.997398091934085
868_H-119	69.08333333333333	69.0	4.872471913977904	0.9370636689094611	0.9984214680347278
869_H-119	73.21428571428571	73.0	4.968088955685173	0.9450323395989007	0.9975083056478405
86_H-119	67.25	66.0	4.802928916870943	0.9373985665893322	0.9958745874587459
870_H-119	70.9090909090909	70.0	4.868545923368564	0.9397150895923174	0.9958018471872376
871_H-119	74.11111111111111	71.0	4.7598189995844775	0.9334215017258736	0.9930374238468234
872_H-119	70.33333333333333	70.0	4.834608503706379	0.9341817367143841	0.9974937343358397
873_H-119	73.9090909090909	72.0	4.848366910481757	0.9350573827160493	0.9937777777777778
874_H-119	68.27272727272727	68.0	4.746621932438996	0.9291180555555556	0.9975
875_H-119	68.2	64.0	4.582901501478213	0.9230682509629017	0.9938488576449912
876_H-119	68.85714285714286	68.0	4.808459579453896	0.9344638538027412	0.9967213114754099
877_H-119	68.625	66.0	4.8096045330575645	0.937424415646209	0.9940017137960583
878_H-119	71.0	70.0	4.874163239338461	0.9396426806016525	0.9957983193277311
879_H-119	71.0	70.0	4.878963579183952	0.9399626734838057	0.9956859361518551
87_H-119	72.33333333333333	70.0	4.78237591164776	0.9343200961256808	0.9942950285248574
880_H-119	71.25	70.0	4.914615390400836	0.9422772915911085	0.9958402662229617
881_H-119	75.66666666666667	71.0	4.768529089846744	0.9301038062283737	0.9932773109243698
882_H-119	67.5	64.0	4.8076704550308085	0.9355381907349185	0.9935543278084714
883_H-119	68.85714285714286	68.0	4.826436784539386	0.9368846289259308	0.9965156794425087
884_H-119	68.125	68.0	4.844088980195231	0.9363868190144709	0.9983150800336984
885_H-119	69.66666666666667	69.0	4.94589731464236	0.9457176442469021	0.9967132292522597
886_H-119	70.5	70.0	4.88713595648997	0.9384899641269568	0.9973262032085561
887_H-119	78.6	73.0	4.912364783261847	0.9395936193971953	0.9936204146730463
888_H-119	71.11111111111111	70.0	4.86100339091373	0.9370876235128763	0.9956859361518551
889_H-119	67.875	66.0	4.773272946970276	0.9361950975000174	0.9947229551451188
88_H-119	69.5	69.0	4.745332674550135	0.9294192593102736	0.9966804979253112
890_H-119	71.0	70.0	4.9092858680975	0.9416961973463072	0.9958123953098827
891_H-119	75.5	72.0	4.999651900501849	0.945794096017946	0.9935004642525533
892_H-119	68.375	68.0	4.841581850889689	0.9329637415939515	0.9973309608540926
893_H-119	67.5	67.0	4.80323702180269	0.9354508763415438	0.9973521624007061
894_H-119	72.1	72.0	4.8445931544673435	0.9372166763117284	0.9982638888888888
895_H-119	72.23076923076923	72.0	4.827773855507305	0.936279816234194	0.9974446337308348
896_H-119	67.0	67.0	4.826485982161366	0.93625812514684	0.9991150442477876
897_H-119	69.5	69.0	4.793683321211093	0.9339190802216116	0.9966442953020134
898_H-119	73.54545454545455	71.0	4.842599193911263	0.9382784804556543	0.9933665008291874
899_H-119	71.14285714285714	69.0	4.914778887775431	0.939862381852552	0.9947826086956522
89_H-119	70.5	68.0	4.890003273339903	0.9389258233302554	0.9947368421052631
8_H-119	68.46153846153847	68.0	4.718986151259332	0.931672702656173	0.9964695498676082
900_H-119	68.33333333333333	68.0	4.9089400010891735	0.9398666539062749	0.9974160206718347
901_H-119	73.0	72.0	4.900255793667042	0.9379916897506925	0.9956140350877193
902_H-119	68.46153846153847	68.0	4.811599979349756	0.9378239011778224	0.9966101694915255
903_H-119	73.9090909090909	73.0	4.86732976100993	0.9377363035577759	0.9959546925566343
904_H-119	64.66666666666667	64.0	4.7150950415394295	0.9354284605551497	0.9966216216216216
905_H-119	70.1	70.0	4.9602946645067965	0.9439029425079222	0.9982978723404256
906_H-119	66.6	66.0	4.8002707370307895	0.9366650518929552	0.9977011494252873
907_H-119	67.375	67.0	4.851628885538494	0.9357085189816557	0.9973867595818815
908_H-119	66.375	66.0	4.793085765070716	0.9370267164607872	0.997457627118644
909_H-119	69.42857142857143	69.0	4.80451784748471	0.9319245866409368	0.9975165562913907
90_H-119	67.33333333333333	67.0	4.879463904433989	0.9385120213015898	0.9973451327433628
910_H-119	68.66666666666667	68.0	4.823978920318974	0.9384602528617001	0.9965753424657534
911_H-119	70.375	70.0	4.999135232863057	0.9466507532411652	0.9974337040205303
912_H-119	70.3	70.0	4.864685500957286	0.940208748597632	0.9975247524752475
913_H-119	64.0	64.0	4.852944215444021	0.9397305991409121	0.9991603694374476
914_H-119	72.0625	72.0	4.901073638502447	0.9400814426992438	0.9982547993019197
915_H-119	67.0	67.0	4.763620942489009	0.9341715341255863	0.9991204925241864
916_H-119	66.375	66.0	4.742596402579548	0.932755452373936	0.9973190348525469
917_H-119	74.66666666666667	70.0	4.80051969455776	0.9322075661038683	0.9926131117266851
918_H-119	68.33333333333333	68.0	4.851159916715003	0.9365870887130362	0.9975510204081632
919_H-119	69.66666666666667	68.0	4.787494096902582	0.9356871557774135	0.9948497854077253
91_H-119	64.11111111111111	64.0	4.771585663129173	0.9336330323804143	0.9983150800336984
920_H-119	73.83333333333333	73.0	4.871552351111077	0.9385695185251989	0.9957698815566836
921_H-119	71.66666666666667	67.0	4.782762474787863	0.9367448539775428	0.9933938893476466
922_H-119	70.0	70.0	4.944437223740481	0.9416147624665699	0.9991423670668954
923_H-119	66.375	66.0	4.841276432560243	0.9376668899374941	0.9974003466204506
924_H-119	69.8	67.0	4.687274450091877	0.9295349454896441	0.9930008748906387
925_H-119	72.25	71.0	4.952932616059201	0.9420367048710381	0.9956101843722563
926_H-119	68.6	68.0	4.929776678793356	0.9424280237268519	0.9973958333333334
927_H-119	67.0909090909091	67.0	4.872961166463032	0.9435235969387755	0.9982142857142857
928_H-119	64.6	64.0	4.724216949975678	0.9306132878670729	0.9974293059125964
929_H-119	75.11111111111111	72.0	4.918640085622831	0.9421169973467861	0.9932546374367622
92_H-119	70.0	69.0	4.8569445761762715	0.9377788860391756	0.9967974379503602
930_H-119	71.1	71.0	4.902846025445472	0.9394132196505057	0.9982062780269059
931_H-119	72.5	70.0	4.874855055204048	0.938588266166583	0.9946332737030411
932_H-119	72.15384615384616	71.0	4.81618735777791	0.9373505463282547	0.994759825327511
933_H-119	68.5	68.0	4.852249979958368	0.9417036830631547	0.9967611336032388
934_H-119	73.875	72.0	4.941382091365624	0.944367827999318	0.9949109414758269
935_H-119	77.0	73.0	4.811028419677487	0.9342822598283899	0.9918845807033363
936_H-119	71.3	71.0	4.908598005887621	0.9392289980057679	0.9976152623211447
937_H-119	71.85714285714286	71.0	5.005798380131707	0.9453002067628593	0.9965546942291128
938_H-119	67.0	67.0	4.894391539541894	0.9384921571934559	0.9991341991341991
939_H-119	71.6	71.0	4.860825966270042	0.9387324617346939	0.9964285714285714
93_H-119	66.42857142857143	65.0	4.802151338541855	0.9360092572393892	0.9956559513466551
940_H-119	69.0	69.0	4.747393399738	0.931957152790808	0.9991694352159468
941_H-119	72.3	72.0	4.966751377029278	0.9410620718875785	0.9974789915966387
942_H-119	67.0	67.0	4.860442199933152	0.9380578668041464	0.9991311902693311
943_H-119	82.0	73.0	4.861219012945695	0.9370635930327316	0.9927360774818402
944_H-119	68.4	68.0	4.731270861675616	0.9320862003780719	0.9965217391304347
945_H-119	67.42857142857143	67.0	4.881750466016208	0.9394422378082175	0.9973707274320771
946_H-119	69.07692307692308	69.0	4.865969746588409	0.9379881843880182	0.9982394366197183
947_H-119	68.66666666666667	68.0	4.806626825108749	0.9362263817957602	0.9965841161400513
948_H-119	69.5	68.0	4.792540557757222	0.9344731228616701	0.9953051643192489
949_H-119	70.42857142857143	70.0	4.785771869583691	0.932167063020214	0.996551724137931
94_H-119	65.0	65.0	4.884691971035033	0.9377735761000676	0.9991603694374476
950_H-119	69.6	69.0	4.9446438788286065	0.9441302623611072	0.9967023907666942
951_H-119	68.85714285714286	68.0	4.8897855760197695	0.9424439142984486	0.9965724078834619
952_H-119	69.75	66.0	4.833086026013868	0.9383964444444445	0.9946666666666667
953_H-119	68.1	68.0	4.791087848302336	0.9295885799485143	0.9982935153583617
954_H-119	70.85714285714286	70.0	4.957041251439953	0.9413194934869898	0.9966044142614601
955_H-119	69.9090909090909	69.0	4.855248456173494	0.9386851561643673	0.995697074010327
956_H-119	73.0	70.0	4.836869028708988	0.9347969487572151	0.9950289975144988
957_H-119	68.66666666666667	67.0	4.702658911347616	0.9307508506616257	0.9947826086956522
958_H-119	69.75	69.0	4.81630901920543	0.9351545955429106	0.9964943032427696
959_H-119	69.25	69.0	4.878566303001672	0.9382121665616467	0.9972826086956522
95_H-119	74.625	72.0	4.781269355381162	0.9332105240226993	0.9942244224422442
960_H-119	67.75	67.0	4.885118560467409	0.9426145315164767	0.996542783059637
961_H-119	72.33333333333333	72.0	4.922911585682482	0.9372991532182399	0.997431506849315
962_H-119	75.2	71.0	4.794621534912505	0.9325256984708136	0.9941715237302248
963_H-119	72.46153846153847	72.0	4.962296030751902	0.9456862267673078	0.9963963963963964
964_H-119	74.36363636363636	73.0	4.883348546471515	0.9393060583293491	0.9950413223140496
965_H-119	67.85714285714286	67.0	4.8157317716676316	0.9365111111111111	0.9966666666666667
966_H-119	70.66666666666667	69.0	4.84268068858818	0.9404232466397899	0.9945504087193461
967_H-119	74.0	70.0	4.900652079236394	0.9403495134895165	0.9918845807033363
968_H-119	68.42857142857143	67.0	4.812674689899132	0.936666212061099	0.9955985915492958
969_H-119	68.6	68.0	4.748782128699742	0.9327231030940845	0.9966414777497901
96_H-119	70.66666666666667	69.0	4.777915254290298	0.9335148573785786	0.9950083194675541
970_H-119	73.875	72.0	4.822359067411544	0.935542347610339	0.9948805460750854
971_H-119	68.0	68.0	4.918174034824988	0.9361993829106797	0.9991610738255033
972_H-119	70.75	70.0	4.944997613176921	0.9420029117636762	0.9966859983429992
973_H-119	68.25	68.0	4.877043125747584	0.9404723116422734	0.9972924187725631
974_H-119	71.27272727272727	71.0	4.872069849441105	0.9372139873011063	0.9974874371859297
975_H-119	72.42857142857143	71.0	4.9667509008006325	0.944116846104276	0.9958949096880131
976_H-119	70.0	67.0	4.783035555813763	0.9322384066587396	0.9939655172413793
977_H-119	69.3	69.0	4.9568253051483016	0.9426776859504132	0.9972727272727273
978_H-119	69.11111111111111	68.0	4.8417712413990275	0.9371826086956522	0.9956521739130435
979_H-119	69.875	68.0	4.819935403244474	0.9398229474852071	0.9951923076923077
97_H-119	68.42857142857143	68.0	4.905271574743509	0.9403732769299195	0.9973661106233538
980_H-119	69.25	68.0	4.790542878848726	0.9370458031996494	0.9948717948717949
981_H-119	73.76923076923077	73.0	4.894229111942231	0.9387366155639347	0.9958982772764561
982_H-119	68.0	68.0	4.911029856516641	0.9426662891859424	0.9991659716430359
983_H-119	72.0	68.0	4.748861993930796	0.9299462471571601	0.9931389365351629
984_H-119	70.0	69.0	4.879085615507822	0.9398005455769299	0.9957044673539519
985_H-119	71.875	70.0	4.839100345979331	0.9369709433867371	0.9950535861500412
986_H-119	72.5	69.0	4.678620282168159	0.9314287017286377	0.9933499584372403
987_H-119	75.66666666666667	75.0	4.949059476432842	0.9427385892116182	0.995850622406639
988_H-119	71.14285714285714	69.0	4.954536156915846	0.9436610054013299	0.9946091644204852
989_H-119	66.2	65.0	4.829748724263944	0.936803361798485	0.9966187658495351
98_H-119	65.375	65.0	4.740645916672589	0.9337962015960328	0.9975747776879548
990_H-119	76.14285714285714	71.0	4.81803025575065	0.9382235154353403	0.9925311203319502
991_H-119	70.33333333333333	70.0	4.829222160814529	0.9361325486645541	0.9974468085106383
992_H-119	68.0	67.0	4.859370801142619	0.9403383193672175	0.995575221238938
993_H-119	73.83333333333333	73.0	4.884627554478968	0.938307457410991	0.995819397993311
994_H-119	70.66666666666667	70.0	4.7988144615587744	0.9323811103770874	0.9965576592082617
995_H-119	70.66666666666667	69.0	4.77289809461243	0.9329557655954631	0.9956521739130435
996_H-119	69.08333333333333	69.0	4.7944183357864905	0.9332413648220445	0.998326359832636
997_H-119	73.25	72.0	4.842361337345368	0.935472347117797	0.9958437240232751
998_H-119	68.0	67.0	4.8246321788312185	0.9340073418950515	0.9967132292522597
999_H-119	78.23076923076923	74.0	4.71411604206091	0.9321621518587502	0.990924092409241
99_H-119	71.75	71.0	4.9564487849936745	0.9403634338966497	0.9964726631393298
9_H-119	69.0	69.0	4.982610949333486	0.9444762186190309	0.9991087344028521
