	chao1	observed_otus	shannon	simpson	goods_coverage
1000_O-123	81.0	80.0	4.97036739469025	0.9090437373025821	0.9992931196983977
100_O-123	83.0	81.0	4.9773431144885825	0.909310611804765	0.9990570485619991
101_O-123	81.75	81.0	4.946887849353424	0.9073646811671352	0.9992917847025495
102_O-123	81.0	78.0	4.960297048369394	0.9081235663660016	0.9990621336459554
103_O-123	80.25	80.0	4.963286246669732	0.9086948170429978	0.9995277449822905
104_O-123	80.75	80.0	4.939565109299963	0.9076604002180068	0.9992942836979535
105_O-123	83.0	80.0	4.968281759448158	0.9090075203235473	0.999061473486626
106_O-123	81.25	81.0	4.96761587354354	0.9083425130751824	0.9995308468214872
107_O-123	81.5	80.0	4.965222711209778	0.9088723972733995	0.9992942836979535
108_O-123	79.33333333333333	79.0	4.987349942254225	0.9101667630947762	0.999529964747356
109_O-123	81.0	80.0	4.975700938874942	0.9087220725778172	0.9992929530992223
10_O-123	84.33333333333333	81.0	4.966620825203574	0.9087957280243971	0.998824082784572
110_O-123	81.0	80.0	4.975387739934079	0.9088128344704582	0.9992947813822285
111_O-123	83.0	81.0	4.98013427956494	0.9087871497985059	0.999058158700259
112_O-123	79.33333333333333	79.0	4.947450806089668	0.9077747966059215	0.9995257291913683
113_O-123	82.0	79.0	4.9522302639695335	0.907539303299074	0.9990543735224586
114_O-123	81.5	80.0	4.971133289843681	0.9092542059479549	0.9992934526613283
115_O-123	79.25	79.0	4.943268596435902	0.9086889495237153	0.9995300751879699
116_O-123	79.25	79.0	4.971766035639676	0.9088379774866926	0.9995295224653022
117_O-123	81.5	80.0	4.9621234599374375	0.9090450368166657	0.9992951127819549
118_O-123	80.6	80.0	4.95460559948911	0.9075898976438855	0.9992959399202065
119_O-123	80.75	80.0	4.9486102164744095	0.9074800950609114	0.9992932862190813
11_O-123	82.0	79.0	4.9709570212748195	0.9075404204081463	0.9992949471210341
120_O-123	83.0	80.0	4.965681160895896	0.9083629619377163	0.9990588235294118
121_O-123	84.33333333333333	81.0	4.973413635168856	0.9084529306424224	0.9988257397839361
122_O-123	81.6	81.0	4.954623200463205	0.9080693284276797	0.9992932862190813
123_O-123	79.5	79.0	4.965614747041681	0.9082687885148522	0.9995284131101155
124_O-123	80.75	80.0	4.9602641142209976	0.907820599279994	0.9992947813822285
125_O-123	82.0	80.0	4.936399513938357	0.9073315053943404	0.9990603711533944
126_O-123	80.33333333333333	80.0	4.965741664081758	0.9085685591934146	0.9995249406175772
127_O-123	79.25	79.0	4.962685645293698	0.9091975798452688	0.9995305164319249
128_O-123	81.0	80.0	4.966020480603343	0.907686643598616	0.9992941176470588
129_O-123	81.0	80.0	4.940667707411149	0.9077007296846256	0.9992912827781715
12_O-123	79.25	79.0	4.975758912650187	0.9090521106188518	0.9995272985109903
130_O-123	81.2	81.0	4.936242757516176	0.9067310062384514	0.9995291902071564
131_O-123	87.0	81.0	4.963428241106905	0.9088513996382176	0.999057936881771
132_O-123	80.2	80.0	4.946660878027131	0.9084827577102244	0.9995279679018173
133_O-123	80.0	79.0	4.967774952920912	0.9095013207865377	0.9992877492877493
134_O-123	81.16666666666667	81.0	4.972140850903653	0.9094589099346974	0.9995296331138288
135_O-123	81.5	80.0	4.952135802782153	0.9081633213134174	0.9992936190251942
136_O-123	81.5	80.0	4.985870625416746	0.9093622258663734	0.9992944496707432
137_O-123	83.0	80.0	4.976539009990832	0.908533733134097	0.9990590449306046
138_O-123	83.0	81.0	4.953517738881959	0.9071996587720533	0.9990554899645808
139_O-123	84.33333333333333	81.0	4.972146797822879	0.9080775145330875	0.9988224211022139
13_O-123	81.0	80.0	4.969002783789257	0.9077989376005643	0.9992957746478873
140_O-123	81.14285714285714	81.0	4.946260428776591	0.9067671814924239	0.9995286353994814
141_O-123	82.0	80.0	4.958729984543847	0.9087795139555419	0.9990632318501171
142_O-123	78.33333333333333	78.0	4.950827366612578	0.9078669124453381	0.9995291902071564
143_O-123	82.5	81.0	4.951430979042639	0.9082574789534074	0.999059708509638
144_O-123	82.0	81.0	4.967477962230168	0.9089938956118518	0.9992954438703616
145_O-123	86.0	81.0	4.960650694561278	0.9079070704017501	0.9985872380503885
146_O-123	79.25	79.0	4.974172907281576	0.9083552878355149	0.999529854254819
147_O-123	81.0	78.0	4.940007094948107	0.9080396891354642	0.9990521327014218
148_O-123	85.0	80.0	4.961196015092001	0.908778087851301	0.9988249118683902
149_O-123	86.0	80.0	4.964734343416467	0.9100393126214937	0.9990605918271489
14_O-123	82.0	80.0	4.966685743834543	0.9091054514957454	0.9990510083036773
150_O-123	81.0	80.0	4.9524496058949685	0.9076248248217922	0.9992946155654832
151_O-123	82.0	79.0	4.9393854776905215	0.9070328654698564	0.9990557129367328
152_O-123	83.0	81.0	4.95772742070913	0.908597649209309	0.999057270798963
153_O-123	81.0	80.0	4.972845717246981	0.9087080475956548	0.9992939515180043
154_O-123	80.25	80.0	4.957848308486991	0.9078806793576375	0.9995264030310206
155_O-123	80.2	80.0	4.963730218114944	0.908683776301943	0.9995289684408856
156_O-123	81.0	80.0	4.951858905088894	0.9078084939883834	0.9992954438703616
157_O-123	81.0	80.0	4.970050661097819	0.9087896849233102	0.9992946155654832
158_O-123	80.0	79.0	4.953179090145856	0.9079503121053669	0.9992927864214993
159_O-123	81.75	81.0	4.978317049367257	0.9082194499137132	0.9992969299273494
15_O-123	82.0	81.0	4.9871089238150565	0.9102468452885947	0.9992906124379286
160_O-123	85.0	79.0	4.95285444653996	0.9080118549588793	0.999058158700259
161_O-123	80.25	80.0	4.960327639849392	0.9083209863355496	0.9995311767463666
162_O-123	82.0	81.0	4.979787696501633	0.9086465379138483	0.9992924528301886
163_O-123	83.0	80.0	4.969278321238346	0.9080351116068841	0.9992917847025495
164_O-123	81.5	81.0	4.968273014490853	0.9086183802579787	0.9992914501653283
165_O-123	82.0	79.0	4.948626858695336	0.9078088558546881	0.9990559358036346
166_O-123	83.0	80.0	4.971684485282521	0.908057765301526	0.9990592662276576
167_O-123	82.0	79.0	4.948566553705748	0.908142728178529	0.9992951127819549
168_O-123	86.0	81.0	4.955578637640257	0.9064798936453378	0.9988226983753238
169_O-123	83.0	80.0	4.951878614547092	0.9078672509619141	0.9990590449306046
16_O-123	81.0	80.0	4.966992684532134	0.9078011902023113	0.9992921189240208
170_O-123	84.0	81.0	4.9704617456208915	0.9078288492441733	0.9990574929311969
171_O-123	81.5	80.0	4.965963800474071	0.9082198004246171	0.9992917847025495
172_O-123	82.0	79.0	4.945246142958403	0.9067792757027295	0.9990534784666352
173_O-123	83.0	81.0	4.964875273733162	0.9078431913237488	0.9990530303030303
174_O-123	83.0	80.0	4.941543994293735	0.9080849269410466	0.999058158700259
175_O-123	81.5	80.0	4.946549039676034	0.9070583574738155	0.9992952783650458
176_O-123	80.25	80.0	4.979338759170505	0.9090186169171267	0.999530626613471
177_O-123	79.2	79.0	4.974705978768782	0.9085918003446023	0.9995281906109932
178_O-123	80.75	80.0	4.962849235491988	0.9072360739728806	0.9992942836979535
179_O-123	82.0	81.0	4.977921842767654	0.9092084594161624	0.9992924528301886
17_O-123	84.0	78.0	4.959856940888052	0.9083947115785664	0.9990487514863258
180_O-123	82.2	81.0	4.96175766423758	0.9087603160812305	0.999058158700259
181_O-123	81.75	81.0	4.962362392593074	0.9078873709505162	0.9992924528301886
182_O-123	81.2	81.0	4.965431771266949	0.9077762135594869	0.9995279679018173
183_O-123	81.5	80.0	4.954362710570598	0.9079077930554108	0.9992974238875878
184_O-123	82.0	81.0	4.960284221298411	0.9079381351535319	0.9992939515180043
185_O-123	83.0	81.0	4.962939841921468	0.9079873922722564	0.9990610328638497
186_O-123	82.0	81.0	4.974673021204262	0.9085352959760834	0.9992912827781715
187_O-123	80.16666666666667	80.0	4.972887287516032	0.9085112080936322	0.9995305164319249
188_O-123	77.5	77.0	4.935159608114839	0.9077737888804069	0.9995290793501295
189_O-123	81.75	81.0	4.944734027914918	0.907158742860054	0.9992970946579194
18_O-123	80.5	79.0	4.969655814775719	0.9093734956589401	0.9992939515180043
190_O-123	80.33333333333333	80.0	4.960875830088053	0.9087816046980389	0.9995293010120028
191_O-123	80.0	79.0	4.975390567273309	0.9084213432456603	0.9992927864214993
192_O-123	81.6	81.0	4.948937433414499	0.9071613402146669	0.9992974238875878
193_O-123	80.75	80.0	4.942112205209664	0.9069588139204448	0.9992949471210341
194_O-123	87.0	81.0	4.952518607397954	0.9073864671822366	0.9990621336459554
195_O-123	86.0	81.0	4.973268946863491	0.9093609538432514	0.9988260154965954
196_O-123	81.5	80.0	4.975143634372494	0.9090225614097543	0.9992924528301886
197_O-123	82.5	81.0	4.959072267082149	0.9070322775712905	0.9990594874206442
198_O-123	79.5	79.0	4.993486012216748	0.9094117128435716	0.9995305164319249
199_O-123	81.0	80.0	4.960471029096939	0.9077159848215182	0.9992966002344665
19_O-123	81.6	81.0	4.96584542621981	0.9089002402521545	0.9992957746478873
1_O-123	80.6	80.0	4.990673213388825	0.9091288047347811	0.9992924528301886
200_O-123	80.5	79.0	4.946607477284704	0.9079192461966434	0.9992954438703616
201_O-123	80.25	80.0	4.970406649140028	0.9078232427560468	0.9995290793501295
202_O-123	81.25	81.0	4.957503606897981	0.9086318036763186	0.9995271867612293
203_O-123	82.0	79.0	4.952130770431878	0.9090780122855856	0.9992929530992223
204_O-123	83.0	80.0	4.98618529991099	0.9103609619015949	0.9990568262202311
205_O-123	79.0	78.0	4.934681044325419	0.9072584516882805	0.9992926196651734
206_O-123	81.5	80.0	4.964533641680281	0.9082433861311329	0.9992892679459844
207_O-123	80.5	79.0	4.9491648341806	0.9076860363667316	0.9992937853107344
208_O-123	95.0	80.0	4.966778451095366	0.9090457583974189	0.9985869053226566
209_O-123	81.0	80.0	4.970150281992132	0.9088346873690991	0.999296435272045
20_O-123	80.0	79.0	4.9353675001491295	0.906088116183731	0.9992894362861203
210_O-123	81.75	81.0	4.975346826250574	0.9083954343909182	0.9992984097287184
211_O-123	81.0	80.0	4.9645657056268995	0.908008625133765	0.9992956092979572
212_O-123	81.0	80.0	4.987950708709025	0.9090342034732886	0.9992942836979535
213_O-123	80.75	80.0	4.95317339689643	0.9076396801029124	0.9992966002344665
214_O-123	84.0	81.0	4.9679099896005905	0.9084624890468653	0.9990601503759399
215_O-123	79.33333333333333	79.0	4.973889139497594	0.9098296769312922	0.9995283018867924
216_O-123	80.6	80.0	4.947879444882661	0.908222790563234	0.9992937853107344
217_O-123	82.5	81.0	4.967692059608368	0.9081530221883891	0.9992892679459844
218_O-123	79.5	79.0	4.9540325348843695	0.9074942969750973	0.9995280792826805
219_O-123	84.0	81.0	4.9859925962301075	0.908935919900222	0.9992932862190813
21_O-123	81.6	81.0	4.982334589145948	0.909378770566652	0.9992954438703616
220_O-123	82.5	81.0	4.97203031695011	0.9088303706570884	0.999057714958775
221_O-123	84.33333333333333	81.0	4.977542163718175	0.9087855995780177	0.9988249118683902
222_O-123	80.5	79.0	4.975359468980984	0.910105719822064	0.9992954438703616
223_O-123	82.0	79.0	4.951015316474155	0.9080811754001272	0.999057936881771
224_O-123	80.5	79.0	4.9799309331027635	0.9092242123470441	0.9992969299273494
225_O-123	80.25	80.0	4.961886924922062	0.9075185722739117	0.9995280792826805
226_O-123	82.0	81.0	4.987105753980128	0.909170260756258	0.9992902767920511
227_O-123	81.0	80.0	4.999205989045838	0.9101540428628535	0.9992939515180043
228_O-123	80.5	79.0	4.967458769789332	0.909250102899014	0.9990568262202311
229_O-123	82.0	79.0	4.976205858536601	0.9101554998411461	0.9990592662276576
22_O-123	82.0	81.0	4.977896904620841	0.9089839777439662	0.9992956092979572
230_O-123	81.5	80.0	4.9563689254009144	0.9076345550248234	0.9992946155654832
231_O-123	81.5	80.0	4.975255651021915	0.9077944567564845	0.9992959399202065
232_O-123	80.75	80.0	4.957035850624613	0.9081261141589144	0.9992949471210341
233_O-123	81.0	80.0	4.963075095301707	0.9081906630220131	0.9992956092979572
234_O-123	83.0	80.0	4.96016492860138	0.9081960583483829	0.9990574929311969
235_O-123	81.75	81.0	4.9678162586889965	0.908545727954107	0.9992993928070995
236_O-123	80.2	80.0	4.982225052274207	0.9091308072267711	0.9995283018867924
237_O-123	79.33333333333333	79.0	4.986227720114506	0.9088130959411963	0.9995302959135745
238_O-123	80.0	79.0	4.945790005201092	0.9077042273419165	0.9992942836979535
239_O-123	81.0	79.0	4.934202787182007	0.9074509789868188	0.9990534784666352
23_O-123	81.0	80.0	4.96842322298752	0.9096223939702252	0.9992967651195499
240_O-123	81.0	78.0	4.946077007854637	0.9078313709331702	0.9992932862190813
241_O-123	79.33333333333333	79.0	4.973702500516901	0.9092002973246371	0.9995271867612293
242_O-123	80.75	80.0	4.967696567556983	0.9088368484246412	0.9992911153119093
243_O-123	78.5	78.0	4.95968336498899	0.9081044012492808	0.9995274102079396
244_O-123	81.14285714285714	81.0	4.962353899982309	0.9089750133019863	0.9995281906109932
245_O-123	80.5	79.0	4.941280646927346	0.9067991332603518	0.9992896045465309
246_O-123	81.0	80.0	4.964646677434762	0.9089808741279822	0.9992937853107344
247_O-123	86.0	80.0	4.966151628000085	0.9078731492424614	0.9990568262202311
248_O-123	87.0	81.0	4.944993754378579	0.9074207378673584	0.99906191369606
249_O-123	82.0	79.0	4.9788950205989835	0.9092208137788595	0.9992906124379286
24_O-123	80.5	79.0	4.966042143754014	0.9080089667141331	0.9992924528301886
250_O-123	84.0	81.0	4.959382269242995	0.9083820321095757	0.999057936881771
251_O-123	82.0	80.0	4.960629374887186	0.9072324743972264	0.9990586020240056
252_O-123	87.0	81.0	4.97628789387859	0.9086585397269838	0.9990574929311969
253_O-123	84.0	81.0	4.976477981140197	0.9082482073164827	0.9990552668871044
254_O-123	78.33333333333333	78.0	4.963547241138332	0.9092417993079585	0.9995294117647059
255_O-123	83.0	81.0	4.947722128772503	0.9080432750629654	0.999056158565361
256_O-123	80.5	79.0	4.954062000613949	0.907558443902073	0.9992911153119093
257_O-123	83.33333333333333	80.0	4.97286369319536	0.9088846029017219	0.9988171279867518
258_O-123	80.25	80.0	4.964121414188411	0.9080748351793264	0.9995276334435522
259_O-123	81.6	81.0	4.954399903817396	0.9070631267377189	0.9992946155654832
25_O-123	79.5	78.0	4.963177708951671	0.9093157296755798	0.9992936190251942
260_O-123	83.0	81.0	4.967827259445223	0.9089690800999299	0.9990525817148271
261_O-123	84.0	81.0	4.96688733407183	0.9093129677134506	0.9990543735224586
262_O-123	81.5	80.0	4.940722673399098	0.9071181905068122	0.9992951127819549
263_O-123	82.0	81.0	4.9658726440517444	0.908595717924243	0.9992939515180043
264_O-123	80.5	79.0	4.9506148040505895	0.9083725538070604	0.9992959399202065
265_O-123	81.75	81.0	4.983200585507436	0.909314857719978	0.999291951852726
266_O-123	78.5	78.0	4.958772778311606	0.9079388417192449	0.9995291902071564
267_O-123	82.0	80.0	4.978087962206713	0.9091899236294987	0.999059708509638
268_O-123	79.5	79.0	4.969746206916251	0.9093716625133499	0.9995283018867924
269_O-123	81.75	81.0	4.962400619594102	0.9072206404708388	0.9992911153119093
26_O-123	80.5	79.0	4.971509845795557	0.9093782010215109	0.999296435272045
270_O-123	80.0	77.0	4.971133220472391	0.9092289705004384	0.9992892679459844
271_O-123	80.75	80.0	4.965192502236161	0.9088469085240147	0.9992949471210341
272_O-123	81.6	81.0	4.9785209878260215	0.9081872719398598	0.9992959399202065
273_O-123	79.33333333333333	79.0	4.963264559915529	0.9083919083175974	0.999531286618233
274_O-123	83.0	80.0	4.965022861413314	0.9094167000652078	0.9990603711533944
275_O-123	81.75	81.0	4.974465684127961	0.9093824895033993	0.9992914501653283
276_O-123	80.2	80.0	4.991628537939731	0.9096668406124743	0.9995297437103221
277_O-123	82.5	81.0	4.963748645831366	0.9084057319565317	0.9992932862190813
278_O-123	83.0	80.0	4.950167716038208	0.907783882495848	0.9990603711533944
279_O-123	83.0	81.0	4.935625641857579	0.9069617965178175	0.9990599294947121
27_O-123	82.0	80.0	4.96143082380919	0.9076400336409682	0.999057270798963
280_O-123	82.5	81.0	4.947225807422829	0.9077274820981861	0.9990612532269421
281_O-123	83.0	80.0	4.9531932907481435	0.9076971155923609	0.9990554899645808
282_O-123	84.0	81.0	4.987444229996762	0.9088125608545704	0.9990525817148271
283_O-123	81.5	80.0	4.951502529378158	0.908108319785764	0.9990592662276576
284_O-123	79.25	79.0	4.952675205370617	0.9079325489495573	0.9995295224653022
285_O-123	84.33333333333333	81.0	4.941346444815384	0.908143324786052	0.9988229755178908
286_O-123	86.0	80.0	4.9630484157178145	0.9094272998794534	0.9990599294947121
287_O-123	83.0	80.0	4.944821419889304	0.9078794949068465	0.999057936881771
288_O-123	80.75	80.0	4.967501031807481	0.9094177678351417	0.9992961051149695
289_O-123	85.0	80.0	4.973838895301715	0.9090938723745104	0.9988207547169812
28_O-123	81.0	80.0	4.951737600199015	0.90745838799211	0.9992906124379286
290_O-123	82.0	81.0	4.949190912521464	0.9069602909626514	0.9992939515180043
291_O-123	80.5	79.0	4.955039171805199	0.9079157377307485	0.9992926196651734
292_O-123	79.5	79.0	4.963016658834611	0.9080184034377128	0.9995301855766971
293_O-123	80.33333333333333	80.0	4.970267796984665	0.9091246865445505	0.9995293010120028
294_O-123	80.0	79.0	4.926068684122266	0.9065575327808189	0.9992922859164898
295_O-123	84.0	81.0	4.970444277331632	0.9086646866916122	0.9990612532269421
296_O-123	85.0	79.0	4.9861697548867445	0.9090159774294693	0.9990592662276576
297_O-123	81.0	79.0	4.948770498116778	0.9082290741020181	0.9990543735224586
298_O-123	80.0	79.0	4.980330970658278	0.9086204036234624	0.9992906124379286
299_O-123	81.0	80.0	4.945632679489275	0.9082035421858312	0.9992924528301886
29_O-123	85.0	79.0	4.941139322095881	0.9073277199683644	0.9990583804143126
2_O-123	85.0	80.0	4.952458595925924	0.9077484794683308	0.9988143229784207
300_O-123	81.25	81.0	4.94317871493589	0.9078529392316339	0.9995305164319249
301_O-123	82.5	81.0	4.970568490260782	0.9091460310072128	0.9990557129367328
302_O-123	80.5	79.0	4.9495239736625845	0.9078593706484295	0.9992952783650458
303_O-123	80.25	80.0	4.948445215361178	0.9074587626572702	0.9995304061986382
304_O-123	79.25	79.0	4.953326005096916	0.9079900246975522	0.9995300751879699
305_O-123	81.0	80.0	4.951747773799951	0.90845127490525	0.9992961051149695
306_O-123	85.0	80.0	4.957546355563978	0.9081718404873095	0.9988315026875438
307_O-123	79.25	79.0	4.953114352963183	0.9073634955830157	0.9995262908574135
308_O-123	85.0	80.0	4.98214447546999	0.9101884908495222	0.9988215884987037
309_O-123	82.0	81.0	4.967296515679436	0.9084476283300521	0.9992942836979535
30_O-123	80.5	79.0	4.964651786645174	0.9081661906634404	0.9992947813822285
310_O-123	85.0	79.0	4.99495022008669	0.9095306907316556	0.9990586020240056
311_O-123	81.5	81.0	4.984703350995599	0.9097909921138759	0.9992896045465309
312_O-123	81.0	80.0	4.9686849576881205	0.9085597531845625	0.9992969299273494
313_O-123	84.0	81.0	4.959795773497018	0.9090268191275243	0.9990568262202311
314_O-123	79.25	79.0	4.960513157418176	0.907961187570854	0.999529964747356
315_O-123	82.0	81.0	4.968760375621667	0.9089850816538527	0.9992951127819549
316_O-123	86.0	81.0	4.981473630749816	0.908532778332857	0.998824082784572
317_O-123	81.75	81.0	4.967030007394184	0.9085496381356798	0.9992936190251942
318_O-123	82.0	80.0	4.947758845660818	0.9078674933972675	0.9990608123972764
319_O-123	82.0	80.0	4.969606120345775	0.9078610490549672	0.999059708509638
31_O-123	83.0	80.0	4.970090345677507	0.9083795891449234	0.9990550437042287
320_O-123	81.16666666666667	81.0	4.9576315797009665	0.9073312173510547	0.9995305164319249
321_O-123	81.5	80.0	4.954026807792537	0.907368247432947	0.9992927864214993
322_O-123	82.5	81.0	4.968129606210494	0.9092112777678384	0.999058158700259
323_O-123	82.0	80.0	4.954385854766871	0.9081369648532475	0.9990590449306046
324_O-123	89.0	79.0	4.951384387843001	0.9071685667521395	0.9988229755178908
325_O-123	82.0	81.0	4.969317947438575	0.9086546690118117	0.9992875801472334
326_O-123	81.0	80.0	4.949812621246607	0.9078991375305249	0.9990574929311969
327_O-123	83.0	80.0	4.973084238732579	0.9080363925734888	0.9990603711533944
328_O-123	81.5	81.0	4.936615849128757	0.9077768139804399	0.9992951127819549
329_O-123	80.75	80.0	4.95170470396789	0.9076278432611506	0.9992912827781715
32_O-123	80.2	80.0	4.949821348540598	0.9082181231679538	0.9995323825111059
330_O-123	85.0	80.0	4.978089853696399	0.9099644805418039	0.9988218661639963
331_O-123	80.75	80.0	4.967472226417584	0.9084273961996394	0.9992896045465309
332_O-123	91.0	81.0	4.96078543289958	0.9090367412753868	0.9988290398126464
333_O-123	83.0	80.0	4.959330621542746	0.9087543375388877	0.9990599294947121
334_O-123	79.33333333333333	79.0	4.959418586978843	0.9083954062466459	0.9995277449822905
335_O-123	79.5	78.0	4.949596096781646	0.9067886439519537	0.9992926196651734
336_O-123	81.33333333333333	81.0	4.967707665264029	0.9082438757321791	0.9995278564683664
337_O-123	81.0	80.0	4.968129069596842	0.9087290389863216	0.9992954438703616
338_O-123	79.0	78.0	4.966688402893258	0.9086878495029498	0.9995297437103221
339_O-123	81.5	80.0	4.963495876037509	0.9086007257862496	0.9992969299273494
33_O-123	83.0	81.0	4.962758429458052	0.9082260389852242	0.9990621336459554
340_O-123	82.2	81.0	4.966271232951248	0.9084154525777897	0.9990570485619991
341_O-123	81.5	81.0	4.968966712213611	0.9078595400031313	0.9992921189240208
342_O-123	79.33333333333333	79.0	4.937775292289662	0.9071506172488565	0.9995287464655985
343_O-123	79.5	79.0	4.961734570794395	0.9087068704129382	0.9995290793501295
344_O-123	86.0	80.0	4.971505305206184	0.9078666650018521	0.999057714958775
345_O-123	80.0	79.0	4.93721602566966	0.9065125379093482	0.9992906124379286
346_O-123	82.0	79.0	4.943925585594189	0.9067013573680149	0.999291951852726
347_O-123	84.0	81.0	4.967566604520321	0.9081221560783229	0.9990583804143126
348_O-123	80.25	80.0	4.938995822530949	0.9078427653426874	0.9995308468214872
349_O-123	83.33333333333333	80.0	4.949126441982908	0.9075214047975821	0.9988213107024988
34_O-123	83.0	80.0	4.976297464808601	0.9094870676602699	0.9990638895389656
350_O-123	80.75	80.0	4.944483045360149	0.9077645877480426	0.9992911153119093
351_O-123	82.0	81.0	4.981309235833732	0.9085243859024564	0.9992924528301886
352_O-123	84.0	81.0	4.988683628719977	0.9089899939683102	0.9990574929311969
353_O-123	81.0	80.0	4.966550724153569	0.908606364856769	0.9992985737666589
354_O-123	86.0	80.0	4.963146507068433	0.9078247066175357	0.9990563812219864
355_O-123	82.5	81.0	4.963307921894968	0.9081953044924653	0.9990583804143126
356_O-123	82.0	80.0	4.953944565226709	0.9078142322647952	0.9990603711533944
357_O-123	83.0	81.0	4.960911767990162	0.9083046973031947	0.999058158700259
358_O-123	82.0	81.0	4.959189552423026	0.9076275708891783	0.9992959399202065
359_O-123	80.6	80.0	4.947771758708947	0.9068386558746728	0.9992939515180043
35_O-123	96.0	81.0	4.956075932524873	0.9072492223292	0.9985852393303466
360_O-123	81.75	81.0	4.9568097688777675	0.908676918761664	0.9992939515180043
361_O-123	82.0	79.0	4.9573474374726105	0.9083360317202668	0.9992932862190813
362_O-123	81.5	80.0	4.963400295885493	0.9085732123013148	0.9992932862190813
363_O-123	81.16666666666667	81.0	4.944407476180188	0.9079506827178445	0.9995296331138288
364_O-123	79.5	79.0	4.957076833014572	0.9085713203357942	0.9995286353994814
365_O-123	82.0	80.0	4.9316229311184525	0.9079616037382354	0.9990610328638497
366_O-123	82.0	81.0	4.974033276741823	0.9084325572249035	0.9992961051149695
367_O-123	82.5	81.0	4.988572874086646	0.9095243364686552	0.999290780141844
368_O-123	81.2	81.0	4.954200272365296	0.9078907903312788	0.999531286618233
369_O-123	81.0	80.0	4.963848191175943	0.9080778271808005	0.9992939515180043
36_O-123	83.0	81.0	4.97996332259528	0.908559194488044	0.999059708509638
370_O-123	81.5	80.0	4.976854982508134	0.9088433375794545	0.9992947813822285
371_O-123	82.0	79.0	4.954773160562928	0.908065919530683	0.9990574929311969
372_O-123	79.33333333333333	79.0	4.995553283365767	0.9095990890584159	0.9995291902071564
373_O-123	80.25	80.0	4.974026626545231	0.9080970224119906	0.9995309568480301
374_O-123	81.5	80.0	4.961797593265523	0.9079765736685166	0.9992921189240208
375_O-123	83.0	80.0	4.966126003484124	0.9085467160502619	0.9990623534927332
376_O-123	83.0	80.0	4.968215871298154	0.9082813970927766	0.9990605918271489
377_O-123	80.33333333333333	80.0	4.97059265004916	0.9086126990130161	0.999531286618233
378_O-123	83.0	81.0	4.979742279525341	0.9098602331445521	0.9990554899645808
379_O-123	82.0	81.0	4.981484021003408	0.909429224631633	0.9992946155654832
37_O-123	83.0	80.0	4.9831220210201375	0.9084672430870119	0.9992947813822285
380_O-123	78.33333333333333	78.0	4.961652563462676	0.9075442806970434	0.9995300751879699
381_O-123	82.5	81.0	4.956548269636992	0.9080603384290532	0.9992932862190813
382_O-123	81.0	80.0	4.954378052959745	0.9075088584077882	0.9992952783650458
383_O-123	80.2	80.0	4.964050414382506	0.9084645132936846	0.9995302959135745
384_O-123	80.75	80.0	4.985677319257969	0.9102523107580982	0.9992951127819549
385_O-123	80.25	80.0	4.983895862541544	0.9083528908633605	0.9995293010120028
386_O-123	80.5	79.0	4.973284912391274	0.9095097593284178	0.9992937853107344
387_O-123	82.5	81.0	4.9703773778632865	0.9078823792263323	0.999057936881771
388_O-123	83.0	81.0	4.976982367065389	0.9088831917052898	0.999054820415879
389_O-123	81.5	80.0	4.958426029871567	0.9081044086686265	0.9992922859164898
38_O-123	80.2	80.0	4.9706541180317165	0.9087375147481159	0.9995293010120028
390_O-123	80.5	79.0	4.955087213147105	0.9063663933171162	0.9992942836979535
391_O-123	82.0	80.0	4.9611739751426756	0.9086274485418678	0.9990574929311969
392_O-123	82.5	81.0	4.965223005764083	0.9083524373538517	0.9990605918271489
393_O-123	80.5	79.0	4.963525553270708	0.908938843502221	0.9992970946579194
394_O-123	81.5	80.0	4.953713313228255	0.9072600346968771	0.9992967651195499
395_O-123	89.0	79.0	4.946068727857014	0.9070886661623571	0.9988204765274828
396_O-123	81.0	80.0	4.94266387671052	0.9074777249395984	0.9992927864214993
397_O-123	81.0	80.0	4.955739277411594	0.9086259789768608	0.9992934526613283
398_O-123	81.6	81.0	4.946291238233682	0.9084334615173042	0.9992921189240208
399_O-123	81.75	81.0	4.955098176393923	0.908828649787177	0.9992954438703616
39_O-123	82.0	81.0	4.965329720450948	0.9079018781763023	0.9992929530992223
3_O-123	90.0	80.0	4.958667179682245	0.9082205786164745	0.9988243592758053
400_O-123	81.75	81.0	4.947871386818195	0.90758441854523	0.9992939515180043
401_O-123	81.5	80.0	4.966739999269558	0.9090974095800709	0.9992892679459844
402_O-123	82.5	81.0	4.949669942101696	0.9076895177021866	0.999058158700259
403_O-123	82.2	81.0	4.953661713832963	0.9086304580037151	0.9990592662276576
404_O-123	81.0	79.0	4.95738947168539	0.9079023017761402	0.9990603711533944
405_O-123	81.6	81.0	4.945789359158736	0.9076564135660411	0.9992916174734356
406_O-123	82.0	80.0	4.962750573605139	0.9078946393608482	0.9990559358036346
407_O-123	82.0	79.0	4.961834536729961	0.9073371198418947	0.9992942836979535
408_O-123	80.33333333333333	80.0	4.947008459239944	0.9082008460389912	0.9995291902071564
409_O-123	80.5	79.0	4.981262995358187	0.9087493311869074	0.9992927864214993
40_O-123	82.0	80.0	4.963337863293286	0.909109422933797	0.9990559358036346
410_O-123	81.0	80.0	4.937718471525738	0.9070695188285411	0.9992939515180043
411_O-123	83.0	80.0	4.9397730922723095	0.9074660817378374	0.9990574929311969
412_O-123	82.0	79.0	4.957447147003535	0.9089437995653162	0.999056158565361
413_O-123	80.5	80.0	4.96965779558326	0.908092560757031	0.9995293010120028
414_O-123	84.33333333333333	81.0	4.963163913684603	0.9086703519358109	0.9988182462774757
415_O-123	83.0	80.0	4.9748090152139595	0.907947870385733	0.999057270798963
416_O-123	83.0	81.0	4.9780871205435115	0.9086949814399504	0.9990570485619991
417_O-123	84.0	81.0	4.972899933424707	0.9086045743128182	0.9990574929311969
418_O-123	82.0	81.0	4.96759331863064	0.9082181015292532	0.9992916174734356
419_O-123	86.0	81.0	4.9585592482215315	0.9084003875432526	0.9988235294117647
41_O-123	82.0	81.0	4.970736673671684	0.9088534673737916	0.9992951127819549
420_O-123	81.5	80.0	4.948100872682717	0.9073005798712143	0.9992912827781715
421_O-123	79.33333333333333	79.0	4.989077191211311	0.9095168647355697	0.9995284131101155
422_O-123	79.33333333333333	79.0	4.962698561511465	0.9090484691085723	0.999530626613471
423_O-123	84.0	81.0	4.978724269320617	0.9095411028955619	0.9990543735224586
424_O-123	81.5	80.0	4.98286211608296	0.9086637749802137	0.9992951127819549
425_O-123	79.5	79.0	4.9362132392454	0.9068420507566269	0.999529964747356
426_O-123	84.33333333333333	81.0	4.944125135363564	0.9073995659131868	0.9988176873965476
427_O-123	77.33333333333333	77.0	4.9458447359	0.9088633356401384	0.9995294117647059
428_O-123	80.75	80.0	4.94462210923121	0.9069610853861991	0.9992917847025495
429_O-123	81.5	80.0	4.982546428787896	0.9096986849133036	0.9990594874206442
42_O-123	82.0	80.0	4.956220536659574	0.90891011918883	0.999058158700259
430_O-123	86.0	81.0	4.965109851489922	0.9085641897720921	0.9988279418659165
431_O-123	77.0	77.0	4.957895291784808	0.9080920925162634	0.9997638724911452
432_O-123	80.5	79.0	4.970038990861588	0.9078931910471822	0.9992932862190813
433_O-123	82.0	81.0	4.9613404851139915	0.9080536386988066	0.9992966002344665
434_O-123	81.0	80.0	4.949036093894581	0.9070042992086257	0.9992922859164898
435_O-123	81.0	80.0	4.935243124046951	0.9064419603081048	0.9992931196983977
436_O-123	80.75	80.0	4.976722762042357	0.9086985928176513	0.9992912827781715
437_O-123	80.5	79.0	4.964721872827481	0.9092049819186452	0.9992890995260664
438_O-123	80.5	79.0	4.960996210415993	0.9082706384949919	0.999291951852726
439_O-123	81.5	80.0	4.958936729528431	0.908495212990449	0.9992937853107344
43_O-123	82.0	80.0	4.956623878118659	0.9081655423936914	0.999056158565361
440_O-123	79.33333333333333	79.0	4.9718812130806	0.9087277512881788	0.9995319447694828
441_O-123	81.0	80.0	4.9858017440455304	0.9087401701621092	0.9992899408284024
442_O-123	80.0	79.0	4.9596054265159575	0.9082069111722145	0.9992942836979535
443_O-123	81.75	81.0	4.942863696284962	0.9072604532360329	0.9992926196651734
444_O-123	79.2	79.0	4.953035210490168	0.9083529018411461	0.9995288574793875
445_O-123	80.0	79.0	4.962140912204687	0.9085699566176162	0.9992934526613283
446_O-123	81.75	81.0	4.979129485506744	0.9083719761306541	0.9992947813822285
447_O-123	95.0	80.0	4.978774303884903	0.9080993687999611	0.9985869053226566
448_O-123	84.33333333333333	81.0	4.969461940153342	0.9087369888284809	0.9988199197545433
449_O-123	81.5	80.0	4.973887746469445	0.9081913060599134	0.9992942836979535
44_O-123	86.0	80.0	4.960366964911653	0.9085202331265954	0.9990563812219864
450_O-123	81.0	80.0	4.9684380770368595	0.909291321886248	0.9992975883867946
451_O-123	78.33333333333333	78.0	4.977444699410045	0.9096285145900591	0.9995302959135745
452_O-123	86.0	81.0	4.967676769010105	0.9077911975316972	0.9988226983753238
453_O-123	81.16666666666667	81.0	4.934045613482901	0.9066970028123843	0.9995290793501295
454_O-123	82.5	81.0	4.967427530453348	0.9077277723817735	0.999058158700259
455_O-123	81.0	80.0	4.968700897223683	0.9085475966720233	0.999291951852726
456_O-123	85.0	80.0	4.960827915680122	0.9081188537666031	0.9988243592758053
457_O-123	82.0	79.0	4.963698668902245	0.9080149521950821	0.9992931196983977
458_O-123	81.6	81.0	4.98736330972248	0.9088419306506201	0.9992962702322308
459_O-123	80.5	79.0	4.939169088185578	0.9077148387538045	0.9992982456140351
45_O-123	79.5	78.0	4.9532065946067565	0.9077529782487649	0.9992937853107344
460_O-123	80.75	80.0	4.952514555079253	0.9076910565446976	0.9992946155654832
461_O-123	80.0	79.0	4.963197660814341	0.9089137971129682	0.9992909477664854
462_O-123	82.0	79.0	4.968166116313356	0.9078048661891966	0.9992956092979572
463_O-123	80.33333333333333	80.0	4.968015584911476	0.907926675437342	0.9995287464655985
464_O-123	80.2	80.0	4.968570907305523	0.9082903779475587	0.999529964747356
465_O-123	81.75	81.0	4.9579666462041745	0.9084432684309679	0.9992934526613283
466_O-123	82.5	81.0	4.953923027005127	0.9075586473920915	0.9990599294947121
467_O-123	81.0	80.0	4.984635106614672	0.9098894709429582	0.9992922859164898
468_O-123	84.33333333333333	81.0	4.948184549311458	0.9078925160259097	0.9988179669030733
469_O-123	80.75	80.0	4.97753538753878	0.9098046367398657	0.9992956092979572
46_O-123	79.33333333333333	79.0	4.9842015414283125	0.9092455461811484	0.9995293010120028
470_O-123	81.0	78.0	4.972409717718485	0.9098888661543678	0.9992946155654832
471_O-123	80.75	80.0	4.975241947660636	0.9091119962673172	0.9992927864214993
472_O-123	90.0	80.0	4.968210213427129	0.9083870045587672	0.9988276670574443
473_O-123	79.5	79.0	4.957909019881826	0.9082070111497079	0.9995269631031221
474_O-123	80.5	79.0	4.952508227450216	0.907459857326288	0.9992952783650458
475_O-123	79.5	79.0	4.957645033875219	0.9080266806474256	0.9995301855766971
476_O-123	81.0	80.0	4.976973195134454	0.9086769030245396	0.9992946155654832
477_O-123	83.0	80.0	4.96595357375232	0.9082072681246982	0.9990605918271489
478_O-123	78.25	78.0	4.937616722901596	0.906578299935662	0.9995296331138288
479_O-123	83.0	81.0	4.975749655775286	0.9092417631167123	0.9990568262202311
47_O-123	80.6	80.0	4.972466915103963	0.9089574106038878	0.9992939515180043
480_O-123	80.75	80.0	4.956041187521079	0.908713549923571	0.9992937853107344
481_O-123	82.0	80.0	4.951122064663718	0.9077677145236045	0.999054820415879
482_O-123	83.0	81.0	4.959887548951941	0.9083156483711328	0.9990574929311969
483_O-123	82.0	81.0	4.939423023165803	0.9063625751568081	0.9992906124379286
484_O-123	86.0	80.0	4.948680450326516	0.9073914722522792	0.9990623534927332
485_O-123	82.0	80.0	4.971690748806609	0.9089220354306425	0.9990665110851809
486_O-123	83.0	81.0	4.981202716757224	0.9088702277129596	0.9990586020240056
487_O-123	82.2	81.0	4.971920357059175	0.9087708576894463	0.9990627928772259
488_O-123	82.2	81.0	4.958114186857524	0.9082555960382044	0.999057270798963
489_O-123	87.0	81.0	4.967445489765569	0.9094034617076983	0.9990594874206442
48_O-123	80.75	80.0	4.963971222211725	0.9084667085249681	0.9992946155654832
490_O-123	95.0	80.0	4.951203967668634	0.9071554365315524	0.9985915492957746
491_O-123	80.25	80.0	4.971256645800473	0.9086066954091788	0.9995274102079396
492_O-123	81.5	80.0	4.9724426490494205	0.9075172934453164	0.999299556385711
493_O-123	81.0	78.0	4.946938609052496	0.9077686785166224	0.9992929530992223
494_O-123	81.0	80.0	4.964844636005228	0.909162905219735	0.9992939515180043
495_O-123	83.0	81.0	4.966274184069061	0.9079271943854951	0.9990539262062441
496_O-123	82.0	80.0	4.944304072473808	0.9071596876112495	0.9990566037735849
497_O-123	81.5	80.0	4.975088691457739	0.908450103411406	0.9992959399202065
498_O-123	83.0	80.0	4.968379753994239	0.9083254324483622	0.999058158700259
499_O-123	80.25	80.0	4.967544956284938	0.9079456919456439	0.9995281906109932
49_O-123	82.0	79.0	4.936637975063944	0.9075309957738987	0.9990568262202311
4_O-123	81.0	80.0	4.947590658471091	0.9072779274659539	0.9992911153119093
500_O-123	84.33333333333333	81.0	4.955408491068808	0.9078348988901804	0.9988224211022139
501_O-123	80.25	80.0	4.954671002441021	0.9076912582558242	0.9995278564683664
502_O-123	82.0	79.0	4.956924232473391	0.9080190510279537	0.9992932862190813
503_O-123	79.33333333333333	79.0	4.973662241546449	0.9096715724869752	0.9995291902071564
504_O-123	84.0	81.0	4.989309446227927	0.9095569876318867	0.9990599294947121
505_O-123	83.0	80.0	4.951373652007569	0.9080479785293893	0.9990563812219864
506_O-123	83.0	80.0	4.962371227809997	0.9089599896720136	0.9990568262202311
507_O-123	79.25	79.0	4.951511831669091	0.9085842449547653	0.9995297437103221
508_O-123	82.5	81.0	4.966907592028329	0.9089522040017611	0.9990586020240056
509_O-123	81.75	81.0	4.9658324186828295	0.9086206751051105	0.9992931196983977
50_O-123	81.16666666666667	81.0	4.969433459691117	0.9082290020262923	0.9995311767463666
510_O-123	81.75	81.0	4.959682470981379	0.9084181038062283	0.9992941176470588
511_O-123	82.0	81.0	4.967596975445147	0.9080877523754822	0.9992932862190813
512_O-123	81.6	81.0	4.97491736657363	0.9090075647602585	0.9992894362861203
513_O-123	84.0	81.0	4.978296025326847	0.909857354705618	0.9990621336459554
514_O-123	80.16666666666667	80.0	4.948704493598702	0.9075107899694259	0.9995258416311048
515_O-123	80.2	80.0	4.955469695707385	0.9084002785605972	0.9995290793501295
516_O-123	79.5	79.0	4.968975881240433	0.9083463940877683	0.9995309568480301
517_O-123	79.33333333333333	79.0	4.955168342801611	0.9077979614025806	0.9995290793501295
518_O-123	82.0	80.0	4.954630661299034	0.9082734710057484	0.9990645463049579
519_O-123	78.0	78.0	4.963593706948581	0.9079597945986919	0.9997637609260571
51_O-123	80.25	80.0	4.9761984628221	0.9087981617194808	0.9995296331138288
520_O-123	80.0	79.0	4.974937642787442	0.9085597285004404	0.9992936190251942
521_O-123	83.0	80.0	4.968415110867223	0.9077784359456796	0.9990621336459554
522_O-123	81.0	80.0	4.981476805992426	0.9095938138034285	0.9992929530992223
523_O-123	82.5	81.0	4.94322068743882	0.9074678438720742	0.9990599294947121
524_O-123	81.75	81.0	4.959341034927331	0.9069217117159051	0.9992921189240208
525_O-123	81.5	81.0	4.975753926435494	0.9088981438108724	0.9992936190251942
526_O-123	84.0	81.0	4.955762224924675	0.9073527377067969	0.9990599294947121
527_O-123	81.2	81.0	4.95706587539757	0.9076295220170704	0.9995295224653022
528_O-123	80.5	79.0	4.966487921270533	0.9088815832412661	0.9992959399202065
529_O-123	86.0	80.0	4.985964279429995	0.9097730257615557	0.9990550437042287
52_O-123	82.5	81.0	4.973628200405429	0.90828077261835	0.9990545970219806
530_O-123	82.0	81.0	4.980566088949476	0.9090333686920571	0.9992916174734356
531_O-123	83.0	80.0	4.9742569894452	0.9095802593306683	0.9990608123972764
532_O-123	80.33333333333333	80.0	4.96175204845801	0.9086493199834405	0.9995277449822905
533_O-123	79.33333333333333	79.0	4.965259549620946	0.9081924455672755	0.9995301855766971
534_O-123	85.0	80.0	4.960143891573489	0.9090971449812063	0.9988268418582825
535_O-123	81.0	80.0	4.954069961155848	0.9085861435462199	0.999291951852726
536_O-123	79.33333333333333	79.0	4.955901446382975	0.9078539960840157	0.9995283018867924
537_O-123	83.0	81.0	4.966430037386859	0.909156711246309	0.999061473486626
538_O-123	83.0	81.0	4.960888997576529	0.9083149232354142	0.9990552668871044
539_O-123	81.0	78.0	4.950276653535782	0.9071090767846464	0.999290780141844
53_O-123	81.14285714285714	81.0	4.954707175562354	0.9081264675453641	0.9995311767463666
540_O-123	83.0	80.0	4.94565981819822	0.9082057621847438	0.9990645463049579
541_O-123	80.16666666666667	80.0	4.957514716718715	0.9080911575331041	0.9995280792826805
542_O-123	86.0	80.0	4.95764198165284	0.9075653781048503	0.999061473486626
543_O-123	82.5	81.0	4.956724206357647	0.9085941610133098	0.9990599294947121
544_O-123	82.0	79.0	4.97731815518078	0.9082812818149305	0.9990594874206442
545_O-123	81.75	81.0	4.960397524406338	0.9080883537939569	0.9992927864214993
546_O-123	85.0	79.0	4.9650374235059935	0.9078229236297131	0.9990528060620412
547_O-123	83.0	80.0	4.969136178576334	0.9083477560791388	0.9990634511823929
548_O-123	79.0	78.0	4.975844647736916	0.9087132327698819	0.9992917847025495
549_O-123	83.0	80.0	4.9514071717526935	0.9072754048442907	0.9990588235294118
54_O-123	81.5	80.0	4.954044128910867	0.9084188980627705	0.9992927864214993
550_O-123	83.0	81.0	4.971045980635555	0.9088361351794909	0.9990570485619991
551_O-123	79.75	79.0	4.965060346132955	0.9090936485830348	0.9992926196651734
552_O-123	81.5	80.0	4.979183846132486	0.9089409048231474	0.9992942836979535
553_O-123	83.0	80.0	4.976850030798311	0.9093592183043944	0.9990612532269421
554_O-123	88.5	81.0	4.958280189727977	0.9081004330969071	0.9985751602944669
555_O-123	82.0	79.0	4.95874247202379	0.9079271754970198	0.9990616936429745
556_O-123	80.33333333333333	80.0	4.976837227353883	0.9096746757530296	0.9995291902071564
557_O-123	96.0	81.0	4.964460157004039	0.9084423245807959	0.9985818955329709
558_O-123	80.25	80.0	4.959425074768709	0.9086900609127295	0.9995297437103221
559_O-123	80.16666666666667	80.0	4.970728257271842	0.9083544596067393	0.9995310668229778
55_O-123	83.0	80.0	4.944343716276879	0.9077367575818828	0.9990603711533944
560_O-123	80.25	80.0	4.985600810222722	0.9101479500305777	0.9995293010120028
561_O-123	84.0	81.0	4.97020940370165	0.9095493015647889	0.9990586020240056
562_O-123	79.5	79.0	4.964611178380865	0.9088212932300688	0.9995317255911964
563_O-123	80.25	80.0	4.976494679278335	0.9099588573181671	0.9995272985109903
564_O-123	83.0	80.0	4.94593683378323	0.9074560107436033	0.999057714958775
565_O-123	86.0	80.0	4.961085514837032	0.9086498092062546	0.9990534784666352
566_O-123	86.0	81.0	4.960189175460825	0.9080278154896387	0.9988224211022139
567_O-123	80.5	79.0	4.964344957169708	0.9080400352179474	0.9992901088499764
568_O-123	82.0	79.0	4.944341135352621	0.9081204279312717	0.9990608123972764
569_O-123	79.25	79.0	4.946087482632484	0.9074695854488044	0.9995296331138288
56_O-123	80.5	80.0	4.957093905691894	0.907609444083292	0.9995310668229778
570_O-123	80.75	80.0	4.9705603519488015	0.9096679161889504	0.9992947813822285
571_O-123	79.33333333333333	79.0	4.962795248662622	0.9088750774992026	0.999529964747356
572_O-123	81.75	81.0	4.94134711267053	0.9069294537278869	0.9992952783650458
573_O-123	80.5	79.0	4.960202856013124	0.9089548213817801	0.9992990654205608
574_O-123	82.0	79.0	4.979672504706953	0.9095908369090718	0.9990616936429745
575_O-123	86.0	80.0	4.976642248210745	0.9098188238684537	0.999056158565361
576_O-123	81.75	81.0	4.972427786365087	0.907735998883863	0.9992922859164898
577_O-123	82.0	80.0	4.967608741761898	0.9090363519828932	0.9990612532269421
578_O-123	80.5	80.0	4.93878676274788	0.9059729296246146	0.999525053431489
579_O-123	81.0	80.0	4.976002538629309	0.9091625150388064	0.9992947813822285
57_O-123	78.33333333333333	78.0	4.957305903998501	0.9086233335461287	0.9995291902071564
580_O-123	83.0	80.0	4.960470981087911	0.9076563594507355	0.999296435272045
581_O-123	80.5	79.0	4.969390189873906	0.9079524837116286	0.9992951127819549
582_O-123	79.5	79.0	4.9571750176439675	0.9085731056112697	0.9995309568480301
583_O-123	81.5	80.0	4.961847619481409	0.908423504605951	0.999296435272045
584_O-123	85.0	80.0	4.980230999779194	0.9084967774069825	0.9988215884987037
585_O-123	81.0	80.0	4.9718758682387865	0.9093621195089158	0.9992957746478873
586_O-123	80.5	79.0	4.9644446022404844	0.9086596264943207	0.9992909477664854
587_O-123	81.0	80.0	4.941936245382679	0.907343325252248	0.9992922859164898
588_O-123	84.0	81.0	4.963353821544013	0.9083749529769843	0.9990643274853801
589_O-123	82.0	81.0	4.957058302410547	0.9076253691999874	0.9992949471210341
58_O-123	78.0	77.0	4.932973508407623	0.9071583667820069	0.9995294117647059
590_O-123	82.2	81.0	4.967406395467889	0.9092824382390785	0.9990559358036346
591_O-123	88.5	81.0	4.9620181853270235	0.908602849299832	0.998589562764457
592_O-123	82.0	79.0	4.968058292320944	0.9094365054819044	0.9990590449306046
593_O-123	81.75	81.0	4.963825620987579	0.908510565438553	0.9992989016125263
594_O-123	84.0	81.0	4.994241906180213	0.9099146738201941	0.9990559358036346
595_O-123	78.0	77.0	4.9706340089798715	0.9086250306439354	0.999530626613471
596_O-123	81.5	80.0	4.9539316291153925	0.9080248749293854	0.9992939515180043
597_O-123	82.5	81.0	4.97142747783319	0.9094638256480578	0.9990608123972764
598_O-123	80.25	80.0	4.955664606859847	0.9076625051903114	0.9995294117647059
599_O-123	81.0	80.0	4.977538925712551	0.9097335363321799	0.9992941176470588
59_O-123	80.0	79.0	4.972854825382812	0.9090400594361097	0.9992916174734356
5_O-123	86.0	80.0	4.939322478623404	0.9079011904816072	0.9990634511823929
600_O-123	80.25	80.0	4.970633808139892	0.9098110922551722	0.9995284131101155
601_O-123	83.0	80.0	4.965536597929009	0.9086319653376476	0.9990605918271489
602_O-123	80.5	79.0	4.959178643471222	0.9090513494809689	0.9992941176470588
603_O-123	79.33333333333333	79.0	4.959251873262626	0.9087210888951858	0.9995257291913683
604_O-123	81.0	80.0	4.962711315438935	0.9079126195503526	0.9992914501653283
605_O-123	80.0	79.0	4.956855921777964	0.9087965598318068	0.9992939515180043
606_O-123	81.75	81.0	4.958577411124711	0.9082389649627556	0.9992944496707432
607_O-123	83.0	81.0	4.972106507352268	0.9076822765143406	0.9990574929311969
608_O-123	85.0	79.0	4.954783909333589	0.9084886112467024	0.9990632318501171
609_O-123	81.0	80.0	4.970232831560296	0.9084044509274628	0.999290780141844
60_O-123	87.0	81.0	4.97289353072319	0.9092707243908644	0.9990601503759399
610_O-123	82.0	80.0	4.949200447673208	0.907506077223133	0.9990601503759399
611_O-123	82.0	80.0	4.952448898256904	0.9066640372138104	0.999056158565361
612_O-123	79.33333333333333	79.0	4.965522955447615	0.9083370572525988	0.9995291902071564
613_O-123	80.25	80.0	4.9465883831998365	0.9088441879835928	0.9995276334435522
614_O-123	82.0	79.0	4.976236329263023	0.9091785851774961	0.9992956092979572
615_O-123	81.5	80.0	4.976755552055085	0.9086617874893685	0.9992887624466572
616_O-123	81.5	80.0	4.9377612706565195	0.9076762627733971	0.9992916174734356
617_O-123	81.5	80.0	4.983954304859935	0.9087940495913674	0.9992901088499764
618_O-123	83.0	80.0	4.9770110218706725	0.9095919374279318	0.9992966002344665
619_O-123	82.5	81.0	4.974332816768688	0.9077039204343182	0.9992924528301886
61_O-123	83.0	81.0	4.972633612849112	0.9081883809006249	0.999058158700259
620_O-123	80.16666666666667	80.0	4.975060720080172	0.9086615366627115	0.9995284131101155
621_O-123	82.0	79.0	4.95539608103917	0.9080525055417299	0.9992952783650458
622_O-123	80.25	80.0	4.96607736645886	0.9089357798397576	0.999530626613471
623_O-123	84.33333333333333	81.0	4.968721947955235	0.9086192119196056	0.9988224211022139
624_O-123	85.0	79.0	4.934276021356727	0.9072734819725814	0.9990590449306046
625_O-123	81.5	80.0	4.975420990313022	0.9091805076627695	0.9992966002344665
626_O-123	81.5	80.0	4.948088752862617	0.9079791429373503	0.9990590449306046
627_O-123	83.0	81.0	4.94092591983428	0.9075813141776455	0.9990592662276576
628_O-123	82.0	80.0	4.946112578225305	0.9081132357205662	0.999057936881771
629_O-123	82.0	79.0	4.944187210410927	0.9066316119419885	0.9990599294947121
62_O-123	80.0	79.0	4.950473881945138	0.9084440226914224	0.9992932862190813
630_O-123	83.0	80.0	4.945592007417417	0.9072637443913671	0.9990630124150855
631_O-123	84.0	81.0	4.968051393398829	0.9086589585958367	0.9990612532269421
632_O-123	84.0	81.0	4.982396287689154	0.9107425379733523	0.9990550437042287
633_O-123	81.75	81.0	4.969419405429342	0.9081436948430037	0.9992872416250891
634_O-123	80.5	79.0	4.973331607199345	0.9086066829849548	0.9992966002344665
635_O-123	90.0	80.0	4.9620064348319035	0.9083993188649399	0.9988276670574443
636_O-123	80.33333333333333	80.0	4.952515391264069	0.909397903549561	0.9995280792826805
637_O-123	81.5	80.0	4.958908535168265	0.9085783612338897	0.9992926196651734
638_O-123	79.5	78.0	4.966509229769018	0.9086589791294724	0.9992926196651734
639_O-123	81.75	81.0	4.96068133535718	0.9082434898158558	0.9992936190251942
63_O-123	81.5	80.0	4.959187343211141	0.907408830449827	0.9992941176470588
640_O-123	82.0	81.0	4.964229718836988	0.9089093419913787	0.9992914501653283
641_O-123	80.5	79.0	4.960718892509649	0.907849522057676	0.9992936190251942
642_O-123	80.2	80.0	4.9608130431471595	0.9079780479044897	0.999530736743313
643_O-123	81.0	80.0	4.960103862972358	0.9082196062901463	0.9992922859164898
644_O-123	83.0	80.0	4.942820706536885	0.9074097420797265	0.9990550437042287
645_O-123	79.5	79.0	4.96329708953091	0.9077206764306704	0.9995293010120028
646_O-123	79.25	79.0	4.989838889499351	0.9094415782129638	0.9995272985109903
647_O-123	84.0	81.0	4.950091539989549	0.9068642579781554	0.9990568262202311
648_O-123	86.0	80.0	4.980302269599227	0.9091166643986027	0.9990559358036346
649_O-123	80.5	80.0	4.97869558170764	0.9093334871751004	0.999529854254819
64_O-123	80.5	79.0	4.969617713341967	0.9083321907101997	0.9992974238875878
650_O-123	81.5	80.0	4.970781869963102	0.9079952400180724	0.999291951852726
651_O-123	81.5	80.0	4.967458289408875	0.9082272772756227	0.9992934526613283
652_O-123	81.0	80.0	4.963179199807763	0.9085425828450788	0.999299556385711
653_O-123	81.5	80.0	4.974417960013383	0.9091722588152185	0.9992946155654832
654_O-123	80.0	79.0	4.955460083702074	0.9091833170167319	0.9992924528301886
655_O-123	82.0	79.0	4.974877226608033	0.909929272741261	0.9990586020240056
656_O-123	83.0	80.0	4.948113859211914	0.9080598986340798	0.9990616936429745
657_O-123	81.0	80.0	4.969318157745315	0.9094342477497992	0.9992952783650458
658_O-123	80.5	79.0	4.984858872038993	0.9084555654057084	0.9992932862190813
659_O-123	84.33333333333333	81.0	4.954658518940149	0.9072892933428266	0.9988207547169812
65_O-123	80.5	79.0	4.94769315046534	0.9065603288914393	0.9992931196983977
660_O-123	80.0	79.0	4.948145291750564	0.9082123949252168	0.9992914501653283
661_O-123	80.0	79.0	4.940050765635479	0.9068627266435987	0.9992941176470588
662_O-123	82.5	81.0	4.972303438391703	0.9088244423445613	0.999057936881771
663_O-123	83.0	80.0	4.9605740187513305	0.909597844465291	0.9990554899645808
664_O-123	81.5	80.0	4.941496408756689	0.9074300453814462	0.9992921189240208
665_O-123	82.5	81.0	4.96082718961162	0.9080291333392249	0.9990608123972764
666_O-123	80.75	80.0	4.958960758336231	0.9078966655098195	0.9992902767920511
667_O-123	87.0	81.0	4.976803871613895	0.9085018404637528	0.9990610328638497
668_O-123	82.0	79.0	4.979965314947194	0.9087726228095375	0.9990583804143126
669_O-123	81.0	80.0	4.951314769401652	0.9085033031931747	0.9992926196651734
66_O-123	81.0	78.0	4.960675357898229	0.908957679369965	0.9992944496707432
670_O-123	79.0	78.0	4.965991581349853	0.9092343763170803	0.9995304061986382
671_O-123	80.25	80.0	4.960975839678554	0.908522698152194	0.9995289684408856
672_O-123	82.0	79.0	4.981667674284214	0.9096192573470692	0.9992931196983977
673_O-123	80.25	80.0	4.9422965996154335	0.9073099987402488	0.9995302959135745
674_O-123	81.16666666666667	81.0	4.978299081489353	0.9094008027681661	0.9995294117647059
675_O-123	83.0	80.0	4.960957094963949	0.9079131289433645	0.9990583804143126
676_O-123	96.0	81.0	4.979459264435112	0.9086394199115939	0.9985859061984445
677_O-123	83.0	80.0	4.96705269644089	0.9086965264406577	0.99906191369606
678_O-123	79.5	79.0	4.947462414731121	0.9074664790940583	0.9995301855766971
679_O-123	82.2	81.0	4.920631727169438	0.9073331021286086	0.999059708509638
67_O-123	80.33333333333333	80.0	4.969887670889528	0.9083187574438608	0.9995275218521144
680_O-123	87.0	81.0	4.941184688874725	0.9082191412001177	0.9990594874206442
681_O-123	83.0	80.0	4.964267431148465	0.907595139245717	0.9992912827781715
682_O-123	81.0	80.0	4.941020243672152	0.9074503162485426	0.9992892679459844
683_O-123	82.0	80.0	4.98127730600396	0.909707572667753	0.9990554899645808
684_O-123	84.0	81.0	4.970688755578763	0.9084838697707147	0.9990621336459554
685_O-123	86.0	81.0	4.970065357297738	0.9086048808830778	0.9988190836088805
686_O-123	81.0	80.0	4.960182619407375	0.9092405779643423	0.9992977528089888
687_O-123	81.0	80.0	4.981766452690618	0.908205270018031	0.9992902767920511
688_O-123	82.5	81.0	4.949635200255317	0.9078367664322371	0.9990583804143126
689_O-123	82.0	79.0	4.961072053325396	0.909164543452077	0.9992944496707432
68_O-123	82.5	81.0	4.984748599030748	0.9083261322979856	0.9992909477664854
690_O-123	83.0	81.0	4.963663387182801	0.9077242976922316	0.9990552668871044
691_O-123	81.5	80.0	4.959392072012154	0.9095114055434487	0.9992887624466572
692_O-123	81.75	81.0	4.978835632028589	0.9096918185392546	0.9992858843132587
693_O-123	82.0	81.0	4.958223742335957	0.9078303803541506	0.9992887624466572
694_O-123	79.2	79.0	4.946641461952493	0.9073113910034603	0.9995294117647059
695_O-123	82.0	79.0	4.971344556241859	0.9082889474671577	0.9990563812219864
696_O-123	81.0	80.0	4.978013293100457	0.9102128927228786	0.9992951127819549
697_O-123	80.75	80.0	4.965109289211679	0.9087529458290289	0.9992897727272727
698_O-123	78.33333333333333	78.0	4.968640774564347	0.9082846066872163	0.9995281906109932
699_O-123	82.0	80.0	4.973126658922416	0.9077200643554548	0.9990559358036346
69_O-123	79.5	79.0	4.9546279905086035	0.9079168696652349	0.9995301855766971
6_O-123	83.33333333333333	80.0	4.959516533189657	0.9079545504639732	0.9988262910798122
700_O-123	81.25	81.0	4.953195303600254	0.9074304835870094	0.9995288574793875
701_O-123	85.0	79.0	4.945915120121822	0.907987520011611	0.9990592662276576
702_O-123	81.6	81.0	4.968915255661608	0.909825840975643	0.9992946155654832
703_O-123	85.0	79.0	4.960487332661551	0.9073724287130698	0.9990568262202311
704_O-123	80.75	80.0	4.964470708952383	0.9088523632271468	0.9992951127819549
705_O-123	80.25	80.0	4.9720064333791045	0.9097896914927611	0.9995293010120028
706_O-123	86.0	80.0	4.951693380674204	0.9076936837009373	0.9990583804143126
707_O-123	86.0	81.0	4.947428573436372	0.908188124567474	0.9988235294117647
708_O-123	81.2	81.0	4.946193322780284	0.9070118754325259	0.9995294117647059
709_O-123	82.0	81.0	4.968880322018433	0.9089323106085654	0.9992957746478873
70_O-123	80.0	79.0	4.969964048747245	0.9092837651033003	0.9992921189240208
710_O-123	82.5	81.0	4.968730045405975	0.9088244065299297	0.999058158700259
711_O-123	91.0	81.0	4.976794458868585	0.9082976687411368	0.9988249118683902
712_O-123	81.0	80.0	4.959275201619382	0.9074044099715339	0.9992942836979535
713_O-123	81.75	81.0	4.951760339438714	0.907592394809119	0.9992954438703616
714_O-123	80.5	79.0	4.967376455304584	0.9088734205006621	0.9992949471210341
715_O-123	83.0	80.0	4.961741593003724	0.9086448205396955	0.9990608123972764
716_O-123	80.5	79.0	4.9617386429819605	0.9084214920175677	0.9992954438703616
717_O-123	82.5	81.0	4.955763669874181	0.9081135190434428	0.9990592662276576
718_O-123	81.2	81.0	4.969122693117338	0.909101599247413	0.9995296331138288
719_O-123	82.0	80.0	4.9593721595288205	0.9080026232673737	0.999059708509638
71_O-123	82.0	81.0	4.990313911882581	0.9102061178841959	0.9992904446546831
720_O-123	81.6	81.0	4.982826375857201	0.9087475180305424	0.9992947813822285
721_O-123	83.0	81.0	4.9543301063570695	0.9080645172937095	0.999057270798963
722_O-123	81.5	80.0	4.948283089432489	0.9062955947073188	0.9992929530992223
723_O-123	80.25	80.0	4.966246122937639	0.9076115855808891	0.9995277449822905
724_O-123	81.0	79.0	4.9693733289009305	0.9087496801104967	0.9990557129367328
725_O-123	83.0	81.0	4.950498184442461	0.9078662346515195	0.9990630124150855
726_O-123	80.75	80.0	4.955383742579285	0.9079541037380068	0.9992946155654832
727_O-123	83.0	80.0	4.967077564377919	0.9087689191260437	0.9990599294947121
728_O-123	78.33333333333333	78.0	4.967436747948053	0.9084615331003654	0.9995277449822905
729_O-123	83.0	80.0	4.949978236797477	0.9078200974233508	0.9990610328638497
72_O-123	82.5	81.0	4.970084813736729	0.9084658381081048	0.9990621336459554
730_O-123	80.75	80.0	4.96399739387009	0.9089628882473499	0.9992952783650458
731_O-123	80.75	80.0	4.950062191580053	0.9074362558469519	0.9992926196651734
732_O-123	80.75	80.0	4.97206480014917	0.9085489081294016	0.9992901088499764
733_O-123	80.33333333333333	80.0	4.960075321507311	0.909589563555869	0.9995289684408856
734_O-123	80.75	80.0	4.956672775386735	0.9089738266086737	0.9992914501653283
735_O-123	81.0	80.0	4.983607155088678	0.9099248717266903	0.9992947813822285
736_O-123	78.5	78.0	4.973224551389739	0.9093417310535559	0.9995264030310206
737_O-123	81.0	80.0	4.95446213961836	0.9075419325662917	0.9992944496707432
738_O-123	80.2	80.0	4.965865841143018	0.9084295447179691	0.9995302959135745
739_O-123	86.0	80.0	4.950113712175147	0.9076340596738388	0.9990590449306046
73_O-123	83.0	80.0	4.976664334691372	0.9077811959426213	0.9990554899645808
740_O-123	80.25	80.0	4.947875587721626	0.9081204705882353	0.9995294117647059
741_O-123	83.0	80.0	4.9406521257533065	0.9075108861155681	0.9990630124150855
742_O-123	81.6	81.0	4.964640149287949	0.9085735759740149	0.9992942836979535
743_O-123	81.75	81.0	4.966600982075169	0.908188857244571	0.9992924528301886
744_O-123	78.5	78.0	4.9695555155908195	0.9086738299552883	0.9995281906109932
745_O-123	82.0	81.0	4.958063960208914	0.907500836708665	0.9992954438703616
746_O-123	89.0	79.0	4.993322436115404	0.9100450319683264	0.9988171279867518
747_O-123	81.5	80.0	4.980962498360657	0.908835875432526	0.9992941176470588
748_O-123	82.0	80.0	4.971990187948684	0.9088831557093425	0.9990588235294118
749_O-123	81.0	80.0	4.9507702444999175	0.9077996370901511	0.9992979171542242
74_O-123	81.0	80.0	4.944002296341624	0.907398893020456	0.9992936190251942
750_O-123	81.2	81.0	4.9564831752082785	0.9079950760445972	0.9995287464655985
751_O-123	83.0	80.0	4.967319578587908	0.9088684836844031	0.999057936881771
752_O-123	81.25	81.0	4.97169649114726	0.9079339248637187	0.9995280792826805
753_O-123	83.0	80.0	4.948562948422838	0.9082864448651131	0.9990574929311969
754_O-123	80.5	79.0	4.966235759039253	0.9090870680549268	0.999290780141844
755_O-123	81.5	80.0	4.977531212785164	0.9094000214661372	0.9992916174734356
756_O-123	83.5	81.0	4.951172262982278	0.9080207761149454	0.998823252530007
757_O-123	83.5	81.0	4.971385338017531	0.9085425555825005	0.9988224211022139
758_O-123	82.5	81.0	4.981231664876022	0.9097230121878931	0.9990638895389656
759_O-123	81.0	80.0	4.969015398502923	0.9087400867333828	0.999296435272045
75_O-123	83.0	80.0	4.974034317138756	0.9093286035688777	0.9990552668871044
760_O-123	81.5	80.0	4.977888391662681	0.9098605381386191	0.9992956092979572
761_O-123	83.0	81.0	4.939715403436271	0.9071145302459136	0.9990623534927332
762_O-123	85.0	80.0	4.967174590457844	0.9090182341240542	0.9988243592758053
763_O-123	80.5	79.0	4.948950682930998	0.9076486523717552	0.999291951852726
764_O-123	79.5	78.0	4.965073982768956	0.9090405741827399	0.9992929530992223
765_O-123	79.33333333333333	79.0	4.970870661725524	0.9101026976465185	0.999527074958619
766_O-123	79.2	79.0	4.9580794125962395	0.9085977298899092	0.9995279679018173
767_O-123	79.33333333333333	79.0	4.963546011929608	0.9080037746947697	0.9995277449822905
768_O-123	82.0	81.0	4.966202230721687	0.9088796593262469	0.9992921189240208
769_O-123	83.0	81.0	4.962857380144731	0.908347667039332	0.999061473486626
76_O-123	84.0	81.0	4.961388212627448	0.9087510958226525	0.9990594874206442
770_O-123	81.6	81.0	4.938660360703273	0.9070345733661652	0.9992922859164898
771_O-123	80.33333333333333	80.0	4.960591165756892	0.9075294322233619	0.9995296331138288
772_O-123	84.0	79.0	4.937409429479264	0.9074504054163508	0.9988190836088805
773_O-123	82.5	81.0	4.968593120494436	0.9086033554902834	0.9990592662276576
774_O-123	79.25	79.0	4.9593198455921	0.9071427883503044	0.9995267392333176
775_O-123	80.2	80.0	4.975084868859305	0.9086204462986713	0.9995329285380663
776_O-123	79.5	78.0	4.966369190021664	0.9091061076946814	0.9992957746478873
777_O-123	78.5	78.0	4.965028097431121	0.9087187519556648	0.9995280792826805
778_O-123	79.5	79.0	4.974409608161805	0.9086977826968737	0.9995300751879699
779_O-123	84.0	81.0	4.961455036547548	0.9071204141016685	0.9990612532269421
77_O-123	82.0	81.0	4.974033102845984	0.9082188222755605	0.9992952783650458
780_O-123	81.5	80.0	4.956565305220419	0.9082324117555337	0.9992969299273494
781_O-123	81.5	80.0	4.962863733970762	0.9081769450811208	0.999291951852726
782_O-123	82.5	81.0	4.950645357961906	0.9079440135069453	0.9990616936429745
783_O-123	81.6	81.0	4.971577204722394	0.9088084273804202	0.9992942836979535
784_O-123	81.0	80.0	4.970460385273713	0.9090192830487371	0.9992947813822285
785_O-123	81.0	80.0	4.974949655777154	0.9092376956316877	0.9992972593113141
786_O-123	83.0	81.0	4.95537968621051	0.9071413000734354	0.9990594874206442
787_O-123	81.2	81.0	4.9574875200756985	0.9077085674740484	0.9995294117647059
788_O-123	81.75	81.0	4.984952184704084	0.9080635338449782	0.9992917847025495
789_O-123	83.0	80.0	4.963433666904612	0.9083079634498006	0.9990627928772259
78_O-123	80.33333333333333	80.0	4.97122691745559	0.9086232659483472	0.9995309568480301
790_O-123	83.0	80.0	4.960259357765946	0.9080864240204207	0.9990645463049579
791_O-123	80.5	79.0	4.96457571122292	0.9078178712371062	0.9992885937870524
792_O-123	81.0	80.0	4.96247814037988	0.907241013606768	0.999291951852726
793_O-123	84.0	81.0	4.947551348923605	0.9080610011091801	0.9990552668871044
794_O-123	81.0	80.0	4.963378667506569	0.9088157722917135	0.9992931196983977
795_O-123	80.5	79.0	4.953977658169252	0.9078499709109987	0.9992954438703616
796_O-123	80.5	79.0	4.9567465514607765	0.9082128354427921	0.9992932862190813
797_O-123	81.6	81.0	4.954184465101984	0.9072295404429681	0.9992926196651734
798_O-123	83.0	80.0	4.97373075067776	0.9078469473320806	0.9990616936429745
799_O-123	81.5	80.0	4.997087488897093	0.9101282314097578	0.9992939515180043
79_O-123	81.0	78.0	4.963087059230294	0.9089837570543964	0.9992901088499764
7_O-123	96.0	81.0	4.948178047618091	0.9078774609365374	0.9985928705440901
800_O-123	83.33333333333333	80.0	4.934194880246995	0.9071355243253134	0.9988204765274828
801_O-123	79.33333333333333	79.0	4.9641383580639555	0.9077858802406809	0.9995302959135745
802_O-123	80.5	79.0	4.963314774867926	0.9088311571930332	0.9992917847025495
803_O-123	83.0	81.0	4.9527220112988255	0.9074299067585542	0.9990605918271489
804_O-123	81.6	81.0	4.9574488027476376	0.908586702827757	0.9992961051149695
805_O-123	85.0	79.0	4.966532470979979	0.9087434889234626	0.9990568262202311
806_O-123	82.0	80.0	4.969383707784216	0.9089324867119783	0.9990608123972764
807_O-123	81.2	81.0	4.961610763863248	0.9087175929644883	0.9995297437103221
808_O-123	81.16666666666667	81.0	4.976277317925936	0.9089114391633752	0.9995296331138288
809_O-123	83.0	81.0	4.9567737411086865	0.9076221711300564	0.9990594874206442
80_O-123	79.0	79.0	4.944397274972365	0.9067261648010212	0.9997659176029963
810_O-123	79.25	79.0	4.9834191210329974	0.9088545851958403	0.9995285242809995
811_O-123	80.5	79.0	4.96068969631129	0.9073709229135403	0.9992917847025495
812_O-123	80.0	79.0	4.955303494305419	0.9080929859039332	0.9992926196651734
813_O-123	78.33333333333333	78.0	4.949431123647856	0.9081318728618595	0.9995289684408856
814_O-123	83.0	80.0	4.98164284516574	0.9100278840138196	0.9990541499172381
815_O-123	79.5	79.0	4.962828426208269	0.9090400578448793	0.9995291902071564
816_O-123	80.75	80.0	4.963265842647486	0.9077737394313911	0.9992947813822285
817_O-123	80.75	80.0	4.958014924425947	0.9091061887148614	0.9992894362861203
818_O-123	79.5	78.0	4.978947043706398	0.9099981454993878	0.9992947813822285
819_O-123	81.5	80.0	4.9756456018369954	0.9089589437884299	0.9992921189240208
81_O-123	81.0	80.0	4.9770414587642895	0.9092120909930159	0.9992939515180043
820_O-123	80.75	80.0	4.96607274352204	0.9089932523390243	0.9992951127819549
821_O-123	82.5	81.0	4.9715999372035755	0.908925643049448	0.9990623534927332
822_O-123	90.0	80.0	4.9625509603874125	0.9083441716972033	0.9988226983753238
823_O-123	79.33333333333333	79.0	4.94835400440055	0.9074438101132306	0.9995295224653022
824_O-123	81.5	80.0	4.973463861788322	0.909568988422946	0.9992912827781715
825_O-123	85.0	79.0	4.969717451211617	0.9095716558030661	0.9990519080350794
826_O-123	81.5	80.0	4.9664375461620915	0.908379163220727	0.9992931196983977
827_O-123	81.5	80.0	4.960580855641017	0.9082205391761901	0.9992914501653283
828_O-123	80.75	80.0	4.966415310632455	0.9081130902285093	0.9992922859164898
829_O-123	82.5	81.0	4.960026113657992	0.9080656082732006	0.9990550437042287
82_O-123	83.0	80.0	4.986167459539467	0.909420332803146	0.9990563812219864
830_O-123	86.0	80.0	4.979987350200322	0.9092998899004633	0.9990543735224586
831_O-123	82.0	81.0	4.976599594702096	0.9093587030791951	0.9992957746478873
832_O-123	81.75	81.0	4.952342204577203	0.9076198458715191	0.9992949471210341
833_O-123	82.0	79.0	4.981853346005347	0.9098582153126752	0.9992931196983977
834_O-123	79.5	79.0	4.968440815358367	0.9082068844462787	0.9995293010120028
835_O-123	80.5	79.0	4.949884403083062	0.907511948512835	0.9992932862190813
836_O-123	81.0	80.0	4.961323576781818	0.9081344989566442	0.999291951852726
837_O-123	83.0	80.0	4.980074266544244	0.9093840715536574	0.999057270798963
838_O-123	80.33333333333333	80.0	4.961657387680344	0.9086032038239745	0.9995286353994814
839_O-123	81.0	80.0	4.952442168765443	0.9070610216480015	0.9992892679459844
83_O-123	84.0	81.0	4.955773689360974	0.9082421056808088	0.9990590449306046
840_O-123	83.0	81.0	4.962043837149651	0.9085405232647843	0.9990610328638497
841_O-123	79.5	78.0	4.952385416702143	0.9080805778956292	0.999291951852726
842_O-123	80.6	80.0	4.95844236078612	0.9085784677492814	0.9992936190251942
843_O-123	82.0	81.0	4.980470703588819	0.9083203824633984	0.9992932862190813
844_O-123	80.2	80.0	4.974598522443187	0.9092544395858109	0.9995284131101155
845_O-123	78.5	78.0	4.941354192251182	0.9074724834679875	0.999529964747356
846_O-123	82.0	81.0	4.982331744917763	0.9085456617727161	0.9992934526613283
847_O-123	84.0	81.0	4.941303128742444	0.9071774734250849	0.9990541499172381
848_O-123	82.0	80.0	4.962220576231254	0.9077476023360332	0.9990605918271489
849_O-123	81.0	80.0	4.960932689761304	0.9073662582989619	0.9992916174734356
84_O-123	81.75	81.0	4.952648067742961	0.9071950534513861	0.9992884250474383
850_O-123	84.0	81.0	4.967233002290391	0.9088174762479142	0.999059708509638
851_O-123	81.0	80.0	4.963671248696915	0.9085978233319629	0.9992961051149695
852_O-123	81.2	80.0	4.962585743044131	0.9076210028493883	0.999059708509638
853_O-123	83.0	80.0	4.989022645888525	0.9099652539511377	0.9990570485619991
854_O-123	83.0	81.0	4.9618721931646546	0.9083056073225085	0.9990594874206442
855_O-123	83.0	81.0	4.97435143120326	0.9088097010586877	0.9990623534927332
856_O-123	83.0	81.0	4.9658454306051345	0.9089077756037344	0.9990599294947121
857_O-123	81.5	81.0	4.973178362237847	0.9099819509200044	0.9992954438703616
858_O-123	78.5	78.0	4.964588674140811	0.9090271527188163	0.9995284131101155
859_O-123	80.2	80.0	4.935835665752787	0.9065944359178398	0.9995290793501295
85_O-123	83.0	81.0	4.943665396056646	0.9077422782905573	0.9990586020240056
860_O-123	83.0	81.0	4.962804148803316	0.9084757408509516	0.9990599294947121
861_O-123	79.5	78.0	4.96528071728962	0.9091822263879782	0.9992936190251942
862_O-123	80.5	79.0	4.966390012824179	0.9088425815707455	0.9992927864214993
863_O-123	82.0	79.0	4.966103900621998	0.9079612922519471	0.9992936190251942
864_O-123	81.6	81.0	4.959719941768364	0.9078109896193771	0.9992941176470588
865_O-123	79.33333333333333	79.0	4.981711686753076	0.9090393868926893	0.9995293010120028
866_O-123	82.5	81.0	4.9652940438765265	0.9091531227065446	0.999057714958775
867_O-123	90.0	80.0	4.950398225958586	0.907011706275356	0.9988218661639963
868_O-123	82.0	80.0	4.957039402079843	0.9080532609767429	0.9990574929311969
869_O-123	81.5	80.0	4.986940166494694	0.9094372418706961	0.9992949471210341
86_O-123	80.75	80.0	4.9673843492058865	0.9087663595153683	0.9992931196983977
870_O-123	81.6	81.0	4.975402307686403	0.9089634400613308	0.9992952783650458
871_O-123	86.0	81.0	4.961793761675278	0.9079427878618153	0.998823252530007
872_O-123	82.0	80.0	4.954527766354145	0.9078618131487889	0.9990588235294118
873_O-123	79.33333333333333	79.0	4.959965392308308	0.9085155878344662	0.9995301855766971
874_O-123	78.33333333333333	78.0	4.956415340398925	0.9086484938054775	0.999530626613471
875_O-123	78.5	78.0	4.981979062563049	0.9083166032667149	0.9995284131101155
876_O-123	79.33333333333333	79.0	4.936959622714545	0.9069027735264938	0.9995285242809995
877_O-123	80.25	80.0	4.9524022826058305	0.9084703915164791	0.9995279679018173
878_O-123	80.75	80.0	4.964117590424044	0.9085014276585113	0.9992946155654832
879_O-123	83.0	80.0	4.969664311903294	0.9081538185886154	0.9992952783650458
87_O-123	82.5	81.0	4.957086639014276	0.9078495224913494	0.9990588235294118
880_O-123	82.0	79.0	4.956244994137642	0.9085380207612457	0.9992941176470588
881_O-123	83.5	81.0	4.954291994202379	0.9079523162060842	0.9988188046302858
882_O-123	86.0	80.0	4.949914799117066	0.9075475001876065	0.999054820415879
883_O-123	82.2	81.0	4.966170343385835	0.9094963414853059	0.9990599294947121
884_O-123	86.0	81.0	4.997042973811405	0.9095066033218575	0.9988196411709159
885_O-123	78.5	78.0	4.964795197496078	0.9084160044731189	0.9995300751879699
886_O-123	81.5	80.0	4.950921533244237	0.9081720789270538	0.9992954438703616
887_O-123	80.16666666666667	80.0	4.972308228178012	0.9082391174678148	0.9995295224653022
888_O-123	81.5	80.0	4.972858330872378	0.909208084700471	0.9992959399202065
889_O-123	86.0	80.0	4.972820567375127	0.9085573849985673	0.9990610328638497
88_O-123	82.5	81.0	4.9541961260690295	0.9073638877811203	0.999061473486626
890_O-123	81.5	80.0	4.98435356501716	0.9098621016917745	0.9992929530992223
891_O-123	90.0	80.0	4.965258665147064	0.907925415697763	0.9988213107024988
892_O-123	80.5	79.0	4.953320427633787	0.9074310073848968	0.9992884250474383
893_O-123	84.0	81.0	4.961575996973254	0.907519865705364	0.9990559358036346
894_O-123	83.0	81.0	4.946638538493887	0.9076320675318429	0.9990590449306046
895_O-123	81.0	78.0	4.951694260246777	0.9077090763786272	0.9992967651195499
896_O-123	80.5	79.0	4.980099031870957	0.9096648017788542	0.9992929530992223
897_O-123	81.0	80.0	4.961806974250706	0.9072212857415927	0.9992939515180043
898_O-123	84.33333333333333	81.0	4.965002509575406	0.9088540364093901	0.9988271170537181
899_O-123	90.0	80.0	4.986715833029901	0.9095674359143908	0.9988262910798122
89_O-123	80.5	79.0	4.966034591227333	0.9080687449367096	0.9992926196651734
8_O-123	81.5	81.0	4.955379614401343	0.9078021166952368	0.9992944496707432
900_O-123	80.0	79.0	4.953129375947155	0.9069484135056555	0.9995287464655985
901_O-123	80.33333333333333	80.0	4.947391100735965	0.9076956796508101	0.9995285242809995
902_O-123	81.5	80.0	4.957853081646123	0.9087609479961846	0.9992942836979535
903_O-123	82.0	81.0	4.974061622186142	0.9085101176470588	0.9992941176470588
904_O-123	79.2	79.0	4.958080949187787	0.9095422955781614	0.999529964747356
905_O-123	80.33333333333333	80.0	4.95935898490186	0.907496493022372	0.9995271867612293
906_O-123	81.5	80.0	4.943177548156059	0.9081162000748673	0.9992946155654832
907_O-123	80.25	80.0	4.967443062065727	0.9092256395375957	0.9995284131101155
908_O-123	84.33333333333333	81.0	4.940885538743507	0.9078913965328179	0.9988279418659165
909_O-123	83.0	80.0	4.950906026011623	0.9077852902883213	0.9990537023894015
90_O-123	80.2	80.0	4.949678524198201	0.9074756555554169	0.9995288574793875
910_O-123	83.0	81.0	4.977228203795958	0.9087901300394398	0.9990559358036346
911_O-123	80.75	80.0	4.964053628287414	0.9086031055318303	0.9992952783650458
912_O-123	82.0	81.0	4.984080964603949	0.9102412862232708	0.9992947813822285
913_O-123	85.0	79.0	4.951923485664407	0.9082586127091186	0.9990610328638497
914_O-123	86.0	81.0	4.974009335332849	0.9084147579871198	0.9988238061632557
915_O-123	83.0	80.0	4.952526187616836	0.9086108358648171	0.99906191369606
916_O-123	79.5	78.0	4.962092507714923	0.9076208685371576	0.9992970946579194
917_O-123	86.0	80.0	4.97130325312312	0.9086429292661913	0.9990492037081056
918_O-123	81.5	80.0	4.962940237538978	0.9084060784667064	0.9992969299273494
919_O-123	84.0	78.0	4.9648856026539185	0.9087952101695524	0.9990599294947121
91_O-123	81.0	80.0	4.982548088037714	0.9095476299879591	0.9992934526613283
920_O-123	81.0	80.0	4.982561257872225	0.9093713536932269	0.9992934526613283
921_O-123	81.25	81.0	4.9773202601680335	0.9086705426873404	0.9995315062075427
922_O-123	82.2	81.0	4.967709569568005	0.9079128426805162	0.9990552668871044
923_O-123	82.5	81.0	4.966149861459225	0.9080951281889365	0.999058158700259
924_O-123	79.25	79.0	4.974067179294753	0.9094339212389971	0.9995289684408856
925_O-123	81.6	81.0	4.956115281074743	0.9078523883775128	0.999290780141844
926_O-123	83.0	80.0	4.943003227146173	0.9078285148675493	0.9990590449306046
927_O-123	80.5	79.0	4.954076465014703	0.9089606794223436	0.9992931196983977
928_O-123	79.75	79.0	4.968326552303949	0.9088418573297273	0.9992917847025495
929_O-123	83.0	81.0	4.967530348593043	0.9078630425100647	0.9990636704119851
92_O-123	81.0	80.0	4.967210304877691	0.9084670237078265	0.9992927864214993
930_O-123	81.2	80.0	4.950521373926632	0.9086870967256624	0.9990592662276576
931_O-123	81.0	80.0	4.958158793886073	0.9083084844290658	0.9992941176470588
932_O-123	85.0	80.0	4.941285562394258	0.9081562130177515	0.9988165680473373
933_O-123	87.0	81.0	4.947400426028151	0.9077786006430967	0.9990590449306046
934_O-123	80.75	80.0	4.954472868134136	0.9083929061127368	0.9992929530992223
935_O-123	79.5	79.0	4.949687393630883	0.9078270334753968	0.9995310668229778
936_O-123	82.2	81.0	4.939770079660659	0.9073131851701759	0.9990603711533944
937_O-123	81.0	80.0	4.937947412796199	0.9067167008309639	0.9992957746478873
938_O-123	82.0	81.0	4.961457792911095	0.9071130413112584	0.9992922859164898
939_O-123	85.0	79.0	4.957610585383945	0.9078249411764706	0.9990588235294118
93_O-123	83.0	80.0	4.971130892056315	0.908828964796831	0.9990541499172381
940_O-123	80.5	79.0	4.971834935834046	0.907767162350499	0.9992917847025495
941_O-123	83.0	81.0	4.956422642844422	0.9076776995941412	0.99906191369606
942_O-123	82.0	79.0	4.936201519055069	0.9065500755434838	0.9990563812219864
943_O-123	83.0	81.0	4.964837300914617	0.9094329263246062	0.9990550437042287
944_O-123	80.0	79.0	4.942257279861914	0.9079961479919878	0.9992979171542242
945_O-123	81.0	80.0	4.962791851284935	0.9090048527988785	0.9992927864214993
946_O-123	79.33333333333333	79.0	4.953093902284111	0.9076042642666762	0.9995289684408856
947_O-123	83.0	81.0	4.958749247320268	0.908089750755845	0.9990554899645808
948_O-123	83.0	81.0	4.97692164586705	0.9087808161267356	0.9990566037735849
949_O-123	80.5	79.0	4.966871136916144	0.9086705109261048	0.9992956092979572
94_O-123	83.0	80.0	4.971468303321254	0.9085432233033497	0.9990594874206442
950_O-123	80.25	80.0	4.9697035655942585	0.9080060052631392	0.9995291902071564
951_O-123	80.75	80.0	4.957616992654004	0.9079239522425685	0.9992899408284024
952_O-123	82.5	81.0	4.972118804894597	0.9087075083435416	0.9990574929311969
953_O-123	82.0	80.0	4.975859754282808	0.9095063841685928	0.999057270798963
954_O-123	80.0	79.0	4.960925312328221	0.9079639466066275	0.9992939515180043
955_O-123	83.0	80.0	4.968464654069403	0.9079346220860482	0.9990528060620412
956_O-123	82.0	79.0	4.951102483801528	0.9080349991100036	0.9992924528301886
957_O-123	81.5	80.0	4.95997543831954	0.9082315156094725	0.9990563812219864
958_O-123	80.0	79.0	4.979855027035213	0.9095721571422998	0.9992937853107344
959_O-123	86.0	80.0	4.964921590238843	0.9084000313282931	0.9990592662276576
95_O-123	80.75	80.0	4.978853575976987	0.9086591011758121	0.9992946155654832
960_O-123	80.33333333333333	80.0	4.975589048840235	0.9097025708985937	0.9995320542817033
961_O-123	81.0	80.0	4.990158869256222	0.909733568792147	0.9992969299273494
962_O-123	81.0	80.0	4.949065737715614	0.9072574917542462	0.9992911153119093
963_O-123	86.0	80.0	4.96458970919556	0.9083964514286483	0.9990605918271489
964_O-123	80.5	80.0	4.942823662257253	0.9079515872762545	0.9995291902071564
965_O-123	79.75	79.0	4.9460797309148425	0.9083761890950335	0.9992962702322308
966_O-123	81.6	81.0	4.96348490128087	0.9078810840876768	0.9992939515180043
967_O-123	82.0	80.0	4.964684796576759	0.9085802951860134	0.9990621336459554
968_O-123	81.5	80.0	4.934216345217937	0.907263824446233	0.9990608123972764
969_O-123	84.0	81.0	4.966292532437782	0.9083694674923348	0.9990603711533944
96_O-123	78.5	78.0	4.959558271569223	0.9088673384357471	0.9995269631031221
970_O-123	80.0	79.0	4.949504428639942	0.907598429550338	0.9992922859164898
971_O-123	80.2	80.0	4.975017267317007	0.9091524590548756	0.999529964747356
972_O-123	82.5	81.0	4.974633441679082	0.9083538403346387	0.9990566037735849
973_O-123	78.0	78.0	4.954857849344787	0.9080252668716436	0.9997642065550578
974_O-123	81.0	80.0	4.960922011261362	0.9080518399758551	0.9992954438703616
975_O-123	81.5	80.0	4.9869885198871655	0.9098821999411932	0.9992931196983977
976_O-123	79.75	79.0	4.9348687858315845	0.9078210336498931	0.9992922859164898
977_O-123	83.0	80.0	4.955927172036141	0.908046319525825	0.9990594874206442
978_O-123	86.0	81.0	4.957947252447484	0.9084147219551582	0.9988221436984688
979_O-123	83.0	80.0	4.962805518304723	0.9079059437484139	0.9990603711533944
97_O-123	79.33333333333333	79.0	4.962470049009018	0.9090562440208537	0.9995296331138288
980_O-123	81.0	80.0	4.977529542538614	0.9089071727474651	0.9992917847025495
981_O-123	81.75	81.0	4.970414473090404	0.9096635813456746	0.9992924528301886
982_O-123	82.0	80.0	4.974924258351477	0.9087135786907982	0.9990603711533944
983_O-123	84.0	81.0	4.984383820938845	0.9088926400421518	0.9990554899645808
984_O-123	79.2	79.0	4.9495603833012085	0.9073794093846572	0.999529854254819
985_O-123	79.5	79.0	4.956131642248852	0.909128509040058	0.9995268511947007
986_O-123	86.0	81.0	4.971863335939064	0.9088990678403578	0.9988282165455824
987_O-123	83.0	80.0	4.9589978426514225	0.9082802939831326	0.9990605918271489
988_O-123	81.0	80.0	4.964290503845746	0.9083535045184553	0.9992909477664854
989_O-123	86.0	81.0	4.957927812639335	0.9072032036299483	0.9988238061632557
98_O-123	80.2	80.0	4.941560123311651	0.9073159524397865	0.9995290793501295
990_O-123	87.0	81.0	4.96855872482403	0.9082346935889382	0.999056158565361
991_O-123	87.0	81.0	4.976413875649982	0.9089489273356401	0.9990588235294118
992_O-123	81.0	80.0	4.973724395075159	0.9089020498261632	0.9992951127819549
993_O-123	82.0	80.0	4.9678955326917285	0.9095022461677691	0.9990590449306046
994_O-123	81.0	80.0	4.963471906397197	0.9084794800403624	0.9992992291520673
995_O-123	80.75	80.0	4.965488776123695	0.9077029040548024	0.9992927864214993
996_O-123	83.0	80.0	4.947372956491691	0.9085977614137688	0.999058158700259
997_O-123	81.0	80.0	4.962702073399291	0.9086334252736835	0.9992967651195499
998_O-123	84.0	81.0	4.965676795580331	0.9088945215114852	0.999057714958775
999_O-123	81.0	80.0	4.970523504246374	0.9088174520587455	0.9992992291520673
99_O-123	82.2	81.0	4.952746959590907	0.906907514068219	0.9990525817148271
9_O-123	81.33333333333333	81.0	4.9870392753556105	0.909604923610186	0.9995308468214872
