	chao1	observed_otus	shannon	simpson	goods_coverage
1000_H-120	23.333333333333332	23.0	3.6346085476074257	0.8787588059537842	0.9842931937172775
100_H-120	25.666666666666668	24.0	3.769963590320594	0.8976540996439484	0.9748743718592965
101_H-120	23.5	22.0	3.447291586702657	0.8454239363330273	0.9797979797979798
102_H-120	23.0	21.0	3.5423910027969945	0.8680803152561456	0.9817351598173516
103_H-120	32.0	28.0	3.6702403232305274	0.8718222222222223	0.9644444444444444
104_H-120	16.333333333333332	16.0	3.2515250219498815	0.8408018530698619	0.9893048128342246
105_H-120	42.0	24.0	3.528739273678598	0.8546676696838069	0.9556650246305418
106_H-120	23.666666666666668	23.0	3.5866364360638827	0.8800790638125828	0.981042654028436
107_H-120	22.428571428571427	22.0	3.579996329784712	0.8589088954582103	0.9836065573770492
108_H-120	21.0	21.0	3.628430656635737	0.8847056422813998	0.9949494949494949
109_H-120	25.0	22.0	3.3862833709025075	0.8453538779452394	0.9715639810426541
10_H-120	25.666666666666668	24.0	3.4121874428154917	0.8312283717957195	0.9765258215962441
110_H-120	25.333333333333332	22.0	3.6835204117545524	0.8916666666666666	0.9722222222222222
111_H-120	25.0	22.0	3.6005305342559106	0.8816954565248948	0.963855421686747
112_H-120	22.375	22.0	3.5181920945095997	0.8586456278763972	0.9846153846153847
113_H-120	19.75	19.0	3.3418783795338114	0.8516710069444444	0.984375
114_H-120	23.666666666666668	22.0	3.355468895875774	0.8475378787878788	0.9810606060606061
115_H-120	24.75	21.0	3.311846007208824	0.8424922235837496	0.970873786407767
116_H-120	24.5	22.0	3.4520816197242565	0.8500923782624392	0.9769585253456221
117_H-120	24.333333333333332	24.0	3.5785146390258586	0.8634937751200863	0.9851485148514851
118_H-120	30.5	23.0	3.547358610065098	0.8609693001533848	0.9712918660287081
119_H-120	25.75	22.0	3.640990208306389	0.8928336620644313	0.9692307692307692
11_H-120	26.5	24.0	3.826117254457307	0.9014773940904236	0.9764150943396226
120_H-120	21.5	20.0	3.4917730614592433	0.8754071112508703	0.981042654028436
121_H-120	26.5	24.0	3.6515742488971306	0.8791189732917101	0.967741935483871
122_H-120	21.428571428571427	21.0	3.5773037917929997	0.8791437490709083	0.9861751152073732
123_H-120	26.0	23.0	3.490907138267301	0.8617283471443264	0.973568281938326
124_H-120	24.333333333333332	21.0	3.589659077916317	0.8778859212313264	0.973404255319149
125_H-120	27.75	24.0	3.697820906128441	0.8842873086734694	0.9732142857142857
126_H-120	27.25	22.0	3.492678286279376	0.8644914443617813	0.9639175257731959
127_H-120	34.2	27.0	3.719010119187283	0.8789313852492089	0.9585253456221198
128_H-120	28.25	23.0	3.4746183748615778	0.8642641629654617	0.9696969696969697
129_H-120	30.0	20.0	3.493788660593512	0.8658708871644725	0.9773755656108597
12_H-120	18.0	18.0	3.258862254113906	0.8325536496621371	0.9950248756218906
130_H-120	23.857142857142858	23.0	3.6303422121650892	0.8740270443515155	0.9779005524861879
131_H-120	22.666666666666668	22.0	3.379797538484985	0.8406313104474439	0.979381443298969
132_H-120	24.0	22.0	3.5091063481729785	0.8741267570069859	0.9770642201834863
133_H-120	22.166666666666668	22.0	3.5319682926578846	0.8650749084701601	0.990521327014218
134_H-120	18.2	18.0	3.4551276032138962	0.8704077767958591	0.9887640449438202
135_H-120	23.5	21.0	3.38483096367619	0.8398560787779321	0.9719101123595506
136_H-120	20.25	20.0	3.507696542876373	0.8644840769275554	0.9911894273127754
137_H-120	28.75	25.0	3.610413316132493	0.8673041092524723	0.9728506787330317
138_H-120	22.333333333333332	22.0	3.489342186023983	0.8587661927729098	0.9849246231155779
139_H-120	24.857142857142858	24.0	3.732645097585611	0.8900669642857143	0.9821428571428571
13_H-120	26.11111111111111	25.0	3.5070033709397093	0.8464655779077386	0.9753694581280788
140_H-120	23.428571428571427	23.0	3.638164069940165	0.86950947773267	0.9834254143646409
141_H-120	19.166666666666668	19.0	3.428319725282722	0.8645334677080709	0.9894179894179894
142_H-120	27.25	26.0	3.880203835497828	0.9010745593364125	0.9757281553398058
143_H-120	24.5	22.0	3.615086901970583	0.8778393351800554	0.9736842105263158
144_H-120	20.0	18.0	3.393336128997805	0.8669217687074829	0.9761904761904762
145_H-120	24.75	24.0	3.724571683955783	0.8954234637914538	0.9806763285024155
146_H-120	20.0	19.0	3.456119190015631	0.8681220158045079	0.9863013698630136
147_H-120	33.2	26.0	3.8427177521430775	0.9024472687939427	0.9476744186046512
148_H-120	22.166666666666668	22.0	3.554885698551432	0.86545	0.99
149_H-120	22.428571428571427	22.0	3.6235516469676456	0.8819988102320048	0.9853658536585366
14_H-120	25.75	25.0	3.664449247018921	0.8711241156432876	0.9813084112149533
150_H-120	17.25	17.0	3.3877339020230592	0.8631194526627219	0.9903846153846154
151_H-120	15.0	14.0	3.240648317605101	0.8551682692307692	0.9903846153846154
152_H-120	27.428571428571427	26.0	3.712403275996419	0.8760672993477227	0.9735449735449735
153_H-120	31.0	24.0	3.614457147313248	0.8751927437641723	0.9619047619047619
154_H-120	24.75	21.0	3.4908497722322958	0.8718121370255029	0.9724770642201834
155_H-120	33.0	21.0	3.424464614833095	0.8696853741496599	0.9464285714285714
156_H-120	20.142857142857142	20.0	3.4252289122726247	0.8512815948736205	0.9905660377358491
157_H-120	32.5	28.0	3.863661116135216	0.9023941936091997	0.9563106796116505
158_H-120	20.2	19.0	3.3948815747051757	0.8652306759930305	0.9798994974874372
159_H-120	31.2	27.0	3.573532643013759	0.8541379706152433	0.9734848484848485
15_H-120	21.0	19.0	3.1841171052258734	0.8209382716049383	0.9822222222222222
160_H-120	29.5	22.0	3.6692229843404762	0.8940904236383055	0.9716981132075472
161_H-120	20.125	20.0	3.5401762227006954	0.8887042070034366	0.990521327014218
162_H-120	28.0	23.0	3.669202466840585	0.8847581838918683	0.9704433497536946
163_H-120	35.142857142857146	30.0	3.889906704651046	0.888888888888889	0.9577464788732395
164_H-120	27.25	22.0	3.5446354910189903	0.8754016620498615	0.9631578947368421
165_H-120	21.0	19.0	3.444988395302881	0.8681980959035724	0.9813084112149533
166_H-120	25.5	23.0	3.3713176884586553	0.8251371538105625	0.9796747967479675
167_H-120	26.5	24.0	3.5936626069757045	0.8718521905536081	0.9753086419753086
168_H-120	27.0	25.0	3.7222570336241705	0.882456624689418	0.9769585253456221
169_H-120	23.75	23.0	3.4625064665560203	0.8466077456260146	0.9796954314720813
16_H-120	31.0	24.0	3.662400500415889	0.8868518518518519	0.9555555555555556
170_H-120	29.5	22.0	3.488684197429825	0.8599213518971198	0.9690721649484536
171_H-120	21.428571428571427	21.0	3.5323822740938717	0.8727931190583975	0.9840425531914894
172_H-120	20.0	19.0	3.4766650492040645	0.8719	0.985
173_H-120	25.0	22.0	3.304027310470013	0.8196901375881605	0.967741935483871
174_H-120	21.428571428571427	21.0	3.4375166352317796	0.8566543650048999	0.9863013698630136
175_H-120	18.5	18.0	3.428158329792464	0.8662454911282084	0.9908675799086758
176_H-120	22.857142857142858	22.0	3.422920201957451	0.8442647599318387	0.976878612716763
177_H-120	26.5	24.0	3.666886965095536	0.884748469523556	0.9728506787330317
178_H-120	20.0	19.0	3.390893114887461	0.8469990548204159	0.9836956521739131
179_H-120	23.75	23.0	3.604239108129897	0.8771565060270785	0.9800995024875622
17_H-120	33.2	26.0	3.791677537796601	0.8979975743174674	0.9552238805970149
180_H-120	24.25	23.0	3.4472864608871125	0.8571708656014116	0.9752475247524752
181_H-120	23.6	23.0	3.6272392587475775	0.8726736111111111	0.9875
182_H-120	27.142857142857142	25.0	3.5618772589276624	0.8650512546616442	0.974025974025974
183_H-120	24.142857142857142	22.0	3.298457907516622	0.8406424747174301	0.9707317073170731
184_H-120	25.0	20.0	3.4824935309826226	0.8726170938012877	0.9662921348314607
185_H-120	34.5	27.0	3.4346035075486974	0.8356913249114473	0.9547511312217195
186_H-120	26.75	23.0	3.6628047639923333	0.8836397952472189	0.9679144385026738
187_H-120	30.6	25.0	3.475738291217258	0.8442225897920604	0.9565217391304348
188_H-120	26.75	23.0	3.5610577791232445	0.8770392013635258	0.972972972972973
189_H-120	25.75	22.0	3.3109270233331185	0.8229863176680547	0.9707317073170731
18_H-120	28.25	23.0	3.5810071768383764	0.8735507587897069	0.9660194174757282
190_H-120	24.0	22.0	3.634741544375961	0.8845325610752209	0.9751243781094527
191_H-120	28.5	25.0	3.633110922875134	0.880562477750089	0.9669811320754716
192_H-120	25.25	24.0	3.728207017419966	0.8908690378951016	0.9751243781094527
193_H-120	26.75	23.0	3.4217195870590262	0.8357882986726201	0.9704433497536946
194_H-120	28.0	25.0	3.448244889656398	0.8433212692534298	0.9724770642201834
195_H-120	22.5	22.0	3.5552643478691146	0.8719012159487228	0.9854368932038835
196_H-120	26.0	21.0	3.481254574840083	0.8605353926925308	0.9668508287292817
197_H-120	31.0	24.0	3.46719665172414	0.852318339100346	0.9725490196078431
198_H-120	24.125	24.0	3.738087133292854	0.8828512396694215	0.990909090909091
199_H-120	31.2	24.0	3.3720595613661373	0.840702479338843	0.9590909090909091
19_H-120	23.6	23.0	3.650755128209744	0.8766289437585734	0.9861111111111112
1_H-120	30.0	23.0	3.605416719077622	0.8754398311048557	0.9655172413793104
200_H-120	20.5	20.0	3.3997447297521157	0.8579591836734695	0.9857142857142858
201_H-120	27.5	24.0	3.5412484716326107	0.8702612318741263	0.9633507853403142
202_H-120	19.0	18.0	3.474070059347242	0.8768929150892374	0.9825581395348837
203_H-120	21.0	21.0	3.563469904304422	0.865057074389961	0.9949238578680203
204_H-120	24.0	23.0	3.4478610501766305	0.8423782578875172	0.9814814814814815
205_H-120	25.428571428571427	24.0	3.5217378873042144	0.8633196298471453	0.9800796812749004
206_H-120	21.2	21.0	3.2895262763338686	0.8216580749947038	0.9915966386554622
207_H-120	21.2	21.0	3.6257414216379558	0.8851554256959662	0.990990990990991
208_H-120	23.5	22.0	3.5737144414803215	0.8713855632570189	0.9806763285024155
209_H-120	22.0	20.0	3.4551441566927243	0.859504132231405	0.9826839826839827
20_H-120	21.0	20.0	3.3013289139611537	0.8355879292403746	0.978494623655914
210_H-120	34.5	27.0	3.6413534247726203	0.8723415798611112	0.9479166666666666
211_H-120	30.1	28.0	3.6260957424022315	0.8608256751593637	0.968609865470852
212_H-120	23.75	23.0	3.496900698705519	0.8548532556881135	0.9796954314720813
213_H-120	19.2	19.0	3.5320728496719287	0.8800772258112423	0.9900497512437811
214_H-120	23.5	22.0	3.7806478325570145	0.9018093611544269	0.9800995024875622
215_H-120	20.2	20.0	3.392487122336957	0.8452859960552268	0.9897435897435898
216_H-120	25.0	20.0	3.4510387403867253	0.8585017835909632	0.9655172413793104
217_H-120	23.0	18.0	3.3110601735373497	0.8481262327416174	0.9743589743589743
218_H-120	34.5	24.0	3.64380160625152	0.8730122041420119	0.9663461538461539
219_H-120	32.2	25.0	3.4494195812648765	0.8483900226757369	0.9571428571428572
21_H-120	34.0	22.0	3.5202466243569344	0.88076161749458	0.9563106796116505
220_H-120	35.0	26.0	3.5304884131511054	0.8591935130396668	0.9615384615384616
221_H-120	26.0	21.0	3.1748092161219055	0.7950366670209373	0.9690721649484536
222_H-120	27.25	22.0	3.5833337796426865	0.8851731038074614	0.9633507853403142
223_H-120	24.75	21.0	3.5693332239637257	0.8841272537552476	0.9704433497536946
224_H-120	20.5	19.0	3.355654331755443	0.8556563103909618	0.9815668202764977
225_H-120	21.6	21.0	3.6099453916637994	0.8764451363292965	0.9856459330143541
226_H-120	22.428571428571427	22.0	3.5830331102169355	0.8686562860438293	0.9852941176470589
227_H-120	29.0	22.0	3.6328517839269328	0.8878868303743978	0.9644670050761421
228_H-120	18.75	18.0	3.393494926752575	0.863646290858793	0.9852216748768473
229_H-120	22.0	21.0	3.508147135446464	0.8641865432538269	0.9858490566037735
22_H-120	24.0	22.0	3.541785916474134	0.8671380895703518	0.9758454106280193
230_H-120	28.0	21.0	3.4854921750993015	0.8738025107952758	0.9625668449197861
231_H-120	24.666666666666668	23.0	3.49780541992806	0.8590260228126494	0.9793388429752066
232_H-120	21.0	21.0	3.425618646518319	0.8500255679742859	0.9957264957264957
233_H-120	21.6	21.0	3.557437623270764	0.8711942690168725	0.9854368932038835
234_H-120	30.25	25.0	3.660856925409553	0.8720142235048571	0.9644670050761421
235_H-120	26.5	24.0	3.5162084989898053	0.8465048570868676	0.9682539682539683
236_H-120	20.0	20.0	3.5365423623800094	0.8724330523052093	0.9953917050691244
237_H-120	34.5	24.0	3.802796670820192	0.898140589569161	0.9666666666666667
238_H-120	25.142857142857142	23.0	3.47763932876699	0.8609294254495528	0.9737991266375546
239_H-120	23.333333333333332	20.0	3.468677188803807	0.8550006605892456	0.9712643678160919
23_H-120	27.0	25.0	3.6964343715408265	0.8766909932360271	0.9764150943396226
240_H-120	26.0	23.0	3.3252829293063453	0.837984	0.976
241_H-120	19.0	19.0	3.3765527388973884	0.8450687940802405	0.9946236559139785
242_H-120	39.0	24.0	3.623445419607811	0.889383926140442	0.9502487562189055
243_H-120	26.0	21.0	3.5565193207198353	0.8804828160905027	0.9698492462311558
244_H-120	29.0	26.0	3.673781232556043	0.8769728457994315	0.9702970297029703
245_H-120	18.0	18.0	3.4416687105259567	0.8615124788890974	0.9931506849315068
246_H-120	28.0	23.0	3.702198365412688	0.8902410207939508	0.967391304347826
247_H-120	32.333333333333336	23.0	3.686798523985409	0.898285295666308	0.9617224880382775
248_H-120	24.75	24.0	3.5436505017918534	0.8562091503267975	0.9803921568627451
249_H-120	24.0	23.0	3.5910701552596933	0.8674131064823503	0.9817351598173516
24_H-120	38.25	27.0	3.6439900253369952	0.8670082423702383	0.9502487562189055
250_H-120	18.333333333333332	18.0	3.4948912769393967	0.8762431412894376	0.9907407407407407
251_H-120	24.75	21.0	3.273369862130923	0.8221775351910371	0.9661016949152542
252_H-120	23.0	22.0	3.5314555064133217	0.86260092272203	0.9803921568627451
253_H-120	21.2	20.0	3.415374987614177	0.8583749646526534	0.9805825242718447
254_H-120	30.0	23.0	3.5503857852971783	0.8599699958504899	0.96045197740113
255_H-120	21.2	20.0	3.437355729331325	0.8623068615133682	0.9812206572769953
256_H-120	22.166666666666668	22.0	3.641335423260549	0.8810613744140785	0.9895287958115183
257_H-120	22.428571428571427	22.0	3.6320477016487898	0.8834666842998523	0.9859154929577465
258_H-120	23.0	20.0	3.6200857019785593	0.8884142712089913	0.9763313609467456
259_H-120	27.0	20.0	3.350622988442199	0.8502604166666667	0.9635416666666666
25_H-120	27.5	20.0	3.310969016417299	0.8244110581232744	0.9640718562874252
260_H-120	30.0	25.0	3.7868712065206083	0.8897304522165292	0.9701492537313433
261_H-120	23.666666666666668	22.0	3.547307129565542	0.8765624613252148	0.9751243781094527
262_H-120	24.6	24.0	3.692701942395924	0.8743842974183808	0.9850746268656716
263_H-120	23.0	21.0	3.6366075164485094	0.8817454104694326	0.9798994974874372
264_H-120	19.25	19.0	3.4836266343778575	0.8780393967374577	0.9912280701754386
265_H-120	26.75	23.0	3.689792816358665	0.8906810035842294	0.967741935483871
266_H-120	22.2	21.0	3.5119006085635442	0.8698224852071006	0.978021978021978
267_H-120	24.5	22.0	3.454665724564244	0.8466972587851709	0.9725274725274725
268_H-120	25.333333333333332	22.0	3.4722969588455066	0.8532120449670166	0.9799196787148594
269_H-120	27.666666666666668	26.0	3.608353010695137	0.8524046434494196	0.9751243781094527
26_H-120	27.0	20.0	3.4153420170874464	0.8622371583934281	0.966183574879227
270_H-120	24.0	19.0	3.4560297283922106	0.8740283493369914	0.962962962962963
271_H-120	29.0	22.0	3.428166842569835	0.8624930747922438	0.9578947368421052
272_H-120	24.125	24.0	3.7516448086438463	0.884028116969993	0.9907834101382489
273_H-120	24.666666666666668	23.0	3.543564700872066	0.873653431825177	0.9780701754385965
274_H-120	22.5	21.0	3.552762791758441	0.8798540627607755	0.9823788546255506
275_H-120	23.666666666666668	22.0	3.7061124892021033	0.8924003569303985	0.9695121951219512
276_H-120	30.6	25.0	3.6100730815526267	0.8740594638030535	0.9658119658119658
277_H-120	20.166666666666668	20.0	3.3674842508452274	0.8453140012228142	0.9906542056074766
278_H-120	24.666666666666668	23.0	3.490453771425096	0.8487086831756829	0.9742268041237113
279_H-120	22.0	21.0	3.37970547136708	0.8372284779303769	0.9796954314720813
27_H-120	21.2	20.0	3.329335825822783	0.8381872356785852	0.9803921568627451
280_H-120	21.0	20.0	3.691821736191229	0.8977623456790124	0.9861111111111112
281_H-120	24.0	23.0	3.6556950758404034	0.8790724080705739	0.9813084112149533
282_H-120	24.666666666666668	23.0	3.5878872367367913	0.8756594432270108	0.9774774774774775
283_H-120	40.0	25.0	3.5275199984201495	0.8584564400569441	0.9516908212560387
284_H-120	24.5	22.0	3.4885578199756813	0.8583826429980277	0.9743589743589743
285_H-120	27.0	22.0	3.672076464782816	0.8922391941634156	0.9765258215962441
286_H-120	41.75	28.0	3.6654930365902714	0.8668300653594772	0.946078431372549
287_H-120	19.2	19.0	3.5014576195926193	0.8673	0.99
288_H-120	23.0	22.0	3.4807822568373084	0.8633855464578142	0.9811320754716981
289_H-120	35.25	24.0	3.3965392909475027	0.8599408795672545	0.9551569506726457
28_H-120	23.2	22.0	3.5243674541297665	0.8602097833545731	0.9801980198019802
290_H-120	30.25	25.0	3.76688075217893	0.8956189986282579	0.9675925925925926
291_H-120	23.2	22.0	3.697927208119881	0.8909505208333333	0.9791666666666666
292_H-120	19.0	19.0	3.525889091694495	0.8758433414518071	0.9947089947089947
293_H-120	25.333333333333332	22.0	3.571204227155223	0.8666122125689959	0.9751243781094527
294_H-120	27.75	24.0	3.7553452553585465	0.8910175490705675	0.9701492537313433
295_H-120	21.2	21.0	3.527914495262867	0.8605138071525578	0.9893617021276596
296_H-120	27.333333333333332	24.0	3.667726386765664	0.8710350691849829	0.9746192893401016
297_H-120	21.0	18.0	3.3751775072152044	0.8632977159102049	0.9801980198019802
298_H-120	26.75	23.0	3.570663725720339	0.8654751841565028	0.967032967032967
299_H-120	23.0	20.0	3.432542342604869	0.8576281880171807	0.9802955665024631
29_H-120	24.1	24.0	3.617477176599737	0.8699604410403164	0.9908256880733946
2_H-120	28.25	23.0	3.4189412267071977	0.8525334795207142	0.9690265486725663
300_H-120	26.11111111111111	26.0	3.741789128348677	0.8812841137604137	0.9915254237288136
301_H-120	24.333333333333332	21.0	3.5600826266779624	0.8794213763936947	0.9754901960784313
302_H-120	21.5	20.0	3.438044747324803	0.860202260559191	0.9804878048780488
303_H-120	22.5	21.0	3.5040680970882723	0.8617355371900827	0.9818181818181818
304_H-120	20.333333333333332	20.0	3.517986964168866	0.8690734282213215	0.9902912621359223
305_H-120	25.75	22.0	3.39019965828777	0.8511750565940862	0.9710144927536232
306_H-120	28.6	23.0	3.5368512535406187	0.874583949704142	0.9615384615384616
307_H-120	20.0	19.0	3.604337226230296	0.892161628871286	0.983957219251337
308_H-120	26.875	25.0	3.581687491196729	0.8718750595907783	0.9737991266375546
309_H-120	25.5	23.0	3.7569659458453937	0.8920170123075765	0.9693251533742331
30_H-120	39.0	24.0	3.57208945239157	0.8804734781060876	0.9528301886792453
310_H-120	33.333333333333336	24.0	3.564604157716523	0.8746854963071179	0.963963963963964
311_H-120	24.5	22.0	3.496374377774025	0.8670841209829867	0.967391304347826
312_H-120	19.333333333333332	19.0	3.434095282600082	0.8603395061728395	0.9907407407407407
313_H-120	46.33333333333333	28.0	3.721084162448674	0.8780972633136095	0.9471153846153846
314_H-120	22.75	19.0	3.23351313975822	0.833904174037412	0.9631901840490797
315_H-120	34.0	25.0	3.374231138198074	0.8373635343332313	0.9494949494949495
316_H-120	27.75	24.0	3.7100408919694217	0.8873584328129782	0.9696969696969697
317_H-120	29.25	24.0	3.579833723617854	0.8615055631661599	0.9595375722543352
318_H-120	27.0	22.0	3.590307588861136	0.8773175542406312	0.9692307692307692
319_H-120	29.5	26.0	3.6086102985066946	0.8612115630825903	0.966824644549763
31_H-120	20.2	20.0	3.3279646373580336	0.8330001572291728	0.990521327014218
320_H-120	29.5	19.0	3.3091338361494222	0.8533272326918128	0.9625668449197861
321_H-120	24.0	23.0	3.6335736821125915	0.8756753730298704	0.9788359788359788
322_H-120	26.0	23.0	3.537898108131622	0.8621196114303383	0.9695431472081218
323_H-120	23.5	22.0	3.6589176835524926	0.8802173661694994	0.978494623655914
324_H-120	20.75	20.0	3.2172395783431327	0.8107131469869274	0.9845360824742269
325_H-120	18.25	18.0	3.42888934976492	0.8690815236739053	0.9905660377358491
326_H-120	30.0	23.0	3.3459255897705407	0.8418	0.96
327_H-120	24.0	23.0	3.625779680902536	0.8795651435366061	0.9802955665024631
328_H-120	27.5	25.0	3.807460169414957	0.8927077928024175	0.9668508287292817
329_H-120	24.857142857142858	24.0	3.6596432679329367	0.8800677853708855	0.9828326180257511
32_H-120	27.5	24.0	3.4463649050705216	0.8525410969695909	0.9707112970711297
330_H-120	32.0	25.0	3.5246176455669724	0.84885	0.96
331_H-120	27.428571428571427	26.0	3.6563283290885584	0.8656966877061841	0.9781659388646288
332_H-120	29.2	25.0	3.600676702897955	0.8614965986394558	0.9666666666666667
333_H-120	24.0	18.0	3.3881478528782862	0.8626056843927867	0.9828326180257511
334_H-120	25.2	21.0	3.2548681455320385	0.8319406606991598	0.9665071770334929
335_H-120	25.75	22.0	3.553502848698071	0.8713028699871166	0.9685863874345549
336_H-120	25.5	23.0	3.4971809677142724	0.8615506172839507	0.9733333333333334
337_H-120	23.5	22.0	3.541828307919629	0.8639003450887972	0.981651376146789
338_H-120	27.25	22.0	3.2792547211069354	0.8355389030612246	0.96875
339_H-120	32.0	25.0	3.7048507183298245	0.8888173902551831	0.9641255605381166
33_H-120	23.428571428571427	22.0	3.3466500543751296	0.8410032066937077	0.9769585253456221
340_H-120	20.0	19.0	3.4444804663160844	0.8690615368264428	0.9845360824742269
341_H-120	19.0	19.0	3.394444467335546	0.8525037037037038	0.9955555555555555
342_H-120	42.0	27.0	3.7090660205069694	0.8754545454545455	0.9545454545454546
343_H-120	23.0	21.0	3.4427583022987336	0.8567355371900827	0.9772727272727273
344_H-120	25.0	23.0	3.768226672822696	0.8979926776922106	0.9719101123595506
345_H-120	21.0	21.0	3.423316955522232	0.84375	0.9953703703703703
346_H-120	26.5	24.0	3.6550986538266086	0.8820420997467028	0.9719626168224299
347_H-120	23.2	22.0	3.5030744233220714	0.8526124889716694	0.9801980198019802
348_H-120	19.75	19.0	3.444577488342894	0.8681991961572395	0.9851485148514851
349_H-120	23.0	21.0	3.5495155492043504	0.872797783933518	0.9736842105263158
34_H-120	41.2	28.0	3.7580698339923266	0.8902019991670137	0.9387755102040817
350_H-120	29.25	24.0	3.672705977433163	0.8796359748910392	0.9633507853403142
351_H-120	27.25	26.0	3.743712430897539	0.8868896846886191	0.9766355140186916
352_H-120	26.5	24.0	3.682274426039285	0.8848915187376726	0.9692307692307692
353_H-120	26.25	25.0	3.9397409230878147	0.9112358031368307	0.9709302325581395
354_H-120	18.0	17.0	3.4448209807322847	0.8798891966759003	0.9842105263157894
355_H-120	18.25	18.0	3.328836903876507	0.8453349203200423	0.9906103286384976
356_H-120	25.0	22.0	3.5298739274167494	0.8696598639455783	0.9714285714285714
357_H-120	21.857142857142858	21.0	3.495023469436707	0.876799925319144	0.9806763285024155
358_H-120	30.0	23.0	3.5198938856227455	0.8560680529300567	0.9695652173913043
359_H-120	20.5	19.0	3.416861858424085	0.860969387755102	0.9761904761904762
35_H-120	25.75	22.0	3.5551107886032054	0.8741511996378452	0.9680851063829787
360_H-120	24.333333333333332	24.0	3.55075234830212	0.8665313076151135	0.9855072463768116
361_H-120	19.75	19.0	3.5308519020593274	0.8791234477720964	0.9837837837837837
362_H-120	24.428571428571427	24.0	3.6947877130238305	0.8791356887760832	0.985781990521327
363_H-120	23.375	23.0	3.7275282297380414	0.891578947368421	0.9842105263157894
364_H-120	21.428571428571427	21.0	3.490613332600446	0.8714917339484813	0.9852941176470589
365_H-120	26.5	24.0	3.505203171502957	0.8540154669839382	0.9707317073170731
366_H-120	25.142857142857142	23.0	3.447741681767711	0.8510539940828402	0.9711538461538461
367_H-120	23.5	22.0	3.4973869486941416	0.8657	0.98
368_H-120	28.0	23.0	3.631367714463171	0.8842256965673858	0.9719626168224299
369_H-120	18.0	18.0	3.4546459137882555	0.8551832255535959	0.9947089947089947
36_H-120	34.0	25.0	3.4962446814428576	0.8488088642659279	0.9526315789473684
370_H-120	28.25	23.0	3.677159796961223	0.890890831758034	0.9619565217391304
371_H-120	22.0	20.0	3.5358978925040505	0.8713146028442594	0.978494623655914
372_H-120	23.333333333333332	20.0	3.5756785755879648	0.8799458558933777	0.9744897959183674
373_H-120	33.0	26.0	3.6360796486258407	0.8617783212507643	0.9626168224299065
374_H-120	28.25	23.0	3.6840701396673174	0.8932137573964497	0.9663461538461539
375_H-120	21.6	21.0	3.5386275464267105	0.8641387927720108	0.9852941176470589
376_H-120	27.0	24.0	3.7306815269207747	0.8869071211520676	0.9655172413793104
377_H-120	22.5	20.0	3.4584058479022524	0.8634817727707514	0.9742268041237113
378_H-120	26.0	21.0	3.494787495286272	0.8670228408979512	0.9752475247524752
379_H-120	31.6	26.0	3.5784271458287726	0.8607479395420011	0.9585492227979274
37_H-120	29.6	24.0	3.4243751205255317	0.8406296499334325	0.9646017699115044
380_H-120	26.666666666666668	25.0	3.8275476566004203	0.8975604116082784	0.9731182795698925
381_H-120	19.0	17.0	3.1840500118719777	0.8390707852874337	0.981651376146789
382_H-120	24.5	22.0	3.481499954167156	0.8627054872351708	0.9698492462311558
383_H-120	26.5	24.0	3.7476202825763023	0.8852435147661919	0.9753694581280788
384_H-120	34.0	25.0	3.3776703357242788	0.8339321832242712	0.9512195121951219
385_H-120	25.0	20.0	3.363835563797352	0.8607684304399524	0.9741379310344828
386_H-120	22.0	21.0	3.480105230631512	0.8516354192029867	0.9864864864864865
387_H-120	27.5	25.0	3.6963967131783897	0.8872065750081043	0.9737991266375546
388_H-120	26.0	23.0	3.629889136689894	0.8824327256944444	0.96875
389_H-120	22.857142857142858	22.0	3.6448070827456687	0.8846494307255578	0.9779005524861879
38_H-120	22.0	22.0	3.538485163399524	0.8602704164413196	0.9953488372093023
390_H-120	28.25	23.0	3.5393573079211245	0.8759168241965973	0.9695652173913043
391_H-120	22.857142857142858	22.0	3.50784029124688	0.8673833385910845	0.9802955665024631
392_H-120	22.666666666666668	21.0	3.3412189314632172	0.849446757882213	0.975609756097561
393_H-120	25.857142857142858	25.0	3.5855795119712877	0.8505546335924535	0.9813084112149533
394_H-120	43.0	25.0	3.6294969511822757	0.8754398311048557	0.9556650246305418
395_H-120	20.0	20.0	3.5933804341552604	0.8797836668469443	0.9953488372093023
396_H-120	26.0	21.0	3.5483568731592134	0.8772547654634426	0.9728506787330317
397_H-120	29.0	22.0	3.5314239307875464	0.8722918736073452	0.9637305699481865
398_H-120	18.166666666666668	18.0	3.43278011967404	0.8742	0.99
399_H-120	50.0	22.0	3.4459310301880204	0.8583719102104987	0.9626168224299065
39_H-120	22.0	20.0	3.6023708629318123	0.8831090123986768	0.9798994974874372
3_H-120	32.0	25.0	3.582857306141257	0.8620337357436251	0.9634703196347032
400_H-120	31.25	26.0	3.7490224326543213	0.8852551984877126	0.9695652173913043
401_H-120	21.2	20.0	3.438434911774847	0.8653819796606452	0.9790575916230366
402_H-120	29.6	24.0	3.6389144142487444	0.8858	0.96
403_H-120	20.0	20.0	3.5046562006304747	0.8653732850770137	0.9954128440366973
404_H-120	23.0	20.0	3.3695575847844013	0.8478917322400759	0.9812206572769953
405_H-120	24.5	22.0	3.5648105337538643	0.865951849489796	0.9776785714285714
406_H-120	25.666666666666668	24.0	3.6612456465447822	0.8736117910793888	0.9746192893401016
407_H-120	31.333333333333336	22.0	3.5432779414183204	0.8718779891593156	0.9587628865979382
408_H-120	28.0	23.0	3.6531982831119505	0.870973931635646	0.9685863874345549
409_H-120	32.5	22.0	3.6127166529964496	0.8849283854166667	0.9635416666666666
40_H-120	21.5	21.0	3.5548856134984037	0.8745678899292598	0.9856459330143541
410_H-120	24.25	23.0	3.589517644461814	0.8752566115203478	0.9725274725274725
411_H-120	29.25	24.0	3.7000272280411783	0.8812473969179508	0.9642857142857143
412_H-120	36.25	25.0	3.5286847206583225	0.8656619822485208	0.9519230769230769
413_H-120	23.2	22.0	3.519689918818753	0.8592561284868977	0.978021978021978
414_H-120	22.75	22.0	3.391956419124423	0.8468518518518519	0.9777777777777777
415_H-120	31.5	27.0	3.5155012070852525	0.8419679036652091	0.9569377990430622
416_H-120	25.5	23.0	3.5558891908133514	0.8770247933884298	0.9727272727272728
417_H-120	29.2	25.0	3.761048272321717	0.8905719921104537	0.9641025641025641
418_H-120	22.0	22.0	3.4482239264789127	0.835378781092299	0.994535519125683
419_H-120	26.6	26.0	3.7471616114954127	0.8747311554810412	0.9876543209876543
41_H-120	30.0	27.0	3.738967648403114	0.8856098765432099	0.9688888888888889
420_H-120	23.666666666666668	22.0	3.5260969232925383	0.8673329414070154	0.9735449735449735
421_H-120	29.0	22.0	3.5260869443976888	0.8710569411259362	0.9637305699481865
422_H-120	25.75	22.0	3.5048780992274193	0.8639619274241523	0.9707317073170731
423_H-120	22.0	22.0	3.5374090532416913	0.8705893557245123	0.9960159362549801
424_H-120	25.666666666666668	24.0	3.6640153208535295	0.8846597462514417	0.9754901960784313
425_H-120	19.75	19.0	3.6345166894758414	0.8967982041587902	0.9836956521739131
426_H-120	27.5	24.0	3.5445687848341874	0.8619578150351541	0.9674418604651163
427_H-120	22.857142857142858	22.0	3.419975215672288	0.8415470608709896	0.9819004524886877
428_H-120	58.0	22.0	3.4272827649153266	0.8639454224949062	0.9569377990430622
429_H-120	21.0	19.0	3.285876373198372	0.8355029585798817	0.9794871794871794
42_H-120	36.0	22.0	3.543930263750123	0.8692281575373473	0.9574468085106383
430_H-120	21.166666666666668	21.0	3.5586166380247426	0.8667221990837151	0.9897959183673469
431_H-120	25.0	24.0	3.6242350420563096	0.8663638745741986	0.9813084112149533
432_H-120	24.5	23.0	3.79035191288451	0.8961728395061729	0.9777777777777777
433_H-120	23.2	22.0	3.4706206217792683	0.855827664399093	0.9809523809523809
434_H-120	20.0	20.0	3.6768813379523424	0.8982159735349716	0.9945652173913043
435_H-120	42.0	24.0	3.527916619754406	0.8647514102059557	0.961038961038961
436_H-120	26.333333333333332	23.0	3.776288609672947	0.8986327925721865	0.9747474747474747
437_H-120	18.6	18.0	3.3980136029982964	0.8655160575512624	0.9832402234636871
438_H-120	21.125	21.0	3.3212342584746852	0.828982967868278	0.9898477157360406
439_H-120	27.142857142857142	25.0	3.7173512501419923	0.8893111421441817	0.9712918660287081
43_H-120	29.5	27.0	3.807011994131177	0.8956035218089028	0.9771863117870723
440_H-120	25.75	22.0	3.3548942558583454	0.83995	0.97
441_H-120	25.5	23.0	3.533752580036199	0.8721726825543002	0.9715639810426541
442_H-120	24.0	23.0	3.3683678397813646	0.8219434832756632	0.9803921568627451
443_H-120	26.428571428571427	26.0	3.7763408025561276	0.877411529446475	0.9878542510121457
444_H-120	22.75	22.0	3.519334741892484	0.8761080189651619	0.9826839826839827
445_H-120	36.0	21.0	3.5896799819015492	0.8863868559871563	0.9726027397260274
446_H-120	21.375	21.0	3.4466056278835846	0.8667339484813533	0.9852941176470589
447_H-120	29.5	22.0	3.5835010139959165	0.8765432098765432	0.9722222222222222
448_H-120	20.5	20.0	3.3505293553926223	0.8493303571428572	0.9866071428571429
449_H-120	29.25	24.0	3.4571912418606363	0.8427781084000088	0.9671361502347418
44_H-120	27.875	26.0	3.6485517722790304	0.8815335409477316	0.9724770642201834
450_H-120	19.5	18.0	3.261457301033624	0.841438137755102	0.9866071428571429
451_H-120	24.2	23.0	3.696430292400521	0.8821845064556435	0.9795918367346939
452_H-120	26.5	23.0	3.3556995732509964	0.8412637174211248	0.9675925925925926
453_H-120	23.75	23.0	3.483812373511644	0.8497314422910324	0.9800995024875622
454_H-120	29.6	24.0	3.467371040132096	0.8612026780778443	0.9638009049773756
455_H-120	25.0	24.0	3.6386143136154643	0.8750489466677108	0.9823008849557522
456_H-120	23.5	21.0	3.6790204472912054	0.8936157779401023	0.972972972972973
457_H-120	33.333333333333336	24.0	3.6740984954155804	0.879320987654321	0.9555555555555556
458_H-120	25.0	24.0	3.793250146574479	0.8864250946457545	0.9767441860465116
459_H-120	34.42857142857143	28.0	3.627050387598186	0.8461034299803376	0.9441340782122905
45_H-120	24.0	19.0	3.312804199538638	0.8372565035518923	0.9751243781094527
460_H-120	21.75	21.0	3.5199992133131643	0.8754650204106256	0.9865470852017937
461_H-120	33.0	26.0	3.6785298427755277	0.8752712673611112	0.9583333333333334
462_H-120	21.2	20.0	3.4047455962040813	0.8615750297116407	0.9817351598173516
463_H-120	27.0	24.0	3.4864550029965393	0.8611352969908046	0.967741935483871
464_H-120	32.0	23.0	3.4554923797411305	0.8572998382222765	0.9502762430939227
465_H-120	21.0	19.0	3.4260950307498184	0.8623638079441791	0.9786096256684492
466_H-120	24.428571428571427	23.0	3.4857516661903394	0.8568599787133981	0.9751243781094527
467_H-120	19.0	18.0	3.423731561630922	0.8660850933578206	0.9848484848484849
468_H-120	33.0	26.0	3.7237381152136306	0.881	0.96
469_H-120	27.0	22.0	3.361768658654681	0.8381218378700122	0.9712918660287081
46_H-120	22.857142857142858	22.0	3.246182457271961	0.818949941545329	0.979381443298969
470_H-120	25.5	23.0	3.5831812275612664	0.8765190972222222	0.96875
471_H-120	21.5	21.0	3.6084009814161435	0.8755922865013774	0.9818181818181818
472_H-120	21.0	19.0	3.3817035400949664	0.8683234714003945	0.9743589743589743
473_H-120	26.0	21.0	3.5796563483351695	0.8831447187928669	0.9722222222222222
474_H-120	33.333333333333336	24.0	3.5987278904295663	0.8714761624814535	0.9576719576719577
475_H-120	21.6	21.0	3.644959161903381	0.8839816544929506	0.9852216748768473
476_H-120	18.6	18.0	3.5252513063784554	0.8888834427997255	0.9851485148514851
477_H-120	18.2	18.0	3.2274589030419283	0.831616725774597	0.9907834101382489
478_H-120	33.5	23.0	3.629811849724918	0.8743048355170139	0.9660194174757282
479_H-120	21.142857142857142	21.0	3.564733448396178	0.8700059488399762	0.9902439024390244
47_H-120	42.0	21.0	3.517109818231512	0.8690873988267618	0.9651741293532339
480_H-120	30.25	25.0	3.8377544110699184	0.9036198360522685	0.9684684684684685
481_H-120	18.75	18.0	3.3550777624966672	0.85736149372513	0.9848484848484849
482_H-120	20.166666666666668	20.0	3.496419967211469	0.862592582001201	0.9893048128342246
483_H-120	24.0	23.0	3.7739370209368737	0.8936226166995398	0.9794871794871794
484_H-120	35.0	26.0	3.7071779744173923	0.8876641975308642	0.96
485_H-120	44.33333333333333	26.0	3.4003463328224064	0.8316591985389369	0.9493087557603687
486_H-120	26.25	21.0	3.3237953945040504	0.8397540873580499	0.9637305699481865
487_H-120	17.0	17.0	3.672646483818317	0.9023668639053255	1.0
488_H-120	21.5	21.0	3.645264596437913	0.8919498010407101	0.9848484848484849
489_H-120	30.6	25.0	3.6372032071501836	0.8824888888888889	0.9644444444444444
48_H-120	27.0	24.0	3.521875351322313	0.8584155821469124	0.9719626168224299
490_H-120	22.75	22.0	3.5683173904764334	0.857863132648238	0.9874476987447699
491_H-120	27.0	24.0	3.7222316358544836	0.8869421728263244	0.9704433497536946
492_H-120	24.0	23.0	3.5152091198143864	0.8515689981096408	0.9826086956521739
493_H-120	21.5	20.0	3.272914919169427	0.8299556979922706	0.9805825242718447
494_H-120	22.5	21.0	3.467970441291064	0.8544631117604091	0.9783783783783784
495_H-120	27.0	24.0	3.564322671211094	0.87735	0.965
496_H-120	31.0	24.0	3.55028946626208	0.8710018903591683	0.9652173913043478
497_H-120	27.625	25.0	3.4638190673827935	0.8523233882030179	0.9675925925925926
498_H-120	29.0	22.0	3.690576068410045	0.8989914871633611	0.966824644549763
499_H-120	18.75	18.0	3.372960776209797	0.8603000000000001	0.985
49_H-120	29.5	26.0	3.64010639913599	0.8637307755140143	0.966183574879227
4_H-120	22.5	21.0	3.7466417478803713	0.8988442315701791	0.9846938775510204
500_H-120	25.0	23.0	3.5714422692858223	0.8551851851851852	0.9722222222222222
501_H-120	26.75	26.0	3.6837491487196594	0.8691451375761394	0.9806763285024155
502_H-120	30.0	23.0	3.576845354730842	0.8790476190476191	0.9619047619047619
503_H-120	24.666666666666668	23.0	3.5226803933155377	0.8600583090379008	0.9744897959183674
504_H-120	24.5	22.0	3.598525709079903	0.8780006858710563	0.9768518518518519
505_H-120	25.5	23.0	3.523198766604805	0.862866414277988	0.9767441860465116
506_H-120	22.2	21.0	3.556488415937856	0.8786824589273865	0.9820627802690582
507_H-120	21.142857142857142	21.0	3.4553465640717125	0.8567725516071261	0.9902912621359223
508_H-120	21.6	21.0	3.4585365218032647	0.848280787674727	0.9848484848484849
509_H-120	17.5	17.0	3.282435652293401	0.836535633761396	0.9900990099009901
50_H-120	22.0	21.0	3.589236469607746	0.8838113757899854	0.9786096256684492
510_H-120	30.6	25.0	3.7562625184584095	0.8921256258534365	0.9526627218934911
511_H-120	27.2	23.0	3.3635123663847577	0.8439738251041047	0.9658536585365853
512_H-120	18.0	15.0	3.066442575009695	0.8155588020452885	0.9864864864864865
513_H-120	24.666666666666668	23.0	3.5454092405014572	0.8625550483621227	0.9775784753363229
514_H-120	23.375	23.0	3.5892601718801442	0.8664204370575561	0.9868421052631579
515_H-120	23.333333333333332	20.0	3.3267654520130927	0.8455477924780734	0.9769585253456221
516_H-120	27.0	22.0	3.6019506285123013	0.8692536506219578	0.9651162790697675
517_H-120	23.5	23.0	3.6610345680593657	0.8766313418729514	0.9865470852017937
518_H-120	22.6	22.0	3.735016318289038	0.8924267485822306	0.9836956521739131
519_H-120	29.5	27.0	3.966952416993562	0.9105491863905325	0.9711538461538461
51_H-120	27.0	22.0	3.516275186855235	0.8629216992919617	0.9693877551020408
520_H-120	18.0	18.0	3.2376857314687144	0.8257887517146776	0.9953703703703703
521_H-120	25.6	25.0	3.698764512196482	0.8784139557244569	0.9808612440191388
522_H-120	24.857142857142858	24.0	3.55452963746008	0.8618059733354033	0.9823788546255506
523_H-120	19.0	18.0	3.4097437395181847	0.8682507396449705	0.9855769230769231
524_H-120	24.5	22.0	3.6837668502451613	0.8930006862072346	0.9752475247524752
525_H-120	23.2	22.0	3.7610145934669923	0.8997783933518005	0.9789473684210527
526_H-120	21.0	21.0	3.590694956772114	0.8680078895463511	1.0
527_H-120	37.0	25.0	3.697085787552851	0.885123069920521	0.9467455621301775
528_H-120	26.0	21.0	3.452766252166795	0.8530795847750865	0.9705882352941176
529_H-120	20.6	20.0	3.40634553221548	0.8532041536756938	0.9847715736040609
52_H-120	21.0	20.0	3.355862968548156	0.8353921038399135	0.986046511627907
530_H-120	21.75	21.0	3.649053294490197	0.8860134548611112	0.984375
531_H-120	27.0	24.0	3.7464530714921755	0.8839506172839506	0.9666666666666667
532_H-120	20.2	19.0	3.1600426682010396	0.8088715878508266	0.9803921568627451
533_H-120	24.0	23.0	3.584035060777309	0.8752292776661718	0.9813084112149533
534_H-120	26.2	22.0	3.3431615001784967	0.8447701205764141	0.9653465346534653
535_H-120	23.75	23.0	3.5907276888240443	0.8833768801638302	0.9831932773109243
536_H-120	20.333333333333332	20.0	3.625396533129543	0.8810007234707928	0.9903381642512077
537_H-120	23.428571428571427	22.0	3.3312812231112763	0.8382076112480351	0.9779735682819384
538_H-120	32.666666666666664	31.0	3.815033924904938	0.8670699432892249	0.9739130434782609
539_H-120	21.0	21.0	3.6573581153639627	0.8711901214615793	0.9949748743718593
53_H-120	24.333333333333332	21.0	3.5442576575506712	0.8662603878116344	0.9736842105263158
540_H-120	28.5	26.0	3.8116372533446548	0.891290623974142	0.9698492462311558
541_H-120	26.0	23.0	3.570516388678688	0.8753041484847875	0.9730941704035875
542_H-120	21.75	21.0	3.482101937603961	0.8588685735345304	0.9864253393665159
543_H-120	22.5	21.0	3.5265665635436876	0.8686021302667546	0.9805825242718447
544_H-120	20.0	20.0	3.3404925092109505	0.8311089409722222	0.9947916666666666
545_H-120	33.0	24.0	3.3792780893342313	0.8456871207856383	0.9589041095890412
546_H-120	21.166666666666668	21.0	3.543273686260662	0.8714997602218469	0.9908675799086758
547_H-120	25.142857142857142	23.0	3.5932176218897407	0.8874829931972789	0.9714285714285714
548_H-120	24.11111111111111	23.0	3.532066259829667	0.8718474687705458	0.9743589743589743
549_H-120	26.0	21.0	3.493601044119743	0.8645950376687727	0.9785407725321889
54_H-120	27.25	22.0	3.4996393890064894	0.8731467042894978	0.9651741293532339
550_H-120	28.75	25.0	3.620203918771607	0.8629059829059829	0.9692307692307692
551_H-120	24.0	21.0	3.429764906298281	0.8649982182505962	0.9685863874345549
552_H-120	22.6	22.0	3.6884321461981706	0.883385236932918	0.9862385321100917
553_H-120	18.0	18.0	3.1970853285935017	0.8218181818181818	0.9954545454545455
554_H-120	23.0	22.0	3.5387318094723312	0.869334432734675	0.9796954314720813
555_H-120	34.333333333333336	25.0	3.6485341345383913	0.8741862825177595	0.9601990049751243
556_H-120	21.5	20.0	3.4284410180930505	0.8592836385280628	0.9763313609467456
557_H-120	24.2	23.0	3.588918069624408	0.8616770519732082	0.9806763285024155
558_H-120	42.0	24.0	3.643135234930916	0.8805031446540881	0.9433962264150944
559_H-120	19.75	19.0	3.6635280129171734	0.8994472789115646	0.9821428571428571
55_H-120	23.333333333333332	23.0	3.766868456145483	0.894773387198586	0.9831460674157303
560_H-120	21.0	20.0	3.5171710659048885	0.8732871972318339	0.9764705882352941
561_H-120	32.333333333333336	23.0	3.436422648289058	0.8593973571248211	0.963302752293578
562_H-120	23.5	21.0	3.4124658547783002	0.8530299875052062	0.9744897959183674
563_H-120	26.142857142857142	24.0	3.528434817306683	0.8619	0.97
564_H-120	23.142857142857142	23.0	3.7300427305337998	0.8830221405978982	0.98989898989899
565_H-120	22.0	20.0	3.5127765928117887	0.882744475054797	0.9820627802690582
566_H-120	29.142857142857142	27.0	3.7162225540591565	0.8662691414014165	0.9682539682539683
567_H-120	38.0	24.0	3.6551151230013033	0.8754829423499406	0.9597989949748744
568_H-120	23.2	22.0	3.4016178103773123	0.8313675699154667	0.976878612716763
569_H-120	26.0	21.0	3.53191324931553	0.8766659725114535	0.9693877551020408
56_H-120	23.0	21.0	3.4869032180632513	0.8702105181787729	0.9746192893401016
570_H-120	29.25	24.0	3.6216819978928645	0.8721844881741792	0.9637305699481865
571_H-120	20.2	19.0	3.5368312473691748	0.8840138408304499	0.9764705882352941
572_H-120	20.0	17.0	3.25311341182242	0.848231449442522	0.9803921568627451
573_H-120	21.428571428571427	21.0	3.386961907742624	0.8429535117975642	0.9834254143646409
574_H-120	25.75	22.0	3.546548203617664	0.8733151098124234	0.970873786407767
575_H-120	30.0	23.0	3.456604440253722	0.858601134215501	0.9652173913043478
576_H-120	21.5	20.0	3.4177588142239164	0.8528316676464824	0.9788359788359788
577_H-120	26.0	21.0	3.5462841975383514	0.8691698361405816	0.9732620320855615
578_H-120	22.857142857142858	22.0	3.5200668004509246	0.8697145211877018	0.9808612440191388
579_H-120	22.666666666666668	21.0	3.472225633352063	0.864493004971673	0.9731182795698925
57_H-120	17.166666666666668	17.0	3.1839990235110918	0.8399000848336318	0.9902912621359223
580_H-120	27.0	22.0	3.4052160706316026	0.8475500270416441	0.9720930232558139
581_H-120	27.25	22.0	3.6222760843281634	0.8901715482294826	0.9637305699481865
582_H-120	22.5	21.0	3.5879761173238154	0.8846494307255578	0.9779005524861879
583_H-120	30.0	27.0	3.654595592654663	0.8690663206065159	0.9710743801652892
584_H-120	31.0	24.0	3.558741899716547	0.8711796891096816	0.9617224880382775
585_H-120	27.5	24.0	3.4584839374957372	0.8452939391817779	0.966183574879227
586_H-120	25.5	23.0	3.6416338696278956	0.8758869725511982	0.9748743718592965
587_H-120	22.125	22.0	3.6036590513266407	0.8695245414146814	0.9884393063583815
588_H-120	29.0	22.0	3.4104835586596836	0.8671124828532235	0.962962962962963
589_H-120	40.75	27.0	3.5984040741117354	0.8641711786755518	0.9438775510204082
58_H-120	21.428571428571427	20.0	3.439317393771658	0.8758448753462604	0.9736842105263158
590_H-120	25.0	22.0	3.632704297609419	0.8847257653061225	0.9821428571428571
591_H-120	32.0	25.0	3.586545201404141	0.8616977859402102	0.9595959595959596
592_H-120	22.5	21.0	3.3858394293041068	0.8442448719311297	0.979381443298969
593_H-120	23.11111111111111	23.0	3.6528342422396767	0.87879661668589	0.9901960784313726
594_H-120	26.0	21.0	3.4054861180675005	0.8536489151873767	0.9692307692307692
595_H-120	32.5	22.0	3.5579789601324294	0.8713319647385581	0.9615384615384616
596_H-120	27.0	22.0	3.4661620968474223	0.851270353563542	0.9704433497536946
597_H-120	26.0	23.0	3.519458604990951	0.8621714285714286	0.9657142857142857
598_H-120	16.25	16.0	3.2522769276357426	0.852308736985061	0.9893617021276596
599_H-120	20.0	19.0	3.433680859312577	0.8656769717375778	0.9848484848484849
59_H-120	24.75	21.0	3.205166121286017	0.8280199144030047	0.9719626168224299
5_H-120	23.857142857142858	23.0	3.6049832637922843	0.8619634533443907	0.9786096256684492
600_H-120	20.0	17.0	3.280232278434931	0.8461389462809917	0.9772727272727273
601_H-120	37.333333333333336	28.0	3.919989261222196	0.8926205440559101	0.9605911330049262
602_H-120	19.166666666666668	19.0	3.397863428319887	0.8568819684736639	0.9901960784313726
603_H-120	34.5	24.0	3.7033751521443055	0.8841130624986727	0.967741935483871
604_H-120	32.0	25.0	3.6543055348763636	0.8793211162015826	0.9591836734693877
605_H-120	27.5	25.0	3.753741378225764	0.889321414840446	0.9705882352941176
606_H-120	23.0	22.0	3.670089916591087	0.8896	0.98
607_H-120	22.5	22.0	3.5493897061726347	0.8600586303423042	0.9859154929577465
608_H-120	38.0	24.0	3.4518786369024834	0.8520634920634921	0.9619047619047619
609_H-120	22.0	21.0	3.444309185844991	0.8599551650390374	0.9796954314720813
60_H-120	24.0	19.0	3.2299591805340957	0.8368975069252078	0.9736842105263158
610_H-120	23.0	22.0	3.5296174548385997	0.8592490562187532	0.9797979797979798
611_H-120	20.142857142857142	20.0	3.4925224385126814	0.8646211155769042	0.9900990099009901
612_H-120	26.0	23.0	3.4480455198059765	0.8530033675307385	0.9734513274336283
613_H-120	26.75	23.0	3.643885106687432	0.8917728395061728	0.9733333333333334
614_H-120	25.75	22.0	3.377349086186831	0.8386714421912442	0.9695431472081218
615_H-120	23.5	22.0	3.535673565598115	0.8750944021809206	0.9828326180257511
616_H-120	21.857142857142858	21.0	3.442199689855229	0.8664499999999999	0.98
617_H-120	20.166666666666668	20.0	3.346880469201192	0.8342592592592593	0.9888888888888889
618_H-120	21.5	21.0	3.5931330805650736	0.8881972355651406	0.9851485148514851
619_H-120	26.428571428571427	25.0	3.8318832441765833	0.8906545368620038	0.9728260869565217
61_H-120	28.2	24.0	3.477787873774088	0.8532222241352594	0.970954356846473
620_H-120	26.5	24.0	3.67946665311999	0.8776981807898954	0.9757281553398058
621_H-120	23.0	22.0	3.4936172796683005	0.8655489809335963	0.9829059829059829
622_H-120	23.5	21.0	3.3526485708985945	0.8368883050812118	0.9771689497716896
623_H-120	30.0	26.0	3.6546611428146036	0.8761883205070168	0.9574468085106383
624_H-120	26.0	23.0	3.5046289692229258	0.8572314049586777	0.9727272727272728
625_H-120	18.0	17.0	3.339938907839343	0.8615901234567901	0.9866666666666667
626_H-120	21.5	21.0	3.6211436605963354	0.8823195676192183	0.9836065573770492
627_H-120	19.2	19.0	3.5429624587579833	0.8833066264492413	0.9902912621359223
628_H-120	21.75	21.0	3.5329129691874437	0.8635766560330269	0.9863013698630136
629_H-120	26.75	23.0	3.426246804024023	0.8476859504132231	0.9727272727272728
62_H-120	23.5	21.0	3.40047959844926	0.8530286641427799	0.9651162790697675
630_H-120	28.5	21.0	3.457356615973062	0.8667352364687846	0.973568281938326
631_H-120	19.75	19.0	3.3173444179354368	0.8391295293627655	0.9846938775510204
632_H-120	26.0	23.0	3.5354547795844375	0.8641758723719197	0.9685863874345549
633_H-120	27.666666666666668	26.0	3.6293999839434887	0.8682797731568999	0.9782608695652174
634_H-120	26.5	24.0	3.6032477087646964	0.8761048292887214	0.971830985915493
635_H-120	28.0	23.0	3.768044358930515	0.8999336095785353	0.9712918660287081
636_H-120	19.6	19.0	3.390463040958939	0.8581268491124261	0.9855769230769231
637_H-120	25.2	24.0	3.693962186643776	0.8846424935390399	0.9823008849557522
638_H-120	33.0	27.0	3.576789741458751	0.8577563070316694	0.9565217391304348
639_H-120	19.5	18.0	3.3194962607978113	0.8575422822839287	0.9790575916230366
63_H-120	22.2	21.0	3.4237651675990963	0.8521604108811849	0.9781420765027322
640_H-120	32.0	25.0	3.672988372566848	0.8872	0.968
641_H-120	41.0	30.0	3.8883699819614375	0.8927798810167659	0.9302325581395349
642_H-120	55.0	29.0	3.8217245582316948	0.8946260387811634	0.9315789473684211
643_H-120	40.0	29.0	3.9586913822868044	0.9046743960707007	0.9364161849710982
644_H-120	27.2	23.0	3.4688492543279636	0.8592	0.965
645_H-120	33.333333333333336	24.0	3.6209468536637073	0.8871403729274634	0.966804979253112
646_H-120	24.0	18.0	3.432415188796981	0.8649233016800584	0.9783783783783784
647_H-120	21.0	20.0	3.4011054833479957	0.8471380739795918	0.9866071428571429
648_H-120	49.0	21.0	3.4287878783010832	0.8659771921255495	0.9631336405529954
649_H-120	23.5	21.0	3.430507321094066	0.8563012536525592	0.9757281553398058
64_H-120	31.2	27.0	3.73159024989024	0.8784831944843436	0.9703389830508474
650_H-120	22.2	21.0	3.5692393719511464	0.8773702422145329	0.9764705882352941
651_H-120	22.666666666666668	21.0	3.466138869185433	0.8674449203549732	0.9735449735449735
652_H-120	21.166666666666668	21.0	3.535243071802006	0.8739353053944526	0.9901477832512315
653_H-120	24.0	22.0	3.4540539009971827	0.8459467120181405	0.9702380952380952
654_H-120	24.125	24.0	3.7701981889316314	0.8905075731298416	0.989247311827957
655_H-120	29.666666666666668	25.0	3.564452060044814	0.8764679649174967	0.9631336405529954
656_H-120	21.0	19.0	3.2056982118333166	0.827203893996755	0.9709302325581395
657_H-120	28.75	25.0	3.6610956653079505	0.8705344518804788	0.970873786407767
658_H-120	22.0	20.0	3.3597913644255466	0.8562915077902074	0.9748743718592965
659_H-120	27.875	26.0	3.6460687559636793	0.8715530697190427	0.9758064516129032
65_H-120	31.2	24.0	3.430108562181116	0.8451523545706372	0.9526315789473684
660_H-120	31.625	29.0	3.760894729893992	0.8818580614145785	0.9728682170542635
661_H-120	46.33333333333333	28.0	3.7749713573610553	0.8827999306947848	0.945273631840796
662_H-120	41.0	23.0	3.525847592900246	0.8700102993040167	0.9497206703910615
663_H-120	24.2	23.0	3.6866906936712676	0.8802625622453599	0.9787234042553191
664_H-120	46.5	24.0	3.364259232379513	0.8385001059247228	0.957983193277311
665_H-120	23.0	22.0	3.480124692837913	0.8512901765504753	0.9787234042553191
666_H-120	22.5	20.0	3.6632762429335965	0.8984979179060083	0.9695121951219512
667_H-120	50.0	22.0	3.377750581569424	0.8430179016643831	0.9620853080568721
668_H-120	25.5	23.0	3.641268665494061	0.8957984047147285	0.9753086419753086
669_H-120	30.0	23.0	3.3754912845632887	0.836847554354688	0.9597989949748744
66_H-120	25.857142857142858	25.0	3.8353216500106297	0.8954839962144192	0.9802955665024631
670_H-120	24.0	19.0	3.406753436243066	0.8623305094634648	0.9758454106280193
671_H-120	24.0	21.0	3.2845390646187558	0.8195861678004536	0.9642857142857143
672_H-120	32.333333333333336	23.0	3.5084823813483283	0.8724019484173959	0.9647577092511013
673_H-120	43.0	22.0	3.5331816739168977	0.8714986514897323	0.967741935483871
674_H-120	29.666666666666668	25.0	3.740468810033355	0.8959166689038632	0.9585492227979274
675_H-120	21.6	21.0	3.530546825899991	0.8629489603024575	0.9836956521739131
676_H-120	27.625	25.0	3.379444816715575	0.8395439223415425	0.9699570815450643
677_H-120	27.142857142857142	25.0	3.6422483616136776	0.8746875000000001	0.975
678_H-120	19.2	19.0	3.3594663133639346	0.8582517243459551	0.9910313901345291
679_H-120	19.2	19.0	3.564286628478256	0.8820094808648399	0.989247311827957
67_H-120	29.25	24.0	3.6048378555595573	0.8678154935443565	0.9642857142857143
680_H-120	31.25	26.0	3.56904635900317	0.8533368014268727	0.9698275862068966
681_H-120	19.25	19.0	3.4572672252780574	0.8669261822376009	0.9901960784313726
682_H-120	28.5	26.0	3.7253657685149912	0.8799627487501225	0.9702970297029703
683_H-120	24.0	22.0	3.547167849849659	0.867887351018839	0.9754901960784313
684_H-120	34.0	19.0	3.533404601097681	0.8892622931690355	0.9710144927536232
685_H-120	32.0	25.0	3.8355992215511248	0.9033639805300162	0.9674418604651163
686_H-120	21.857142857142858	21.0	3.323325074454518	0.8274792243767313	0.9789473684210527
687_H-120	19.2	19.0	3.4895782586353614	0.8710493827160494	0.9888888888888889
688_H-120	28.2	24.0	3.365803612307246	0.8311339428786879	0.9660194174757282
689_H-120	21.166666666666668	21.0	3.482947354960956	0.8529079083796777	0.9902912621359223
68_H-120	21.166666666666668	21.0	3.3764294567602615	0.8240784499054821	0.9891304347826086
690_H-120	39.75	26.0	3.5136119886542914	0.8575541021691371	0.9447236180904522
691_H-120	23.375	23.0	3.54376251429903	0.8573511037067888	0.9846938775510204
692_H-120	27.875	26.0	3.68303137530144	0.8661011729794799	0.9682539682539683
693_H-120	19.75	19.0	3.4012723745002167	0.8608392336526447	0.9846938775510204
694_H-120	29.666666666666668	25.0	3.6445731438473943	0.8802952222901563	0.9626168224299065
695_H-120	34.0	25.0	3.542200046855813	0.8681929130544567	0.9587155963302753
696_H-120	19.333333333333332	19.0	3.215841329703489	0.8067207088321237	0.9902912621359223
697_H-120	23.0	22.0	3.596800085518993	0.874192440935052	0.9776536312849162
698_H-120	26.75	23.0	3.6330270955898833	0.8785054523466984	0.9726027397260274
699_H-120	20.75	20.0	3.601271465779343	0.8856494687900092	0.985781990521327
69_H-120	26.0	21.0	3.551660908382951	0.8817904028972385	0.9680851063829787
6_H-120	33.5	23.0	3.48360582653904	0.8508444444444445	0.9688888888888889
700_H-120	18.0	18.0	3.384447567956605	0.861559961568696	0.9953271028037384
701_H-120	26.333333333333332	23.0	3.67896355308923	0.879787550651313	0.9760765550239234
702_H-120	28.2	24.0	3.605828192523582	0.8704380746349378	0.9674418604651163
703_H-120	25.75	22.0	3.469545841654239	0.8523252982712443	0.972972972972973
704_H-120	31.5	21.0	3.4639845456601175	0.8618086805051531	0.9578313253012049
705_H-120	20.5	19.0	3.2528636663094765	0.8331619088280385	0.9823788546255506
706_H-120	28.25	23.0	3.5035596820475168	0.8571077578264163	0.9683257918552036
707_H-120	23.333333333333332	20.0	3.440584322967885	0.8691460055096418	0.9747474747474747
708_H-120	23.333333333333332	20.0	3.510935313397743	0.8738694632688294	0.9746192893401016
709_H-120	28.2	24.0	3.713226479222362	0.8838250526245448	0.9595375722543352
70_H-120	24.0	22.0	3.6301329664228414	0.8728373702422145	0.9803921568627451
710_H-120	20.5	20.0	3.318979453565386	0.8373525921062599	0.9849246231155779
711_H-120	30.25	25.0	3.719114852560681	0.875500365230095	0.9621621621621621
712_H-120	25.75	22.0	3.398616179788687	0.8481032943384996	0.9712918660287081
713_H-120	24.2	23.0	3.443911446437834	0.8394331214844035	0.9829059829059829
714_H-120	36.25	25.0	3.532326600152259	0.8652124114952103	0.9489795918367347
715_H-120	23.333333333333332	20.0	3.4160242301984174	0.8568042548271477	0.9731182795698925
716_H-120	24.5	22.0	3.4843766444849886	0.8653549382716049	0.9768518518518519
717_H-120	22.2	21.0	3.5108715120547025	0.870907639073729	0.9819004524886877
718_H-120	24.666666666666668	23.0	3.4860508799846963	0.8416597557836941	0.9732620320855615
719_H-120	20.2	19.0	3.305941798053328	0.8456015779092703	0.9794871794871794
71_H-120	25.75	25.0	3.55840805675385	0.8515697331874421	0.981651376146789
720_H-120	23.666666666666668	22.0	3.5502441316272457	0.8749519415609381	0.9754901960784313
721_H-120	24.5	22.0	3.552970602897794	0.8726518518518518	0.9777777777777777
722_H-120	27.2	23.0	3.339416875643396	0.832191171235315	0.9669811320754716
723_H-120	21.2	20.0	3.3743658632419	0.8465981611681991	0.9813953488372094
724_H-120	21.75	21.0	3.456595275097977	0.8634426652892562	0.9772727272727273
725_H-120	23.333333333333332	20.0	3.4909721751783067	0.8653719117452767	0.9712643678160919
726_H-120	28.0	21.0	3.414225942500723	0.8559673469387755	0.96
727_H-120	42.0	21.0	3.3897106482461004	0.85705092380904	0.9711934156378601
728_H-120	28.666666666666668	24.0	3.4894830732454434	0.855893377759267	0.9591836734693877
729_H-120	17.0	17.0	3.53503906942003	0.8878	0.995
72_H-120	39.0	24.0	3.487935582836065	0.862657174556213	0.9519230769230769
730_H-120	27.75	24.0	3.6222446778330823	0.8671567535457043	0.9701492537313433
731_H-120	30.666666666666668	26.0	3.630592092847047	0.8765394357585816	0.9626168224299065
732_H-120	22.0	21.0	3.4959945307800995	0.8679616140594288	0.978494623655914
733_H-120	33.0	18.0	3.287958621318866	0.8527620247847091	0.9710144927536232
734_H-120	30.6	25.0	3.6023850441288814	0.865420658059142	0.9591836734693877
735_H-120	23.0	22.0	3.5587943186433724	0.8769263471144648	0.979381443298969
736_H-120	34.0	25.0	3.704728420396432	0.8916420118343196	0.9567307692307693
737_H-120	28.0	21.0	3.367085723849525	0.8407626561472715	0.9641025641025641
738_H-120	23.0	22.0	3.6458164902239245	0.886842632045526	0.9786096256684492
739_H-120	30.666666666666668	26.0	3.591943985836081	0.8655897143067657	0.9656652360515021
73_H-120	19.25	19.0	3.4219109805353622	0.8560169165705498	0.9901960784313726
740_H-120	18.6	18.0	3.211391478544341	0.8332288214040431	0.9836065573770492
741_H-120	28.0	25.0	3.685995298403875	0.8909232462616447	0.9637305699481865
742_H-120	24.5	22.0	3.6172430028095324	0.8785426103314274	0.9751243781094527
743_H-120	31.25	26.0	3.903763564154304	0.9067120181405895	0.9666666666666667
744_H-120	24.5	24.0	3.711713286871133	0.873267587113741	0.9846153846153847
745_H-120	23.5	23.0	3.6005423723059797	0.8669767441860465	0.986046511627907
746_H-120	20.125	20.0	3.5111252657269034	0.8742880028479886	0.9905660377358491
747_H-120	23.375	23.0	3.6682878266429793	0.8846749381648535	0.9865470852017937
748_H-120	24.666666666666668	23.0	3.6077508919550683	0.8744000000000001	0.975
749_H-120	18.333333333333332	18.0	3.437453972756303	0.8703518868525558	0.9907834101382489
74_H-120	20.428571428571427	20.0	3.4904637839576593	0.8780952871756551	0.9847715736040609
750_H-120	32.5	22.0	3.539260082444573	0.870331557283907	0.964824120603015
751_H-120	25.666666666666668	24.0	3.524738380788792	0.860890889545821	0.9795081967213115
752_H-120	24.333333333333332	21.0	3.570561890189049	0.8826530612244898	0.9776785714285714
753_H-120	24.333333333333332	21.0	3.6569298199035245	0.8948469206123175	0.9764150943396226
754_H-120	27.5	25.0	3.617196021135643	0.8705450052029136	0.9758064516129032
755_H-120	25.333333333333332	22.0	3.4670989628116557	0.8544130315608114	0.9778761061946902
756_H-120	41.5	25.0	3.3066847383689986	0.8280363894139886	0.9347826086956522
757_H-120	25.666666666666668	24.0	3.597821308434405	0.8659550754458162	0.9768518518518519
758_H-120	20.5	20.0	3.2207453913917536	0.8200700398502596	0.9835164835164835
759_H-120	23.5	21.0	3.5221281994836717	0.8738025107952758	0.9732620320855615
75_H-120	24.0	23.0	3.4966836409090294	0.8598567560485632	0.9813084112149533
760_H-120	27.5	24.0	3.5818656485241416	0.873815032452243	0.9683257918552036
761_H-120	18.2	18.0	3.180775891313684	0.825221916131007	0.98989898989899
762_H-120	35.0	21.0	3.446386876812195	0.8719951923076923	0.9615384615384616
763_H-120	21.25	21.0	3.68508727060281	0.8884391222053559	0.9913419913419913
764_H-120	21.2	20.0	3.406680755715157	0.8661054725635027	0.9828326180257511
765_H-120	23.0	18.0	3.4191276288025962	0.8725537233908235	0.9748743718592965
766_H-120	22.2	21.0	3.587965644095692	0.8788540483885056	0.9813084112149533
767_H-120	28.2	24.0	3.5557166123565422	0.8636943352109683	0.9639175257731959
768_H-120	28.2	24.0	3.7446358922901384	0.8871361073007163	0.9567901234567902
769_H-120	19.5	18.0	3.2428476378748132	0.8313953488372092	0.9767441860465116
76_H-120	18.2	18.0	3.3648453946668533	0.8528979591836735	0.9885714285714285
770_H-120	26.6	26.0	3.682872653498954	0.8784592592592593	0.9822222222222222
771_H-120	30.666666666666668	26.0	3.63688115394808	0.8690649249605864	0.9638009049773756
772_H-120	20.25	20.0	3.426144724598858	0.8578	0.99
773_H-120	30.0	23.0	3.465285780503058	0.8553955978584176	0.9609756097560975
774_H-120	29.666666666666668	25.0	3.473279873436321	0.8453671411066076	0.9611650485436893
775_H-120	25.428571428571427	24.0	3.740175875656313	0.8919270833333334	0.9739583333333334
776_H-120	27.333333333333332	24.0	3.853107318404541	0.899482686072127	0.9751243781094527
777_H-120	23.2	22.0	3.6562357771578067	0.8870006756618415	0.9819004524886877
778_H-120	26.0	23.0	3.32827017812708	0.8282274043590916	0.9753086419753086
779_H-120	28.5	21.0	3.3700011356796047	0.8313503866745985	0.9634146341463414
77_H-120	29.0	22.0	3.562745018846288	0.8794074074074074	0.9688888888888889
780_H-120	30.6	25.0	3.621379277901894	0.8808140213307195	0.961352657004831
781_H-120	36.25	25.0	3.546440125308062	0.8729752066115702	0.9545454545454546
782_H-120	33.0	26.0	3.6198993568253974	0.865234375	0.9642857142857143
783_H-120	20.6	20.0	3.4920506613889897	0.8728561359542641	0.9867256637168141
784_H-120	26.75	26.0	3.8332956622106975	0.8896394987594087	0.9817351598173516
785_H-120	23.0	21.0	3.452700680830419	0.8572	0.975
786_H-120	27.25	26.0	3.5538733109145726	0.8468298176114541	0.9775784753363229
787_H-120	16.333333333333332	16.0	3.4000865010684493	0.8754788816180845	0.9902439024390244
788_H-120	24.0	21.0	3.599115710839415	0.8823167816405983	0.9834710743801653
789_H-120	25.666666666666668	24.0	3.669917583304349	0.8804732556124848	0.9751243781094527
78_H-120	29.666666666666668	25.0	3.6296741680831768	0.8732419600465825	0.9562841530054644
790_H-120	26.5	24.0	3.736313467111264	0.8845889695123772	0.9726775956284153
791_H-120	28.0	21.0	3.203253370412732	0.8162925178657104	0.9597989949748744
792_H-120	39.0	25.0	3.653162305586081	0.8706266820453672	0.9607843137254902
793_H-120	25.2	24.0	3.508899219463836	0.8411864921001657	0.9806763285024155
794_H-120	25.0	22.0	3.4915811131646617	0.8665573549560881	0.9715639810426541
795_H-120	21.2	20.0	3.5642950479740234	0.8874710702445737	0.9817351598173516
796_H-120	24.75	24.0	3.5404627963437925	0.8602137714106826	0.9845559845559846
797_H-120	25.333333333333332	22.0	3.6091420514252195	0.8717846988031476	0.9765258215962441
798_H-120	17.333333333333332	17.0	3.508450454795873	0.8793872694824509	0.9878048780487805
799_H-120	28.2	24.0	3.5782358200280613	0.8772346115948441	0.968609865470852
79_H-120	21.2	20.0	3.309874803537561	0.8409959807861974	0.9801980198019802
7_H-120	28.75	25.0	3.6061309762360616	0.8687446158665518	0.9734513274336283
800_H-120	24.375	24.0	3.7171065553321516	0.8829540046471264	0.9841269841269842
801_H-120	28.25	23.0	3.4497011160202704	0.8488089450656295	0.9625668449197861
802_H-120	28.5	25.0	3.600835064106252	0.8701597882560533	0.9653465346534653
803_H-120	15.0	15.0	3.09380134944156	0.8211122664849941	0.9940119760479041
804_H-120	32.0	23.0	3.467071652669487	0.8626442658875091	0.9513513513513514
805_H-120	38.857142857142854	31.0	3.8694447241481673	0.8913492212422593	0.9497716894977168
806_H-120	24.6	24.0	3.7392880900057697	0.8902066115702479	0.9863636363636363
807_H-120	20.2	19.0	3.372101677052543	0.86215	0.98
808_H-120	27.5	24.0	3.5799063846512595	0.8760234959060164	0.9669811320754716
809_H-120	19.0	16.0	3.175940967932326	0.841832406447356	0.9805825242718447
80_H-120	25.25	24.0	3.44495315538622	0.8449898125042925	0.9760765550239234
810_H-120	26.5	23.0	3.4105504810943748	0.8509475218658892	0.9642857142857143
811_H-120	20.0	20.0	3.4571283429485375	0.8514145689463132	0.9950248756218906
812_H-120	26.142857142857142	24.0	3.6483542689969277	0.874523370621954	0.9698492462311558
813_H-120	20.0	19.0	3.1857158022075853	0.8154861111111111	0.9875
814_H-120	25.75	22.0	3.406951842387036	0.8449314744801513	0.967391304347826
815_H-120	25.333333333333332	22.0	3.6386789637713752	0.8836230825420015	0.972972972972973
816_H-120	36.0	22.0	3.4614948362299285	0.8555751518714482	0.9576719576719577
817_H-120	24.5	22.0	3.4563571080755247	0.8605429352436611	0.9757281553398058
818_H-120	35.0	26.0	3.5918068452165355	0.8704431926878521	0.9484536082474226
819_H-120	27.142857142857142	25.0	3.5357649224419743	0.8510698463568668	0.970873786407767
81_H-120	20.5	19.0	3.3151041948817177	0.8354820936639118	0.9757575757575757
820_H-120	26.428571428571427	25.0	3.7042167304214675	0.8842114631541473	0.9764150943396226
821_H-120	23.11111111111111	23.0	3.616717555395187	0.875961168781238	0.9901960784313726
822_H-120	24.0	21.0	3.284231398871141	0.8231989530466979	0.9661016949152542
823_H-120	18.2	18.0	3.3499675785083562	0.8505011472044439	0.989010989010989
824_H-120	21.5	20.0	3.453028174807712	0.8657330279050396	0.9795918367346939
825_H-120	22.0	21.0	3.536197989028942	0.8817703708763063	0.9834710743801653
826_H-120	25.75	22.0	3.3827112888600106	0.8434903047091413	0.968421052631579
827_H-120	21.333333333333332	21.0	3.444371112145952	0.8444105029087396	0.990521327014218
828_H-120	23.6	23.0	3.597066367828305	0.8666702093740036	0.9845360824742269
829_H-120	31.0	26.0	3.7622961323751203	0.8753602934754127	0.9719626168224299
82_H-120	23.428571428571427	23.0	3.661406224871134	0.8855306828613798	0.9873949579831933
830_H-120	23.857142857142858	23.0	3.6025767685179586	0.872955099199443	0.9819004524886877
831_H-120	29.0	26.0	3.6381448414124367	0.863875044499822	0.9669811320754716
832_H-120	23.5	21.0	3.3671493884690364	0.8478178904703554	0.9757281553398058
833_H-120	29.0	22.0	3.444434758160065	0.8617049673614987	0.9605911330049262
834_H-120	22.25	22.0	3.482003732672353	0.8488812125211046	0.9911894273127754
835_H-120	23.0	22.0	3.451826116900839	0.8487947406866325	0.9783783783783784
836_H-120	38.0	24.0	3.609628856294003	0.8666022775768738	0.9620853080568721
837_H-120	30.0	23.0	3.5435227040386934	0.8638191552647234	0.9658536585365853
838_H-120	26.75	23.0	3.5758657605767517	0.8660813863707856	0.9679144385026738
839_H-120	22.0	20.0	3.3387621072989915	0.8478413217524262	0.9769585253456221
83_H-120	22.5	22.0	3.7303637277162314	0.89395	0.985
840_H-120	26.428571428571427	25.0	3.720107530586914	0.8873635985006247	0.9795918367346939
841_H-120	40.0	29.0	3.6811108682072216	0.8754378333829353	0.9425837320574163
842_H-120	25.75	22.0	3.4987731577367267	0.8657407407407407	0.9666666666666667
843_H-120	24.0	22.0	3.641193335674949	0.8867901234567901	0.9722222222222222
844_H-120	27.5	26.0	3.7271253129575257	0.8801847029450455	0.9689119170984456
845_H-120	21.2	20.0	3.4618601700353997	0.8663417590464887	0.9798994974874372
846_H-120	26.666666666666668	25.0	3.739936421463776	0.8788877326858596	0.9731182795698925
847_H-120	24.0	22.0	3.6504668910774645	0.8820458221576135	0.9819004524886877
848_H-120	22.5	21.0	3.5346174208699264	0.8646421212935591	0.9781420765027322
849_H-120	19.25	19.0	3.601419220090965	0.8908695535450616	0.9896373056994818
84_H-120	22.0	21.0	3.4467482493767445	0.8494229943688291	0.9798994974874372
850_H-120	29.0	22.0	3.457796733551669	0.8475586312956555	0.9656862745098039
851_H-120	20.5	19.0	3.436351249781454	0.8709685403826638	0.9800995024875622
852_H-120	23.0	21.0	3.584600178728149	0.8827300467512108	0.9735449735449735
853_H-120	23.5	21.0	3.3861510247394198	0.8494182825484764	0.9736842105263158
854_H-120	27.0	24.0	3.5328526480165197	0.8560799533471415	0.9730941704035875
855_H-120	25.666666666666668	24.0	3.675305732641291	0.8805358052852532	0.9753694581280788
856_H-120	26.0	23.0	3.5522331566037804	0.8656532571876487	0.9682539682539683
857_H-120	23.5	22.0	3.5633397349697735	0.8712114595161149	0.9813084112149533
858_H-120	23.0	22.0	3.582865243213171	0.8775470972702807	0.9803921568627451
859_H-120	26.0	23.0	3.472606802732912	0.8517966718012171	0.9698492462311558
85_H-120	23.0	21.0	3.5519602037866322	0.8873082692214642	0.9839357429718876
860_H-120	21.5	21.0	3.4056301150572783	0.8416333324384547	0.9844559585492227
861_H-120	28.0	23.0	3.5658210532597203	0.8662878192313739	0.9715639810426541
862_H-120	32.0	25.0	3.4251320845119593	0.8179441015089164	0.9675925925925926
863_H-120	27.142857142857142	25.0	3.581840043657406	0.8600538254517494	0.9705882352941176
864_H-120	25.0	24.0	3.7238990848573277	0.8866788903061225	0.9821428571428571
865_H-120	21.5	20.0	3.4794571064981827	0.8657768222401385	0.9781420765027322
866_H-120	18.0	18.0	3.3596744140275643	0.8441568901178556	1.0
867_H-120	22.428571428571427	22.0	3.7104518397352826	0.9008358374788515	0.9849246231155779
868_H-120	26.0	24.0	3.8029732212882186	0.897687074829932	0.9761904761904762
869_H-120	21.5	20.0	3.5869402662727863	0.8877495659722222	0.9791666666666666
86_H-120	21.857142857142858	21.0	3.3507567661302318	0.8350651896872856	0.9801980198019802
870_H-120	24.0	22.0	3.4597510154455096	0.8486853063652587	0.975609756097561
871_H-120	28.0	21.0	3.290170305556543	0.8463499999999999	0.965
872_H-120	21.0	19.0	3.2194714652680303	0.8421768707482993	0.9761904761904762
873_H-120	25.333333333333332	22.0	3.575442797180225	0.8689929599020508	0.9747474747474747
874_H-120	36.857142857142854	29.0	3.6255907034886112	0.8690366266543552	0.9517543859649122
875_H-120	21.75	21.0	3.547253219148718	0.8633959845241639	0.9856459330143541
876_H-120	25.666666666666668	24.0	3.841294453353579	0.9046204081632653	0.9714285714285714
877_H-120	19.0	18.0	3.3217763636433375	0.8473469387755102	0.9828571428571429
878_H-120	23.2	22.0	3.563255169333111	0.8668126975007182	0.9830508474576272
879_H-120	24.857142857142858	24.0	3.5981963508987516	0.8751795461074404	0.9830508474576272
87_H-120	26.5	24.0	3.65237812434065	0.8783386501532495	0.9726027397260274
880_H-120	28.5	21.0	3.431354977254109	0.8598255606977572	0.9716981132075472
881_H-120	25.5	23.0	3.648281495515889	0.8675506782502668	0.9691358024691358
882_H-120	20.6	20.0	3.544761596789398	0.8751714677640604	0.9841269841269842
883_H-120	26.0	23.0	3.583617994649993	0.880605685800491	0.974025974025974
884_H-120	29.25	24.0	3.6401735628783687	0.8787878787878788	0.9646464646464646
885_H-120	28.25	23.0	3.5029566380117267	0.8528124910635134	0.9625668449197861
886_H-120	26.0	21.0	3.5269421573363267	0.8754384100329472	0.9690721649484536
887_H-120	35.5	28.0	3.7210581933330666	0.8730394808004327	0.9418604651162791
888_H-120	26.0	21.0	3.478246480017548	0.8614566554755574	0.9779735682819384
889_H-120	21.6	21.0	3.5253354072605743	0.8678099173553719	0.9863636363636363
88_H-120	31.333333333333336	22.0	3.4280890728697404	0.8657727797001153	0.9607843137254902
890_H-120	18.75	18.0	3.390175050741706	0.8614404432132964	0.9842105263157894
891_H-120	30.0	27.0	3.660700787673738	0.8751335244841738	0.9696969696969697
892_H-120	23.0	18.0	3.283201187162233	0.8477282624473799	0.9698795180722891
893_H-120	29.0	22.0	3.478104298619483	0.8610740372248781	0.9655172413793104
894_H-120	32.5	22.0	3.494757005018664	0.861248870374044	0.9671361502347418
895_H-120	19.5	19.0	3.4383796352358913	0.8397744082840237	0.9903846153846154
896_H-120	18.25	18.0	3.402642545915874	0.8681575344304545	0.9896373056994818
897_H-120	19.0	18.0	3.355068594306627	0.8492889351370101	0.9838709677419355
898_H-120	32.333333333333336	23.0	3.5831621793916324	0.8808163265306123	0.9619047619047619
899_H-120	26.666666666666668	25.0	3.6928290857351773	0.8757208979975744	0.9751243781094527
89_H-120	22.5	22.0	3.5806601353653487	0.8664478550295858	0.9855769230769231
8_H-120	25.0	20.0	3.5487446787125334	0.8851642219387755	0.9776785714285714
900_H-120	28.545454545454547	28.0	3.7943621192768737	0.883099173553719	0.9818181818181818
901_H-120	49.0	21.0	3.3998181928862623	0.8528014174877179	0.9585492227979274
902_H-120	24.0	18.0	3.3289067298617705	0.8525144593667288	0.9801980198019802
903_H-120	28.0	18.0	3.260625785984499	0.840379138483446	0.9764150943396226
904_H-120	29.666666666666668	25.0	3.499521411938005	0.857803894269159	0.9638009049773756
905_H-120	26.0	23.0	3.5817687782727945	0.8729042725797729	0.9720930232558139
906_H-120	27.5	24.0	3.5090162593179324	0.8528575629840212	0.9653465346534653
907_H-120	23.666666666666668	22.0	3.6503317572347904	0.8901098901098901	0.9725274725274725
908_H-120	22.666666666666668	21.0	3.2138577675203037	0.8021800709957331	0.9700598802395209
909_H-120	26.5	24.0	3.583727083737084	0.8653794967343011	0.9773755656108597
90_H-120	29.25	24.0	3.5191929871942325	0.8503072131975423	0.9678899082568807
910_H-120	31.25	26.0	3.579795233365244	0.855518678059459	0.9705882352941176
911_H-120	27.875	26.0	3.761517446502869	0.8869907059137567	0.9704433497536946
912_H-120	23.0	22.0	3.402742301753384	0.8456523870208803	0.9801980198019802
913_H-120	34.0	22.0	3.1734231080919653	0.801956285472769	0.9505494505494505
914_H-120	20.142857142857142	20.0	3.5744413445780143	0.8815431932873481	0.9890710382513661
915_H-120	21.5	20.0	3.4797589148680492	0.8747462017783378	0.9806763285024155
916_H-120	31.0	28.0	3.835683019016339	0.8961943759824564	0.9691629955947136
917_H-120	27.75	24.0	3.706921183826015	0.8950884275278739	0.9705882352941176
918_H-120	27.142857142857142	25.0	3.794889060940231	0.8991625169760072	0.9680851063829787
919_H-120	22.5	21.0	3.6037404973731513	0.8852066115702479	0.9818181818181818
91_H-120	26.5	24.0	3.520808861358122	0.8644099286563615	0.9741379310344828
920_H-120	23.5	21.0	3.543961890808063	0.8837334564481379	0.9780701754385965
921_H-120	23.5	21.0	3.5335752900401807	0.8720771027410132	0.9740932642487047
922_H-120	20.5	20.0	3.4275443038114006	0.861826150474799	0.9837837837837837
923_H-120	27.5	24.0	3.4343110117273348	0.8287002043615801	0.962962962962963
924_H-120	19.25	19.0	3.4785622027886807	0.8633620363122143	0.9899497487437185
925_H-120	28.25	23.0	3.5211596103026785	0.8659461294703485	0.9627659574468085
926_H-120	21.6	21.0	3.5857281305153896	0.8799980776624375	0.9852941176470589
927_H-120	23.0	21.0	3.4867377159943462	0.8603920118343196	0.9807692307692307
928_H-120	22.0	21.0	3.5617693830179302	0.8749760149118719	0.9790575916230366
929_H-120	22.0	20.0	3.4754189637749233	0.8638040816326531	0.9771428571428571
92_H-120	26.0	23.0	3.4897409962364914	0.859467575683792	0.972972972972973
930_H-120	30.0	23.0	3.5209965962011074	0.8705786236063053	0.9607843137254902
931_H-120	28.2	24.0	3.6882667274964933	0.8922808124438836	0.9655172413793104
932_H-120	34.0	22.0	3.1963213887702104	0.8147771810132095	0.9457831325301205
933_H-120	19.5	19.0	3.434627269986366	0.8687654320987654	0.9833333333333333
934_H-120	36.0	22.0	3.5503954384911074	0.8766405274257284	0.9638009049773756
935_H-120	18.0	18.0	3.380302981029594	0.8557541359739163	0.9945054945054945
936_H-120	25.75	22.0	3.6521646900588007	0.8850157199108697	0.9668508287292817
937_H-120	26.75	23.0	3.598956853725719	0.8766614687755253	0.9701492537313433
938_H-120	25.5	23.0	3.444787462569157	0.8422259752715748	0.9771689497716896
939_H-120	57.0	24.0	3.3925788585921994	0.8511175465953813	0.9402985074626866
93_H-120	22.5	20.0	3.5276878308976616	0.8793904958677686	0.9715909090909091
940_H-120	28.25	23.0	3.6249370781997303	0.8805730983127533	0.9660194174757282
941_H-120	25.428571428571427	24.0	3.6716639111031366	0.8893176695580902	0.9793388429752066
942_H-120	25.0	24.0	3.653284350626758	0.8801026849591785	0.981651376146789
943_H-120	34.333333333333336	25.0	3.7001327765890464	0.8873149691206744	0.9603960396039604
944_H-120	22.0	20.0	3.382703653096245	0.862412413756074	0.9740932642487047
945_H-120	30.25	25.0	3.6368472178822593	0.8757533409031357	0.9672897196261683
946_H-120	27.0	24.0	3.755170267193659	0.8974207013836997	0.9695431472081218
947_H-120	24.0	22.0	3.6291522564926066	0.8836883348552741	0.9815668202764977
948_H-120	27.875	26.0	3.9048722201062263	0.9082445759368837	0.9692307692307692
949_H-120	30.0	23.0	3.7190488962548054	0.89185	0.965
94_H-120	25.0	22.0	3.2205806505557395	0.7984106955891433	0.9689119170984456
950_H-120	27.25	22.0	3.3488179218265746	0.8439164992575771	0.9672897196261683
951_H-120	20.0	19.0	3.6090453271169545	0.8816647970513496	0.9904306220095693
952_H-120	21.5	21.0	3.565836776168118	0.8753873966942148	0.9829545454545454
953_H-120	27.2	23.0	3.6104149692756606	0.8864385163141673	0.9639175257731959
954_H-120	26.142857142857142	24.0	3.544361572272224	0.8528594874384547	0.9662921348314607
955_H-120	26.75	23.0	3.5682683287288417	0.8712093195266273	0.9711538461538461
956_H-120	25.0	20.0	3.351414288069404	0.8460871339659218	0.9747474747474747
957_H-120	32.333333333333336	23.0	3.4158138729051606	0.8407709750566893	0.9619047619047619
958_H-120	27.0	22.0	3.649971792083519	0.887989355521823	0.9783549783549783
959_H-120	23.0	22.0	3.514929397598764	0.8612163065270662	0.9800995024875622
95_H-120	36.25	25.0	3.6277762990634694	0.8788023875642377	0.943502824858757
960_H-120	24.0	23.0	3.7351579267898085	0.8886607897596909	0.978021978021978
961_H-120	20.125	20.0	3.3747994777447095	0.8546805087174062	0.9906103286384976
962_H-120	28.0	23.0	3.520162515137313	0.8570082005844094	0.970873786407767
963_H-120	24.666666666666668	23.0	3.504630330781872	0.8584968292850439	0.9760765550239234
964_H-120	20.0	20.0	3.5185196619031425	0.8682583024107914	1.0
965_H-120	25.75	22.0	3.435814819369789	0.8489232395296604	0.9655172413793104
966_H-120	24.75	24.0	3.5982391751318605	0.8661511479591837	0.9821428571428571
967_H-120	28.0	25.0	3.7593470862879457	0.8827465303140979	0.9675675675675676
968_H-120	31.0	24.0	3.448824655266615	0.8386432702676209	0.9653465346534653
969_H-120	24.666666666666668	23.0	3.580885894528012	0.8771759591686235	0.9779735682819384
96_H-120	21.6	21.0	3.4557345963866455	0.8524640342822161	0.9848484848484849
970_H-120	25.5	23.0	3.516042492757939	0.8608316657986349	0.9685863874345549
971_H-120	24.5	22.0	3.649724511344944	0.8733122665900603	0.9717514124293786
972_H-120	30.6	25.0	3.537476286141442	0.8503087932555632	0.9603960396039604
973_H-120	24.75	21.0	3.3523229751495873	0.8459090909090909	0.9727272727272728
974_H-120	22.5	22.0	3.5885901099156445	0.8669838820301783	0.9861111111111112
975_H-120	25.142857142857142	23.0	3.4674339741911613	0.8512836638889513	0.9715639810426541
976_H-120	21.2	20.0	3.4751603353312137	0.8627777777777778	0.9777777777777777
977_H-120	21.2	20.0	3.4436957100442793	0.8589086127547666	0.9794871794871794
978_H-120	27.0	24.0	3.4462891889430396	0.8416617093000198	0.975609756097561
979_H-120	27.0	24.0	3.4712645920365546	0.8518906962109799	0.9737991266375546
97_H-120	29.2	25.0	3.6348278624568344	0.880844232124677	0.9690265486725663
980_H-120	30.0	23.0	3.3826248559067604	0.8441725256895619	0.9534883720930233
981_H-120	26.142857142857142	24.0	3.579791426557333	0.8668249020561068	0.9679144385026738
982_H-120	17.75	17.0	3.2983036673138866	0.85779507881584	0.9852941176470589
983_H-120	22.6	22.0	3.6537707214593143	0.8848519800076894	0.9852941176470589
984_H-120	28.5	26.0	3.6959244145073886	0.8692077895824442	0.9715639810426541
985_H-120	28.2	24.0	3.5080199301267876	0.855685462488321	0.964824120603015
986_H-120	42.0	21.0	3.498937181008544	0.867887351018839	0.9656862745098039
987_H-120	31.6	26.0	3.7027031427320187	0.8786141764096866	0.9597989949748744
988_H-120	25.2	24.0	3.741947334637377	0.8792737286751149	0.9806763285024155
989_H-120	23.333333333333332	20.0	3.325688147575658	0.8405420991926182	0.9754901960784313
98_H-120	23.0	22.0	3.5447844292670463	0.8632748390354753	0.9775280898876404
990_H-120	19.25	19.0	3.3659219483438543	0.8428612467681701	0.9887005649717514
991_H-120	23.2	22.0	3.736698410370987	0.8930693660604975	0.9781420765027322
992_H-120	27.75	24.0	3.5741967140570656	0.8680151228733459	0.9739130434782609
993_H-120	32.2	25.0	3.6984701581333526	0.8902524237924709	0.9579439252336449
994_H-120	18.5	17.0	3.1839029479155583	0.8277183247456732	0.9827586206896551
995_H-120	22.2	21.0	3.526013430733852	0.8688398802009851	0.9800995024875622
996_H-120	20.5	20.0	3.3971166464430986	0.8525332840236687	0.9855769230769231
997_H-120	26.0	23.0	3.6070539808479927	0.8729258559126234	0.9710144927536232
998_H-120	30.25	25.0	3.5650037845859734	0.8542275426524649	0.9660194174757282
999_H-120	30.666666666666668	26.0	3.537986761570436	0.8480575078409377	0.9617224880382775
99_H-120	24.857142857142858	24.0	3.779363192462246	0.8945901920438958	0.9814814814814815
9_H-120	42.0	24.0	3.497342748463579	0.8532951118277643	0.9508196721311475
