	chao1	observed_otus	shannon	simpson	goods_coverage
1000_OMC-126	7.25	7.0	1.5580627689502895	0.5176673369721345	0.9661016949152542
100_OMC-126	1.0	1.0	-0.0	0.0	1.0
101_OMC-126	4.0	4.0	0.9573702761383474	0.3260946956212174	1.0
102_OMC-126	5.0	5.0	1.3755094214501091	0.4991319444444444	0.9791666666666666
103_OMC-126	4.0	4.0	1.2361862832554125	0.46502835538752363	1.0
104_OMC-126	6.0	6.0	1.5885758038618192	0.5262855501292731	1.0
105_OMC-126	5.0	5.0	0.9584205674480689	0.2920497566252028	0.9767441860465116
106_OMC-126	6.0	6.0	1.5929581217570346	0.5370370370370371	0.9814814814814815
107_OMC-126	5.0	5.0	1.3125349516616018	0.4726331360946746	0.9807692307692307
108_OMC-126	5.0	5.0	1.099547564091043	0.34310018903591677	1.0
109_OMC-126	7.25	7.0	1.372198730086511	0.42924037460978137	0.967741935483871
10_OMC-126	4.0	4.0	1.0349076292335602	0.38751714677640603	0.9814814814814815
110_OMC-126	8.0	8.0	1.8286081438246897	0.5724267669981187	0.9836065573770492
111_OMC-126	7.0	7.0	1.7365833205355823	0.5968858131487889	1.0
112_OMC-126	5.0	5.0	1.3612922154015539	0.4470416362308254	1.0
113_OMC-126	4.0	4.0	0.8302976707487129	0.2736094674556213	1.0
114_OMC-126	7.0	7.0	1.7236031886662115	0.5323456790123458	0.9777777777777777
115_OMC-126	6.0	6.0	1.5450892708135933	0.5321823981985363	1.0
116_OMC-126	9.0	8.0	1.659403307999805	0.5068587105624143	0.9444444444444444
117_OMC-126	7.0	7.0	1.3378901681991087	0.393967374576793	0.9824561403508771
118_OMC-126	9.0	9.0	2.134336113194451	0.6227709190672155	1.0
119_OMC-126	4.0	4.0	0.7304366920296937	0.2249062890462309	1.0
11_OMC-126	5.0	5.0	1.408222675578688	0.4722222222222221	1.0
120_OMC-126	4.0	4.0	0.9898315074774172	0.36682520808561225	0.9827586206896551
121_OMC-126	5.0	5.0	1.0558927290103626	0.330078125	1.0
122_OMC-126	2.0	2.0	0.5983474220910422	0.24859504132231414	1.0
123_OMC-126	3.0	3.0	0.7745178605709557	0.2832153269471054	1.0
124_OMC-126	5.0	5.0	1.5999583667609252	0.5609876543209876	1.0
125_OMC-126	5.0	5.0	1.0532341588640246	0.33234244946492286	1.0
126_OMC-126	5.0	5.0	1.2420936737184516	0.4191735537190082	1.0
127_OMC-126	4.0	4.0	1.1183698009902907	0.38530612244897955	1.0
128_OMC-126	8.2	8.0	1.6719505165357167	0.5227777777777778	0.9666666666666667
129_OMC-126	7.333333333333333	7.0	1.5884600730019838	0.514377855415211	0.9672131147540983
12_OMC-126	4.0	4.0	0.9731284054960412	0.32373113854595337	1.0
130_OMC-126	4.0	4.0	1.5451521971989497	0.5813148788927336	1.0
131_OMC-126	6.0	6.0	1.619470570797252	0.5439999999999999	1.0
132_OMC-126	6.0	6.0	1.606115266937257	0.5234567901234568	1.0
133_OMC-126	6.0	6.0	1.6107845483996805	0.5096952908587258	1.0
134_OMC-126	6.0	6.0	1.077351838220023	0.3139427516158818	1.0
135_OMC-126	5.0	5.0	1.2838970058927528	0.4113865932047751	1.0
136_OMC-126	4.0	4.0	0.9094652062254913	0.29591836734693866	1.0
137_OMC-126	5.0	5.0	1.1929993566060648	0.3905325443786982	1.0
138_OMC-126	5.5	5.0	1.1658942083900237	0.39569160997732433	0.9523809523809523
139_OMC-126	5.0	5.0	1.3855538128532954	0.4958677685950412	1.0
13_OMC-126	5.0	5.0	1.353382749604926	0.45520000000000005	1.0
140_OMC-126	3.0	3.0	0.806737929570563	0.2950624628197501	1.0
141_OMC-126	6.0	6.0	1.5486200663804746	0.49479383590170767	1.0
142_OMC-126	5.0	5.0	1.320451213806454	0.46016528925619826	1.0
143_OMC-126	6.0	6.0	1.2989565682277369	0.39644970414201186	1.0
144_OMC-126	5.0	5.0	1.2109995356350125	0.3870967741935485	0.967741935483871
145_OMC-126	5.0	5.0	1.0908625593230996	0.35474930713025954	1.0
146_OMC-126	4.0	4.0	0.9955049693914547	0.3655692729766804	0.9814814814814815
147_OMC-126	5.0	5.0	1.5660983633312562	0.5847563515202	1.0
148_OMC-126	6.0	6.0	1.6532933005443113	0.5556018325697625	0.9795918367346939
149_OMC-126	5.0	5.0	1.3415398572273525	0.4800347222222222	0.9791666666666666
14_OMC-126	7.0	7.0	1.3753618803189163	0.40484429065743954	1.0
150_OMC-126	4.0	4.0	1.367368286340047	0.5106382978723405	1.0
151_OMC-126	6.0	6.0	1.3224227955004835	0.42653810835629	1.0
152_OMC-126	6.0	6.0	1.3164987909901904	0.40737240075614356	0.9782608695652174
153_OMC-126	5.0	5.0	1.2100285140347624	0.38842975206611574	1.0
154_OMC-126	6.0	6.0	1.3741854163060887	0.42361111111111105	1.0
155_OMC-126	5.0	5.0	1.5032315938024505	0.5396975425330812	1.0
156_OMC-126	6.0	6.0	1.5258597117543193	0.49546485260770967	0.9761904761904762
157_OMC-126	5.0	5.0	1.3386913626239056	0.4581424406497294	1.0
158_OMC-126	3.0	3.0	0.7742433029172697	0.2770083102493076	1.0
159_OMC-126	5.0	5.0	1.4248501191874308	0.520408163265306	1.0
15_OMC-126	5.0	4.0	0.8268748818646382	0.278393351800554	0.9473684210526316
160_OMC-126	8.0	8.0	1.781797423700696	0.5187388459250446	0.975609756097561
161_OMC-126	5.0	5.0	1.4305054427612414	0.47918188458728994	1.0
162_OMC-126	8.2	8.0	1.7156782419426675	0.5274348422496571	0.962962962962963
163_OMC-126	8.0	8.0	1.9755214393901526	0.5840995132504057	1.0
164_OMC-126	6.0	6.0	1.377702087357906	0.4290657439446367	1.0
165_OMC-126	6.0	6.0	1.3432994441819814	0.42091836734693877	1.0
166_OMC-126	6.333333333333333	6.0	1.379664004902594	0.4473140495867768	0.9545454545454546
167_OMC-126	5.0	5.0	1.2118486281673901	0.3948080043266631	0.9767441860465116
168_OMC-126	6.333333333333333	6.0	1.301065103715944	0.4175347222222222	0.9583333333333334
169_OMC-126	3.0	3.0	1.0211191885631823	0.4224	1.0
16_OMC-126	7.0	7.0	1.4003726279897948	0.43814878892733544	0.9852941176470589
170_OMC-126	7.5	6.0	1.419227900168605	0.49527410207939504	0.9347826086956522
171_OMC-126	7.0	7.0	1.737296650497306	0.5525097899608402	1.0
172_OMC-126	6.0	6.0	1.3121252976772173	0.41386723998925024	1.0
173_OMC-126	6.0	6.0	1.6961414566820188	0.566749733001068	1.0
174_OMC-126	5.0	5.0	1.2551880960645945	0.4390618992695118	0.9803921568627451
175_OMC-126	4.0	4.0	1.1012698490473094	0.3872363439697134	1.0
176_OMC-126	3.0	3.0	0.9333145936117405	0.36892361111111105	1.0
177_OMC-126	5.0	5.0	1.4170713362029106	0.4997917534360683	1.0
178_OMC-126	4.0	4.0	1.166342889840669	0.4413265306122448	1.0
179_OMC-126	7.0	7.0	1.8980873342033335	0.6194375222499111	1.0
17_OMC-126	5.0	5.0	1.32151018873626	0.45120000000000005	1.0
180_OMC-126	7.75	7.0	1.0672321441109618	0.30041152263374493	0.9444444444444444
181_OMC-126	6.0	6.0	0.9654263067035167	0.27548209366391163	1.0
182_OMC-126	5.0	5.0	1.4657904693384456	0.4986149584487535	1.0
183_OMC-126	4.0	4.0	0.6793652793002186	0.20576131687242816	1.0
184_OMC-126	5.0	5.0	1.3627715776536318	0.4728	1.0
185_OMC-126	6.0	6.0	1.6640438025343036	0.5658669081032142	0.9787234042553191
186_OMC-126	5.0	5.0	1.295659529821394	0.43100189035916825	1.0
187_OMC-126	2.0	2.0	0.6807937753703207	0.2956194571351787	1.0
188_OMC-126	5.0	5.0	1.0099441175227832	0.31955922865013764	1.0
189_OMC-126	5.0	5.0	1.452277571941642	0.5040562466197945	1.0
18_OMC-126	6.0	6.0	1.5757623263941247	0.5258264462809918	0.9772727272727273
190_OMC-126	3.0	3.0	0.8626650216510483	0.327977315689981	1.0
191_OMC-126	5.0	5.0	1.2494602799216175	0.40362811791383224	1.0
192_OMC-126	3.0	3.0	1.1567796494470395	0.4600000000000001	1.0
193_OMC-126	6.333333333333333	6.0	1.3439983904367672	0.44521337946943496	0.9607843137254902
194_OMC-126	5.0	5.0	1.2288606992093019	0.42320000000000013	0.98
195_OMC-126	8.25	8.0	1.929009811483176	0.58085451595457	0.9534883720930233
196_OMC-126	5.0	5.0	1.3923521869447806	0.48396694214876035	1.0
197_OMC-126	5.0	4.0	0.9933757073838639	0.3866144535421858	0.9622641509433962
198_OMC-126	5.0	5.0	1.124549949992527	0.3612763656030288	0.9767441860465116
199_OMC-126	2.0	2.0	0.6646953053493418	0.28624260355029596	1.0
19_OMC-126	4.0	4.0	1.2154734981184119	0.47114812611540735	0.975609756097561
1_OMC-126	5.0	5.0	1.310454374732051	0.4418402777777779	1.0
200_OMC-126	4.0	4.0	1.1771245697587875	0.4383999999999999	1.0
201_OMC-126	6.0	6.0	1.281512300047323	0.3901744393022428	1.0
202_OMC-126	5.0	5.0	0.9410814608879178	0.2843951985226225	1.0
203_OMC-126	4.0	4.0	1.3516292011348525	0.5330812854442344	1.0
204_OMC-126	7.0	7.0	1.6103242884994726	0.4842355740630577	0.975609756097561
205_OMC-126	4.0	4.0	0.9944663403237344	0.3495838287752675	1.0
206_OMC-126	4.0	4.0	1.146889908897785	0.44357638888888884	0.9791666666666666
207_OMC-126	10.0	7.0	1.6872593659239958	0.5303703703703704	0.9333333333333333
208_OMC-126	5.0	5.0	1.2618697181577059	0.44506920415224915	0.9852941176470589
209_OMC-126	5.0	5.0	1.2125120231449158	0.41166666666666674	1.0
20_OMC-126	6.0	6.0	1.5673690836774798	0.5380499405469679	1.0
210_OMC-126	4.0	4.0	1.0672820786263026	0.38888888888888895	0.9761904761904762
211_OMC-126	8.25	8.0	1.6782603278699788	0.49440000000000006	0.96
212_OMC-126	5.0	5.0	1.4686203878546413	0.49739583333333337	1.0
213_OMC-126	3.0	3.0	0.4368248862161963	0.13492063492063489	0.9761904761904762
214_OMC-126	5.0	5.0	1.2870724848079707	0.45231153685964187	0.9795918367346939
215_OMC-126	2.0	2.0	0.828055725379504	0.3856332703213612	1.0
216_OMC-126	5.0	5.0	1.0103029464166382	0.31125000000000014	0.975
217_OMC-126	5.0	5.0	1.227402569259248	0.41326530612244894	1.0
218_OMC-126	7.0	7.0	1.348899367326227	0.4061476442428824	0.9841269841269842
219_OMC-126	5.0	5.0	1.3504177270172832	0.4640998959417272	1.0
21_OMC-126	6.0	6.0	1.2645665437059144	0.3840877914951989	1.0
220_OMC-126	5.0	4.0	0.9722539283649269	0.33999999999999997	0.9333333333333333
221_OMC-126	3.0	3.0	0.9123163027543336	0.35538752362948955	1.0
222_OMC-126	10.25	10.0	2.152188452119194	0.623507805325987	0.9696969696969697
223_OMC-126	4.0	4.0	1.1921488389669828	0.4200995925758262	1.0
224_OMC-126	6.0	6.0	1.508073134943777	0.4798154555940022	1.0
225_OMC-126	7.0	7.0	2.0976046181151355	0.6853063652587745	0.975609756097561
226_OMC-126	3.0	3.0	1.0331737299469324	0.40790842872008326	1.0
227_OMC-126	4.0	4.0	1.29499507471547	0.4819944598337951	1.0
228_OMC-126	5.0	5.0	1.1530770229532348	0.3706266820453672	1.0
229_OMC-126	5.0	5.0	1.1336983823367466	0.3673469387755103	1.0
22_OMC-126	8.0	8.0	1.5222585776066266	0.44677734375	0.984375
230_OMC-126	7.0	7.0	1.6042509441678179	0.5098855359001041	1.0
231_OMC-126	2.0	2.0	0.6892019851173655	0.30055401662049874	1.0
232_OMC-126	4.0	4.0	0.6889454351509546	0.20932716269134932	1.0
233_OMC-126	10.2	9.0	1.6148529643556977	0.4523456790123458	0.9111111111111111
234_OMC-126	3.0	3.0	0.8818985780251399	0.3232467070131718	1.0
235_OMC-126	6.0	6.0	1.6528754786975814	0.5353955978584175	1.0
236_OMC-126	2.0	2.0	0.7219280948873623	0.31999999999999984	1.0
237_OMC-126	5.0	5.0	1.2703640733048154	0.4812244897959185	0.9857142857142858
238_OMC-126	3.0	3.0	0.9255008230823549	0.3472057074910819	1.0
239_OMC-126	6.0	6.0	1.5446951082982976	0.4870982344952467	1.0
23_OMC-126	3.0	3.0	1.028020523625857	0.4310743801652892	1.0
240_OMC-126	10.0	7.0	1.4993298169658476	0.48242293131422387	0.9069767441860466
241_OMC-126	4.0	4.0	1.129504523289147	0.4094444444444444	0.9833333333333333
242_OMC-126	4.0	4.0	0.8783961984032759	0.3095941951088417	0.9836065573770492
243_OMC-126	6.0	6.0	1.451710867422338	0.4707438016528924	1.0
244_OMC-126	8.0	7.0	1.1355549131819176	0.33036483769031866	0.9491525423728814
245_OMC-126	8.0	8.0	2.3711781263822163	0.7330246913580247	0.9722222222222222
246_OMC-126	5.5	5.0	1.1988912920836219	0.39619377162629765	0.9411764705882353
247_OMC-126	7.0	7.0	1.678641204905631	0.5267489711934157	1.0
248_OMC-126	8.0	8.0	2.0336001336971203	0.6059207996924261	1.0
249_OMC-126	3.0	3.0	0.9444567057613872	0.35428994082840237	1.0
24_OMC-126	6.333333333333333	6.0	1.0698435438003802	0.32198347107437997	0.9636363636363636
250_OMC-126	8.25	8.0	1.8665305461325326	0.5778061224489797	0.9642857142857143
251_OMC-126	7.0	7.0	1.6842364480909395	0.5139797739440808	0.975609756097561
252_OMC-126	6.0	6.0	1.443716374715259	0.49525998276357364	0.9830508474576272
253_OMC-126	8.0	8.0	1.7996316589729846	0.5644897959183675	1.0
254_OMC-126	5.0	5.0	1.5129156152804817	0.5198000768935025	1.0
255_OMC-126	2.0	2.0	0.7219280948873623	0.31999999999999984	1.0
256_OMC-126	9.0	9.0	2.0560534814580027	0.6021258259120941	1.0
257_OMC-126	5.5	5.0	1.036118213778296	0.34319999999999984	0.96
258_OMC-126	2.0	2.0	0.5435644431995964	0.21875	1.0
259_OMC-126	4.0	4.0	1.0098024657487874	0.34818825489379435	1.0
25_OMC-126	5.0	5.0	1.363082160338335	0.4586026469682979	0.9824561403508771
260_OMC-126	8.25	8.0	1.7765337023808783	0.5564803804994054	0.9655172413793104
261_OMC-126	7.0	7.0	1.4990395765324882	0.4457102171591315	1.0
262_OMC-126	6.0	6.0	1.3156802975690007	0.42653061224489786	0.9857142857142858
263_OMC-126	4.0	4.0	1.1786281399922676	0.44694214876033045	1.0
264_OMC-126	7.333333333333333	7.0	1.6813779768908754	0.528395061728395	0.9555555555555556
265_OMC-126	6.0	6.0	1.5420277821224933	0.49572649572649574	0.9743589743589743
266_OMC-126	5.0	5.0	0.9410814608879177	0.2843951985226225	1.0
267_OMC-126	6.0	6.0	1.5688886586638113	0.4998347107438017	1.0
268_OMC-126	7.333333333333333	7.0	1.4958001445703792	0.4531250000000001	0.9583333333333334
269_OMC-126	5.0	5.0	1.4715777375347219	0.5172193877551021	1.0
26_OMC-126	5.0	5.0	1.320451213806454	0.46016528925619826	1.0
270_OMC-126	3.0	3.0	0.7349933316162832	0.2593694229625223	1.0
271_OMC-126	5.0	5.0	1.1997759542331166	0.3980165289256198	0.9818181818181818
272_OMC-126	5.5	5.0	1.036118213778296	0.34319999999999984	0.96
273_OMC-126	8.5	7.0	1.178677175861105	0.34614350980919095	0.9508196721311475
274_OMC-126	4.0	4.0	1.0406048226800433	0.3569497025419147	1.0
275_OMC-126	5.0	5.0	1.065220438584102	0.32882639264467284	1.0
276_OMC-126	5.0	5.0	1.0299554196792846	0.3192690137059929	1.0
277_OMC-126	7.0	7.0	1.2891293284610361	0.37722222222222235	0.9833333333333333
278_OMC-126	4.0	4.0	0.9251465386504008	0.30220107079119585	1.0
279_OMC-126	8.0	8.0	1.7224157858690423	0.5434319526627218	0.9846153846153847
27_OMC-126	6.0	6.0	1.5537201882012428	0.5090491238149957	1.0
280_OMC-126	4.0	4.0	1.0534081504863568	0.36672967863894135	1.0
281_OMC-126	6.0	6.0	1.2324877755992936	0.39501953125	0.984375
282_OMC-126	8.75	8.0	1.5800637655911292	0.4748520710059171	0.9423076923076923
283_OMC-126	4.0	4.0	1.3095987968852083	0.4884300462798149	1.0
284_OMC-126	4.0	4.0	1.0848063548455138	0.3801652892561983	1.0
285_OMC-126	7.0	7.0	1.8541009412784872	0.6123175507297971	1.0
286_OMC-126	7.0	7.0	1.4362664317757485	0.4464600655076846	0.9841269841269842
287_OMC-126	7.0	7.0	1.5705617925193398	0.5045158580130225	0.9855072463768116
288_OMC-126	3.0	3.0	0.9737837298712215	0.39236111111111105	1.0
289_OMC-126	4.0	4.0	1.28481799201786	0.5028835063437139	1.0
28_OMC-126	6.0	6.0	1.7759194398790203	0.5964181591003748	1.0
290_OMC-126	5.0	5.0	1.5495972615059521	0.5629629629629629	1.0
291_OMC-126	7.0	7.0	1.5712363708492152	0.5069204152249134	1.0
292_OMC-126	8.0	8.0	1.6604061294184707	0.4828303850156086	1.0
293_OMC-126	4.0	4.0	1.134753861366471	0.413687043444829	0.9803921568627451
294_OMC-126	4.0	4.0	1.2122831218130428	0.45840000000000003	1.0
295_OMC-126	6.25	6.0	0.9385199099667539	0.2695473251028808	0.962962962962963
296_OMC-126	7.0	7.0	1.8016767850079791	0.551984877126654	1.0
297_OMC-126	5.0	5.0	1.3140830173571307	0.4286653517422746	1.0
298_OMC-126	5.0	4.0	1.014007282652067	0.38814814814814813	0.9555555555555556
299_OMC-126	10.428571428571429	10.0	1.4627628420497605	0.39162396970372026	0.9552238805970149
29_OMC-126	8.0	7.0	1.3923489818570765	0.4482758620689655	0.9482758620689655
2_OMC-126	6.333333333333333	6.0	1.0290465117721326	0.307372175980975	0.9655172413793104
300_OMC-126	4.0	4.0	0.9329906462968529	0.32655709342560557	1.0
301_OMC-126	7.25	7.0	1.6447236193604977	0.5339441899208663	0.9591836734693877
302_OMC-126	5.5	5.0	0.934050391007875	0.30261593341260407	0.9655172413793104
303_OMC-126	5.0	5.0	1.1479204506788934	0.372892561983471	1.0
304_OMC-126	7.0	7.0	1.5604240490249823	0.5022956841138659	0.9848484848484849
305_OMC-126	8.0	8.0	1.9140469586908675	0.6058263971462545	0.9827586206896551
306_OMC-126	4.0	4.0	0.9451696091196166	0.32098765432098775	1.0
307_OMC-126	4.0	4.0	1.0706008383944372	0.37389770723104054	1.0
308_OMC-126	4.0	4.0	1.08472162804639	0.3930041152263374	1.0
309_OMC-126	4.0	4.0	0.9722134357701608	0.31955922865013775	1.0
30_OMC-126	3.0	3.0	0.8915128721018707	0.3666846944294213	0.9767441860465116
310_OMC-126	6.0	6.0	1.5562351977274607	0.5293936595875655	1.0
311_OMC-126	6.0	6.0	1.6668060023248301	0.556710775047259	1.0
312_OMC-126	3.0	3.0	0.7253759284051439	0.2606310013717421	1.0
313_OMC-126	5.0	5.0	0.940476627222668	0.282968089196463	1.0
314_OMC-126	5.0	5.0	1.3850704949984158	0.4912780348878605	1.0
315_OMC-126	4.0	4.0	0.9410871458875489	0.337190082644628	0.9818181818181818
316_OMC-126	6.0	6.0	1.2601423897108552	0.37807183364839303	1.0
317_OMC-126	5.0	5.0	1.2982206216336818	0.44650205761316875	1.0
318_OMC-126	5.0	5.0	1.1882957843500142	0.43184204998949793	0.9855072463768116
319_OMC-126	8.75	8.0	1.7411511904777146	0.5359891353553645	0.9361702127659575
31_OMC-126	7.0	7.0	1.5108665536065782	0.456198347107438	0.9818181818181818
320_OMC-126	5.0	5.0	1.05692846489994	0.34875035909221486	0.9830508474576272
321_OMC-126	6.0	6.0	1.4487646686454771	0.458125848800362	0.9787234042553191
322_OMC-126	5.0	5.0	0.8526151042733614	0.2554632194521391	0.9824561403508771
323_OMC-126	7.0	7.0	1.7287610116527048	0.5376275510204083	1.0
324_OMC-126	6.333333333333333	6.0	1.0422641189217772	0.3120960295475531	0.9649122807017544
325_OMC-126	5.0	5.0	1.1690496495734346	0.3767999999999999	1.0
326_OMC-126	5.0	5.0	1.0253807870643001	0.32319866722199075	0.9795918367346939
327_OMC-126	4.0	4.0	1.3970163324616534	0.5163593099345627	1.0
328_OMC-126	7.0	7.0	1.8438561897747248	0.5664	1.0
329_OMC-126	10.0	9.0	2.089246509596924	0.6330589849108368	0.9444444444444444
32_OMC-126	9.2	9.0	2.3206249002277395	0.6993801652892562	0.9545454545454546
330_OMC-126	4.0	4.0	1.1913590983611786	0.4448146605581009	1.0
331_OMC-126	4.0	4.0	1.1160762796829877	0.3875739644970414	1.0
332_OMC-126	6.0	6.0	1.5449508169635267	0.5157750342935529	1.0
333_OMC-126	3.0	3.0	0.9901165555366108	0.40880102040816335	1.0
334_OMC-126	10.6	10.0	1.8152401297737826	0.5126953125	0.953125
335_OMC-126	3.0	3.0	0.46188170471037027	0.14464168310322134	0.9743589743589743
336_OMC-126	6.0	6.0	1.5165386375861194	0.48624999999999996	0.975
337_OMC-126	7.25	7.0	1.2516024819746474	0.3674976915974145	0.9649122807017544
338_OMC-126	8.2	8.0	1.5861603006322211	0.4725765306122448	0.9642857142857143
339_OMC-126	10.5	9.0	1.7746203490335044	0.5354218583125667	0.9245283018867925
33_OMC-126	3.0	3.0	1.0663355526659646	0.4273426889995472	1.0
340_OMC-126	3.0	3.0	0.8608641175360349	0.3355357655846022	1.0
341_OMC-126	7.0	7.0	1.4362664317757485	0.4464600655076847	0.9841269841269842
342_OMC-126	6.0	6.0	1.1515086548527054	0.3410280086180365	1.0
343_OMC-126	5.0	5.0	0.9561210329998506	0.2969821673525377	0.9814814814814815
344_OMC-126	4.0	4.0	1.2952788551996166	0.511094674556213	1.0
345_OMC-126	4.0	4.0	1.3605273114437084	0.49307479224376727	1.0
346_OMC-126	8.25	8.0	1.8133902011256082	0.5489379425239485	0.9591836734693877
347_OMC-126	5.0	5.0	1.1386865525783179	0.36111111111111105	1.0
348_OMC-126	2.0	2.0	0.3776463213737003	0.1356335514574658	1.0
349_OMC-126	7.0	7.0	1.8399523669888793	0.5905895078420769	0.9767441860465116
34_OMC-126	4.0	4.0	0.998606771487225	0.3477366255144033	0.9814814814814815
350_OMC-126	6.0	6.0	1.6534697058576746	0.5807291666666666	0.9791666666666666
351_OMC-126	5.5	5.0	1.0506187922793995	0.34902124114952104	0.9591836734693877
352_OMC-126	3.0	3.0	0.9246329720391453	0.3614814814814815	1.0
353_OMC-126	5.0	5.0	1.534152537963112	0.5321795565170362	1.0
354_OMC-126	4.0	4.0	0.8225746626043483	0.2782394582948601	0.9824561403508771
355_OMC-126	4.0	4.0	1.08472162804639	0.3930041152263375	1.0
356_OMC-126	5.0	5.0	1.6205387192874232	0.5692148760330578	1.0
357_OMC-126	3.0	3.0	0.8555698088471537	0.3275663206459054	1.0
358_OMC-126	4.0	4.0	1.036210058096259	0.3715814506539832	1.0
359_OMC-126	7.0	7.0	1.7463024557886422	0.59033203125	1.0
35_OMC-126	5.0	5.0	1.2682664005875641	0.43431122448979587	1.0
360_OMC-126	6.333333333333333	6.0	1.2828823026336147	0.4106622240733029	0.9591836734693877
361_OMC-126	4.0	4.0	1.496065911543853	0.5397923875432526	1.0
362_OMC-126	9.0	9.0	2.016036923214053	0.580591420241566	0.9795918367346939
363_OMC-126	5.0	5.0	1.5049085724402627	0.5242191036668176	0.9787234042553191
364_OMC-126	8.0	8.0	2.060044232462977	0.6496	0.98
365_OMC-126	6.333333333333333	6.0	1.3417601481809736	0.42125	0.95
366_OMC-126	4.0	4.0	0.8766097285926856	0.30103550295857995	0.9807692307692307
367_OMC-126	4.0	4.0	1.513397804403961	0.5495867768595042	1.0
368_OMC-126	7.0	7.0	1.4124011840568127	0.42007981516488124	1.0
369_OMC-126	5.5	5.0	1.0700101171029648	0.35123966942148754	0.9545454545454546
36_OMC-126	4.0	4.0	1.0346094939342854	0.3629373317954634	1.0
370_OMC-126	5.0	5.0	1.2953431313420147	0.4204545454545454	1.0
371_OMC-126	5.0	5.0	1.1228723871428916	0.3751714677640604	0.9814814814814815
372_OMC-126	7.0	7.0	1.6745560709981453	0.532	0.98
373_OMC-126	6.0	6.0	1.4435293231432091	0.4627981488074049	1.0
374_OMC-126	5.0	5.0	1.283838391321844	0.44944444444444454	1.0
375_OMC-126	6.0	6.0	1.6492646673800617	0.5573111174949728	1.0
376_OMC-126	7.25	7.0	1.5261605802187013	0.5057780166621877	0.9672131147540983
377_OMC-126	4.0	4.0	1.172922359265615	0.4250622997508011	1.0
378_OMC-126	6.5	6.0	1.4425257409143288	0.48810939357907246	0.9655172413793104
379_OMC-126	8.0	7.0	1.7080136683823506	0.564625850340136	0.9285714285714286
37_OMC-126	6.0	6.0	1.3801055848554313	0.43288241415192497	1.0
380_OMC-126	4.0	4.0	1.2776134368191157	0.44628099173553726	1.0
381_OMC-126	9.2	9.0	1.8738248693308093	0.5390234525182622	0.9607843137254902
382_OMC-126	6.0	6.0	1.8022209404892997	0.5975308641975309	0.9777777777777777
383_OMC-126	5.0	5.0	1.416984471235774	0.5044213763936948	1.0
384_OMC-126	5.0	5.0	1.0082705910746814	0.32519390979603546	0.9830508474576272
385_OMC-126	5.0	5.0	1.2884926890861645	0.4378698224852072	1.0
386_OMC-126	3.0	3.0	0.9150241022482329	0.3719723183391004	0.9705882352941176
387_OMC-126	5.0	5.0	1.287370491821598	0.4244628099173554	1.0
388_OMC-126	4.0	4.0	1.4001108586294284	0.5287460389316432	1.0
389_OMC-126	10.0	8.0	1.5755650890743509	0.4651162790697675	0.9069767441860466
38_OMC-126	8.0	8.0	1.694349261682807	0.4968505920886874	1.0
390_OMC-126	4.0	4.0	1.267931645520725	0.4793388429752067	1.0
391_OMC-126	10.0	10.0	2.3201326389488255	0.6710204081632654	1.0
392_OMC-126	8.2	8.0	1.6326732972356233	0.49362244897959184	0.9642857142857143
393_OMC-126	5.5	5.0	1.0655662399881731	0.3550347222222223	0.9583333333333334
394_OMC-126	9.0	9.0	2.3289254527692322	0.6826618379357176	1.0
395_OMC-126	5.0	5.0	1.2754245365381238	0.42663891779396457	1.0
396_OMC-126	5.0	5.0	1.177783442908926	0.4157127991675338	0.9838709677419355
397_OMC-126	7.0	7.0	1.605338763591999	0.48657024793388426	0.9772727272727273
398_OMC-126	7.0	7.0	1.3338975411566854	0.40087890625	0.984375
399_OMC-126	3.0	3.0	1.0226297788901695	0.4173553719008264	1.0
39_OMC-126	3.0	3.0	0.8098274922716652	0.32661157024793375	0.9818181818181818
3_OMC-126	5.5	5.0	1.2487781244591327	0.416015625	0.9375
400_OMC-126	9.75	9.0	1.88429676203537	0.5930051236355536	0.9552238805970149
401_OMC-126	6.0	6.0	1.6328773369500162	0.5511111111111111	1.0
402_OMC-126	7.2	7.0	1.4951396761379827	0.4445983379501386	0.9473684210526316
403_OMC-126	7.333333333333333	7.0	1.5884600730019836	0.514377855415211	0.9672131147540983
404_OMC-126	3.0	3.0	0.7163515129214616	0.25652892561983476	1.0
405_OMC-126	2.0	2.0	0.7642045065086203	0.345679012345679	1.0
406_OMC-126	5.0	5.0	1.213076251845615	0.4075100030778701	1.0
407_OMC-126	2.0	2.0	0.3533593350214213	0.12444444444444436	1.0
408_OMC-126	6.0	6.0	1.603213036957295	0.5170362358031368	1.0
409_OMC-126	8.0	7.0	1.6793438358463475	0.5346260387811634	0.9210526315789473
40_OMC-126	6.0	6.0	1.5941859576379551	0.5119999999999999	1.0
410_OMC-126	8.0	8.0	1.939479912668552	0.5940821602987647	1.0
411_OMC-126	6.0	6.0	1.3944844773569176	0.43096423721140786	1.0
412_OMC-126	7.0	7.0	1.7148454163552083	0.5267401236226821	1.0
413_OMC-126	8.0	8.0	1.5656580973424365	0.44690674053554946	1.0
414_OMC-126	6.0	6.0	1.3649711769415689	0.42731166540690346	1.0
415_OMC-126	6.0	6.0	1.649022267876416	0.5395041322314049	1.0
416_OMC-126	4.0	4.0	1.3355055565170972	0.5	1.0
417_OMC-126	10.0	10.0	2.1257248921050262	0.6042524005486968	0.9814814814814815
418_OMC-126	7.0	7.0	1.5234463161137062	0.48277777777777797	0.9833333333333333
419_OMC-126	7.0	7.0	1.8931837115130163	0.6091612135633553	0.975609756097561
41_OMC-126	6.0	6.0	1.6475817919659197	0.5489498042007832	0.9811320754716981
420_OMC-126	5.0	5.0	1.4961268547517816	0.5387811634349031	0.9736842105263158
421_OMC-126	9.166666666666666	9.0	1.961154232803017	0.5659259259259258	0.9555555555555556
422_OMC-126	8.75	8.0	1.5291862133972915	0.46291166512773163	0.9473684210526316
423_OMC-126	3.0	3.0	0.6402064333604701	0.2145328719723183	1.0
424_OMC-126	6.0	6.0	1.1566039791655804	0.3577727387251197	0.9841269841269842
425_OMC-126	8.166666666666666	8.0	1.3392300788425848	0.3756377551020409	0.9642857142857143
426_OMC-126	6.0	6.0	1.4742795664540376	0.5072329947676208	0.9824561403508771
427_OMC-126	8.75	8.0	1.2929635854570931	0.37681159420289867	0.9565217391304348
428_OMC-126	5.0	5.0	1.0495353232214986	0.35419915348629993	0.9850746268656716
429_OMC-126	6.0	6.0	1.5482921968886938	0.503429355281207	0.9814814814814815
42_OMC-126	5.0	5.0	1.1336983823367466	0.3673469387755103	1.0
430_OMC-126	7.5	6.0	1.3952672106215382	0.50124599501602	0.9433962264150944
431_OMC-126	7.0	7.0	1.6014465249842877	0.5179063360881544	1.0
432_OMC-126	4.0	4.0	1.1704085199112535	0.42666666666666686	1.0
433_OMC-126	6.0	6.0	1.678897902987479	0.5449999999999999	1.0
434_OMC-126	8.0	8.0	2.1225475022168	0.6697209496043315	1.0
435_OMC-126	5.0	5.0	1.1685658795253677	0.3853493382579256	1.0
436_OMC-126	4.0	4.0	0.9653723546781459	0.32552083333333326	1.0
437_OMC-126	4.0	4.0	0.9964156475663195	0.35262303948080054	0.9767441860465116
438_OMC-126	3.0	3.0	0.8458045338231152	0.3304142011834319	1.0
439_OMC-126	6.0	6.0	1.7383964950696995	0.5933888739586133	1.0
43_OMC-126	6.0	6.0	1.7752047062527903	0.576171875	0.96875
440_OMC-126	4.0	4.0	1.2843873173166744	0.48674959437533805	1.0
441_OMC-126	6.0	6.0	1.5064431878202944	0.47165532879818595	1.0
442_OMC-126	8.0	8.0	1.8681904264514715	0.5864314219701743	1.0
443_OMC-126	5.0	5.0	1.15449913612997	0.3927272727272728	0.9818181818181818
444_OMC-126	6.0	6.0	1.59619643651931	0.5092207019631172	1.0
445_OMC-126	5.0	5.0	1.1436747405378218	0.3642659279778393	0.9736842105263158
446_OMC-126	5.0	5.0	1.6095692831305726	0.5983471074380167	0.9818181818181818
447_OMC-126	8.2	8.0	1.925569098901347	0.5709876543209877	0.9444444444444444
448_OMC-126	6.0	6.0	1.867576946176195	0.6213151927437641	1.0
449_OMC-126	9.0	9.0	1.7015940214938867	0.49737450115521953	0.9855072463768116
44_OMC-126	5.0	5.0	1.2593984370492775	0.41666666666666663	1.0
450_OMC-126	6.0	6.0	1.505876255604107	0.49112426035502965	1.0
451_OMC-126	6.0	6.0	1.5941859576379551	0.5119999999999999	1.0
452_OMC-126	5.0	5.0	1.6178264234917545	0.5778512396694215	1.0
453_OMC-126	5.0	5.0	1.5394705707972522	0.5408	1.0
454_OMC-126	4.0	4.0	1.2688342307774811	0.4714702207413578	1.0
455_OMC-126	4.0	4.0	0.9828291224878022	0.33679354094579006	1.0
456_OMC-126	5.0	5.0	1.412379030927021	0.4987499999999999	0.975
457_OMC-126	4.0	4.0	1.1829860594599404	0.428888888888889	0.9666666666666667
458_OMC-126	8.25	8.0	2.00109571664795	0.6181474480151228	0.9565217391304348
459_OMC-126	3.0	3.0	0.8703622255167203	0.32837596668649605	1.0
45_OMC-126	3.0	3.0	1.0785278600930746	0.4523456790123457	1.0
460_OMC-126	5.0	5.0	1.0590912367179681	0.34512396694214864	0.9818181818181818
461_OMC-126	6.0	6.0	1.8724183115502744	0.6432291666666667	1.0
462_OMC-126	7.0	7.0	1.4899241524959304	0.45525494276795	1.0
463_OMC-126	6.0	6.0	1.6688388898504305	0.5308641975308642	1.0
464_OMC-126	6.333333333333333	6.0	1.6731257851555188	0.593694229625223	0.9512195121951219
465_OMC-126	7.75	7.0	1.2225797618424916	0.35259259259259246	0.9333333333333333
466_OMC-126	5.0	5.0	1.3833236450705653	0.48596693579392536	1.0
467_OMC-126	7.0	7.0	1.6135413164894847	0.5266206282022722	1.0
468_OMC-126	2.0	2.0	0.8112781244591328	0.375	1.0
469_OMC-126	5.0	5.0	0.9945637531514431	0.3067776456599285	1.0
46_OMC-126	11.2	10.0	1.8815732656282937	0.5889519008611637	0.9420289855072463
470_OMC-126	10.0	10.0	2.3493437975820832	0.6750873421123353	1.0
471_OMC-126	3.0	3.0	0.9201433068550069	0.3397530864197529	1.0
472_OMC-126	4.0	4.0	1.2706525337308519	0.48487712665406424	1.0
473_OMC-126	8.0	5.0	0.8824920849773136	0.2775308641975308	0.9333333333333333
474_OMC-126	9.0	9.0	1.9287600062897745	0.576271186440678	0.9830508474576272
475_OMC-126	7.0	7.0	2.0230441020103833	0.6439506172839505	1.0
476_OMC-126	6.0	6.0	1.2803301792260264	0.3977777777777778	1.0
477_OMC-126	6.0	6.0	1.360097764548871	0.42710743801652884	1.0
478_OMC-126	4.0	4.0	1.0245555716484194	0.3502066115702479	1.0
479_OMC-126	7.0	7.0	1.5694061341353809	0.4891420434318263	0.9811320754716981
47_OMC-126	4.0	4.0	0.7759702961322433	0.245906348750359	1.0
480_OMC-126	7.0	7.0	1.48944817963616	0.44677734375	1.0
481_OMC-126	4.0	4.0	1.0482127699741064	0.3687999999999999	1.0
482_OMC-126	7.0	7.0	1.5876113034479264	0.5007796836711962	1.0
483_OMC-126	5.0	5.0	1.7235463909056528	0.6170798898071626	1.0
484_OMC-126	6.0	6.0	1.3900477148602335	0.4498269896193773	0.9803921568627451
485_OMC-126	8.2	8.0	1.9546263306448337	0.6084710743801653	0.9545454545454546
486_OMC-126	5.0	5.0	1.271130265009235	0.429705215419501	0.9761904761904762
487_OMC-126	3.0	3.0	0.5587770161236656	0.18084473527662093	1.0
488_OMC-126	5.0	5.0	1.1065928551583468	0.35433884297520657	0.9772727272727273
489_OMC-126	8.0	8.0	2.030672129520887	0.6215277777777777	1.0
48_OMC-126	6.0	6.0	1.493416900401561	0.49615266235764854	1.0
490_OMC-126	5.0	5.0	1.3047827041622575	0.4444444444444444	1.0
491_OMC-126	3.0	3.0	1.0340238311909427	0.4262759924385633	1.0
492_OMC-126	5.0	5.0	1.3767647352136283	0.5112426035502957	1.0
493_OMC-126	5.0	5.0	1.295659529821394	0.43100189035916825	1.0
494_OMC-126	4.0	4.0	1.3095393976837453	0.5233399079552925	0.9743589743589743
495_OMC-126	8.0	8.0	1.6867421947223187	0.5057780166621877	0.9836065573770492
496_OMC-126	8.0	8.0	1.6506637194310323	0.4899969221298862	0.9824561403508771
497_OMC-126	4.0	4.0	1.2518671725326358	0.47209876543209883	1.0
498_OMC-126	4.0	4.0	1.1540157730727998	0.41000000000000003	1.0
499_OMC-126	7.25	7.0	1.6486295831245918	0.5296514259846086	0.9574468085106383
49_OMC-126	4.0	4.0	0.9722539283649269	0.33999999999999997	1.0
4_OMC-126	6.0	6.0	1.2601423897108552	0.37807183364839303	1.0
500_OMC-126	3.0	3.0	0.4750591453273985	0.14763552479815467	1.0
501_OMC-126	5.0	5.0	1.2639896122354166	0.4417360285374553	0.9827586206896551
502_OMC-126	5.5	5.0	1.1109086221737026	0.36149584487534614	0.9473684210526316
503_OMC-126	3.0	3.0	0.818384478124978	0.29714285714285704	1.0
504_OMC-126	8.0	8.0	1.8381369068114948	0.5801248699271592	0.9838709677419355
505_OMC-126	8.25	8.0	1.777459182079258	0.5563020693362	0.9672131147540983
506_OMC-126	3.0	3.0	0.7745178605709557	0.2832153269471054	1.0
507_OMC-126	4.0	4.0	1.2439904575514165	0.4767999999999999	1.0
508_OMC-126	6.0	6.0	1.4210690060279974	0.4636479591836734	0.9821428571428571
509_OMC-126	5.0	5.0	1.7096051616758505	0.6219578150351541	0.9767441860465116
50_OMC-126	4.0	4.0	1.25276472696317	0.45636094674556205	1.0
510_OMC-126	6.0	6.0	1.5102026638481423	0.5025510204081632	1.0
511_OMC-126	7.25	7.0	1.7010875253642983	0.5598958333333333	0.9583333333333334
512_OMC-126	6.0	6.0	1.2038795066534187	0.3581840899625157	1.0
513_OMC-126	7.0	7.0	1.4365373703083955	0.4359091601889957	1.0
514_OMC-126	4.0	4.0	0.8869622484143627	0.28987921699291963	1.0
515_OMC-126	8.25	8.0	1.7141210638509257	0.5527681660899655	0.9705882352941176
516_OMC-126	11.0	9.0	1.6698926856041563	0.4826446280991735	0.9272727272727272
517_OMC-126	7.25	7.0	1.7682356925009415	0.5725623582766439	0.9523809523809523
518_OMC-126	5.0	5.0	1.7930008917564182	0.6377156454491374	1.0
519_OMC-126	7.0	7.0	1.6356539950843603	0.4997917534360683	0.9795918367346939
51_OMC-126	3.0	3.0	0.8669439979982722	0.3565181174510621	0.9795918367346939
520_OMC-126	4.0	4.0	1.074645650404215	0.3675509419454057	1.0
521_OMC-126	9.6	9.0	2.095868716711233	0.6639999999999999	0.94
522_OMC-126	6.0	6.0	1.1863137138648345	0.35199999999999987	1.0
523_OMC-126	4.0	4.0	0.9105136802493751	0.3065558633425669	1.0
524_OMC-126	6.0	6.0	1.4461446372387243	0.46982310093652435	1.0
525_OMC-126	3.0	3.0	0.9123163027543336	0.35538752362948955	1.0
526_OMC-126	5.0	5.0	1.4503476440129577	0.5181174510620576	1.0
527_OMC-126	8.0	7.0	1.336626249022162	0.4222924446997989	0.9491525423728814
528_OMC-126	6.333333333333333	6.0	1.427989837779261	0.5122222222222221	0.9666666666666667
529_OMC-126	4.0	4.0	1.0702145051627519	0.3950617283950618	0.9777777777777777
52_OMC-126	3.0	3.0	0.9062004472123141	0.38980716253443537	0.9848484848484849
530_OMC-126	3.0	3.0	0.7943095546405662	0.2816000000000002	1.0
531_OMC-126	7.0	7.0	1.8464725785528824	0.5737240075614367	1.0
532_OMC-126	3.0	3.0	0.9411388429774533	0.36624999999999996	1.0
533_OMC-126	8.0	7.0	1.2763151681231972	0.38965835641735924	0.9473684210526316
534_OMC-126	3.0	3.0	1.0355818111935686	0.4240129799891835	1.0
535_OMC-126	5.0	5.0	1.3415618584949456	0.4521604938271605	0.9722222222222222
536_OMC-126	8.166666666666666	8.0	1.414341183612352	0.4001479289940828	0.9615384615384616
537_OMC-126	9.0	9.0	2.154034074036013	0.6521997621878717	0.9827586206896551
538_OMC-126	7.0	7.0	1.5585337368107752	0.5052029136316338	0.9838709677419355
539_OMC-126	5.0	5.0	1.3199215252395124	0.43771626297577837	1.0
53_OMC-126	4.0	4.0	1.4166422780956525	0.5249999999999999	1.0
540_OMC-126	4.0	4.0	1.0995823557202227	0.41304347826086973	0.9782608695652174
541_OMC-126	8.2	8.0	1.6911664292941309	0.5439453125	0.96875
542_OMC-126	6.0	6.0	1.2220198859116511	0.36458333333333326	1.0
543_OMC-126	3.0	3.0	0.8076702057269437	0.2986767485822306	1.0
544_OMC-126	9.0	6.0	1.5776075056929297	0.5648	0.94
545_OMC-126	7.0	7.0	1.7435068433729344	0.5262499999999999	1.0
546_OMC-126	7.333333333333333	7.0	1.7498258993735294	0.5540740740740739	0.9555555555555556
547_OMC-126	4.0	4.0	1.08472162804639	0.3930041152263375	1.0
548_OMC-126	4.0	4.0	1.0379870687018355	0.3599632690541782	1.0
549_OMC-126	3.0	3.0	1.1660870601063935	0.491349480968858	1.0
54_OMC-126	5.5	5.0	1.1315763694478795	0.3696128560993426	0.9459459459459459
550_OMC-126	5.0	5.0	1.2086489509530647	0.382716049382716	1.0
551_OMC-126	6.0	6.0	1.0446187334303485	0.3047347810608757	0.9811320754716981
552_OMC-126	8.2	8.0	1.7750324995539095	0.5532217871128515	0.9622641509433962
553_OMC-126	5.0	5.0	0.8976287709224352	0.2698053417836124	0.9787234042553191
554_OMC-126	4.0	4.0	1.0238995733215064	0.35416666666666663	1.0
555_OMC-126	9.0	7.0	1.034309554640566	0.2896000000000002	0.92
556_OMC-126	7.0	6.0	0.9713809738662027	0.28148148148148155	0.9333333333333333
557_OMC-126	9.0	9.0	2.1387720668284858	0.6331360946745562	1.0
558_OMC-126	2.0	2.0	0.6098403047164005	0.2550000000000001	1.0
559_OMC-126	5.0	5.0	1.532419498446859	0.5215419501133787	1.0
55_OMC-126	7.0	7.0	1.5482884121171452	0.48051599032518133	1.0
560_OMC-126	3.0	3.0	0.9218410579144519	0.36318200749687635	1.0
561_OMC-126	7.0	7.0	1.6741859576379552	0.5151999999999999	1.0
562_OMC-126	8.2	8.0	1.7038166899312193	0.5388888888888889	0.9666666666666667
563_OMC-126	4.0	4.0	0.9217544759335053	0.31122448979591844	1.0
564_OMC-126	9.25	9.0	1.8692080416162586	0.5442247658688866	0.967741935483871
565_OMC-126	7.25	7.0	1.500415506935816	0.470414201183432	0.9615384615384616
566_OMC-126	4.0	4.0	1.1429008132491238	0.40504770698676507	1.0
567_OMC-126	3.0	3.0	1.0828237856060903	0.4688307957483482	1.0
568_OMC-126	6.333333333333333	6.0	1.585892746741299	0.5557851239669422	0.9545454545454546
569_OMC-126	4.0	4.0	0.8766097285926856	0.30103550295857995	0.9807692307692307
56_OMC-126	8.0	8.0	1.887763916724624	0.5724838411819022	1.0
570_OMC-126	7.0	7.0	1.814387015036987	0.5816115702479339	0.9772727272727273
571_OMC-126	4.0	4.0	1.2257468531484326	0.434567901234568	1.0
572_OMC-126	5.0	5.0	1.3283714976772816	0.4514915345337275	1.0
573_OMC-126	4.0	4.0	0.9517146549329366	0.31986672219908374	1.0
574_OMC-126	5.0	5.0	1.2928979154146678	0.43481882548937945	1.0
575_OMC-126	5.0	5.0	1.1386865525783179	0.36111111111111105	1.0
576_OMC-126	5.0	5.0	1.2759169274267115	0.418388429752066	1.0
577_OMC-126	4.0	4.0	1.2901208527411527	0.47633136094674566	1.0
578_OMC-126	8.2	8.0	1.7791646828061025	0.5650510204081632	0.9642857142857143
579_OMC-126	3.0	3.0	0.7156081959922705	0.268641975308642	0.9777777777777777
57_OMC-126	4.0	4.0	1.0766029385821068	0.38107638888888873	1.0
580_OMC-126	5.0	5.0	1.6783410091690611	0.619761630142253	1.0
581_OMC-126	4.0	4.0	0.9060883184917203	0.30913580246913597	0.9777777777777777
582_OMC-126	6.0	6.0	1.8350553095348328	0.6064049586776858	1.0
583_OMC-126	5.0	5.0	1.214779490172688	0.41232638888888884	0.9791666666666666
584_OMC-126	4.0	4.0	0.7372586454754053	0.23268447261204162	0.9787234042553191
585_OMC-126	5.0	5.0	1.4190352743388661	0.4800000000000001	1.0
586_OMC-126	6.0	6.0	1.699513731536072	0.5420408163265307	1.0
587_OMC-126	6.333333333333333	6.0	1.4582202343801733	0.495246717971933	0.9574468085106383
588_OMC-126	7.25	7.0	1.60185184229817	0.5386444708680141	0.9655172413793104
589_OMC-126	7.0	7.0	1.4795489200745198	0.4579475308641977	1.0
58_OMC-126	6.0	6.0	1.5011619745747904	0.5050887573964495	0.9846153846153847
590_OMC-126	6.0	6.0	1.3580686499116486	0.4444444444444443	1.0
591_OMC-126	5.0	5.0	1.3470533978796666	0.4655172413793104	1.0
592_OMC-126	7.0	7.0	1.6597224094502605	0.5029585798816569	1.0
593_OMC-126	7.0	7.0	1.2297860556164644	0.35693359375	0.984375
594_OMC-126	7.0	7.0	1.620070952136186	0.5060018467220684	1.0
595_OMC-126	7.0	7.0	1.2009958664784348	0.3441358024691359	1.0
596_OMC-126	5.0	5.0	1.4758629148469413	0.4954648526077098	1.0
597_OMC-126	3.0	3.0	0.8315435491770657	0.3099173553719007	1.0
598_OMC-126	5.0	5.0	1.44726249944121	0.4877126654064272	1.0
599_OMC-126	4.0	4.0	0.7789598728797985	0.24994082840236675	1.0
59_OMC-126	6.0	6.0	1.2069852529614495	0.367603550295858	0.9807692307692307
5_OMC-126	4.0	4.0	1.1364116341009105	0.4200783196867214	1.0
600_OMC-126	8.0	8.0	1.5090426096198688	0.4600888888888889	0.9866666666666667
601_OMC-126	3.0	3.0	0.5680792983231685	0.19768595041322323	0.9818181818181818
602_OMC-126	5.0	5.0	0.9661099411467312	0.29355371900826444	1.0
603_OMC-126	8.0	7.0	1.5491370134792493	0.4878312601406165	0.9302325581395349
604_OMC-126	6.0	6.0	1.1781353173980467	0.3516049382716049	0.9777777777777777
605_OMC-126	8.0	8.0	2.174669216670374	0.663801652892562	1.0
606_OMC-126	6.0	6.0	1.4919415436622192	0.49392361111111105	0.9791666666666666
607_OMC-126	5.0	5.0	1.4675909709919186	0.5251736111111112	1.0
608_OMC-126	6.333333333333333	6.0	1.6153196182512768	0.5498614958448754	0.9473684210526316
609_OMC-126	4.0	4.0	0.8225746626043481	0.2782394582948601	0.9824561403508771
60_OMC-126	8.0	8.0	1.9249240976806195	0.5850178359096314	1.0
610_OMC-126	7.0	7.0	1.8170832856657648	0.5755208333333334	0.9791666666666666
611_OMC-126	6.0	6.0	1.2645665437059144	0.3840877914951989	1.0
612_OMC-126	6.0	6.0	1.8665286790779034	0.6228373702422145	1.0
613_OMC-126	2.0	2.0	0.8739810481273579	0.4152249134948096	1.0
614_OMC-126	10.0	10.0	2.1257248921050262	0.6042524005486968	0.9814814814814815
615_OMC-126	7.25	7.0	1.2693912625352288	0.3698224852071006	0.9615384615384616
616_OMC-126	4.0	4.0	1.1062051646904898	0.39906347554630595	0.9838709677419355
617_OMC-126	11.2	10.0	1.8465297182495075	0.5389255960930768	0.9322033898305084
618_OMC-126	4.0	4.0	1.2337534793829703	0.4841269841269842	0.9761904761904762
619_OMC-126	7.0	7.0	1.4955575031012975	0.4514991181657849	1.0
61_OMC-126	5.0	5.0	1.2567644096644408	0.4124345952600801	1.0
620_OMC-126	7.0	7.0	1.6133580779132481	0.492	0.98
621_OMC-126	12.0	6.0	1.1757154457546046	0.3822314049586778	0.9090909090909091
622_OMC-126	7.0	7.0	1.5504460149179355	0.471938775510204	1.0
623_OMC-126	5.0	5.0	1.2620131750071193	0.42291426374471364	0.9803921568627451
624_OMC-126	4.0	4.0	1.1096124047627358	0.3998334027488548	1.0
625_OMC-126	4.5	4.0	0.8059584928680417	0.25765306122448983	0.9285714285714286
626_OMC-126	4.0	4.0	1.2735555847112208	0.47562425683709864	1.0
627_OMC-126	5.0	5.0	1.1386332987354368	0.36027055891776427	1.0
628_OMC-126	5.5	5.0	1.0506187922793995	0.34902124114952104	0.9591836734693877
629_OMC-126	4.0	4.0	1.2772018112022605	0.46366782006920404	1.0
62_OMC-126	4.0	4.0	0.8453874979537443	0.2764565992865634	1.0
630_OMC-126	4.0	4.0	1.068187337458506	0.3816568047337279	1.0
631_OMC-126	5.0	5.0	1.7387586809150082	0.6199999999999999	1.0
632_OMC-126	5.0	5.0	1.3972094326096418	0.5214497041420119	0.9807692307692307
633_OMC-126	3.0	3.0	0.8214985570297004	0.31370295891985045	1.0
634_OMC-126	4.0	4.0	0.9308927290103626	0.322265625	1.0
635_OMC-126	4.0	4.0	1.0238995733215066	0.35416666666666663	1.0
636_OMC-126	4.0	4.0	1.2567796494470396	0.4650000000000001	1.0
637_OMC-126	3.0	3.0	0.8997559594359128	0.36408163265306115	1.0
638_OMC-126	6.0	6.0	1.4435293231432091	0.4627981488074049	1.0
639_OMC-126	5.0	5.0	1.522729892501702	0.5564236111111112	1.0
63_OMC-126	5.333333333333333	5.0	0.8657150405901117	0.2596371882086168	0.9523809523809523
640_OMC-126	5.0	5.0	1.5949988557718242	0.5631507469443187	1.0
641_OMC-126	6.0	6.0	1.6712827934145755	0.5560330578512398	0.9818181818181818
642_OMC-126	4.0	4.0	1.0797374117849927	0.38919667590027696	0.9736842105263158
643_OMC-126	5.0	5.0	1.4529289228805036	0.5360528583740305	0.9830508474576272
644_OMC-126	5.0	5.0	1.105152376027551	0.3585069444444444	0.9791666666666666
645_OMC-126	4.0	4.0	1.3149559401054873	0.49086924762600437	1.0
646_OMC-126	3.0	3.0	0.9188843576157454	0.3645425418298326	1.0
647_OMC-126	6.0	6.0	1.5995415317064778	0.5725619834710745	0.9818181818181818
648_OMC-126	6.333333333333333	6.0	1.2263244158439213	0.3840066638900458	0.9591836734693877
649_OMC-126	5.0	5.0	1.2120890457978268	0.4026063100137174	1.0
64_OMC-126	7.333333333333333	7.0	1.4747728914519418	0.4683195592286501	0.9696969696969697
650_OMC-126	6.0	6.0	1.6942912760564353	0.5723140495867769	0.9772727272727273
651_OMC-126	6.0	6.0	1.339940665570382	0.42872008324661803	1.0
652_OMC-126	7.0	7.0	1.31925112851979	0.39573964497041414	0.9846153846153847
653_OMC-126	2.0	2.0	0.5746356978376794	0.23553719008264462	1.0
654_OMC-126	3.0	3.0	0.5304060778306042	0.1694214876033059	1.0
655_OMC-126	7.0	7.0	1.4257700607183068	0.4187654320987656	0.9777777777777777
656_OMC-126	5.0	5.0	0.8206780021363579	0.24207903168387324	0.9811320754716981
657_OMC-126	2.0	2.0	0.5159469300074474	0.20414201183431957	1.0
658_OMC-126	5.0	5.0	1.4421654769909644	0.535077288941736	1.0
659_OMC-126	7.0	7.0	1.6189775223395109	0.5011570247933884	0.9818181818181818
65_OMC-126	9.0	9.0	1.838914793206157	0.5240299038803846	0.9811320754716981
660_OMC-126	4.0	4.0	0.9721971827701483	0.32449972958355866	1.0
661_OMC-126	5.0	5.0	1.27855190268803	0.44363965595291976	0.9787234042553191
662_OMC-126	6.0	6.0	1.3386052991513016	0.44122448979591844	1.0
663_OMC-126	9.166666666666666	9.0	1.7515096144071398	0.4991100035599858	0.9622641509433962
664_OMC-126	6.5	6.0	1.473503789122965	0.4759071980963713	0.9512195121951219
665_OMC-126	9.0	9.0	2.350354043675637	0.7109375	0.9791666666666666
666_OMC-126	6.0	6.0	1.4538021837636983	0.4768895060503868	0.9859154929577465
667_OMC-126	3.0	3.0	0.9862797907095945	0.38860482103725347	1.0
668_OMC-126	4.0	4.0	1.1913590983611786	0.4448146605581009	1.0
669_OMC-126	6.0	6.0	1.7006100337160546	0.5688888888888888	0.9777777777777777
66_OMC-126	6.0	6.0	1.5061196362958689	0.5194920917799064	0.9850746268656716
670_OMC-126	8.75	8.0	1.5907355196356812	0.4897959183673469	0.9464285714285714
671_OMC-126	7.25	7.0	1.5098547158324525	0.48469387755102034	0.9642857142857143
672_OMC-126	5.0	5.0	1.5157895841746822	0.5185185185185186	1.0
673_OMC-126	6.0	6.0	1.3645503384480078	0.41679012345679023	1.0
674_OMC-126	5.5	5.0	1.1413448893089646	0.4154797097554419	0.9672131147540983
675_OMC-126	8.0	8.0	2.1371365593292255	0.6588541666666667	1.0
676_OMC-126	5.0	5.0	1.3206669165327487	0.4662743322770484	0.9787234042553191
677_OMC-126	5.0	5.0	1.1010280413397775	0.36168639053254437	0.9807692307692307
678_OMC-126	4.0	4.0	0.6837341973730318	0.2097107438016529	0.9772727272727273
679_OMC-126	8.0	8.0	2.130532688303566	0.6607999999999999	0.98
67_OMC-126	3.0	3.0	0.9828401803140903	0.3802625622453599	1.0
680_OMC-126	4.0	4.0	1.1108340201025677	0.40859504132231406	1.0
681_OMC-126	4.0	4.0	0.8165292402728603	0.26181818181818195	1.0
682_OMC-126	5.0	5.0	0.9661099411467312	0.29355371900826455	1.0
683_OMC-126	6.0	6.0	1.2967739569558663	0.40018107741059306	0.9787234042553191
684_OMC-126	6.5	6.0	1.3403153021667753	0.4314128943758574	0.962962962962963
685_OMC-126	6.333333333333333	6.0	1.2481025666782677	0.39753940792003084	0.9607843137254902
686_OMC-126	6.0	6.0	1.6729330318733675	0.5537190082644629	1.0
687_OMC-126	5.0	5.0	1.163540201121071	0.3656509695290858	1.0
688_OMC-126	4.0	4.0	1.1024107498169229	0.3772839506172839	1.0
689_OMC-126	5.0	5.0	1.2136635125593598	0.39555555555555544	1.0
68_OMC-126	6.0	6.0	1.3637502839628146	0.42283163265306123	1.0
690_OMC-126	4.0	4.0	0.8892758390287986	0.29423868312757195	1.0
691_OMC-126	4.0	4.0	1.1391653284207475	0.41285649615210507	1.0
692_OMC-126	5.0	5.0	1.5152929271780944	0.554820415879017	0.9782608695652174
693_OMC-126	6.0	6.0	1.3580686499116488	0.4444444444444444	1.0
694_OMC-126	7.0	7.0	2.0450448197428472	0.6383673469387755	0.9714285714285714
695_OMC-126	5.0	5.0	1.3310152376851465	0.47729105079279754	1.0
696_OMC-126	6.333333333333333	6.0	1.4905040667686908	0.5329218106995884	0.962962962962963
697_OMC-126	5.0	5.0	1.5410164458258657	0.5373263888888888	1.0
698_OMC-126	3.0	3.0	0.8841837197791889	0.33499999999999996	1.0
699_OMC-126	6.333333333333333	6.0	1.5660823047158263	0.548148148148148	0.9555555555555556
69_OMC-126	5.0	5.0	1.0613282950879122	0.33179067283730856	1.0
6_OMC-126	5.0	5.0	1.450170452020673	0.5159999999999999	0.98
700_OMC-126	4.0	4.0	1.1400677626718574	0.39446366782006925	1.0
701_OMC-126	3.0	3.0	0.8440628803439406	0.3158464034613304	1.0
702_OMC-126	9.6	9.0	1.8351257216791055	0.5665038781959206	0.9491525423728814
703_OMC-126	5.5	5.0	1.0910410490675526	0.35371466140696917	0.9487179487179487
704_OMC-126	4.0	4.0	1.0406048226800433	0.3569497025419147	1.0
705_OMC-126	3.0	3.0	0.7262600383509772	0.27376033057851235	0.9772727272727273
706_OMC-126	3.0	3.0	0.787043555045382	0.29191883232467064	1.0
707_OMC-126	4.0	4.0	1.1385945907452588	0.4321418973394249	1.0
708_OMC-126	6.0	6.0	1.3354312795575995	0.40959999999999996	1.0
709_OMC-126	5.5	5.0	1.3067796494470396	0.46625000000000016	0.95
70_OMC-126	7.2	7.0	1.2636865525783179	0.36545138888888895	0.9583333333333334
710_OMC-126	6.0	6.0	1.3801055848554313	0.43288241415192497	1.0
711_OMC-126	5.0	5.0	0.9270745023710717	0.27810650887573973	1.0
712_OMC-126	5.0	5.0	1.3386913626239056	0.4581424406497294	1.0
713_OMC-126	8.2	8.0	1.7156782419426675	0.5274348422496571	0.962962962962963
714_OMC-126	9.166666666666666	9.0	1.8453644718101818	0.56884765625	0.96875
715_OMC-126	10.0	10.0	2.4742372123839216	0.7166942148760331	1.0
716_OMC-126	5.0	5.0	1.4336142275766306	0.47590719809637116	1.0
717_OMC-126	7.0	7.0	1.8098225451324987	0.5729166666666667	1.0
718_OMC-126	5.0	5.0	1.0654116416498174	0.3486662465868515	1.0
719_OMC-126	5.0	5.0	1.2593984370492775	0.41666666666666663	1.0
71_OMC-126	6.0	6.0	1.3702597121163909	0.423469387755102	1.0
720_OMC-126	5.0	5.0	1.154793516002769	0.37990487514863247	1.0
721_OMC-126	5.0	5.0	1.2551880960645947	0.43906189926951167	0.9803921568627451
722_OMC-126	4.0	4.0	1.0582770432263342	0.3601108033240997	1.0
723_OMC-126	8.25	8.0	2.0282327157503053	0.6271604938271605	0.9555555555555556
724_OMC-126	8.0	8.0	1.9721198585209274	0.6087408949011446	0.9838709677419355
725_OMC-126	3.0	3.0	0.9133533657970414	0.3526077097505669	1.0
726_OMC-126	6.0	6.0	1.6492646673800615	0.5573111174949728	1.0
727_OMC-126	6.333333333333333	6.0	1.2815518144866518	0.415680473372781	0.9615384615384616
728_OMC-126	6.5	6.0	1.391004799028134	0.463659867854065	0.9661016949152542
729_OMC-126	7.0	7.0	1.5869314271403676	0.5177514792899409	0.9871794871794872
72_OMC-126	7.25	7.0	1.4267321534149866	0.4541789841440472	0.9672131147540983
730_OMC-126	9.5	8.0	1.391846695852944	0.3946280991735538	0.9090909090909091
731_OMC-126	4.0	4.0	1.1183698009902907	0.38530612244897944	1.0
732_OMC-126	6.333333333333333	6.0	1.1842840870425297	0.3735537190082644	0.9636363636363636
733_OMC-126	3.0	3.0	0.8440628803439406	0.3158464034613304	1.0
734_OMC-126	3.0	3.0	1.134969974603941	0.47530864197530864	1.0
735_OMC-126	7.0	7.0	2.1082472858935604	0.6712962962962963	0.9722222222222222
736_OMC-126	8.0	8.0	1.9545304475546978	0.6063100137174211	1.0
737_OMC-126	5.0	5.0	1.3636037287020986	0.4678819444444443	0.9791666666666666
738_OMC-126	7.0	7.0	1.9998043947022734	0.6568998109640831	0.9782608695652174
739_OMC-126	5.0	5.0	1.1065928551583468	0.35433884297520657	0.9772727272727273
73_OMC-126	5.0	4.0	1.028116797593649	0.3992756903576279	0.9574468085106383
740_OMC-126	5.0	5.0	1.3818975667152502	0.47532820280669985	0.9787234042553191
741_OMC-126	6.0	6.0	1.545550668024657	0.5110946745562129	1.0
742_OMC-126	3.0	3.0	0.9917601481809734	0.395	1.0
743_OMC-126	4.0	4.0	1.2477239410791814	0.4575206611570247	1.0
744_OMC-126	5.5	5.0	1.0298605301143022	0.3592899408284024	0.9692307692307692
745_OMC-126	8.0	8.0	1.92492409768062	0.5850178359096314	1.0
746_OMC-126	5.0	5.0	1.3752580686696534	0.4625850340136055	1.0
747_OMC-126	5.0	5.0	1.327828719365986	0.4958345303073829	0.9830508474576272
748_OMC-126	5.0	5.0	1.089397047991443	0.35235318617242817	0.9795918367346939
749_OMC-126	2.0	2.0	0.6593758812786993	0.2831647828673409	1.0
74_OMC-126	5.0	5.0	0.9076226785474824	0.278834720570749	0.9827586206896551
750_OMC-126	5.0	5.0	1.1158194831514674	0.3675509419454056	0.9803921568627451
751_OMC-126	7.25	7.0	1.8066399543179714	0.629757785467128	0.9607843137254902
752_OMC-126	4.0	4.0	1.0238995733215064	0.35416666666666674	1.0
753_OMC-126	3.0	3.0	0.787043555045382	0.29191883232467064	1.0
754_OMC-126	4.0	4.0	0.7304366920296937	0.224906289046231	1.0
755_OMC-126	6.0	6.0	1.255290870511893	0.3834719072814311	1.0
756_OMC-126	3.0	3.0	0.7759060835399917	0.3091065785693765	0.9830508474576272
757_OMC-126	4.0	4.0	1.1626848846806317	0.4040404040404041	1.0
758_OMC-126	6.0	6.0	1.3862522222511056	0.4245867768595041	1.0
759_OMC-126	7.0	7.0	1.4944895268170473	0.47705078125	0.984375
75_OMC-126	5.0	5.0	1.365492538086959	0.47375	0.975
760_OMC-126	8.25	8.0	1.9292436631026049	0.5894069714803079	0.9574468085106383
761_OMC-126	7.0	7.0	1.7441662851601891	0.5396106835672251	1.0
762_OMC-126	6.0	6.0	0.8960312647942109	0.25372781065088745	0.9846153846153847
763_OMC-126	6.0	6.0	1.4533580779132484	0.47920000000000007	0.98
764_OMC-126	5.0	5.0	1.2884926890861645	0.4378698224852072	1.0
765_OMC-126	4.0	4.0	0.6793652793002186	0.20576131687242805	1.0
766_OMC-126	6.0	6.0	1.3917601481809734	0.42500000000000004	1.0
767_OMC-126	4.0	4.0	1.191169066616985	0.4526748971193415	1.0
768_OMC-126	7.0	6.0	1.567108948944828	0.5227777777777778	0.9666666666666667
769_OMC-126	5.5	5.0	1.1658942083900237	0.39569160997732433	0.9523809523809523
76_OMC-126	6.0	6.0	1.3413777324890235	0.41580633677465295	1.0
770_OMC-126	3.0	3.0	0.42912234085338874	0.1319632233639806	0.9767441860465116
771_OMC-126	4.0	4.0	0.8797802088546924	0.28409090909090906	1.0
772_OMC-126	4.0	4.0	1.1160762796829877	0.3875739644970414	1.0
773_OMC-126	5.0	5.0	1.1467298336012655	0.37984173261141196	0.9795918367346939
774_OMC-126	5.0	5.0	1.3325097579429528	0.4494649227110582	1.0
775_OMC-126	4.0	4.0	1.0374012540422355	0.35434007134363843	1.0
776_OMC-126	6.0	6.0	1.853688226483452	0.6089965397923875	1.0
777_OMC-126	4.0	4.0	1.2594699922635713	0.4912780348878605	1.0
778_OMC-126	6.0	6.0	1.5280655021234975	0.5122448979591837	0.9857142857142858
779_OMC-126	2.0	2.0	0.5746356978376794	0.23553719008264462	1.0
77_OMC-126	6.0	6.0	1.2032711222875692	0.36626654355186206	0.9824561403508771
780_OMC-126	8.2	8.0	1.6685913790996132	0.540432167520606	0.9701492537313433
781_OMC-126	5.0	5.0	0.9923389167519489	0.30458060678167753	0.975609756097561
782_OMC-126	6.333333333333333	6.0	1.2458453564782492	0.41222222222222227	0.9666666666666667
783_OMC-126	2.0	2.0	0.5225593745369408	0.20761245674740492	1.0
784_OMC-126	8.25	8.0	1.8927474104487847	0.5865384615384615	0.9615384615384616
785_OMC-126	5.0	5.0	1.1431506147114041	0.3684807256235827	0.9761904761904762
786_OMC-126	10.0	7.0	1.280188527594701	0.3832098765432098	0.9111111111111111
787_OMC-126	5.0	5.0	1.2848942156739094	0.43751392292269997	1.0
788_OMC-126	6.0	6.0	1.2309297240736905	0.36908284023668647	1.0
789_OMC-126	7.0	7.0	1.4792427218362048	0.47147928994082833	0.9846153846153847
78_OMC-126	6.0	6.0	1.8567138345126746	0.5987144168962351	1.0
790_OMC-126	5.0	5.0	0.9986167977281122	0.30421004979628785	1.0
791_OMC-126	8.166666666666666	8.0	1.6220767169813273	0.4683612763656031	0.9534883720930233
792_OMC-126	6.0	6.0	1.2469873517384964	0.37890625	1.0
793_OMC-126	6.0	6.0	1.3741854163060887	0.42361111111111105	1.0
794_OMC-126	5.0	5.0	1.1625336732554155	0.37860082304526754	1.0
795_OMC-126	9.25	9.0	1.8740481830048652	0.5636574074074074	0.9722222222222222
796_OMC-126	3.0	3.0	0.922855438974896	0.3760302962797951	1.0
797_OMC-126	4.0	4.0	1.0893077521527077	0.42390011890606405	0.9827586206896551
798_OMC-126	8.0	8.0	1.4880007733612626	0.4272222222222223	0.9833333333333333
799_OMC-126	6.0	6.0	1.3083839719906802	0.397189349112426	1.0
79_OMC-126	9.2	9.0	2.1364445124630156	0.625	0.9545454545454546
7_OMC-126	5.0	5.0	1.4185891053054804	0.483011937557392	0.9696969696969697
800_OMC-126	6.0	6.0	1.3082654758533867	0.4050560183855214	0.9830508474576272
801_OMC-126	4.0	4.0	1.0688601941652132	0.3733333333333334	1.0
802_OMC-126	4.0	4.0	1.1559739978306767	0.4107142857142857	1.0
803_OMC-126	6.333333333333333	6.0	1.3864213133329042	0.4437834622248662	0.9512195121951219
804_OMC-126	7.0	7.0	1.5578698087745495	0.49524375743162885	0.9827586206896551
805_OMC-126	4.0	4.0	1.0622051509466475	0.37484381507705133	1.0
806_OMC-126	6.0	5.0	0.8855965991073067	0.2719829120683518	0.9622641509433962
807_OMC-126	7.0	7.0	1.3049506768428143	0.38264866417696064	0.9830508474576272
808_OMC-126	5.0	5.0	1.6485919211274576	0.5879629629629629	1.0
809_OMC-126	5.0	5.0	1.4955714202331842	0.5428681276432141	0.9803921568627451
80_OMC-126	6.0	6.0	1.5063681083679135	0.5145681581685745	1.0
810_OMC-126	6.5	6.0	1.628897902987479	0.54125	0.95
811_OMC-126	6.0	6.0	1.600243047682881	0.5233399079552926	0.9743589743589743
812_OMC-126	6.0	6.0	1.4873586710109135	0.4841580633677466	1.0
813_OMC-126	5.0	5.0	1.3140830173571307	0.4286653517422747	1.0
814_OMC-126	2.0	2.0	0.5127091420308771	0.20244897959183672	1.0
815_OMC-126	6.0	6.0	1.143695821173856	0.35302734375	0.984375
816_OMC-126	6.0	6.0	1.4498918734198727	0.45625000000000004	0.975
817_OMC-126	6.0	6.0	1.478352260871207	0.5121999603253323	0.9859154929577465
818_OMC-126	5.0	5.0	1.2917601481809733	0.42000000000000004	1.0
819_OMC-126	4.0	4.0	1.4299111709758698	0.5306122448979591	1.0
81_OMC-126	8.0	8.0	1.9391826330418045	0.5793950850661626	0.9782608695652174
820_OMC-126	5.0	5.0	1.227402569259248	0.41326530612244894	1.0
821_OMC-126	5.0	5.0	1.3596508615589522	0.45125000000000004	1.0
822_OMC-126	7.25	7.0	1.3875670205983723	0.4348293469497446	0.9672131147540983
823_OMC-126	5.0	5.0	1.6794293668139548	0.6049382716049383	1.0
824_OMC-126	5.0	5.0	1.2948859794422771	0.4335180055401663	0.9736842105263158
825_OMC-126	5.0	5.0	1.4232414618050697	0.4936903662665435	1.0
826_OMC-126	5.0	5.0	1.1065928551583468	0.35433884297520657	0.9772727272727273
827_OMC-126	3.0	3.0	1.134969974603941	0.47530864197530864	1.0
828_OMC-126	5.0	5.0	1.2100285140347624	0.38842975206611574	1.0
829_OMC-126	5.0	5.0	1.5693645486853582	0.561570493753718	1.0
82_OMC-126	4.0	4.0	1.014276262260999	0.3698458975426906	0.9795918367346939
830_OMC-126	6.0	6.0	1.4741404301181666	0.48405612244897966	1.0
831_OMC-126	5.0	5.0	1.3032782651297383	0.430727023319616	1.0
832_OMC-126	5.333333333333333	5.0	0.8506886028818389	0.25419145484045436	0.9534883720930233
833_OMC-126	9.142857142857142	9.0	1.657723880632846	0.46366782006920426	0.9607843137254902
834_OMC-126	6.333333333333333	6.0	1.146313713864835	0.3495999999999999	0.96
835_OMC-126	4.0	4.0	0.8003868301098764	0.2612847222222222	0.9791666666666666
836_OMC-126	4.0	4.0	1.2260269476353076	0.48543184183142574	1.0
837_OMC-126	3.0	3.0	0.6746799231474563	0.23777777777777775	1.0
838_OMC-126	6.0	6.0	1.4320420178029059	0.4536716647443292	1.0
839_OMC-126	4.0	4.0	1.068187337458506	0.38165680473372776	1.0
83_OMC-126	8.0	5.0	1.1471949872602376	0.40995132504056253	0.9302325581395349
840_OMC-126	6.0	6.0	1.7003319468582216	0.576530612244898	1.0
841_OMC-126	8.2	8.0	1.6840865335173265	0.5459136822773187	0.9696969696969697
842_OMC-126	7.25	7.0	1.1910523808146045	0.346680999731255	0.9672131147540983
843_OMC-126	6.0	6.0	1.9339826791198553	0.6634349030470914	0.9736842105263158
844_OMC-126	8.2	8.0	1.4227550945341234	0.40850330364837684	0.9661016949152542
845_OMC-126	8.0	8.0	1.7958904031317102	0.5483333333333333	1.0
846_OMC-126	5.0	5.0	1.1381936837448376	0.3714555765595463	0.9782608695652174
847_OMC-126	6.0	6.0	1.401475275184332	0.45184304399524367	1.0
848_OMC-126	5.0	5.0	1.5220552088742005	0.5208333333333334	1.0
849_OMC-126	8.0	8.0	1.628335063474541	0.4702985534010464	1.0
84_OMC-126	3.0	3.0	0.9123163027543336	0.35538752362948955	1.0
850_OMC-126	7.25	7.0	1.4267992677050207	0.44387755102040816	0.9642857142857143
851_OMC-126	4.0	4.0	0.9004680459013574	0.31120000000000014	0.98
852_OMC-126	6.0	6.0	1.401475275184332	0.45184304399524367	1.0
853_OMC-126	7.25	7.0	1.329369077511633	0.4039069232979029	0.9661016949152542
854_OMC-126	8.0	8.0	1.6825969643140184	0.5010405827263267	0.9838709677419355
855_OMC-126	6.0	5.0	1.1779885325473696	0.4056632810095414	0.9649122807017544
856_OMC-126	7.0	7.0	1.6741859576379552	0.5151999999999999	1.0
857_OMC-126	5.0	5.0	1.3367228245845555	0.4365079365079364	1.0
858_OMC-126	6.0	6.0	1.416790207982032	0.4652366863905325	0.9807692307692307
859_OMC-126	5.0	5.0	1.2772552219457063	0.42372114078768675	1.0
85_OMC-126	5.0	5.0	1.0562644791062277	0.3349932095971029	0.9787234042553191
860_OMC-126	5.0	5.0	1.1803672498887106	0.41252513645504163	0.9830508474576272
861_OMC-126	7.333333333333333	7.0	1.4239118555366335	0.4304132231404959	0.9636363636363636
862_OMC-126	5.0	5.0	1.32151018873626	0.45119999999999993	1.0
863_OMC-126	6.0	6.0	1.3110022671212271	0.4090368608799049	1.0
864_OMC-126	8.0	8.0	1.902214743274028	0.608695652173913	0.9855072463768116
865_OMC-126	5.0	5.0	1.1055872616982603	0.3488888888888887	1.0
866_OMC-126	5.5	5.0	0.951909596230769	0.31857988165680484	0.9692307692307692
867_OMC-126	5.0	5.0	1.2235006502659687	0.42039542143600406	1.0
868_OMC-126	6.333333333333333	6.0	1.3417601481809733	0.42125	0.95
869_OMC-126	7.333333333333333	7.0	1.695934022047622	0.5303703703703704	0.9555555555555556
86_OMC-126	5.5	5.0	1.0809814148138484	0.36124943413309185	0.9574468085106383
870_OMC-126	5.0	5.0	1.1547935160027691	0.3799048751486326	1.0
871_OMC-126	4.0	4.0	1.1685369238448708	0.4493801652892562	0.9772727272727273
872_OMC-126	6.0	6.0	1.358665199122763	0.4328000000000001	0.98
873_OMC-126	4.0	4.0	0.9274479232123117	0.3062381852551985	1.0
874_OMC-126	3.0	3.0	0.8225797618424917	0.3279012345679011	0.9777777777777777
875_OMC-126	6.25	6.0	1.0250224216483543	0.2994791666666665	0.9583333333333334
876_OMC-126	6.0	6.0	1.1975019460674377	0.35847107438016523	0.9772727272727273
877_OMC-126	7.0	7.0	1.5498918734198726	0.46125000000000005	0.975
878_OMC-126	6.0	6.0	1.6838561897747246	0.5536	1.0
879_OMC-126	5.0	5.0	1.53944727394472	0.5631507469443188	1.0
87_OMC-126	8.0	8.0	1.5616426268766375	0.4556162022407355	0.9830508474576272
880_OMC-126	3.0	3.0	0.6219041416291193	0.2100591715976332	1.0
881_OMC-126	7.0	7.0	1.4792134603853224	0.44580078125	1.0
882_OMC-126	4.0	4.0	0.9567657083663145	0.318181818181818	1.0
883_OMC-126	5.0	5.0	1.3975806058917861	0.48697916666666663	1.0
884_OMC-126	2.0	2.0	0.6051865766334205	0.25240054869684503	1.0
885_OMC-126	3.0	3.0	1.0104072215944044	0.4140625	1.0
886_OMC-126	4.0	4.0	1.0337944479666719	0.35048010973936905	1.0
887_OMC-126	8.2	8.0	1.674832680792314	0.5133928571428571	0.9642857142857143
888_OMC-126	6.0	6.0	1.2511644549200618	0.3870967741935484	1.0
889_OMC-126	4.0	4.0	1.0952376752970234	0.3735871505056514	1.0
88_OMC-126	2.0	2.0	0.7153220528038851	0.31604407417360925	1.0
890_OMC-126	5.0	5.0	1.5013397424044412	0.5331632653061225	1.0
891_OMC-126	6.0	6.0	1.3391044965553183	0.4156601416076636	0.9795918367346939
892_OMC-126	8.25	8.0	1.5305703780441906	0.44506001846722076	0.9649122807017544
893_OMC-126	7.0	7.0	1.560362806897318	0.4635581711181528	1.0
894_OMC-126	5.0	5.0	1.3047827041622575	0.4444444444444444	1.0
895_OMC-126	2.0	2.0	0.5916727785823274	0.24489795918367352	1.0
896_OMC-126	6.0	6.0	1.4595871842742736	0.49681122448979587	0.9821428571428571
897_OMC-126	8.75	8.0	1.3729778874973544	0.3945829485995692	0.9473684210526316
898_OMC-126	6.0	6.0	1.527376886667482	0.509090909090909	1.0
899_OMC-126	10.0	7.0	1.4244523014831807	0.46751249519415594	0.9215686274509804
89_OMC-126	4.0	4.0	1.1875516731558096	0.41968631692806935	1.0
8_OMC-126	5.0	5.0	1.1063137138648347	0.3487999999999999	1.0
900_OMC-126	5.0	5.0	1.2300544394722286	0.4101103595585618	0.9811320754716981
901_OMC-126	5.0	5.0	1.1795447015446547	0.39293798098687194	0.9787234042553191
902_OMC-126	4.0	4.0	1.1403302427444932	0.4444444444444444	0.9803921568627451
903_OMC-126	5.0	5.0	1.5365080232231918	0.5369406867845994	0.967741935483871
904_OMC-126	5.0	5.0	0.7768758126079657	0.22653124038165606	0.9824561403508771
905_OMC-126	5.0	5.0	1.3372449392958776	0.43767313019390597	1.0
906_OMC-126	3.0	3.0	0.8176338568998315	0.3064000000000001	1.0
907_OMC-126	5.0	5.0	1.5693645486853585	0.561570493753718	1.0
908_OMC-126	5.0	5.0	1.3329958671863233	0.4634710743801652	0.9818181818181818
909_OMC-126	5.0	5.0	1.2792002472041253	0.43360626557493764	0.9811320754716981
90_OMC-126	4.0	4.0	1.1671660297616846	0.4296875	1.0
910_OMC-126	10.0	10.0	1.9534857860021786	0.560473372781065	0.9846153846153847
911_OMC-126	9.0	9.0	2.366079445682285	0.7024793388429753	1.0
912_OMC-126	7.0	7.0	1.6037413089031478	0.505	1.0
913_OMC-126	8.0	8.0	1.6606171448299694	0.5030905670518677	0.9836065573770492
914_OMC-126	5.0	5.0	1.3125349516616016	0.4726331360946746	0.9807692307692307
915_OMC-126	4.0	4.0	1.2843873173166744	0.48674959437533816	1.0
916_OMC-126	7.5	6.0	1.1550351694259773	0.36831987697039603	0.9411764705882353
917_OMC-126	6.0	6.0	1.0259997343080345	0.30295857988165675	0.9846153846153847
918_OMC-126	6.0	6.0	1.696451671948292	0.5624661979448351	1.0
919_OMC-126	7.0	7.0	1.531672344100384	0.46537396121883656	1.0
91_OMC-126	4.0	4.0	1.029916359848474	0.36495867768595036	1.0
920_OMC-126	4.0	4.0	1.2059413017339653	0.45138888888888873	1.0
921_OMC-126	7.0	7.0	1.4549295338771797	0.4312764535531298	1.0
922_OMC-126	5.0	5.0	1.338141847079169	0.47353497164461256	0.9782608695652174
923_OMC-126	6.333333333333333	6.0	1.0842395166071523	0.3271604938271606	0.962962962962963
924_OMC-126	6.0	6.0	1.3801055848554313	0.43288241415192497	1.0
925_OMC-126	5.0	5.0	1.5177199029496027	0.5249307479224377	1.0
926_OMC-126	6.0	6.0	1.5280632934216958	0.48502556610664715	0.972972972972973
927_OMC-126	7.0	7.0	1.3080712894411726	0.3961352657004832	0.9855072463768116
928_OMC-126	3.0	3.0	0.8315435491770657	0.3099173553719007	1.0
929_OMC-126	7.0	7.0	1.2586998206829205	0.36680541103017694	0.9838709677419355
92_OMC-126	5.0	5.0	1.3101103227579807	0.46533203125	0.984375
930_OMC-126	5.0	5.0	1.257162987432089	0.4252400548696845	1.0
931_OMC-126	5.0	5.0	1.5166422780956523	0.5299999999999999	1.0
932_OMC-126	7.0	7.0	1.9332062193464952	0.605	1.0
933_OMC-126	7.333333333333333	7.0	1.8167357664096326	0.5972511453561016	0.9591836734693877
934_OMC-126	8.0	8.0	1.9189984027617373	0.5747605164514785	1.0
935_OMC-126	6.25	6.0	1.1117320664910786	0.3299080584099513	0.9534883720930233
936_OMC-126	8.2	8.0	1.2657870000207583	0.35360946745562116	0.9692307692307692
937_OMC-126	5.0	5.0	1.4122956380631606	0.48790123456790124	1.0
938_OMC-126	7.333333333333333	7.0	1.547288821218287	0.4805843906189926	0.9607843137254902
939_OMC-126	5.0	5.0	1.1625336732554155	0.37860082304526754	1.0
93_OMC-126	8.75	8.0	1.6231625778267094	0.48960000000000004	0.94
940_OMC-126	4.0	4.0	1.0975378398419537	0.3765432098765431	1.0
941_OMC-126	4.0	4.0	1.3043230193266142	0.47640306122448983	1.0
942_OMC-126	6.5	6.0	1.4145169989766084	0.4554096876414666	0.9574468085106383
943_OMC-126	6.0	6.0	1.621282558502016	0.5642056880206836	0.9830508474576272
944_OMC-126	2.0	2.0	0.5983474220910422	0.24859504132231414	1.0
945_OMC-126	6.0	6.0	1.4570701904659702	0.458125848800362	1.0
946_OMC-126	9.6	9.0	1.5946472541862333	0.48046022614560613	0.9577464788732395
947_OMC-126	4.0	4.0	0.9699184342750371	0.33136094674556205	1.0
948_OMC-126	5.0	5.0	1.09394488580744	0.3723859914336104	0.9841269841269842
949_OMC-126	5.0	5.0	1.15449913612997	0.3927272727272728	0.9818181818181818
94_OMC-126	5.0	5.0	1.498247802151896	0.5505574778931182	1.0
950_OMC-126	5.333333333333333	5.0	0.9505321326021084	0.29072315558802053	0.9459459459459459
951_OMC-126	8.0	8.0	1.7048490825921663	0.4993622448979592	1.0
952_OMC-126	6.0	6.0	1.3534271290385973	0.41735918744228995	1.0
953_OMC-126	3.0	3.0	0.9695628382076225	0.38716049382716056	1.0
954_OMC-126	5.0	5.0	1.0476747992754052	0.3223140495867767	1.0
955_OMC-126	4.0	4.0	1.4244681771437897	0.5297962322183776	1.0
956_OMC-126	2.0	2.0	0.787126586201269	0.3598615916955018	1.0
957_OMC-126	5.0	5.0	1.2638397940661499	0.4605555555555556	0.9833333333333333
958_OMC-126	6.0	6.0	1.4345491399952024	0.4642857142857142	1.0
959_OMC-126	5.0	5.0	1.0932286250707244	0.35162309681126114	1.0
95_OMC-126	5.0	5.0	1.2593984370492775	0.41666666666666663	1.0
960_OMC-126	5.0	5.0	1.7743974703476992	0.640625	1.0
961_OMC-126	6.333333333333333	6.0	1.1982106702250597	0.36849253055681286	0.9574468085106383
962_OMC-126	8.75	8.0	1.6298916775658547	0.503429355281207	0.9444444444444444
963_OMC-126	8.0	8.0	1.8027201089754954	0.5414540816326532	0.9821428571428571
964_OMC-126	6.0	6.0	0.954526044078813	0.2717754511026954	1.0
965_OMC-126	5.5	5.0	0.9142053416508523	0.2902479338842977	0.9636363636363636
966_OMC-126	4.0	4.0	1.0518384134835816	0.38222222222222224	1.0
967_OMC-126	7.0	7.0	1.6922718656836102	0.528888888888889	1.0
968_OMC-126	4.0	4.0	0.8432938047437591	0.28694214876033075	0.9818181818181818
969_OMC-126	4.0	4.0	0.9273528153410447	0.3172222222222222	1.0
96_OMC-126	7.5	6.0	1.1311678564425272	0.3647959183673468	0.9464285714285714
970_OMC-126	4.0	4.0	0.9410871458875489	0.337190082644628	0.9818181818181818
971_OMC-126	4.0	4.0	1.1922508602346424	0.42659279778393366	1.0
972_OMC-126	9.2	9.0	2.0175594295963433	0.5954142011834318	0.9615384615384616
973_OMC-126	7.0	7.0	1.8802704430860198	0.6076388888888888	1.0
974_OMC-126	5.0	4.0	0.9046147654730824	0.3231292517006803	0.9523809523809523
975_OMC-126	5.0	5.0	1.3536106452538863	0.4505959246443676	1.0
976_OMC-126	4.0	4.0	1.0775223153938256	0.3681519357195032	1.0
977_OMC-126	7.0	7.0	1.6326530721204415	0.5170118343195265	0.9807692307692307
978_OMC-126	6.0	6.0	1.1781353173980467	0.3516049382716049	0.9777777777777777
979_OMC-126	7.0	7.0	1.6737823772239677	0.5207939508506616	0.9782608695652174
97_OMC-126	4.0	4.0	0.8964780785480543	0.2892622352081812	1.0
980_OMC-126	7.333333333333333	7.0	1.5210209356741722	0.4852607709750567	0.9682539682539683
981_OMC-126	5.0	5.0	1.5408072197905875	0.5330812854442344	1.0
982_OMC-126	6.0	6.0	1.5010337619063843	0.47506925207756234	0.9736842105263158
983_OMC-126	7.25	7.0	1.60521992699625	0.5139525197834236	0.9591836734693877
984_OMC-126	7.25	7.0	1.4815196310223646	0.4474074074074075	0.9555555555555556
985_OMC-126	5.0	5.0	1.2377709337221383	0.4053497942386831	1.0
986_OMC-126	6.0	6.0	1.2634132497688457	0.3841975308641976	0.9777777777777777
987_OMC-126	5.0	5.0	1.3719644916392575	0.46908442330558864	1.0
988_OMC-126	5.0	5.0	1.2870724848079707	0.45231153685964187	0.9795918367346939
989_OMC-126	6.333333333333333	6.0	1.2357440831502564	0.38222222222222213	0.9555555555555556
98_OMC-126	4.0	4.0	0.8630636700495734	0.279296875	1.0
990_OMC-126	6.0	6.0	1.6448856709660387	0.5960219478737996	0.9814814814814815
991_OMC-126	6.0	6.0	1.4133047082337236	0.4467455621301777	1.0
992_OMC-126	2.0	2.0	0.3159971329784247	0.10775510204081629	1.0
993_OMC-126	4.0	4.0	0.9699184342750371	0.33136094674556216	1.0
994_OMC-126	5.0	5.0	1.6832917879696063	0.6022727272727272	1.0
995_OMC-126	4.0	4.0	1.4033045451719655	0.5443213296398892	1.0
996_OMC-126	4.0	4.0	1.4166422780956525	0.5249999999999999	1.0
997_OMC-126	4.0	4.0	1.2122831218130428	0.45840000000000003	1.0
998_OMC-126	5.0	5.0	0.9423912884493167	0.2861570247933882	0.9772727272727273
999_OMC-126	7.25	7.0	1.5048861640918427	0.4555785123966942	0.9545454545454546
99_OMC-126	5.0	5.0	1.2151323331381043	0.431485205400747	0.9830508474576272
9_OMC-126	6.0	6.0	1.4895915674322722	0.48580332409972304	1.0
