	chao1	observed_otus	shannon	simpson	goods_coverage
1000_O-121	28.0	26.0	3.251506158741644	0.8711626068282678	0.9994393833216538
100_O-121	37.5	34.0	3.2633654778654524	0.869898231215348	0.9988727631393547
101_O-121	34.5	32.0	3.2451326945553873	0.8665826520418158	0.9993018709857582
102_O-121	25.6	25.0	3.2400007108029003	0.8699220857387534	0.9995802434587939
103_O-121	39.0	35.0	3.2774439052877953	0.871616643349767	0.9988724453840733
104_O-121	35.2	31.0	3.2314905422181326	0.8668577039445474	0.9990167158308751
105_O-121	38.666666666666664	34.0	3.2875569601848715	0.8728477151625618	0.9988760887889857
106_O-121	42.5	35.0	3.2737066371909345	0.8712579759750383	0.9985921441644375
107_O-121	37.5	34.0	3.2421520678277584	0.8670771576685403	0.9988850174216027
108_O-121	32.142857142857146	32.0	3.268988852911652	0.869446137521896	0.99972444199504
109_O-121	43.42857142857143	37.0	3.2645131023361653	0.8693999655129102	0.9986400108799129
10_O-121	50.14285714285714	39.0	3.2503903738468125	0.8687704450224798	0.9982177131889224
110_O-121	36.0	35.0	3.2944763073651444	0.8725842754310622	0.9992840778923253
111_O-121	32.25	31.0	3.2571915571886114	0.8692795763082397	0.9993017734953219
112_O-121	33.666666666666664	32.0	3.2734647622508035	0.8727349233139122	0.9993177786874062
113_O-121	40.6	35.0	3.2794575997180297	0.8706232213225447	0.9988947222989776
114_O-121	38.625	36.0	3.29528023010731	0.8726605351834998	0.9990371389270977
115_O-121	34.5	32.0	3.281759697806719	0.8718154770526345	0.99927766541462
116_O-121	36.875	35.0	3.2630717552711905	0.868971447772251	0.9991645781119465
117_O-121	34.5	33.0	3.2477603085627904	0.8706231520709495	0.9991484530229918
118_O-121	47.0	35.0	3.2848152550953014	0.8722024373424241	0.9987725040916531
119_O-121	35.2	31.0	3.232645064775765	0.8659954693303848	0.9990066695047538
11_O-121	43.2	36.0	3.258744498400431	0.8685097384986845	0.9987601598016256
120_O-121	29.75	29.0	3.2570274540256383	0.8704998515805056	0.9994534772509905
121_O-121	35.5	33.0	3.279963660272766	0.8721825768909375	0.9991616599133715
122_O-121	39.54545454545455	37.0	3.278047391011876	0.8694253942774886	0.9988637977560005
123_O-121	47.0	36.0	3.261049102723571	0.8698181818181818	0.9983216783216783
124_O-121	48.0	35.0	3.255110800392152	0.8706185860867914	0.9981447124304267
125_O-121	44.42857142857143	38.0	3.26984522121014	0.8702723172417324	0.9985702030311696
126_O-121	34.0	31.0	3.2709740310169715	0.8716864763119117	0.9991646944173743
127_O-121	45.0	36.0	3.264400373599289	0.8698315888475421	0.9986185937284155
128_O-121	36.0	32.0	3.2425109216344086	0.8695454030212156	0.9988974641675854
129_O-121	30.857142857142858	30.0	3.250438712293515	0.8680573709309307	0.9994446758295155
12_O-121	34.6	34.0	3.269441850923429	0.8696810932665832	0.999452729511561
130_O-121	40.1	38.0	3.2413272502320316	0.8658885094173724	0.9990476190476191
131_O-121	34.2	30.0	3.230295815316027	0.8676471917206577	0.9990395170142701
132_O-121	31.857142857142858	31.0	3.2557034135224425	0.8697735723432427	0.999450247388675
133_O-121	41.142857142857146	36.0	3.274498535427181	0.872437558633584	0.9987235853070486
134_O-121	37.142857142857146	35.0	3.2894575743761134	0.8717309819951233	0.9991789819376026
135_O-121	46.714285714285715	42.0	3.2922945620526223	0.8738738006373185	0.998338410412628
136_O-121	34.0	31.0	3.2424523907842615	0.8695717958679576	0.9991775188485263
137_O-121	40.142857142857146	35.0	3.288082226216173	0.8736414528731017	0.9987466926611892
138_O-121	48.0	33.0	3.245953343331965	0.8692628327561932	0.9985885673959068
139_O-121	29.11111111111111	29.0	3.2510467318159595	0.8706494896497576	0.999728555917481
13_O-121	33.90909090909091	33.0	3.2473447006705505	0.8691640916049403	0.9993034271384786
140_O-121	39.0	33.0	3.2542276071393674	0.8698493554798664	0.9987615247007018
141_O-121	34.5	31.0	3.2261312856719107	0.8661435215107799	0.9989997142040583
142_O-121	35.42857142857143	34.0	3.2951244887571027	0.872389632666935	0.9992899744390799
143_O-121	32.2	31.0	3.274958542841181	0.8714303553571883	0.9994359046678889
144_O-121	30.75	30.0	3.2083607799281415	0.8649268113007503	0.9994293865905849
145_O-121	33.0	32.0	3.2606044992653533	0.8689414974098182	0.9994288977727013
146_O-121	36.0	33.0	3.262972257921144	0.8694443162700246	0.9990197451337348
147_O-121	37.6	32.0	3.2351006137540006	0.8682041265552738	0.9989167230873393
148_O-121	36.25	31.0	3.2621921674456678	0.8713038133828188	0.9990351481736733
149_O-121	37.1	35.0	3.267092814655652	0.8708792041938809	0.9990302022720975
14_O-121	33.42857142857143	32.0	3.2716572266478567	0.8710988472230499	0.9993189866521384
150_O-121	35.0	30.0	3.2910439163188245	0.8718459750874533	0.9991668980838656
151_O-121	36.2	32.0	3.2650462744775837	0.8698540137010591	0.999004550625711
152_O-121	30.333333333333332	30.0	3.253878448952006	0.8702459896472252	0.9995766897135601
153_O-121	33.0	31.0	3.2653490862357293	0.8709431922453211	0.9993065187239945
154_O-121	30.857142857142858	30.0	3.2473445102608625	0.8693574607032051	0.9994363021420518
155_O-121	34.625	32.0	3.265762853043303	0.8707000187465123	0.9990234375
156_O-121	35.5	32.0	3.284955323125515	0.8738722868160123	0.999028452463567
157_O-121	39.1	37.0	3.2520435752676855	0.8674832965718919	0.9990372713519461
158_O-121	41.0	35.0	3.276970036755286	0.8706431382654883	0.9987316798196166
159_O-121	40.0	36.0	3.2589764332757842	0.8704215492611607	0.9987466926611892
15_O-121	32.666666666666664	31.0	3.2366883607721237	0.8683027107575019	0.9993033300822071
160_O-121	34.6	34.0	3.2667099665354864	0.870230269410811	0.9994462901439646
161_O-121	39.625	34.0	3.236628102696662	0.8686205716478643	0.9985935302390999
162_O-121	31.3	31.0	3.227386116450111	0.8674844113809208	0.9995881383855024
163_O-121	37.5	33.0	3.2587000598239984	0.8710335655772378	0.998783290523185
164_O-121	42.2	35.0	3.2536710824254147	0.8689053272523906	0.998731858531774
165_O-121	33.6	33.0	3.268127482734037	0.8709089705016925	0.9994370954123276
166_O-121	43.75	40.0	3.273639127412985	0.8690463859186675	0.9985274628184362
167_O-121	32.857142857142854	32.0	3.275557772795778	0.871801108648979	0.9994278357888714
168_O-121	41.42857142857143	35.0	3.274014010949648	0.8712861598674324	0.9986204993792247
169_O-121	37.0	33.0	3.2271318384628542	0.8667748731207507	0.9988700564971752
16_O-121	38.625	36.0	3.283729882875476	0.871306334513023	0.999009900990099
170_O-121	32.666666666666664	32.0	3.2414263064539135	0.8671930762269349	0.9994379654348743
171_O-121	44.2	37.0	3.27429070393009	0.8699744939628269	0.9987733406024261
172_O-121	35.142857142857146	33.0	3.2805125658493384	0.871906004071627	0.9991399082568807
173_O-121	33.0	30.0	3.239643760482211	0.8663703909404155	0.9991809991809992
174_O-121	38.6	33.0	3.2498634615215813	0.8689342285252075	0.9988834612700628
175_O-121	53.6	38.0	3.2214043243065147	0.8637791953153252	0.9982327351821643
176_O-121	52.75	39.0	3.2636157022133694	0.8671736463514825	0.9984751871361242
177_O-121	40.5	36.0	3.2842133376160696	0.8726664102107975	0.9987405541561712
178_O-121	34.5	32.0	3.23888193507165	0.867265730149064	0.9993050729673384
179_O-121	38.0	34.0	3.259094891035385	0.8704778836207117	0.9988784522641245
17_O-121	38.666666666666664	34.0	3.2875877267714837	0.872091035541286	0.9988859490321682
180_O-121	41.6	38.0	3.2549752482753624	0.8692921210413322	0.9987652627246536
181_O-121	35.2	31.0	3.249120955580718	0.8704700314687274	0.9990061053528326
182_O-121	57.2	39.0	3.2650797357825763	0.8694798155838077	0.9980552854563134
183_O-121	37.5	34.0	3.2766075115742246	0.871847379636856	0.999004550625711
184_O-121	34.6	34.0	3.2424858668786127	0.8674796013344725	0.9994449070219261
185_O-121	34.111111111111114	33.0	3.279985937144787	0.8724882221850986	0.9992798502088435
186_O-121	40.0	34.0	3.280695317058105	0.8736419776028168	0.9987412587412587
187_O-121	45.0	33.0	3.2989227113981276	0.8749253153815919	0.9987496526813003
188_O-121	35.5	32.0	3.2857908919795475	0.8726221569773078	0.9990356798457087
189_O-121	37.5	34.0	3.2865582837203595	0.8730036682099858	0.9990147783251232
18_O-121	36.333333333333336	27.0	3.1995617877340403	0.8666887318243899	0.9989004947773502
190_O-121	35.75	32.0	3.2760314945889157	0.8704801162558864	0.9991818925552223
191_O-121	43.0	37.0	3.291882699785091	0.8721218109650761	0.9987428411789356
192_O-121	32.6	32.0	3.232412478243918	0.8666226292791224	0.9994519046314059
193_O-121	27.0	27.0	3.220082989259472	0.867322080574846	0.9998638900231387
194_O-121	38.0	35.0	3.263106954497567	0.8701150944676341	0.9990231649455763
195_O-121	29.75	29.0	3.255643435382127	0.8688203707457807	0.9994435943803033
196_O-121	37.142857142857146	32.0	3.2421603373286194	0.8691547385329742	0.9987865713900499
197_O-121	32.5	31.0	3.2473998912027007	0.8686705647993036	0.9994528792230885
198_O-121	34.42857142857143	33.0	3.27114565879429	0.8710294681295419	0.9993191721132898
199_O-121	28.2	28.0	3.259845363473731	0.870002397324305	0.9997193770169777
19_O-121	44.0	32.0	3.2565109300398793	0.870380292982732	0.9987181313203247
1_O-121	34.6	34.0	3.2518772580009307	0.86839349624237	0.9994460601024788
200_O-121	39.5	35.0	3.265470976742054	0.8703604706172305	0.9987819732034104
201_O-121	35.142857142857146	33.0	3.2963275102656704	0.8736349793173381	0.9991713851677945
202_O-121	34.5	32.0	3.313957501132903	0.8767309940496684	0.999163179916318
203_O-121	36.666666666666664	35.0	3.2678614260548167	0.8698900703057032	0.9991833401388321
204_O-121	35.625	33.0	3.2505451506936702	0.8685032882336353	0.9990413585319091
205_O-121	33.857142857142854	33.0	3.2420892417975025	0.8678121356605447	0.9994510019214933
206_O-121	35.5	33.0	3.2745278310129544	0.8711429116972147	0.9991614255765199
207_O-121	32.6	32.0	3.25398989785305	0.8679348547483945	0.999444521594223
208_O-121	31.5	29.0	3.25369022074804	0.8703195452238048	0.9993169398907104
209_O-121	35.5	32.0	3.2489372396379292	0.8690485712811056	0.9988862592231658
20_O-121	38.142857142857146	33.0	3.231401103944033	0.866771295785961	0.9987219539903437
210_O-121	36.6	31.0	3.270525596141354	0.8705894059155928	0.9988982233852086
211_O-121	36.666666666666664	32.0	3.2570753466890956	0.8715616105962516	0.9988550164591384
212_O-121	40.6	37.0	3.28527776776671	0.8726498456231103	0.9987459941479727
213_O-121	40.8	38.0	3.2631849414585408	0.869762561580949	0.9988754568456565
214_O-121	33.0	30.0	3.2285372190850326	0.8674055508919692	0.9991556431184914
215_O-121	33.2	29.0	3.1968628342887406	0.8656094760933437	0.9990101809954751
216_O-121	30.857142857142858	30.0	3.2463825233355257	0.868693648507233	0.999438596491228
217_O-121	37.5	34.0	3.2494989671468435	0.8700808664572387	0.9988779803646564
218_O-121	28.142857142857142	28.0	3.2686899950644497	0.871121229579148	0.9997203970362086
219_O-121	38.5	37.0	3.27175695884751	0.8701235773203507	0.9991513437057992
21_O-121	40.54545454545455	38.0	3.273655819447882	0.8707095442127285	0.9988963995033798
220_O-121	34.5	32.0	3.2362106130807025	0.8668166995423549	0.9991473639334943
221_O-121	49.857142857142854	42.0	3.2769898821475	0.8706124999132456	0.9984641161686679
222_O-121	33.666666666666664	32.0	3.234924122591501	0.8686009587366822	0.9991606043648573
223_O-121	37.5	34.0	3.2159555574060885	0.8650450711020652	0.9988890431884461
224_O-121	33.666666666666664	33.0	3.2779476988430774	0.8710813998400985	0.999447742648074
225_O-121	42.142857142857146	37.0	3.251762066231207	0.8685516594315669	0.9987217724755006
226_O-121	30.875	29.0	3.243152779380281	0.8697824762108677	0.9991590749824807
227_O-121	35.142857142857146	33.0	3.258510185794372	0.8676732197073007	0.9991556431184914
228_O-121	38.5	28.0	3.2624334280009846	0.8704959592655771	0.9990231649455763
229_O-121	32.0	31.0	3.2460066718844343	0.8697157663009994	0.9994506249141601
22_O-121	38.0	34.0	3.28251351330227	0.8726032919108851	0.9988833054159687
230_O-121	41.111111111111114	38.0	3.296257833073136	0.8723055143867868	0.9988778229765746
231_O-121	31.857142857142858	31.0	3.2608294105559583	0.8688745639059805	0.9994262765347103
232_O-121	46.0	34.0	3.248697672892944	0.8697939597681775	0.9987677984665937
233_O-121	41.8	39.0	3.2556563948725885	0.8685477886082406	0.9988868790872408
234_O-121	32.5	30.0	3.247091460737309	0.8695393726653626	0.999181446111869
235_O-121	43.625	38.0	3.2629604300555126	0.8697506551740846	0.9986019851810429
236_O-121	38.666666666666664	37.0	3.2853246769527913	0.8710595650800694	0.9991604869175879
237_O-121	34.25	33.0	3.247958348810699	0.8689937744602954	0.9992977528089888
238_O-121	40.0	36.0	3.2707870753812003	0.8707090825956711	0.9988939582469238
239_O-121	41.0	32.0	3.2643343553834914	0.8714065925067369	0.9986132297878242
23_O-121	34.25	29.0	3.2368873712692436	0.8684455697959309	0.9990149169715733
240_O-121	34.625	32.0	3.253695542834198	0.8701582857910402	0.9990350151640475
241_O-121	37.0	34.0	3.2520163048009785	0.8682623749104255	0.9990258836626774
242_O-121	37.6	32.0	3.2300978240669367	0.8672536944386651	0.9988848620016727
243_O-121	30.428571428571427	30.0	3.2518948524176974	0.8680354769402275	0.9995821145006268
244_O-121	34.0	32.0	3.254674061659857	0.8701263728257145	0.9992946819015376
245_O-121	35.142857142857146	33.0	3.2604852184104125	0.8704349207427977	0.9991384261918438
246_O-121	40.42857142857143	34.0	3.2365771824885896	0.8682011615089998	0.9986130374479889
247_O-121	34.5	31.0	3.2350888150378596	0.8687826956821201	0.9990242542514636
248_O-121	38.90909090909091	38.0	3.278474466445607	0.8697403582914798	0.9993179648069841
249_O-121	36.0	29.0	3.252185054864629	0.8700378181164843	0.9990340830688561
24_O-121	28.5	28.0	3.2592184100904262	0.8722433985113421	0.9995923913043478
250_O-121	35.42857142857143	34.0	3.2837117129281674	0.8722638579408443	0.9993093922651933
251_O-121	43.75	40.0	3.2933493987175217	0.8731865201230882	0.9986095661846496
252_O-121	33.5	31.0	3.2573093732282694	0.8696861665907087	0.9991645781119465
253_O-121	33.5	30.0	3.248205072563502	0.8698808572056589	0.999023709902371
254_O-121	34.5	32.0	3.2995008435181448	0.8755602168840283	0.9991343240513635
255_O-121	32.75	32.0	3.249610133892883	0.8687063376876258	0.9994320602016187
256_O-121	40.0	36.0	3.276251020500576	0.8705054474661291	0.9987235853070486
257_O-121	38.5	35.0	3.268255396474573	0.8707657957167639	0.9989091900736297
258_O-121	41.2	34.0	3.2621874078181476	0.8687764707363645	0.9987473903966597
259_O-121	35.625	33.0	3.2579986904414633	0.87072069592143	0.9990343495654573
25_O-121	43.857142857142854	36.0	3.2831078609794395	0.8722337208759777	0.9984611080022384
260_O-121	30.142857142857142	30.0	3.252457474282474	0.8672951433372205	0.9997242140099283
261_O-121	30.5	29.0	3.267233327317564	0.8709100956920797	0.9994494907789705
262_O-121	44.25	36.0	3.2663918766347924	0.8698480274875784	0.9983079526226735
263_O-121	37.25	32.0	3.2764187823685424	0.870974239707486	0.9990308735982278
264_O-121	34.0	33.0	3.2616096800128185	0.8700188655192431	0.9994522798849788
265_O-121	31.25	30.0	3.2555618446975783	0.8702889869051617	0.9993093922651933
266_O-121	42.09090909090909	38.0	3.2744169308387217	0.8726377811385533	0.9986166828053673
267_O-121	33.0	32.0	3.286375697164044	0.8726532680403731	0.9994463667820069
268_O-121	41.111111111111114	38.0	3.2845187073011672	0.8703037463369014	0.9988853281315313
269_O-121	32.375	32.0	3.2663138376036787	0.87054616859633	0.9995644599303136
26_O-121	30.0	30.0	3.2513209995604235	0.8695021675654966	0.999860002799944
270_O-121	33.875	32.0	3.2749038294502535	0.8711069590020812	0.9991494187694925
271_O-121	40.2	33.0	3.254661978478046	0.8694391403577837	0.9987541528239202
272_O-121	35.6	35.0	3.2803332312271016	0.8700887211679248	0.9994421977409008
273_O-121	49.2	36.0	3.2552043798315125	0.8690177431594646	0.998343913883522
274_O-121	35.2	31.0	3.2517759933575636	0.8700763653370049	0.999043062200957
275_O-121	30.666666666666668	30.0	3.2635375997898417	0.8725479903262482	0.9994443672732324
276_O-121	31.11111111111111	31.0	3.264318225697944	0.8708411617205671	0.9997179523339444
277_O-121	39.0	36.0	3.274572091214868	0.87074585699575	0.9990086390029741
278_O-121	35.6	30.0	3.2289055233327115	0.8688472517443253	0.9988820570150923
279_O-121	36.0	33.0	3.237572541352009	0.8664604676374252	0.9990167158308751
27_O-121	42.42857142857143	36.0	3.2510928700620516	0.8694351142895675	0.9986517459889444
280_O-121	37.0	33.0	3.2466144547581752	0.8689523682344642	0.9988825254923872
281_O-121	37.875	36.0	3.279569048733952	0.8701719119173991	0.9991513437057992
282_O-121	44.5	40.0	3.30795957660585	0.8720595350657209	0.9987574209581666
283_O-121	42.5	38.0	3.2865005696822536	0.872186246318848	0.9987527716186253
284_O-121	38.8	36.0	3.2709559997305813	0.8693656177483935	0.9988934993084371
285_O-121	38.0	31.0	3.2517085057389483	0.8704056767916553	0.9988948749827324
286_O-121	34.875	33.0	3.2355105313286963	0.8677736844544153	0.9991597815432013
287_O-121	39.142857142857146	37.0	3.289052979082316	0.8719342471246032	0.9991675915649278
288_O-121	43.2	36.0	3.2644784126508486	0.8701881284534877	0.9987836194080281
289_O-121	40.5	37.0	3.289776205724889	0.8714548479940022	0.9988922736084187
28_O-121	36.333333333333336	34.0	3.254100748351245	0.8695382616791558	0.9990295300152502
290_O-121	36.8	34.0	3.2597065899722693	0.8703632141918757	0.9989097846824748
291_O-121	44.0	35.0	3.2804849158224845	0.8704460582695421	0.998719590268886
292_O-121	36.6	31.0	3.2312479073545934	0.8681970357951116	0.9988808058198098
293_O-121	38.2	31.0	3.233345714990802	0.8687142060736466	0.9987412587412587
294_O-121	34.2	30.0	3.2665043321402547	0.8702672921359097	0.999039780521262
295_O-121	38.25	33.0	3.241511524547364	0.868727194238084	0.9990165776903625
296_O-121	38.666666666666664	34.0	3.2233595429144297	0.8647484723290462	0.9988804925832634
297_O-121	35.625	33.0	3.262498955261495	0.8708293860122669	0.9990235737201841
298_O-121	36.666666666666664	35.0	3.278880941751155	0.872175303893711	0.9991818925552223
299_O-121	33.666666666666664	32.0	3.2650890230422185	0.871455276806086	0.9992943832909963
29_O-121	31.666666666666668	31.0	3.23156586623187	0.8662790645993019	0.9994378074490513
2_O-121	36.2	32.0	3.2477756075653916	0.8676337075197573	0.9990189208128942
300_O-121	42.142857142857146	37.0	3.2809154709224813	0.8710524504097832	0.9987361325656509
301_O-121	52.0	39.0	3.2345934054396284	0.8658320014369093	0.9981489391997722
302_O-121	38.0	35.0	3.260584381011046	0.8682892313016556	0.9990191957405072
303_O-121	44.5	39.0	3.2673307396847604	0.8698951169685237	0.9984858912594632
304_O-121	42.5	35.0	3.248106767774139	0.866847652535269	0.9985863726321742
305_O-121	33.5	31.0	3.264073568832714	0.8721328076742865	0.9991638795986622
306_O-121	37.666666666666664	36.0	3.288073013422326	0.8715521651941639	0.9991677070328756
307_O-121	36.111111111111114	35.0	3.3067036884895193	0.8746161017225156	0.9992938850444852
308_O-121	44.5	37.0	3.2687636925271293	0.8698541769781651	0.9985980653301556
309_O-121	34.666666666666664	33.0	3.2099439417322095	0.8648507725039372	0.9991851147630042
30_O-121	36.625	34.0	3.268213331973281	0.8710237822847992	0.9990185081323611
310_O-121	49.2	36.0	3.262903035886608	0.8691647784579086	0.9983074753173484
311_O-121	34.2	30.0	3.2222068945635525	0.8674296461616127	0.9990324809951624
312_O-121	34.111111111111114	33.0	3.2812693211043062	0.8715658301710385	0.9992845900701102
313_O-121	32.5	30.0	3.261848733776773	0.8707128386842999	0.9991653915704548
314_O-121	31.428571428571427	30.0	3.2557817878643847	0.8711327858360461	0.9992896718283847
315_O-121	38.111111111111114	35.0	3.2698526106183716	0.8720763788407724	0.9988631519113258
316_O-121	41.0	35.0	3.259316695373956	0.8690715806679967	0.9987431922915794
317_O-121	30.857142857142858	30.0	3.254238133399076	0.8708658393706463	0.9994306860233418
318_O-121	33.42857142857143	32.0	3.2516626871729244	0.8672410355984039	0.9993254182406908
319_O-121	31.0	29.0	3.236445916885839	0.8687812260219029	0.9993024553571429
31_O-121	41.142857142857146	36.0	3.266951777520712	0.8697385923947625	0.998768135778812
320_O-121	30.0	29.0	3.2408728130199673	0.8688886114509327	0.9994343891402715
321_O-121	38.90909090909091	37.0	3.2918978548554634	0.8731899161591732	0.999048783802147
322_O-121	37.666666666666664	33.0	3.250416376667461	0.8686000209796665	0.9988948749827324
323_O-121	34.666666666666664	33.0	3.248894148517604	0.8699929768715933	0.9991775188485263
324_O-121	33.0	31.0	3.245653079136146	0.8687373097696639	0.9992939847500706
325_O-121	38.666666666666664	34.0	3.261504541670035	0.8683546150427129	0.9988847065384079
326_O-121	30.0	28.0	3.2413414878799403	0.8690538415327552	0.9994396974366158
327_O-121	34.2	30.0	3.2600622636898935	0.8708082846960186	0.999029799029799
328_O-121	30.142857142857142	30.0	3.2821078242873623	0.8719252617627313	0.9997226074895977
329_O-121	32.375	32.0	3.2443146483848797	0.8683013050383307	0.999593716143012
32_O-121	48.75	35.0	3.240581470458924	0.8668116638174275	0.9984694587449562
330_O-121	32.0	31.0	3.264602216768914	0.8699224336318543	0.9994500962331592
331_O-121	32.6	32.0	3.2614091408626527	0.87053374200704	0.9994411846884604
332_O-121	34.666666666666664	33.0	3.2353220964399947	0.8688706253596468	0.9991638795986622
333_O-121	39.0	33.0	3.213709170789921	0.8654079221182059	0.9987649238369699
334_O-121	36.6	31.0	3.254547377345422	0.869865660110476	0.9988895058300944
335_O-121	26.25	26.0	3.2359709366133793	0.8676731545447031	0.9997250859106529
336_O-121	41.6	38.0	3.2597062546059172	0.8683700907824002	0.9987325728770595
337_O-121	43.0	38.0	3.2576812562634516	0.8690568919994754	0.9986054943522521
338_O-121	35.5	28.0	3.2438297958538653	0.8699317000411516	0.9991424896384165
339_O-121	39.625	37.0	3.2939852632945015	0.873219452365939	0.9990172680050541
33_O-121	41.142857142857146	36.0	3.277864362197057	0.8704348999658735	0.9987674609695973
340_O-121	36.875	35.0	3.2833536754087214	0.8713175741476653	0.9991593106347205
341_O-121	41.0	32.0	3.2346674577875576	0.8681254738216688	0.9986303246130667
342_O-121	40.0	34.0	3.252078754143635	0.8687698206502146	0.9987572493786246
343_O-121	35.42857142857143	34.0	3.2607858443631237	0.8701351109862525	0.9992825369493471
344_O-121	53.5	31.0	3.2584579701136147	0.8699329135914569	0.998636301650075
345_O-121	41.5	38.0	3.2709401560247287	0.8705362364181821	0.9988908914460003
346_O-121	40.2	33.0	3.2710567798380774	0.8709269974470867	0.9987186788154897
347_O-121	34.333333333333336	31.0	3.2625044485413413	0.8698079948164636	0.9993063263041065
348_O-121	35.0	32.0	3.244331061564335	0.8700282475753247	0.9990220732048058
349_O-121	44.875	38.0	3.2747829604394525	0.8708786195424075	0.9984677531689651
34_O-121	40.0	31.0	3.2581315328515936	0.870377647702761	0.998780653028045
350_O-121	34.42857142857143	33.0	3.2831601134879556	0.8713627052084467	0.9992935857586889
351_O-121	35.142857142857146	33.0	3.2704321575839863	0.8695551654131536	0.9991546914623838
352_O-121	44.0	29.0	3.293991880153439	0.8735251552169097	0.9991471215351813
353_O-121	42.2	35.0	3.272596845138063	0.870826788752792	0.9987470416260615
354_O-121	36.875	35.0	3.25627094642108	0.8694023061071179	0.9991857782602795
355_O-121	44.0	35.0	3.290450291240839	0.8732116294168126	0.9985998319798376
356_O-121	42.2	35.0	3.3081380583699813	0.8761036484372389	0.9987423141419788
357_O-121	30.5	30.0	3.248262696017657	0.8679332878642458	0.9995785332958697
358_O-121	40.0	36.0	3.268743901641241	0.8696909923942722	0.9987444196428571
359_O-121	36.75	33.0	3.269008396961477	0.8699321684732313	0.9991649269311065
35_O-121	37.625	35.0	3.26630412394899	0.8701431229162445	0.9989985693848354
360_O-121	37.5	35.0	3.2943968553080794	0.8726415962547867	0.9991726420297848
361_O-121	41.5	37.0	3.2448267554313883	0.8671959808884409	0.9985732629476387
362_O-121	36.90909090909091	36.0	3.265753037784946	0.8693969778189596	0.9992931863160871
363_O-121	32.857142857142854	32.0	3.277714101138778	0.8709275945685931	0.9994449070219261
364_O-121	36.2	32.0	3.2831577156857934	0.8727677512464268	0.9990300678952473
365_O-121	32.75	32.0	3.249870856670799	0.8688035759373817	0.999438202247191
366_O-121	40.5	36.0	3.2669566637310514	0.8714315765814455	0.9987544976473844
367_O-121	33.54545454545455	33.0	3.267874627589524	0.8701049917370212	0.9994416527079844
368_O-121	39.42857142857143	33.0	3.247032964632623	0.8696500664462076	0.9985996359053354
369_O-121	34.42857142857143	33.0	3.257247421452814	0.8686165789056652	0.9992905788876277
36_O-121	34.0	31.0	3.25540146170635	0.8696867996293227	0.9991583672324309
370_O-121	34.0	31.0	3.252905065524871	0.8697364167986983	0.9991702392476836
371_O-121	27.142857142857142	27.0	3.249502302578961	0.8699786658777737	0.9997261399424894
372_O-121	36.875	35.0	3.265277585967248	0.869630822103524	0.9991595461549236
373_O-121	42.0	33.0	3.240359547006008	0.8679007111605285	0.9986340663843737
374_O-121	42.0	36.0	3.271560962336912	0.8720539313697294	0.9987027961948688
375_O-121	31.375	31.0	3.2581978890191965	0.8684468446250474	0.9995805955543129
376_O-121	35.0	32.0	3.221231646827243	0.8655030306834968	0.9990499457111836
377_O-121	31.857142857142858	31.0	3.2546492909674445	0.8701270218233763	0.9994300370475919
378_O-121	43.0	38.0	3.2611370409542526	0.8684491508793891	0.9985843714609286
379_O-121	35.2	31.0	3.2469721577378334	0.870420852650897	0.9990131115183984
37_O-121	38.0	37.0	3.2654945363494288	0.8705154727780439	0.9991598991879026
380_O-121	30.142857142857142	30.0	3.265646573460011	0.8711263048354528	0.9997145711431425
381_O-121	43.0	34.0	3.235049664370993	0.8672619414698387	0.998589562764457
382_O-121	41.5	38.0	3.3027244287052997	0.8734929973201648	0.9988743492331504
383_O-121	32.666666666666664	31.0	3.2417792315130023	0.8688335075116258	0.9993076710052617
384_O-121	52.6	37.0	3.2660864877447935	0.871411056893917	0.9982179575051405
385_O-121	38.111111111111114	35.0	3.2575296712875415	0.8690946654460118	0.9988896599583622
386_O-121	38.0	31.0	3.255282911377394	0.8691941360404275	0.9990247979938701
387_O-121	37.111111111111114	34.0	3.265909802975111	0.8704324932367499	0.9988936523302447
388_O-121	36.142857142857146	34.0	3.2463662728238996	0.8663375105235336	0.9991703539823009
389_O-121	39.625	37.0	3.315712604460745	0.8744036202687333	0.9990316779637571
38_O-121	36.90909090909091	35.0	3.216777592785432	0.8666844841227666	0.9990378006872852
390_O-121	26.0	26.0	3.2513503624757436	0.8705567320095882	0.9998626750892612
391_O-121	43.333333333333336	34.0	3.2998009620463993	0.8733855101314288	0.9989218328840971
392_O-121	32.666666666666664	31.0	3.2422157947029833	0.8687059810501072	0.9993005036373811
393_O-121	34.75	34.0	3.2639417717091335	0.8687857980432174	0.9994282447112636
394_O-121	32.5	30.0	3.2924664334532454	0.8729277046798346	0.9993262363562863
395_O-121	32.3	32.0	3.2386121209514602	0.8680703945273867	0.9995739846634479
396_O-121	36.111111111111114	35.0	3.278212695522969	0.8706009775136578	0.9992936855488064
397_O-121	42.0	33.0	3.2584235141783098	0.8703022673032736	0.9986178299930891
398_O-121	33.875	32.0	3.2752816249220875	0.873465834617229	0.999160016799664
399_O-121	44.0	39.0	3.264848710325459	0.8692189998048581	0.9985873710976126
39_O-121	35.0	34.0	3.265499572529396	0.86996136794854	0.9993197278911564
3_O-121	30.11111111111111	30.0	3.2645643403080706	0.8707462527701777	0.9997177931423734
400_O-121	34.0	29.0	3.239527349737928	0.868084427095552	0.999169205206314
401_O-121	36.0	33.0	3.2613506345087977	0.8703175399095776	0.9989949748743718
402_O-121	43.5	39.0	3.2616344871058724	0.8688429194270175	0.9987479131886478
403_O-121	41.0	35.0	3.2700158685518987	0.8706405864894208	0.9987489574645538
404_O-121	36.0	33.0	3.2525148225834983	0.8690383818298816	0.9990219365656001
405_O-121	35.25	30.0	3.2699582868060197	0.8718880295969552	0.9989995712448192
406_O-121	33.42857142857143	32.0	3.2578814714874618	0.8716126330522307	0.9993178717598908
407_O-121	39.111111111111114	36.0	3.2405269256209244	0.8678504784711082	0.9988727631393547
408_O-121	40.142857142857146	35.0	3.240510610761428	0.8666613397847386	0.9987402015677491
409_O-121	38.0	35.0	3.2850837533294888	0.8705865025110816	0.9991919191919192
40_O-121	36.2	32.0	3.2407453952878638	0.8675659827426979	0.999029799029799
410_O-121	45.625	40.0	3.287730954244005	0.8713053275936281	0.998645903859174
411_O-121	34.0	31.0	3.2502015138338463	0.869189923595932	0.9990375360923965
412_O-121	36.5	34.0	3.2725368022659853	0.8713726220784371	0.999152063312606
413_O-121	35.5	32.0	3.2748023888866666	0.8732984313364774	0.999028452463567
414_O-121	45.5	40.0	3.2728138250362075	0.8692154152121487	0.9984578718631711
415_O-121	35.666666666666664	31.0	3.235192917192123	0.8683639059664809	0.9988859490321682
416_O-121	34.333333333333336	32.0	3.226886756432739	0.8678461076451385	0.9990226193800614
417_O-121	38.2	34.0	3.264800415622016	0.8697677229378885	0.9990285872883709
418_O-121	38.142857142857146	36.0	3.2814692598388504	0.8713962718058438	0.9991738950846758
419_O-121	30.0	28.0	3.2675041960192073	0.8731390468457838	0.9994472847865138
41_O-121	31.5	31.0	3.2319082572569684	0.8669578750206156	0.9995898838004101
420_O-121	37.0	33.0	3.2232442060740025	0.8668963116694519	0.99890560875513
421_O-121	39.5	35.0	3.269434445301125	0.8721413637372915	0.9987909725953789
422_O-121	34.142857142857146	32.0	3.238163599858912	0.8678123277081652	0.9991614255765199
423_O-121	35.25	34.0	3.285794334637617	0.8720509539974944	0.9992994255289337
424_O-121	39.111111111111114	36.0	3.2503381010734063	0.8691731214229292	0.9989146655813322
425_O-121	32.0	31.0	3.279607048658541	0.8727700421372541	0.9994435169727324
426_O-121	37.42857142857143	36.0	3.2973852149311385	0.8720623151221273	0.9992997198879552
427_O-121	35.142857142857146	33.0	3.2692095487490436	0.8698713651732605	0.9991659716430359
428_O-121	39.5	36.0	3.2792097673746596	0.870502040513865	0.9990246621150899
429_O-121	30.5	29.0	3.2432259260690155	0.8680861346002922	0.9994336684128557
42_O-121	39.1	37.0	3.294962062306265	0.8731354270544194	0.9990131115183984
430_O-121	41.5	34.0	3.282940599722315	0.8714879672787699	0.9985992435915394
431_O-121	34.25	33.0	3.259364335856427	0.8703752563467457	0.9992991309223437
432_O-121	35.6	35.0	3.2825461582388704	0.8722135240039703	0.9994435943803033
433_O-121	37.90909090909091	36.0	3.2709084490051565	0.8715308328071317	0.9990388576136208
434_O-121	35.25	30.0	3.2384420080578336	0.8687369215636219	0.9990541818673152
435_O-121	41.0	32.0	3.258406132973404	0.8698011356283083	0.9987836194080281
436_O-121	38.8	36.0	3.255035368929323	0.8687641192035536	0.9988927335640139
437_O-121	36.6	36.0	3.288615870806349	0.8706824836808691	0.9994578476551911
438_O-121	39.5	36.0	3.2672157042231627	0.8697008654586427	0.998860561173622
439_O-121	30.666666666666668	29.0	3.2458801167844173	0.8690758215192842	0.9993034271384786
43_O-121	36.75	33.0	3.2901759449984924	0.8728608662048403	0.9991867714827867
440_O-121	35.0	28.0	3.22257517573419	0.8672048748438922	0.9990450204638472
441_O-121	41.0	32.0	3.268735097501083	0.871532075878198	0.9987431922915794
442_O-121	29.857142857142858	29.0	3.2545369026568594	0.8714032778826208	0.9994574799945748
443_O-121	36.2	32.0	3.252647952305472	0.86891877052928	0.9990318118948824
444_O-121	35.0	32.0	3.2812261992990304	0.8720702771786641	0.9991523029104267
445_O-121	60.5	43.0	3.2603913750507907	0.8676078807500955	0.9979418221734357
446_O-121	32.42857142857143	32.0	3.2699589761211794	0.869014615368046	0.9995771074147166
447_O-121	37.0	34.0	3.2917240989080425	0.8719308054019566	0.9990145009151062
448_O-121	29.5	27.0	3.2358651506535843	0.8694662012487342	0.9992998179526676
449_O-121	44.0	35.0	3.2539718002279545	0.8697456949656274	0.9985937280270004
44_O-121	42.5	38.0	3.256477412150322	0.8679560732416571	0.9985809564353626
450_O-121	46.0	41.0	3.2430520754895236	0.8670313877301551	0.9984632578932663
451_O-121	34.25	33.0	3.277287213577069	0.8722006046607991	0.9993074792243767
452_O-121	43.0	34.0	3.302853025879132	0.8742400946028457	0.9986017897091722
453_O-121	32.5	30.0	3.258241762087134	0.8704180078520024	0.9991437134294278
454_O-121	38.5	35.0	3.287086761259543	0.8727679910705268	0.9990404386566141
455_O-121	40.5	36.0	3.2873466368684983	0.8717782956435136	0.9987172177879133
456_O-121	34.666666666666664	30.0	3.2200482215830335	0.8669035330231671	0.9988908914460003
457_O-121	43.875	37.0	3.254989773205758	0.8682647696162487	0.9984474241354975
458_O-121	48.2	35.0	3.2512394972967176	0.8696102308819192	0.9983486996009358
459_O-121	39.5	35.0	3.262797168505382	0.870751797524378	0.9987482614742699
45_O-121	37.2	30.0	3.2162219129391794	0.8669316139685491	0.9987506940588562
460_O-121	35.42857142857143	34.0	3.2826813336775826	0.8722964008819168	0.9993083414026837
461_O-121	32.5	30.0	3.226045760098762	0.8671673661401754	0.9991604869175879
462_O-121	32.0	30.0	3.2901643130546	0.8739057498140079	0.9993127147766323
463_O-121	39.6	36.0	3.2690430777585515	0.8715546454395453	0.9987701557802678
464_O-121	36.625	34.0	3.251547851768434	0.8681911017663251	0.9990084985835694
465_O-121	33.142857142857146	31.0	3.260635225154356	0.8705784963222243	0.9991431019708654
466_O-121	38.6	33.0	3.279964431959666	0.8728427312731968	0.9989077007099946
467_O-121	39.90909090909091	38.0	3.2706440544216946	0.8683922424062338	0.9990065285268237
468_O-121	28.0	27.0	3.21779514605291	0.8674921072079019	0.9994387540339554
469_O-121	32.42857142857143	31.0	3.228276679293289	0.8669155481777457	0.9992980485750386
46_O-121	33.5	31.0	3.28303977158865	0.8724326081610247	0.999177406087195
470_O-121	35.142857142857146	33.0	3.21733589221201	0.8648211067725139	0.9991616599133715
471_O-121	32.3	32.0	3.234260718980807	0.8647480141060256	0.9995808299566857
472_O-121	47.2	34.0	3.255771725289052	0.8703376119316586	0.9983167344648618
473_O-121	45.0	36.0	3.2498601043657698	0.8679322784486029	0.9985998319798376
474_O-121	37.142857142857146	35.0	3.2918124032555163	0.8722003606795261	0.9991675915649278
475_O-121	62.5	35.0	3.27273767439017	0.8703716071224508	0.9984728585311675
476_O-121	36.111111111111114	35.0	3.3009763506872063	0.8733879706285936	0.9993047830923248
477_O-121	29.857142857142858	29.0	3.248972622984557	0.8691580985162267	0.9994316567206593
478_O-121	40.42857142857143	34.0	3.2685109066520917	0.8703352529071955	0.9985960971500772
479_O-121	43.42857142857143	37.0	3.269869157944143	0.8706675660782458	0.9985998319798376
47_O-121	35.0	32.0	3.2493728910508737	0.8698485173444853	0.9990077958894401
480_O-121	35.25	34.0	3.274961531278042	0.8716143907356295	0.9993013832611429
481_O-121	38.111111111111114	35.0	3.263999230285055	0.870716829797408	0.9989050095811661
482_O-121	28.75	28.0	3.2394982628851436	0.8685010098648172	0.9995802434587939
483_O-121	68.0	32.0	3.2564643649095353	0.8701937825065031	0.9987630566245189
484_O-121	45.625	40.0	3.2746090778788988	0.8704675377799853	0.9986242949511625
485_O-121	33.42857142857143	32.0	3.2497075259296304	0.8695808987068192	0.9993379237288136
486_O-121	37.5	34.0	3.2702752139301694	0.87131260710987	0.9990312759479657
487_O-121	35.25	30.0	3.237935295966434	0.8681688511365974	0.9990163012928611
488_O-121	31.428571428571427	30.0	3.269967462982724	0.8713712200207548	0.9993068071537502
489_O-121	33.875	32.0	3.2929859165146604	0.8747699011289375	0.9991471215351813
48_O-121	36.75	33.0	3.2692835866335237	0.8694916158833081	0.9991720712018767
490_O-121	50.2	37.0	3.2571792974322933	0.8677289705843868	0.9983335647826691
491_O-121	40.8	38.0	3.3000075319191	0.8721942400292683	0.9988901220865705
492_O-121	39.666666666666664	35.0	3.2352503755224054	0.8672816979848114	0.9988822132178287
493_O-121	47.0	35.0	3.252867296233317	0.8689573782491664	0.9987039170506913
494_O-121	46.333333333333336	39.0	3.2598724601934563	0.8683976472029926	0.9982530208181686
495_O-121	41.0	37.0	3.2745488536348804	0.8714150934860909	0.9987605013083597
496_O-121	34.42857142857143	33.0	3.236762921158149	0.8660866153683274	0.9992783951508154
497_O-121	35.5	34.0	3.262967038739925	0.870764793130319	0.9991685144124168
498_O-121	39.6	34.0	3.2596480474632172	0.8706786151463841	0.99886476514829
499_O-121	38.8	36.0	3.26907766567487	0.8705296584030239	0.9988754568456565
49_O-121	33.5	31.0	3.26070307713876	0.8706241811683924	0.9993091059831422
4_O-121	32.111111111111114	31.0	3.263817299357684	0.8713521277627234	0.9993009925905214
500_O-121	42.46153846153846	39.0	3.2625265403332	0.8696098973736677	0.9986462704751591
501_O-121	38.142857142857146	36.0	3.2960754145467774	0.8722889917732719	0.9991726420297848
502_O-121	38.0	35.0	3.2846536272627285	0.8713594064308864	0.9990288568257492
503_O-121	41.0	37.0	3.2750027473615364	0.8690943767881056	0.9988738738738738
504_O-121	36.625	34.0	3.275041355368911	0.8715726310833165	0.9989981394017461
505_O-121	47.166666666666664	38.0	3.2892524749713354	0.8729976780231161	0.9984694587449562
506_O-121	39.0	36.0	3.2874866593599075	0.8713326291062995	0.9990285872883709
507_O-121	42.0	38.0	3.267961216487853	0.8691622394155712	0.998731858531774
508_O-121	46.0	31.0	3.249973778577761	0.8699554360266337	0.9986114968064427
509_O-121	35.0	30.0	3.2489712299977387	0.8700513664428354	0.9991423670668954
50_O-121	36.0	29.0	3.2473127343511865	0.8686111447514462	0.9988829935772131
510_O-121	41.142857142857146	36.0	3.277722177737316	0.8704884565539366	0.9987203184985071
511_O-121	34.142857142857146	32.0	3.2474214802156625	0.8686874954243725	0.9991639960986485
512_O-121	31.666666666666668	30.0	3.2749198023290864	0.8709459936986735	0.999314411079117
513_O-121	35.111111111111114	34.0	3.2872399176834373	0.8721552472873928	0.9992932862190813
514_O-121	38.2	31.0	3.2217674684954183	0.8678568421152484	0.9987553588715253
515_O-121	43.5	33.0	3.263692469954818	0.8695191745317619	0.999020979020979
516_O-121	37.0	34.0	3.2865279128462617	0.8722235969467572	0.9990002856326764
517_O-121	39.2	32.0	3.280097920662655	0.873165990066864	0.9987798264642083
518_O-121	51.5	35.0	3.2737600148973014	0.8710115719239998	0.9983117613956106
519_O-121	37.1	35.0	3.2454937496714744	0.8680083663897317	0.9989866821077013
51_O-121	28.0	25.0	3.2208859492352224	0.8671311594496505	0.9994411846884604
520_O-121	40.15384615384615	38.0	3.2800256001134485	0.8724144395262158	0.9988868790872408
521_O-121	43.42857142857143	37.0	3.251213436554783	0.8675023256884364	0.9985957028507232
522_O-121	48.0	37.0	3.261055017658429	0.8696243104610996	0.9983480176211453
523_O-121	35.36363636363637	34.0	3.2702661640682678	0.871093741532369	0.9991652754590985
524_O-121	39.0	35.0	3.2800427097385527	0.8722971499636711	0.9988762466638573
525_O-121	32.5	30.0	3.2463413746830456	0.8693173226722601	0.9991718426501035
526_O-121	42.0	39.0	3.2742850020462426	0.8708428801006284	0.9987666164177059
527_O-121	40.8	38.0	3.269886690071044	0.8694773638246907	0.9988727631393547
528_O-121	38.625	36.0	3.2679620599883856	0.8701263308997476	0.9990160247399494
529_O-121	34.42857142857143	33.0	3.2622631574175176	0.8711538952481886	0.9992971605285352
52_O-121	40.5	37.0	3.2853713609497093	0.8709771760564737	0.9989114165192543
530_O-121	38.5	35.0	3.285376813320095	0.8737313671039613	0.9988700564971752
531_O-121	37.5	34.0	3.2973841449012977	0.872832311890652	0.9990224828934506
532_O-121	42.625	37.0	3.248686567798128	0.8667556321118974	0.9986349986349986
533_O-121	38.25	37.0	3.2703277541193474	0.8706095901823955	0.9991880920162381
534_O-121	30.333333333333332	27.0	3.247454318334308	0.8691734275202609	0.9993051695386326
535_O-121	39.5	36.0	3.262609069521774	0.8691525054307946	0.9990566037735849
536_O-121	35.5	32.0	3.2477665711179506	0.8698538950962547	0.999020019599608
537_O-121	42.0	33.0	3.2373575832812853	0.8666938708191778	0.9986015941826318
538_O-121	36.142857142857146	34.0	3.291793022944982	0.8731589373525388	0.9991746905089408
539_O-121	28.2	27.0	3.2588470148371593	0.8711276535196193	0.9994389114882872
53_O-121	42.5	35.0	3.230846967209084	0.868351214421028	0.9986625651999465
540_O-121	38.6	33.0	3.2750827128403546	0.8725597772380667	0.9988913525498891
541_O-121	31.333333333333332	28.0	3.222746212867348	0.8662141327204265	0.9993006993006993
542_O-121	43.0	31.0	3.2260392283721937	0.8665509647472456	0.9987565625863498
543_O-121	41.0	35.0	3.264325297823822	0.8708361688611964	0.9987718340611353
544_O-121	37.8	35.0	3.240810740288042	0.867399630624439	0.9989063568010936
545_O-121	36.0	33.0	3.278909479812632	0.8719251322656655	0.9990413585319091
546_O-121	30.1	30.0	3.2752945331705923	0.8729752414510455	0.9997201623058626
547_O-121	43.875	37.0	3.2503114831441406	0.8685926716346657	0.9984567901234568
548_O-121	31.0	30.0	3.288191972765988	0.8733899962755306	0.9994261942332521
549_O-121	49.75	36.0	3.2304916562002055	0.865332213952499	0.998428795886302
54_O-121	35.142857142857146	33.0	3.2610779719536516	0.8703530625419135	0.9991679378726945
550_O-121	39.2	35.0	3.2408904367996723	0.8677799514491238	0.9990247979938701
551_O-121	29.2	28.0	3.2447835170320163	0.8682907429138459	0.9994409503843467
552_O-121	57.2	39.0	3.2892032961895885	0.8719484191939592	0.9980485085029273
553_O-121	30.666666666666668	29.0	3.243371081812467	0.86827385378375	0.9992942836979535
554_O-121	42.0	33.0	3.2455311497716726	0.868722697473115	0.9987463435018805
555_O-121	42.0	38.0	3.2536968148463035	0.869132494729942	0.9987407303763817
556_O-121	40.6	37.0	3.246866520767433	0.8680341873765247	0.99875173370319
557_O-121	39.111111111111114	36.0	3.2893347720151707	0.8729671692194302	0.9989039594464996
558_O-121	33.23076923076923	33.0	3.271571106314971	0.8718252313199399	0.9995702005730659
559_O-121	38.142857142857146	33.0	3.2763240521285697	0.8725495447621072	0.9987628865979381
55_O-121	37.5	34.0	3.2395763595185927	0.8670429037265011	0.9988756148981026
560_O-121	42.0	33.0	3.257350185640101	0.869951606437637	0.9987610132158591
561_O-121	49.2	36.0	3.2506100890107725	0.8688580926976435	0.9983617747440273
562_O-121	48.0	37.0	3.2534587958791397	0.8696769838847174	0.998320738874895
563_O-121	38.0	35.0	3.2733350454338908	0.8698210830683164	0.999030336611719
564_O-121	41.333333333333336	32.0	3.2665588664030185	0.8707621188052767	0.9988874982617161
565_O-121	34.666666666666664	33.0	3.2468591184041418	0.8686211217033125	0.9991776315789473
566_O-121	38.0	35.0	3.262633264548772	0.8687934359902805	0.9990448901623686
567_O-121	46.0	33.0	3.2224081157665547	0.867241392312887	0.9981805458362492
568_O-121	34.142857142857146	32.0	3.240459008448651	0.8685186287365487	0.9991582491582491
569_O-121	41.0	34.0	3.283463070357046	0.8724196669799297	0.998891506165997
56_O-121	38.5	35.0	3.271636502342668	0.8711137099308004	0.9989211058664869
570_O-121	36.625	34.0	3.2423964355976196	0.8670881262741732	0.9989991421218187
571_O-121	42.0	33.0	3.283672329029123	0.8719332264178452	0.9987534626038781
572_O-121	28.5	27.0	3.2349984746645952	0.8681213121935564	0.9994407940724171
573_O-121	35.5	34.0	3.257832042808985	0.8682942281009152	0.9991622451829097
574_O-121	30.666666666666668	29.0	3.2510617411471365	0.8694715341301849	0.9993004057646565
575_O-121	35.666666666666664	34.0	3.2780577244799547	0.8710510675786909	0.999316659833265
576_O-121	35.2	31.0	3.2689318882798517	0.8717476119149048	0.9990322134660583
577_O-121	41.5	37.0	3.3066685564237073	0.8739822665194168	0.9986888111888111
578_O-121	46.857142857142854	39.0	3.3025235449654327	0.8735625725693037	0.9984619686800895
579_O-121	34.666666666666664	34.0	3.2830232566278807	0.8717981249906037	0.9994506249141601
57_O-121	32.5	30.0	3.265355340658573	0.8700892430724527	0.9991591928251121
580_O-121	34.42857142857143	33.0	3.263925748864531	0.8697069941456695	0.9993173129437466
581_O-121	42.0	33.0	3.2973412940470834	0.8747284475880516	0.9987451199107641
582_O-121	51.0	38.0	3.256512199580719	0.8694811432010431	0.9980850772808098
583_O-121	36.875	35.0	3.292725482755118	0.8738138297591949	0.9991722996275348
584_O-121	34.0	29.0	3.2565000191208773	0.870003650831203	0.9991508632889895
585_O-121	34.5	32.0	3.2480073945077685	0.8685444858438397	0.9991792065663475
586_O-121	36.0	33.0	3.2557671747065746	0.8700666272512063	0.9990359454620575
587_O-121	38.666666666666664	34.0	3.2764588688045166	0.8711570368354158	0.99889943596093
588_O-121	32.5	30.0	3.2637674089483593	0.8712634383295186	0.9991536182818451
589_O-121	35.5	34.0	3.270309110982253	0.87174278476617	0.999169205206314
58_O-121	37.0	32.0	3.2545737080125425	0.8701516664622577	0.9991732120711038
590_O-121	40.0	31.0	3.2361378734264052	0.8679478403268495	0.9987486095661846
591_O-121	37.5	34.0	3.2721997255214244	0.8701811166676032	0.999029799029799
592_O-121	42.0	33.0	3.252302241987497	0.8682257815680499	0.9987633965375103
593_O-121	53.6	38.0	3.281459831212454	0.8704523172335121	0.998213794998626
594_O-121	41.333333333333336	32.0	3.2870856597433487	0.8728075504971802	0.9988959425890146
595_O-121	41.111111111111114	38.0	3.2703610368615794	0.8683379210423997	0.9988873435326843
596_O-121	40.0	34.0	3.2818519701396105	0.8720858472935913	0.9987473903966597
597_O-121	37.2	33.0	3.270624337363669	0.8706320460918864	0.998986975397974
598_O-121	39.5	36.0	3.260011566204779	0.8698042621301717	0.9988831495183582
599_O-121	30.125	30.0	3.259584650100233	0.8698726423621137	0.9997081995914794
59_O-121	33.875	32.0	3.226385645173683	0.867489204592886	0.9991735537190083
5_O-121	44.857142857142854	37.0	3.287615553838221	0.8721994388394602	0.9985189174633096
600_O-121	30.666666666666668	30.0	3.2405475649041104	0.867963945943942	0.9994424310008364
601_O-121	38.0	35.0	3.287587750434738	0.8715946650017309	0.9989880005782854
602_O-121	42.142857142857146	37.0	3.2660699307082877	0.8708273717172759	0.9987159366528748
603_O-121	36.6	31.0	3.25645128251839	0.8703818979759282	0.998880022399552
604_O-121	35.5	32.0	3.251410119565203	0.8702265642789491	0.9990323472491015
605_O-121	41.5	37.0	3.283234670779629	0.8724387018382497	0.9987405541561712
606_O-121	37.6	32.0	3.2552414184542355	0.8697708252546004	0.9988944168048646
607_O-121	54.0	39.0	3.2645794376578317	0.8699263077624751	0.9979111544353154
608_O-121	36.0	33.0	3.230990008159719	0.8674377972485556	0.9990112994350282
609_O-121	36.875	35.0	3.282483640990551	0.8711273954126191	0.9991610738255033
60_O-121	36.666666666666664	32.0	3.279350992439662	0.8731690043367779	0.9988833054159687
610_O-121	40.0	33.0	3.2655002089472007	0.8706385599511158	0.9990306051793381
611_O-121	45.5	41.0	3.2689358301907587	0.8697047353391347	0.9986280696940596
612_O-121	42.5	35.0	3.2778322966183437	0.8705849301006996	0.9986275048037332
613_O-121	46.0	35.0	3.2676452429618075	0.8699403552378395	0.9984781405644715
614_O-121	40.142857142857146	35.0	3.24571604235867	0.8678254528737819	0.9987694831829368
615_O-121	43.666666666666664	39.0	3.3137425320046314	0.8732741507024983	0.9988983751032773
616_O-121	40.6	35.0	3.2965532168088503	0.8725219678143858	0.9989050095811661
617_O-121	32.875	31.0	3.256026479139745	0.8693048019577326	0.9991679378726945
618_O-121	46.166666666666664	37.0	3.2807257331347595	0.87189410354321	0.9984728585311675
619_O-121	39.5	36.0	3.26399787279916	0.8687600747273381	0.998898678414097
61_O-121	36.625	34.0	3.2710796547446557	0.8704633656652769	0.999028452463567
620_O-121	38.5	35.0	3.2809088291306723	0.8719673582293317	0.9988881167477415
621_O-121	34.875	33.0	3.246208741588604	0.8683113539341805	0.9991594284113197
622_O-121	37.333333333333336	35.0	3.2639055074246692	0.8684571184882106	0.9990241182211069
623_O-121	32.6	32.0	3.2670481184292113	0.8709688999221001	0.9994423532692039
624_O-121	31.3	31.0	3.2312525278232043	0.8684581633952615	0.9995950870562829
625_O-121	30.333333333333332	27.0	3.2528915269405037	0.8698812792282743	0.9992869366799771
626_O-121	42.5	39.0	3.2618646610322246	0.8694683537716145	0.9989093387866393
627_O-121	39.1	37.0	3.279745490941586	0.870484374664716	0.9990379329301814
628_O-121	36.90909090909091	35.0	3.271223127097603	0.8710764286826068	0.9990311418685122
629_O-121	34.5	33.0	3.2697794314750284	0.8715426429713947	0.9991802158764859
62_O-121	39.0	33.0	3.255629751787333	0.8699242002338187	0.9987628865979381
630_O-121	36.5	34.0	3.2739927088142635	0.8703383271165223	0.9991524226585676
631_O-121	38.90909090909091	37.0	3.269811810835083	0.8696926964411749	0.9990111597683289
632_O-121	35.2	31.0	3.2535522017419987	0.8689417148422105	0.9990222098058388
633_O-121	34.666666666666664	33.0	3.2576786683479075	0.8694777222636777	0.9991822270682841
634_O-121	38.333333333333336	36.0	3.2664294414365664	0.8705364205343555	0.9990227558285635
635_O-121	35.25	34.0	3.284871993084178	0.8735593397487693	0.9992974567935928
636_O-121	42.0	36.0	3.2361400251803256	0.866915145738403	0.9987417866629387
637_O-121	31.5	29.0	3.2608352101309976	0.8713908619156432	0.9991726420297848
638_O-121	34.75	31.0	3.2541412865275405	0.8704564002376024	0.9991680532445923
639_O-121	36.5	33.0	3.247106447046934	0.8683790454740699	0.9990179573512907
63_O-121	44.42857142857143	38.0	3.2491784993688873	0.8688697740254718	0.9986172566371682
640_O-121	44.5	37.0	3.2385893055777477	0.866034228369994	0.9986199282362683
641_O-121	33.666666666666664	32.0	3.2623651507763882	0.870384904778409	0.9992863260062803
642_O-121	37.0	30.0	3.2566480026604596	0.8711049588735573	0.998860561173622
643_O-121	40.333333333333336	31.0	3.2709899697358535	0.8711968952660809	0.9988947222989776
644_O-121	34.5	32.0	3.2730750063473555	0.870742015976691	0.9991670137442732
645_O-121	31.2	30.0	3.251719222033963	0.8705073587847694	0.9994326241134752
646_O-121	35.142857142857146	33.0	3.261119846378341	0.869449275937314	0.9991549295774648
647_O-121	35.875	34.0	3.265630913787085	0.8694888166998306	0.9991670137442732
648_O-121	46.0	37.0	3.2818472569717607	0.8708527253652252	0.9986097594883915
649_O-121	39.2	32.0	3.2381285623500786	0.8687906343436596	0.9987548422800221
64_O-121	31.428571428571427	30.0	3.2496450665924366	0.8706368466381166	0.9993109151047409
650_O-121	38.1	36.0	3.2790312539934146	0.872843990454359	0.9990065285268237
651_O-121	47.0	36.0	3.2618204722163737	0.8704520442090007	0.9984504859839414
652_O-121	38.0	35.0	3.2943003515608362	0.8728819704907284	0.9990049751243781
653_O-121	40.6	35.0	3.2696094280646655	0.869102390660565	0.9988776655443322
654_O-121	34.25	33.0	3.2667830290143494	0.8703714091450575	0.9993167532112599
655_O-121	37.333333333333336	35.0	3.2641018719363384	0.8703294214180282	0.9990145009151062
656_O-121	35.142857142857146	33.0	3.2412700862492887	0.86735238265037	0.9991733259851199
657_O-121	51.5	35.0	3.2431693860343267	0.8678822094420671	0.99833748960931
658_O-121	44.5	39.0	3.272892491527267	0.8705745044927525	0.9984764542936289
659_O-121	34.5	32.0	3.2808102119929474	0.8719512196325773	0.9991569481523114
65_O-121	50.14285714285714	39.0	3.2920519058269337	0.8719999256113655	0.9981596828992072
660_O-121	34.5	31.0	3.250708278779298	0.8695952411627604	0.9990276427281567
661_O-121	36.666666666666664	35.0	3.2786878486041418	0.870329007407405	0.9991490568713658
662_O-121	33.0	31.0	3.260311241498498	0.8694529085673858	0.9992941840767928
663_O-121	42.6	39.0	3.2684481340955602	0.8689764242716704	0.998740906547286
664_O-121	39.333333333333336	37.0	3.2782405126936656	0.8700090008262678	0.9990194705140776
665_O-121	37.0	30.0	3.2453878500270648	0.869457270284628	0.9988885801611559
666_O-121	40.0	34.0	3.2554278092457976	0.8691694707044811	0.9987341772151899
667_O-121	34.666666666666664	33.0	3.2653547651000445	0.8706444565951496	0.9993223095689889
668_O-121	39.0	35.0	3.268415978349575	0.869549548617521	0.9988843954818017
669_O-121	33.0	30.0	3.230694252262446	0.8676677695850061	0.9991743498004678
66_O-121	34.25	33.0	3.27949269443871	0.8724965603590471	0.9992959729653619
670_O-121	38.6	33.0	3.2789827039749433	0.8716817011101223	0.9988913525498891
671_O-121	46.875	40.0	3.2739569068401906	0.8704430176678718	0.9984439100297072
672_O-121	33.333333333333336	33.0	3.274087437352838	0.8719560196255197	0.9995720399429386
673_O-121	31.0	29.0	3.2424319187861377	0.8697016917950606	0.9992908807261381
674_O-121	38.0	28.0	3.261984890497919	0.8718920316809489	0.9992889647326507
675_O-121	34.875	33.0	3.2834329049083015	0.8715504243827161	0.9991666666666666
676_O-121	39.6	34.0	3.2673260104769772	0.8705767059226213	0.9989156953103823
677_O-121	41.5	34.0	3.2460046957646975	0.8694170200652037	0.9985757014670275
678_O-121	30.857142857142858	30.0	3.267649069421895	0.8706328656361475	0.999448275862069
679_O-121	42.625	37.0	3.273058376251535	0.8717203421207489	0.9985972787207182
67_O-121	31.666666666666668	31.0	3.2593151068143285	0.870114885438386	0.9994539249146758
680_O-121	27.0	27.0	3.2694319731424777	0.87023800503456	0.9998568770573923
681_O-121	33.111111111111114	32.0	3.229907665735665	0.8665476957364933	0.9993134697240148
682_O-121	39.5	38.0	3.267419763122629	0.8685616219764998	0.999189298743413
683_O-121	29.2	29.0	3.2528898170606313	0.8695423087129728	0.9997226459575649
684_O-121	44.0	39.0	3.253506050204114	0.8664032689102777	0.9985781316650079
685_O-121	36.25	36.0	3.253066435038297	0.8653318129355979	0.9995664113311172
686_O-121	37.625	35.0	3.276360382606353	0.8712236974222181	0.9990443686006826
687_O-121	36.0	32.0	3.2476703217415728	0.8694708638658063	0.9988942639944713
688_O-121	38.1	36.0	3.2838601145210893	0.8732132704916507	0.9989880005782854
689_O-121	39.5	36.0	3.279980523351348	0.8713220502855217	0.998879080846294
68_O-121	37.6	32.0	3.241576748945133	0.868666168368691	0.9988928867976751
690_O-121	34.0	31.0	3.233208881490015	0.8674464575914903	0.9991665509098486
691_O-121	30.666666666666668	29.0	3.275652820160182	0.8717571955736341	0.9992999159899187
692_O-121	32.875	31.0	3.2282126342874364	0.8668947403525409	0.999165623696287
693_O-121	44.0	39.0	3.2808758954844235	0.8708513228429869	0.9985789398891574
694_O-121	32.42857142857143	31.0	3.242435944721268	0.8678168371073777	0.9993243243243243
695_O-121	43.42857142857143	37.0	3.2683006369115497	0.8699894551741879	0.9986084052323964
696_O-121	29.5	28.0	3.247891302969646	0.8685852774918654	0.9994295493439818
697_O-121	36.5	35.0	3.290363014289635	0.8718954234934833	0.9991565926342424
698_O-121	63.66666666666667	41.0	3.2462049777205753	0.8675770412539731	0.9976280173015208
699_O-121	32.0	29.0	3.27251822122372	0.870809584506419	0.9994465965688988
69_O-121	41.142857142857146	36.0	3.270882703994996	0.8701310419382444	0.9987175833570818
6_O-121	41.333333333333336	32.0	3.2595030226490587	0.8700309262887572	0.9988843954818017
700_O-121	30.857142857142858	30.0	3.2565920323973914	0.8709962972496085	0.9994322214336409
701_O-121	37.0	36.0	3.2627599737872734	0.8684717178739885	0.9992953776775648
702_O-121	39.5	35.0	3.251626180146257	0.8684674536166626	0.9987253930038238
703_O-121	33.083333333333336	33.0	3.278867387346885	0.8724332608759345	0.9997244040237012
704_O-121	36.875	35.0	3.280001866298303	0.8707573080765091	0.9991897366644159
705_O-121	40.0	34.0	3.241893910091471	0.8684379660192499	0.9987338210467079
706_O-121	38.8	36.0	3.2619457953575326	0.8697158192995036	0.9989445910290238
707_O-121	40.142857142857146	35.0	3.2531571944260707	0.8685714125089423	0.9987679671457905
708_O-121	34.5	33.0	3.2612610570696448	0.8716168115397546	0.9991616599133715
709_O-121	42.0	30.0	3.246115462524536	0.8704858561645262	0.9987414347643686
70_O-121	38.0	34.0	3.265047883425232	0.8695760892335233	0.998891506165997
710_O-121	36.54545454545455	36.0	3.277912186579345	0.8708224267494156	0.999447742648074
711_O-121	45.0	36.0	3.2709518552757877	0.8705816354049599	0.9986056887897379
712_O-121	42.0	33.0	3.2456208333971355	0.8682670931487199	0.9987061529614721
713_O-121	36.666666666666664	32.0	3.2600086246181577	0.8695820445650801	0.998876404494382
714_O-121	40.5	36.0	3.2701835232456564	0.8701869044563448	0.9987657707076248
715_O-121	34.875	33.0	3.2587963237611275	0.8699938429255057	0.9991497803599263
716_O-121	40.0	36.0	3.259576205273617	0.8690518650373983	0.998900645870551
717_O-121	33.142857142857146	31.0	3.2320138503927023	0.8672943503937671	0.9991672449687717
718_O-121	36.875	35.0	3.2683098201860163	0.8695107457894462	0.9991852254209669
719_O-121	35.625	33.0	3.269073629419502	0.8716766939033581	0.9990328820116054
71_O-121	35.36363636363637	34.0	3.255888507424394	0.8688929908544205	0.9991390443392165
720_O-121	34.0	31.0	3.2647433365481016	0.870285529501577	0.9991416309012876
721_O-121	34.111111111111114	33.0	3.2733652578213324	0.8708516884317696	0.9993138465760945
722_O-121	29.2	28.0	3.235040410743096	0.8685469149541842	0.9994412627461936
723_O-121	38.111111111111114	35.0	3.2478037000443254	0.8695238816733881	0.998837547224644
724_O-121	36.5	33.0	3.277751530374284	0.872006620276637	0.9989111201851095
725_O-121	53.33333333333333	35.0	3.2660001316795895	0.8696445754691234	0.9984600307993841
726_O-121	42.5	38.0	3.272109298950847	0.8683422021784588	0.9987430167597765
727_O-121	37.25	32.0	3.2602985458891887	0.8699230553475464	0.9990093405038211
728_O-121	34.875	33.0	3.252576156114501	0.8702701502296641	0.9991658556930348
729_O-121	33.25	32.0	3.243931768465505	0.8687624566168703	0.999290780141844
72_O-121	32.5	30.0	3.232151825251889	0.8671030305905257	0.9993129036690944
730_O-121	35.111111111111114	34.0	3.2820781169507325	0.8698136278658061	0.9993160054719562
731_O-121	35.142857142857146	33.0	3.2676720647739153	0.8709806229577766	0.9991628296358309
732_O-121	35.5	32.0	3.2573617482806707	0.8697148941322381	0.9990302022720975
733_O-121	41.0	34.0	3.2916123688179026	0.8721203872798211	0.9989106753812637
734_O-121	32.857142857142854	32.0	3.239613712778481	0.868273779902008	0.9994424310008364
735_O-121	29.666666666666668	28.0	3.2693908882810336	0.8728188448108795	0.9993088194636439
736_O-121	41.142857142857146	36.0	3.2178868334556605	0.8641098587148838	0.9987403778866341
737_O-121	42.0	35.0	3.281990196294403	0.8718276167247813	0.9988822132178287
738_O-121	37.5	34.0	3.2264314181987257	0.8663319609541021	0.9988853281315313
739_O-121	35.625	33.0	3.2443289078734763	0.8679365862906826	0.9990146396396397
73_O-121	30.0	30.0	3.2877962135560623	0.8731444025822372	1.0
740_O-121	35.625	33.0	3.261876758976508	0.8705563739476608	0.9990574929311969
741_O-121	34.5	32.0	3.2741299405001008	0.8713180023487263	0.9992806790389872
742_O-121	35.0	32.0	3.2527054518958196	0.8703139143910656	0.9991766158913133
743_O-121	34.142857142857146	32.0	3.2359175379967513	0.8672935916920418	0.999192462987887
744_O-121	40.666666666666664	36.0	3.260083307953642	0.8682911652592653	0.9988893516590309
745_O-121	35.5	32.0	3.24713979327656	0.8697116511018586	0.9990138067061144
746_O-121	38.666666666666664	34.0	3.2449344298705505	0.8679641246856178	0.9988933462442938
747_O-121	39.27272727272727	36.0	3.272608858217008	0.8708207946611071	0.9987662782727896
748_O-121	37.5	34.0	3.2516800345583365	0.867183339114746	0.9990197451337348
749_O-121	43.0	31.0	3.24917472167878	0.8699383930271459	0.9987503471257984
74_O-121	36.666666666666664	32.0	3.2314543243965947	0.8657855500572023	0.9988881167477415
750_O-121	35.0	32.0	3.2557445843482435	0.8697986712543805	0.9991628296358309
751_O-121	33.42857142857143	32.0	3.278697784354875	0.8713425428066524	0.9993068071537502
752_O-121	33.0	32.0	3.2534371338295496	0.8686861743888944	0.9993003078645396
753_O-121	42.2	35.0	3.293786547137548	0.8728056708485441	0.99873078550275
754_O-121	34.5	31.0	3.2718522229993403	0.8719566213245472	0.9990147783251232
755_O-121	41.27272727272727	38.0	3.2705832001302912	0.8694187364537186	0.9987657707076248
756_O-121	42.5	35.0	3.2498400378992605	0.8685590535132213	0.9986180210060807
757_O-121	35.6	30.0	3.2285342028097785	0.8680371724441892	0.9988997386879384
758_O-121	35.5	32.0	3.2491299163222442	0.8700877825996527	0.9990308735982278
759_O-121	37.714285714285715	37.0	3.257050518167425	0.8685271915354358	0.9992965672481711
75_O-121	37.0	34.0	3.2989385493822723	0.874957363647272	0.9990182328190743
760_O-121	34.666666666666664	33.0	3.2596923125368593	0.8693022921079665	0.999322951929587
761_O-121	44.857142857142854	37.0	3.286288130836114	0.8728721497312474	0.9984546220848552
762_O-121	37.0	34.0	3.271615104318319	0.8716699171082023	0.9990448901623686
763_O-121	34.6	34.0	3.27796264636965	0.8705400413961172	0.9994389114882872
764_O-121	37.0	34.0	3.274983224326431	0.8708255716813424	0.9991457858769932
765_O-121	33.0	31.0	3.265911464961178	0.8699586159456816	0.9992835649806563
766_O-121	43.42857142857143	37.0	3.2849408690778024	0.8723598902861477	0.998566924620235
767_O-121	35.5	32.0	3.2529759837237813	0.8702655062601838	0.9990165776903625
768_O-121	41.0	35.0	3.2499234732542686	0.8687491271800605	0.9987306064880113
769_O-121	40.2	33.0	3.2442331826257806	0.8693974854573676	0.9987508674531576
76_O-121	38.0	37.0	3.2681171537215596	0.8690938692204117	0.9992928864375619
770_O-121	41.142857142857146	36.0	3.2826005690792432	0.8703414082826554	0.9987593052109182
771_O-121	48.25	40.0	3.280732889702279	0.8704815103667264	0.9983289235482523
772_O-121	34.875	33.0	3.261030851567432	0.8711494099613324	0.9991668980838656
773_O-121	40.0	36.0	3.271772757507195	0.8715427718612407	0.9987652627246536
774_O-121	44.25	33.0	3.267316090560266	0.8711631926172123	0.9986155337117542
775_O-121	38.5	35.0	3.2723470197405566	0.8700388190518735	0.9990469707283867
776_O-121	45.25	34.0	3.2644009666346694	0.8711943943631864	0.9986164914222468
777_O-121	37.5	36.0	3.2661901731852656	0.8704791722036931	0.9991603694374476
778_O-121	41.333333333333336	32.0	3.2390126725671697	0.8684145544863828	0.9988847065384079
779_O-121	37.625	35.0	3.27448621906473	0.8705872007631721	0.9990491714208095
77_O-121	34.46153846153846	34.0	3.256136014312768	0.8692394262831274	0.9994607710973308
780_O-121	30.2	29.0	3.2401089657077184	0.8684936513656019	0.999428326425611
781_O-121	34.666666666666664	34.0	3.2766534348425975	0.8702384543307089	0.9994217982075745
782_O-121	33.25	32.0	3.2280687358855444	0.8665144204728956	0.9993123366799614
783_O-121	35.2	31.0	3.269979937297847	0.8706616795651616	0.9990014265335235
784_O-121	35.666666666666664	34.0	3.2694085471850043	0.8699675844191811	0.9992971605285352
785_O-121	29.857142857142858	29.0	3.2089677686555937	0.8655139440933303	0.9994423532692039
786_O-121	36.875	35.0	3.2813473631804135	0.8720070921372228	0.9991662034463591
787_O-121	32.0	31.0	3.256439176303378	0.8686173814688577	0.9994418864238873
788_O-121	36.0	33.0	3.263898736683572	0.8705306020088335	0.9990351481736733
789_O-121	36.6	36.0	3.2871650167751527	0.8712441078729181	0.9994511525795828
78_O-121	33.54545454545455	33.0	3.252353815029981	0.8700934902259141	0.999455485978764
790_O-121	32.666666666666664	31.0	3.240428695584938	0.8669497810231208	0.9992971605285352
791_O-121	41.0	35.0	3.275662351653727	0.8718612156956801	0.9987407303763817
792_O-121	34.142857142857146	32.0	3.2285167651663453	0.8659032321525733	0.9991521831284442
793_O-121	34.666666666666664	33.0	3.266657815663302	0.8694689705329727	0.9991718426501035
794_O-121	38.5	35.0	3.3078420067858616	0.8757841627215384	0.9990308735982278
795_O-121	32.75	29.0	3.240778680471555	0.868220970535524	0.9991628296358309
796_O-121	31.428571428571427	31.0	3.2559883274084567	0.8699326605719808	0.999584947426674
797_O-121	38.6	33.0	3.2648792388942307	0.8697878767010149	0.9988896599583622
798_O-121	34.0	31.0	3.249974752243933	0.8688681866474368	0.9991617770326907
799_O-121	34.666666666666664	33.0	3.277014852173109	0.8718563370942339	0.9991470002843332
79_O-121	38.6	33.0	3.274010149793483	0.8710536133400247	0.9988982233852086
7_O-121	37.0	36.0	3.2691931486036947	0.8706719847537927	0.9993047830923248
800_O-121	36.625	34.0	3.2749056632816727	0.8710751912897893	0.9990129723632262
801_O-121	40.111111111111114	37.0	3.2792524581680658	0.8718245885438254	0.9988749824216003
802_O-121	32.5	30.0	3.2659980524923355	0.8708558242161407	0.9991589571068125
803_O-121	55.2	37.0	3.2507216979588893	0.8682697283837859	0.99807903402854
804_O-121	32.0	31.0	3.2853884622412837	0.873702552225213	0.9994364609749226
805_O-121	36.625	34.0	3.2678083029995144	0.8698807160242936	0.9990215264187867
806_O-121	35.5	33.0	3.255448265572669	0.8690927033300303	0.9991855572146057
807_O-121	33.875	32.0	3.2570537883726987	0.8703519626021144	0.9991690901537184
808_O-121	34.666666666666664	34.0	3.253414397723245	0.8684658387971547	0.9994500962331592
809_O-121	49.75	36.0	3.3011232040739698	0.8748095777417945	0.9984694587449562
80_O-121	38.0	35.0	3.284807475194768	0.8721302224285138	0.9990574929311969
810_O-121	34.25	33.0	3.2519090432970557	0.8681265878743921	0.9993072873372125
811_O-121	37.2	33.0	3.262066256812369	0.869331583861752	0.9990198823858863
812_O-121	30.375	30.0	3.2217003403925477	0.8655399881259698	0.9995715509854327
813_O-121	29.666666666666668	28.0	3.2541414475667927	0.8711288498473921	0.999289166903611
814_O-121	29.0	27.0	3.231328401160863	0.8681367044722679	0.9992900752520233
815_O-121	53.5	37.0	3.2603613618360576	0.8704248376927346	0.9983105729973251
816_O-121	41.333333333333336	32.0	3.269343553759897	0.8702442670564705	0.9988992845349477
817_O-121	34.5	33.0	3.254823538422155	0.8685451159426925	0.9994438264738599
818_O-121	52.14285714285714	41.0	3.255865905310888	0.8678926901885559	0.9981909268021152
819_O-121	32.875	31.0	3.2745637927551425	0.872511325063138	0.999160956509579
81_O-121	42.0	33.0	3.2444835797300002	0.8677148164172152	0.9987382587971401
820_O-121	29.5	29.0	3.2647015567846047	0.8703118119995897	0.999587174900234
821_O-121	33.333333333333336	33.0	3.274027516904642	0.8706881679312213	0.9995887594242632
822_O-121	32.5	30.0	3.2439877977076677	0.8697588917961725	0.9991679378726945
823_O-121	43.111111111111114	37.0	3.2755060004995267	0.8711256188354927	0.9984608926822442
824_O-121	34.75	31.0	3.219250841301197	0.8660276888041303	0.9991575400168492
825_O-121	43.0	34.0	3.2663749048212396	0.8701513959264341	0.9986222099751998
826_O-121	40.2	33.0	3.2813720694755615	0.872170433220441	0.998705966930266
827_O-121	32.25	31.0	3.2593560485958863	0.8700294878525542	0.9992923860741579
828_O-121	40.1	38.0	3.2559874473577928	0.8682124171215168	0.9990508474576271
829_O-121	34.0	33.0	3.2740914003060344	0.8704883298429165	0.9994412627461936
82_O-121	27.166666666666668	27.0	3.2503294807746634	0.8700318691988278	0.9997250103121132
830_O-121	36.875	35.0	3.295021579986097	0.8726438817136921	0.9991855572146057
831_O-121	40.5	36.0	3.2432834507008215	0.8677071612827494	0.998730964467005
832_O-121	56.5	39.0	3.265669007178465	0.8696771898564823	0.9979070740895772
833_O-121	35.333333333333336	33.0	3.2718731090248054	0.8707121250174406	0.9990178195594219
834_O-121	36.0	35.0	3.268859673673131	0.8709033359585335	0.9993274145816519
835_O-121	32.1	32.0	3.258498448737618	0.8705827123285479	0.9997242520336412
836_O-121	39.6	36.0	3.243127449998355	0.8673508599597078	0.9987270155586987
837_O-121	29.666666666666668	29.0	3.2350585023700584	0.8678163320613783	0.99943741209564
838_O-121	34.666666666666664	34.0	3.28150030081736	0.8716764176468657	0.9994204578383077
839_O-121	38.25	33.0	3.25319252300161	0.8695833156899602	0.9990502035278155
83_O-121	35.333333333333336	33.0	3.2552301047278784	0.8692410888115121	0.9990228922389727
840_O-121	32.42857142857143	31.0	3.2732281591827057	0.8700678632211204	0.9993157246475982
841_O-121	39.0	33.0	3.2335464599724935	0.8662212490889198	0.9987686414010124
842_O-121	41.333333333333336	39.0	3.290449714221002	0.8720519572895272	0.9988968560397132
843_O-121	34.3	34.0	3.272674491443343	0.8706437690702401	0.9995835646862854
844_O-121	35.875	34.0	3.2720882472962427	0.8706089557705808	0.9991712707182321
845_O-121	37.111111111111114	36.0	3.278483869119669	0.8702338640015062	0.9993088194636439
846_O-121	32.27272727272727	32.0	3.259958795541278	0.8693257386647508	0.999586890663729
847_O-121	34.5	32.0	3.2877104518702227	0.8735280117519941	0.9993031358885017
848_O-121	34.25	29.0	3.25506681680746	0.8711630326004405	0.9990351481736733
849_O-121	43.25	32.0	3.2331281678101815	0.8683968565858444	0.9986124601082281
84_O-121	34.54545454545455	34.0	3.296579653363917	0.8738178226702157	0.9994408722393067
850_O-121	37.333333333333336	35.0	3.2592416688575834	0.8692868360625472	0.9990202939118265
851_O-121	39.111111111111114	36.0	3.2588635251619844	0.8688296568152016	0.9988857938718663
852_O-121	63.0	37.0	3.2709681290284727	0.8702082402034924	0.9981951964459254
853_O-121	50.0	37.0	3.241221790051328	0.8664656865176368	0.998213058419244
854_O-121	32.0	29.0	3.2657316172683655	0.87221156886791	0.9991496598639455
855_O-121	46.0	34.0	3.2533376475247926	0.8702838002804427	0.9987275554927187
856_O-121	40.5	36.0	3.286801606706889	0.871528041596921	0.9987591341513856
857_O-121	30.333333333333332	30.0	3.270841317904867	0.8712360088294836	0.999568655643422
858_O-121	39.0	32.0	3.2571643829465904	0.8698266699582615	0.9990258836626774
859_O-121	38.8	36.0	3.2462225768245077	0.8682511909917037	0.9988822132178287
85_O-121	35.5	32.0	3.262042399729916	0.8706408017145388	0.9990311418685122
860_O-121	36.5	35.0	3.2822056811076754	0.8701973801349044	0.9991548105366953
861_O-121	47.0	35.0	3.2885340421321194	0.8715891011205301	0.9987472160356348
862_O-121	33.0	31.0	3.280712733349855	0.8707410531008971	0.9992914836332719
863_O-121	37.0	34.0	3.2771863407122184	0.8705084600163462	0.9990375360923965
864_O-121	32.5	31.0	3.239073503024638	0.8671230352859487	0.999438202247191
865_O-121	48.0	30.0	3.25840402611	0.8718748791968934	0.9987279151943463
866_O-121	36.0	33.0	3.26308012371691	0.8717383119094355	0.9990293954520244
867_O-121	36.111111111111114	35.0	3.2977053555344757	0.8723377729780963	0.9993022606754116
868_O-121	29.5	28.0	3.265474396429803	0.8724033678176744	0.9994252047708004
869_O-121	47.2	34.0	3.272265919151161	0.8726320107384747	0.9983664579362919
86_O-121	44.857142857142854	37.0	3.2813890711350244	0.8723515989004909	0.9984559236384054
870_O-121	35.333333333333336	33.0	3.2691294959528885	0.8721067272290265	0.9990153326768885
871_O-121	41.0	35.0	3.272174417696206	0.8710236294679762	0.9987633965375103
872_O-121	34.6	34.0	3.2836790762342	0.8722812788460969	0.9994449070219261
873_O-121	36.625	34.0	3.2585286266846554	0.8696784358195377	0.9990233012418027
874_O-121	57.5	40.0	3.2784667373158034	0.8699005711494071	0.9978837471783296
875_O-121	39.0	35.0	3.2489742852533774	0.8686529336187182	0.9988819007686932
876_O-121	39.0	33.0	3.2459919326735744	0.8692629513213284	0.9987635664239594
877_O-121	37.5	34.0	3.2608867154512198	0.869889651420984	0.9988991330672905
878_O-121	40.5	33.0	3.262277681275887	0.8718491854205219	0.9986275048037332
879_O-121	56.5	34.0	3.306184048517889	0.8737504599529322	0.9985869718807404
87_O-121	40.5	36.0	3.275682216466122	0.870904966189282	0.9987698195735375
880_O-121	33.5	31.0	3.255411504307426	0.8713407716027588	0.9991596638655462
881_O-121	46.25	38.0	3.2607084912330304	0.8699430252534168	0.9983829672550869
882_O-121	38.666666666666664	34.0	3.2608087391712717	0.8694805085015975	0.9988885801611559
883_O-121	32.5	31.0	3.2541082197533706	0.8676981787673826	0.9994550408719346
884_O-121	39.875	38.0	3.2807374211461697	0.870057912500212	0.9991588391980933
885_O-121	32.875	31.0	3.258287646001054	0.8700820181625608	0.9991697799916978
886_O-121	48.0	37.0	3.2901280625158713	0.8723028573344793	0.9984935634072857
887_O-121	42.5	38.0	3.26995991205091	0.8702616733029417	0.998600811529313
888_O-121	47.0	36.0	3.2725645945042223	0.8704305966511354	0.9984567901234568
889_O-121	34.833333333333336	34.0	3.2643544787634258	0.8704394178020658	0.9992934859403703
88_O-121	34.6	34.0	3.243946979965704	0.8680437159923031	0.9994431296115829
890_O-121	38.333333333333336	29.0	3.241839992041374	0.8689831473785564	0.9988535396961881
891_O-121	44.0	41.0	3.3147224950079166	0.8735715907475807	0.9987868985038415
892_O-121	45.25	34.0	3.2618485764316287	0.8703078286553307	0.9986078240289573
893_O-121	38.0	34.0	3.280524239430349	0.8716817457776282	0.9988679779255696
894_O-121	34.666666666666664	33.0	3.280703814244569	0.8718271363742353	0.9991673605328892
895_O-121	39.0	35.0	3.273272471893193	0.8713334467066992	0.9988584474885844
896_O-121	42.857142857142854	35.0	3.264077921338665	0.8716254987689409	0.998439273552781
897_O-121	38.1	36.0	3.2746196884203926	0.8702960112663188	0.9990129723632262
898_O-121	38.0	31.0	3.2476461902783806	0.868412436314545	0.9988843954818017
899_O-121	29.5	28.0	3.2624389898902106	0.8714869932825722	0.9994384388600309
89_O-121	39.0	32.0	3.299376467919083	0.8729791736495394	0.9990119971771347
8_O-121	34.0	31.0	3.257973011849109	0.8699902166832862	0.9991318188395312
900_O-121	33.0	31.0	3.2781991982901775	0.8712199246777885	0.9993195427327164
901_O-121	33.6	33.0	3.2565597809334452	0.8698697294086128	0.9994539249146758
902_O-121	38.142857142857146	33.0	3.267187965171136	0.8711740569778248	0.9987257539289254
903_O-121	36.111111111111114	35.0	3.295034452543466	0.8715118823875223	0.9993137524018666
904_O-121	55.5	36.0	3.2451574188626626	0.8692508079417598	0.9982547993019197
905_O-121	32.0	30.0	3.238628090316374	0.8686917915980801	0.9993037181451051
906_O-121	34.875	33.0	3.255847274277009	0.8704108209522321	0.9991407704425033
907_O-121	37.90909090909091	36.0	3.2509944495324974	0.8684258682767019	0.9990467111534795
908_O-121	31.0	30.0	3.2711769846804906	0.8710359543253869	0.9994431296115829
909_O-121	31.857142857142858	31.0	3.2360802415050847	0.8671231992110562	0.9994418864238873
90_O-121	32.5	30.0	3.270450172196841	0.8718337940740936	0.9992950796559988
910_O-121	49.0	34.0	3.2752406356397885	0.8716486742037397	0.9986212601682063
911_O-121	38.0	31.0	3.257080720803981	0.8699254908509882	0.9990037005408483
912_O-121	40.142857142857146	35.0	3.2621617243111465	0.8700472175238585	0.9987486095661846
913_O-121	37.0	33.0	3.257632506048293	0.8712908434548943	0.9989093387866393
914_O-121	44.0	32.0	3.2711142230858457	0.8706534791960834	0.9987677984665937
915_O-121	58.2	40.0	3.2953587079963045	0.8721874154554714	0.9980504108062944
916_O-121	35.333333333333336	33.0	3.263620194557091	0.8714861769256782	0.9990176817288802
917_O-121	32.6	32.0	3.252869038801858	0.8682612672451209	0.9994443672732324
918_O-121	40.142857142857146	35.0	3.2554582870686146	0.8680240182979635	0.9987410826689047
919_O-121	46.5	41.0	3.2588337588883705	0.8685813328473355	0.9984681799192313
91_O-121	33.75	30.0	3.2418911763473117	0.8675098046322005	0.9991551675584343
920_O-121	44.166666666666664	35.0	3.270996679972443	0.8715158757968028	0.9984472049689441
921_O-121	51.2	38.0	3.2887925415690296	0.8720322981115896	0.9983554885569412
922_O-121	34.142857142857146	32.0	3.263956456973603	0.8698471745482017	0.9991614255765199
923_O-121	31.375	31.0	3.2588284666755722	0.8702692241042773	0.9995743473325767
924_O-121	33.42857142857143	32.0	3.2565643826923085	0.8692228365981157	0.9993182437960185
925_O-121	35.42857142857143	34.0	3.2745113229990266	0.8713014080062929	0.9993094876398287
926_O-121	37.111111111111114	36.0	3.329261379750938	0.8748186079868718	0.9993217580032555
927_O-121	32.142857142857146	30.0	3.262304925968304	0.8723373458023405	0.9991575400168492
928_O-121	32.6	32.0	3.236080476511901	0.8681997502969903	0.999444521594223
929_O-121	43.0	37.0	3.2765704744786754	0.8706749830664731	0.998740906547286
92_O-121	42.76923076923077	40.0	3.297299102208839	0.8706093142174063	0.9987718340611353
930_O-121	48.0	37.0	3.2664914582097957	0.8717284864623925	0.9983402489626556
931_O-121	47.75	38.0	3.2638062254622944	0.8715262739304401	0.9981754385964913
932_O-121	49.14285714285714	38.0	3.2369046308524947	0.866517672374024	0.9981345960683025
933_O-121	38.0	34.0	3.26426648651028	0.8699849524586166	0.998902154521751
934_O-121	30.0	29.0	3.245107195267366	0.869596197953452	0.9994492633897838
935_O-121	30.5	28.0	3.255187420241106	0.8703524817763921	0.999156355455568
936_O-121	38.333333333333336	36.0	3.276961103588556	0.8720033568282736	0.9990338164251208
937_O-121	34.54545454545455	34.0	3.2510275077324176	0.868461820308184	0.9994420421258196
938_O-121	42.42857142857143	36.0	3.2972180920554655	0.8726356503122201	0.9985962942167321
939_O-121	46.0	35.0	3.2724104038526147	0.8720874108491743	0.9984700973574409
93_O-121	44.5	37.0	3.2951480731002576	0.8751055941857289	0.998578333807222
940_O-121	30.5	28.0	3.2424075868782367	0.8689882052284921	0.9992791234140715
941_O-121	42.142857142857146	37.0	3.2821722412306236	0.8717222055110783	0.9987244897959183
942_O-121	46.166666666666664	37.0	3.267813106381248	0.8689799782505403	0.9984621836991472
943_O-121	40.0	36.0	3.2780535650794924	0.8715501101386258	0.9989033584647018
944_O-121	42.5	38.0	3.2796640192131417	0.8703416613190246	0.9987666164177059
945_O-121	37.0	34.0	3.2633975544795777	0.8703810058277385	0.9990549480221412
946_O-121	28.166666666666668	28.0	3.268518879185707	0.8692851331162308	0.9997179125528914
947_O-121	40.0	33.0	3.2805684121332144	0.8720544709492347	0.9988836170806586
948_O-121	35.2	31.0	3.240619087203929	0.8689373801863616	0.9990226193800614
949_O-121	51.33333333333333	33.0	3.2709956696488574	0.8713634891864035	0.9984423676012462
94_O-121	35.142857142857146	33.0	3.245588156021128	0.867830432191187	0.9991629464285714
950_O-121	38.0	35.0	3.25635444798708	0.8693325177963973	0.9990477486056318
951_O-121	38.111111111111114	35.0	3.2652222604490815	0.8702097352509082	0.9988939582469238
952_O-121	29.6	29.0	3.2654507092878275	0.8716622746797718	0.9995684074233924
953_O-121	36.5	33.0	3.2829404079115707	0.8710038942609095	0.9990083581243803
954_O-121	52.33333333333333	34.0	3.270339309556117	0.8702824506427809	0.9984649734859057
955_O-121	44.0	35.0	3.263151386163325	0.8690148759352911	0.9987659399424106
956_O-121	49.2	36.0	3.2678172833315227	0.870211110603847	0.9983108108108109
957_O-121	35.625	33.0	3.2785382526886204	0.8721934779411296	0.9990001428367377
958_O-121	40.6	35.0	3.264006302802264	0.8696170071397982	0.9989069545019812
959_O-121	35.111111111111114	34.0	3.25707810652011	0.8701644259532755	0.9993186154265468
95_O-121	35.25	34.0	3.2689314926481594	0.8691605416313608	0.9993027471761261
960_O-121	33.2	32.0	3.284150170511541	0.8709288587964951	0.9994455225949542
961_O-121	56.0	34.0	3.2649714321929015	0.870258145110606	0.9983286908077994
962_O-121	34.0	33.0	3.2609523994325627	0.869172382034683	0.9993124312431243
963_O-121	35.0	30.0	3.255412057300104	0.8692648993651844	0.9991953868848062
964_O-121	28.0	27.0	3.2715428761255456	0.8722945313654952	0.999587174900234
965_O-121	34.875	33.0	3.28380246361368	0.8731905027700804	0.9991621281943862
966_O-121	44.5	37.0	3.281390960562692	0.871942623245555	0.9986047160597181
967_O-121	40.111111111111114	37.0	3.2885124233453276	0.872096995238151	0.9988854834215659
968_O-121	43.6	40.0	3.2857103851978207	0.8705702850090613	0.9987515605493134
969_O-121	44.09090909090909	40.0	3.270476227150957	0.8695504269361828	0.9985933323955549
96_O-121	33.666666666666664	32.0	3.269370356308338	0.872404264561774	0.9991532599491956
970_O-121	44.0	29.0	3.283663837374973	0.8738777985522649	0.9991628296358309
971_O-121	36.0	33.0	3.2449840122416966	0.8688499484873222	0.9990083581243803
972_O-121	37.0	34.0	3.2565616433507416	0.8691675288225986	0.9990292608514769
973_O-121	30.333333333333332	30.0	3.2584933940666763	0.8698481584277789	0.9995884209082179
974_O-121	37.0	33.0	3.2576668725550437	0.8696507493640147	0.9988655700510494
975_O-121	32.0	31.0	3.2579322598243836	0.8695558429813752	0.9994426640657657
976_O-121	38.0	34.0	3.2792420357407783	0.8694479689683018	0.9988803358992302
977_O-121	32.875	31.0	3.2250231497250574	0.8670958631239201	0.9991853360488798
978_O-121	27.2	27.0	3.2541878763205223	0.8703231876535436	0.9997243660418964
979_O-121	37.0	36.0	3.259490850422073	0.8690397587353975	0.9993117687543015
97_O-121	32.6	32.0	3.256408919958832	0.86989216913427	0.9994412627461936
980_O-121	39.142857142857146	34.0	3.241178763281997	0.8663076649148043	0.9987270155586987
981_O-121	37.333333333333336	35.0	3.251556293900639	0.869297369333528	0.9990164395110299
982_O-121	32.857142857142854	32.0	3.268421306922158	0.8702465288156223	0.9994367783722895
983_O-121	36.5	33.0	3.2864802611808477	0.8731342994107946	0.999034749034749
984_O-121	30.0	27.0	3.276167296053044	0.8728718318549843	0.9991765028822399
985_O-121	41.0	37.0	3.289356274103928	0.8714130696841239	0.9988703756001129
986_O-121	42.0	33.0	3.260745438733644	0.8687750096563912	0.9987773400353213
987_O-121	36.0	33.0	3.2846490170404845	0.8732407050114265	0.9990117181985034
988_O-121	35.142857142857146	33.0	3.2654497269345124	0.8717646784258355	0.9991714995857498
989_O-121	39.6	34.0	3.257959118448424	0.8700029090781232	0.9988781377085962
98_O-121	31.857142857142858	31.0	3.2766458006946118	0.8709147367756083	0.9994401679496151
990_O-121	42.2	35.0	3.2502256415633917	0.8685242655753302	0.9987168520102652
991_O-121	44.875	38.0	3.2554314216811675	0.8674267776456599	0.9984827586206897
992_O-121	35.666666666666664	34.0	3.276492978910356	0.8708456089425163	0.9991576582900463
993_O-121	39.0	36.0	3.248978699494929	0.8668657914507147	0.9990107405313736
994_O-121	36.2	32.0	3.2705982700347183	0.8709362387902444	0.9990311418685122
995_O-121	37.25	32.0	3.2290203298706	0.8664199712648424	0.9990327483763991
996_O-121	39.666666666666664	38.0	3.277337373878347	0.8712801758599136	0.9991387971867375
997_O-121	38.333333333333336	36.0	3.2488522593360574	0.8663230220664413	0.9990094806848734
998_O-121	36.42857142857143	35.0	3.273112059820871	0.8716888061749538	0.9992909812819059
999_O-121	35.666666666666664	35.0	3.272402915066301	0.8698556108039033	0.9994462901439646
99_O-121	37.333333333333336	35.0	3.2916058599154625	0.8720781230393925	0.9990208420758148
9_O-121	43.142857142857146	38.0	3.297432427554196	0.8717272587711529	0.9987628865979381
