	chao1	observed_otus	shannon	simpson	goods_coverage
1000_O-122	28.6	23.0	1.915904618196208	0.6919359138463292	0.9942938659058488
100_O-122	17.0	17.0	1.805610454937943	0.6825347970315653	0.9993502274204029
101_O-122	21.75	18.0	1.843046150325043	0.6853425194692393	0.9958932238193019
102_O-122	26.2	19.0	1.7725191353842793	0.6770850584363473	0.9943145925457991
103_O-122	21.5	19.0	1.821035451947105	0.6840910391500147	0.9960343688037012
104_O-122	28.0	24.0	1.8808361204000603	0.6871073720099867	0.9948186528497409
105_O-122	23.75	20.0	1.9008198022466891	0.6922057866129692	0.9961089494163424
106_O-122	18.125	18.0	1.8217289899830433	0.6824497053607782	0.998681608437706
107_O-122	16.0	15.0	1.8243380642742797	0.6847362478602388	0.9979094076655052
108_O-122	17.857142857142858	17.0	1.8286759281468365	0.6832301375446543	0.997363216875412
109_O-122	18.428571428571427	18.0	1.8624499695816399	0.6856341126226365	0.9979494190020506
10_O-122	24.666666666666668	23.0	1.8995406554959728	0.6890767487674672	0.9961661341853035
110_O-122	21.5	19.0	1.8461437351462346	0.6846349899243854	0.9960578186596584
111_O-122	23.0	21.0	1.9165704341247904	0.6921151612113356	0.9966078697421981
112_O-122	17.75	17.0	1.7889310709828046	0.6804914016416467	0.9972067039106145
113_O-122	26.6	21.0	1.8330910299912273	0.6818868784233444	0.994583615436696
114_O-122	21.0	19.0	1.8215162248791048	0.6807964202823658	0.9965682910089224
115_O-122	19.5	19.0	1.8497942039391717	0.6850639939443028	0.9980694980694981
116_O-122	18.2	17.0	1.8288121062606868	0.6832154623207671	0.9973279893119572
117_O-122	17.5	17.0	1.842557192835783	0.6861443116423196	0.99800796812749
118_O-122	16.5	16.0	1.7682479314574053	0.6741228958108259	0.9979367262723521
119_O-122	24.0	19.0	1.865990019679897	0.6865432065238476	0.9958217270194986
11_O-122	22.5	20.0	1.8784295587166655	0.6874762930154117	0.99581589958159
120_O-122	28.5	25.0	1.9734899503673766	0.696078914225809	0.9953580901856764
121_O-122	25.0	22.0	1.8967587954214222	0.6900525612263702	0.9961215255332903
122_O-122	30.0	23.0	1.9068264602672775	0.6898718576404779	0.9951287404314544
123_O-122	22.0	17.0	1.8278693265254637	0.6830183115338883	0.996551724137931
124_O-122	24.0	21.0	1.816760129277464	0.681846199121326	0.9954218443427076
125_O-122	23.5	20.0	1.8222229549383377	0.6819802117488303	0.9954486345903771
126_O-122	13.333333333333334	13.0	1.800320891139664	0.6830602963470096	0.9986013986013986
127_O-122	17.375	17.0	1.8151911830015561	0.6829970159627377	0.9980026631158455
128_O-122	27.5	24.0	1.9204904552700857	0.6904540512865748	0.99527983816588
129_O-122	17.6	17.0	1.9003245084740203	0.6914597290821067	0.9979020979020979
12_O-122	26.6	21.0	1.848019025750062	0.6855802420154731	0.9943661971830986
130_O-122	18.5	16.0	1.7908340986339935	0.6805627720106329	0.9965682910089224
131_O-122	19.428571428571427	18.0	1.849443996977495	0.6866869021455678	0.9965108164689462
132_O-122	19.0	18.0	1.823231086172814	0.6847346242270996	0.9973527465254798
133_O-122	32.25	21.0	1.8119602817545568	0.6823958199388034	0.9932111337406653
134_O-122	25.0	21.0	1.841632801773819	0.6840426104529684	0.9948914431673053
135_O-122	20.75	20.0	1.9025370565027806	0.6898767943643668	0.9972826086956522
136_O-122	20.75	17.0	1.8195726662785068	0.684113414165879	0.9959239130434783
137_O-122	20.272727272727273	20.0	1.8187657886762776	0.6805456173170286	0.997968855788761
138_O-122	19.125	19.0	1.8367737621369455	0.6825950640150711	0.9987333755541482
139_O-122	22.5	20.0	1.8789016430863406	0.6880131322000369	0.9957657021877205
13_O-122	26.625	24.0	1.943087010162923	0.6919160853534769	0.9949820788530466
140_O-122	31.857142857142858	24.0	1.8103485043113816	0.6793045986220156	0.9930379746835443
141_O-122	20.0	18.0	1.8489538745404686	0.6865219111660937	0.9966865473823724
142_O-122	17.5	17.0	1.8496950403457277	0.6845706750988813	0.9979181124219292
143_O-122	23.75	20.0	1.829489302301258	0.6831803767975791	0.9962335216572504
144_O-122	19.333333333333332	19.0	1.8616227188304317	0.6843464790452062	0.9979281767955801
145_O-122	17.2	16.0	1.7768481725629564	0.679097141035179	0.9974226804123711
146_O-122	20.375	20.0	1.8662011824788656	0.6848907687724535	0.9980302035456337
147_O-122	17.2	16.0	1.7807807214274607	0.6789265203866407	0.9971890372452565
148_O-122	21.6	21.0	1.8387398085672653	0.6820066545907684	0.9971326164874552
149_O-122	19.5	18.0	1.8435090499314315	0.6819046903937395	0.9973873285434357
14_O-122	27.0	21.0	1.8289841262166608	0.6841660405709993	0.993801652892562
150_O-122	18.5	17.0	1.8176277686711317	0.6836686965602092	0.997427652733119
151_O-122	24.666666666666668	20.0	1.784543047142084	0.680863957814245	0.9949717159019484
152_O-122	18.142857142857142	18.0	1.8250899294515242	0.6821239759769303	0.9986675549633578
153_O-122	22.666666666666668	21.0	1.8334369291670303	0.6828871535867986	0.9960732984293194
154_O-122	18.0	18.0	1.8381317591047128	0.6829661480332605	0.9992952783650458
155_O-122	19.666666666666668	19.0	1.8072489422273057	0.6811878919119991	0.9974226804123711
156_O-122	25.25	20.0	1.8414786789310376	0.684570239334027	0.9954838709677419
157_O-122	18.0	16.0	1.818601133362168	0.6841853544478691	0.9974226804123711
158_O-122	23.0	20.0	1.8227954076568578	0.6812497489138731	0.995850622406639
159_O-122	18.5	17.0	1.8593337978436102	0.6881741354386746	0.9974424552429667
15_O-122	26.2	22.0	1.8947811888451374	0.6899295379335897	0.9955863808322825
160_O-122	18.857142857142858	18.0	1.8356598939169766	0.6851135701976601	0.9972008397480756
161_O-122	21.0	19.0	1.857477594059299	0.6864863045796393	0.9964564138908576
162_O-122	16.5	16.0	1.844893840439418	0.685047881768863	0.9979224376731302
163_O-122	17.6	17.0	1.8076822578078953	0.6815083443679819	0.9979811574697174
164_O-122	23.0	19.0	1.7827434631335126	0.6796924930031529	0.9945017182130584
165_O-122	24.875	23.0	1.8967268302308231	0.6878847418972852	0.9960264900662251
166_O-122	18.375	18.0	1.815891470221692	0.6796222143573754	0.9980607627666451
167_O-122	23.428571428571427	22.0	1.914006456740943	0.6902210674117993	0.9964002879769619
168_O-122	19.0	17.0	1.8664365475390456	0.6871099875840315	0.9973244147157191
169_O-122	18.2	17.0	1.8310989689082091	0.6852048981288832	0.9973226238286479
16_O-122	17.0	16.0	1.820456241926541	0.6847466181900432	0.9971056439942113
170_O-122	19.5	17.0	1.8111516432817385	0.6818898984240568	0.9965823650034177
171_O-122	29.8	27.0	1.9511612475813613	0.6932650090214671	0.994546693933197
172_O-122	28.333333333333336	19.0	1.7908808112110357	0.67927459570452	0.9949494949494949
173_O-122	22.0	17.0	1.8255776319656165	0.6842563560492763	0.9959946595460614
174_O-122	20.75	20.0	1.8269111920018823	0.6808245385976894	0.997289972899729
175_O-122	18.333333333333332	15.0	1.7782741770873138	0.6792267149173007	0.9967969250480462
176_O-122	21.75	18.0	1.8305719056220537	0.6821426222942235	0.9963325183374083
177_O-122	26.333333333333332	24.0	1.9241729639106324	0.6916561010014266	0.99545159194282
178_O-122	23.25	18.0	1.8174797508972849	0.6825445274346453	0.9950564971751412
179_O-122	18.0	16.0	1.7761313623601547	0.6802873145639972	0.9966688874083944
17_O-122	21.0	18.0	1.8191446782058815	0.6827735181145849	0.9959349593495935
180_O-122	25.666666666666668	24.0	1.906340778211308	0.6895555390508121	0.9960912052117263
181_O-122	17.857142857142858	17.0	1.774452443235737	0.6765033376313017	0.9972640218878249
182_O-122	21.0	20.0	1.8819179246805868	0.6869314848020911	0.9972583961617546
183_O-122	16.5	16.0	1.7727655601808474	0.6777241202354465	0.9980430528375734
184_O-122	26.6	21.0	1.8639810622863884	0.6874817377931566	0.9947712418300654
185_O-122	25.2	21.0	1.9116921666026867	0.692561862814767	0.9953580901856764
186_O-122	29.5	19.0	1.8264549502146141	0.6827433660077322	0.99545159194282
187_O-122	25.666666666666668	24.0	1.9123366059432303	0.6868418314347744	0.9966799468791501
188_O-122	18.666666666666668	18.0	1.8264085805207104	0.6839073388440846	0.9973244147157191
189_O-122	20.428571428571427	19.0	1.828596467132269	0.6841685687626771	0.9966009517335146
18_O-122	15.333333333333334	15.0	1.8154359604482413	0.6830122186891806	0.9986910994764397
190_O-122	26.25	21.0	1.863103340522643	0.6834622340587895	0.9951657458563536
191_O-122	17.0	16.0	1.7661659169282407	0.6797550207756233	0.9973684210526316
192_O-122	22.0	19.0	1.8222006482575528	0.6828541660181535	0.9959404600811907
193_O-122	20.2	19.0	1.8908602007629989	0.6897303950174538	0.9973941368078176
194_O-122	27.5	24.0	1.8648344304775093	0.6828764470068915	0.9946308724832215
195_O-122	18.0	17.0	1.8111673468538199	0.681178457496716	0.9972602739726028
196_O-122	15.2	15.0	1.8268814208857442	0.6827534122934664	0.9985693848354793
197_O-122	18.666666666666668	17.0	1.7567965151245333	0.6784388782259785	0.9966532797858099
198_O-122	27.333333333333336	18.0	1.8530659720585319	0.6866154155005255	0.9945017182130584
199_O-122	27.0	23.0	1.8670560063199915	0.6846897395315817	0.9946272666218939
19_O-122	14.6	14.0	1.7456743149508192	0.675166485752079	0.9980506822612085
1_O-122	18.666666666666668	18.0	1.7958629158030799	0.6815161792505282	0.9974424552429667
200_O-122	26.0	23.0	1.9429009172277776	0.694869147406684	0.9954427083333334
201_O-122	21.2	17.0	1.7407017965668912	0.6742671714440238	0.9953488372093023
202_O-122	19.428571428571427	19.0	1.8231776442113306	0.6811950207609395	0.9980481457384516
203_O-122	39.33333333333333	21.0	1.8066199163812768	0.6792048025785533	0.9931804091754495
204_O-122	17.75	17.0	1.81421040452892	0.6779255113312554	0.9980106100795756
205_O-122	17.857142857142858	17.0	1.7611454465074736	0.6758068102442415	0.9973562458691342
206_O-122	28.0	19.0	1.75828451532816	0.6753279387975548	0.9940554821664465
207_O-122	22.5	19.0	1.813441068985214	0.6829422222222222	0.9953333333333333
208_O-122	17.2	16.0	1.787479442268555	0.6813934373902775	0.9971751412429378
209_O-122	21.666666666666668	21.0	1.8527565433887327	0.681627100073046	0.9972972972972973
20_O-122	23.428571428571427	22.0	1.9321391712777372	0.6924898693207023	0.9964739069111425
210_O-122	22.0	17.0	1.8012828584777498	0.6811107287040225	0.9957716701902748
211_O-122	27.6	22.0	1.8787520550076942	0.6863944937009585	0.9944521497919556
212_O-122	17.25	17.0	1.889207448338818	0.6893414631244168	0.9986962190352021
213_O-122	17.166666666666668	17.0	1.8986137599379662	0.6908025720264437	0.9985744832501782
214_O-122	25.625	23.0	1.881480816314481	0.6883726769318769	0.9954867827208252
215_O-122	20.5	18.0	1.8602913141982427	0.6861946336133156	0.9966777408637874
216_O-122	24.0	22.0	1.9176948775410507	0.6887033513467633	0.9966755319148937
217_O-122	23.2	19.0	1.8389299569976418	0.6861577523413112	0.9954838709677419
218_O-122	21.75	18.0	1.8287921665387665	0.6820314195421007	0.99609375
219_O-122	22.142857142857142	20.0	1.8456600000280436	0.685447586662608	0.9959128065395095
21_O-122	16.666666666666668	15.0	1.7327965362192481	0.677099037855322	0.9967277486910995
220_O-122	34.0	19.0	1.787520486350386	0.6786067389973711	0.993060374739764
221_O-122	21.0	20.0	1.843745049537702	0.680803091714582	0.997411003236246
222_O-122	22.875	21.0	1.8726815713475282	0.6880284671861627	0.9959731543624161
223_O-122	18.666666666666668	18.0	1.799627042516447	0.6813520595290806	0.9974293059125964
224_O-122	20.0	19.0	1.802296502415405	0.6769797135545244	0.9971949509116409
225_O-122	20.857142857142858	20.0	1.9039963438414658	0.6897793492968921	0.9973082099596231
226_O-122	34.25	23.0	1.885404788846924	0.6864362673484296	0.9932432432432432
227_O-122	19.0	16.0	1.7380172260021125	0.6751764788995179	0.9959623149394348
228_O-122	19.857142857142858	19.0	1.8421508228158046	0.6841355021411191	0.9972047519217331
229_O-122	18.6	18.0	1.9010131393885952	0.6886883092512667	0.9979452054794521
22_O-122	22.142857142857142	20.0	1.8522619090657022	0.6854327644612609	0.9960861056751468
230_O-122	26.0	23.0	1.9173431026416856	0.6909303571075003	0.995135510771369
231_O-122	28.0	22.0	1.8555719715724397	0.6853945063864325	0.9941176470588236
232_O-122	16.0	16.0	1.8439190216790293	0.685924280939471	0.9992841803865425
233_O-122	21.5	19.0	1.8100996108867962	0.6822734096453369	0.9958904109589041
234_O-122	20.0	15.0	1.7995719398686156	0.6819634750380612	0.9960629921259843
235_O-122	20.857142857142858	20.0	1.9127878879445412	0.688897379754885	0.9973118279569892
236_O-122	20.25	19.0	1.8063911845789056	0.6800010813406716	0.9968474148802018
237_O-122	26.2	22.0	1.8894760092374738	0.688472154817491	0.9952477936184657
238_O-122	18.5	17.0	1.8156596452135434	0.6816547008289332	0.997254632807138
239_O-122	24.0	21.0	1.8535682910408382	0.6856853160652747	0.9952413324269205
23_O-122	23.6	18.0	1.7719765175500992	0.677804652273881	0.994535519125683
240_O-122	25.25	20.0	1.867725478964979	0.6870483945051588	0.9950213371266002
241_O-122	16.5	15.0	1.7753661692075753	0.678768293408048	0.9974731522425774
242_O-122	17.857142857142858	17.0	1.780939770417379	0.679011644165054	0.9973244147157191
243_O-122	21.0	21.0	1.8944474866698033	0.687407960014744	0.99933598937583
244_O-122	29.5	25.0	1.8211057016240602	0.6787617789462724	0.9936224489795918
245_O-122	20.857142857142858	20.0	1.8659249617164129	0.6880369614443762	0.9973100201748487
246_O-122	24.0	21.0	1.8543899236291412	0.6859965140257349	0.9952734638757597
247_O-122	29.0	23.0	1.898312865567159	0.6900838828299951	0.9940079893475366
248_O-122	25.6	20.0	1.8736033202682894	0.6884390449719882	0.9944979367262724
249_O-122	21.75	21.0	1.8684701617844848	0.6850039734338147	0.997254632807138
24_O-122	21.0	18.0	1.7891979996177445	0.6786004827899557	0.9961315280464217
250_O-122	28.6	25.0	1.8636959977566077	0.6857371609007479	0.9941972920696325
251_O-122	23.0	20.0	1.8229924053177393	0.6806388758968643	0.9962145110410094
252_O-122	20.666666666666668	19.0	1.8408088124851871	0.6857045691236519	0.9966420416386836
253_O-122	17.75	17.0	1.8253651937214532	0.6825736634417001	0.998062015503876
254_O-122	18.857142857142858	18.0	1.8352410902947145	0.683032856803296	0.997363216875412
255_O-122	15.0	15.0	1.8381931609054416	0.6853246332546624	0.9993197278911564
256_O-122	36.0	25.0	1.9013384184717101	0.6900745005693419	0.9929396662387676
257_O-122	24.0	23.0	1.9357063042202094	0.6925249729967111	0.9974587039390089
258_O-122	21.428571428571427	20.0	1.8300352725501348	0.6811369907256366	0.9967989756722151
259_O-122	22.666666666666668	21.0	1.875825766950325	0.6880377232256885	0.996790757381258
25_O-122	25.625	23.0	1.865223094422897	0.6868580855256309	0.9951956074124915
260_O-122	18.11111111111111	18.0	1.8458293834371684	0.6822153595710045	0.998587570621469
261_O-122	22.0	19.0	1.8209963751442708	0.6828678401277195	0.9958592132505176
262_O-122	23.0	20.0	1.8392598939220595	0.6848551111111111	0.996
263_O-122	17.0	17.0	1.8471011283258607	0.6857399805371305	0.9993311036789297
264_O-122	23.2	19.0	1.8325547187848323	0.6835665060132426	0.9953020134228188
265_O-122	19.75	19.0	1.8238053612958551	0.6834701991708156	0.9973924380704041
266_O-122	21.428571428571427	20.0	1.8446557933390595	0.6855439863020039	0.9965986394557823
267_O-122	27.0	20.0	1.915689786700577	0.6923357275578176	0.9952574525745257
268_O-122	35.0	21.0	1.8813389522809498	0.6886141656990643	0.9944903581267217
269_O-122	14.25	14.0	1.8050968343724707	0.6807341654479702	0.9986531986531987
26_O-122	21.666666666666668	20.0	1.858676508939307	0.6849235943145511	0.9965846994535519
270_O-122	23.0	20.0	1.8217883118233156	0.6828357468756199	0.9950704225352113
271_O-122	24.625	22.0	1.8422435575169402	0.6835384560881426	0.9951890034364261
272_O-122	22.0	19.0	1.8827915261205126	0.689827256711159	0.9959016393442623
273_O-122	25.0	22.0	1.8721910083126683	0.6882261681888827	0.9952413324269205
274_O-122	16.2	15.0	1.7521181123431	0.677941263935607	0.9974293059125964
275_O-122	21.75	18.0	1.8115372317694558	0.6814466194641121	0.9959183673469387
276_O-122	25.2	21.0	1.829656889743341	0.6830720500027336	0.9953519256308101
277_O-122	21.0	19.0	1.855589279221668	0.6849218596903781	0.9966931216931217
278_O-122	19.0	18.0	1.8517799691998549	0.686946868276509	0.9971448965024983
279_O-122	33.0	21.0	1.847287034143428	0.6857258542104596	0.9938101788170564
27_O-122	23.75	20.0	1.8501511647312305	0.6856442836010144	0.9958791208791209
280_O-122	26.0	22.0	1.8721468511668953	0.687640349137076	0.9943661971830986
281_O-122	23.0	20.0	1.8499030482747705	0.6855748481909794	0.9957924263674615
282_O-122	24.142857142857142	22.0	1.922400752175735	0.6924409613828189	0.9959677419354839
283_O-122	19.666666666666668	18.0	1.8171158139709946	0.6828341800019033	0.9966420416386836
284_O-122	18.428571428571427	18.0	1.8580409906030624	0.686378090470108	0.997943797121316
285_O-122	20.2	19.0	1.8457747982702355	0.6841556521221177	0.9973027646662171
286_O-122	28.0	21.0	1.8413755126652855	0.6811736327354063	0.9947019867549669
287_O-122	24.625	22.0	1.8494559029172633	0.6838669217495756	0.9951823812801102
288_O-122	20.2	19.0	1.8861302997356735	0.687080393425925	0.9973941368078176
289_O-122	23.5	16.0	1.7839108587137493	0.6782163325002033	0.9958734525447043
28_O-122	20.666666666666668	20.0	1.8675844050548547	0.6869496602893457	0.997093023255814
290_O-122	24.25	19.0	1.8337243906208298	0.6845462358330584	0.9951523545706371
291_O-122	23.5	21.0	1.8921135736932406	0.688898195415128	0.9965229485396384
292_O-122	23.5	20.0	1.8112151635673668	0.6811168823808039	0.9953051643192489
293_O-122	25.0	22.0	1.8788307330236829	0.6876945167496604	0.995345744680851
294_O-122	20.0	19.0	1.8492570576189025	0.6831267716256986	0.9972714870395635
295_O-122	21.2	20.0	1.9079902219126292	0.6903398549502445	0.9974025974025974
296_O-122	26.2	22.0	1.9448626939592653	0.6940220047951211	0.995125348189415
297_O-122	24.0	21.0	1.9007356099928308	0.6889492023796414	0.9959100204498977
298_O-122	23.666666666666668	22.0	1.8362953489357736	0.6814485726656514	0.9959016393442623
299_O-122	20.857142857142858	20.0	1.8908691921545826	0.6864002646963206	0.9972260748959778
29_O-122	46.0	18.0	1.8054139995663654	0.6814433901302588	0.9946127946127946
2_O-122	22.666666666666668	21.0	1.9215432015759173	0.6930649450613365	0.9967886962106616
300_O-122	17.333333333333332	14.0	1.7660786522492253	0.6777657350486695	0.9965706447187929
301_O-122	22.0	19.0	1.8305683350579334	0.6840085389919521	0.996005326231691
302_O-122	23.142857142857142	21.0	1.8731544921029817	0.6881219449793302	0.9958391123439667
303_O-122	16.2	16.0	1.8950872121301008	0.6919636120091495	0.9986495611073599
304_O-122	18.2	17.0	1.8281505184996072	0.6843777186254382	0.9974309569685292
305_O-122	22.5	21.0	1.9673886734174402	0.6969148030169716	0.9973839110529757
306_O-122	18.5	17.0	1.843811801934172	0.6857857973070886	0.9972527472527473
307_O-122	20.5	18.0	1.847458664375761	0.6863251611771414	0.9966887417218543
308_O-122	27.0	20.0	1.860099879752634	0.6880681159105497	0.9945615227736234
309_O-122	29.0	20.0	1.8368894551674797	0.6850843589813875	0.9941099476439791
30_O-122	27.6	22.0	1.9281193159937187	0.6925536580552822	0.9945615227736234
310_O-122	13.0	13.0	1.7791593708975635	0.6807269924195818	0.9993434011818779
311_O-122	23.25	18.0	1.8215267826028252	0.6832854967790871	0.9952510176390773
312_O-122	22.5	20.0	1.8830721149869682	0.687687977462218	0.9967256057629339
313_O-122	16.5	16.0	1.822644843698609	0.6816106666666666	0.998
314_O-122	15.0	15.0	1.8478335323417354	0.6862769176790492	0.9993377483443708
315_O-122	20.666666666666668	20.0	1.8077081221944657	0.6798851839128819	0.9973804846103471
316_O-122	25.75	22.0	1.878385159375884	0.6881599687773892	0.9961089494163424
317_O-122	20.75	20.0	1.8473520163980297	0.6840917145009496	0.9973941368078176
318_O-122	23.5	21.0	1.8789128918919096	0.6878868718378848	0.9960809928151535
319_O-122	23.5	22.0	1.8457775711555833	0.6803142233628932	0.9957835558678847
31_O-122	23.142857142857142	21.0	1.8391552301575615	0.6839055443837978	0.9959322033898305
320_O-122	16.0	15.0	1.8149422400293758	0.6825888724655857	0.9979508196721312
321_O-122	15.5	15.0	1.7646911397822977	0.6772805118315801	0.9980211081794195
322_O-122	26.0	22.0	1.8327813685630807	0.683755787037037	0.9944444444444445
323_O-122	20.75	17.0	1.7953062932225163	0.678827809597317	0.9958988380041012
324_O-122	16.2	15.0	1.7440950750080233	0.6767980601744923	0.997229916897507
325_O-122	20.5	18.0	1.8438976618986385	0.6860024004099705	0.9965445749827229
326_O-122	19.125	19.0	1.8546430310554267	0.6861418472693456	0.9986522911051213
327_O-122	20.0	18.0	1.8435792271994058	0.6860620600750753	0.9973562458691342
328_O-122	21.5	18.0	1.7806239402951163	0.6777557235874816	0.994927536231884
329_O-122	20.428571428571427	19.0	1.8709384312812578	0.688453794631537	0.9963846710050615
32_O-122	17.428571428571427	16.0	1.7741021521460296	0.6796295686334788	0.9963846710050615
330_O-122	19.2	18.0	1.8388484129273832	0.6837569713758079	0.9971929824561403
331_O-122	18.0	16.0	1.8051273710284899	0.6831723494501994	0.9965729952021933
332_O-122	17.0	16.0	1.7964958430495144	0.6810837555010034	0.9972086531751571
333_O-122	25.0	18.0	1.850818739307642	0.6880443789071493	0.995475113122172
334_O-122	26.25	21.0	1.8571308740560617	0.6839230065131241	0.9953519256308101
335_O-122	24.5	23.0	1.8454988768088472	0.68514681255994	0.9961389961389961
336_O-122	19.5	17.0	1.8498617584690875	0.6868306221856153	0.9967595593000648
337_O-122	19.857142857142858	19.0	1.8605535007671252	0.687082449591224	0.9972489683631361
338_O-122	23.0	18.0	1.8285501068323462	0.6843663257852446	0.995945945945946
339_O-122	22.0	20.0	1.870063539912899	0.6863375904945419	0.9965776865160849
33_O-122	20.0	18.0	1.8085003115182112	0.6829687897811096	0.9967126890203813
340_O-122	21.5	19.0	1.8322780479490046	0.6818604461412673	0.9967405475880052
341_O-122	20.2	19.0	1.8496310545188317	0.6832257466888499	0.9973045822102425
342_O-122	22.666666666666668	21.0	1.8965609846823668	0.6889375906862999	0.9966420416386836
343_O-122	24.625	22.0	1.8583818497895468	0.6868802191439305	0.9951456310679612
344_O-122	28.0	21.0	1.8707727614979626	0.6856307815049343	0.9946380697050938
345_O-122	16.75	16.0	1.851277840091803	0.6878282887578095	0.9979879275653923
346_O-122	19.666666666666668	18.0	1.8306912902934562	0.684063702432118	0.9966420416386836
347_O-122	18.0	15.0	1.8138978844821205	0.6836638461969149	0.9973544973544973
348_O-122	16.75	16.0	1.7810544420626941	0.6805305935140336	0.9972807613868117
349_O-122	17.5	15.0	1.7653032011478555	0.678855338269695	0.9966193373901284
34_O-122	19.0	18.0	1.8364875869316446	0.6845136503340938	0.9973907371167645
350_O-122	20.857142857142858	20.0	1.85345496362206	0.6834150041075393	0.9972954699121028
351_O-122	20.2	19.0	1.8528577864145566	0.6852131103496686	0.9972489683631361
352_O-122	20.6	20.0	1.8279067108173306	0.6819685650950129	0.9972954699121028
353_O-122	23.5	20.0	1.8192002176922064	0.6818405230346878	0.9953208556149733
354_O-122	19.375	19.0	1.841505010685352	0.6854535877452298	0.9980327868852459
355_O-122	25.25	20.0	1.866877084427697	0.6873442595556045	0.9950035688793719
356_O-122	23.142857142857142	21.0	1.8388312448264967	0.6837455999387818	0.9962121212121212
357_O-122	20.545454545454547	20.0	1.8126555333502312	0.6788366051818127	0.9972862957937585
358_O-122	18.2	17.0	1.7959390331485656	0.680639727894326	0.9972696245733789
359_O-122	19.2	18.0	1.8361443622474536	0.6847609673008684	0.9972991222147198
35_O-122	56.0	20.0	1.8515635124114953	0.685325038580247	0.99375
360_O-122	17.5	15.0	1.775516344518289	0.6793244444444444	0.9966666666666667
361_O-122	20.25	20.0	1.829258475274684	0.6805097385808676	0.9979661016949153
362_O-122	24.666666666666668	20.0	1.781657584611684	0.6783019448482213	0.9947882736156352
363_O-122	22.666666666666668	21.0	1.8653204721646903	0.6864910322002543	0.9966397849462365
364_O-122	17.5	15.0	1.768486145497874	0.678882698119401	0.9968612680477087
365_O-122	17.0	16.0	1.8530744665685166	0.6852932197506701	0.9979550102249489
366_O-122	25.2	21.0	1.8447786796093004	0.6850268781171913	0.995049504950495
367_O-122	25.625	23.0	1.902140625796056	0.6902103978846441	0.9950980392156863
368_O-122	27.5	24.0	1.8505543983072845	0.6834856736872872	0.994546693933197
369_O-122	20.333333333333332	17.0	1.8118974422009395	0.6808822221675632	0.9965612104539202
36_O-122	23.0	16.0	1.7671775252449187	0.6766388281068607	0.9953580901856764
370_O-122	19.272727272727273	19.0	1.845522062061133	0.6830703682951036	0.9978976874562018
371_O-122	24.625	22.0	1.862629139032569	0.6866000369169674	0.9953145917001339
372_O-122	19.428571428571427	19.0	1.8621041398725704	0.6840889319617839	0.9979281767955801
373_O-122	17.428571428571427	17.0	1.8358429794570958	0.6848432516358205	0.9979181124219292
374_O-122	17.0	16.0	1.7828701320281704	0.6789896246192395	0.9973562458691342
375_O-122	22.142857142857142	20.0	1.824487783610755	0.6835180020811654	0.9961290322580645
376_O-122	30.0	23.0	1.9505414426277372	0.6927256855876385	0.9946127946127946
377_O-122	33.166666666666664	24.0	1.841800388612151	0.6829716586685988	0.9926617745163442
378_O-122	19.0	18.0	1.8285165742208338	0.6831975588589345	0.9973544973544973
379_O-122	20.375	20.0	1.9023917912943522	0.6909368772399984	0.9979743416610398
37_O-122	31.42857142857143	25.0	1.899794073946513	0.6886958812492272	0.9933065595716198
380_O-122	29.333333333333336	20.0	1.8534294887083596	0.6856656855955678	0.9947368421052631
381_O-122	15.75	15.0	1.8294364385886654	0.6856640240352478	0.9979892761394102
382_O-122	26.0	22.0	1.8534932681049412	0.683932367001481	0.9944598337950139
383_O-122	16.6	16.0	1.8386599915794075	0.6860276177171956	0.9980289093298291
384_O-122	26.0	22.0	1.8310024370433997	0.6836610150715796	0.9943741209563994
385_O-122	18.5	16.0	1.8318998163169176	0.685709679878879	0.9966996699669967
386_O-122	23.833333333333332	23.0	1.8392958467239358	0.6840594595168119	0.996742671009772
387_O-122	21.428571428571427	20.0	1.8630870841246836	0.687621052795813	0.9967083607636603
388_O-122	22.428571428571427	22.0	1.9324152030456705	0.6887861214608915	0.9978708303761533
389_O-122	19.428571428571427	19.0	1.8508215511038908	0.6834703489579426	0.9980184940554822
38_O-122	27.2	23.0	1.924136761093818	0.6920304229499206	0.995385629531971
390_O-122	20.666666666666668	19.0	1.8885842993289086	0.6907112779146611	0.9965963240299524
391_O-122	22.0	19.0	1.8835517953059953	0.6902629438080617	0.9958819492107069
392_O-122	19.666666666666668	18.0	1.8015928520495288	0.6819384460522677	0.9964739069111425
393_O-122	24.625	22.0	1.8725292665980253	0.6869220893125838	0.9952021932830706
394_O-122	20.5	20.0	1.8710391153587247	0.6845543218125435	0.9979267449896337
395_O-122	20.625	18.0	1.76865594804489	0.6800033065268478	0.9951890034364261
396_O-122	16.0	16.0	1.8385573231363195	0.6830958364921601	0.999346832135859
397_O-122	20.666666666666668	19.0	1.8395968781540306	0.6832930747922438	0.9964912280701754
398_O-122	22.0	21.0	1.8294713136035021	0.6785395770574875	0.9966711051930759
399_O-122	21.666666666666668	20.0	1.8631243282340888	0.6850106616666256	0.9965612104539202
39_O-122	18.2	17.0	1.825806970649016	0.6821844483479765	0.9971811134601832
3_O-122	19.0	18.0	1.8326078023060215	0.6825383491599708	0.9972972972972973
400_O-122	20.6	20.0	1.8086162782782953	0.681809953151106	0.9975201487910725
401_O-122	29.0	23.0	1.8905704811202402	0.6892078167097138	0.9940633245382586
402_O-122	22.6	22.0	1.9724350507086907	0.6964041568403467	0.9979181124219292
403_O-122	25.0	19.0	1.7984478746659514	0.6812158141005829	0.9939678284182306
404_O-122	24.5	21.0	1.8552246772094394	0.6846175207453942	0.9953114534494307
405_O-122	20.428571428571427	19.0	1.8407458845323537	0.686038224813735	0.9965986394557823
406_O-122	26.625	24.0	1.8904481071311159	0.6876216875454343	0.9952413324269205
407_O-122	22.428571428571427	21.0	1.8498439709155374	0.6841154235945519	0.9966465459423206
408_O-122	20.428571428571427	19.0	1.8772823942653087	0.6892750126688258	0.9966124661246613
409_O-122	16.5	15.0	1.765157240431682	0.6790214737560945	0.9973736047275115
40_O-122	18.428571428571427	18.0	1.8499454282007834	0.6850901512691892	0.9980443285528031
410_O-122	19.857142857142858	19.0	1.8341851689002644	0.6835680563817523	0.9974210186976145
411_O-122	25.2	21.0	1.8254736028086391	0.6822948217004458	0.9951014695591323
412_O-122	21.75	21.0	1.892145010426311	0.6900219138056977	0.9972972972972973
413_O-122	21.0	19.0	1.866504199011332	0.6870730677892724	0.9966352624495289
414_O-122	20.428571428571427	19.0	1.8328652868720063	0.6812106428244069	0.9965963240299524
415_O-122	27.142857142857142	22.0	1.8469723781648186	0.6850530478395062	0.99375
416_O-122	24.0	21.0	1.8586330075789288	0.6835926431804478	0.9952830188679245
417_O-122	23.625	21.0	1.827245682805248	0.6815587420999738	0.995135510771369
418_O-122	16.857142857142858	16.0	1.7697823026073887	0.6791950350772358	0.9973839110529757
419_O-122	28.0	22.0	1.8359648777372544	0.6825417671257442	0.993943472409152
41_O-122	25.25	20.0	1.8364973668142808	0.6848007371484742	0.9951456310679612
420_O-122	19.0	18.0	1.841624015112631	0.6854326520538021	0.997370151216305
421_O-122	18.857142857142858	18.0	1.8269976576412927	0.6838572718774548	0.9973100201748487
422_O-122	24.142857142857142	22.0	1.860435677566487	0.6862883745059967	0.9961315280464217
423_O-122	22.142857142857142	20.0	1.833343980422513	0.6836651028769031	0.9959266802443992
424_O-122	22.428571428571427	21.0	1.8352213852234431	0.6828796471637886	0.9968071519795658
425_O-122	21.3	21.0	1.9107493540720846	0.6907459035259004	0.9979564032697548
426_O-122	17.75	17.0	1.8184811227206434	0.6788520968037854	0.9979605710401088
427_O-122	19.272727272727273	19.0	1.7987000732478367	0.6802613424235047	0.9980694980694981
428_O-122	23.75	20.0	1.9278372057235222	0.6910411293327213	0.9956958393113343
429_O-122	19.857142857142858	19.0	1.8555330980611968	0.6860933945229706	0.9972202918693537
42_O-122	23.5	22.0	1.8670138421764146	0.6874424510928632	0.9958791208791209
430_O-122	27.5	17.0	1.8022903923781197	0.6806348772081818	0.99545159194282
431_O-122	25.5	22.0	1.877318475699397	0.6875851737258285	0.9952670723461798
432_O-122	24.0	21.0	1.9308292723395233	0.6926584864137952	0.9959155888359428
433_O-122	24.666666666666668	20.0	1.8200258264311313	0.6797818964252531	0.9944055944055944
434_O-122	20.666666666666668	19.0	1.8261904164023461	0.6838235294117647	0.9966577540106952
435_O-122	27.0	23.0	1.9002180770198405	0.6893321180187042	0.9943462897526502
436_O-122	19.333333333333332	19.0	1.8666943534641256	0.6836676741084531	0.9979035639412998
437_O-122	25.2	21.0	1.854872060726763	0.6860072609034107	0.9954068241469817
438_O-122	20.0	17.0	1.7946096228369144	0.6808616262056197	0.9959016393442623
439_O-122	25.25	20.0	1.8394387417021707	0.681605731841422	0.9952861952861953
43_O-122	23.5	16.0	1.7863085635574265	0.6808242379060909	0.9959044368600682
440_O-122	16.25	16.0	1.8103738021743943	0.6812631024955045	0.9986754966887417
441_O-122	25.2	21.0	1.849967989916993	0.6809834298204159	0.9952445652173914
442_O-122	22.5	19.0	1.7897016764737752	0.6787837559947415	0.9952574525745257
443_O-122	26.0	19.0	1.8285698794285865	0.6817692171648151	0.995385629531971
444_O-122	16.5	16.0	1.7898334560784739	0.6786040345215225	0.998022412656559
445_O-122	18.5	18.0	1.8163314052796602	0.6824455231776716	0.9979946524064172
446_O-122	17.5	16.0	1.8406084351598784	0.6869334111402519	0.9972470750172058
447_O-122	17.1	17.0	1.770947048899549	0.6775863598252135	0.9987063389391979
448_O-122	18.5	18.0	1.8672017104827026	0.6864613316011181	0.9980171844018506
449_O-122	21.142857142857142	19.0	1.8243018510106364	0.6836349713976848	0.9959731543624161
44_O-122	29.0	23.0	1.8614568994002554	0.6866526618164246	0.9941709844559585
450_O-122	21.333333333333332	18.0	1.8700482171294284	0.6863613128321636	0.9968152866242038
451_O-122	16.75	16.0	1.8170504194129544	0.6828491301339097	0.9979094076655052
452_O-122	12.0	12.0	1.7922372237284463	0.6829036996384297	0.9992897727272727
453_O-122	19.0	17.0	1.790372686065097	0.6807182234817455	0.9965682910089224
454_O-122	28.0	21.0	1.9054974867287051	0.6907855576604871	0.994546693933197
455_O-122	27.11111111111111	24.0	1.8376321265730808	0.6810357825975101	0.9946488294314382
456_O-122	17.6	17.0	1.8456919408510117	0.6853731661702707	0.9978917779339423
457_O-122	17.166666666666668	17.0	1.8483188700724285	0.6863523692633504	0.9987004548408057
458_O-122	28.5	18.0	1.8274424696214353	0.682240258061848	0.9954983922829582
459_O-122	25.5	23.0	1.9185030195538135	0.6918444707764764	0.9958791208791209
45_O-122	20.75	20.0	1.8382352535202513	0.6833713191763691	0.9972991222147198
460_O-122	28.0	21.0	1.8861515160053453	0.6896113364348849	0.994572591587517
461_O-122	15.6	15.0	1.7864411081279177	0.680962235184886	0.9979409746053535
462_O-122	19.083333333333332	19.0	1.8088434839941778	0.6809131141427858	0.9986737400530504
463_O-122	22.142857142857142	20.0	1.8457154365931105	0.686311002330783	0.9960758665794637
464_O-122	20.75	17.0	1.7743650489249199	0.6766529325263193	0.9958534899792675
465_O-122	25.0	22.0	1.9015556695753515	0.6901788400362452	0.9952988582941572
466_O-122	34.0	20.0	1.8909755067213618	0.6891911189408094	0.9945615227736234
467_O-122	26.2	22.0	1.9077988740374012	0.6893101233047418	0.9950389794472005
468_O-122	21.666666666666668	20.0	1.8489550483899835	0.6840864538191029	0.9968010236724248
469_O-122	19.0	18.0	1.8411055119601178	0.6841595655127599	0.9972826086956522
46_O-122	21.0	16.0	1.7935921418226615	0.6821702703664456	0.9959211420802175
470_O-122	23.0	20.0	1.8581302569097418	0.6870517046466634	0.9960159362549801
471_O-122	18.5	18.0	1.8115935887583117	0.6794251269539041	0.9980404964075767
472_O-122	17.0	16.0	1.7839825449456321	0.6773176289447087	0.9971305595408895
473_O-122	22.0	20.0	1.8906657591751908	0.689293293331672	0.9969040247678018
474_O-122	18.5	18.0	1.8778680964207708	0.687355597563537	0.9980237154150198
475_O-122	22.875	21.0	1.8196886709430102	0.6820030683988034	0.9960132890365448
476_O-122	25.0	22.0	1.9045618438079222	0.691192988469606	0.9953051643192489
477_O-122	14.0	14.0	1.8117116157292548	0.6823570519603077	0.9993315508021391
478_O-122	20.428571428571427	19.0	1.8328170508491368	0.6825646465365274	0.9965445749827229
479_O-122	25.6	20.0	1.807024129730768	0.6804633207658416	0.9944016794961511
47_O-122	18.11111111111111	18.0	1.8392849074984092	0.6853621960149373	0.998631074606434
480_O-122	26.625	24.0	1.9317905399934692	0.6916229735167937	0.9951287404314544
481_O-122	19.666666666666668	18.0	1.8195481528314543	0.6834779580967498	0.9965132496513249
482_O-122	24.0	17.0	1.7876818728011612	0.6802256247046314	0.9952445652173914
483_O-122	21.0	19.0	1.836107982999929	0.6833475471648206	0.9967341606792945
484_O-122	20.333333333333332	17.0	1.8435854146357902	0.6823800729696861	0.9966442953020134
485_O-122	20.0	19.0	1.8398481775550624	0.6858699985722991	0.9974342527261065
486_O-122	17.5	16.0	1.7934344832409568	0.6821157138753231	0.9972881355932204
487_O-122	28.5	25.0	1.9047187824570941	0.6889853159966636	0.9944941500344116
488_O-122	21.0	19.0	1.8569632916043461	0.6864242241335949	0.9964539007092199
489_O-122	19.0	18.0	1.8034117243981949	0.6800315314737944	0.9972936400541272
48_O-122	23.5	21.0	1.899918121182835	0.6894175723905551	0.9958988380041012
490_O-122	20.2	19.0	1.8905942586110995	0.6907568532068669	0.9972807613868117
491_O-122	26.2	22.0	1.8875649915569797	0.6880573137590282	0.9953977646285339
492_O-122	19.333333333333332	16.0	1.8185963884604515	0.6843011327076934	0.9965156794425087
493_O-122	26.5	22.0	1.8116559807279975	0.6790742448007088	0.9937716262975779
494_O-122	25.2	21.0	1.8532682800464684	0.6853443838691406	0.9954809554551324
495_O-122	19.2	18.0	1.8244347027867498	0.6833533495965471	0.9972602739726028
496_O-122	19.0	16.0	1.7613333692704392	0.6788043669896269	0.9957716701902748
497_O-122	22.0	20.0	1.9072050903245419	0.6908444444444444	0.9964912280701754
498_O-122	29.2	22.0	1.8941921144922134	0.687016123304212	0.9939271255060729
499_O-122	19.0	18.0	1.8223796477645118	0.6796105871975657	0.9975669099756691
49_O-122	18.142857142857142	18.0	1.8356510159943555	0.6827709839976286	0.9986919555264879
4_O-122	22.142857142857142	20.0	1.8324864842454638	0.6838808491605778	0.9960500329163924
500_O-122	32.0	23.0	1.8773471079923503	0.6873286817551748	0.9931740614334471
501_O-122	20.0	15.0	1.7737890247179537	0.6795785747136371	0.995887594242632
502_O-122	22.3	22.0	1.949110341242403	0.6920254483700843	0.9980119284294234
503_O-122	20.75	17.0	1.8158341719015747	0.6830734445857581	0.9956989247311828
504_O-122	17.666666666666668	16.0	1.7533933214732178	0.676270551508845	0.9967741935483871
505_O-122	23.0	20.0	1.8559727272410447	0.686234978421592	0.9960707269155207
506_O-122	24.875	23.0	1.8781369305952227	0.6877082064535492	0.9960369881109643
507_O-122	21.666666666666668	20.0	1.9108176923540987	0.6920151442186748	0.9966487935656837
508_O-122	22.428571428571427	21.0	1.9199584043770348	0.6924853710374309	0.9965253648366922
509_O-122	19.428571428571427	19.0	1.90328728788685	0.6920421650889287	0.9980145598941098
50_O-122	23.25	22.0	1.8682517987338245	0.6866378786658306	0.9966644429619747
510_O-122	25.6	20.0	1.8225130400712433	0.6828347923384697	0.9948914431673053
511_O-122	19.3	19.0	1.8542962192900638	0.6869075292839029	0.9979395604395604
512_O-122	17.0	17.0	1.856055202651161	0.6859144197154567	0.9992972593113141
513_O-122	14.6	14.0	1.7873940250404297	0.6803965821116134	0.9979550102249489
514_O-122	24.5	21.0	1.8477003388508744	0.6838577637861664	0.9954367666232073
515_O-122	20.666666666666668	19.0	1.8535621501757016	0.685288524571195	0.9966644429619747
516_O-122	13.0	13.0	1.8048629584513742	0.6824278185667312	0.9993288590604027
517_O-122	17.5	16.0	1.8075612110941088	0.6822237634160022	0.9973226238286479
518_O-122	23.0	20.0	1.8372439497624329	0.6848146935973527	0.9962570180910792
519_O-122	18.5	18.0	1.9120239534649235	0.6933217907601068	0.9980302035456337
51_O-122	24.0	21.0	1.8465170782448894	0.6825221928133407	0.9953795379537954
520_O-122	23.142857142857142	21.0	1.8920612018611995	0.6903625057810152	0.9959677419354839
521_O-122	17.857142857142858	17.0	1.8185169516472917	0.6845659491607293	0.9972527472527473
522_O-122	14.333333333333334	14.0	1.8050804636415374	0.6826251465583802	0.9986631016042781
523_O-122	20.2	19.0	1.8815600569277988	0.6881750693072426	0.9971489665003563
524_O-122	27.5	24.0	1.8901244895033662	0.6820035414918812	0.9952316076294278
525_O-122	24.142857142857142	22.0	1.8783896889305305	0.6866607909513985	0.9961240310077519
526_O-122	24.5	23.0	1.8619294188425444	0.6822406249999999	0.99625
527_O-122	15.75	15.0	1.8192566187538974	0.6851019760160681	0.9979619565217391
528_O-122	22.0	21.0	1.8306588660511751	0.6805061181527126	0.9966887417218543
529_O-122	23.0	20.0	1.8190825132167772	0.6836762206997153	0.995125348189415
52_O-122	21.2	17.0	1.7897022853988673	0.6771742543171114	0.9948717948717949
530_O-122	22.0	19.0	1.7996274358989297	0.6794792839091932	0.9960500329163924
531_O-122	19.666666666666668	18.0	1.7865009293984087	0.6782011013242484	0.9967148488830486
532_O-122	19.5	17.0	1.8394416683892543	0.6854175862937768	0.9968253968253968
533_O-122	21.0	19.0	1.892714664240427	0.690591109351117	0.9965421853388658
534_O-122	15.142857142857142	15.0	1.7971901527079632	0.6803329194307122	0.9987236758136566
535_O-122	17.0	14.0	1.7890522300970066	0.6809749108706055	0.9974538510502864
536_O-122	20.428571428571427	19.0	1.8926963884122845	0.6907592658160523	0.9964209019327129
537_O-122	25.666666666666668	21.0	1.8247861221719208	0.6834893617470119	0.9941902687000727
538_O-122	22.5	20.0	1.8120383546680021	0.6822676396974674	0.9959812458137978
539_O-122	29.0	22.0	1.900669667334361	0.6860611818764023	0.9952087611225188
53_O-122	23.666666666666668	23.0	1.907821152886369	0.6906680541103017	0.9974193548387097
540_O-122	21.90909090909091	21.0	1.7971372406267163	0.6780444444444444	0.9966666666666667
541_O-122	25.142857142857142	23.0	1.9021526284762509	0.6867989066413309	0.9958129797627355
542_O-122	20.0	18.0	1.7998929604709262	0.6790694364160595	0.9967061923583662
543_O-122	14.5	13.0	1.7365483654993101	0.6760988257146676	0.9973474801061007
544_O-122	22.428571428571427	21.0	1.8607123593274835	0.6858964424640481	0.9966193373901284
545_O-122	20.0	19.0	1.894401387270497	0.6903205485045781	0.9973579920739762
546_O-122	23.428571428571427	22.0	1.9262846720913689	0.6914799733389723	0.9964564138908576
547_O-122	24.142857142857142	22.0	1.8740220421151157	0.6841875336781752	0.9960886571056062
548_O-122	20.5	18.0	1.8157089429874373	0.6810367465555575	0.99581589958159
549_O-122	24.0	23.0	1.860336824171482	0.6832973518745409	0.9968294229549778
54_O-122	19.428571428571427	18.0	1.8068435459791974	0.6796745222916826	0.996413199426112
550_O-122	19.666666666666668	19.0	1.8225427779519856	0.683477200225183	0.9972602739726028
551_O-122	20.428571428571427	19.0	1.8196813325712777	0.6813250331116434	0.9966711051930759
552_O-122	23.625	21.0	1.8417134594444746	0.6825662589372115	0.9953825857519789
553_O-122	23.25	18.0	1.8065432854057673	0.6835312766376579	0.9952510176390773
554_O-122	18.142857142857142	18.0	1.8554707167997664	0.6849378647655356	0.9986495611073599
555_O-122	23.75	20.0	1.8530770892265742	0.6835354559998384	0.9961089494163424
556_O-122	22.75	19.0	1.8938750959736568	0.6892938810696677	0.9960238568588469
557_O-122	17.125	17.0	1.8021663962700283	0.6825184548567185	0.9986639946559787
558_O-122	26.8	24.0	1.8911365754285945	0.6890806774983946	0.9946559786239145
559_O-122	19.5	19.0	1.8491752091812759	0.6851478348397155	0.9979367262723521
55_O-122	22.0	19.0	1.8650593615356617	0.6873483958637808	0.9958649207443143
560_O-122	20.375	20.0	1.8886042903689315	0.6884498527264177	0.9981343283582089
561_O-122	16.428571428571427	16.0	1.7715879705312052	0.6793813488922757	0.9980818414322251
562_O-122	18.428571428571427	18.0	1.8539958830587209	0.6867724426308337	0.997968855788761
563_O-122	24.142857142857142	22.0	1.884571466279298	0.6886879871002418	0.9960655737704918
564_O-122	19.2	18.0	1.86621317249746	0.6862704072058547	0.9972602739726028
565_O-122	22.5	20.0	1.863920195565786	0.6871581887364129	0.9958534899792675
566_O-122	21.75	18.0	1.826653075871475	0.6837568963654574	0.9959404600811907
567_O-122	19.428571428571427	19.0	1.907133893004507	0.6915387037301006	0.9981226533166458
568_O-122	22.5	20.0	1.849260634939122	0.6856742527173914	0.9959239130434783
569_O-122	23.6	23.0	1.887759253951545	0.687375111111111	0.9973333333333333
56_O-122	22.0	19.0	1.839320889558988	0.6847853185595567	0.9960526315789474
570_O-122	28.0	21.0	1.896624433372247	0.6897463977598658	0.9946127946127946
571_O-122	19.428571428571427	19.0	1.8433401915035665	0.6833503942544487	0.9979494190020506
572_O-122	25.5	22.0	1.8854818679579972	0.6874557369224623	0.9955328653477984
573_O-122	18.75	18.0	1.8588911221500135	0.6860936728825073	0.9979757085020243
574_O-122	15.0	15.0	1.7940811040068045	0.6809868313564029	0.9993399339933994
575_O-122	20.5	18.0	1.8517579268806674	0.68775490047871	0.9968253968253968
576_O-122	17.166666666666668	17.0	1.8589479659695607	0.68839798309608	0.998638529611981
577_O-122	19.0	18.0	1.8384375408796694	0.6827867854064924	0.9972881355932204
578_O-122	20.333333333333332	17.0	1.826901666029431	0.6841842642258442	0.9965349965349966
579_O-122	55.0	19.0	1.8057991803997933	0.6815309486133472	0.9941822882999354
57_O-122	21.75	18.0	1.8482248493205968	0.6860088772243924	0.99609375
580_O-122	15.5	14.0	1.7547931149006109	0.6783405172413793	0.9971264367816092
581_O-122	23.5	20.0	1.820182412660352	0.6818292572293829	0.9951757408683667
582_O-122	21.666666666666668	20.0	1.8720560305575242	0.6879596919231389	0.9966953073364178
583_O-122	23.75	20.0	1.8473969358554245	0.6859136518965812	0.9960578186596584
584_O-122	17.2	16.0	1.7835941553470578	0.6799785865223045	0.9972565157750343
585_O-122	18.857142857142858	18.0	1.8212808013183843	0.6841077129803816	0.9973770491803279
586_O-122	20.6	20.0	1.8681652065199235	0.683391274665354	0.9972047519217331
587_O-122	26.11111111111111	25.0	1.8875898923693895	0.6833806006243679	0.9968671679197995
588_O-122	20.333333333333332	20.0	1.842565516092011	0.6831832108407474	0.9978540772532188
589_O-122	24.142857142857142	22.0	1.8706724908801984	0.686332584850162	0.9960026648900733
58_O-122	20.2	19.0	1.8932152693498945	0.6893989468349968	0.997289972899729
590_O-122	19.857142857142858	19.0	1.8568983941395691	0.6847868471655769	0.9974126778783958
591_O-122	24.5	22.0	1.9129690047887074	0.6888965905453582	0.9960132890365448
592_O-122	28.5	25.0	1.8909200679246552	0.6854148225023656	0.994475138121547
593_O-122	20.666666666666668	19.0	1.8444857297134927	0.6848807408306752	0.9966777408637874
594_O-122	23.428571428571427	22.0	1.9007132202672723	0.6901987429344492	0.9967170059093894
595_O-122	31.25	20.0	1.7898800734260065	0.6795423729081724	0.9927378358750908
596_O-122	18.2	17.0	1.8401458235260904	0.6842190806840527	0.9973736047275115
597_O-122	20.5	18.0	1.826388414099634	0.6837029227983876	0.9965253648366922
598_O-122	23.0	18.0	1.8138143151526307	0.6833515031834594	0.9959211420802175
599_O-122	19.5	17.0	1.7973667519000835	0.6814471494907444	0.9967018469656992
59_O-122	22.428571428571427	21.0	1.8759453429842117	0.6877219180027774	0.9964887640449438
5_O-122	19.0	18.0	1.8163772606518591	0.6806018375798619	0.9974457215836526
600_O-122	16.2	16.0	1.8337505340637041	0.6852505126665219	0.9987029831387808
601_O-122	19.0	18.0	1.8186388014437254	0.6814803899332491	0.9973351099267155
602_O-122	24.666666666666668	23.0	1.880033012945403	0.688328	0.996
603_O-122	19.11111111111111	19.0	1.8390156705195724	0.6834134495893542	0.9986431478968792
604_O-122	17.0	17.0	1.8080707873676007	0.6819651912856506	0.9993630573248408
605_O-122	22.0	19.0	1.8530266010390533	0.6869361237849634	0.995774647887324
606_O-122	21.0	18.0	1.8171132423196457	0.6837164012152539	0.9960369881109643
607_O-122	22.0	21.0	1.9048855070314652	0.6912017199677506	0.9973770491803279
608_O-122	20.428571428571427	19.0	1.8547775819228034	0.6866787461343433	0.9965729952021933
609_O-122	19.857142857142858	19.0	1.828957400994065	0.6845229919128422	0.9973244147157191
60_O-122	31.0	22.0	1.8634776557900479	0.686386062451591	0.9941368078175896
610_O-122	24.5	22.0	1.906306542414279	0.688940290478752	0.9958041958041958
611_O-122	17.857142857142858	17.0	1.7808607493074542	0.6796169340188791	0.9971284996410624
612_O-122	16.5	16.0	1.8062092862542094	0.6828119130384174	0.99800796812749
613_O-122	22.2	18.0	1.7969965541456616	0.6776377551020408	0.995
614_O-122	26.0	19.0	1.8061209756235397	0.6810786205957251	0.9946452476572959
615_O-122	21.25	20.0	1.842430606561652	0.684436321932892	0.996684350132626
616_O-122	22.5	21.0	1.8188299011090516	0.6827562782176035	0.9959514170040485
617_O-122	22.0	19.0	1.802799663019685	0.6816628361143585	0.9954896907216495
618_O-122	19.666666666666668	18.0	1.8232680587035601	0.6815769361413044	0.9966032608695652
619_O-122	15.75	15.0	1.7753729914391547	0.6792448147084171	0.9979661016949153
61_O-122	19.857142857142858	19.0	1.8663143373495306	0.68711663400512	0.9973579920739762
620_O-122	21.11111111111111	20.0	1.8705317872949556	0.6871586929809526	0.9966375252185609
621_O-122	18.2	17.0	1.8057954567436434	0.6790836620644313	0.9974358974358974
622_O-122	29.0	20.0	1.8246191811128323	0.6841138659320477	0.9940711462450593
623_O-122	19.428571428571427	18.0	1.8118829362166868	0.68251006525059	0.9965986394557823
624_O-122	24.666666666666668	23.0	1.8520905292355359	0.6845880227764616	0.9960552268244576
625_O-122	19.0	18.0	1.828624783166238	0.6824721561413184	0.9971469329529244
626_O-122	21.666666666666668	20.0	1.8614903762589787	0.685871595020627	0.9966821499668215
627_O-122	16.5	15.0	1.773520289476151	0.6793401317085475	0.9972862957937585
628_O-122	25.625	23.0	1.8834375977410605	0.6885732192563849	0.9951321279554938
629_O-122	24.0	21.0	1.870633916461109	0.6876291695571742	0.9952956989247311
62_O-122	20.428571428571427	19.0	1.8009476954155148	0.6789464200167891	0.9965059399021663
630_O-122	21.5	18.0	1.7898643732339692	0.6794434003367155	0.9953302201467645
631_O-122	15.75	15.0	1.7892730504400487	0.6797048130193906	0.9980263157894737
632_O-122	17.5	16.0	1.8220525334494015	0.6833789957309454	0.9974489795918368
633_O-122	19.5	18.0	1.8536695126351574	0.6869008500358533	0.9973614775725593
634_O-122	19.5	17.0	1.8119806103025	0.6808523894737919	0.9966644429619747
635_O-122	21.5	18.0	1.7868693287007946	0.6783630545238275	0.9954633830200907
636_O-122	25.625	23.0	1.9012801178016594	0.6891986624405015	0.9953795379537954
637_O-122	26.5	23.0	1.898452024296291	0.6894283549255872	0.9955041746949261
638_O-122	18.428571428571427	17.0	1.7662893189949622	0.6792786492339018	0.9966261808367072
639_O-122	25.666666666666668	21.0	1.8268450073902711	0.683821627081888	0.9948652118100129
63_O-122	19.375	19.0	1.848758727378822	0.6864923822714681	0.9980263157894737
640_O-122	24.25	19.0	1.834675346555969	0.6845814990562493	0.9951690821256038
641_O-122	18.375	18.0	1.8125759009420266	0.6805601084363222	0.9979743416610398
642_O-122	17.0	17.0	1.8500346686693616	0.6849448287459767	0.999340804218853
643_O-122	27.0	20.0	1.8824494512108325	0.6888515593400568	0.9954867827208252
644_O-122	19.857142857142858	19.0	1.8251814194292797	0.6822568004880016	0.997427652733119
645_O-122	21.428571428571427	20.0	1.8332620993715625	0.6835458216351047	0.9966555183946488
646_O-122	19.25	18.0	1.788560637536049	0.6811403257528021	0.9967061923583662
647_O-122	30.5	20.0	1.839896278371638	0.6845406977019903	0.9954038082731451
648_O-122	15.0	15.0	1.8277562861418086	0.6848111694273672	0.9993523316062176
649_O-122	21.3	21.0	1.9248768734134873	0.6933965156739285	0.9978902953586498
64_O-122	49.0	23.0	1.837200219397115	0.6838669714051847	0.991174473862865
650_O-122	21.5	19.0	1.8642064818208395	0.6859957342571961	0.9965469613259669
651_O-122	21.0	18.0	1.7947741451630461	0.6818564916502026	0.9960132890365448
652_O-122	18.5	16.0	1.7777716627312092	0.6807869941474344	0.9967405475880052
653_O-122	26.25	21.0	1.8670852100941357	0.6878798358766136	0.9954456733897202
654_O-122	22.0	20.0	1.8964267825655206	0.6888358993666898	0.9966465459423206
655_O-122	25.0	18.0	1.7651600437286918	0.6757497452029949	0.9943342776203966
656_O-122	21.75	21.0	1.8427751211763044	0.6832598283219973	0.9973614775725593
657_O-122	26.0	19.0	1.8293101314117557	0.6836901109791198	0.9950946040644709
658_O-122	22.25	21.0	1.8298684152144626	0.6801600866047994	0.9967018469656992
659_O-122	26.0	20.0	1.7551371517799463	0.6724526161776154	0.9941709844559585
65_O-122	27.0	20.0	1.8448098122499483	0.6867301844301368	0.9945242984257358
660_O-122	20.142857142857142	18.0	1.7938964661063226	0.681085978940227	0.9959266802443992
661_O-122	16.75	16.0	1.7418601848127635	0.6761460184200929	0.9972144846796658
662_O-122	21.875	20.0	1.8713891412088994	0.6882127246948047	0.9956584659913169
663_O-122	28.5	18.0	1.8626366948711477	0.688608	0.9953333333333333
664_O-122	21.25	20.0	1.8654070879925226	0.6850467451523545	0.9967105263157895
665_O-122	25.333333333333332	23.0	1.8660128498954829	0.6828414186626716	0.9949928469241774
666_O-122	31.0	17.0	1.7885223763913747	0.680919985873572	0.9946272666218939
667_O-122	23.11111111111111	22.0	1.8745170751059443	0.6866118160730038	0.9965445749827229
668_O-122	22.0	17.0	1.84554406910122	0.6851014469959107	0.9966577540106952
669_O-122	23.0	18.0	1.8459599521474	0.6837125162067146	0.9967804249839022
66_O-122	14.0	14.0	1.7853478248870827	0.6815549918200446	0.9993178717598908
670_O-122	22.666666666666668	21.0	1.9013265052481862	0.6899493658830813	0.9966799468791501
671_O-122	22.333333333333332	22.0	1.9425792609699497	0.6935945776874823	0.9979253112033195
672_O-122	18.2	17.0	1.8104213929669213	0.6826448068289055	0.9973262032085561
673_O-122	22.0	21.0	1.8248701163101413	0.6827583208502465	0.9966865473823724
674_O-122	20.0	19.0	1.8436761861868303	0.6826064797280553	0.9975031210986267
675_O-122	16.2	15.0	1.7770339405486213	0.680648154926433	0.9973027646662171
676_O-122	17.2	17.0	1.8805592586169848	0.6895481409581004	0.9986495611073599
677_O-122	18.375	18.0	1.8583212018731312	0.6867143397452736	0.9978738483345145
678_O-122	22.428571428571427	21.0	1.8673783953357612	0.6863382648816558	0.9965893587994543
679_O-122	22.142857142857142	20.0	1.8170982617486966	0.6832587879536671	0.995887594242632
67_O-122	20.0	19.0	1.8793449514793583	0.6891583975219977	0.9973821989528796
680_O-122	24.5	22.0	1.8915877890616353	0.6872372566715307	0.996005326231691
681_O-122	17.375	17.0	1.8307028994933892	0.6859138508896536	0.998022412656559
682_O-122	28.0	19.0	1.7415939426664688	0.6735093423989075	0.9929428369795342
683_O-122	19.75	19.0	1.8155962897914817	0.6821271111111111	0.9973333333333333
684_O-122	24.142857142857142	22.0	1.8294786580418947	0.682784373125922	0.99633923123856
685_O-122	21.2	20.0	1.8722357083518522	0.6861696744813628	0.9974025974025974
686_O-122	20.5	18.0	1.8657528469905242	0.6854176841366258	0.9965469613259669
687_O-122	24.0	19.0	1.8515896105340692	0.6810351954037241	0.9960629921259843
688_O-122	17.375	17.0	1.8039237577223948	0.6799950355455902	0.9979152189020153
689_O-122	17.666666666666668	16.0	1.7442527084289636	0.6763271660929827	0.9965588437715073
68_O-122	20.666666666666668	19.0	1.8107715652832619	0.680518619335705	0.9967018469656992
690_O-122	17.666666666666668	16.0	1.7725466598482986	0.6804963950678447	0.9966009517335146
691_O-122	18.5	17.0	1.8234827265293725	0.6823795363446559	0.9973136333109469
692_O-122	28.142857142857142	23.0	1.8630538278768598	0.6837527503809914	0.9940278699402787
693_O-122	24.25	23.0	1.9164762096750134	0.6890230044695842	0.996859296482412
694_O-122	16.428571428571427	16.0	1.7586403225988239	0.6746092072343529	0.9980417754569191
695_O-122	24.666666666666668	20.0	1.8073323267724888	0.6799548277285826	0.9945541184479237
696_O-122	15.6	15.0	1.8769482142038667	0.6899473614095593	0.9978888106966924
697_O-122	24.666666666666668	23.0	1.8846637751742283	0.6843916168596647	0.9959758551307847
698_O-122	20.666666666666668	19.0	1.8196017048689404	0.6790040423331221	0.9967148488830486
699_O-122	25.0	22.0	1.908076466385817	0.6874266750720153	0.9960681520314548
69_O-122	24.0	19.0	1.8883368578845718	0.6886057123486851	0.9967969250480462
6_O-122	18.0	16.0	1.799117155063011	0.6826055445514498	0.9972451790633609
700_O-122	26.666666666666668	22.0	1.8303091289094957	0.6843946262781166	0.9946984758117959
701_O-122	22.142857142857142	20.0	1.831262663312776	0.6843268008390055	0.996005326231691
702_O-122	28.0	22.0	1.8603663366651908	0.6850969506484058	0.9941329856584094
703_O-122	26.333333333333332	24.0	1.8884524350175214	0.6882728797097637	0.9953917050691244
704_O-122	22.875	21.0	1.860933609865724	0.6870051912317033	0.9959211420802175
705_O-122	25.0	22.0	1.909241710854515	0.6889261567079665	0.9961977186311787
706_O-122	24.666666666666668	23.0	1.8704206433051829	0.6856948821938234	0.9960861056751468
707_O-122	22.142857142857142	20.0	1.8410441241970545	0.6815762807280916	0.9958904109589041
708_O-122	20.428571428571427	19.0	1.84002190586978	0.6832553408111715	0.996704021094265
709_O-122	17.2	16.0	1.7842999627882112	0.6779449684503108	0.9974143503555268
70_O-122	24.0	21.0	1.8287165266440584	0.683129249963343	0.9953550099535501
710_O-122	22.11111111111111	21.0	1.8634482420435379	0.6869072256791207	0.9967277486910995
711_O-122	23.5	22.0	1.8330975292071872	0.683729850231204	0.9960861056751468
712_O-122	15.25	15.0	1.8482037059956458	0.6869193577810218	0.9986675549633578
713_O-122	19.428571428571427	19.0	1.880399734499355	0.6881012914913847	0.9979253112033195
714_O-122	34.0	22.0	1.874938482066904	0.6867864836359063	0.9938229238160604
715_O-122	19.166666666666668	19.0	1.890785579383146	0.6896866556400092	0.9987437185929648
716_O-122	25.5	22.0	1.8705927734801988	0.6870174919474297	0.9953271028037384
717_O-122	24.5	21.0	1.844810368377729	0.6841393182552891	0.9951557093425606
718_O-122	16.0	15.0	1.7716572822008854	0.6791475530932595	0.9971929824561403
719_O-122	37.0	19.0	1.7919968043592611	0.6793577875769778	0.9938229238160604
71_O-122	29.5	19.0	1.8488319072744683	0.6853145875213824	0.995053003533569
720_O-122	17.166666666666668	17.0	1.8591708840817733	0.6861345172773785	0.9986403806934059
721_O-122	26.0	22.0	1.8626845127222411	0.6855592752299984	0.9946984758117959
722_O-122	17.2	16.0	1.7771060678658728	0.6804433954877462	0.9973244147157191
723_O-122	23.0	16.0	1.7647349415765647	0.6791953358183693	0.9951321279554938
724_O-122	27.6	22.0	1.8825900504633293	0.687007874015748	0.994750656167979
725_O-122	20.666666666666668	19.0	1.8611514272671792	0.6863822984933935	0.9966532797858099
726_O-122	20.0	18.0	1.827726293032428	0.6840471128985923	0.9966101694915255
727_O-122	22.0	19.0	1.8539914563994984	0.6842799047807975	0.995774647887324
728_O-122	17.428571428571427	17.0	1.7897757414959583	0.6812425096993459	0.9979064898813678
729_O-122	14.5	14.0	1.747657423160201	0.6774880971691672	0.9979973297730307
72_O-122	21.5	19.0	1.8506578581592552	0.6860005567366015	0.9966711051930759
730_O-122	30.5	25.0	1.8191172776525342	0.6797160292080326	0.9923023093072079
731_O-122	17.5	17.0	1.8290682080759118	0.6834577834977121	0.9979973297730307
732_O-122	19.0	18.0	1.831557260224931	0.6851568081512195	0.9974160206718347
733_O-122	21.5	19.0	1.8818672873814237	0.6882432748538012	0.9964912280701754
734_O-122	41.2	28.0	1.9400947203040242	0.6889634992480438	0.9919137466307277
735_O-122	28.0	24.0	1.8987875945205297	0.6885564444444445	0.9946666666666667
736_O-122	18.0	17.0	1.7905314190400823	0.6797751168475133	0.9973787680209698
737_O-122	19.0	17.0	1.7789588746038933	0.6782337535511364	0.9964488636363636
738_O-122	20.75	20.0	1.8813052613886372	0.6874987874972003	0.99734395750332
739_O-122	23.0	20.0	1.836330774937186	0.6850321395775941	0.9953886693017128
73_O-122	21.142857142857142	19.0	1.7901034100506368	0.6797582424508467	0.9960026648900733
740_O-122	26.625	24.0	1.8867285484491079	0.6855770313379621	0.9952054794520548
741_O-122	19.2	18.0	1.8300194589299594	0.6819286149475544	0.997165131112686
742_O-122	21.666666666666668	20.0	1.8633540893179246	0.6867023485421451	0.9966055668703326
743_O-122	22.428571428571427	21.0	1.8426451579723004	0.6852394053917864	0.9968253968253968
744_O-122	18.25	17.0	1.7489832735578175	0.6776572868546095	0.9967886962106616
745_O-122	21.666666666666668	20.0	1.8602711791814075	0.6843695958631824	0.9965205288796103
746_O-122	22.25	21.0	1.8591495721156968	0.6843300101624601	0.9967511371020144
747_O-122	23.11111111111111	22.0	1.8774057073858794	0.6861249789171867	0.9967532467532467
748_O-122	21.5	19.0	1.8353223636505012	0.6857634498158205	0.9957953749124037
749_O-122	30.42857142857143	24.0	1.8456432759719457	0.6846330791451237	0.9932569116655429
74_O-122	19.857142857142858	19.0	1.8545609483422556	0.6856574312655903	0.9973821989528796
750_O-122	22.5	20.0	1.8782589517426422	0.6890377853939975	0.996005326231691
751_O-122	21.333333333333332	18.0	1.8403833877749463	0.6848189392725524	0.9968354430379747
752_O-122	31.6	26.0	1.981193958608076	0.6961539924009981	0.9948287007110537
753_O-122	21.666666666666668	20.0	1.8141565737556036	0.6826795355568626	0.9961439588688946
754_O-122	24.0	19.0	1.8488549294223737	0.6858883901856456	0.9960758665794637
755_O-122	16.0	16.0	1.8367114205828423	0.6831227548417326	0.9993622448979592
756_O-122	18.375	18.0	1.8526536557868691	0.6866914671619239	0.9979423868312757
757_O-122	18.5	18.0	1.8498656547769683	0.6834563352065144	0.9979770734996628
758_O-122	29.2	22.0	1.8921952924326875	0.6894571799307958	0.9933823529411765
759_O-122	17.5	16.0	1.814951364579479	0.684185294716299	0.9972318339100346
75_O-122	24.0	19.0	1.8619262488602635	0.6861498193532511	0.9959866220735786
760_O-122	32.0	21.0	1.784790938389875	0.6784048285959545	0.9926372155287818
761_O-122	26.5	23.0	1.8423913569847667	0.6848816568047338	0.9948717948717949
762_O-122	18.2	17.0	1.8476005038079526	0.6863714390065742	0.9972972972972973
763_O-122	23.0	18.0	1.8214533258638839	0.6842700779244179	0.9959731543624161
764_O-122	18.333333333333332	18.0	1.8229814735665224	0.6824479083270096	0.9980211081794195
765_O-122	20.0	19.0	1.8448286229134057	0.6857860201518177	0.9971890372452565
766_O-122	24.5	21.0	1.8271353142223992	0.6819386574074074	0.9951388888888889
767_O-122	23.666666666666668	22.0	1.905887987519519	0.6898257919271804	0.9965800273597811
768_O-122	26.25	21.0	1.8591125655034235	0.6846680090741908	0.9956494717215661
769_O-122	18.428571428571427	17.0	1.810589701802041	0.6838998504458994	0.9966622162883845
76_O-122	32.25	21.0	1.8411245071687805	0.6854232078584805	0.9934036939313984
770_O-122	23.0	20.0	1.8419972196479253	0.6830757451189444	0.9960604070912672
771_O-122	17.2	16.0	1.798114330636649	0.6799001004083156	0.9973736047275115
772_O-122	22.5	20.0	1.8353668580182292	0.6825515895639219	0.9958592132505176
773_O-122	23.142857142857142	21.0	1.8646214995899377	0.6865580096834651	0.9961734693877551
774_O-122	24.0	19.0	1.882755390516994	0.6897015432075662	0.9960185799601858
775_O-122	23.0	22.0	1.8602963695038826	0.6864854157540776	0.9968274111675127
776_O-122	19.5	18.0	1.8451687252523825	0.6858995942710784	0.9973736047275115
777_O-122	23.142857142857142	21.0	1.8663958708658632	0.6874312802435358	0.9961064243997404
778_O-122	16.857142857142858	16.0	1.7762582571332335	0.6795734463152682	0.9972047519217331
779_O-122	21.90909090909091	21.0	1.8192043631477985	0.6829498305163718	0.9965870307167235
77_O-122	37.75	24.0	1.8857277350014672	0.6891744298951157	0.9927104042412194
780_O-122	21.75	18.0	1.828027774426312	0.6827275128944807	0.996005326231691
781_O-122	19.75	16.0	1.7808855898517406	0.67874610461702	0.9958592132505176
782_O-122	20.11111111111111	19.0	1.798559838654317	0.6803799209969791	0.9967341606792945
783_O-122	28.142857142857142	23.0	1.829209537608146	0.6808166235315742	0.9937973811164714
784_O-122	23.0	21.0	1.8834621901575719	0.6856700138504155	0.9967105263157895
785_O-122	18.666666666666668	18.0	1.7990892385645205	0.6787551359275917	0.9973351099267155
786_O-122	19.0	18.0	1.840138119983489	0.6838839288664496	0.9974293059125964
787_O-122	22.142857142857142	20.0	1.8191788207761215	0.6823095202796122	0.9958706125258087
788_O-122	21.75	21.0	1.8556775733158724	0.6845636997530544	0.9973562458691342
789_O-122	22.5	20.0	1.857451328602643	0.6856251251108124	0.9959893048128342
78_O-122	24.5	22.0	1.868159923354298	0.6859349002025884	0.996042216358839
790_O-122	21.375	21.0	1.8759884956092339	0.687728845231181	0.9981155778894473
791_O-122	25.666666666666668	21.0	1.8571121913822932	0.6835846566078756	0.9944095038434662
792_O-122	22.666666666666668	21.0	1.8075667531759376	0.6810926472223494	0.9961636828644501
793_O-122	19.0	17.0	1.8609196998932644	0.6879706152433425	0.9973063973063973
794_O-122	24.25	23.0	1.9549174244490508	0.6936811157939902	0.9965205288796103
795_O-122	22.875	21.0	1.8681372796445823	0.6870169587415755	0.9957805907172996
796_O-122	23.2	19.0	1.8319958802458596	0.6833989056644436	0.9951557093425606
797_O-122	32.0	21.0	1.7902438811614367	0.6804946815327437	0.9928104575163399
798_O-122	29.142857142857142	24.0	1.8619653658254296	0.6797903500551132	0.9939718687206965
799_O-122	22.0	20.0	1.8784110043592683	0.6854076003980093	0.9967595593000648
79_O-122	20.5	19.0	1.851662028446407	0.6836577659688067	0.9974937343358397
7_O-122	27.5	23.0	1.8438332121860013	0.6818535679103119	0.9940828402366864
800_O-122	26.666666666666668	22.0	1.867565666223076	0.6862541116617692	0.9947019867549669
801_O-122	26.0	19.0	1.8450245364674793	0.6854282983753333	0.9950354609929078
802_O-122	23.5	23.0	1.883975707011607	0.6865067724755258	0.9972508591065292
803_O-122	20.857142857142858	20.0	1.867571460318758	0.6862345988748246	0.9973368841544608
804_O-122	25.833333333333332	25.0	1.8920115506844557	0.6866257854813593	0.9966799468791501
805_O-122	20.666666666666668	19.0	1.8224476045424933	0.6830297248424566	0.9965706447187929
806_O-122	21.666666666666668	20.0	1.87627083386552	0.6890553230728425	0.9966644429619747
807_O-122	21.0	19.0	1.8535682730892442	0.6858305941233235	0.9966510381781648
808_O-122	28.0	21.0	1.8211182114504136	0.6789109348692198	0.994634473507713
809_O-122	24.2	20.0	1.828575209126362	0.6793792454585871	0.9954983922829582
80_O-122	19.666666666666668	18.0	1.7926667830957137	0.6811855046890828	0.9966996699669967
810_O-122	21.545454545454547	21.0	1.864969334445166	0.6872848824525724	0.9972241498959056
811_O-122	18.5	17.0	1.9107057594817898	0.6909353052183264	0.9979195561719834
812_O-122	24.0	21.0	1.8985062186653519	0.6907302084868988	0.995125348189415
813_O-122	23.5	20.0	1.8070267990742932	0.6797647230478664	0.9954278249510125
814_O-122	19.2	18.0	1.8898506275232185	0.6901739607664114	0.9973027646662171
815_O-122	18.0	17.0	1.7916929402879256	0.6801378902862931	0.997229916897507
816_O-122	16.5	16.0	1.8045035001018173	0.6799781678424307	0.9979784366576819
817_O-122	28.666666666666668	24.0	1.880171245094627	0.6882315717769363	0.9945689069925322
818_O-122	17.2	16.0	1.8130744959619736	0.6838642319812412	0.9973941368078176
819_O-122	22.6	22.0	1.8880837707628366	0.686154683917309	0.9973009446693657
81_O-122	22.2	18.0	1.793817538603769	0.6816611747022777	0.9952956989247311
820_O-122	21.142857142857142	19.0	1.8499882044046743	0.6862284026726233	0.9958988380041012
821_O-122	24.5	22.0	1.8612809173353901	0.6845260583572272	0.9961038961038962
822_O-122	24.0	22.0	1.9341785882228673	0.6908276893641396	0.9965059399021663
823_O-122	20.25	19.0	1.8460947067453302	0.6850178087115641	0.9966996699669967
824_O-122	17.166666666666668	17.0	1.8302872556793826	0.6833943119153754	0.9986329460013671
825_O-122	19.333333333333332	19.0	1.8371198227017123	0.6839940099366465	0.9979409746053535
826_O-122	18.0	17.0	1.7934324276331848	0.6789125572668188	0.997363216875412
827_O-122	24.142857142857142	22.0	1.9104543066096262	0.6894441641840902	0.9960835509138382
828_O-122	23.428571428571427	22.0	1.886695856452923	0.6892857896699477	0.996684350132626
829_O-122	24.5	22.0	1.8894429389299536	0.6846108092631349	0.9960835509138382
82_O-122	21.0	20.0	1.8572991373067496	0.6860265894747317	0.9973457199734572
830_O-122	19.0	18.0	1.8337141371023253	0.6853001929251683	0.9973890339425587
831_O-122	25.666666666666668	24.0	1.896449771920902	0.6895489078481122	0.9959785522788204
832_O-122	22.142857142857142	20.0	1.8733276616285104	0.6881508942456505	0.9958960328317373
833_O-122	22.75	22.0	1.913888617408215	0.6918690181719399	0.9972337482710927
834_O-122	31.2	24.0	1.9143564849545385	0.6910231139292906	0.9937413073713491
835_O-122	21.142857142857142	19.0	1.8140947050044915	0.6813042497060883	0.9959155888359428
836_O-122	20.428571428571427	19.0	1.8410244244208958	0.6837760691016148	0.9967490247074122
837_O-122	22.0	20.0	1.8705851226166221	0.6868928146427766	0.9967126890203813
838_O-122	26.666666666666668	22.0	1.8321156617683552	0.6821953273913395	0.9948186528497409
839_O-122	18.5	17.0	1.8263012173238162	0.6840211918858612	0.9972954699121028
83_O-122	22.3	22.0	1.8712616482429152	0.6837070839498391	0.9980276134122288
840_O-122	20.5	17.0	1.7648846578766562	0.6781462011505653	0.9950704225352113
841_O-122	25.25	20.0	1.833407964377169	0.6844913831660618	0.9952120383036935
842_O-122	15.75	15.0	1.8133795604353982	0.6798874184611648	0.9980066445182725
843_O-122	23.0	20.0	1.9176325384057704	0.6931911519678253	0.9959322033898305
844_O-122	24.5	17.0	1.8382159172163934	0.6845026437870552	0.9959623149394348
845_O-122	17.75	17.0	1.83222170241387	0.6824366007887721	0.9979674796747967
846_O-122	22.0	21.0	1.872543277403903	0.6870655275382318	0.9972844534962662
847_O-122	19.857142857142858	19.0	1.8432204801895289	0.6840553845026771	0.9971469329529244
848_O-122	18.142857142857142	18.0	1.9035115830461844	0.6904258435253439	0.998645903859174
849_O-122	19.125	19.0	1.9274990216741408	0.6922378160929157	0.9986728599867286
84_O-122	19.666666666666668	19.0	1.8282671305753835	0.6823172291291767	0.9972991222147198
850_O-122	20.75	17.0	1.8284538602835148	0.6840714507875296	0.9957050823192556
851_O-122	19.0	17.0	1.7842915426654786	0.6789659312656716	0.9965963240299524
852_O-122	23.142857142857142	21.0	1.870793304789292	0.6871948420223243	0.995777621393385
853_O-122	21.5	19.0	1.8279771704990995	0.6829350541982062	0.9961190168175937
854_O-122	33.0	19.0	1.8336303330733765	0.6823305096555354	0.9948783610755442
855_O-122	14.0	14.0	1.8145444378733824	0.6793541883454735	0.9993279569892473
856_O-122	15.0	15.0	1.8031192255382293	0.6816646025466832	0.9993446920052425
857_O-122	19.857142857142858	19.0	1.8365243969094613	0.684990363486822	0.9973975276512687
858_O-122	20.666666666666668	19.0	1.8129260587897726	0.6826540672193916	0.9966799468791501
859_O-122	19.375	19.0	1.83228038712309	0.682106638951877	0.998015873015873
85_O-122	21.75	21.0	1.9098103262524018	0.6907286578185571	0.9972844534962662
860_O-122	25.0	18.0	1.8225379374763946	0.6833988947935493	0.9953302201467645
861_O-122	27.666666666666668	23.0	1.90507698156228	0.6905803890035607	0.9944521497919556
862_O-122	18.857142857142858	18.0	1.7964094273172062	0.6805911755944813	0.9973045822102425
863_O-122	23.666666666666668	22.0	1.9136495934025213	0.6909366646949722	0.9967511371020144
864_O-122	31.5	24.0	1.886045046070659	0.6875597834404652	0.9936868686868687
865_O-122	18.75	18.0	1.8556136102127172	0.6853032440543514	0.9980289093298291
866_O-122	25.333333333333332	23.0	1.87675346702885	0.6867166385790056	0.9954983922829582
867_O-122	14.0	13.0	1.7722260509832937	0.678181208926227	0.9979702300405954
868_O-122	21.428571428571427	20.0	1.8483330762904495	0.6850260530580987	0.9967804249839022
869_O-122	24.666666666666668	20.0	1.8082320040861728	0.6802556567006139	0.9948152948801037
86_O-122	24.666666666666668	23.0	1.8644484500155358	0.684297831262782	0.9958563535911602
870_O-122	25.5	22.0	1.872318987383514	0.6855920601103835	0.9953208556149733
871_O-122	15.75	15.0	1.8037520782879297	0.683198300302007	0.9980719794344473
872_O-122	27.2	20.0	1.808106015529388	0.6788904147015162	0.9939718687206965
873_O-122	26.0	19.0	1.786656609623437	0.6790929867204049	0.9948018193632229
874_O-122	19.2	18.0	1.8576374200434056	0.6875421951303092	0.9973315543695798
875_O-122	38.0	20.0	1.8633651139041016	0.6871753329313213	0.9939353099730458
876_O-122	21.666666666666668	20.0	1.8463867520921837	0.685098430286242	0.9964912280701754
877_O-122	20.0	18.0	1.8378967028248105	0.6834570327822722	0.9965729952021933
878_O-122	17.0	17.0	1.8255406318612561	0.6851326943363006	0.9993112947658402
879_O-122	30.875	24.0	1.8117244234466519	0.6798424333908872	0.9929260450160772
87_O-122	23.142857142857142	21.0	1.8547998974917443	0.6843379241931802	0.9959973315543695
880_O-122	13.333333333333334	13.0	1.7548307615894412	0.6793439697990507	0.9986876640419947
881_O-122	41.33333333333333	23.0	1.8542784046537342	0.6842165640536478	0.9926075268817204
882_O-122	25.25	20.0	1.8439582141725184	0.6826235736629476	0.9950177935943061
883_O-122	24.0	21.0	1.8271249074734859	0.6823076625244047	0.9953302201467645
884_O-122	21.0	18.0	1.8065642861003728	0.6791907220376028	0.9957203994293866
885_O-122	24.5	21.0	1.837308888969579	0.6845180409710008	0.9952893674293405
886_O-122	23.2	19.0	1.8048016934360613	0.6793484157986112	0.9954427083333334
887_O-122	17.5	17.0	1.7942048241544015	0.678746507907485	0.9980276134122288
888_O-122	14.75	14.0	1.7754260850315025	0.6810856084336784	0.9978917779339423
889_O-122	28.0	21.0	1.8646505866309406	0.686092791341955	0.994417306350314
88_O-122	20.5	18.0	1.800810178006475	0.6805927624097956	0.996617050067659
890_O-122	21.25	20.0	1.8539935557375296	0.6846272164681698	0.9966487935656837
891_O-122	20.75	20.0	1.8943169337866164	0.6863645781721543	0.9979865771812081
892_O-122	34.25	23.0	1.8583308625405197	0.6863519439194121	0.993581514762516
893_O-122	24.428571428571427	23.0	1.9030663450099665	0.6852952569704067	0.9966442953020134
894_O-122	37.75	24.0	1.8347121839465448	0.6807080866808315	0.9926715522984677
895_O-122	24.0	22.0	1.9399551791924208	0.6913862002809589	0.9964463397299218
896_O-122	25.666666666666668	21.0	1.8238069172025195	0.6822711363193694	0.994634473507713
897_O-122	27.0	20.0	1.8544931252243368	0.6857715553610496	0.9953364423717521
898_O-122	29.0	23.0	1.8919924940506434	0.6879726304486259	0.9936395759717315
899_O-122	24.0	21.0	1.8493243280690979	0.6860041616974817	0.9951151430565248
89_O-122	21.666666666666668	20.0	1.86175269401346	0.6875209941715261	0.9965776865160849
8_O-122	25.625	23.0	1.8574637210949416	0.6854101544823553	0.9953825857519789
900_O-122	27.0	23.0	1.8630381519120685	0.6839916876100834	0.9947229551451188
901_O-122	24.875	23.0	1.8832019257917954	0.6871153583335238	0.9960604070912672
902_O-122	20.857142857142858	20.0	1.884644805966989	0.688660382872562	0.9973562458691342
903_O-122	29.0	23.0	1.8526218571509872	0.6806722133742178	0.9942159383033419
904_O-122	27.666666666666668	23.0	1.9134916021820738	0.6902347533100439	0.9947124917382684
905_O-122	21.0	20.0	1.878526866938492	0.6867050257396391	0.9974160206718347
906_O-122	28.11111111111111	25.0	1.9038587465842103	0.6902042283436265	0.9947194719471947
907_O-122	21.666666666666668	20.0	1.8485684787195706	0.6845869657652194	0.9964862965565706
908_O-122	22.666666666666668	21.0	1.8649206723584046	0.6869311613038385	0.9958217270194986
909_O-122	17.2	17.0	1.8833713503225218	0.6867952502042345	0.9986291980808774
90_O-122	22.0	19.0	1.8064878257024322	0.6796545585672839	0.9958819492107069
910_O-122	25.6	20.0	1.7927673127311428	0.6790233929158126	0.9945541184479237
911_O-122	20.428571428571427	20.0	1.8731162451508145	0.687029938188659	0.9980327868852459
912_O-122	20.75	20.0	1.8752460843254852	0.6878784758353567	0.9973118279569892
913_O-122	20.1	20.0	1.8243092527780083	0.6816979620961059	0.9986403806934059
914_O-122	25.2	21.0	1.8389606371045435	0.6826718520604863	0.9951757408683667
915_O-122	19.5	17.0	1.8384420245740145	0.6863747272366594	0.9964788732394366
916_O-122	20.25	19.0	1.831920368216677	0.6836879959573271	0.9965493443754313
917_O-122	22.5	20.0	1.8695455613346987	0.6857549394683331	0.9965588437715073
918_O-122	21.0	20.0	1.8626932060207453	0.68613046875	0.9975
919_O-122	22.25	21.0	1.8920027164573818	0.6901769589293704	0.9966352624495289
91_O-122	19.428571428571427	18.0	1.813259733014892	0.683307668114946	0.9965870307167235
920_O-122	18.428571428571427	17.0	1.774166480258759	0.6803565396884969	0.9965753424657534
921_O-122	27.0	24.0	1.9160896178684763	0.6906503268385674	0.995385629531971
922_O-122	19.5	18.0	1.8329281686087786	0.683983898205087	0.9972183588317107
923_O-122	13.2	13.0	1.7597918194308713	0.679936279976209	0.9986403806934059
924_O-122	28.0	22.0	1.8407258560107724	0.6855329594855694	0.9938186813186813
925_O-122	26.333333333333332	24.0	1.8646102801886009	0.6825753326789924	0.9954780361757106
926_O-122	20.2	19.0	1.9169580341522736	0.6914844298172341	0.9971098265895953
927_O-122	18.375	18.0	1.8262530644608417	0.6845151855252866	0.997979797979798
928_O-122	19.857142857142858	19.0	1.882537732946873	0.6898901343100363	0.9973279893119572
929_O-122	10.0	10.0	1.7748401016792317	0.6813604821037254	0.9993243243243243
92_O-122	18.0	17.0	1.7715779961565903	0.677828975495828	0.9973208305425318
930_O-122	25.333333333333332	23.0	1.89117558716348	0.6880594240613114	0.9953208556149733
931_O-122	28.0	19.0	1.7949589438934586	0.6820248869618157	0.9938692098092643
932_O-122	21.0	18.0	1.830452946290645	0.6831753890736374	0.9958246346555324
933_O-122	26.5	22.0	1.7974588756601182	0.677625270830795	0.9937543372657877
934_O-122	18.666666666666668	18.0	1.785579161645016	0.6796209670034492	0.9972375690607734
935_O-122	22.428571428571427	21.0	1.8587506869060235	0.6850812161599333	0.9965986394557823
936_O-122	16.6	16.0	1.8312613955232708	0.6840188701985159	0.9979253112033195
937_O-122	42.6	27.0	1.9500011285229029	0.6945963817751871	0.9912868632707775
938_O-122	19.375	19.0	1.8672384608671586	0.6878683596376726	0.9979035639412998
939_O-122	21.0	19.0	1.8274336688247492	0.6818558367728796	0.9966239027683997
93_O-122	21.0	19.0	1.8254182498079334	0.6835679500520291	0.9967741935483871
940_O-122	19.333333333333332	19.0	1.8650851886071989	0.6875503856018923	0.9979770734996628
941_O-122	25.0	18.0	1.8422614558047299	0.685706832512263	0.9952477936184657
942_O-122	23.142857142857142	21.0	1.8712065710147923	0.6864920119524976	0.9956300072833212
943_O-122	20.375	20.0	1.9100530887290954	0.6916154538568126	0.9979716024340771
944_O-122	22.0	21.0	1.8992395182513075	0.6862749859273076	0.9973421926910299
945_O-122	25.25	20.0	1.893697255934544	0.689305919391491	0.9950842696629213
946_O-122	25.142857142857142	23.0	1.9075329439862687	0.6876362684172942	0.995965030262273
947_O-122	21.25	20.0	1.8635142611514992	0.6858010049623919	0.9965083798882681
948_O-122	20.5	18.0	1.8480398903999025	0.684567875183488	0.9967679379444085
949_O-122	20.75	17.0	1.7932096152970436	0.6821817168092553	0.9960886571056062
94_O-122	25.363636363636363	24.0	1.8947164603363786	0.6857330826332546	0.996044825313118
950_O-122	21.333333333333332	21.0	1.88281726945977	0.6876515704894084	0.9979729729729729
951_O-122	26.2	22.0	1.9065427353099433	0.6917493333333333	0.9953333333333333
952_O-122	30.0	23.0	1.8912070344422076	0.6851378061482136	0.9943820224719101
953_O-122	18.5	17.0	1.8386754087755812	0.6845690861898139	0.9971611071682044
954_O-122	23.75	20.0	1.8507097915243214	0.6822751423362154	0.9959866220735786
955_O-122	17.5	15.0	1.758873428872348	0.678968328433519	0.9967384213959556
956_O-122	25.0	18.0	1.7951190957494294	0.6796844841036581	0.9951823812801102
957_O-122	18.0	16.0	1.7886681076208473	0.6818937248985609	0.9967191601049868
958_O-122	22.75	22.0	1.9159016709576093	0.6912292427777591	0.9973527465254798
959_O-122	22.0	19.0	1.8732690030174048	0.6882294378112268	0.9960106382978723
95_O-122	17.142857142857142	17.0	1.848860634578759	0.686474943671974	0.9985935302390999
960_O-122	14.0	14.0	1.771036995410006	0.6774178187647816	0.99933598937583
961_O-122	20.428571428571427	19.0	1.8246031866798895	0.6828623032749486	0.9968213604577241
962_O-122	21.5	19.0	1.8305958929418864	0.6847480955678671	0.9967105263157895
963_O-122	20.11111111111111	19.0	1.7977013031316396	0.6809002404164287	0.9966510381781648
964_O-122	19.0	18.0	1.8052953806136078	0.6817678132586922	0.997275204359673
965_O-122	35.0	23.0	1.9071040273711655	0.6909397034406918	0.9939678284182306
966_O-122	21.0	19.0	1.8351256526882973	0.6846939503597393	0.9967511371020144
967_O-122	20.0	18.0	1.8670911854200682	0.6862631691811432	0.9965445749827229
968_O-122	22.0	22.0	1.9483218301260232	0.6923710182372882	0.9992912827781715
969_O-122	32.166666666666664	23.0	1.8509123160394534	0.6853538522076784	0.9925068119891008
96_O-122	38.0	20.0	1.8922330698674195	0.6913889261910388	0.9941329856584094
970_O-122	19.5	17.0	1.8096140890380592	0.6814231139264695	0.9964260185847034
971_O-122	28.0	22.0	1.8441046343869076	0.6857764863089373	0.9938524590163934
972_O-122	14.6	14.0	1.7540408914449714	0.673279708622744	0.997920997920998
973_O-122	31.6	26.0	1.9812534269555344	0.6962603878116344	0.9947368421052631
974_O-122	23.0	18.0	1.799777090423613	0.6789040040294099	0.9960343688037012
975_O-122	20.0	19.0	1.8699254990201486	0.6862634844074258	0.9973457199734572
976_O-122	23.5	21.0	1.8329989409058216	0.6812830332753939	0.9960343688037012
977_O-122	17.375	17.0	1.81674650352244	0.6837852754052554	0.998104864181933
978_O-122	19.666666666666668	18.0	1.8186489619297403	0.6835011946548459	0.9967083607636603
979_O-122	22.11111111111111	21.0	1.860672174409691	0.6858737271813445	0.9965373961218836
97_O-122	21.6	21.0	1.8212103548838137	0.680334217351362	0.9973562458691342
980_O-122	24.25	19.0	1.8428555012156262	0.6857229612453217	0.9952734638757597
981_O-122	28.0	21.0	1.8283626468302212	0.6817318240931118	0.9946091644204852
982_O-122	32.5	25.0	1.9215710410738434	0.6888437783691933	0.9930362116991643
983_O-122	19.0	17.0	1.825964277287449	0.6838076355450873	0.9974259974259975
984_O-122	22.0	21.0	1.9030697996266701	0.6883553299347726	0.9972432804962095
985_O-122	22.25	17.0	1.758939288315405	0.6760098251983419	0.9949238578680203
986_O-122	22.666666666666668	18.0	1.77298522299828	0.6790059553162743	0.9944016794961511
987_O-122	28.333333333333336	19.0	1.8486216359838732	0.6859635183049255	0.9947712418300654
988_O-122	17.0	15.0	1.7714310367851436	0.6796756393491735	0.9973172367538564
989_O-122	17.5	16.0	1.8014374525141303	0.6804787225742018	0.9972067039106145
98_O-122	17.375	17.0	1.791737905317928	0.6794323498496444	0.9979906229068989
990_O-122	30.0	18.0	1.809144280566742	0.6807396204715963	0.9934450109249818
991_O-122	27.6	22.0	1.8937593379119706	0.6888079291706048	0.9945652173913043
992_O-122	28.5	18.0	1.8423449592948646	0.6853320100229441	0.9951923076923077
993_O-122	31.0	22.0	1.8532732444250737	0.6843788539417482	0.9939718687206965
994_O-122	24.6	24.0	1.9130548175552131	0.6900815688799062	0.9972991222147198
995_O-122	20.75	17.0	1.799784930476808	0.6804209899447995	0.9956709956709957
996_O-122	31.5	24.0	1.8816121195707807	0.6878266744741228	0.9932885906040269
997_O-122	18.0	17.0	1.8181871377629382	0.6845324864639734	0.9974489795918368
998_O-122	18.2	17.0	1.8381869961114856	0.6836508746273056	0.9973063973063973
999_O-122	43.5	21.0	1.848867780469582	0.6846008558748944	0.9931318681318682
99_O-122	24.0	21.0	1.8731311762031078	0.6855724847940365	0.9951219512195122
9_O-122	21.5	19.0	1.9080311401676706	0.6923961972588013	0.9965846994535519
