	chao1	observed_otus	shannon	simpson	goods_coverage
1000_O-39	43.1	43.0	3.118600915403602	0.8563990335789611	0.9995704467353952
100_O-39	52.0	48.0	3.1809256700682176	0.8616657750181851	0.9982769760930433
101_O-39	46.25	45.0	3.1560904571681645	0.8618612759443932	0.9986882378662003
102_O-39	42.25	41.0	3.148322629022179	0.8611598234926473	0.9989075813851868
103_O-39	48.0	45.0	3.15377719886101	0.8611175347222222	0.9985416666666667
104_O-39	52.111111111111114	46.0	3.115099651180249	0.8579709293337834	0.9975577264653641
105_O-39	49.8	47.0	3.149380452808763	0.8606631261798974	0.9982532751091703
106_O-39	62.2	49.0	3.1545252002564017	0.8596852545045761	0.9974204643164231
107_O-39	53.5	49.0	3.1802599957856215	0.8603117976196409	0.9980154355016538
108_O-39	51.0	45.0	3.165878090979692	0.8612312595018328	0.9980013324450366
109_O-39	52.625	47.0	3.1425012277016013	0.8608373661377694	0.9978199258774798
10_O-39	46.333333333333336	44.0	3.148696218501101	0.8608779718713607	0.9984699453551913
110_O-39	52.0	47.0	3.1739757901983188	0.8620752162593432	0.9978835978835979
111_O-39	53.5	46.0	3.144710629785959	0.8599718823845004	0.9978298611111112
112_O-39	54.111111111111114	48.0	3.1673955568476524	0.8626551269261994	0.9975408003577018
113_O-39	50.5	47.0	3.1808024012067784	0.8629717651338981	0.9982261640798226
114_O-39	46.90909090909091	46.0	3.137916953072252	0.8600164471223907	0.9989256553502364
115_O-39	47.625	45.0	3.165224885352407	0.8632758416791895	0.9984975316591543
116_O-39	48.666666666666664	44.0	3.1424426732399953	0.8617962093759652	0.9982762335703512
117_O-39	50.0	46.0	3.192194282961416	0.8621458045492101	0.9982687729928587
118_O-39	48.875	47.0	3.1932565760773723	0.8624146051496637	0.9986856516976998
119_O-39	44.142857142857146	42.0	3.115298463545061	0.8590540030077911	0.9987182226020082
11_O-39	48.333333333333336	46.0	3.161662310202276	0.8621134894712082	0.9984564498346197
120_O-39	46.5	43.0	3.1452162552832643	0.8597329561813876	0.9984499557130204
121_O-39	47.142857142857146	45.0	3.183307784213074	0.8623199394069471	0.9986772486772487
122_O-39	47.5	44.0	3.145991225593286	0.8601871845913932	0.9982642655673682
123_O-39	51.42857142857143	45.0	3.1519961910241605	0.8619227322133445	0.9978165938864629
124_O-39	55.111111111111114	49.0	3.1304684367248394	0.8602327651962074	0.9976485677640017
125_O-39	46.5	44.0	3.190561032679375	0.8621017045608317	0.998658018340416
126_O-39	47.36363636363637	46.0	3.1597845028382534	0.8619944325707221	0.9987010175362633
127_O-39	52.0	49.0	3.178932561430211	0.862694972001121	0.9980044345898005
128_O-39	46.111111111111114	43.0	3.13003286146622	0.8614856203896546	0.998223011994669
129_O-39	52.0	46.0	3.1722624877581285	0.8615045566342596	0.9980707395498393
12_O-39	59.0	48.0	3.1842586037658447	0.8637561672801316	0.9973451327433628
130_O-39	44.42857142857143	43.0	3.1484866837726497	0.8611777353154971	0.9989054290718039
131_O-39	49.5	46.0	3.179943049304051	0.8622877735377721	0.9982996811902232
132_O-39	44.0	41.0	3.134478391882668	0.8593067253029822	0.9987091222030982
133_O-39	40.5	40.0	3.131103251790818	0.8603472102965521	0.9993640025439898
134_O-39	44.5	42.0	3.1543450059315177	0.8609909135802469	0.9986666666666667
135_O-39	43.142857142857146	41.0	3.130091181833688	0.8606635425153311	0.9986936642717178
136_O-39	54.42857142857143	48.0	3.1671786535629174	0.8604832935492022	0.9978517722878625
137_O-39	52.5	48.0	3.163945349621562	0.8610864755768597	0.9977973568281938
138_O-39	48.61538461538461	47.0	3.153530198160583	0.8614885793029221	0.9984557688065299
139_O-39	48.625	46.0	3.16903416437965	0.8607441516736384	0.9984775989560678
13_O-39	53.2	46.0	3.14020533574137	0.8605301961119061	0.9980781550288277
140_O-39	55.6	49.0	3.1785719640276966	0.8627442623412052	0.9974143503555268
141_O-39	50.5	47.0	3.1876791279548415	0.8627901173816429	0.9982405981966131
142_O-39	56.25	45.0	3.1398310060077073	0.8609006862313742	0.9978605049208387
143_O-39	42.333333333333336	40.0	3.109492346630326	0.8603262528296944	0.998468606431853
144_O-39	51.142857142857146	46.0	3.1535212826684758	0.8606662247305086	0.9980327868852459
145_O-39	45.5	42.0	3.1000367022573765	0.8581555758590123	0.9984347048300537
146_O-39	48.90909090909091	48.0	3.157128423455394	0.8609195944621248	0.9989198531000216
147_O-39	51.6	46.0	3.176977583417943	0.8602220049320306	0.9982769760930433
148_O-39	44.111111111111114	43.0	3.1425914600361287	0.861822734727224	0.9989168110918544
149_O-39	47.0	46.0	3.1249294433941546	0.8581555860831325	0.9989061474513236
14_O-39	47.90909090909091	46.0	3.118114009008671	0.8588814440964854	0.9985122210414453
150_O-39	45.42857142857143	44.0	3.156076095423746	0.8597398399710243	0.9988991633641567
151_O-39	53.857142857142854	46.0	3.1327662717132534	0.8597636405361904	0.9975620567375887
152_O-39	47.666666666666664	46.0	3.176064775119889	0.8624431676973232	0.9988962472406181
153_O-39	42.375	42.0	3.1192934647886816	0.858004781490007	0.9993596584845251
154_O-39	48.333333333333336	46.0	3.158615213446067	0.8617479823206727	0.9984825493171472
155_O-39	48.142857142857146	46.0	3.162639255102205	0.8600429341115235	0.9987463435018805
156_O-39	59.42857142857143	50.0	3.1919935917621918	0.863228157354679	0.9974511469838573
157_O-39	46.333333333333336	44.0	3.144901214231986	0.8604301009527382	0.9984506418769367
158_O-39	54.333333333333336	45.0	3.1499559818393577	0.8602358981093625	0.9982717649600346
159_O-39	45.36363636363637	44.0	3.154480387226767	0.8625336552665162	0.9986910994764397
15_O-39	57.0	48.0	3.173806564060167	0.8623878938648286	0.9977827050997783
160_O-39	46.875	45.0	3.1765291502573287	0.8628082278242286	0.998674618952949
161_O-39	63.0	50.0	3.164573745155203	0.8614273444631073	0.9969950633183087
162_O-39	48.666666666666664	44.0	3.1449256788577515	0.8602545081597575	0.998257460248312
163_O-39	57.111111111111114	51.0	3.181037570584434	0.8606629013079667	0.9976293103448276
164_O-39	52.625	47.0	3.134008441187812	0.8590683389514729	0.9977048427817305
165_O-39	49.0	43.0	3.1082389468498106	0.8587047076873738	0.998004876967413
166_O-39	47.90909090909091	46.0	3.151158890482731	0.8611360363135077	0.9984936518183775
167_O-39	48.625	43.0	3.0877184762428653	0.8566630705878648	0.9978089395267309
168_O-39	56.583333333333336	52.0	3.1414272481087733	0.8599170997364983	0.9976929530201343
169_O-39	68.5	51.0	3.1810740840023115	0.8615685444177948	0.9967433782023448
16_O-39	54.6	48.0	3.1508695201349104	0.8621322105766073	0.9973770491803279
170_O-39	50.5	46.0	3.0996803229427523	0.8577727048329545	0.9978791092258749
171_O-39	59.14285714285714	48.0	3.1378252117857834	0.8608965128907957	0.9971466198419666
172_O-39	49.36363636363637	48.0	3.1296460234166665	0.8581778065042077	0.9987204094689699
173_O-39	56.166666666666664	47.0	3.14359575010868	0.8603366109994055	0.9976530829955195
174_O-39	42.6	42.0	3.1478216242002643	0.8595105216085183	0.9990974729241877
175_O-39	47.36363636363637	46.0	3.1685269062776236	0.8623201471854547	0.9986984815618222
176_O-39	47.625	45.0	3.1511427291672054	0.8606417626896692	0.9984409799554566
177_O-39	57.857142857142854	50.0	3.1930301681174273	0.8630877527809846	0.997546285969217
178_O-39	47.54545454545455	47.0	3.140449951397367	0.8586860761578256	0.9991338241663058
179_O-39	45.142857142857146	43.0	3.12658902934688	0.8600006878982821	0.998682187568636
17_O-39	48.36363636363637	47.0	3.1381785914703384	0.8596676099820943	0.9986568166554735
180_O-39	47.666666666666664	43.0	3.141307099080667	0.8596426692646507	0.9981892258940697
181_O-39	44.3	44.0	3.192718992126166	0.862072609437425	0.999348109517601
182_O-39	49.111111111111114	46.0	3.1270602564088614	0.8596104763031925	0.9983090255759882
183_O-39	42.857142857142854	42.0	3.144024218303096	0.8615730749405293	0.9991394148020654
184_O-39	54.111111111111114	48.0	3.12889371367536	0.8595843100189036	0.9976086956521739
185_O-39	67.5	50.0	3.1288433441933425	0.8601601226590173	0.9967433782023448
186_O-39	50.625	45.0	3.1307946267382856	0.8602587981570434	0.9978476108480413
187_O-39	56.25	48.0	3.153738861665063	0.8626641671235022	0.9973451327433628
188_O-39	44.666666666666664	40.0	3.1147179562202494	0.8585384558100629	0.9982653946227233
189_O-39	49.5	46.0	3.1642937049069206	0.862290441058467	0.9982869379014989
18_O-39	53.5	48.0	3.1675349513904636	0.8611331793697679	0.9976040078414289
190_O-39	52.42857142857143	46.0	3.136656888145963	0.8604844331780862	0.9978055738424402
191_O-39	47.1	45.0	3.1478272088539545	0.8609753045316286	0.9984440986885975
192_O-39	47.6	44.0	3.1332416808525703	0.8607224604838023	0.9980443285528031
193_O-39	52.333333333333336	43.0	3.1217107280599037	0.8593860738613208	0.9982378854625551
194_O-39	46.5	44.0	3.1722319491783777	0.8619639270482047	0.9986795774647887
195_O-39	47.625	45.0	3.1297020406468867	0.8577114994292142	0.9984612002637943
196_O-39	41.42857142857143	40.0	3.0772328597039422	0.8567828624094882	0.9989272688264321
197_O-39	50.142857142857146	45.0	3.1708494736777295	0.8621839066840884	0.998016747465844
198_O-39	52.0	46.0	3.1378255894813765	0.8607050406293624	0.9980595084087969
199_O-39	42.333333333333336	42.0	3.159153405823411	0.8629246538987667	0.9993309545049064
19_O-39	55.166666666666664	46.0	3.114646766600326	0.8588140928335163	0.9976680093279627
1_O-39	46.625	44.0	3.1091171164114493	0.8580308215481347	0.9984900776531492
200_O-39	56.714285714285715	52.0	3.143440749346711	0.858656567873147	0.9973608972949197
201_O-39	59.14285714285714	48.0	3.130293423574675	0.8608296907230919	0.997134670487106
202_O-39	52.5	48.0	3.1718535464834146	0.8619831233722571	0.9979991107158738
203_O-39	43.625	41.0	3.1288078891389195	0.8602866022606162	0.9984544049459042
204_O-39	46.833333333333336	46.0	3.1574684478665196	0.8594429210597581	0.998903989478299
205_O-39	49.57142857142857	47.0	3.1240650687977167	0.8595862126156841	0.9980145598941098
206_O-39	42.833333333333336	42.0	3.1097371995610454	0.8580387151609647	0.9988758992805755
207_O-39	56.0	51.0	3.154479833448048	0.859493898021493	0.9979031243447264
208_O-39	45.333333333333336	43.0	3.151990291061366	0.8616951421052959	0.9984273197034375
209_O-39	53.111111111111114	50.0	3.2077910877285967	0.8637311671945309	0.9982851018220793
20_O-39	43.23076923076923	43.0	3.1101762212338606	0.8562257263873736	0.9993397887323944
210_O-39	55.0	46.0	3.1365865941418716	0.8614527636241225	0.9978773084270856
211_O-39	56.166666666666664	47.0	3.1197523885087963	0.8584946895822014	0.9976470588235294
212_O-39	56.25	48.0	3.1120022975036217	0.8578264033932352	0.997355663287792
213_O-39	52.0	40.0	3.137409482817587	0.8613926186763217	0.9980447534216815
214_O-39	42.90909090909091	41.0	3.086458403729783	0.8579823261760898	0.9984769364664926
215_O-39	56.857142857142854	49.0	3.174564271129825	0.8607569636811326	0.9975877192982456
216_O-39	53.0	49.0	3.160727290371475	0.8603727342459235	0.9980506822612085
217_O-39	55.23076923076923	51.0	3.1720256096488515	0.8629678240118395	0.9976076555023924
218_O-39	55.857142857142854	48.0	3.173366675498906	0.862570082125544	0.9975588104749223
219_O-39	47.333333333333336	45.0	3.1469662544506622	0.8604445174957995	0.9985042735042735
21_O-39	44.875	43.0	3.1560966515130358	0.8608699636124835	0.9986675549633578
220_O-39	43.875	42.0	3.133039542003781	0.8595434826734284	0.9987118935165307
221_O-39	48.15384615384615	47.0	3.146033384714999	0.8589935489635491	0.9986419194205522
222_O-39	59.25	51.0	3.1621738653490032	0.8610830598705663	0.9974451777730466
223_O-39	49.15384615384615	48.0	3.1465344243324513	0.8611763899248046	0.9987223168654173
224_O-39	53.111111111111114	47.0	3.124911133502736	0.8594283430987919	0.9976008724100327
225_O-39	65.125	52.0	3.1572969354059235	0.8600201771777344	0.9966718437985356
226_O-39	54.42857142857143	45.0	3.11837479355583	0.8605742531876921	0.9973178363880196
227_O-39	48.8	46.0	3.130971589381831	0.8608016653547459	0.9982769760930433
228_O-39	43.75	43.0	3.1204470048816013	0.8588901041666667	0.9991666666666666
229_O-39	48.666666666666664	47.0	3.1905965439293906	0.8612929440062954	0.998703823720026
22_O-39	52.0	48.0	3.156548899186882	0.8611039726920253	0.9980366492146597
230_O-39	44.0	43.0	3.1351598816926662	0.8589498880229329	0.9989071038251366
231_O-39	64.375	53.0	3.2068813790180104	0.8612356115823072	0.9969264544456641
232_O-39	43.75	43.0	3.151174645740444	0.8600811997159827	0.9991431019708654
233_O-39	45.0	44.0	3.134126620187902	0.860644131354144	0.9989087734613706
234_O-39	51.0	45.0	3.163947180859348	0.8612067431392132	0.9979852249832102
235_O-39	46.36363636363637	45.0	3.1547475065101325	0.8603534579351066	0.998719590268886
236_O-39	50.75	47.0	3.1203062962545127	0.8583455609443742	0.9977978418850474
237_O-39	45.0	44.0	3.1551036614564123	0.861763099756248	0.9989256553502364
238_O-39	55.333333333333336	48.0	3.1184657701925493	0.8593073317542655	0.9974413646055437
239_O-39	51.0	48.0	3.109718328541331	0.8581587078399444	0.9980536332179931
23_O-39	45.142857142857146	43.0	3.1465198080777808	0.860835386851224	0.9987298899237934
240_O-39	43.42857142857143	42.0	3.166721897803828	0.862603835820124	0.9989413508363328
241_O-39	48.0	47.0	3.182445743832013	0.8614234207489622	0.9989059080962801
242_O-39	46.2	42.0	3.1043905777637333	0.8584440888963327	0.9984625521634087
243_O-39	44.5	42.0	3.1355173494504447	0.8595355318142945	0.9989068648885002
244_O-39	47.42857142857143	46.0	3.17650524979664	0.861238165037927	0.9988883948421521
245_O-39	54.0	50.0	3.184621643985545	0.8629263533607391	0.9982713915298185
246_O-39	45.875	44.0	3.16853213119258	0.8603723534292306	0.9986990459670425
247_O-39	49.54545454545455	47.0	3.170839612062629	0.8637280658328377	0.998274374460742
248_O-39	50.5	46.0	3.133326014784788	0.8598686421533606	0.9978466838931955
249_O-39	43.5	40.0	3.1145144337481745	0.8595532900328248	0.9984601847778266
24_O-39	47.8	45.0	3.168342419153064	0.8618728802944464	0.9982078853046595
250_O-39	45.27272727272727	45.0	3.154085445265332	0.860752678883984	0.999360341151386
251_O-39	45.2	41.0	3.149343044896055	0.861609815490723	0.9984416740872663
252_O-39	48.8	46.0	3.1713568549167968	0.8621326586575019	0.9982409850483729
253_O-39	44.07142857142857	44.0	3.1396684794702105	0.860603127625964	0.9995597622716267
254_O-39	50.666666666666664	46.0	3.1696488080730507	0.861798115308559	0.9982747466034074
255_O-39	44.2	43.0	3.181893195482255	0.86233492291585	0.9991485738612176
256_O-39	40.42857142857143	40.0	3.127521451610361	0.859744287916054	0.9993423936869794
257_O-39	48.0	45.0	3.1305839795644643	0.8587061658819026	0.9984388938447815
258_O-39	50.111111111111114	47.0	3.159755716229663	0.8616863342290916	0.9982190560997328
259_O-39	62.6	47.0	3.1108126337988895	0.8588883813249539	0.9971200708905626
25_O-39	52.0	41.0	3.0625504373185843	0.8573173306668203	0.9976704786107582
260_O-39	47.1	45.0	3.15461534835341	0.8597589607507596	0.998477267783337
261_O-39	53.0	44.0	3.147259190809664	0.8613631751771176	0.9980336464933363
262_O-39	44.2	40.0	3.141356564858521	0.862664742330122	0.9984984984984985
263_O-39	47.1	45.0	3.135878595332094	0.8582463900255229	0.9984458259325044
264_O-39	44.5	43.0	3.1053230601301136	0.858191148047698	0.9986798679867986
265_O-39	55.25	44.0	3.131299584686997	0.8580922194595608	0.9978595890410958
266_O-39	53.0	44.0	3.179737766383426	0.8630285805868909	0.9980494148244473
267_O-39	41.857142857142854	41.0	3.1547667708155163	0.860967126669995	0.9991206858650252
268_O-39	46.90909090909091	45.0	3.156874172887823	0.8610371931022671	0.9984544049459042
269_O-39	51.0	47.0	3.157049571566391	0.861143466758537	0.9982653946227233
26_O-39	47.2	43.0	3.131581461586324	0.8588885527304702	0.9984841922910351
270_O-39	62.666666666666664	51.0	3.1550065835294743	0.861244778045031	0.9967525438406581
271_O-39	50.0	46.0	3.0933184842829773	0.85659723870844	0.9980515263043949
272_O-39	60.0	47.0	3.110317551527691	0.8595023588516154	0.9969278033794163
273_O-39	44.666666666666664	43.0	3.1564134587176764	0.861636246729669	0.9986888111888111
274_O-39	46.333333333333336	44.0	3.104540940157969	0.8568730524972481	0.9984984984984985
275_O-39	57.0	46.0	3.1360553939165743	0.8597821438090639	0.9973112256329822
276_O-39	46.0	45.0	3.1677697026679903	0.8619819625858407	0.9989097252507632
277_O-39	45.666666666666664	41.0	3.092715459094824	0.8586372978791484	0.9982661465106198
278_O-39	47.0	40.0	3.1127945789893268	0.8583030599447086	0.998237108858528
279_O-39	48.0	45.0	3.104165956999727	0.8580660932089558	0.9984997856836691
27_O-39	37.6	37.0	3.0984078835774502	0.8581617536545902	0.9993275050437121
280_O-39	49.625	44.0	3.117787303113723	0.8585120841197484	0.9977851605758582
281_O-39	54.625	49.0	3.184136425513937	0.8615283693621963	0.9978373702422145
282_O-39	47.333333333333336	45.0	3.1451516082936353	0.8605996298316767	0.9984482376413212
283_O-39	51.0	47.0	3.1040909383853657	0.8575943641945825	0.9981008651614265
284_O-39	48.714285714285715	48.0	3.1430704698844094	0.8593630883635708	0.9988962472406181
285_O-39	46.714285714285715	46.0	3.17391670023568	0.8616356659902346	0.9989144594007816
286_O-39	50.0	45.0	3.1162852966136048	0.8596997089982159	0.9977380683103371
287_O-39	54.0	49.0	3.1892798540290492	0.8634784619348728	0.9978113372729263
288_O-39	52.0	46.0	3.1749504459143005	0.8622920346344553	0.9980154355016538
289_O-39	64.0	51.0	3.195474875187736	0.862927855579735	0.9969405594405595
28_O-39	36.333333333333336	36.0	3.0774718073716256	0.8553887547580027	0.9995718261614215
290_O-39	46.90909090909091	45.0	3.1438114599464964	0.8596627860848203	0.9984975316591543
291_O-39	48.0	41.0	3.110282697461587	0.8593772435150964	0.9983161439696906
292_O-39	54.333333333333336	47.0	3.1338970230427443	0.8602418772378255	0.9974337040205303
293_O-39	57.25	46.0	3.149250861545432	0.8614749382307985	0.9978251413658112
294_O-39	49.27272727272727	46.0	3.0925898872605906	0.8559315070891369	0.997992863514719
295_O-39	40.75	40.0	3.1321612733329514	0.8592454510003339	0.9991175821751599
296_O-39	50.625	48.0	3.1937829324487277	0.8630840696004549	0.9985182049110923
297_O-39	53.76923076923077	51.0	3.146825429298831	0.8594560080628505	0.9980544747081712
298_O-39	42.76923076923077	42.0	3.116932553069593	0.8588530717931991	0.998906625847365
299_O-39	55.25	47.0	3.1322124639086173	0.8600695681559913	0.9974265494316963
29_O-39	49.5	46.0	3.1480750342031927	0.8610856468042241	0.9982620030414947
2_O-39	44.42857142857143	43.0	3.146729589703673	0.8600040879642439	0.9989238054240207
300_O-39	49.0	46.0	3.1538807079530526	0.8601718018681062	0.9985096870342772
301_O-39	44.0	41.0	3.0798798697273395	0.8559535467831046	0.9986916703009159
302_O-39	53.111111111111114	47.0	3.145705281123424	0.8615195424646194	0.9976399914181506
303_O-39	65.125	52.0	3.138241072455536	0.8593499707531834	0.9967776584317938
304_O-39	51.625	46.0	3.142057683812809	0.8598611237727695	0.9978232477144101
305_O-39	48.90909090909091	47.0	3.1779468737313636	0.86344499344362	0.9984177215189873
306_O-39	49.0	45.0	3.1620268915612275	0.8613298716938255	0.9982616253802694
307_O-39	54.0	50.0	3.172185105641209	0.8607181164359694	0.9980443285528031
308_O-39	46.5	43.0	3.1763827696042366	0.8619996073897037	0.9985266259734793
309_O-39	48.8	46.0	3.144575828999119	0.8607828778816442	0.9982190560997328
30_O-39	74.25	48.0	3.1270480867802055	0.8586600573661489	0.9967384213959556
310_O-39	49.111111111111114	46.0	3.15735515685404	0.861164484915712	0.9982409850483729
311_O-39	46.666666666666664	45.0	3.1855052226226337	0.861463989433465	0.9989431409849926
312_O-39	45.5	44.0	3.1432034815941035	0.8592772180021948	0.9986728599867286
313_O-39	42.666666666666664	41.0	3.111213041345621	0.8579339595339567	0.9986684420772304
314_O-39	57.6	51.0	3.158034528395704	0.8594041598853822	0.9973986559722523
315_O-39	56.857142857142854	49.0	3.1915780010259973	0.8621134466518581	0.9976149176062445
316_O-39	54.625	49.0	3.1793143987715413	0.8639945057664487	0.9977939554378998
317_O-39	50.0	46.0	3.126952865407129	0.8598816704758644	0.9980472987632892
318_O-39	60.75	47.0	3.151370873111526	0.8599187567198296	0.9976655348047538
319_O-39	59.2	46.0	3.1507550583882464	0.8608818637390361	0.9973753280839895
31_O-39	50.0	44.0	3.1357078973255685	0.8602824626977328	0.9979950991312097
320_O-39	47.6	42.0	3.1231065347259364	0.8598553152761883	0.9982612475548793
321_O-39	51.0	47.0	3.2111329489198908	0.8644453448455629	0.9982631350412505
322_O-39	49.1	47.0	3.168281574341131	0.8611223188254894	0.9985119047619048
323_O-39	49.142857142857146	44.0	3.118507263386683	0.8598086073782026	0.9979942054825051
324_O-39	59.0	48.0	3.1462473064196863	0.8618692066370375	0.9974506054811982
325_O-39	48.0	44.0	3.1073078971568595	0.8580208834061346	0.9982567008062759
326_O-39	47.6	42.0	3.151909132190016	0.8612411837725268	0.9982245894363071
327_O-39	52.42857142857143	46.0	3.1346359902417054	0.8595810071603829	0.9978709814775388
328_O-39	41.666666666666664	40.0	3.107210907276765	0.858880582492014	0.9989106753812637
329_O-39	41.666666666666664	41.0	3.1686362065576517	0.8630265868991165	0.9991273996509599
32_O-39	79.0	46.0	3.1498856507547903	0.860543405904926	0.9973451327433628
330_O-39	43.0	41.0	3.131401952582599	0.8594891043106315	0.9989120974760661
331_O-39	55.75	42.0	3.1183098997754874	0.8593174673858834	0.9976149176062445
332_O-39	43.857142857142854	43.0	3.1659371159619885	0.8613842253928219	0.9991355089690944
333_O-39	43.0	43.0	3.1932971410472493	0.8622351060639178	0.9997811337272926
334_O-39	45.666666666666664	44.0	3.151719430568692	0.8613082942391576	0.9986984815618222
335_O-39	55.0	44.0	3.107178489432946	0.8581909373239159	0.997585601404741
336_O-39	50.625	45.0	3.1622357287150056	0.8611453857507303	0.997845756139595
337_O-39	58.14285714285714	47.0	3.148263369479727	0.8616089012826348	0.9971652856519843
338_O-39	56.25	45.0	3.1233822270706515	0.8579583865679828	0.9978218253103899
339_O-39	52.857142857142854	45.0	3.139838427619823	0.8601950469559809	0.9975363941769317
33_O-39	58.0	52.0	3.1286040002259994	0.8581563130361095	0.9972251867662754
340_O-39	49.5	45.0	3.118792560767363	0.8577809031435674	0.9979973297730307
341_O-39	49.75	46.0	3.1246959655950315	0.8605394680748418	0.99782466826191
342_O-39	50.0	46.0	3.127719433001919	0.8601359701942743	0.9982653946227233
343_O-39	51.0	46.0	3.1417610596544354	0.8599049864804331	0.9978438982319966
344_O-39	47.54545454545455	45.0	3.1540426367667105	0.8625975388397049	0.9982589771490751
345_O-39	50.0	46.0	3.135834784152913	0.8605950221407497	0.9982490698183409
346_O-39	55.23076923076923	51.0	3.1798178958888714	0.8622416909350518	0.9975845410628019
347_O-39	45.333333333333336	43.0	3.1354000271037483	0.8603386672680632	0.998493327593629
348_O-39	43.6	43.0	3.1113504481951417	0.8576854495799234	0.9991181657848325
349_O-39	44.333333333333336	42.0	3.1072484255630783	0.855516172026551	0.9984665936473165
34_O-39	45.0	42.0	3.1387766546090976	0.8593086144101572	0.9984502988709321
350_O-39	45.833333333333336	45.0	3.1528442217826056	0.860232967379515	0.9989063867016623
351_O-39	45.5	45.0	3.1479509247712687	0.8606540162029854	0.9991336365605371
352_O-39	51.5	48.0	3.1858071525613085	0.8624247006479739	0.9982513661202186
353_O-39	72.0	52.0	3.1397134057733984	0.858766477215596	0.9964989059080963
354_O-39	55.0	43.0	3.1177064104556806	0.8601085489793712	0.9979995554567682
355_O-39	48.333333333333336	46.0	3.1544174072749276	0.8604757883813066	0.9984835355285961
356_O-39	45.4	45.0	3.1735695306918887	0.8640140155566189	0.9991388589881594
357_O-39	55.0	50.0	3.1477672802829546	0.8593563052789202	0.9978646166986974
358_O-39	43.5	43.0	3.1500782065239274	0.8603401502205983	0.9993452640768223
359_O-39	52.857142857142854	45.0	3.1220728956871913	0.8616741757037151	0.997547926883638
35_O-39	56.5	49.0	3.1414568670500307	0.8604336448994301	0.9978718876356671
360_O-39	44.0	43.0	3.178101751718237	0.862549716817528	0.9991529013130029
361_O-39	72.0	48.0	3.111857916514444	0.8584432597249213	0.996529284164859
362_O-39	55.0	44.0	3.0954256048215685	0.8554495499517193	0.9976565828717512
363_O-39	53.0	47.0	3.192141473872545	0.8642749587006417	0.9980132450331126
364_O-39	46.0	43.0	3.1247717636128383	0.8603868078658375	0.9984939759036144
365_O-39	48.111111111111114	45.0	3.141110765421299	0.858248484327428	0.9982134881643591
366_O-39	55.0	50.0	3.1653253840417754	0.860407417573969	0.9978655282817502
367_O-39	51.1	49.0	3.2133565211623534	0.8649991771994264	0.9984858317110101
368_O-39	50.5	47.0	3.1727863462294836	0.8611209209331228	0.9982467674775367
369_O-39	57.42857142857143	48.0	3.1340906634272083	0.8600446662505259	0.9973585736297601
36_O-39	43.0	42.0	3.123728356000626	0.858792825735391	0.9989097252507632
370_O-39	52.2	45.0	3.1486025743031085	0.8603711902862332	0.9979892761394102
371_O-39	46.666666666666664	45.0	3.1273394301848287	0.8595044286594324	0.9986663703045121
372_O-39	42.125	42.0	3.172353822068443	0.8624842721421758	0.9995627459554001
373_O-39	42.666666666666664	42.0	3.1265734459559256	0.8604873337700953	0.999117387466902
374_O-39	47.6	42.0	3.0956683631689312	0.8583525280267124	0.9982710179381888
375_O-39	46.625	44.0	3.147706151096416	0.8607587587450393	0.9984729493891797
376_O-39	48.0	44.0	3.1498020283107406	0.8596508972064184	0.9982616253802694
377_O-39	48.333333333333336	46.0	3.1541320319115163	0.8605882758409262	0.9984533804684048
378_O-39	49.0	43.0	3.108217368899227	0.8580670392775469	0.9980536332179931
379_O-39	48.5	45.0	3.1202845395938397	0.8582686899670252	0.9982018431108114
37_O-39	68.0	46.0	3.1346482174910055	0.8603296161341447	0.9973741794310722
380_O-39	53.0	50.0	3.1161003951655672	0.8581888131125162	0.9980703259005146
381_O-39	50.0	45.0	3.1644208029341088	0.8603073096618625	0.9978513107004727
382_O-39	42.75	42.0	3.1391624293630054	0.8602068993602554	0.9991254919108001
383_O-39	44.0	41.0	3.1215972208439817	0.859014207163385	0.9986859395532195
384_O-39	47.666666666666664	46.0	3.1659707963522385	0.8611255404799101	0.9986622073578595
385_O-39	45.42857142857143	44.0	3.148416972565586	0.8590819953585855	0.9989099629387399
386_O-39	43.142857142857146	41.0	3.126566298705264	0.8605147562880823	0.9987135506003431
387_O-39	51.5	47.0	3.1504306870820837	0.8611929350299059	0.9978251413658112
388_O-39	49.666666666666664	45.0	3.142214912962691	0.8608624975097473	0.9982620030414947
389_O-39	52.27272727272727	49.0	3.1732525346824954	0.8617417606523099	0.998108448928121
38_O-39	57.42857142857143	48.0	3.169443491123423	0.8614336463818968	0.9973730297723292
390_O-39	52.6	49.0	3.1619111284547428	0.8626570470574633	0.9980645161290322
391_O-39	44.142857142857146	42.0	3.137233643849553	0.8603747787805556	0.9987099548484197
392_O-39	48.0	44.0	3.159411167637416	0.8628605695661454	0.9982996811902232
393_O-39	47.625	45.0	3.1478167272289515	0.8605533433364112	0.9984649122807018
394_O-39	55.142857142857146	50.0	3.1944863722044077	0.8605334965110502	0.9980822501598124
395_O-39	52.875	46.0	3.123564053520774	0.8572746559584451	0.9975797579757976
396_O-39	44.142857142857146	42.0	3.1592551788413212	0.8614588778460543	0.9986743261157756
397_O-39	41.666666666666664	41.0	3.1590866859370363	0.8615094867419144	0.9991358824800173
398_O-39	49.142857142857146	44.0	3.1326140565464757	0.8620543068864854	0.9980276134122288
399_O-39	53.857142857142854	46.0	3.1470903606059597	0.8606854820632773	0.9975517471622524
39_O-39	48.0	44.0	3.1296716779287026	0.8590488822067619	0.9980306345733042
3_O-39	44.666666666666664	44.0	3.1531062200966495	0.8601246470270514	0.9991168028262309
400_O-39	49.625	44.0	3.096800357784466	0.8582020281141928	0.9977861412441886
401_O-39	52.0	47.0	3.157549245866657	0.8628772908818932	0.9978471474703983
402_O-39	48.875	47.0	3.2009039914867583	0.8635081654998893	0.9987201365187713
403_O-39	50.142857142857146	45.0	3.140689839817162	0.8605028034589318	0.9980624327233585
404_O-39	54.625	49.0	3.191644398847536	0.8632167147014715	0.9978387724227361
405_O-39	44.42857142857143	44.0	3.1035579098751715	0.8577704765649175	0.9991377452037077
406_O-39	51.666666666666664	47.0	3.1351157105654868	0.8588735790453197	0.99822695035461
407_O-39	54.166666666666664	45.0	3.162642751405344	0.8630689394869501	0.997574421168688
408_O-39	49.0	45.0	3.115062938380382	0.8586362593775299	0.9980980557903635
409_O-39	52.5	45.0	3.1447413923008254	0.8600295714054778	0.9978156400174749
40_O-39	45.333333333333336	43.0	3.143211528973051	0.8593383926782472	0.9984775989560678
410_O-39	55.25	44.0	3.1587637173643612	0.8617464675839894	0.9978146853146853
411_O-39	45.25	45.0	3.170970192122572	0.8622826393664825	0.9993509303331891
412_O-39	45.666666666666664	44.0	3.189749181752072	0.8627374553224685	0.9989447024060785
413_O-39	52.0	46.0	3.134517195926527	0.8605827394538067	0.9980206729711898
414_O-39	48.0	44.0	3.127699765282579	0.8591687904361597	0.9980611805256355
415_O-39	49.5	46.0	3.1288564436402	0.8588971346114203	0.9982683982683983
416_O-39	47.36363636363637	46.0	3.146571278427533	0.8608129711883764	0.9987085665088248
417_O-39	51.25	46.0	3.179969923391765	0.8631365850035544	0.9984799131378936
418_O-39	46.36363636363637	45.0	3.1280594945862252	0.8582443300870363	0.9986795774647887
419_O-39	47.54545454545455	45.0	3.1217148463667677	0.8575586537943494	0.9981826442526125
41_O-39	46.15384615384615	45.0	3.1440546145438466	0.8588846261160714	0.9986607142857142
420_O-39	55.5	50.0	3.203269023616953	0.8634240169619811	0.997605051164816
421_O-39	60.111111111111114	50.0	3.145576460438811	0.8596755670399081	0.9969853574504737
422_O-39	55.142857142857146	50.0	3.2176589502768085	0.8649473289732211	0.9980237154150198
423_O-39	44.666666666666664	43.0	3.1457684126327123	0.8617431908704725	0.9987242185838826
424_O-39	48.90909090909091	47.0	3.1618346742879773	0.8623515053399213	0.9984736153510685
425_O-39	44.90909090909091	44.0	3.127421692488749	0.8588053457045355	0.9989037491778119
426_O-39	58.75	49.0	3.1685504537285647	0.862351192681343	0.997286012526096
427_O-39	52.5	48.0	3.1821220215571637	0.8616157426458413	0.9980793854033291
428_O-39	45.0	44.0	3.1551342469028354	0.8605030411336184	0.9989184512221502
429_O-39	52.0	49.0	3.1493069765669834	0.8574264287625236	0.9980163103372273
42_O-39	48.1	46.0	3.1338149279883414	0.8587186263453022	0.9985182049110923
430_O-39	46.666666666666664	45.0	3.153656802854751	0.8600287797058693	0.9986990459670425
431_O-39	49.5	48.0	3.1893142400184007	0.8633412282274519	0.9987239472564866
432_O-39	42.5	42.0	3.1795979795340323	0.8621194002212378	0.9993377483443708
433_O-39	53.5	46.0	3.1607556908922496	0.8603377546219111	0.9978406391708055
434_O-39	50.666666666666664	46.0	3.1733686012941353	0.8622372934541788	0.9982002249718785
435_O-39	53.142857142857146	48.0	3.1776629266352803	0.861070400268265	0.998062015503876
436_O-39	54.09090909090909	50.0	3.1616995969617365	0.8618195298765625	0.9978279756733276
437_O-39	51.142857142857146	46.0	3.130147122148343	0.8597378492865636	0.9980603448275862
438_O-39	60.75	51.0	3.150651069021692	0.8602223825125923	0.9971590909090909
439_O-39	40.75	40.0	3.1401893959826563	0.8593326660075897	0.9991101223581758
43_O-39	50.76923076923077	48.0	3.114358555085277	0.8570437880089922	0.9980289093298291
440_O-39	48.15384615384615	47.0	3.1648118869890705	0.861386892622352	0.9987027027027027
441_O-39	51.0	46.0	3.1570824643983113	0.8600487343677307	0.9977944419938244
442_O-39	44.5	41.0	3.137403598594458	0.860775635620436	0.9984119782214156
443_O-39	46.0	45.0	3.1202165931429526	0.8597021748276643	0.9989279588336192
444_O-39	54.25	43.0	3.1264443036205254	0.8604125465625293	0.9978406391708055
445_O-39	47.333333333333336	45.0	3.141111399143675	0.8611190834364397	0.9984578100903283
446_O-39	44.666666666666664	43.0	3.163970630730017	0.8600562478902736	0.9986876640419947
447_O-39	49.0	46.0	3.144757207518182	0.8598682397030306	0.99852258336851
448_O-39	53.5	46.0	3.1571037943135747	0.8623292882656224	0.9978293900586065
449_O-39	52.0	47.0	3.0969359901189324	0.8567820861685008	0.9978031634446397
44_O-39	43.0	41.0	3.1217618087617702	0.8585007014891637	0.9989163415691374
450_O-39	44.90909090909091	43.0	3.1018253021366493	0.858644508726558	0.9984887737478411
451_O-39	50.0	46.0	3.1646055228142473	0.8614069588776878	0.9982118909253465
452_O-39	54.0	45.0	3.1583861784894482	0.8613699379707619	0.9978060552874067
453_O-39	45.5	43.0	3.1686822608396947	0.8630460517378564	0.9986784140969163
454_O-39	44.875	43.0	3.1744941601380035	0.8623317253880817	0.9986916703009159
455_O-39	42.75	42.0	3.1738884317012825	0.861936902247362	0.9991262560069899
456_O-39	53.27272727272727	50.0	3.154223729709726	0.8573931350424024	0.9980383609415867
457_O-39	51.111111111111114	45.0	3.1475092089465098	0.8605830198480551	0.9976236768200475
458_O-39	46.0	45.0	3.183558594518742	0.8622104955826023	0.9989042296734605
459_O-39	47.0	43.0	3.111062375321187	0.8589101203113942	0.9983014861995754
45_O-39	46.625	44.0	3.149091349606284	0.8601081676610001	0.9985147464460005
460_O-39	44.90909090909091	44.0	3.1598435571288044	0.8615370898411044	0.9988945390227725
461_O-39	45.0	42.0	3.099688509843426	0.858546661401866	0.9984858317110101
462_O-39	50.0	46.0	3.149397227005671	0.8583498223235714	0.9982249833592189
463_O-39	51.0	47.0	3.121853597476986	0.8592988453697985	0.9979874776386404
464_O-39	53.09090909090909	49.0	3.108290191437615	0.8571607318012836	0.9978646166986974
465_O-39	53.27272727272727	50.0	3.1535902585216053	0.8622328076844568	0.9980409229429691
466_O-39	51.2	44.0	3.1385903844199157	0.8596324259427571	0.9980232813529542
467_O-39	45.666666666666664	44.0	3.156783415730728	0.8601646153595066	0.9986987638256344
468_O-39	53.27272727272727	50.0	3.15641688929666	0.8626034176702786	0.9980280455740579
469_O-39	47.666666666666664	46.0	3.1671521649181953	0.861205271047307	0.9987091222030982
46_O-39	52.333333333333336	50.0	3.1867633280104117	0.8606161590247655	0.9984910541064884
470_O-39	59.42857142857143	50.0	3.136924713638459	0.8578369909484976	0.9973736047275115
471_O-39	43.6	43.0	3.1349472216340803	0.8599028335193071	0.9991419991419992
472_O-39	51.42857142857143	45.0	3.1242282899440363	0.8592803260498345	0.997733967822343
473_O-39	47.333333333333336	45.0	3.1217765195209997	0.8614762707757618	0.998262380538662
474_O-39	51.0	47.0	3.16095544444339	0.8600193729412922	0.9980375054513737
475_O-39	47.8	45.0	3.134818513789363	0.8607918409844851	0.998291693358958
476_O-39	55.75	52.0	3.1877586581855986	0.8624823441882421	0.997807978956598
477_O-39	50.09090909090909	46.0	3.159934547742788	0.8608604770908665	0.9978050921861282
478_O-39	39.666666666666664	39.0	3.132954573548369	0.8600001752613676	0.9991476667376944
479_O-39	39.375	39.0	3.12493468534995	0.8589145470867112	0.9993488170175819
47_O-39	48.8	46.0	3.1704647262769896	0.8608323384280452	0.9982257706808605
480_O-39	46.2	42.0	3.1345320378815917	0.8587275066605253	0.9984997856836691
481_O-39	43.875	42.0	3.1487065696667056	0.8633185656157452	0.998693095186234
482_O-39	41.42857142857143	41.0	3.1574169572754363	0.8613249196735728	0.9993541442411195
483_O-39	49.27272727272727	46.0	3.1122438439097104	0.8579018638247249	0.9979879275653923
484_O-39	53.0	44.0	3.172310542964241	0.8618910943827078	0.9979489516864175
485_O-39	42.25	41.0	3.086545433863229	0.8578426372442899	0.9989144594007816
486_O-39	46.0	43.0	3.128203046393425	0.8610213849385285	0.9984318996415771
487_O-39	42.857142857142854	42.0	3.1693980620688897	0.8620650736992596	0.9991166077738516
488_O-39	48.2	44.0	3.148001862497461	0.859234935765989	0.9984994640943194
489_O-39	42.0	41.0	3.112632786579333	0.8582144253265599	0.9989170457006714
48_O-39	54.625	49.0	3.156309871986126	0.8609485182373422	0.9977885891198585
490_O-39	44.5	41.0	3.148097195630023	0.8600879595812028	0.9984234234234234
491_O-39	52.25	41.0	3.136103354434721	0.8606722063300394	0.9978208760078449
492_O-39	52.0	48.0	3.1490350142387515	0.8605523629489603	0.9980434782608696
493_O-39	42.666666666666664	42.0	3.148756394022131	0.862198376489176	0.9991368148467846
494_O-39	57.0	52.0	3.1789082409734886	0.8608225033129923	0.9976133651551312
495_O-39	43.2	39.0	3.143837055253036	0.8624061109881562	0.9984072810011376
496_O-39	45.142857142857146	43.0	3.1555531962926957	0.8623907186538982	0.9986648865153538
497_O-39	52.5	48.0	3.144369827058077	0.8607492441949899	0.9977713394250056
498_O-39	47.333333333333336	45.0	3.121789991403572	0.8592977015907816	0.9982528936449007
499_O-39	52.42857142857143	43.0	3.0854247993175323	0.8581045801686148	0.9973614775725593
49_O-39	49.0	45.0	3.126413965543605	0.8599549137913898	0.9979861266502573
4_O-39	47.666666666666664	43.0	3.0800198476654295	0.8568845160315243	0.99828141783029
500_O-39	48.25	47.0	3.154720299926732	0.8605626907597829	0.9987306960016924
501_O-39	45.5	45.0	3.143316265427789	0.8602928648815608	0.9991313789359392
502_O-39	42.142857142857146	40.0	3.095464899173978	0.8577173775419225	0.998658018340416
503_O-39	50.0	44.0	3.155764659014732	0.8619411825667311	0.998003992015968
504_O-39	47.5	43.0	3.1359375500828373	0.8607399569617472	0.99801893022232
505_O-39	51.0	42.0	3.1470606451158467	0.8610339278310231	0.9980569948186528
506_O-39	60.14285714285714	49.0	3.194009281705606	0.8621834836262265	0.9971566054243219
507_O-39	57.09090909090909	50.0	3.1398003967516663	0.8593478225914699	0.9972826086956522
508_O-39	45.666666666666664	44.0	3.1460989573545386	0.8602761714085897	0.9988994056790667
509_O-39	53.142857142857146	48.0	3.1746540388605493	0.8620648947527341	0.998062015503876
50_O-39	41.42857142857143	41.0	3.1478873549114046	0.8597533666682631	0.9993512110726643
510_O-39	49.6	44.0	3.177158464807173	0.8624568703556634	0.9982162764771461
511_O-39	52.5	48.0	3.1798862337372955	0.8623433680103281	0.9980665950590762
512_O-39	58.333333333333336	51.0	3.1824514836527973	0.862671948162913	0.9973597359735974
513_O-39	45.46153846153846	45.0	3.1167226837438338	0.859080297593739	0.999118554429264
514_O-39	48.6	45.0	3.1055349931707994	0.8577194215443668	0.9979770734996628
515_O-39	52.0	47.0	3.1286894690750313	0.8591803319390874	0.9978232477144101
516_O-39	63.0	50.0	3.186087422807683	0.8629992836571496	0.9969094922737307
517_O-39	45.0	42.0	3.1590414304435965	0.8617603630473644	0.9987129987129987
518_O-39	58.2	45.0	3.125098629239164	0.860828984504301	0.997364953886693
519_O-39	51.0	47.0	3.1642030423534324	0.8613310965192889	0.998022412656559
51_O-39	47.625	42.0	3.1034408773780227	0.8587061009767308	0.9978813559322034
520_O-39	53.0	49.0	3.1711338990260747	0.8580171021362604	0.9979964381121995
521_O-39	49.5	46.0	3.1326151618032116	0.8583758852585571	0.9982747466034074
522_O-39	55.857142857142854	48.0	3.1491401489345514	0.8606136175381108	0.9975652943780434
523_O-39	51.5	46.0	3.178540187395997	0.8641759919777852	0.9976303317535545
524_O-39	42.666666666666664	41.0	3.1207237682506404	0.8603140740378503	0.9989073426573427
525_O-39	46.714285714285715	46.0	3.13708625011406	0.859821510527278	0.9988928255093003
526_O-39	51.111111111111114	48.0	3.133387128409676	0.8588591926219483	0.9982436882546653
527_O-39	49.333333333333336	47.0	3.1831694948156146	0.8627100490050514	0.9985334171380683
528_O-39	48.25	47.0	3.162807400809701	0.8611982396120512	0.9987182226020082
529_O-39	48.1	46.0	3.1463471125538645	0.8620000965711222	0.9984981763570049
52_O-39	53.5	46.0	3.164786285290515	0.8616479630056506	0.9978151627703736
530_O-39	49.8	47.0	3.147223501307298	0.8591095861736924	0.9982620030414947
531_O-39	57.42857142857143	48.0	3.1458475782634046	0.861499839515375	0.997428204029147
532_O-39	48.625	46.0	3.1518674504889326	0.8603523257327128	0.9984822202948829
533_O-39	48.76923076923077	48.0	3.15747046763558	0.8587745582777497	0.998901340364755
534_O-39	58.14285714285714	47.0	3.161076179572817	0.8606258940697148	0.9972340425531915
535_O-39	54.0	49.0	3.134884685628325	0.8585536900209969	0.9978122949026471
536_O-39	44.90909090909091	44.0	3.131380695874608	0.8607225647057544	0.9989172802078822
537_O-39	42.25	41.0	3.1279204268426386	0.8599166834148146	0.9989094874591058
538_O-39	50.90909090909091	49.0	3.1802387101838283	0.8615994288549507	0.9984427141268075
539_O-39	51.76923076923077	49.0	3.168536747973541	0.8597490718475111	0.997982967279247
53_O-39	46.333333333333336	44.0	3.1701558294900543	0.8610322175806262	0.998475277717273
540_O-39	59.6	53.0	3.185535251511311	0.8617657420926292	0.997379340467351
541_O-39	47.90909090909091	47.0	3.1536336645408833	0.860078738346882	0.9988998899889989
542_O-39	42.0	41.0	3.089076875904705	0.8577364367095753	0.9991345737775854
543_O-39	52.0	48.0	3.180981690363766	0.863119144825385	0.9980409229429691
544_O-39	58.42857142857143	49.0	3.12627364967686	0.8568108109767456	0.9974688884201646
545_O-39	51.0	47.0	3.177375963901463	0.861374500402645	0.9982985963419821
546_O-39	51.333333333333336	42.0	3.155834908401794	0.8615529337242588	0.9981953530340627
547_O-39	56.666666666666664	48.0	3.1056536551666185	0.8589891810342718	0.9971384547655734
548_O-39	41.6	41.0	3.172162895969408	0.862115518166735	0.99933964340744
549_O-39	49.5	45.0	3.1053804587382823	0.8585896804013162	0.9977944419938244
54_O-39	44.666666666666664	43.0	3.151463522471961	0.8612672788119371	0.9986559139784946
550_O-39	50.27272727272727	47.0	3.137428238844128	0.861686340960979	0.9980392156862745
551_O-39	52.111111111111114	46.0	3.132108695112188	0.8599740680156063	0.9975341851602779
552_O-39	58.14285714285714	47.0	3.132481313818668	0.8592684324402604	0.9972405009552112
553_O-39	46.54545454545455	44.0	3.1185105502432244	0.8600452348698973	0.9982668977469671
554_O-39	49.0	45.0	3.1472173685455367	0.8600017573085577	0.9982672731210743
555_O-39	49.5	45.0	3.1279705819640453	0.8587259733020101	0.9980375054513737
556_O-39	45.36363636363637	44.0	3.1304269043068103	0.8605953189024271	0.9987217724755006
557_O-39	48.0	44.0	3.1214163656171174	0.8600385000189967	0.998220640569395
558_O-39	46.75	45.0	3.1090054375996847	0.8588967369092678	0.9985013915649754
559_O-39	62.6	47.0	3.1116807606388615	0.8571299654406332	0.9970988618611917
55_O-39	53.0	48.0	3.1628919567008933	0.8613877928638065	0.997852233676976
560_O-39	48.5	45.0	3.1343428669332853	0.8589958791014917	0.9982902329557598
561_O-39	48.25	43.0	3.1925098969079553	0.8639224119158364	0.998466929478756
562_O-39	49.142857142857146	44.0	3.119422981585971	0.8591294109087793	0.9980723923752409
563_O-39	56.375	45.0	3.13368619590075	0.8613808215479752	0.9969795037756203
564_O-39	50.111111111111114	44.0	3.1415153153567057	0.8600465815519538	0.9975987775594848
565_O-39	51.333333333333336	42.0	3.155199506961871	0.859617455916431	0.998227343230667
566_O-39	48.333333333333336	46.0	3.1405947645768975	0.8613772323247989	0.9984792526613079
567_O-39	45.5	45.0	3.161805347789463	0.8606828391793162	0.9991328853240841
568_O-39	47.36363636363637	46.0	3.146771227915754	0.8598673095791702	0.9986678507992895
569_O-39	45.25	44.0	3.1398584673456797	0.861016468592505	0.99892449989245
56_O-39	50.5	45.0	3.111538640808013	0.8602139082206717	0.9976169844020797
570_O-39	45.54545454545455	45.0	3.142650357450163	0.860284306676692	0.9991146525011066
571_O-39	50.142857142857146	45.0	3.116434143322807	0.856884156062038	0.9979986657771848
572_O-39	43.76923076923077	43.0	3.1033848552482453	0.8595978293708497	0.9988960035327887
573_O-39	49.27272727272727	46.0	3.1404204765391466	0.8617976953763937	0.9980123674911661
574_O-39	58.14285714285714	47.0	3.125171022445909	0.8588207700081997	0.9971615720524017
575_O-39	48.0	42.0	3.1331665641588953	0.8612223767286585	0.9980245829675154
576_O-39	50.27272727272727	47.0	3.124229962212342	0.8591921514664527	0.9980464510527458
577_O-39	49.666666666666664	45.0	3.1538188841148806	0.8610627406820001	0.9982528936449007
578_O-39	51.0	48.0	3.1432016984524984	0.8599642128107108	0.9980674253811467
579_O-39	47.0	44.0	3.171544115997749	0.8625309770089168	0.9984468604393166
57_O-39	46.875	45.0	3.144096676322377	0.8604729591664808	0.9987298899237934
580_O-39	39.54545454545455	39.0	3.0718882430583316	0.8570748717323309	0.9991158267020336
581_O-39	48.5	45.0	3.1453921823430653	0.8629285539129923	0.998276604911676
582_O-39	44.875	43.0	3.16491818490565	0.8619326833682871	0.9986818980667839
583_O-39	42.42857142857143	41.0	3.1531956692105956	0.8609475975553544	0.998934129183543
584_O-39	41.42857142857143	40.0	3.145990008891078	0.860670489582766	0.9989235737351991
585_O-39	55.166666666666664	46.0	3.137382964372698	0.859749876261794	0.9976450438878185
586_O-39	53.0	42.0	3.1299106692570957	0.8596430611250772	0.9974648536529154
587_O-39	51.625	46.0	3.1665584978988495	0.860022912752971	0.9978122949026471
588_O-39	46.0	42.0	3.104357565945523	0.8566050999371111	0.9982650184341791
589_O-39	49.142857142857146	47.0	3.178501219773523	0.8606385306269517	0.9987231325814003
58_O-39	48.36363636363637	47.0	3.162963340651413	0.8613566091296991	0.9986862272826801
590_O-39	45.0	41.0	3.095898717908285	0.857582437358962	0.9981199080843952
591_O-39	46.666666666666664	42.0	3.0808317206252926	0.8559366900157159	0.9982876712328768
592_O-39	44.625	42.0	3.1334980455514216	0.8593244683554855	0.998469276186311
593_O-39	51.0	47.0	3.1428654705329135	0.8605119396033509	0.9979802513464991
594_O-39	45.5	44.0	3.1353219563604586	0.861155428677268	0.9986987638256344
595_O-39	55.0	50.0	3.1463527313004773	0.8591594242451335	0.9978308026030369
596_O-39	44.5	43.0	3.136963773806809	0.860115400909945	0.9987124463519313
597_O-39	51.5	47.0	3.1688463051339406	0.861466877560352	0.998015873015873
598_O-39	47.5	43.0	3.1398542720046967	0.8608492653438673	0.9979788906355266
599_O-39	57.42857142857143	48.0	3.1179700349702566	0.8572258261714025	0.9974758098443416
59_O-39	49.0	46.0	3.1316038632530208	0.8604782888578123	0.9984689413823272
5_O-39	44.0	44.0	3.1456578405396485	0.8604939152233606	1.0
600_O-39	47.0	44.0	3.1621059800360656	0.8614537156316149	0.9984897518878102
601_O-39	51.0	46.0	3.142813900366513	0.8616130767712707	0.997870528109029
602_O-39	49.6	44.0	3.1674610659330344	0.8616748423584181	0.9982942430703625
603_O-39	44.25	43.0	3.138518534598881	0.8596307345541927	0.9989015817223199
604_O-39	49.0	45.0	3.1166330137523928	0.8588019058039877	0.998031926525257
605_O-39	49.714285714285715	49.0	3.1508585631699857	0.8599829823820272	0.9989348103962505
606_O-39	42.666666666666664	41.0	3.0960419677130657	0.8590476549800643	0.9986953685583823
607_O-39	53.5	49.0	3.136140644001714	0.8582902069152176	0.9980544747081712
608_O-39	55.75	46.0	3.0956585756393458	0.8572159829259112	0.9971008028545941
609_O-39	46.36363636363637	45.0	3.178917534691751	0.8612117152307595	0.9986910994764397
60_O-39	57.42857142857143	51.0	3.1920116348076935	0.861876320087273	0.9978293900586065
610_O-39	50.0	46.0	3.1768712463262805	0.8632349275796769	0.99806409980641
611_O-39	53.5	49.0	3.1342462535976088	0.8597354234340904	0.9977992957746479
612_O-39	44.0	41.0	3.1260548744879664	0.8616688623990095	0.9984506418769367
613_O-39	55.875	49.0	3.1527086574448147	0.8605126075426165	0.9975135623869801
614_O-39	64.33333333333333	46.0	3.1963127554056716	0.8635572549795941	0.9976144003469963
615_O-39	52.0	43.0	3.1388732569385978	0.861385622925648	0.997744700045106
616_O-39	49.5	46.0	3.155148002740396	0.8603911319586593	0.9982386613826508
617_O-39	54.42857142857143	48.0	3.1847172720134234	0.8617357558732857	0.9978415713360673
618_O-39	52.625	47.0	3.16302659152479	0.8617789832786575	0.9978251413658112
619_O-39	46.833333333333336	46.0	3.161891290926239	0.8611679656273308	0.9989219491159983
61_O-39	51.09090909090909	47.0	3.10085264032837	0.8583957568491712	0.9978401727861771
620_O-39	56.333333333333336	49.0	3.1343372080352374	0.8588159751851652	0.9974065269072834
621_O-39	46.75	46.0	3.1681788134732995	0.86031569317289	0.99913959991396
622_O-39	49.0	43.0	3.108448843953713	0.8582349377085826	0.9979725163325073
623_O-39	52.5	48.0	3.1867302866564797	0.8616196398537683	0.9979991107158738
624_O-39	50.666666666666664	46.0	3.167584709561443	0.8614418830306538	0.9982030548068284
625_O-39	52.625	47.0	3.144173003467611	0.8616121651585515	0.9978876214617659
626_O-39	49.75	46.0	3.129864359014979	0.8607230896634246	0.9978055738424402
627_O-39	46.36363636363637	45.0	3.088215277458095	0.8550602458517587	0.9987261146496815
628_O-39	45.5	44.0	3.166564746306383	0.8619933704533322	0.9986827661909989
629_O-39	47.0	40.0	3.093745351722103	0.8582984678316409	0.9982202447163515
62_O-39	44.25	43.0	3.1185972739230534	0.8590498469696793	0.9989334470989761
630_O-39	50.5	49.0	3.168171043653442	0.8601179118362365	0.9984936518183775
631_O-39	41.857142857142854	41.0	3.161259810243783	0.8624697385109253	0.9991575400168492
632_O-39	44.42857142857143	43.0	3.1179316159247126	0.8584479819384093	0.9989400042399831
633_O-39	50.27272727272727	47.0	3.1262431668025825	0.8593657634311638	0.998052369616966
634_O-39	53.5	49.0	3.1419506939688917	0.8610862014501482	0.9980670103092784
635_O-39	46.76923076923077	46.0	3.1653042887060376	0.8603972522401698	0.9989339019189766
636_O-39	50.111111111111114	47.0	3.15318683153645	0.8612647777184252	0.99828141783029
637_O-39	51.142857142857146	46.0	3.1577999413996896	0.8619300993672709	0.9980057611345003
638_O-39	45.875	44.0	3.1444165559840602	0.8613608222185583	0.998673446827327
639_O-39	45.5	44.0	3.129961712521911	0.8588350531595496	0.9986830553116769
63_O-39	52.5	45.0	3.142909236613373	0.8605308864652823	0.9978336221837089
640_O-39	44.142857142857146	42.0	3.1680263626650085	0.8621884755068775	0.9987165775401069
641_O-39	47.666666666666664	43.0	3.1666135624621474	0.8617418809453032	0.9982758620689656
642_O-39	55.0	50.0	3.1551863996597413	0.8613851725678385	0.9976328814288788
643_O-39	43.5	41.0	3.158391836838652	0.8623171297654751	0.9989015817223199
644_O-39	48.333333333333336	46.0	3.1754346668130466	0.8612511369432105	0.998476273400087
645_O-39	44.1	42.0	3.0735524980404443	0.8567383112388294	0.9984283789851819
646_O-39	53.76923076923077	51.0	3.098595763595251	0.8554089235242349	0.9980502599653379
647_O-39	42.5	40.0	3.111754214693651	0.8582804188902822	0.9988731124633762
648_O-39	47.90909090909091	46.0	3.1452546232653793	0.8599631312575114	0.9984682713347921
649_O-39	50.5	47.0	3.1500729710570288	0.8601879829739819	0.9982898674647285
64_O-39	48.25	43.0	3.1596605702924996	0.8613045708757756	0.9984395898350423
650_O-39	46.111111111111114	45.0	3.1395276798553184	0.8595618734332353	0.9989233419465977
651_O-39	44.5	42.0	3.110426267849699	0.8586898963006149	0.9986896702336755
652_O-39	59.666666666666664	51.0	3.1620519598389216	0.8592014703618527	0.9971922246220303
653_O-39	63.111111111111114	53.0	3.1745923291291374	0.8625512148369705	0.9969176574196389
654_O-39	51.5	47.0	3.1431131739088163	0.8605856082502932	0.9977983267283135
655_O-39	45.1	43.0	3.1378246307304254	0.861049707966518	0.9984440986885975
656_O-39	51.5	48.0	3.1650372282298718	0.8613471051647155	0.9982612475548793
657_O-39	54.09090909090909	50.0	3.1417150840603814	0.8618124052043877	0.9978471474703983
658_O-39	54.333333333333336	47.0	3.1261873406767084	0.8588745979595382	0.9973515780180976
659_O-39	53.0	47.0	3.1333343890834584	0.8593312205903143	0.997364953886693
65_O-39	48.8	46.0	3.169245730177711	0.8610166640080712	0.9982725113366444
660_O-39	53.0	48.0	3.1617500496594717	0.8633727015356458	0.9976470588235294
661_O-39	48.625	46.0	3.1058794924672	0.8568080371747908	0.9984502988709321
662_O-39	50.625	50.0	3.1806942251220915	0.8626345806315844	0.9989263474339704
663_O-39	47.111111111111114	44.0	3.152412324464045	0.861975841682109	0.9982162764771461
664_O-39	48.333333333333336	46.0	3.12401432620312	0.859108155450159	0.9984430604982206
665_O-39	45.0	42.0	3.1409632009412882	0.8607406364688341	0.9984437527790129
666_O-39	50.76923076923077	48.0	3.1864484951972005	0.8634553719008264	0.9979545454545454
667_O-39	46.875	45.0	3.1430734388589814	0.8588595882102883	0.9987080103359173
668_O-39	47.90909090909091	47.0	3.112186053307372	0.8577456452748553	0.9989030276437034
669_O-39	48.625	46.0	3.1462678786360354	0.8596330480358263	0.9985001071352047
66_O-39	41.666666666666664	41.0	3.1386544106156475	0.8614028031933078	0.9991031390134529
670_O-39	51.0	47.0	3.190699556561683	0.862253333804337	0.9982413717300506
671_O-39	40.42857142857143	40.0	3.1278731130020176	0.8591488741456845	0.9993493819128172
672_O-39	53.0	48.0	3.1298383412329054	0.8609484810801956	0.9976205926887303
673_O-39	45.15384615384615	44.0	3.118403926236035	0.8598716054642686	0.9986474301172227
674_O-39	50.42857142857143	44.0	3.156605327179306	0.8610877979042345	0.9978577549271637
675_O-39	50.76923076923077	50.0	3.1770805866948915	0.8603147491540134	0.9989327641408752
676_O-39	46.666666666666664	45.0	3.1125735742534832	0.8562401633703223	0.9987118935165307
677_O-39	50.666666666666664	46.0	3.174567178387147	0.8617356745320037	0.9982695219554402
678_O-39	53.5	49.0	3.147226785610766	0.859549595946012	0.9978146853146853
679_O-39	46.1	44.0	3.098601314153435	0.8556930668006189	0.9985407546383156
67_O-39	51.0	48.0	3.181359661236223	0.8611594425979888	0.9984766050054407
680_O-39	52.0	43.0	3.1203607461278895	0.8588820664373665	0.9978074983556238
681_O-39	47.111111111111114	44.0	3.124732170550982	0.8589531194320331	0.9982547993019197
682_O-39	42.42857142857143	41.0	3.118498064039821	0.8601141513395482	0.9989417989417989
683_O-39	43.625	41.0	3.0861645550818517	0.8576880656851246	0.9984584893195332
684_O-39	51.625	46.0	3.129997077773559	0.8604488741935998	0.9977968715576118
685_O-39	52.0	48.0	3.1355399432177324	0.8597267501210466	0.9980383609415867
686_O-39	51.625	46.0	3.103694370342605	0.8590492578333794	0.9978012313104662
687_O-39	56.5	51.0	3.1573252590891108	0.8607891451607356	0.9976475620188195
688_O-39	42.54545454545455	42.0	3.1602417544883865	0.8620606539658594	0.9991218441273326
689_O-39	50.0	46.0	3.1445520264058535	0.8607703042512356	0.9980232813529542
68_O-39	59.09090909090909	52.0	3.1262156897865374	0.8564802790733397	0.9972416719711437
690_O-39	48.75	47.0	3.1530453092311204	0.8610761635130699	0.9984900776531492
691_O-39	49.5	46.0	3.1231418957869606	0.8593701084528125	0.9983090255759882
692_O-39	49.15384615384615	47.0	3.1486852957201417	0.8609388258583162	0.9982924226254002
693_O-39	41.42857142857143	40.0	3.109789882785273	0.8594674858223063	0.9989130434782608
694_O-39	51.8	49.0	3.1398001413858654	0.8592646119795395	0.9982593559617058
695_O-39	61.111111111111114	51.0	3.173554919712021	0.8612044363965595	0.9970212765957447
696_O-39	47.6	44.0	3.1381285866859807	0.8615154243384071	0.9980561555075594
697_O-39	50.5	47.0	3.1850497889201232	0.8630412862208259	0.9982166740971913
698_O-39	50.111111111111114	47.0	3.128917541122943	0.8591865377892095	0.9982332155477032
699_O-39	46.666666666666664	45.0	3.1388389567398107	0.8588519062336127	0.998901340364755
69_O-39	52.142857142857146	47.0	3.179526103149652	0.8623378102745827	0.9980773339030122
6_O-39	50.6	47.0	3.170078573622844	0.8614107812589993	0.9980871413390011
700_O-39	59.75	50.0	3.128791527304843	0.8590226113235672	0.9971091839003781
701_O-39	50.625	45.0	3.1827210800874823	0.8635979416011611	0.9977753058954394
702_O-39	51.142857142857146	46.0	3.164026710076694	0.8610283938140004	0.9980349344978166
703_O-39	47.25	42.0	3.1413859818179604	0.8603109068008995	0.998445480790584
704_O-39	60.2	47.0	3.1825357508980296	0.8615921848048361	0.9973166368515206
705_O-39	48.5	45.0	3.162266439051053	0.8599330407080279	0.998272884283247
706_O-39	44.0	43.0	3.1061220299559946	0.8584120683279595	0.9989217166271296
707_O-39	54.625	49.0	3.1602332539744316	0.8598685756123178	0.9978572959074352
708_O-39	52.142857142857146	47.0	3.1581316083183024	0.861804626650253	0.9980665950590762
709_O-39	50.0	46.0	3.1435801670637504	0.8599612319133213	0.9980451781059948
70_O-39	56.6	50.0	3.1563125769414717	0.8617315967620265	0.9973678438254003
710_O-39	48.666666666666664	44.0	3.1454036358658115	0.8612630889727729	0.998218262806236
711_O-39	45.36363636363637	44.0	3.1231494551268484	0.8584985504804286	0.9986953685583823
712_O-39	44.666666666666664	43.0	3.1198065367736865	0.8594332748874085	0.9987157534246576
713_O-39	42.0	41.0	3.168283220656525	0.8623543577013114	0.9991503823279524
714_O-39	47.36363636363637	46.0	3.1388305712540268	0.859981322101989	0.9986965022811211
715_O-39	47.666666666666664	43.0	3.2049048924911037	0.8636701157581159	0.9982876712328768
716_O-39	45.0	44.0	3.1243960997938216	0.8585877121478986	0.9989099629387399
717_O-39	55.166666666666664	46.0	3.127274562512343	0.8591649387835258	0.9976665252439542
718_O-39	49.5	46.0	3.1582938009897368	0.8621268486569721	0.9982328252705986
719_O-39	47.25	46.0	3.151878505984528	0.8606426037589953	0.998693095186234
71_O-39	53.42857142857143	44.0	3.1291221817763644	0.8612635808057945	0.9973404255319149
720_O-39	53.5	49.0	3.1389252182700975	0.8591999339556149	0.9978317432784042
721_O-39	48.111111111111114	45.0	3.1129641196246416	0.859096888507074	0.998272884283247
722_O-39	44.111111111111114	43.0	3.1567305305381987	0.8612382444905671	0.9989168110918544
723_O-39	50.0	46.0	3.166525302366853	0.8607427208044529	0.9979619565217391
724_O-39	60.75	51.0	3.195987863985703	0.8619001555159516	0.9971441124780316
725_O-39	56.166666666666664	47.0	3.139847481926043	0.858791223395681	0.9976308421279345
726_O-39	46.142857142857146	44.0	3.1528890219277943	0.8609156403120185	0.9987143775444611
727_O-39	70.75	48.0	3.1186978048631846	0.8581126145685283	0.9969525468001741
728_O-39	46.1	44.0	3.1255799049689235	0.8587871930048078	0.9984297891431135
729_O-39	53.0	49.0	3.1482626026561022	0.8605270133141361	0.9980379332897319
72_O-39	47.36363636363637	46.0	3.1524959806286463	0.8596934763858116	0.9986959356661596
730_O-39	54.625	49.0	3.187145215386488	0.8621526952177924	0.9978094194961665
731_O-39	47.625	45.0	3.1241604135397334	0.8596469555110787	0.9984628897672376
732_O-39	47.0	40.0	3.1451758553518565	0.8610696595678557	0.9984557688065299
733_O-39	41.25	40.0	3.155069776459058	0.8613773990667959	0.998933219543418
734_O-39	48.27272727272727	45.0	3.1277674820280508	0.8601655741708124	0.9980306345733042
735_O-39	48.15384615384615	46.0	3.1381590469363645	0.8611572728878656	0.9982547993019197
736_O-39	55.0	46.0	3.1546516127905275	0.8613393781419071	0.9978055738424402
737_O-39	48.5	45.0	3.1615089503579545	0.8626515970409239	0.9982691475551709
738_O-39	46.5	45.0	3.1505098810176864	0.8597094592475499	0.9986850756081526
739_O-39	52.166666666666664	43.0	3.131567379966339	0.8595817077616787	0.997546285969217
73_O-39	52.0	51.0	3.1638126282694223	0.8590381480439762	0.9987212276214834
740_O-39	77.0	44.0	3.14909767773843	0.8598156846383	0.9973082099596231
741_O-39	49.27272727272727	46.0	3.131073370633603	0.8602240084992538	0.9980017761989343
742_O-39	53.5	48.0	3.1521030772580922	0.8615818953861081	0.9975887768522578
743_O-39	48.90909090909091	47.0	3.1838278489163963	0.8627427034655357	0.9985312631137222
744_O-39	55.25	44.0	3.1539109171401534	0.8609331289317284	0.9978317432784042
745_O-39	45.875	44.0	3.1517423892217695	0.8620502136001866	0.9986731534719151
746_O-39	43.666666666666664	43.0	3.137411623085408	0.8603883837267803	0.9991077403524425
747_O-39	55.5	48.0	3.1935206326533705	0.8624920995681469	0.9978429680759275
748_O-39	45.142857142857146	43.0	3.125549976273746	0.8609499533634131	0.9987190435525192
749_O-39	49.142857142857146	44.0	3.155471077457401	0.861538464454308	0.9980409229429691
74_O-39	47.5	43.0	3.129727089451042	0.8591160248565521	0.9980379332897319
750_O-39	53.5	49.0	3.1445595448126507	0.859495325970401	0.9978345604157643
751_O-39	43.6	43.0	3.120504748976413	0.8594927901143866	0.999125300677892
752_O-39	49.625	44.0	3.1241178584102425	0.8610748533510837	0.9977638640429338
753_O-39	49.5	47.0	3.1932193807737064	0.8616234400910366	0.9987007362494587
754_O-39	51.42857142857143	45.0	3.1144156187400096	0.8597617146732499	0.9977851605758582
755_O-39	44.111111111111114	43.0	3.1496075743135172	0.8609298894434799	0.9989149305555556
756_O-39	47.8	45.0	3.1061726734751725	0.8579174541274144	0.998276604911676
757_O-39	44.75	41.0	3.1567842224791076	0.8604515647737111	0.9987124463519313
758_O-39	55.5	48.0	3.1676498967980042	0.8608848478039307	0.9978208760078449
759_O-39	44.5	43.0	3.109665941109665	0.8595668866341726	0.9986833443054641
75_O-39	51.27272727272727	48.0	3.182284336286707	0.8615249106473126	0.9980439034992393
760_O-39	55.10526315789474	54.0	3.15250205270366	0.8596890380767871	0.998502353444587
761_O-39	43.666666666666664	42.0	3.1363033564179874	0.8605299268739043	0.9986672589960017
762_O-39	46.25	45.0	3.1225352967507205	0.8582565791291183	0.9986905281536447
763_O-39	52.0	46.0	3.161848771853456	0.8621003641498216	0.9980603448275862
764_O-39	44.111111111111114	43.0	3.1326659411163735	0.8591223760349211	0.9989025460930641
765_O-39	56.0	47.0	3.155949554025493	0.8616331652285252	0.9978392394122731
766_O-39	48.8	46.0	3.1360736553897346	0.8603287842106178	0.9982687729928587
767_O-39	54.6	51.0	3.1714667122213624	0.8588236082249334	0.9980451781059948
768_O-39	47.142857142857146	45.0	3.1587052504306947	0.8590497056523769	0.9986902423051736
769_O-39	46.0	43.0	3.1590466837367557	0.8621104034291874	0.9984625521634087
76_O-39	51.5	44.0	3.1097871821789433	0.8557173950126269	0.9977349943374858
770_O-39	53.0	44.0	3.161454850512615	0.860123386267889	0.9980447534216815
771_O-39	41.857142857142854	41.0	3.1278821496146207	0.8607218040620492	0.9991233837387683
772_O-39	46.111111111111114	43.0	3.1139356513969507	0.8584511508153175	0.9982676483326115
773_O-39	57.2	44.0	3.117258587102996	0.8591805916592407	0.9974014724989173
774_O-39	44.6	44.0	3.1679490405150585	0.8623568659930553	0.9991353220925205
775_O-39	43.27272727272727	43.0	3.1268167871854775	0.8603278366105361	0.9993287088834191
776_O-39	50.625	45.0	3.1489429924596584	0.8613715958665034	0.9978312730427239
777_O-39	48.0	41.0	3.106327953300289	0.8571412108583325	0.9984910541064884
778_O-39	45.42857142857143	45.0	3.154012848079073	0.8607573760672907	0.999122229536976
779_O-39	48.6	45.0	3.1411593648403096	0.8615913254242497	0.9980250164581962
77_O-39	41.666666666666664	40.0	3.0836264278982206	0.8569289677808012	0.9987088444157521
780_O-39	49.0	43.0	3.150911655824707	0.8619573792544888	0.9980665950590762
781_O-39	46.8	44.0	3.1543926915611005	0.860810678209355	0.9982869379014989
782_O-39	48.625	46.0	3.1710039365785323	0.8612212324718957	0.9984795829713293
783_O-39	52.0	48.0	3.171884288041473	0.8633346906797568	0.998051104374188
784_O-39	53.142857142857146	48.0	3.1599140982545153	0.8606263550099559	0.9980456026058632
785_O-39	50.111111111111114	47.0	3.1920250764956077	0.8628439108698989	0.9982050706753421
786_O-39	57.42857142857143	48.0	3.148371498766771	0.859932393025831	0.9974287550889223
787_O-39	55.875	49.0	3.1420245296409783	0.8584603380113901	0.9975571840994892
788_O-39	39.25	38.0	3.1010540939747493	0.8594372671174109	0.9989203195854027
789_O-39	48.5	45.0	3.1756280727249564	0.8635206639647514	0.9984861591695502
78_O-39	51.0	45.0	3.1091431011445763	0.8578965190054637	0.9980396427793509
790_O-39	45.5	44.0	3.156139195195544	0.8600006673352462	0.9987198634521015
791_O-39	42.6	42.0	3.1322769745408885	0.8604234233919721	0.9991370010787487
792_O-39	56.46153846153846	53.0	3.119480961398263	0.858394884434008	0.9977973568281938
793_O-39	49.6	44.0	3.1147391878924946	0.858260601359449	0.9982668977469671
794_O-39	42.0	42.0	3.1430361158042945	0.8603527564000685	0.9997814685314685
795_O-39	46.5	45.0	3.1589295078127444	0.8606060217253984	0.9987063389391979
796_O-39	47.0	46.0	3.1651728236054977	0.8606876672164971	0.9989478114478114
797_O-39	50.07142857142857	49.0	3.126087399398665	0.856754748261905	0.9987057808455565
798_O-39	46.142857142857146	44.0	3.1100171275247743	0.8573427388359458	0.9987035436473639
799_O-39	55.5	48.0	3.190310904438155	0.8624475012365622	0.997728821258233
79_O-39	49.75	48.0	3.180830837062277	0.8620321113946975	0.9984855041107745
7_O-39	49.111111111111114	46.0	3.1649135421088666	0.8606913777588536	0.9982386613826508
800_O-39	53.625	48.0	3.150754457455184	0.8594674784970869	0.9978889592569137
801_O-39	50.27272727272727	47.0	3.155837510134595	0.861085375758323	0.9979706877113868
802_O-39	44.76923076923077	44.0	3.1329700212169054	0.8600206650950669	0.9989563765393447
803_O-39	53.5	49.0	3.1711129889213474	0.8625112096561212	0.998083475298126
804_O-39	48.46153846153846	48.0	3.167300998975928	0.8612387589349577	0.9991418150611456
805_O-39	51.42857142857143	45.0	3.1550293124207767	0.8620278595366144	0.9978822532825075
806_O-39	56.166666666666664	47.0	3.1471710512097313	0.8609659415351176	0.9976394849785408
807_O-39	46.666666666666664	42.0	3.1150062227440958	0.859168718052802	0.9982026510896428
808_O-39	47.5	46.0	3.1441554698206917	0.8594792599208234	0.99870939987094
809_O-39	47.625	45.0	3.171697710668182	0.8610769756497916	0.9984965635738832
80_O-39	48.0	45.0	3.1544173849894537	0.8608074325369727	0.9984655852696186
810_O-39	50.54545454545455	48.0	3.1549854671702104	0.861149122221909	0.9981871742578745
811_O-39	44.625	42.0	3.104371074157391	0.8573706101306728	0.9984578100903283
812_O-39	51.857142857142854	44.0	3.084878136016619	0.8578649388266038	0.9976003490401396
813_O-39	47.5	46.0	3.1924356297740166	0.8638950005874673	0.9986950848194868
814_O-39	54.0	43.0	3.101005779533822	0.8581486991295602	0.9976211072664359
815_O-39	42.5	40.0	3.0978410712110374	0.8562080400607	0.9988898756660746
816_O-39	50.5	47.0	3.155732471233845	0.8591092628647676	0.9984672651631268
817_O-39	52.0	46.0	3.175718261479536	0.8610444757245268	0.9980719794344473
818_O-39	43.6	43.0	3.1584963752862723	0.8606537948418469	0.9991298673047639
819_O-39	47.90909090909091	46.0	3.0925270422294373	0.8558331476755417	0.998457470251212
81_O-39	41.875	40.0	3.0893198649716322	0.8576788567539063	0.9987116169207645
820_O-39	62.54545454545455	53.0	3.169666990336703	0.8625975598085529	0.9966555183946488
821_O-39	51.46153846153846	48.0	3.145168689906827	0.8611389004065496	0.9978132516947299
822_O-39	54.0	45.0	3.1449570297319793	0.861586793377499	0.997852233676976
823_O-39	47.25	46.0	3.146399607251039	0.8590159070766915	0.998911149825784
824_O-39	45.333333333333336	43.0	3.1632395111217315	0.8615145669967799	0.9984939759036144
825_O-39	45.857142857142854	45.0	3.1374011013577014	0.8585018617000162	0.9991480298189563
826_O-39	50.0	47.0	3.154170637308232	0.8594967936954543	0.9984709480122325
827_O-39	44.42857142857143	43.0	3.093409580330727	0.8569005527772029	0.9989233419465977
828_O-39	48.6	45.0	3.152064963764949	0.8617954400154717	0.9980022197558268
829_O-39	51.625	46.0	3.14431335015279	0.8608551053151206	0.9978387724227361
82_O-39	48.666666666666664	47.0	3.1761331573611087	0.8620762508894606	0.9986936642717178
830_O-39	44.6	44.0	3.222118664660881	0.8659576712413473	0.9991306237774397
831_O-39	50.142857142857146	45.0	3.110962752872733	0.8582906297776713	0.998068669527897
832_O-39	51.54545454545455	49.0	3.146333366017724	0.8607802717311906	0.9982702702702703
833_O-39	50.0	43.0	3.166556594519175	0.86039706304005	0.9981949458483754
834_O-39	49.5	45.0	3.157460695649525	0.861730000193216	0.9980293409240202
835_O-39	40.75	40.0	3.1532706941467152	0.8615477402630691	0.9993429697766097
836_O-39	47.5	44.0	3.1341520672539054	0.859073280147994	0.9982795698924731
837_O-39	48.625	46.0	3.1346712616584638	0.8607682569708505	0.9984588287098195
838_O-39	42.75	42.0	3.1569944380506842	0.8625627573746955	0.9991334488734835
839_O-39	47.6	44.0	3.1585350429694876	0.8625300771680902	0.9980362208160594
83_O-39	48.1	46.0	3.1395256096079858	0.8600874275150978	0.9984388938447815
840_O-39	52.0	48.0	3.1482017814388867	0.8602070313387304	0.9980661796304254
841_O-39	51.5	47.0	3.185100686808272	0.8633656974092738	0.9979906229068989
842_O-39	43.5	41.0	3.154527231939124	0.8619248443378461	0.9986859395532195
843_O-39	47.6	42.0	3.129272935704102	0.8605060156742281	0.9981884057971014
844_O-39	43.875	42.0	3.1341690178592616	0.8591353517908104	0.9987088444157521
845_O-39	52.875	46.0	3.1599165233483917	0.8610387307528371	0.9974908759124088
846_O-39	49.6	44.0	3.1045370275063813	0.858827865625028	0.998272884283247
847_O-39	48.25	43.0	3.114178156244222	0.8584075061728396	0.9984444444444445
848_O-39	48.0	44.0	3.1831727345966763	0.863943969148347	0.99821308912218
849_O-39	47.1	45.0	3.151942213273454	0.8606282438886549	0.9984537221117739
84_O-39	49.54545454545455	47.0	3.1502003337863873	0.8607865690483566	0.9982732570688538
850_O-39	45.42857142857143	44.0	3.1298859569856927	0.8591447522294561	0.9989217166271296
851_O-39	47.625	45.0	3.126607085595104	0.8607802685642068	0.9985437903058041
852_O-39	56.5	51.0	3.1707605188640935	0.8629032338065098	0.9976092153879591
853_O-39	46.6	46.0	3.1866933460720857	0.8626774283276807	0.9991364421416234
854_O-39	60.375	49.0	3.1839068828835893	0.8644953434447266	0.9969716634220204
855_O-39	49.27272727272727	46.0	3.134497745702485	0.8589687439956635	0.9980232813529542
856_O-39	61.166666666666664	46.0	3.106379085615436	0.8582135335971464	0.99700406591055
857_O-39	49.0	45.0	3.133556896674363	0.8594538810037047	0.998236331569665
858_O-39	48.8	46.0	3.134434826544215	0.8588835232433848	0.9982762335703512
859_O-39	54.625	49.0	3.1391921095459288	0.8607168161051526	0.9978709814775388
85_O-39	45.714285714285715	45.0	3.1545899016497945	0.8611808458056582	0.9989198531000216
860_O-39	51.625	46.0	3.141368878286445	0.859399930892202	0.997789566755084
861_O-39	47.8	45.0	3.1359278663739394	0.8593206587505909	0.9982082866741321
862_O-39	46.25	45.0	3.159380454651813	0.8599123115188967	0.9986933797909407
863_O-39	50.625	45.0	3.1354751571370656	0.8606504868010354	0.9978275038018684
864_O-39	42.625	40.0	3.1269066532691188	0.8605596236717816	0.9984795829713293
865_O-39	46.5	45.0	3.114520823711115	0.8585650918644956	0.9986622073578595
866_O-39	46.333333333333336	44.0	3.1204445571683292	0.8597523454155965	0.9984975316591543
867_O-39	57.0	52.0	3.1774757167610193	0.8619901377262531	0.9976102541820552
868_O-39	57.25	49.0	3.128055826796551	0.8584776770213479	0.9974048442906575
869_O-39	46.8	44.0	3.0934481235454125	0.8577337334993627	0.9982695219554402
86_O-39	52.42857142857143	46.0	3.155889417418203	0.8591340499501284	0.9978270317253368
870_O-39	45.875	44.0	3.1556732587579113	0.8613484022101136	0.9987018606663782
871_O-39	53.111111111111114	47.0	3.131674718072524	0.8606401129259861	0.997576558713373
872_O-39	45.5	44.0	3.135153597100748	0.8599746053349524	0.99870939987094
873_O-39	64.2	51.0	3.220124319205	0.8654373920694896	0.9973969631236442
874_O-39	50.0	46.0	3.124623799446851	0.8595316566361326	0.9980494148244473
875_O-39	48.5	45.0	3.159139138947684	0.8607618915481559	0.998494623655914
876_O-39	48.142857142857146	43.0	3.1396272199174375	0.8608678780130405	0.9980447534216815
877_O-39	50.8	48.0	3.1631580391409857	0.8612912812842621	0.9982249833592189
878_O-39	45.27272727272727	45.0	3.1490331799108726	0.8585998725504647	0.9993451211525868
879_O-39	58.25	50.0	3.1568932981883773	0.8590246687201498	0.9974516882565301
87_O-39	46.666666666666664	42.0	3.1677836465531484	0.8625792930096627	0.9982582190289571
880_O-39	44.666666666666664	43.0	3.1444462466044567	0.8609063735687112	0.9987012987012988
881_O-39	45.625	43.0	3.1499559614774806	0.86184454685852	0.9985039538362898
882_O-39	48.2	44.0	3.1789589309633954	0.8621225393742296	0.9984632272228321
883_O-39	44.333333333333336	42.0	3.1163034328249695	0.8608554412031131	0.9984516699845167
884_O-39	47.666666666666664	47.0	3.150287330884639	0.8617496711378005	0.9989132797217997
885_O-39	48.666666666666664	44.0	3.128244456963912	0.8591074435423766	0.9982486865148862
886_O-39	40.666666666666664	39.0	3.12045569546069	0.8583947972339627	0.9989132797217997
887_O-39	46.666666666666664	42.0	3.1159828636407307	0.8581331255918533	0.9982721382289417
888_O-39	49.0	45.0	3.158008198991973	0.8604566401545074	0.9980502599653379
889_O-39	53.875	47.0	3.145517309917781	0.8613585445505949	0.9976540840264448
88_O-39	43.375	43.0	3.160335983807777	0.8615482672453109	0.9993664202745512
890_O-39	54.0	49.0	3.1309152995982434	0.8578449864502842	0.9978002639683238
891_O-39	51.5	47.0	3.1413368587672412	0.8606773201606693	0.9980443285528031
892_O-39	57.0	48.0	3.1677958947759066	0.8607478683502429	0.998080204778157
893_O-39	52.8	50.0	3.1780488472787205	0.8615357329579411	0.9982158786797503
894_O-39	51.625	46.0	3.134416380090916	0.8605674798078329	0.9977905435262925
895_O-39	55.333333333333336	48.0	3.167391388590334	0.8620251484646607	0.9974009096816114
896_O-39	47.5	44.0	3.148804500723749	0.8603850644430604	0.998229696835583
897_O-39	45.0	42.0	3.1310503049575957	0.8624537604689243	0.9984719493560358
898_O-39	44.5	42.0	3.1545377725661856	0.8611285819127019	0.9987105093488072
899_O-39	58.42857142857143	49.0	3.1802124269208267	0.8616333555456972	0.9973736047275115
89_O-39	49.142857142857146	44.0	3.1197092731449008	0.8588299410615198	0.9980323567993004
8_O-39	47.8	45.0	3.1479388816867817	0.8609630327010868	0.998237108858528
900_O-39	40.75	40.0	3.142773125442782	0.8609665219106973	0.999119136754019
901_O-39	81.0	47.0	3.134435160116475	0.860564447284822	0.9963282937365011
902_O-39	48.714285714285715	48.0	3.138587231272068	0.8595509211117685	0.9989023051591658
903_O-39	51.5	47.0	3.1356179971644096	0.8585432347503343	0.9978089395267309
904_O-39	46.36363636363637	45.0	3.1642244724665054	0.8623439904586027	0.9986842105263158
905_O-39	46.666666666666664	42.0	3.096606668565652	0.856838499331134	0.9983164983164983
906_O-39	49.6	44.0	3.119363920821502	0.8590324047786186	0.998212689901698
907_O-39	47.142857142857146	42.0	3.103277013768362	0.8595007052838478	0.9980645161290322
908_O-39	53.142857142857146	48.0	3.1328532992052285	0.8582647635312154	0.9980176211453744
909_O-39	52.5	49.0	3.184429644172114	0.862377096287782	0.9982788296041308
90_O-39	48.6	45.0	3.0964027529224416	0.8585695676446871	0.9980460269214069
910_O-39	52.0	47.0	3.19261882778645	0.8623352313856708	0.9978336221837089
911_O-39	46.36363636363637	45.0	3.1518677161110285	0.8604788340253575	0.9986890976622241
912_O-39	50.8	48.0	3.1645020912811335	0.8603580482770196	0.998280309544282
913_O-39	50.6	45.0	3.1587670552616234	0.8607404986923335	0.9982398239823982
914_O-39	46.875	45.0	3.1711446031983255	0.8639482394800874	0.9987110633727175
915_O-39	49.333333333333336	40.0	3.104874727733764	0.8580093566694584	0.9982732570688538
916_O-39	45.25	44.0	3.1557875113452125	0.862021885760074	0.9989051894022334
917_O-39	49.0	43.0	3.1430450229702185	0.8602187624249424	0.998083475298126
918_O-39	41.2	40.0	3.131925954254538	0.8602749621762995	0.9991438356164384
919_O-39	56.25	48.0	3.1397006731948376	0.8603168573906981	0.9973997833152762
91_O-39	47.1	45.0	3.1244325920990104	0.8584781623450058	0.99848386398094
920_O-39	42.666666666666664	41.0	3.101668747838615	0.8586722429969784	0.9989279588336192
921_O-39	43.25	42.0	3.167091767725371	0.8627812571004317	0.9988819320214669
922_O-39	68.25	42.0	3.086490069428768	0.8568560226039598	0.996606334841629
923_O-39	49.0	43.0	3.128551780007898	0.8602127799098853	0.9980215431963069
924_O-39	53.0	47.0	3.1653811136339387	0.8619988715959431	0.9980887661923975
925_O-39	57.0	52.0	3.1466150775231556	0.8598049952777673	0.997582948802461
926_O-39	61.0	48.0	3.1508644177015426	0.860248522096609	0.997208503328323
927_O-39	48.0	42.0	3.1344678086733695	0.8618903089468408	0.9980370774263904
928_O-39	46.666666666666664	45.0	3.1797491094516617	0.8630161514845255	0.9989082969432315
929_O-39	44.90909090909091	44.0	3.158640961139261	0.8621284042238018	0.998900615655233
92_O-39	48.27272727272727	45.0	3.123635496671275	0.8604939645112618	0.9980409229429691
930_O-39	48.1	46.0	3.1423645843702617	0.859428580035446	0.9984907287623976
931_O-39	48.8	46.0	3.142506531071362	0.860278811762589	0.998278088678433
932_O-39	45.5	43.0	3.151077531782542	0.8606685430976605	0.9986830553116769
933_O-39	49.0	42.0	3.146095217122154	0.8590624982703572	0.9982525120139799
934_O-39	53.142857142857146	48.0	3.167243072443427	0.861406077184468	0.9980797951781524
935_O-39	49.625	44.0	3.1278701731915772	0.8597733130781027	0.9977743156020477
936_O-39	47.0	46.0	3.14590295254802	0.8596671597633136	0.9989316239316239
937_O-39	52.42857142857143	46.0	3.119300240743698	0.8580844839321857	0.9978768577494692
938_O-39	49.5	46.0	3.154117531823928	0.8612822167057773	0.9982953334753889
939_O-39	49.8	47.0	3.1670748586971875	0.8611187069946574	0.9982336056524619
93_O-39	44.23076923076923	44.0	3.123272445147386	0.858528163138641	0.9993526111350884
940_O-39	49.76923076923077	49.0	3.2221840117486735	0.8647150322624889	0.9989137519009341
941_O-39	50.0	43.0	3.1493023529669304	0.8584950764973959	0.9982638888888888
942_O-39	48.6	45.0	3.13859033006932	0.8591772318521289	0.997979797979798
943_O-39	46.333333333333336	44.0	3.1053004595064286	0.8587581113647125	0.9984756097560976
944_O-39	49.6	44.0	3.1600509415195646	0.8595746491467642	0.9982585981715281
945_O-39	47.75	44.0	3.192720585719399	0.8642337332629344	0.9986713906111603
946_O-39	51.0	45.0	3.1572170882548605	0.8616472051978649	0.9980426272292301
947_O-39	54.42857142857143	48.0	3.169107091356499	0.8601665098880971	0.9977939554378998
948_O-39	46.0	43.0	3.1059643569682707	0.8594716546981613	0.9984655852696186
949_O-39	45.625	43.0	3.1161508661257855	0.8587530660929665	0.9984639016897081
94_O-39	49.0	45.0	3.1322468140761757	0.8583960865470461	0.9979834192247368
950_O-39	42.0	42.0	3.196042971701671	0.8628528187459393	0.9997794441993825
951_O-39	64.6	49.0	3.145431963498374	0.8611285553762321	0.9972363945578231
952_O-39	47.5	44.0	3.1356629905702724	0.8619210470539198	0.9982784592210028
953_O-39	44.15384615384615	43.0	3.1378947432224558	0.8619221146159328	0.9986716847465131
954_O-39	46.333333333333336	44.0	3.149626413346419	0.8601959766559006	0.9984564498346197
955_O-39	44.90909090909091	44.0	3.1668018422773647	0.8623154034460442	0.9989352640545145
956_O-39	47.90909090909091	47.0	3.132963385686676	0.8589149030436811	0.998942470389171
957_O-39	43.625	41.0	3.100612990083358	0.8581847984512428	0.9984939759036144
958_O-39	48.666666666666664	44.0	3.1572117710342793	0.8606414167700939	0.9982528936449007
959_O-39	42.46153846153846	42.0	3.1524459207821063	0.8616337764477896	0.9991616013414378
95_O-39	49.625	44.0	3.1068907887739265	0.8575588827575722	0.9977298524404086
960_O-39	52.0	48.0	3.134905942653117	0.8596063484800823	0.9980748663101604
961_O-39	46.5	44.0	3.1370147165375997	0.8602676236806641	0.998701579744644
962_O-39	57.25	46.0	3.1497252299255063	0.8596232271075395	0.9978691668442361
963_O-39	46.333333333333336	44.0	3.1716049248302154	0.860806857863848	0.9984571302622879
964_O-39	44.25	43.0	3.1247733560754622	0.8586140722565255	0.9989302524604193
965_O-39	51.625	46.0	3.1301249934165885	0.8597244613648087	0.9978795589482612
966_O-39	42.142857142857146	40.0	3.1204444685068355	0.8573548465086293	0.9986795774647887
967_O-39	52.0	49.0	3.1643987164812106	0.8619899984590658	0.9980607627666451
968_O-39	52.625	47.0	3.1521650184789953	0.860895893769795	0.9977997799779978
969_O-39	46.36363636363637	45.0	3.1534980684785223	0.860666973279586	0.9987129987129987
96_O-39	52.42857142857143	46.0	3.1694327763703893	0.8616496032978731	0.9978050921861282
970_O-39	51.0	46.0	3.1081361763834052	0.8569086440740968	0.9978322133102103
971_O-39	43.875	42.0	3.146935516295854	0.8614070729411737	0.9986672589960017
972_O-39	40.5	39.0	3.133134898521955	0.8600539878570115	0.9991277802006105
973_O-39	46.42857142857143	45.0	3.165318674611744	0.8611424304702624	0.9989320803075609
974_O-39	58.2	45.0	3.1183952139617053	0.8589803983589164	0.9974506054811982
975_O-39	43.666666666666664	42.0	3.137987937278446	0.8580045300236802	0.9986699179782753
976_O-39	47.15384615384615	45.0	3.120854860228375	0.8575928092131956	0.9982122905027933
977_O-39	44.5	43.0	3.1571205025841116	0.860716114730389	0.9986981991755262
978_O-39	60.75	47.0	3.17054327610516	0.8612123931841513	0.9976060935799782
979_O-39	45.25	44.0	3.1674119228913917	0.8602914992571398	0.9989203195854027
97_O-39	54.42857142857143	48.0	3.1343079333456223	0.857457197892535	0.9977772838408535
980_O-39	54.5	47.0	3.142098044709422	0.8594261337113471	0.9978618772717553
981_O-39	49.8	47.0	3.1539522272160605	0.859802099214941	0.9982409850483729
982_O-39	44.857142857142854	44.0	3.1634144768746393	0.8619582816293085	0.9991451164778798
983_O-39	53.625	48.0	3.151356580881723	0.8607459554618188	0.9978364344439636
984_O-39	47.75	47.0	3.170483715886376	0.85975465055885	0.9991073421111359
985_O-39	58.333333333333336	51.0	3.1779911081617405	0.8619328874224101	0.9974511469838573
986_O-39	43.42857142857143	42.0	3.1575622721280454	0.8617972418955471	0.9988960035327887
987_O-39	49.625	44.0	3.1051939586195356	0.857119012345679	0.9977777777777778
988_O-39	46.333333333333336	44.0	3.1652892000200863	0.8614337363336035	0.998438197233378
989_O-39	46.333333333333336	44.0	3.151846012050916	0.861820912288465	0.9984805730410246
98_O-39	53.5	46.0	3.145032622351219	0.8595841189048982	0.9978194505015264
990_O-39	47.333333333333336	45.0	3.1275717650711594	0.8594143661573844	0.9984997856836691
991_O-39	56.5	51.0	3.1576789801012346	0.8590134230039745	0.9975903614457832
992_O-39	48.2	44.0	3.1665534805325914	0.8619359077907754	0.9984368021438143
993_O-39	60.75	51.0	3.1822061360639244	0.8629771221763958	0.9972036997203699
994_O-39	50.8	48.0	3.1707112030651508	0.8607370856411356	0.9982186595413048
995_O-39	54.625	49.0	3.1439186176431746	0.8597357904085258	0.9977797513321492
996_O-39	47.5	43.0	3.120754122190112	0.8591194368351973	0.9980553154710458
997_O-39	47.666666666666664	46.0	3.1867186809400363	0.8619274268684243	0.9986908138773729
998_O-39	46.0	43.0	3.160581512920737	0.8624674395987872	0.998471615720524
999_O-39	49.90909090909091	48.0	3.1914482719423276	0.8611349198470654	0.9984451354953354
99_O-39	45.666666666666664	44.0	3.140780837547346	0.8589815850417548	0.9987007362494587
9_O-39	47.111111111111114	44.0	3.1404208300813883	0.8612947796436314	0.9983239053006495
