	chao1	observed_otus	shannon	simpson	goods_coverage
1000_O-152	105.5	105.0	5.320530965093496	0.9416380618854868	0.9999221517262855
100_O-152	109.0	109.0	5.327690096998125	0.9431011296111423	0.9999603410668253
101_O-152	121.33333333333333	112.0	5.323427671207416	0.9416560182771534	0.9996861268047709
102_O-152	108.5	108.0	5.308463692124409	0.9415141899334898	0.9998825095950498
103_O-152	117.0	110.0	5.338658593759889	0.9432547892718113	0.9997282819656859
104_O-152	109.0	107.0	5.325988508917841	0.942254001314039	0.9998431741551007
105_O-152	110.5	110.0	5.336043123639187	0.9429920824463963	0.9998822744574815
106_O-152	115.25	110.0	5.3284438376269225	0.9425045689119584	0.999721647844759
107_O-152	111.5	109.0	5.3256395491370805	0.9422918242295176	0.9998028391167192
108_O-152	110.42857142857143	110.0	5.329310475330961	0.9426854233282056	0.9998838919421008
109_O-152	110.0	108.0	5.315289177631655	0.942201441814851	0.99984392680167
10_O-152	110.5	109.0	5.336156206253002	0.943046397649092	0.9998444306160548
110_O-152	109.5	108.0	5.33137092161828	0.9425296009010367	0.9998439389801412
111_O-152	121.5	111.0	5.356339454289037	0.9448666542196456	0.9997288713300798
112_O-152	119.66666666666667	115.0	5.328443056063495	0.9419133391447758	0.9996907375908458
113_O-152	118.0	108.0	5.307934063113696	0.9413338976443529	0.9998064566075714
114_O-152	114.75	111.0	5.357235497477624	0.9440938049296762	0.9997647243353462
115_O-152	111.5	110.0	5.318072427042096	0.941745652450458	0.9998433399913838
116_O-152	108.5	107.0	5.346479745928593	0.9436168176947435	0.999881652136179
117_O-152	114.0	111.0	5.305932967924538	0.9403815450363513	0.9997689196995956
118_O-152	118.0	111.0	5.336453552482317	0.942765616725422	0.999687792694349
119_O-152	119.0	112.0	5.338560351926573	0.9418134522043934	0.9997286295793758
11_O-152	112.0	110.0	5.321498094290122	0.9425800637609616	0.9998019409784116
120_O-152	112.33333333333333	109.0	5.306249755344101	0.9402710745423942	0.9998036057975569
121_O-152	129.0	111.0	5.3480815582425825	0.9441354648132356	0.9996449003748273
122_O-152	128.0	113.0	5.317077873780635	0.9409911892516748	0.9996143314435574
123_O-152	124.0	112.0	5.323253148042435	0.941797088909316	0.9996476115896633
124_O-152	114.33333333333333	111.0	5.345574640372501	0.9430665359882401	0.9998037753620345
125_O-152	131.33333333333334	113.0	5.3694834532322835	0.9447385773906678	0.9995688303543431
126_O-152	114.0	109.0	5.350728439534759	0.9440909878535906	0.9998020272410516
127_O-152	110.5	108.0	5.299542263985612	0.9417791987445905	0.9998042133291566
128_O-152	119.5	109.0	5.32560832881779	0.9423291047151585	0.9997267652913853
129_O-152	109.75	109.0	5.340103988634808	0.9425923623958331	0.9998829816281156
12_O-152	109.5	108.0	5.326769462474669	0.9416236004420163	0.9998433277192432
130_O-152	114.0	111.0	5.340498496884163	0.9427021270862392	0.9997679275934092
131_O-152	106.75	106.0	5.302309781789705	0.9404510903538289	0.9998821681068343
132_O-152	120.33333333333333	111.0	5.300272704084227	0.9410300070348129	0.9996865940609575
133_O-152	119.5	115.0	5.361512877430379	0.9445553979553759	0.9996474045053869
134_O-152	140.75	118.0	5.3084831708186275	0.940862014436598	0.9994535305827706
135_O-152	121.14285714285714	116.0	5.32026091743508	0.9415197799302046	0.9996459341437507
136_O-152	112.33333333333333	109.0	5.32102917509448	0.9412220006058011	0.9998049389458901
137_O-152	124.0	110.0	5.330886391316876	0.9423779186217243	0.9996861268047709
138_O-152	114.0	109.0	5.34506111124429	0.9436174225553141	0.99976750494052
139_O-152	124.0	112.0	5.326889518038134	0.9415763447586321	0.9996506075546411
13_O-152	121.33333333333333	112.0	5.344267054621187	0.9442039804651543	0.9996845177064437
140_O-152	117.5	110.0	5.337534313749602	0.9424157641679581	0.9997659358664274
141_O-152	116.5	109.0	5.3093890514163755	0.9411894424554137	0.9997644657297636
142_O-152	114.0	109.0	5.341531754002593	0.9435241282886471	0.999765138763847
143_O-152	111.0	109.0	5.358663276820449	0.9445727159829724	0.9998445998445998
144_O-152	104.0	104.0	5.331343710626283	0.9431137895516335	0.9999607996863975
145_O-152	113.5	111.0	5.31950735213531	0.9406061119906889	0.9997680083516993
146_O-152	109.0	107.0	5.318862126643303	0.9425432051280168	0.999841288735468
147_O-152	115.0	112.0	5.3402137720091245	0.9429611686211854	0.9997657896791319
148_O-152	106.33333333333333	106.0	5.279670344577743	0.9396534391988511	0.9999225916321555
149_O-152	111.0	105.0	5.320076530946366	0.9410820213673965	0.9998441092793952
14_O-152	113.0	111.0	5.327464139152633	0.9419125557077714	0.9998023559174638
150_O-152	116.0	111.0	5.335475191867121	0.9430481985016731	0.9997659541270089
151_O-152	118.6	113.0	5.330976853746633	0.9419527857448604	0.9996869864621645
152_O-152	114.0	109.0	5.344311380644306	0.9431482735814477	0.9997653408424264
153_O-152	109.33333333333333	106.0	5.331160005189129	0.9431657397992957	0.9998014612452351
154_O-152	116.2	112.0	5.33866830247691	0.9426347854982952	0.9997235932872656
155_O-152	108.5	108.0	5.318888043124698	0.9421813125801721	0.9998846375696981
156_O-152	119.0	112.0	5.329610371855102	0.9436850239092177	0.9996873412279673
157_O-152	108.25	108.0	5.316662882660035	0.9413019325425686	0.9999229257389495
158_O-152	116.25	111.0	5.302540012034041	0.9404010403544433	0.9997253825029423
159_O-152	124.0	115.0	5.322072768794886	0.9405763960809607	0.9996468372312038
15_O-152	107.75	107.0	5.3320504328306875	0.9419755796741487	0.9998821727347709
160_O-152	112.42857142857143	111.0	5.324597361196983	0.9430027385188458	0.9998071880302329
161_O-152	107.0	107.0	5.337883145224389	0.9431860636348108	0.9999609558019679
162_O-152	110.5	109.0	5.322595651103311	0.9426372137882914	0.9998443458634914
163_O-152	107.2	107.0	5.350837350931059	0.9433464884331026	0.9999213094113943
164_O-152	110.0	108.0	5.331032531831383	0.9426033726328255	0.9998422712933754
165_O-152	113.5	111.0	5.331531164144822	0.9427342747396001	0.9998028779814705
166_O-152	107.5	106.0	5.303124015160705	0.9409815064371707	0.9998827712867805
167_O-152	113.0	108.0	5.313984989592267	0.9422833773285927	0.9998056138713941
168_O-152	117.0	112.0	5.3219628124668565	0.9414036777971891	0.9997649639611407
169_O-152	114.75	111.0	5.362567158256978	0.9432317898276283	0.9997622444127438
16_O-152	118.66666666666667	114.0	5.312614199600718	0.9410432316561558	0.9996827411167513
170_O-152	113.0	107.0	5.320773535479596	0.9427503431036404	0.9998435727973094
171_O-152	113.0	110.0	5.318122802963073	0.9417538209790799	0.9997665914572473
172_O-152	125.0	111.0	5.3169461158944	0.941456243433113	0.9996895855967717
173_O-152	112.5	110.0	5.305621758597836	0.9401731257330654	0.9998037137361128
174_O-152	115.0	110.0	5.334002787942965	0.9423659409073151	0.9997631547783523
175_O-152	107.0	107.0	5.339733634129505	0.9427206419252749	0.9999607088130132
176_O-152	113.0	108.0	5.31956231990304	0.9421922993971011	0.9998048475859647
177_O-152	156.0	111.0	5.36719663210988	0.9451056769315502	0.9996079200156832
178_O-152	115.5	113.0	5.3525581780131795	0.9433810122866642	0.9997661548055188
179_O-152	112.0	110.0	5.31640170682089	0.9410761996335577	0.9998073514679818
17_O-152	114.75	111.0	5.288356616415234	0.9402032202502637	0.9997634535777646
180_O-152	157.0	112.0	5.349518617247217	0.9426458076527865	0.9996071344385951
181_O-152	134.5	112.0	5.307771360791004	0.9411745348386805	0.9996090084454176
182_O-152	116.2	112.0	5.3508899524608635	0.9438340809584101	0.9997233638950364
183_O-152	120.33333333333333	111.0	5.342660502926548	0.9434322203202855	0.9996918929327941
184_O-152	115.0	110.0	5.307349815512772	0.9410925710153002	0.9997672253258846
185_O-152	124.0	110.0	5.299727191702968	0.941408760423251	0.9996876586108616
186_O-152	109.0	106.0	5.346154805272076	0.9433946881479894	0.9998431495568975
187_O-152	113.75	110.0	5.317938346895688	0.941728220566662	0.9997652582159624
188_O-152	113.33333333333333	110.0	5.3242017412455365	0.9414988477262913	0.9998041289614917
189_O-152	116.0	111.0	5.34278972328295	0.9427633722483819	0.9997624985156157
18_O-152	115.25	110.0	5.333251534050388	0.9432432749975973	0.9997281658964701
190_O-152	120.33333333333333	111.0	5.302059810732531	0.9409596716392506	0.9996853738152358
191_O-152	109.0	108.0	5.330831124098183	0.9417264888302385	0.999883495145631
192_O-152	112.0	110.0	5.340956433812828	0.9439355262752094	0.9998053944654186
193_O-152	108.5	107.0	5.3441735520918625	0.943916592511021	0.9998835494138654
194_O-152	118.0	111.0	5.322323731732849	0.9428458623321997	0.9996853985606984
195_O-152	120.2	113.0	5.316707805056105	0.9416560693262975	0.9996473492418009
196_O-152	110.0	109.0	5.317733231431961	0.9413585578739486	0.9998818106606784
197_O-152	113.0	108.0	5.286204230651803	0.9405791627450605	0.9998031186013545
198_O-152	110.5	109.0	5.32092917887327	0.9428077228819474	0.9998411816088303
199_O-152	112.0	110.0	5.326323892333734	0.9424449407509763	0.999804916113929
19_O-152	113.0	108.0	5.317731458951911	0.9423874628145009	0.9998082748571647
1_O-152	113.5	111.0	5.329076701100145	0.9415406105560602	0.9998056894139593
200_O-152	111.0	109.0	5.334977427882407	0.9423054793117244	0.9998468782299124
201_O-152	117.5	107.0	5.320115936601703	0.9424222157769702	0.9997251021049325
202_O-152	124.0	109.0	5.323938103065057	0.9424562798735565	0.9997639932344727
203_O-152	113.0	108.0	5.33199096811935	0.9427444433735133	0.9997648810690074
204_O-152	114.0	109.0	5.35288525163422	0.9440552310264757	0.9998049389458901
205_O-152	122.5	115.0	5.301211395628409	0.9408087703161574	0.9996109857620789
206_O-152	113.75	110.0	5.334384592209388	0.9434589142971963	0.9997609847428595
207_O-152	111.33333333333333	108.0	5.312166616876488	0.9414549111880046	0.9998039215686274
208_O-152	120.33333333333333	111.0	5.325830005367458	0.9429452297684842	0.9996867045232034
209_O-152	111.66666666666667	110.0	5.328680976872471	0.9421767383493657	0.9998008523519337
20_O-152	123.0	114.0	5.3461309570110584	0.9438672789994292	0.9996070109250963
210_O-152	112.33333333333333	109.0	5.349587265775128	0.9434050992369769	0.9998062691309233
211_O-152	118.66666666666667	114.0	5.339317474650454	0.9431884608	0.99968
212_O-152	121.5	111.0	5.347297636660148	0.9434665446473353	0.9997239529931382
213_O-152	110.5	108.0	5.32461237435539	0.942482762970747	0.9998070913229677
214_O-152	114.0	109.0	5.30143361202179	0.940128345145421	0.9997661548055188
215_O-152	112.66666666666667	111.0	5.340028874754479	0.9425969612590552	0.999805121409362
216_O-152	106.33333333333333	106.0	5.3152157973701035	0.9413062479680402	0.9999218444704963
217_O-152	119.5	109.0	5.3097161869591805	0.9414992912231862	0.9997261560128315
218_O-152	119.33333333333333	110.0	5.34456899207439	0.9443861211799187	0.9996884735202493
219_O-152	111.2	110.0	5.329745605525783	0.94267036811273	0.9998442003583392
21_O-152	117.66666666666667	113.0	5.3261143222603415	0.9421567799901589	0.9996856334486011
220_O-152	126.0	112.0	5.326097852159456	0.9423188447595988	0.9996903425585446
221_O-152	115.0	110.0	5.31581238417835	0.941689012370253	0.9997639375221309
222_O-152	109.14285714285714	109.0	5.333848153440697	0.942751771078361	0.9999229079135027
223_O-152	116.14285714285714	114.0	5.332922927188934	0.9425312920674607	0.9997672524147562
224_O-152	112.5	111.0	5.3311117187156665	0.9423459481471396	0.9998428969796944
225_O-152	111.0	108.0	5.312516640814944	0.9406722242774761	0.9998431003373343
226_O-152	149.0	116.0	5.305042492792673	0.9412466804282379	0.9995321819812093
227_O-152	110.2	110.0	5.3446056793014955	0.9432980222485884	0.9999217282404509
228_O-152	116.0	111.0	5.349445796357816	0.9422254915698931	0.9997683397683398
229_O-152	118.0	111.0	5.30754425973095	0.9400735318808559	0.9996895615056267
22_O-152	132.33333333333334	114.0	5.319030974425225	0.9425639067285242	0.9995658694451022
230_O-152	129.0	114.0	5.324124023208368	0.9417375242943797	0.9996117409535642
231_O-152	107.0	106.0	5.3165462191484565	0.941583336242523	0.9998819455375413
232_O-152	118.0	111.0	5.3644165040386405	0.9452307828060206	0.9997255440109782
233_O-152	114.0	109.0	5.335554872804466	0.9423855942732349	0.9998056818623451
234_O-152	112.85714285714286	112.0	5.332976838412869	0.9425125632266846	0.9998446541613266
235_O-152	110.0	108.0	5.335202020521314	0.9433686962375643	0.9998424886788738
236_O-152	121.33333333333333	112.0	5.343233144953699	0.9422196790748437	0.9996874023132228
237_O-152	118.0	111.0	5.315001180640711	0.9426783007985586	0.9996846420687481
238_O-152	117.2	113.0	5.296823073645138	0.9405538508446066	0.9997264235744714
239_O-152	112.5	110.0	5.329054199502092	0.943438990868738	0.9998034668448568
23_O-152	120.0	113.0	5.355101791528884	0.9444198454571415	0.9996891996891997
240_O-152	111.85714285714286	111.0	5.342365622281927	0.9434306752632924	0.9998463016330451
241_O-152	114.5	107.0	5.347563725787906	0.9431262592517916	0.9997665823769695
242_O-152	110.5	109.0	5.336581903067939	0.9432512169512389	0.9998438536909083
243_O-152	112.33333333333333	109.0	5.2981226890665125	0.9411160088939725	0.9998047713872945
244_O-152	114.0	109.0	5.327248424828512	0.9411993236603414	0.9997648902821317
245_O-152	114.75	111.0	5.340817280252056	0.9428074540641224	0.9997670355270821
246_O-152	128.0	107.0	5.321921771258071	0.942121776231099	0.9997282925125179
247_O-152	113.0	108.0	5.347821082426005	0.9446308704041981	0.9998041979949874
248_O-152	115.25	110.0	5.329982976225349	0.9432186296525742	0.9997226954007051
249_O-152	112.5	111.0	5.318125991396111	0.942133734586906	0.9998438597860879
24_O-152	120.0	111.0	5.322919830726047	0.9416158330988302	0.9996493142144638
250_O-152	116.2	112.0	5.352195289538423	0.9437807248209892	0.999726005949585
251_O-152	116.25	111.0	5.314578811271939	0.9411047926299411	0.999726091720144
252_O-152	122.5	112.0	5.340915028277534	0.9436691601943933	0.9997262309828308
253_O-152	105.25	105.0	5.326754400386029	0.9415005387883648	0.999921439233247
254_O-152	114.5	112.0	5.332805803834106	0.9423983408895398	0.9998039830641368
255_O-152	111.33333333333333	108.0	5.324954152159584	0.9427636346279975	0.9998086344151867
256_O-152	104.0	104.0	5.306046733034857	0.9414478427596984	0.9999609603747804
257_O-152	113.66666666666667	113.0	5.34451783900718	0.9423430810146605	0.9998430449283893
258_O-152	117.0	110.0	5.323714911945133	0.9425706919507708	0.9997265518184304
259_O-152	146.0	110.0	5.334070542743911	0.9429277248178409	0.9996497236708959
25_O-152	108.5	108.0	5.343677840431125	0.9431623339746181	0.9998813666561215
260_O-152	112.0	110.0	5.338589922615816	0.9424507930608188	0.9998030100070916
261_O-152	120.0	113.0	5.309673465897794	0.940128007583794	0.9996884492561726
262_O-152	110.5	109.0	5.346932789805891	0.9432754306860218	0.9998437133703212
263_O-152	114.0	111.0	5.324854098748453	0.9415666216448958	0.9997633882798328
264_O-152	127.0	115.0	5.318984282264618	0.941349714181789	0.9996488764044944
265_O-152	116.2	112.0	5.3305230254893745	0.9429031998827435	0.9997249941070165
266_O-152	113.33333333333333	110.0	5.328738504193183	0.942357082052641	0.9998027224304596
267_O-152	108.75	108.0	5.314561985618453	0.9413397382553934	0.9998813525805814
268_O-152	120.33333333333333	111.0	5.315315661425371	0.9418725220927714	0.9996879875195008
269_O-152	113.5	111.0	5.332189837175457	0.9439629692284992	0.9998057196145477
26_O-152	108.0	107.0	5.325642562214996	0.9416493634353579	0.9998819594727523
270_O-152	125.0	113.0	5.333259400353303	0.9415076220260001	0.9996478597699351
271_O-152	112.33333333333333	109.0	5.297390093179534	0.9403138989792434	0.9998014612452351
272_O-152	120.33333333333333	111.0	5.34166722117008	0.942883004054011	0.9996909526384918
273_O-152	113.33333333333333	110.0	5.31228740280546	0.9418286342878529	0.999806509036028
274_O-152	111.5	110.0	5.326997655648508	0.9421532436212553	0.9998441517961506
275_O-152	106.25	106.0	5.316431439334158	0.9422704755798946	0.9999238559354299
276_O-152	111.0	109.0	5.347999759412903	0.9435730323066321	0.9998443943048315
277_O-152	121.0	106.0	5.297835672855185	0.9404190599201057	0.999765734811807
278_O-152	140.5	113.0	5.321610912086861	0.9422036933783768	0.999568170219448
279_O-152	121.5	111.0	5.337247412487756	0.9430249574577738	0.9997258557217827
27_O-152	113.75	110.0	5.318403731618757	0.9424992278639296	0.9997667094366033
280_O-152	113.33333333333333	110.0	5.312624033237545	0.9410391004352252	0.9998029090622413
281_O-152	134.5	112.0	5.347282640971597	0.9442932249634827	0.9996075969235598
282_O-152	112.33333333333333	109.0	5.358724992080005	0.9442051354813018	0.9998054247577538
283_O-152	107.75	107.0	5.317400938754918	0.9414337849893738	0.9998829131215362
284_O-152	112.5	110.0	5.3595144077361425	0.9438262753505927	0.9998034050249676
285_O-152	112.0	110.0	5.292083435244867	0.9397128003027644	0.9998063816604709
286_O-152	109.0	106.0	5.3380369858538925	0.9422851062933945	0.9998823990591925
287_O-152	110.0	107.0	5.3307801040554565	0.9431513849033507	0.999844545489876
288_O-152	110.5	109.0	5.316755809750293	0.9414516281631531	0.9998419534552926
289_O-152	112.33333333333333	109.0	5.331832024963147	0.9434255276295485	0.9998047637641546
28_O-152	114.5	112.0	5.307867529592215	0.9407790495589874	0.9997653500195541
290_O-152	124.25	113.0	5.340946222584336	0.9432508900963754	0.9996117258784702
291_O-152	139.0	111.0	5.325904699100176	0.9422595322603182	0.9996902106567535
292_O-152	117.25	112.0	5.349008825086968	0.9430541149882086	0.9997274143302181
293_O-152	111.0	109.0	5.32048253313555	0.9420083414656327	0.9998061790130636
294_O-152	118.0	108.0	5.336490538647354	0.9425482721751067	0.9998039830641368
295_O-152	116.25	111.0	5.329108712511579	0.9426567981794209	0.9997231122186623
296_O-152	113.33333333333333	110.0	5.316160409666933	0.9403734608007606	0.9998054247577538
297_O-152	106.5	105.0	5.327605377138382	0.9425054154310524	0.9998819083608881
298_O-152	109.0	107.0	5.320866678774622	0.9419655044266294	0.9998432908912831
299_O-152	117.25	112.0	5.353670592066433	0.9435976400337418	0.9997238005050505
29_O-152	117.0	110.0	5.326779044558464	0.942436828315775	0.999688255007404
2_O-152	110.0	108.0	5.365489970935823	0.9446363991580427	0.9998451293170203
300_O-152	117.0	110.0	5.310420128448207	0.9414423346698879	0.9997249184579715
301_O-152	128.0	110.0	5.322984571561874	0.942471530634258	0.9996474873682973
302_O-152	138.0	110.0	5.348389167961064	0.9432692104610466	0.9996872678941402
303_O-152	109.0	107.0	5.343904993580416	0.9433004856486177	0.9998444245653612
304_O-152	115.0	112.0	5.348889474240033	0.9430496844494539	0.999765615844369
305_O-152	107.5	106.0	5.319041453279596	0.9407871505546892	0.9998847439394521
306_O-152	113.85714285714286	113.0	5.335163726445723	0.9428036563302782	0.9998443276902121
307_O-152	108.75	108.0	5.316411596496621	0.9422010810640818	0.9998825325972043
308_O-152	124.0	109.0	5.3200877519206475	0.9420999853910124	0.9997641416722356
309_O-152	124.0	112.0	5.353486326876864	0.9433762675716981	0.9996473492418009
30_O-152	118.0	111.0	5.3367672005655935	0.9428179129344818	0.9996854851391729
310_O-152	107.75	107.0	5.355224324423251	0.9447091701218718	0.9998822421102214
311_O-152	108.25	108.0	5.306214985500592	0.9409029664836731	0.9999214238007308
312_O-152	113.5	111.0	5.364110368991844	0.9442355772116909	0.9998062391009495
313_O-152	115.0	112.0	5.33344071896477	0.9433644911416205	0.9997657805363626
314_O-152	117.25	112.0	5.32132221173675	0.9414496920616383	0.9997283241481022
315_O-152	112.33333333333333	109.0	5.35387324438579	0.9439911189583449	0.9998031573560096
316_O-152	125.0	113.0	5.322767505959565	0.942180676598347	0.9996479148736406
317_O-152	109.0	106.0	5.346397496727482	0.9439349932684451	0.9998437866125127
318_O-152	114.0	111.0	5.344370581578621	0.9431878512379017	0.9997660453871949
319_O-152	109.6	109.0	5.29690807644358	0.9412321067600873	0.9998835674920438
31_O-152	116.0	111.0	5.300336712042279	0.9408305410622194	0.9997661456912343
320_O-152	106.5	105.0	5.334894645864238	0.9422486263628455	0.9998834498834499
321_O-152	116.0	111.0	5.319976223723445	0.9418429754231231	0.9997698680576864
322_O-152	111.0	108.0	5.321509638933544	0.9421769974725571	0.9998446360599704
323_O-152	116.5	109.0	5.343032174039717	0.9433118982117487	0.9997671349840875
324_O-152	122.33333333333333	113.0	5.318233761549567	0.9425950703443258	0.9996903425585446
325_O-152	112.0	111.0	5.344513687270988	0.942975655350422	0.9998436461712856
326_O-152	129.0	114.0	5.318261298745858	0.9419115941179885	0.999614167759858
327_O-152	118.6	113.0	5.298486381259056	0.9401395518894611	0.9996894048219901
328_O-152	113.42857142857143	112.0	5.327787382714959	0.942342700159462	0.999806733408063
329_O-152	118.6	113.0	5.304706597434564	0.940640221906424	0.9996842562260725
32_O-152	125.0	111.0	5.307259385971143	0.9408338039052573	0.9996880483525054
330_O-152	117.25	112.0	5.317773144924665	0.9418923883552556	0.9997296879827
331_O-152	116.0	111.0	5.331768949469945	0.9433635483734394	0.9997677928712412
332_O-152	109.0	108.0	5.3153688918110635	0.9416276977166201	0.9998825463941743
333_O-152	112.5	110.0	5.31859524013254	0.9416724092871773	0.9998066960488673
334_O-152	117.66666666666667	113.0	5.33352952410907	0.9429745143014076	0.9996863360125465
335_O-152	109.5	108.0	5.320999368378807	0.9426811268042632	0.9998451293170203
336_O-152	115.75	112.0	5.3269595205504245	0.9419745047438117	0.9997648257750951
337_O-152	120.0	113.0	5.312886769321771	0.9406410377252281	0.999687792694349
338_O-152	109.5	108.0	5.327609203686871	0.9412651677397988	0.9998444729577355
339_O-152	110.2	109.0	5.329029374703294	0.941153094628457	0.9998427920138343
33_O-152	115.0	112.0	5.3394699034868935	0.9430845923080586	0.9997609561752988
340_O-152	109.5	108.0	5.314041541791948	0.9420819100302517	0.9998440120110752
341_O-152	147.0	111.0	5.340288717908545	0.9439477295829647	0.9996500097219522
342_O-152	131.0	110.0	5.301963243219095	0.9410015200560995	0.9997267866203505
343_O-152	110.5	109.0	5.329024657079641	0.9426444110470277	0.9998432970304787
344_O-152	116.0	113.0	5.310735181166998	0.9412374017966918	0.9997644657297636
345_O-152	111.33333333333333	108.0	5.312329137401703	0.9420125614956237	0.999803203841461
346_O-152	112.75	109.0	5.301692120303275	0.9398574646852057	0.9997653316645807
347_O-152	114.5	112.0	5.31579129186051	0.9417684870175661	0.999765478424015
348_O-152	112.0	107.0	5.339215843358264	0.9430515766609243	0.9998052580331062
349_O-152	113.75	110.0	5.320219844908337	0.9420486501983996	0.9997682144788689
34_O-152	112.66666666666667	111.0	5.340888641903682	0.9428331640513731	0.9998047942531428
350_O-152	124.0	112.0	5.326363569610486	0.9416796191226899	0.9996448863636364
351_O-152	120.0	113.0	5.335357348235059	0.9426565986665667	0.9997280919825979
352_O-152	132.0	114.0	5.3123656843786256	0.9408183106205035	0.9996513924933184
353_O-152	114.0	109.0	5.308728632964135	0.9401897294440094	0.999766754781527
354_O-152	108.6	108.0	5.318753742352693	0.9421083475722972	0.9998833773907635
355_O-152	110.5	109.0	5.3488423028485235	0.9428554632633392	0.9998438354025142
356_O-152	112.66666666666667	111.0	5.316882557254494	0.9419241685726962	0.9998021290909811
357_O-152	111.5	109.0	5.344278426935317	0.9426720670931927	0.9998044583496285
358_O-152	115.75	112.0	5.322625155085009	0.9417919319400277	0.9997679365693289
359_O-152	110.0	107.0	5.323505573093887	0.9425464749592171	0.9998414460123672
35_O-152	114.0	109.0	5.333866162696526	0.943035723061997	0.9998057875315596
360_O-152	110.0	107.0	5.324971771792349	0.9415537661181045	0.9998437011566115
361_O-152	113.75	110.0	5.313505241663864	0.9416625928263422	0.9997656707674283
362_O-152	110.5	109.0	5.338756062232765	0.9425854201144975	0.9998449492208699
363_O-152	107.5	107.0	5.321195701179157	0.9421643865454795	0.9998819734046739
364_O-152	111.5	110.0	5.302179625417541	0.9404797107068862	0.9998429154885329
365_O-152	123.0	111.0	5.301303530276032	0.9412510424818659	0.9996506618018088
366_O-152	116.25	111.0	5.324886381859494	0.9418625009963177	0.9997286716539401
367_O-152	110.0	107.0	5.305294635403377	0.9412224210914956	0.9998420595435521
368_O-152	108.0	105.0	5.337745600138849	0.9427192789745458	0.999844497142635
369_O-152	113.5	111.0	5.345114372539858	0.9431748096029932	0.9998051973350995
36_O-152	116.0	111.0	5.316167182409419	0.9396963344516976	0.9997671169073126
370_O-152	116.5	109.0	5.336384465401238	0.9423041308302982	0.9997622538336569
371_O-152	120.5	110.0	5.324089897166556	0.9430743981196094	0.9997233310936327
372_O-152	106.5	105.0	5.337573466506308	0.9434863884446716	0.9998833501827514
373_O-152	116.5	109.0	5.3423019871297495	0.9421681478927426	0.9997639653815893
374_O-152	116.66666666666667	112.0	5.337650614554868	0.9425848955977641	0.9996889580093312
375_O-152	107.33333333333333	107.0	5.318768211607988	0.9417084504130365	0.9999219329403958
376_O-152	108.0	106.0	5.318806270818584	0.9418424963446574	0.9998436767234641
377_O-152	104.5	104.0	5.296732023836329	0.9405491549621149	0.9999215378579835
378_O-152	105.0	105.0	5.320648309052184	0.9424992588841621	0.9999611031156405
379_O-152	116.0	109.0	5.319096681954422	0.9430276686056625	0.9997246262785209
37_O-152	111.0	109.0	5.352911733495072	0.9439979328906968	0.9998057799875699
380_O-152	119.0	112.0	5.353901337880089	0.9443772516512312	0.9997296357807732
381_O-152	110.0	107.0	5.331050363532821	0.9431947946421805	0.9998471123342124
382_O-152	115.5	108.0	5.328716646523405	0.9427449647144144	0.9997626206678272
383_O-152	108.0	105.0	5.315061119231664	0.941648830608186	0.9998838604777206
384_O-152	106.2	106.0	5.331427900275416	0.9424110575527263	0.9999216822649489
385_O-152	120.33333333333333	111.0	5.327853000452727	0.9418098933811604	0.9996839318873217
386_O-152	110.6	110.0	5.326203351896472	0.9416432219588391	0.9998843975184001
387_O-152	110.14285714285714	110.0	5.3375663357154	0.943122443301776	0.9999218414162335
388_O-152	134.5	112.0	5.348693553084228	0.9433893841989429	0.9996080583209218
389_O-152	104.0	104.0	5.331685664886553	0.9426170513077275	0.9999610500895848
38_O-152	129.0	111.0	5.3177090220804795	0.9425154855240618	0.9996461290449417
390_O-152	109.5	108.0	5.321745154148297	0.9422566667363029	0.99984365839359
391_O-152	110.6	110.0	5.333389070581249	0.9423340417752589	0.9998826887733157
392_O-152	112.25	111.0	5.311263629600838	0.9406718198405396	0.999802683504341
393_O-152	118.6	113.0	5.357199871256934	0.94385222251668	0.9996900185988841
394_O-152	116.25	111.0	5.328204915595916	0.9438630927731823	0.9997250697144653
395_O-152	112.66666666666667	111.0	5.336238338303211	0.9439632920277625	0.999803867728396
396_O-152	127.0	113.0	5.329703554595716	0.9432030979026104	0.9996857445889147
397_O-152	107.2	107.0	5.358968107636683	0.9443630399261441	0.9999210734017364
398_O-152	116.0	106.0	5.3124431426790055	0.9414019034430133	0.9998045653533458
399_O-152	111.0	108.0	5.316448389092852	0.9417340255835907	0.9998444669103351
39_O-152	108.0	106.0	5.320685949957765	0.9417811215873498	0.9998410806515693
3_O-152	115.75	112.0	5.321666632661316	0.9422605410474119	0.9997647704551692
400_O-152	115.25	110.0	5.313215430221708	0.9417350208068781	0.9997245721030887
401_O-152	111.5	109.0	5.319619357761459	0.9412168056306928	0.9998049465553561
402_O-152	108.75	108.0	5.322375273990437	0.9414378362155228	0.9998835945987894
403_O-152	114.5	112.0	5.323759633422427	0.9428198697031309	0.9997635374793096
404_O-152	112.0	110.0	5.302700708230525	0.9403154905667195	0.9998058554011028
405_O-152	130.75	117.0	5.339207891216825	0.942653705300374	0.9995726993745873
406_O-152	122.0	113.0	5.3298094835969385	0.9420941819913603	0.9996429704855602
407_O-152	115.0	110.0	5.325478683071557	0.9420701001688961	0.9997647612326511
408_O-152	111.33333333333333	108.0	5.340937592107009	0.9434389814390943	0.9998062090616643
409_O-152	110.33333333333333	107.0	5.318703072778694	0.9421788250744471	0.9998041749892296
40_O-152	110.2	109.0	5.323168803829636	0.9422759279397835	0.9998442064264849
410_O-152	116.25	111.0	5.34662195084055	0.9437787815914057	0.9997255655310306
411_O-152	114.0	109.0	5.328818734288988	0.9426885792450368	0.9998069796170476
412_O-152	110.5	110.0	5.306885234793463	0.9403560035533807	0.9998830546134955
413_O-152	109.0	107.0	5.292072510868258	0.9401602999754707	0.9998416029778641
414_O-152	115.5	108.0	5.319475369846526	0.9419160749346025	0.9997648165569144
415_O-152	110.2	109.0	5.322293621771764	0.9420543964248067	0.9998447024109951
416_O-152	117.25	112.0	5.337479622395306	0.9424021240649807	0.9997272018706157
417_O-152	113.2	112.0	5.358483362914056	0.9444578614657628	0.999844744604875
418_O-152	121.5	111.0	5.329679751256102	0.9414332527353376	0.9997313066175342
419_O-152	118.25	113.0	5.310761647083045	0.9414286942555276	0.9997267972835844
41_O-152	125.0	113.0	5.357241724007886	0.9444740083277113	0.9996411340165078
420_O-152	111.33333333333333	108.0	5.323362879301697	0.942065689108462	0.9998038215560874
421_O-152	109.14285714285714	109.0	5.347199782972177	0.9437947817811088	0.9999218475245203
422_O-152	114.75	111.0	5.361696439820909	0.9436444059147405	0.9997666186938426
423_O-152	105.5	105.0	5.34482999434622	0.9438382341015386	0.9999215624754882
424_O-152	119.5	109.0	5.324988150853833	0.9420165735042577	0.9997247886770199
425_O-152	108.2	107.0	5.367052720106246	0.9448708969966355	0.99984392680167
426_O-152	110.5	108.0	5.35599601529705	0.9438489569444969	0.999803203841461
427_O-152	120.0	114.0	5.342153862742109	0.9436203360125193	0.999650064154905
428_O-152	116.5	109.0	5.342768023763838	0.94198028618505	0.9997679993813317
429_O-152	113.75	110.0	5.345077168939668	0.9435908180974306	0.9997639839509087
42_O-152	119.33333333333333	110.0	5.319032672282107	0.9420465246128609	0.9996871088861077
430_O-152	107.75	107.0	5.351403290045062	0.9434604771813773	0.9998830044458311
431_O-152	106.5	105.0	5.32258235616021	0.9422192987829702	0.9998826612430086
432_O-152	113.75	110.0	5.318699303962743	0.9423161292657586	0.9997646597372034
433_O-152	106.5	106.0	5.3426131738602765	0.9431868535428279	0.9999227679950572
434_O-152	116.25	111.0	5.315395881698357	0.9410643267404841	0.9997233966886632
435_O-152	117.25	112.0	5.323122118094701	0.941519881743205	0.9997283241481022
436_O-152	120.6	115.0	5.350464371665538	0.9437626435868114	0.9996844928222117
437_O-152	117.5	110.0	5.324493522046083	0.9418754035789234	0.9997659358664274
438_O-152	114.0	109.0	5.330584810266505	0.9434195844853773	0.9997646320414247
439_O-152	113.0	110.0	5.30502915402759	0.9406426001381853	0.999765267399554
43_O-152	114.0	109.0	5.344054286990884	0.9436595398911966	0.999765267399554
440_O-152	115.75	112.0	5.3181563860765255	0.9419394068132441	0.999759142547469
441_O-152	116.25	111.0	5.355115373131916	0.944123130849046	0.9997260702825389
442_O-152	127.0	112.0	5.335173395211491	0.9431614386512013	0.9996041015083732
443_O-152	105.2	105.0	5.316835069954007	0.9422069998975391	0.9999218902558095
444_O-152	109.0	107.0	5.310885777594325	0.9413494570198707	0.9998427858350037
445_O-152	110.5	109.0	5.3277662126473455	0.9422249564929372	0.9998418284629681
446_O-152	115.0	112.0	5.336524788488727	0.9423209953407149	0.9997693194925029
447_O-152	113.5	111.0	5.341626454594031	0.9428806265899977	0.9997654142393557
448_O-152	129.0	111.0	5.319378251551737	0.9418492995273607	0.9996508921644686
449_O-152	114.5	112.0	5.3358964559564415	0.9421659861214237	0.9997676489950819
44_O-152	108.0	107.0	5.31219460764563	0.9402794624429158	0.9998814369837569
450_O-152	112.0	110.0	5.381821955960999	0.9454759551278319	0.9998073811541721
451_O-152	113.42857142857143	112.0	5.326829609324354	0.9423931079056455	0.9998020350793839
452_O-152	112.33333333333333	109.0	5.313314313046738	0.9418576294118007	0.999804702757597
453_O-152	114.0	109.0	5.339209365000028	0.9427383724160424	0.9997663096397273
454_O-152	134.5	112.0	5.344239846431206	0.9431411966313067	0.9996101668485888
455_O-152	111.33333333333333	108.0	5.300586647631042	0.940956434931183	0.9998065913662386
456_O-152	114.75	111.0	5.314202215496472	0.9409114448422915	0.99976278021587
457_O-152	141.5	114.0	5.305708401986897	0.9411438477493982	0.9995719844357976
458_O-152	110.14285714285714	110.0	5.325321121036948	0.9413162147982929	0.9999221759601541
459_O-152	123.5	116.0	5.3241892898484195	0.9412300922548625	0.9996081658242232
45_O-152	117.2	113.0	5.335224347161812	0.9435673573690824	0.9997259523157029
460_O-152	109.0	108.0	5.3078535740378765	0.9413378631641934	0.9998824819805704
461_O-152	115.5	108.0	5.3182652521762535	0.9418200157768648	0.9997653133067355
462_O-152	117.25	112.0	5.3047106000928315	0.9415161617914776	0.9997274355579784
463_O-152	116.14285714285714	114.0	5.310296009587772	0.941075183757068	0.9997641324003459
464_O-152	111.0	106.0	5.296784543646657	0.940661378280055	0.9998047408911626
465_O-152	119.5	109.0	5.332013316709119	0.9425317304970269	0.9997259308562703
466_O-152	115.75	112.0	5.268513371513421	0.938972247107767	0.999764788898036
467_O-152	111.33333333333333	108.0	5.318007658225598	0.9417163794728283	0.9998003593531644
468_O-152	115.5	108.0	5.343708242142916	0.9439903602949671	0.9997652765824271
469_O-152	110.5	109.0	5.358016678850163	0.9437629326655947	0.9998431311031806
46_O-152	126.0	112.0	5.337866525177907	0.9416666312667672	0.9996825018851451
470_O-152	113.75	110.0	5.333812352791644	0.9427102702908835	0.9997674057993488
471_O-152	107.0	107.0	5.328917596056207	0.9419098893422457	0.9999605211212002
472_O-152	115.0	112.0	5.317181967178652	0.9423755983113731	0.9997626488389573
473_O-152	132.33333333333334	114.0	5.327335845816911	0.9413453259104447	0.9995707987045924
474_O-152	109.5	108.0	5.356254232128578	0.9438356076124634	0.9998448770650741
475_O-152	115.5	108.0	5.317593454000081	0.9418290377655228	0.9997647427854455
476_O-152	123.0	114.0	5.312955902492406	0.9409480153091059	0.9996484100320338
477_O-152	107.0	107.0	5.323740772607186	0.9414716677907795	0.9999609283425803
478_O-152	124.0	112.0	5.321582583759551	0.9421762215010772	0.9996520932390119
479_O-152	116.2	112.0	5.324625200630913	0.942703278322852	0.9997255762897914
47_O-152	120.5	110.0	5.321498117088925	0.9406320308805866	0.9997234841003357
480_O-152	125.0	113.0	5.316265677060569	0.9416831626192196	0.9996468926553672
481_O-152	105.0	104.0	5.31944386912953	0.9428674931349257	0.9998822097451804
482_O-152	121.33333333333333	112.0	5.326422727718493	0.9425086728639404	0.9996856087400771
483_O-152	112.5	110.0	5.337724360884365	0.9435554194945971	0.9998031573560096
484_O-152	114.0	109.0	5.34367066926057	0.9436938099868998	0.9997657531037714
485_O-152	124.0	112.0	5.344125792582144	0.9426879135385835	0.9996512979465324
486_O-152	116.5	109.0	5.326515815246288	0.9423381058734241	0.9997665823769695
487_O-152	119.33333333333333	110.0	5.336933597485801	0.9435723460725808	0.999689537410742
488_O-152	111.2	110.0	5.329972517886821	0.9422963078345302	0.9998431311031806
489_O-152	117.2	113.0	5.305613843107104	0.9409964448239029	0.9997276370569238
48_O-152	124.0	112.0	5.331414945670452	0.942563352169779	0.9996492048643593
490_O-152	119.0	112.0	5.323546117971867	0.9415097411489031	0.9996905342153108
491_O-152	109.5	108.0	5.329757757980562	0.9415231228359809	0.9998433951922324
492_O-152	117.0	110.0	5.294998339114058	0.9403452184218201	0.9996887280650558
493_O-152	121.0	112.0	5.340721155906473	0.9434897086991124	0.9996489859594384
494_O-152	110.11111111111111	110.0	5.307656672333605	0.9420118088723949	0.9999217190496693
495_O-152	109.0	106.0	5.320937122478664	0.9413981232057922	0.9998431557071717
496_O-152	132.33333333333334	114.0	5.322215831960845	0.9420525705581047	0.999572217469083
497_O-152	114.0	109.0	5.335087834678999	0.9419902884332637	0.9997620275254829
498_O-152	109.5	108.0	5.316843561948564	0.9412997675760573	0.9998445092322643
499_O-152	112.75	109.0	5.339334936845839	0.9422069215239509	0.9997661456912343
49_O-152	117.0	107.0	5.331745196381422	0.9426810616601532	0.999804228660924
4_O-152	120.5	110.0	5.323451908812933	0.9417448124140283	0.9997263914946842
500_O-152	112.0	110.0	5.3433672788699305	0.9435358592183625	0.9998045118661297
501_O-152	110.5	108.0	5.331850927537929	0.9424701271084648	0.999804427755613
502_O-152	109.0	106.0	5.315894386098383	0.9413945726074482	0.9998458633578667
503_O-152	113.33333333333333	110.0	5.350969364267264	0.9433290797679694	0.9998059684116574
504_O-152	116.25	111.0	5.319917102181873	0.9414422594877088	0.9997236369378972
505_O-152	111.0	108.0	5.3399604162586005	0.9441563154137224	0.9998442064264849
506_O-152	110.75	110.0	5.3563903552010785	0.9450054484339857	0.9998839817464614
507_O-152	118.0	111.0	5.323932560358583	0.9420740540334706	0.9997257053291536
508_O-152	112.0	110.0	5.33041416312794	0.941744117632787	0.9998052959501558
509_O-152	111.33333333333333	108.0	5.328446993285519	0.942926511690601	0.9998042823032058
50_O-152	116.5	109.0	5.324999783832975	0.9418891553736264	0.999762733312243
510_O-152	116.66666666666667	112.0	5.316469943345642	0.9414425214927548	0.9996817313812858
511_O-152	117.0	110.0	5.331840656879436	0.9425216554386275	0.9997262631002659
512_O-152	118.66666666666667	114.0	5.34601713248072	0.9430889391490136	0.9996869497162982
513_O-152	116.0	111.0	5.318213923996757	0.9420635879149846	0.9997660727513743
514_O-152	111.33333333333333	108.0	5.336342095791375	0.942906000119346	0.9998041979949874
515_O-152	112.0	107.0	5.3052832486274	0.9410262038956302	0.9998039830641368
516_O-152	116.0	111.0	5.318508343392818	0.9414892505022646	0.9997638631980794
517_O-152	111.0	109.0	5.317226808350825	0.9424676675293705	0.9998442488902733
518_O-152	104.0	104.0	5.333813822026436	0.9424099183071434	0.9999608242576197
519_O-152	142.5	115.0	5.307588920938401	0.9404391317034054	0.9995769718878591
51_O-152	117.0	110.0	5.343585517765432	0.9433028628483647	0.9997267012845039
520_O-152	115.2	111.0	5.347311117002718	0.9427697294752418	0.9997242791870175
521_O-152	118.25	113.0	5.295466339036415	0.9403335454816066	0.9997266799422123
522_O-152	110.0	109.0	5.3287096641881755	0.9419774608535871	0.99984365839359
523_O-152	109.0	107.0	5.318152350214401	0.9416100650705661	0.9998426002439696
524_O-152	110.0	107.0	5.325213547325111	0.942134158190025	0.9998443821973234
525_O-152	108.0	105.0	5.3453851699077335	0.9433165996563486	0.9998415904320621
526_O-152	111.2	110.0	5.322557428274389	0.9420507146257483	0.9998439146212978
527_O-152	114.75	111.0	5.306742552183039	0.9404273444722143	0.9997655883731833
528_O-152	108.5	108.0	5.327586173064658	0.9431650084119932	0.999883418178992
529_O-152	124.0	115.0	5.3134509165918775	0.9403156878515626	0.9996450544249882
52_O-152	115.0	110.0	5.3276793122709165	0.9414334758803309	0.9997657256647534
530_O-152	111.5	109.0	5.309694976246139	0.9412599588518048	0.9998031573560096
531_O-152	107.25	107.0	5.321512398169334	0.94223796887587	0.9999212753395001
532_O-152	119.0	112.0	5.318540515163648	0.9410566779168579	0.9997265411360262
533_O-152	110.5	109.0	5.3354769962476185	0.9420608755576433	0.9998829679332137
534_O-152	106.5	105.0	5.312848348828981	0.9403822314361071	0.9998824543531071
535_O-152	118.0	111.0	5.338063366754946	0.9431185908552485	0.999729154575353
536_O-152	112.0	110.0	5.3188907953498035	0.9412956897876953	0.9998016660055533
537_O-152	110.0	107.0	5.331172163324823	0.9424561304424234	0.9998426373972226
538_O-152	112.2	111.0	5.325884746478997	0.9422968563430765	0.9998411879144002
539_O-152	116.5	114.0	5.369834726756273	0.9450960610450285	0.9997616399173685
53_O-152	119.0	112.0	5.318710426073445	0.9411563875029855	0.9996897300651567
540_O-152	114.0	109.0	5.312031629507877	0.9409361313647109	0.9997661821441097
541_O-152	108.5	107.0	5.330878381581849	0.9417138336546205	0.9998825509924442
542_O-152	118.0	111.0	5.355993964647194	0.9436318413693734	0.9996842936069456
543_O-152	106.75	106.0	5.3312846531098845	0.9432858815544362	0.9998839368616528
544_O-152	115.0	109.0	5.326702672404101	0.9424035266481736	0.999844840961986
545_O-152	113.33333333333333	110.0	5.341106179387345	0.9425113918577445	0.9998038754216678
546_O-152	114.0	109.0	5.342875697225636	0.94302120366264	0.9998062991515902
547_O-152	112.33333333333333	109.0	5.304339556956613	0.9408337588593615	0.9998059382883757
548_O-152	113.0	107.0	5.313916832010235	0.9423558616836808	0.99984532095901
549_O-152	112.0	107.0	5.331483616311309	0.9412363279563061	0.9998060662477698
54_O-152	114.0	109.0	5.3362258889664895	0.9423216162075131	0.9997645766303068
550_O-152	110.0	107.0	5.306641268851757	0.9415718871057406	0.9998411311462387
551_O-152	113.33333333333333	110.0	5.329880543467348	0.9420194472123417	0.9998060436789635
552_O-152	110.0	109.0	5.32956892108141	0.9420963155721506	0.9998439389801412
553_O-152	112.0	107.0	5.334068818585886	0.9420421534555922	0.9998050834242944
554_O-152	111.5	109.0	5.3178666770546466	0.9421811241664508	0.9998059684116574
555_O-152	117.0	114.0	5.354936470559538	0.9445043849621164	0.9997275310419992
556_O-152	135.5	113.0	5.320073408060654	0.9408426800487559	0.9996109100813197
557_O-152	112.5	111.0	5.336291737077223	0.941521741893681	0.9998447325518205
558_O-152	126.0	112.0	5.311834965193411	0.9414189287912476	0.9996878779602825
559_O-152	108.0	107.0	5.314167195490912	0.9410042403540737	0.9998839458413926
55_O-152	118.6	113.0	5.317484313887559	0.940302707961612	0.9996896578477772
560_O-152	113.0	111.0	5.305528674525142	0.9410628973165713	0.9998038292529818
561_O-152	114.0	111.0	5.3362100924715845	0.9426865942243675	0.9997646135739505
562_O-152	117.0	110.0	5.3461007673912375	0.9422312465369472	0.9997241053129434
563_O-152	117.2	113.0	5.302117441959194	0.9396549694118336	0.9997276582500098
564_O-152	115.5	108.0	5.332531121212128	0.9418623184222616	0.9997637423216255
565_O-152	112.33333333333333	109.0	5.3383703925328305	0.9431544818010462	0.9998055609566401
566_O-152	122.0	113.0	5.325744119368536	0.9424142510005925	0.9996472801379527
567_O-152	111.5	109.0	5.328853833537955	0.941704449143218	0.9998046951290965
568_O-152	112.66666666666667	111.0	5.35361898645923	0.9438042355219991	0.9998047180128105
569_O-152	104.0	104.0	5.310789182387594	0.9409863888631745	0.9999607334982527
56_O-152	114.75	111.0	5.3346591580985105	0.9415085636601919	0.9997673607072235
570_O-152	113.0	108.0	5.345307684906018	0.9427837355216538	0.9998037291462217
571_O-152	130.0	115.0	5.340803386132883	0.943749373345532	0.9996098778917801
572_O-152	111.0	109.0	5.313786012349395	0.9409283707803645	0.9998056743101438
573_O-152	115.42857142857143	114.0	5.328172527865465	0.942098615984749	0.999803890806401
574_O-152	120.33333333333333	111.0	5.325977116148591	0.9422625587056364	0.9996837694679421
575_O-152	114.0	111.0	5.32232175532513	0.9420053221082192	0.9997650007833307
576_O-152	117.0	110.0	5.333896716257986	0.9425860873892367	0.9997261988578581
577_O-152	120.33333333333333	111.0	5.332954376229259	0.9424781685242404	0.999689633767846
578_O-152	117.25	112.0	5.339672700947276	0.9426279378061394	0.9997254363600706
579_O-152	117.25	112.0	5.330733489697156	0.9418492875320199	0.9997279017336547
57_O-152	120.5	110.0	5.316500010976147	0.9416463420155647	0.9997274461706187
580_O-152	124.0	109.0	5.318714262664827	0.9415057557781351	0.9997624515005147
581_O-152	107.5	106.0	5.31433172212807	0.940733008844268	0.9998822929336525
582_O-152	127.0	113.0	5.318531782915002	0.9415576984312589	0.9996829799881117
583_O-152	115.25	110.0	5.341119004873866	0.9422944925128196	0.9997279334602978
584_O-152	113.0	111.0	5.299634195813659	0.9407766461101115	0.9998038138585891
585_O-152	110.2	109.0	5.304338231999016	0.94158211140614	0.9998447626809485
586_O-152	111.33333333333333	108.0	5.308736723200712	0.9422425762717768	0.9998057347113218
587_O-152	111.0	110.0	5.306785884906899	0.9419998375756072	0.99984502130957
588_O-152	109.75	109.0	5.360464254014693	0.94495502573167	0.9998830546134955
589_O-152	110.5	109.0	5.30917935967263	0.9412594256102841	0.9998451173236274
58_O-152	113.0	108.0	5.311458595101334	0.9414051187544066	0.9997646135739505
590_O-152	130.0	109.0	5.315986090028819	0.9409398571417903	0.9997253501785224
591_O-152	108.75	108.0	5.3365131751519765	0.9423749784952664	0.999883927880523
592_O-152	114.0	111.0	5.325227656643378	0.9425979547657258	0.9997654325814145
593_O-152	118.0	111.0	5.31704067870342	0.9421079545040562	0.9997298236134162
594_O-152	112.0	110.0	5.330298458729325	0.9418447040128818	0.999804404803818
595_O-152	114.0	109.0	5.330045663087348	0.943181598915705	0.9997652306608756
596_O-152	113.5	111.0	5.315610523600981	0.9421799664749988	0.9998028235665273
597_O-152	110.5	109.0	5.338970697112112	0.9431473016433114	0.9998452551355952
598_O-152	122.0	107.0	5.3406811468905095	0.9430433272340377	0.9997621501625307
599_O-152	112.75	109.0	5.3272040213568905	0.9418952111369958	0.9997636585654075
59_O-152	120.0	113.0	5.320895129279884	0.9424754587356413	0.9996881091617934
5_O-152	124.0	110.0	5.336072952541843	0.9422430455801684	0.999689537410742
600_O-152	120.33333333333333	111.0	5.356462122052453	0.9444147268870171	0.9996856334486011
601_O-152	115.25	110.0	5.33495512251749	0.9428372535128229	0.9997235932872656
602_O-152	117.2	113.0	5.318749112031874	0.9410721298717311	0.9997294476867777
603_O-152	131.0	110.0	5.322678857649488	0.9418995409047507	0.9997301048735349
604_O-152	119.5	109.0	5.3344673130445805	0.9429437188416165	0.9997299695251322
605_O-152	116.25	111.0	5.343732875868077	0.9434232453597605	0.9997250157133878
606_O-152	117.0	110.0	5.304046671451807	0.9406045355231746	0.99972279423412
607_O-152	111.2	110.0	5.292443361397396	0.9395759374896429	0.9998444729577355
608_O-152	109.0	107.0	5.345966922327663	0.9438529245368293	0.9998435666797028
609_O-152	108.0	106.0	5.315331889407004	0.941240953432979	0.999844539448115
60_O-152	111.5	109.0	5.334326593564563	0.9424744650700235	0.9998034668448568
610_O-152	117.5	110.0	5.350617670485667	0.9439015079355265	0.9997650375939849
611_O-152	113.75	110.0	5.316278010583745	0.9411878518093346	0.9997662550157778
612_O-152	127.25	116.0	5.331210998573641	0.9428475036337732	0.9996122979102857
613_O-152	116.25	111.0	5.337094617460717	0.941784899918943	0.9997261667253452
614_O-152	119.0	112.0	5.331771590904643	0.9426820351317627	0.9996911077647785
615_O-152	108.6	108.0	5.340487375709367	0.9433655973427785	0.9998831366132991
616_O-152	116.0	111.0	5.322731121670946	0.9415517199335075	0.9997641416722356
617_O-152	113.75	110.0	5.320595577194092	0.9422327744105411	0.9997635001970832
618_O-152	111.5	109.0	5.35242602754803	0.9436606365130749	0.9998043359160993
619_O-152	120.0	113.0	5.328429102565435	0.9421557418067894	0.99968907889623
61_O-152	113.0	111.0	5.330915864340151	0.9431612099578087	0.9998043741930436
620_O-152	112.0	110.0	5.329475834658871	0.9424302891994817	0.9998045882674795
621_O-152	114.5	112.0	5.365396915735798	0.9445923372004689	0.9997646966547707
622_O-152	130.0	109.0	5.309356430591832	0.9414319003369971	0.9997275204359674
623_O-152	110.33333333333333	107.0	5.3516017305575785	0.9433738160609935	0.9998020429170956
624_O-152	109.5	108.0	5.345151320703567	0.9434524122777608	0.9998429524931292
625_O-152	112.33333333333333	109.0	5.328590539332916	0.9419540782228953	0.9998030798314363
626_O-152	107.5	107.0	5.3293007896330735	0.9421740944727688	0.9999219603558608
627_O-152	123.0	108.0	5.321544054016119	0.9420878046508642	0.9997675589819084
628_O-152	113.0	108.0	5.309597339790289	0.9422527071690403	0.9997674418604651
629_O-152	119.5	109.0	5.319642948803975	0.9414760254684955	0.9997272550165596
62_O-152	113.0	111.0	5.341938075642728	0.9430116901481993	0.9998046798703074
630_O-152	130.0	112.0	5.339806453701924	0.9421203536814059	0.9996476667710616
631_O-152	121.33333333333333	112.0	5.33795726467285	0.9425221928264534	0.9996871455946189
632_O-152	112.0	106.0	5.349874090426066	0.9447269116645797	0.9998442670819544
633_O-152	114.0	111.0	5.3183225195164905	0.9421913320277747	0.9997662368021194
634_O-152	110.33333333333333	107.0	5.301248687353066	0.9406325911614706	0.9998065614360879
635_O-152	115.5	108.0	5.320950764641966	0.9432951437015856	0.9997656524626021
636_O-152	124.0	112.0	5.2948594210421485	0.9398885173432128	0.9996514869888475
637_O-152	114.0	109.0	5.329979380223861	0.9421790370060236	0.9998067558166499
638_O-152	115.2	111.0	5.307816954366333	0.9405469242825671	0.9997274143302181
639_O-152	157.0	112.0	5.332761317214624	0.9421025823258078	0.9996123429989145
63_O-152	120.0	113.0	5.319218488116618	0.94162905561376	0.9996828291638584
640_O-152	137.0	109.0	5.326240014940446	0.9433756677959397	0.9996849773577476
641_O-152	116.25	111.0	5.335883210989393	0.942685277945193	0.9997258557217827
642_O-152	115.0	110.0	5.3237224322403565	0.9412612055372906	0.9997678018575852
643_O-152	111.5	109.0	5.3385924214975065	0.9424541610443821	0.9998042976241731
644_O-152	114.0	109.0	5.325557860845905	0.9420755887790061	0.9997648073380111
645_O-152	110.2	109.0	5.311023471573813	0.9414317193233309	0.9998424017966195
646_O-152	106.6	106.0	5.326033728267377	0.9427261109818007	0.9998832457676591
647_O-152	121.33333333333333	112.0	5.343690639097051	0.9438958095155134	0.9996862006746685
648_O-152	116.6	111.0	5.322771578262772	0.9414062614450887	0.999686176055233
649_O-152	113.0	108.0	5.330794423193715	0.9424695748385916	0.9997661001091532
64_O-152	118.0	111.0	5.324279803371351	0.9416919117524374	0.999723177917507
650_O-152	148.0	112.0	5.3182264905773176	0.9414103793901788	0.9996492595479345
651_O-152	110.85714285714286	110.0	5.304389357170062	0.9409076763225923	0.9998425072840381
652_O-152	113.33333333333333	110.0	5.321588792673481	0.9418838412889612	0.999803752256849
653_O-152	107.5	106.0	5.320685520120704	0.9425993664947236	0.9998831092928112
654_O-152	105.5	105.0	5.351210848209766	0.9434901668638855	0.9999211480838984
655_O-152	107.0	106.0	5.336926667871022	0.9424560935090475	0.9998831684710647
656_O-152	109.5	108.0	5.322274683542293	0.9419153835059396	0.9998417095370004
657_O-152	116.0	111.0	5.345384046244905	0.9430931379849673	0.9997679096394863
658_O-152	112.0	110.0	5.312937983654208	0.9408398839098875	0.9998049465553561
659_O-152	112.33333333333333	109.0	5.333204784294158	0.9428881799937168	0.9998056894139593
65_O-152	107.25	107.0	5.319112146809037	0.9421112782978416	0.9999210360075805
660_O-152	110.0	108.0	5.320644849276457	0.9422721611229404	0.9998423707440101
661_O-152	116.25	111.0	5.353704054587668	0.9444567448145311	0.9997300840595358
662_O-152	108.2	107.0	5.313371443507607	0.9416241531930827	0.9998458455372283
663_O-152	109.5	109.0	5.339646464205742	0.9435488898491642	0.999882954235106
664_O-152	114.5	112.0	5.339020931375767	0.94266970665395	0.9997664915353182
665_O-152	111.0	105.0	5.306753977534103	0.9412174129079881	0.9998454404945905
666_O-152	116.5	109.0	5.338813482854502	0.9431664068628693	0.9997639468093477
667_O-152	115.25	110.0	5.326561121584921	0.9421837393971639	0.9997310071859509
668_O-152	112.2	111.0	5.315089700658198	0.9411924727462075	0.9998464903864605
669_O-152	112.75	109.0	5.305019585715808	0.9407379844717687	0.9997668091721725
66_O-152	114.0	111.0	5.337864736436281	0.9423440317017091	0.9997661274605341
670_O-152	113.0	110.0	5.343575498182115	0.943891089348998	0.9997655608955573
671_O-152	116.25	111.0	5.318104135539049	0.9408945300709527	0.9997259415864067
672_O-152	116.2	112.0	5.331373016526271	0.941573007142704	0.9997281658964701
673_O-152	114.0	109.0	5.343078473211739	0.9432444931402446	0.9997664006229317
674_O-152	121.33333333333333	112.0	5.320375641982366	0.9415524042214302	0.999692827522654
675_O-152	111.5	110.0	5.29262912528547	0.9399828950298463	0.9998415716096325
676_O-152	108.0	107.0	5.330920911227066	0.9413477958287968	0.9998820708361178
677_O-152	116.25	111.0	5.346703183850216	0.9427070361590798	0.9997277323998445
678_O-152	112.5	110.0	5.333165200673797	0.9425138954488452	0.9998004231030216
679_O-152	113.75	110.0	5.316154771077625	0.9419634700381252	0.9997629301829388
67_O-152	110.0	107.0	5.3292721659937365	0.9422620089872349	0.9998419347190389
680_O-152	116.2	112.0	5.317372828297492	0.9414484772416931	0.9997284611505489
681_O-152	114.0	109.0	5.36268722773457	0.9441102479990057	0.9997663278420377
682_O-152	117.25	112.0	5.332134883807805	0.9424845833258064	0.9997287662740235
683_O-152	114.0	109.0	5.338802093271177	0.943570190940588	0.9997662094763092
684_O-152	113.5	111.0	5.353120335845987	0.9431414169336614	0.999801807515459
685_O-152	111.42857142857143	111.0	5.321100080981278	0.9411296931188595	0.9998826841858283
686_O-152	118.25	113.0	5.316426980273179	0.9419672766867659	0.9997263914946842
687_O-152	119.25	114.0	5.351010800120447	0.9432957769987643	0.9997244745335747
688_O-152	107.0	106.0	5.280675684784976	0.9391753288104745	0.9998824221046443
689_O-152	134.5	112.0	5.2908468844135275	0.9385998218116695	0.9996105008958479
68_O-152	124.0	110.0	5.343113836794122	0.9422447602325758	0.9996894530491829
690_O-152	111.33333333333333	108.0	5.319544725312857	0.940932279759925	0.999803389563918
691_O-152	109.0	106.0	5.282178111644378	0.9401745617562011	0.9998443700879309
692_O-152	121.33333333333333	112.0	5.3353458991080265	0.9429962298441333	0.9996824136562128
693_O-152	148.0	112.0	5.317121832459771	0.9410012043506654	0.9996485747754783
694_O-152	111.0	109.0	5.316428227851991	0.9418237739838674	0.9998065614360879
695_O-152	114.75	111.0	5.34075885727712	0.9436763538075912	0.9997647612326511
696_O-152	121.5	111.0	5.3250776878152655	0.9421507562468475	0.9997280708569652
697_O-152	113.0	108.0	5.347217398408144	0.9436137964553568	0.9998035286258792
698_O-152	128.0	110.0	5.306754673170094	0.9407255201834983	0.9996518913901137
699_O-152	116.25	111.0	5.344372741010067	0.9431589537199951	0.9997244202984135
69_O-152	112.33333333333333	109.0	5.348774862100545	0.9436740612300754	0.9998030798314363
6_O-152	109.5	108.0	5.345730882658368	0.9429544688086832	0.9998444850511256
700_O-152	112.5	110.0	5.313853231567222	0.9426386286302296	0.9997616777883699
701_O-152	112.0	107.0	5.3156341556995965	0.942556559278063	0.9998038984978624
702_O-152	115.2	111.0	5.290627481107695	0.9402210886491608	0.9997238114026435
703_O-152	110.5	109.0	5.3487833461059076	0.9433168884656361	0.9998434809829394
704_O-152	119.5	109.0	5.333346233216874	0.9424882699049884	0.9997255655310306
705_O-152	109.0	107.0	5.3239626110955225	0.9423489941262094	0.9998407199458448
706_O-152	117.0	110.0	5.345711722270137	0.9431746557763865	0.999724712914897
707_O-152	119.33333333333333	110.0	5.321726272692277	0.9423244682593845	0.9996839443742098
708_O-152	113.33333333333333	110.0	5.335357577485538	0.9424066023521662	0.9998029478994246
709_O-152	117.5	110.0	5.334517307921704	0.9426827511387423	0.999761838605962
70_O-152	114.75	111.0	5.356989143204139	0.9433933800255816	0.9997653867208884
710_O-152	107.5	106.0	5.326461961319424	0.9424274569410664	0.9998833229620411
711_O-152	110.0	108.0	5.331446476161472	0.9426050262273189	0.9998428290766208
712_O-152	116.5	113.0	5.346142050382186	0.9439475382353795	0.999732875405457
713_O-152	124.0	110.0	5.356000707253693	0.9442497747325826	0.9996866431649041
714_O-152	108.0	107.0	5.314881900151751	0.9416731802510351	0.9998819641170916
715_O-152	123.33333333333333	114.0	5.337173437754533	0.942914746953269	0.9996827033673105
716_O-152	111.42857142857143	111.0	5.3383219888086035	0.9419267101261041	0.9998820430149805
717_O-152	116.0	111.0	5.330948568359754	0.9421672994270098	0.999767522957108
718_O-152	120.0	113.0	5.326212008738406	0.9423492989944988	0.9996867658574785
719_O-152	112.5	111.0	5.324702918649672	0.9421961511878196	0.999842940160201
71_O-152	125.25	114.0	5.330331464957275	0.9423591630466803	0.9996098017793039
720_O-152	108.6	108.0	5.308573183646201	0.9411027258194457	0.9998822189941502
721_O-152	130.0	109.0	5.33379607830091	0.9431763439916668	0.9997259093934766
722_O-152	116.5	114.0	5.324217698205708	0.9411910476039438	0.999767738938567
723_O-152	109.2	109.0	5.338955926420973	0.9436663804071773	0.9999217741620057
724_O-152	113.33333333333333	110.0	5.331507565084735	0.9421308943614023	0.9998037291462217
725_O-152	115.5	108.0	5.304554797324992	0.9417945762624733	0.999767675985441
726_O-152	112.0	110.0	5.330222929695923	0.9414580768590125	0.9998048780487805
727_O-152	118.6	113.0	5.344537314962122	0.9433304973410775	0.9996864220758859
728_O-152	124.0	112.0	5.344403578946164	0.9433630422267307	0.9996475839924818
729_O-152	156.0	111.0	5.300709601149856	0.9407099528651479	0.9996093902581931
72_O-152	110.5	108.0	5.3384795271699685	0.9423882567851686	0.9998043052837573
730_O-152	114.0	112.0	5.321576181837177	0.9420681742845616	0.9998006935863196
731_O-152	111.5	109.0	5.295177772820465	0.9406081080256626	0.9998027457787597
732_O-152	123.0	109.0	5.331113795754426	0.9420532584985002	0.9996851137526569
733_O-152	107.0	107.0	5.3135758970186995	0.9407001788203105	0.9999606748200873
734_O-152	140.5	113.0	5.389731379052128	0.9469032072312237	0.9995736929814363
735_O-152	115.75	112.0	5.341904072773866	0.9428409966905446	0.9997666459240822
736_O-152	111.0	109.0	5.311626113015416	0.9413916808122962	0.9998440971274896
737_O-152	108.6	108.0	5.3098195452529255	0.9411088568031255	0.9998817733990147
738_O-152	114.0	111.0	5.3207450909482565	0.9419201335779198	0.9997651663405088
739_O-152	108.33333333333333	108.0	5.3319474960579685	0.9420240319858533	0.9999219146527154
73_O-152	118.0	111.0	5.326681746369029	0.9423229168479647	0.9997256193164001
740_O-152	112.0	107.0	5.328402413630798	0.9417892846008848	0.9998039138789756
741_O-152	112.33333333333333	109.0	5.329827941215565	0.9426605220070343	0.9998042209953405
742_O-152	124.0	110.0	5.3217333872210455	0.941832276216658	0.9996835693378688
743_O-152	105.5	105.0	5.320750030940662	0.9422376087522893	0.9999218597382301
744_O-152	120.2	113.0	5.309304375689133	0.9413232036567681	0.9996500505482542
745_O-152	116.2	112.0	5.306528264955949	0.9402582266556027	0.9997241705414138
746_O-152	121.33333333333333	112.0	5.34443436007746	0.9423926045137112	0.9996857816182246
747_O-152	109.0	108.0	5.322426632485064	0.9416440241215727	0.999883409117407
748_O-152	117.5	110.0	5.3199366249809845	0.9419332312982764	0.9997627520759194
749_O-152	106.5	106.0	5.3169067708478375	0.9428690629803045	0.9999215563225604
74_O-152	114.0	109.0	5.311856584767835	0.9409699945304214	0.9997646505060014
750_O-152	110.0	109.0	5.3452156379122275	0.9443462834535339	0.9998827483780193
751_O-152	111.66666666666667	110.0	5.3010644501424	0.940663719373043	0.9998064566075714
752_O-152	114.0	109.0	5.311890951159043	0.9410986064240061	0.9998042363259073
753_O-152	110.0	108.0	5.351885900798314	0.9435073832825333	0.9998045500742709
754_O-152	107.75	107.0	5.340281615174525	0.9425103733283976	0.9998819826907946
755_O-152	111.0	110.0	5.321886312463154	0.9426330518747881	0.9998425072840381
756_O-152	107.75	107.0	5.311416264396536	0.9404967740446656	0.9998829222603809
757_O-152	114.0	111.0	5.308727878926924	0.941414847999455	0.999765487590385
758_O-152	117.5	114.0	5.323275481040292	0.9423729145683084	0.9997230245716773
759_O-152	117.25	112.0	5.323594949341241	0.9412030988659442	0.9997263166125816
75_O-152	115.2	111.0	5.307898437630772	0.9414298046759746	0.9997268186075554
760_O-152	109.5	108.0	5.342410736526578	0.9430205273025903	0.9998425568763284
761_O-152	111.0	108.0	5.328253459164645	0.9417370252191912	0.9998442852693865
762_O-152	110.5	108.0	5.326959968365488	0.9420799897274822	0.9998055080130699
763_O-152	125.25	114.0	5.337055345597991	0.9432365639581254	0.9996095275283092
764_O-152	110.2	109.0	5.3416575980800625	0.9427072409436139	0.9998448469803344
765_O-152	117.0	110.0	5.326439159573925	0.9418998087844215	0.9997272443890274
766_O-152	116.0	111.0	5.329490382426672	0.9429647575624522	0.9997668454185125
767_O-152	116.25	111.0	5.340661219368725	0.9436103103134416	0.9997234950229104
768_O-152	108.5	108.0	5.312088068793336	0.940887573308673	0.9998814697747925
769_O-152	115.0	110.0	5.337767096481704	0.9418457854824583	0.9997665914572473
76_O-152	123.0	108.0	5.2958885985078785	0.9409272991544623	0.999765734811807
770_O-152	110.75	110.0	5.346679761232004	0.9439160573314861	0.9998810467882633
771_O-152	123.0	108.0	5.348112367114505	0.9439373540953706	0.999765267399554
772_O-152	110.0	108.0	5.345396159363167	0.94362598358418	0.9998450273139359
773_O-152	125.0	111.0	5.315429361998973	0.9410991413886662	0.999688255007404
774_O-152	111.33333333333333	108.0	5.330917112545489	0.9416494395877599	0.9998045882674795
775_O-152	113.75	110.0	5.313907554019185	0.9408174699914832	0.9997672072631334
776_O-152	105.5	105.0	5.307825525619833	0.9409429400858559	0.9999226215808411
777_O-152	120.5	110.0	5.350076462634302	0.944070559945872	0.999725425590335
778_O-152	113.0	108.0	5.331339747639109	0.9424981444181922	0.9997650927883486
779_O-152	141.5	114.0	5.300230032984647	0.9399989496353447	0.9995681023989949
77_O-152	117.25	112.0	5.333951876895029	0.9421476220753051	0.9997271061557055
780_O-152	110.5	110.0	5.345917933688057	0.9429820400514896	0.9998824128875475
781_O-152	107.0	106.0	5.316817936852799	0.94116611363754	0.9998816801419839
782_O-152	111.33333333333333	108.0	5.308097166870546	0.9421138089367678	0.9998036597816696
783_O-152	108.0	106.0	5.3355718615051195	0.9431231073476847	0.9998443700879309
784_O-152	118.66666666666667	114.0	5.339808212648515	0.9425560530272636	0.9996903425585446
785_O-152	112.33333333333333	109.0	5.323162411941921	0.9418192936771601	0.9998037214414698
786_O-152	113.75	110.0	5.331118669307418	0.9424530555061139	0.999769532150265
787_O-152	105.5	104.0	5.325005810730873	0.9427695446689293	0.9998822559755093
788_O-152	107.0	106.0	5.3387281930179835	0.9421992652994512	0.9998833320370226
789_O-152	112.0	110.0	5.321241234612254	0.9422066163344279	0.999805945820073
78_O-152	119.5	109.0	5.3161528352434795	0.9422175621019738	0.9997248427672956
790_O-152	118.0	111.0	5.332661294770034	0.9430995782033595	0.9997267439590897
791_O-152	116.25	111.0	5.3284698447578025	0.9429776889470094	0.9997262523952916
792_O-152	109.6	109.0	5.341019647800814	0.9424341677351344	0.9998838784594543
793_O-152	117.0	110.0	5.313873838597443	0.9419538836923097	0.9997267652913853
794_O-152	115.5	108.0	5.320927960362536	0.9425477912771495	0.9997633136094675
795_O-152	110.0	108.0	5.355550505173074	0.9434727006158815	0.999844840961986
796_O-152	130.0	115.0	5.338040948556777	0.9421702625188867	0.9996067636649626
797_O-152	110.33333333333333	107.0	5.331298457244084	0.9423961480659164	0.9998093058733791
798_O-152	113.33333333333333	110.0	5.309476023509339	0.9417155022437206	0.9998044124550148
799_O-152	119.0	109.0	5.33636242592903	0.9430562529774879	0.9998036212246181
79_O-152	110.0	108.0	5.317932527731141	0.9413226664146707	0.9998439633313829
7_O-152	112.33333333333333	109.0	5.3014488875947405	0.9406429276112324	0.9998042669798395
800_O-152	111.33333333333333	108.0	5.275906587818863	0.9390729366041684	0.9998048552025603
801_O-152	120.5	110.0	5.348036174790256	0.9435954677705417	0.9997297505984094
802_O-152	109.16666666666667	109.0	5.33876418506896	0.9434487126377141	0.9999208610319722
803_O-152	125.0	111.0	5.325252592240134	0.942063950703924	0.9996928393165675
804_O-152	120.0	113.0	5.312960473466664	0.941720598343654	0.9996887159533074
805_O-152	110.0	109.0	5.303160810311177	0.9404161183225148	0.9998430079673457
806_O-152	120.33333333333333	111.0	5.3167115049594385	0.9418195766789619	0.9996872801188336
807_O-152	113.0	108.0	5.321832726425549	0.9422462545010288	0.9998070987654321
808_O-152	113.0	110.0	5.355665540686899	0.9437558256837046	0.9997635001970832
809_O-152	118.0	111.0	5.328659781352111	0.9427688835619681	0.9997298236134162
80_O-152	117.0	110.0	5.35088883132868	0.9441168477606747	0.9997255547714263
810_O-152	127.75	114.0	5.282700199524376	0.9390477810597037	0.9995751419412151
811_O-152	107.0	104.0	5.331071981338965	0.9430091170660404	0.9998813525805814
812_O-152	125.0	111.0	5.2925489942162365	0.9404710451014439	0.9996852252606728
813_O-152	118.0	111.0	5.326116314515763	0.9418996720467948	0.9997264128820449
814_O-152	114.25	109.0	5.337156374848644	0.9432022711085178	0.9997202908974666
815_O-152	148.0	112.0	5.336049739358156	0.9434940227247124	0.9996503224803792
816_O-152	107.75	107.0	5.332256825758432	0.9434712659068787	0.9998841296203314
817_O-152	111.0	109.0	5.293158602180907	0.9398982156288034	0.9998456075343524
818_O-152	115.0	112.0	5.3243356698730535	0.9421847771824317	0.9997659358664274
819_O-152	111.5	110.0	5.32194554360504	0.9414873550100246	0.9998446360599704
81_O-152	113.2	112.0	5.320856723883849	0.9415658654898578	0.9998430449283893
820_O-152	113.42857142857143	112.0	5.334715470549563	0.9427422403796778	0.9998024105907923
821_O-152	123.0	114.0	5.324668551263484	0.942028548656749	0.9996496827682846
822_O-152	121.33333333333333	112.0	5.332975485605459	0.9429522588263847	0.9996891996891997
823_O-152	116.0	109.0	5.30944154559113	0.940991256343386	0.9997270210193815
824_O-152	116.5	109.0	5.3069391426945876	0.9413336940915723	0.9997665278804623
825_O-152	114.0	111.0	5.351114634567272	0.9433411010983239	0.9997637702271743
826_O-152	112.0	107.0	5.334596471716748	0.9427881179757684	0.9998034745696093
827_O-152	119.0	112.0	5.330413887221879	0.9426105811599089	0.9996839318873217
828_O-152	120.5	110.0	5.330715288810373	0.9422762529183586	0.9997270529517274
829_O-152	120.0	113.0	5.34499143642281	0.9424903536789165	0.9996920234062211
82_O-152	106.5	105.0	5.312925750637788	0.9422363978621612	0.9998814322978421
830_O-152	120.33333333333333	111.0	5.300405645248618	0.9405469330204108	0.9996915603192351
831_O-152	108.5	108.0	5.293871944015098	0.9404970364042549	0.9998811316269118
832_O-152	119.0	112.0	5.338106435366196	0.94325504120895	0.9997287137154595
833_O-152	118.0	111.0	5.315478173124026	0.9404858427958149	0.999687487792492
834_O-152	122.0	113.0	5.365044725511034	0.9441348257002754	0.9996480250293313
835_O-152	110.0	108.0	5.336199889595323	0.9431760434223553	0.9998435544430538
836_O-152	128.75	115.0	5.345651449654815	0.9432289684869875	0.9995757318625371
837_O-152	127.0	112.0	5.30881444582111	0.9414603629939094	0.999609664701979
838_O-152	114.75	111.0	5.299995129486331	0.940462965176664	0.9997645304344414
839_O-152	106.33333333333333	106.0	5.333037480415788	0.942985583732625	0.9999219481735873
83_O-152	119.14285714285714	114.0	5.335020715994803	0.9425795033611593	0.9996451383960255
840_O-152	122.33333333333333	113.0	5.3143406220120015	0.9412256221576687	0.9996885341639089
841_O-152	118.66666666666667	114.0	5.330988707665263	0.9421360181068577	0.999689356579816
842_O-152	117.0	110.0	5.336043761062466	0.9422673814383368	0.9997247453894853
843_O-152	105.33333333333333	105.0	5.317891710993415	0.9420208581597109	0.9999224114520697
844_O-152	106.5	106.0	5.311911846263541	0.9414406922509772	0.9999215317011927
845_O-152	107.25	107.0	5.325008957678372	0.9419812173859097	0.9999216883981362
846_O-152	113.75	110.0	5.327346508036659	0.9425900472820476	0.9997661821441097
847_O-152	118.5	111.0	5.338959128194181	0.9431759320816855	0.9997673155976111
848_O-152	108.6	108.0	5.32226248015232	0.9418932151412494	0.9998823344838406
849_O-152	110.66666666666667	109.0	5.3071836286125675	0.9421174240041812	0.9998040598793009
84_O-152	109.5	109.0	5.32849963723142	0.9422486700640451	0.9998831957638997
850_O-152	115.0	110.0	5.3135353767959534	0.9419801059489458	0.999764899494534
851_O-152	109.0	107.0	5.374545191960807	0.9456398639674659	0.9998452611218569
852_O-152	115.0	110.0	5.334962950923696	0.9434604737384585	0.9997627895943703
853_O-152	123.0	108.0	5.309672347351023	0.9406974617827117	0.9997672433858329
854_O-152	116.625	114.0	5.337744351352519	0.9430976206613378	0.9997243877470667
855_O-152	111.0	110.0	5.311535812725135	0.9408473287210851	0.999843957244285
856_O-152	108.0	107.0	5.314684040131467	0.9414671756668228	0.9998825555903539
857_O-152	115.0	112.0	5.349321126379475	0.9426663440444613	0.9997652306608756
858_O-152	105.33333333333333	105.0	5.325238391529981	0.9421578771274683	0.9999227948272534
859_O-152	114.0	109.0	5.333544384965318	0.9430274246423704	0.9997641138543796
85_O-152	116.2	112.0	5.347487866218552	0.9425232934767346	0.9997249400762309
860_O-152	112.0	106.0	5.3206790169864115	0.9415884247524188	0.999843346126733
861_O-152	110.5	109.0	5.351975044153784	0.9439180291945048	0.9998426435877262
862_O-152	116.0	113.0	5.368999118165855	0.9451685055125105	0.9997259844985517
863_O-152	114.75	111.0	5.339041353117243	0.943428342154427	0.9997645304344414
864_O-152	116.0	111.0	5.327451403911284	0.9415145357041812	0.9997645766303068
865_O-152	112.0	107.0	5.30592939939014	0.9401468684481764	0.9998054626099137
866_O-152	132.0	114.0	5.3521410822104745	0.9436662923570048	0.999643536121673
867_O-152	112.0	110.0	5.287165057671871	0.9403572112209139	0.9998453927025356
868_O-152	114.0	112.0	5.312041346441513	0.9417817388567448	0.999801689604569
869_O-152	118.5	111.0	5.344525456672812	0.9439943386405418	0.9997663096397273
86_O-152	112.5	110.0	5.315583966667442	0.941320809565501	0.9998039138789756
870_O-152	114.0	109.0	5.317209089577502	0.9424258275958693	0.9997670536164927
871_O-152	111.2	110.0	5.332900370129754	0.9431166292666162	0.99984253828288
872_O-152	117.2	113.0	5.334965079606281	0.9428386743410588	0.9997269677821983
873_O-152	114.0	109.0	5.324081926108859	0.9418375913081842	0.9997635374793096
874_O-152	111.0	109.0	5.346413548240042	0.9432421989198797	0.9998060963313425
875_O-152	112.0	107.0	5.311920767041998	0.9422206628108732	0.9998018703439531
876_O-152	114.75	111.0	5.343958660295075	0.9434354948752084	0.999764871855161
877_O-152	108.0	107.0	5.3215678618636675	0.942025593424619	0.9998821866163996
878_O-152	113.66666666666667	112.0	5.338915659870286	0.9425999365982757	0.9998049769872845
879_O-152	108.2	108.0	5.347659058324421	0.9445376260800089	0.999921272240592
87_O-152	110.0	107.0	5.305464542154836	0.9398945775144358	0.9998429339930106
880_O-152	137.0	109.0	5.310208094797125	0.9404632699738454	0.9996804090763822
881_O-152	130.0	112.0	5.331310243611039	0.9422760496787201	0.9996478735474784
882_O-152	108.5	107.0	5.3254220969825585	0.9424903890557049	0.9998438171098356
883_O-152	111.2	110.0	5.3175340290646975	0.9427051247688847	0.9998444729577355
884_O-152	108.0	105.0	5.295523403849956	0.9395400648650507	0.9998450693314742
885_O-152	108.6	108.0	5.352900595034479	0.944187830901249	0.9998836487744338
886_O-152	112.0	106.0	5.333086530245314	0.9422949581221456	0.9998448048420889
887_O-152	112.33333333333333	109.0	5.343021522888036	0.9437108641370364	0.999804404803818
888_O-152	119.33333333333333	110.0	5.302726429136351	0.9411106774260831	0.9996891634611649
889_O-152	110.5	110.0	5.323570477054089	0.9420272338948452	0.9998838874482332
88_O-152	110.0	108.0	5.336813228453667	0.9428816950546481	0.9998423893770441
890_O-152	110.85714285714286	110.0	5.325062485363113	0.9426413473016362	0.9998431618569636
891_O-152	111.0	108.0	5.333373727860577	0.9420509706777277	0.9998431003373343
892_O-152	114.5	112.0	5.317478640053076	0.9417929584809126	0.9997665914572473
893_O-152	131.2	118.0	5.343493043915844	0.942123707917946	0.9995328376221435
894_O-152	108.75	108.0	5.339138079924914	0.9422581928598919	0.999884339578996
895_O-152	111.33333333333333	108.0	5.345762743236432	0.9438157330467111	0.999804312942742
896_O-152	120.33333333333333	111.0	5.312021467151467	0.9414102708730068	0.9996900906484854
897_O-152	109.0	106.0	5.326709453707663	0.9429958104927166	0.9998440059277748
898_O-152	106.33333333333333	106.0	5.302422381386642	0.9413749339376332	0.9999214885765879
899_O-152	116.2	112.0	5.318972655743251	0.9415174862750173	0.9997255117245706
89_O-152	112.0	111.0	5.343210129467634	0.9431533161916528	0.999845744475724
8_O-152	114.0	111.0	5.3391699032901725	0.94342627851483	0.9997639003659544
900_O-152	114.0	112.0	5.309642229397998	0.9410703533708836	0.9998008047488148
901_O-152	129.0	111.0	5.317603578373673	0.9418866835062288	0.9996425592755868
902_O-152	111.0	109.0	5.351676727837549	0.9438204948132898	0.9998414082943462
903_O-152	114.0	109.0	5.3364673988860325	0.942920154356033	0.999766355140187
904_O-152	112.5	110.0	5.328448038074539	0.9429814109150466	0.9998035440650662
905_O-152	110.5	108.0	5.293702712690339	0.9406352916623186	0.9998069498069498
906_O-152	112.0	110.0	5.31784868446438	0.9410446641239893	0.9998444064104559
907_O-152	107.0	106.0	5.356871907831531	0.9433772926069052	0.9998822467323468
908_O-152	112.66666666666667	111.0	5.311987729162856	0.9413909702487792	0.9998057498057498
909_O-152	125.0	111.0	5.332740318274663	0.9414739171387148	0.9996909526384918
90_O-152	109.0	106.0	5.329356379127905	0.9421017570394685	0.9998822559755093
910_O-152	111.33333333333333	108.0	5.330155878567617	0.9432093874194678	0.999801886044853
911_O-152	111.0	108.0	5.32722528122363	0.9411853155869722	0.999846112414881
912_O-152	111.5	109.0	5.3362619842947945	0.9419951941551246	0.9998008682145844
913_O-152	118.0	111.0	5.340304788894544	0.9422952964220473	0.9997275734578712
914_O-152	111.5	109.0	5.3136038882442005	0.9414761756547145	0.9998048856629985
915_O-152	126.0	114.0	5.342557505214781	0.9428056931488457	0.9996502545369759
916_O-152	117.0	112.0	5.345171564965223	0.9439023254621174	0.9997668182348141
917_O-152	111.2	110.0	5.327333051454801	0.9429739858014247	0.9998440059277748
918_O-152	119.0	112.0	5.316986676861005	0.9414336392460892	0.9996891755381149
919_O-152	115.5	108.0	5.339837182859297	0.9434553679451915	0.9997660727513743
91_O-152	135.5	113.0	5.323192049991466	0.9410564002908491	0.9996164908916587
920_O-152	120.33333333333333	111.0	5.314582390038816	0.9408873291795414	0.9996832937450515
921_O-152	126.0	114.0	5.336173542387469	0.941669217695326	0.9996460037759597
922_O-152	110.0	108.0	5.32947684399919	0.942332220894022	0.9998435972629521
923_O-152	111.5	109.0	5.338427990020606	0.9426669100413149	0.9998026211905889
924_O-152	117.0	110.0	5.309874673756545	0.9409219964022042	0.9997273718647764
925_O-152	119.5	109.0	5.3317392452916215	0.942970037771113	0.9997252639428549
926_O-152	108.6	108.0	5.316144967472619	0.9410573358169764	0.9998824174962766
927_O-152	117.0	112.0	5.346187412684437	0.9427261446980877	0.9997671349840875
928_O-152	130.0	112.0	5.327401748072261	0.9418796210579421	0.9996478873239436
929_O-152	147.0	111.0	5.307863480202399	0.9400696329118888	0.9996484237665534
92_O-152	118.66666666666667	114.0	5.332650094990466	0.9426515857430503	0.9996843683421447
930_O-152	107.33333333333333	107.0	5.33084352367822	0.942049628941995	0.9999224325162892
931_O-152	110.2	109.0	5.336039219942024	0.9429685362014337	0.9998422837315669
932_O-152	112.33333333333333	109.0	5.310909949485029	0.9406236533224216	0.9998070243149363
933_O-152	125.0	111.0	5.310266661483819	0.9410108712651304	0.9996895976409421
934_O-152	114.75	111.0	5.331378505999561	0.9417335930943935	0.9997677838842015
935_O-152	121.33333333333333	112.0	5.334955423015197	0.9427308298655555	0.9996880848409233
936_O-152	109.0	109.0	5.34345206562483	0.943432733261445	0.999960396039604
937_O-152	112.0	110.0	5.32317429283809	0.9415722745800096	0.9998035517837498
938_O-152	113.0	108.0	5.337486468965536	0.9435093373007443	0.9998039446339646
939_O-152	117.0	110.0	5.352304281249916	0.9434683701941264	0.9997312137618554
93_O-152	107.75	107.0	5.3315695790923785	0.942148273026589	0.9998814604077761
940_O-152	111.0	109.0	5.3084850153953695	0.9409684467994338	0.9998035131842653
941_O-152	114.0	109.0	5.317765495221168	0.9425159204719494	0.9998042746418226
942_O-152	110.5	108.0	5.341695820236103	0.9427211060926127	0.9998027613412229
943_O-152	107.25	107.0	5.310324048875375	0.9403966720017758	0.9999212629424038
944_O-152	115.0	110.0	5.289742753426643	0.9398079261821752	0.9997644657297636
945_O-152	123.0	108.0	5.305650291680835	0.9411875055432757	0.99976717112922
946_O-152	114.5	112.0	5.317421291532865	0.9416434181437492	0.9998053641636498
947_O-152	114.42857142857143	113.0	5.332667732758754	0.9424850055634358	0.9998063216609855
948_O-152	113.0	108.0	5.343983550008	0.9431601525853948	0.9997650927883486
949_O-152	115.5	108.0	5.3362185892698095	0.9423405870481882	0.9997657073685032
94_O-152	113.75	110.0	5.335859719051567	0.9423421390934252	0.9997633416163768
950_O-152	122.33333333333333	113.0	5.345927290528919	0.9438351191399674	0.9996867658574785
951_O-152	120.0	110.0	5.297031828278092	0.9402406418605381	0.9998061489551429
952_O-152	110.2	109.0	5.313356747482621	0.9422296460797182	0.9998436339470701
953_O-152	113.0	107.0	5.3129704508104485	0.9419162873850128	0.9998431864513094
954_O-152	110.0	108.0	5.310903123359079	0.9407090176296328	0.9998050454244161
955_O-152	123.0	114.0	5.315150948503198	0.941115569576466	0.9996460872984664
956_O-152	114.0	111.0	5.328366063065227	0.9425951350285591	0.9997660180166127
957_O-152	109.6	109.0	5.307437099197748	0.9414348154397687	0.9998830226935974
958_O-152	113.0	108.0	5.348776570776394	0.9431529469637905	0.9998078622756792
959_O-152	115.0	110.0	5.31752586404026	0.942057490199621	0.9997676039972112
95_O-152	131.0	110.0	5.329957210921134	0.9413947987035067	0.9997264128820449
960_O-152	112.0	110.0	5.341107643182888	0.9427211076279883	0.9998053717399766
961_O-152	109.0	106.0	5.310310877915737	0.9417655329445309	0.999841263542204
962_O-152	107.6	107.0	5.322684855611466	0.942282845330751	0.9998845354476176
963_O-152	110.0	109.0	5.329920919138779	0.943285751958781	0.9998441942897207
964_O-152	112.5	110.0	5.3158719873291975	0.9415464513952969	0.9998061339226862
965_O-152	116.5	109.0	5.3344471011347085	0.9422029734996671	0.9997647427854455
966_O-152	111.5	111.0	5.345441748936783	0.9429410172460917	0.9998828765518857
967_O-152	125.0	113.0	5.304513049553513	0.9403611762587109	0.9996469619111129
968_O-152	124.0	110.0	5.3120338111486785	0.9414308389134145	0.9996910600502027
969_O-152	118.25	113.0	5.339356496678417	0.9424424622823181	0.9997255117245706
96_O-152	121.0	112.0	5.320917793184768	0.9419011864386992	0.9996506482415961
970_O-152	120.0	113.0	5.305520697274764	0.9399585229437365	0.9996896819239721
971_O-152	113.75	110.0	5.339001142691509	0.9432232319186319	0.9997647796769641
972_O-152	110.0	108.0	5.359701401814606	0.9444012117138764	0.9998438354025142
973_O-152	114.0	109.0	5.3275745858457855	0.9427531062576128	0.9997662823309442
974_O-152	118.33333333333333	109.0	5.328564018368163	0.9417192371473067	0.9996877805096983
975_O-152	137.0	115.0	5.317730877795665	0.9419470618651159	0.9995318534701362
976_O-152	114.75	111.0	5.341634443887979	0.9435583991507819	0.9997670988277307
977_O-152	113.33333333333333	110.0	5.325961150936094	0.9419179674984721	0.9998035826524199
978_O-152	116.6	111.0	5.337537129068003	0.9422823676725651	0.9996886311446698
979_O-152	113.5	111.0	5.321672037132408	0.9409690794093541	0.9998042363259073
97_O-152	113.33333333333333	110.0	5.31880127610152	0.9419789981691383	0.9998037907624691
980_O-152	116.0	111.0	5.315530132421879	0.9428647891836106	0.9997664006229317
981_O-152	109.0	106.0	5.32657189588408	0.9412358894271804	0.999843957244285
982_O-152	111.0	108.0	5.312677767963199	0.9409826877209262	0.9998460946517892
983_O-152	109.0	106.0	5.324238246190009	0.9415215395399124	0.9998410427594977
984_O-152	131.0	113.0	5.340392914599312	0.9428127837649618	0.9996529786003471
985_O-152	113.33333333333333	110.0	5.349943642049989	0.9436048560486122	0.9998036289372398
986_O-152	110.42857142857143	110.0	5.288436831013062	0.939649347770719	0.9998815306243336
987_O-152	113.75	110.0	5.340803717879623	0.9435881436915983	0.9997654325814145
988_O-152	116.0	109.0	5.325559757136696	0.9423572474221159	0.9997230026512604
989_O-152	114.5	112.0	5.3187710070094365	0.941834413720395	0.9997658445207618
98_O-152	106.5	105.0	5.314126731084253	0.9414332172054698	0.9998824267126509
990_O-152	114.0	111.0	5.341934749073829	0.9432132877456874	0.9997654692569284
991_O-152	115.0	110.0	5.366884929308073	0.944217948375672	0.9997630893153281
992_O-152	116.0	111.0	5.345337487410923	0.9430299480022499	0.9997641324003459
993_O-152	116.5	109.0	5.320382671547741	0.942032134053435	0.999766355140187
994_O-152	125.0	110.0	5.308610178424617	0.9417368761647003	0.9996126583259093
995_O-152	120.0	113.0	5.367253898487269	0.9452674343494105	0.9996861637440665
996_O-152	133.33333333333334	115.0	5.322059654544622	0.9414387606414675	0.9995731801955611
997_O-152	113.0	108.0	5.325254386021805	0.9435434666752829	0.9997657622486824
998_O-152	111.0	108.0	5.323624266980225	0.9427952759105701	0.9998437194764602
999_O-152	109.0	108.0	5.321590570911652	0.9422288109403045	0.999881652136179
99_O-152	131.33333333333334	113.0	5.320393974455408	0.9419874339715326	0.9995727823520273
9_O-152	107.0	106.0	5.330888740938554	0.9425160887928618	0.999881329113924
