	chao1	observed_otus	shannon	simpson	goods_coverage
1000_H-118	33.0	31.0	3.3856003005916855	0.8281279402132482	0.9993976810721277
100_H-118	34.0	32.0	3.392641373861275	0.8282491123531284	0.9994058229352347
101_H-118	40.0	33.0	3.4315905252031733	0.8375039299738871	0.9989655681986109
102_H-118	34.0	31.0	3.418314994587145	0.8324094018645521	0.9995481247175779
103_H-118	41.0	36.0	3.3720607707858004	0.824671242299374	0.9991189427312775
104_H-118	31.75	31.0	3.3983747899379613	0.8308777059608085	0.999561403508772
105_H-118	29.0	29.0	3.4013901352582256	0.8307918604415933	1.0
106_H-118	40.5	33.0	3.4263482382503008	0.8354081019911137	0.9991003148897886
107_H-118	30.5	29.0	3.4001170320815977	0.8325038368340512	0.9995529061102831
108_H-118	37.0	31.0	3.417593392479664	0.8325850234826577	0.9993873487517231
109_H-118	32.5	32.0	3.348200360441779	0.8252166944064778	0.9995491433724075
10_H-118	31.333333333333332	31.0	3.402999662322054	0.8346740582252961	0.999691738594328
110_H-118	35.5	33.0	3.440071409048486	0.8351339659512141	0.9992440278197763
111_H-118	28.5	28.0	3.365067858911892	0.826006653398897	0.9996994289149383
112_H-118	34.0	31.0	3.3678885944268604	0.8285580153926917	0.9994087213599409
113_H-118	32.5	31.0	3.381690259879438	0.8271098420098633	0.9993955877908733
114_H-118	28.0	28.0	3.39115738608774	0.8291892989850507	1.0
115_H-118	32.5	31.0	3.4444562006015853	0.8369714265697966	0.9995479885490433
116_H-118	33.0	30.0	3.3682920686976816	0.8251914655326099	0.999400479616307
117_H-118	30.0	30.0	3.3924558672956513	0.8277816929448668	1.0
118_H-118	33.0	30.0	3.410436583082918	0.8329581889396083	0.9994020926756353
119_H-118	32.0	31.0	3.4433229281378104	0.8381326559319502	0.9995426132032322
11_H-118	33.0	30.0	3.3875620820963523	0.830220234391319	0.9995486685722883
120_H-118	30.5	29.0	3.3921339951456	0.8318963624654834	0.9995572609208973
121_H-118	37.0	32.0	3.3762660868297383	0.828984101260904	0.9992570579494799
122_H-118	34.0	32.0	3.37181112966352	0.8252014946551888	0.9994134897360704
123_H-118	32.6	32.0	3.3875952689847897	0.8304386102250336	0.9995404411764706
124_H-118	39.0	34.0	3.3693938360930074	0.828228248707976	0.9992700729927008
125_H-118	36.333333333333336	33.0	3.3813650383587115	0.8293443172507822	0.999246193276044
126_H-118	28.0	28.0	3.387345408946652	0.8287927310412606	0.9998470012239902
127_H-118	35.333333333333336	32.0	3.405458787827484	0.8340553949756973	0.9992459659176595
128_H-118	36.0	33.0	3.434979654987992	0.8353194026357982	0.999407231772377
129_H-118	31.0	30.0	3.400876123053222	0.829485860683751	0.9995525059665871
12_H-118	30.5	29.0	3.4119117421390563	0.8348222893102013	0.9995604395604396
130_H-118	33.0	30.0	3.4076816668814707	0.8313742612272725	0.9993804213135068
131_H-118	31.25	31.0	3.421705751700337	0.8320141901825092	0.9997005988023953
132_H-118	48.0	34.0	3.368335266329924	0.829706903502733	0.9987821586238392
133_H-118	32.25	32.0	3.3434670223845524	0.8223165811700424	0.9997063142437592
134_H-118	34.5	33.0	3.430425324699914	0.8343491967961254	0.9994062639156894
135_H-118	40.0	35.0	3.362262033634492	0.8246341871461402	0.9991097922848665
136_H-118	41.0	31.0	3.3449037086597873	0.8267004881587381	0.9992580501558095
137_H-118	33.0	31.0	3.415760653882117	0.832949990780369	0.9994066162290461
138_H-118	37.0	31.0	3.419177295367429	0.8316327338447785	0.9994152901622569
139_H-118	46.0	31.0	3.4055381545412255	0.8340621587087417	0.9990985576923077
13_H-118	31.333333333333332	31.0	3.401358080675838	0.8319984825691628	0.9997027348394768
140_H-118	36.0	31.0	3.4022455281269606	0.8311583971611417	0.9992341859396539
141_H-118	33.0	32.0	3.387613644752685	0.8278185280894581	0.9995414246407827
142_H-118	42.0	32.0	3.397036033568075	0.8310176740740297	0.9992350061199511
143_H-118	31.333333333333332	31.0	3.3856568059648815	0.827988206826666	0.9997001049632629
144_H-118	40.0	30.0	3.4252850218083943	0.8352171819436888	0.9992318328468275
145_H-118	30.333333333333332	30.0	3.350233485704787	0.8207958123784924	0.9996978851963746
146_H-118	30.75	30.0	3.3630975700044994	0.8283101922090756	0.999552171965965
147_H-118	39.5	32.0	3.3491922694626037	0.8248153604680066	0.9990870359099209
148_H-118	54.0	33.0	3.396632994583167	0.8289466835217133	0.9989329268292683
149_H-118	30.0	30.0	3.367274389320277	0.8279881962615705	0.9998507685420086
14_H-118	30.5	29.0	3.3207621612111993	0.82253144567624	0.9995358192789726
150_H-118	39.0	34.0	3.376297330567314	0.826803540543559	0.9990786240786241
151_H-118	36.75	33.0	3.360457755696655	0.8253154708517927	0.9990829894543787
152_H-118	33.75	33.0	3.3210628054853712	0.8193637335709513	0.9995522388059701
153_H-118	31.75	31.0	3.3555332354598906	0.8265246120360656	0.9995523724261415
154_H-118	33.0	30.0	3.3968136630943326	0.8338057156541502	0.9993930197268589
155_H-118	29.0	28.0	3.404517977913753	0.8320159253555401	0.9997047534691468
156_H-118	32.2	32.0	3.3756194913993585	0.829060524696134	0.9996973823573915
157_H-118	29.0	28.0	3.3791717951748583	0.8304382193394857	0.9996999699969997
158_H-118	32.6	32.0	3.4083733790201487	0.8329186813284442	0.9995529061102831
159_H-118	31.5	30.0	3.418213218025368	0.8366637281910009	0.9995454545454545
15_H-118	29.5	29.0	3.4169761411593162	0.8349243033691928	0.9997051886792453
160_H-118	32.0	29.0	3.44185683931978	0.8375654709230365	0.9995619798510732
161_H-118	40.5	33.0	3.392436811955481	0.8273627157402846	0.9991194599354271
162_H-118	31.0	31.0	3.4028800677513638	0.8309743122669959	0.9998428414269999
163_H-118	34.0	31.0	3.4064037687518134	0.8325453792183632	0.9994039636417822
164_H-118	39.0	34.0	3.430911600135563	0.8370206675002357	0.9990918722566975
165_H-118	33.6	33.0	3.366904203534507	0.825013233055619	0.9995512341062079
166_H-118	32.0	31.0	3.384956440240602	0.8288572793899488	0.9995583689091712
167_H-118	41.0	31.0	3.3737613411680085	0.8250509244983306	0.9992573889796524
168_H-118	33.0	32.0	3.3986842209220294	0.8338970458792764	0.9995612110574813
169_H-118	34.2	33.0	3.373364355314317	0.825916083174769	0.9994015559545183
16_H-118	34.0	32.0	3.4174077529409694	0.8352870386129838	0.9993912646476945
170_H-118	44.333333333333336	35.0	3.376194110474182	0.8274537957529702	0.9988020365378856
171_H-118	30.0	29.0	3.396000380502225	0.8330509799310714	0.999553504985861
172_H-118	28.5	28.0	3.3883618818552015	0.8312924602577572	0.9997037475929492
173_H-118	30.333333333333332	30.0	3.4163188794148502	0.835447218919276	0.999697519661222
174_H-118	35.666666666666664	34.0	3.4372705683558564	0.8355707256938496	0.9992457384220848
175_H-118	32.0	29.0	3.4387440122902917	0.8364622268333278	0.9995491433724075
176_H-118	34.0	31.0	3.4157234655098128	0.8340744169319483	0.9993920048639611
177_H-118	33.0	30.0	3.417475243380382	0.8344070015204479	0.9995557529986673
178_H-118	32.0	31.0	3.391903535485214	0.8295927550241169	0.9995388871810637
179_H-118	31.0	30.0	3.393385808078849	0.8300470364863388	0.9995373226403454
17_H-118	41.0	34.0	3.4319353396992915	0.8383601024297491	0.9989745092294169
180_H-118	31.0	30.0	3.411648600806098	0.8315162064791741	0.9995471698113207
181_H-118	31.333333333333332	31.0	3.3855342144228207	0.8293133360857883	0.999702823179792
182_H-118	31.0	30.0	3.390559932302478	0.8331329592234942	0.9995722230144019
183_H-118	33.0	32.0	3.43137690884331	0.8353667060366685	0.9995425434583715
184_H-118	35.0	32.0	3.395729239656195	0.8299186939004168	0.9994022713687986
185_H-118	30.75	30.0	3.374866789651958	0.8287107262922554	0.9995600527936648
186_H-118	31.25	31.0	3.3801711304155164	0.8298503961111234	0.9996931103268375
187_H-118	38.0	32.0	3.4179009147208372	0.8349773143252033	0.999405646359584
188_H-118	38.0	33.0	3.3976187031796994	0.8310398735925691	0.9991068770467401
189_H-118	37.0	32.0	3.3942585658370406	0.8301454122076892	0.9992816091954023
18_H-118	30.2	30.0	3.4093711826622064	0.8312170637542021	0.9996934865900383
190_H-118	32.75	32.0	3.4103953579480533	0.8324503206243116	0.9995458673932789
191_H-118	40.5	33.0	3.4296555472061425	0.8332437317135346	0.9990973371445765
192_H-118	29.0	29.0	3.4741507788115973	0.8418198238859289	0.9998518299007261
193_H-118	28.5	28.0	3.355199208087381	0.824851320754717	0.9996981132075472
194_H-118	35.333333333333336	32.0	3.409075747118475	0.8320563027092525	0.9992563950029745
195_H-118	29.0	29.0	3.409746643821098	0.8331277329564288	0.9998472349526428
196_H-118	28.0	28.0	3.379840600150707	0.8303624704259795	0.9998520053278082
197_H-118	36.333333333333336	33.0	3.414657186945906	0.8344824421995274	0.9992565055762082
198_H-118	33.0	32.0	3.420270760009479	0.8338854029119449	0.9995449719399363
199_H-118	32.5	31.0	3.370310204467278	0.8255628541773297	0.9995615957913196
19_H-118	29.0	29.0	3.389473033594999	0.8313092643265688	1.0
1_H-118	33.25	33.0	3.407404549127665	0.8320577530213759	0.9997010463378176
200_H-118	33.5	32.0	3.408371232086941	0.8326066759326656	0.9995596007046389
201_H-118	41.0	34.0	3.3866219927990673	0.8313499332964724	0.9989673993214339
202_H-118	47.0	32.0	3.3735193051999564	0.8257731073537673	0.9991188133352915
203_H-118	30.0	29.0	3.4070018910243127	0.8349717561053149	0.9997019818208911
204_H-118	31.0	30.0	3.38687045950501	0.8296347733516695	0.999542264266097
205_H-118	29.0	29.0	3.4323570063624826	0.8341370551430123	0.9998529195469922
206_H-118	28.0	28.0	3.39774858633205	0.8310652647519945	0.99985121261717
207_H-118	32.333333333333336	32.0	3.402781679024785	0.8340478693590059	0.9997022480273932
208_H-118	42.0	32.0	3.420645621609549	0.8335851041715114	0.9992701795358342
209_H-118	30.25	30.0	3.4040769006857983	0.8341084949074777	0.9997026022304832
20_H-118	38.0	35.0	3.414643020796992	0.8324559812971397	0.9990900818926297
210_H-118	32.0	32.0	3.4169746550248647	0.8337208291540452	0.9998490110221954
211_H-118	31.0	30.0	3.4379259253702097	0.8379897055981725	0.9995500899820036
212_H-118	35.0	33.0	3.40203253023526	0.8304313964523137	0.9992439135037048
213_H-118	40.0	30.0	3.384935125578175	0.8300742318043356	0.9992458521870287
214_H-118	32.5	31.0	3.4377291188378143	0.8363792325410999	0.9993938475526595
215_H-118	48.0	33.0	3.4186205730694725	0.834549052913097	0.9991235758106923
216_H-118	42.5	32.0	3.4029703448611235	0.831077521005447	0.9989692239729053
217_H-118	28.0	28.0	3.3806504817495693	0.8303743217551314	0.9998544607771794
218_H-118	31.5	30.0	3.4127083948077046	0.8351838982435767	0.9995481927710843
219_H-118	35.333333333333336	32.0	3.4313181320946606	0.8365315859523317	0.9992615566386058
21_H-118	40.0	30.0	3.40342373271614	0.8330611808865992	0.9992599171107164
220_H-118	31.5	30.0	3.434114981735818	0.8369538654517149	0.9995575873764931
221_H-118	31.0	30.0	3.3740952144966476	0.8260068617298963	0.9995457986373959
222_H-118	39.0	34.0	3.4025235792874793	0.8308865129719556	0.999271880005825
223_H-118	37.0	31.0	3.3590298212363274	0.8252159072498743	0.9993987674733203
224_H-118	43.5	33.0	3.45801018692944	0.835786113453235	0.9989174141664089
225_H-118	34.0	32.0	3.3423323437049657	0.8221536000320698	0.9994202058269315
226_H-118	32.0	31.0	3.378158609391441	0.828899028763975	0.9995504270942605
227_H-118	35.0	29.0	3.4232655352769674	0.835296964215049	0.9993984962406015
228_H-118	41.5	34.0	3.444543288983396	0.838037789672452	0.9990961132871347
229_H-118	28.0	28.0	3.389683141114972	0.8307173846948191	0.9998486224644263
22_H-118	40.0	30.0	3.4212496281875686	0.8340915779811289	0.9992530624439797
230_H-118	33.0	30.0	3.376484218746719	0.8299875225786301	0.9993945815044649
231_H-118	40.5	33.0	3.415023410852996	0.8348337675304618	0.9990864799025578
232_H-118	39.5	32.0	3.4257618063969892	0.834604694982084	0.9990789069696039
233_H-118	35.333333333333336	32.0	3.423061938728868	0.8358483660949756	0.9992541766109785
234_H-118	34.0	31.0	3.3791275177215616	0.8265937547254566	0.9993976810721277
235_H-118	29.333333333333332	29.0	3.395817239036626	0.8306814754650399	0.9997079012706295
236_H-118	28.5	28.0	3.3984697857587935	0.8310236643312999	0.9996947030987635
237_H-118	28.0	28.0	3.412932305042669	0.8329253615383703	0.9998500299940012
238_H-118	33.5	32.0	3.3936710509654646	0.8306296284912597	0.9993865971476767
239_H-118	31.75	31.0	3.404856457737794	0.8348654524445069	0.9995453167626553
23_H-118	36.0	31.0	3.400757040593677	0.8310179243521585	0.9992163009404389
240_H-118	29.0	29.0	3.4420703460560524	0.8390564612919746	0.9998452730929909
241_H-118	34.42857142857143	34.0	3.3756569201871316	0.8272151258465489	0.9995461422087746
242_H-118	37.0	31.0	3.3929653418253842	0.8281498120774432	0.9993942147508709
243_H-118	38.0	35.0	3.419777980663509	0.8352621551632853	0.9991133441702379
244_H-118	53.0	32.0	3.392302090433585	0.8303356349238674	0.9989751098096632
245_H-118	35.333333333333336	32.0	3.368325392139643	0.8286184542359689	0.9992510485320552
246_H-118	32.5	31.0	3.3857188160449323	0.8295749807151654	0.9994040524433849
247_H-118	36.0	34.0	3.4132844790488024	0.8330518689713219	0.9993969546208352
248_H-118	31.0	28.0	3.3934908648440243	0.832045805815594	0.9995580436063641
249_H-118	30.333333333333332	30.0	3.427042716299721	0.8364835169880624	0.9996969696969698
24_H-118	54.0	33.0	3.369716889250236	0.8253918374699526	0.9989432367149759
250_H-118	38.0	33.0	3.4261374240973734	0.8331516009896375	0.9991017964071857
251_H-118	31.75	31.0	3.3179364844579773	0.8198288384023099	0.9995403707675808
252_H-118	30.75	30.0	3.4505350975727462	0.8409067526543462	0.9995435874030123
253_H-118	32.6	32.0	3.3953586750713383	0.83188710393377	0.9995571955719558
254_H-118	53.0	32.0	3.372115521922385	0.8267298100068049	0.9989502099580084
255_H-118	35.333333333333336	32.0	3.4135490315627393	0.8349083801079156	0.999249136506983
256_H-118	34.5	33.0	3.4017177569365087	0.8300672978991491	0.9994048504686802
257_H-118	31.0	30.0	3.4209578125191458	0.8370790076924772	0.9995598591549296
258_H-118	31.25	31.0	3.3897028461338086	0.8310436454146933	0.9997092600668702
259_H-118	30.0	30.0	3.3673617674548084	0.8266866186185655	0.9998471649090631
25_H-118	33.0	31.0	3.3847263653484987	0.8294664834958034	0.9993865030674847
260_H-118	32.333333333333336	32.0	3.3790495112977363	0.8252424284170914	0.9997012696041823
261_H-118	53.0	32.0	3.3674875478314408	0.8267377329082893	0.9989495798319328
262_H-118	36.666666666666664	35.0	3.3549865123297566	0.824832911389486	0.9992330111980365
263_H-118	30.5	29.0	3.4071521223278327	0.8339672582477988	0.9995440729483283
264_H-118	28.5	28.0	3.3747024246102226	0.8292458755836947	0.9997042732515156
265_H-118	31.0	31.0	3.393429237791902	0.8279413105378745	0.9998511018463371
266_H-118	34.0	32.0	3.3162720056208763	0.819230164853777	0.9993865030674847
267_H-118	33.5	32.0	3.3616826168333476	0.8262628695583007	0.9995442807230746
268_H-118	28.0	28.0	3.383077382586987	0.8305355168138668	1.0
269_H-118	27.0	27.0	3.389478958179599	0.8314963393895808	1.0
26_H-118	37.0	31.0	3.370073638394828	0.8283954638765928	0.9994161436286674
270_H-118	30.5	30.0	3.4184173251415366	0.8339516421787792	0.9997021149836163
271_H-118	32.333333333333336	32.0	3.40531502574841	0.8311679241260502	0.999700956937799
272_H-118	31.0	28.0	3.3896682403680884	0.8297600276014252	0.9995579133510168
273_H-118	35.333333333333336	32.0	3.366848476652757	0.8276830603317398	0.9992669696525436
274_H-118	37.0	31.0	3.3865536624067594	0.8282329722224265	0.9994055580323971
275_H-118	34.0	32.0	3.4163772195670874	0.8343685020223622	0.9993933879284198
276_H-118	34.0	32.0	3.4102937126148354	0.833471355287085	0.9993979530403372
277_H-118	38.0	33.0	3.396003941933055	0.8314538664892327	0.9992664319248826
278_H-118	31.0	28.0	3.327227119255381	0.8227240247830763	0.999539028887523
279_H-118	37.0	31.0	3.3922697738255976	0.8296780261971469	0.999412455934195
27_H-118	36.0	30.0	3.3794263479074798	0.8289015747599451	0.9994074074074074
280_H-118	36.333333333333336	33.0	3.3964864982455065	0.8301618197343887	0.9992531740104555
281_H-118	42.0	32.0	3.4080603956134627	0.8322428424575619	0.9992601361349511
282_H-118	32.5	31.0	3.3965144504796467	0.8318605156813645	0.9995525727069351
283_H-118	31.5	30.0	3.456111783534635	0.8384966274645451	0.999546004842615
284_H-118	33.166666666666664	33.0	3.4467644401292015	0.8395030650907593	0.999704535381888
285_H-118	30.25	30.0	3.428536369634681	0.8368919472776344	0.9996963716411112
286_H-118	34.0	31.0	3.384332488660184	0.8307642422269067	0.9993847100446085
287_H-118	35.0	30.0	3.3648624379049115	0.827103302931995	0.999258929894768
288_H-118	33.0	31.0	3.3736928791725354	0.8282890956291978	0.9993920972644377
289_H-118	37.0	32.0	3.4153270507247795	0.8359147268782301	0.9992616656822209
28_H-118	32.0	29.0	3.41941697404766	0.8357895142107769	0.9995619798510732
290_H-118	46.0	31.0	3.402739145114291	0.8331526334429079	0.9991374353076481
291_H-118	36.0	31.0	3.359047461082853	0.8275648452258914	0.9992588200415061
292_H-118	31.0	30.0	3.424745870700913	0.835499931727121	0.999546485260771
293_H-118	38.0	33.0	3.4626941481822326	0.8404807337054234	0.999108866775583
294_H-118	31.25	31.0	3.3989778333519167	0.8332537431064087	0.9996977482242708
295_H-118	48.0	33.0	3.4148153940199943	0.8348991281600328	0.9991008541885209
296_H-118	30.5	29.0	3.3521227044419106	0.8248429948083569	0.9995500899820036
297_H-118	33.0	31.0	3.40937634183298	0.8327463270058697	0.9993929276066171
298_H-118	31.0	31.0	3.4728399867436583	0.8406448766191891	0.9998460117031106
299_H-118	31.5	30.0	3.3667738671337624	0.8283081980502552	0.9995550281815485
29_H-118	36.333333333333336	33.0	3.4051822301443178	0.8321904415805508	0.9992472146943692
2_H-118	34.5	32.0	3.4383612737631357	0.8391586200724229	0.9992550655542313
300_H-118	34.0	31.0	3.3615960466352752	0.8288022020350587	0.9993772380507551
301_H-118	30.25	30.0	3.396680174734698	0.8311500585812145	0.9996920708237106
302_H-118	38.5	31.0	3.3389965727728708	0.8244863360606721	0.999113475177305
303_H-118	34.5	33.0	3.3742998919523095	0.8266726491557912	0.9993864089584292
304_H-118	36.0	30.0	3.380986600637675	0.8293992095282161	0.999405734660526
305_H-118	31.25	31.0	3.3816962744921755	0.8262414959023052	0.9996969237763298
306_H-118	33.5	32.0	3.421005316593985	0.8320324409017498	0.9995532390171258
307_H-118	34.0	31.0	3.4303775736098054	0.8357681499617224	0.9994102034797995
308_H-118	30.5	30.0	3.398872708667222	0.8292643890762113	0.9997052321296979
309_H-118	42.0	35.0	3.394936984693195	0.8281202832991814	0.998974058332112
30_H-118	29.5	29.0	3.430523615858233	0.8346496796250764	0.9997017596182524
310_H-118	28.0	27.0	3.39253565131829	0.831477338753846	0.9997029997029997
311_H-118	35.333333333333336	32.0	3.3540465768937215	0.8255716110452028	0.9992251665891834
312_H-118	33.0	32.0	3.4310441347824323	0.8349712310430115	0.9995493465525012
313_H-118	30.333333333333332	30.0	3.40628979296845	0.8350102216980314	0.9996992933393475
314_H-118	41.0	31.0	3.4198825233516694	0.8346391629949121	0.999239080809618
315_H-118	36.0	30.0	3.4243587540360596	0.8344371436767184	0.9994011976047904
316_H-118	28.0	28.0	3.406053957730369	0.8332694092512383	0.9998521803399852
317_H-118	36.5	34.0	3.3638347916285714	0.8281493021364209	0.9990910468110892
318_H-118	32.0	29.0	3.4049676212834616	0.8345304386589176	0.9995474430532508
319_H-118	29.5	29.0	3.3818495008586407	0.8295217980998881	0.9997000599880024
31_H-118	35.5	34.0	3.374618966365486	0.8267157769026964	0.9994044960547863
320_H-118	29.0	29.0	3.3904137662356164	0.8306466131565984	0.9998468137254902
321_H-118	33.0	30.0	3.414106614810521	0.832456709101574	0.9993832870798643
322_H-118	31.5	30.0	3.413176608382722	0.833680100415789	0.9995431703974418
323_H-118	33.0	31.0	3.37040165497975	0.8249619864030822	0.9994052928932501
324_H-118	31.333333333333332	31.0	3.4240133863975966	0.8323511582922299	0.9997029114676174
325_H-118	34.0	32.0	3.4608159991635716	0.8394454136864467	0.9993878175696358
326_H-118	39.5	32.0	3.386191681830989	0.8294665413893709	0.9991166077738516
327_H-118	31.0	30.0	3.408975504553046	0.8328940640254645	0.9995570648161819
328_H-118	28.333333333333332	28.0	3.3913013616893966	0.8333460144164737	0.9997055792727808
329_H-118	39.0	34.0	3.3733779692258974	0.8268962674309264	0.9992406985573272
32_H-118	31.0	30.0	3.3423043524694434	0.8232436321190828	0.9995492788461539
330_H-118	31.0	30.0	3.369268763969946	0.8289360294117647	0.9995588235294117
331_H-118	32.0	29.0	3.3984338434198356	0.8341993632716211	0.9993948562783661
332_H-118	35.0	32.0	3.452344039621206	0.840202247047387	0.9993999399939995
333_H-118	30.25	30.0	3.3568318855586767	0.8242061124190504	0.9996984773104176
334_H-118	30.0	29.0	3.3375641513225704	0.8240799201728666	0.9997073027952583
335_H-118	42.0	35.0	3.3888176833185755	0.8291227507045599	0.9989304812834224
336_H-118	38.0	33.0	3.3656159322461248	0.8259995332009723	0.9991158267020336
337_H-118	29.0	29.0	3.3765098397877242	0.8273204090424118	0.9998501648186995
338_H-118	28.5	28.0	3.3755264418425157	0.8292413215937399	0.999700822737472
339_H-118	37.333333333333336	34.0	3.4273130093760744	0.8327097031814206	0.999260464428339
33_H-118	40.25	35.0	3.352418609101148	0.822638900450851	0.9989539748953975
340_H-118	38.5	31.0	3.3749696042851745	0.8285262130146067	0.999078482567962
341_H-118	32.0	31.0	3.4128263866975144	0.8322169192807192	0.9995477841422973
342_H-118	36.0	30.0	3.4171940110350887	0.8343284762675299	0.9993848046754845
343_H-118	33.0	30.0	3.4279403699657296	0.8355495906923495	0.9994122832794593
344_H-118	32.0	31.0	3.408141767850764	0.8312414411082782	0.9995433094839398
345_H-118	35.0	29.0	3.416386352980979	0.8339969157200053	0.9994031632348552
346_H-118	33.0	30.0	3.3300301729959707	0.8213624822805476	0.9994214636968469
347_H-118	34.0	31.0	3.461839708153452	0.8377606087549017	0.9993876301285977
348_H-118	36.0	30.0	3.3634478958619565	0.8255638700409698	0.9993872549019608
349_H-118	36.0	31.0	3.409678270786259	0.8337981188982553	0.9992572786690433
34_H-118	34.0	32.0	3.3710121293115525	0.8274832754720689	0.999405734660526
350_H-118	31.5	30.0	3.4372535030437765	0.8355088708317083	0.9995511669658886
351_H-118	33.6	33.0	3.3625552678294333	0.8249725462138447	0.9995459361283487
352_H-118	34.0	32.0	3.380322318496698	0.8285765781958068	0.9993955877908733
353_H-118	30.0	29.0	3.452117143475968	0.836593219953585	0.9997085822526592
354_H-118	32.5	31.0	3.396645336313529	0.8305326018062247	0.9994037859591594
355_H-118	44.5	34.0	3.3513179484360527	0.8221863131478545	0.9989690721649485
356_H-118	32.0	31.0	3.4360871745998196	0.8377474804917657	0.999546004842615
357_H-118	35.333333333333336	32.0	3.387331331214636	0.8300834457275442	0.9992819187131984
358_H-118	28.0	28.0	3.3775908304092326	0.832586726107174	0.999853886616014
359_H-118	29.333333333333332	29.0	3.3592100363525144	0.8264260922969634	0.9997014479773101
35_H-118	43.5	33.0	3.374610002123844	0.8278315746683229	0.9989508393285371
360_H-118	49.0	35.0	3.375666696798665	0.8283378832048724	0.9988274952366994
361_H-118	34.0	31.0	3.44399101769723	0.8360677594535082	0.9994001199760048
362_H-118	34.0	32.0	3.4366247190233494	0.8374362697155009	0.9993810923719635
363_H-118	35.333333333333336	32.0	3.4176624938919478	0.8356475332630044	0.9992440278197763
364_H-118	29.25	29.0	3.3790827888894355	0.8293196870274951	0.9996934865900383
365_H-118	26.0	26.0	3.3739487897929505	0.8285905434271127	1.0
366_H-118	33.5	33.0	3.3799537584249792	0.8290140201619952	0.9995419847328244
367_H-118	39.5	32.0	3.3775914359480694	0.8281420210976356	0.9990922844175492
368_H-118	49.0	34.0	3.4186325371372845	0.8335114947494351	0.999105678938739
369_H-118	34.75	34.0	3.428422435914786	0.8348984792809091	0.9995488721804511
36_H-118	35.0	33.0	3.461211401519398	0.8401417867615162	0.9994012872324503
370_H-118	30.5	30.0	3.3509444212979265	0.8247685718640094	0.999699789852897
371_H-118	35.333333333333336	32.0	3.3318669932177416	0.8224326192827434	0.9992517210416043
372_H-118	34.0	31.0	3.3974517466341574	0.8324564983010029	0.999398586678695
373_H-118	33.0	32.0	3.34052943367075	0.8239294063075839	0.999552706127926
374_H-118	29.0	29.0	3.4138717622478927	0.8332244212150277	0.9998511683286203
375_H-118	28.0	28.0	3.4334626240473907	0.8368602239868642	0.9998522021874077
376_H-118	38.0	33.0	3.4069279525757166	0.8316278101461638	0.9990874524714829
377_H-118	36.333333333333336	33.0	3.399400668127725	0.8323915654761577	0.9992605737947353
378_H-118	33.0	30.0	3.374761366061354	0.8268935984903469	0.9993975903614458
379_H-118	31.5	30.0	3.4515858764825507	0.8391946713895035	0.9995544995544996
37_H-118	43.5	33.0	3.40884876846213	0.8308048482981183	0.9989566254285288
380_H-118	53.0	32.0	3.4506477347533235	0.8392127690185016	0.9989631165753222
381_H-118	30.333333333333332	30.0	3.3698381009252993	0.8250222373879867	0.9997098505730451
382_H-118	33.0	30.0	3.450036599793079	0.8399083796312949	0.9995479204339964
383_H-118	38.0	35.0	3.362494594133431	0.8281032834636438	0.9990990990990991
384_H-118	47.0	32.0	3.395941116995048	0.8299229888217228	0.9990984222389181
385_H-118	30.333333333333332	30.0	3.397958635238678	0.8321634945130316	0.9996913580246913
386_H-118	33.0	31.0	3.397362505727175	0.8339770655148504	0.99939713639789
387_H-118	42.5	32.0	3.3849727252656745	0.8301475269395342	0.9989632701421801
388_H-118	33.0	30.0	3.45247683601386	0.83986854926906	0.9994044073853484
389_H-118	41.0	31.0	3.3996691662053733	0.8297826995598966	0.9992654620243867
38_H-118	35.333333333333336	32.0	3.329466871628189	0.8221797767978475	0.9992613384547201
390_H-118	37.0	31.0	3.435479619045804	0.8370878999553807	0.9993969546208352
391_H-118	36.0	31.0	3.3692240348983864	0.8284550435315531	0.9992406985573272
392_H-118	37.0	32.0	3.3924519549662873	0.8300129112413364	0.9992822279643985
393_H-118	30.5	30.0	3.421495794515986	0.8339989172587688	0.9997097242380262
394_H-118	31.25	31.0	3.391626323355411	0.8271719048145736	0.9997004642803654
395_H-118	38.75	35.0	3.4030558976249283	0.8322233507597221	0.9991270187690965
396_H-118	31.0	30.0	3.400426496127716	0.8333514976466734	0.9995442807230746
397_H-118	31.0	30.0	3.4251648088221205	0.8349441065955169	0.9995468962392388
398_H-118	34.0	32.0	3.3972283824942817	0.8329564444444444	0.9994074074074074
399_H-118	40.0	30.0	3.4125014110573675	0.835019696969697	0.9992424242424243
39_H-118	37.0	32.0	3.3827365543357275	0.8277075703158506	0.9992431123221314
3_H-118	28.0	28.0	3.3752288328497206	0.8287428711485998	0.9998497144574692
400_H-118	34.0	32.0	3.377779318750722	0.8261713957759412	0.9993939393939394
401_H-118	41.0	31.0	3.395580611919109	0.8338878836363637	0.9992727272727273
402_H-118	36.0	31.0	3.387543039599604	0.8288331163829951	0.999264597734961
403_H-118	31.25	31.0	3.375210034311138	0.8283312544649994	0.9997012249775918
404_H-118	28.5	28.0	3.407552075697595	0.8329277470231593	0.9997018040852841
405_H-118	32.0	31.0	3.4421266710674345	0.8355228001082458	0.9995520382260714
406_H-118	43.5	33.0	3.393284134570629	0.8293416081426971	0.9989468933353393
407_H-118	29.0	28.0	3.413557932548368	0.8333091128107296	0.999691024254596
408_H-118	30.0	29.0	3.3793172999829837	0.8297553040161039	0.9995576526098496
409_H-118	35.0	32.0	3.409060845775375	0.8322795983090246	0.999379074821484
40_H-118	29.25	29.0	3.363716374789706	0.8270279821484395	0.9997023366572406
410_H-118	29.5	29.0	3.4336961593322806	0.8363354769727589	0.999691738594328
411_H-118	32.75	32.0	3.408480716043913	0.8361354189110309	0.9995489400090212
412_H-118	35.0	33.0	3.404792921314536	0.8301672033268299	0.9993938475526595
413_H-118	33.0	30.0	3.3842858508333253	0.8299145701559882	0.9995496171745984
414_H-118	30.333333333333332	30.0	3.4447884350970077	0.8391849178907149	0.9996962332928311
415_H-118	37.0	32.0	3.419768264432672	0.8355931207255742	0.9992353570882397
416_H-118	30.5	29.0	3.3598132445186937	0.8263769669594057	0.9995479204339964
417_H-118	49.0	34.0	3.406499501051082	0.8292341432178394	0.9990892531876139
418_H-118	36.0	31.0	3.3829257273270397	0.8294648211293043	0.9992394280498935
419_H-118	31.333333333333332	31.0	3.39881800150886	0.8328246270431467	0.9996971990915973
41_H-118	30.0	30.0	3.4167432477804476	0.8337302996722056	0.999850723988655
420_H-118	33.0	30.0	3.4132785967650823	0.8314643024380998	0.9994086339444116
421_H-118	36.333333333333336	33.0	3.429075149378787	0.8353017411333358	0.9992622104175889
422_H-118	30.5	30.0	3.4255845277217714	0.8339565110022169	0.9997060120535058
423_H-118	35.333333333333336	32.0	3.382723644260504	0.8306739112015652	0.9992473280144513
424_H-118	53.0	32.0	3.40250102799689	0.8339878177776184	0.9989520958083833
425_H-118	30.333333333333332	30.0	3.466686907641037	0.8395518069378782	0.999702646446625
426_H-118	30.5	29.0	3.3895600653830127	0.8296198395252368	0.9995494142385101
427_H-118	27.0	27.0	3.3458824236230162	0.8249247346659329	0.9998496918683301
428_H-118	29.333333333333332	29.0	3.432701880282208	0.8359492435933215	0.9997023366572406
429_H-118	29.5	29.0	3.3778229279972294	0.8293447838938188	0.9997030438010394
42_H-118	30.5	29.0	3.387913818340637	0.8290154304593377	0.9995490078171978
430_H-118	37.0	31.0	3.4221122090164298	0.8349180697033314	0.9994133176884717
431_H-118	34.0	32.0	3.4082381096632752	0.8337732572796649	0.9994102904319623
432_H-118	28.0	28.0	3.3553654491888762	0.8250795387119576	0.9998496918683301
433_H-118	37.0	31.0	3.434121354406525	0.8373477791208502	0.9993913572732805
434_H-118	42.0	35.0	3.3984529104979018	0.8320583268381824	0.9989643438378458
435_H-118	34.2	33.0	3.403552620132336	0.8311376379010016	0.9993975903614458
436_H-118	34.0	31.0	3.4257552337252104	0.835586831312005	0.999418773612322
437_H-118	36.5	34.0	3.462910309683515	0.8381907236373858	0.999249361957664
438_H-118	38.0	33.0	3.402379351112118	0.8308239484830325	0.9991101883434673
439_H-118	31.166666666666668	31.0	3.4011725392897296	0.8325804826366182	0.9996955396559598
43_H-118	34.0	31.0	3.369045810212632	0.8299220669794694	0.999383096853794
440_H-118	43.5	33.0	3.420157192814178	0.8321776786741695	0.9989570917759237
441_H-118	41.0	31.0	3.379692570773805	0.8249944038840042	0.9992631889183613
442_H-118	34.0	31.0	3.4020498436875193	0.8336401598748148	0.9994067042420647
443_H-118	34.0	31.0	3.3947022362516015	0.8321614135753022	0.9993907083015994
444_H-118	31.0	31.0	3.4634925329432464	0.8418045102880658	0.9998518518518519
445_H-118	30.5	30.0	3.3975906534345035	0.8314280972075562	0.9997055792727808
446_H-118	32.5	31.0	3.415343489042275	0.833224242912155	0.9995604395604396
447_H-118	36.0	31.0	3.4569918685514796	0.8382190513878681	0.9992481203007518
448_H-118	41.0	34.0	3.385126619765605	0.8271194746268498	0.9989910637071202
449_H-118	31.0	30.0	3.3998605265207296	0.8293265448655387	0.9995475113122172
44_H-118	36.0	31.0	3.4261548885270905	0.836022281546562	0.9992402370460416
450_H-118	36.0	31.0	3.3775231118962568	0.828704967215449	0.9992535085100029
451_H-118	42.0	32.0	3.3813381854274986	0.8287965238325921	0.9992337164750957
452_H-118	48.0	33.0	3.3670583797018634	0.8263804002721528	0.9990884229717412
453_H-118	37.0	31.0	3.4407543208772657	0.8344262030618501	0.9993944898577051
454_H-118	31.0	30.0	3.3743210609141596	0.8287277330673327	0.9995660977726353
455_H-118	31.75	31.0	3.445292730928521	0.8406851506264996	0.9995601173020527
456_H-118	36.0	34.0	3.395681112863176	0.8308527636221394	0.9992455107891958
457_H-118	37.0	31.0	3.4376887244791896	0.8378728110474802	0.9993963175369756
458_H-118	31.0	30.0	3.3546057657318307	0.8262510429417662	0.9995504944560983
459_H-118	28.5	28.0	3.389164690466832	0.8298802553803506	0.999692733138731
45_H-118	36.333333333333336	33.0	3.3780636562746302	0.8271668557025835	0.9992753623188406
460_H-118	47.0	32.0	3.410709543131939	0.8337071572734499	0.9990806006742262
461_H-118	33.5	32.0	3.404986935246579	0.8332041788854003	0.9994115050757687
462_H-118	35.0	30.0	3.4188955704760087	0.8324500280052679	0.9992502624081572
463_H-118	36.0	30.0	3.3818866895702424	0.830995258301463	0.9993987674733203
464_H-118	27.0	27.0	3.4088417658885986	0.8352806466690045	0.9998496014438262
465_H-118	35.0	32.0	3.40289417999385	0.8309803633412682	0.9994066162290461
466_H-118	33.5	32.0	3.4129188560074053	0.8312570892718099	0.9995586288068266
467_H-118	37.0	31.0	3.3910597649210605	0.8287960829034087	0.999397318065391
468_H-118	36.0	31.0	3.403867831315923	0.8324368415229915	0.9992522805443398
469_H-118	31.0	30.0	3.346318738691503	0.8232354454234756	0.9995574568520431
46_H-118	28.0	28.0	3.40315740556575	0.8313420935400477	0.9998450573287884
470_H-118	33.0	31.0	3.431936410651714	0.8366415807505151	0.9993841416474211
471_H-118	29.333333333333332	29.0	3.3337060908768024	0.8237865069315925	0.9996940960538391
472_H-118	28.0	28.0	3.4099521074720176	0.834976491439736	0.9998488741121354
473_H-118	36.0	30.0	3.367960631985795	0.8272387897962512	0.9994020926756353
474_H-118	40.5	33.0	3.376860696991208	0.8284203190904762	0.9990913221263062
475_H-118	31.0	30.0	3.4242411369575474	0.8357062648118789	0.9995431008224185
476_H-118	32.0	31.0	3.4134714021153956	0.8324740437100467	0.999537963961189
477_H-118	37.0	31.0	3.386424757308794	0.8308919447171086	0.9994125422235277
478_H-118	31.75	31.0	3.3826869810580287	0.8273369231907809	0.9995573262505534
479_H-118	34.0	31.0	3.393308817558393	0.8315329345839229	0.9994038748137108
47_H-118	41.0	34.0	3.3889102209363813	0.8305325803592799	0.9989720998531572
480_H-118	33.25	33.0	3.402357447058403	0.8292878150542047	0.9997076023391813
481_H-118	33.0	30.0	3.4005390333930725	0.833286976831308	0.999380613192939
482_H-118	30.25	30.0	3.4472841928480484	0.839298178154553	0.9996965559095736
483_H-118	27.0	27.0	3.4351389588402634	0.8385971821626219	0.9998527679623086
484_H-118	31.5	30.0	3.3849006202234317	0.8288597246612407	0.9995616598480421
485_H-118	30.0	30.0	3.3728759069242846	0.8251383524385902	0.9998490566037735
486_H-118	42.0	35.0	3.4264646012771336	0.8330261917430767	0.9989598811292719
487_H-118	34.0	31.0	3.3636622236485354	0.8257410271253491	0.9994034302759135
488_H-118	36.0	30.0	3.411571930077299	0.8320255196287438	0.9993935718617344
489_H-118	28.0	28.0	3.472305773332289	0.8437705308856694	0.999852224028373
48_H-118	30.333333333333332	30.0	3.412793391866479	0.8359208437538064	0.9996972907522325
490_H-118	30.5	29.0	3.4025682881577874	0.8310631725679467	0.9995498199279712
491_H-118	28.0	28.0	3.380584149320319	0.829344873543436	0.9998474912307458
492_H-118	69.0	33.0	3.4002843443492043	0.8309786798599863	0.9986524928881569
493_H-118	29.333333333333332	29.0	3.3845807343720313	0.829266331642334	0.9997029997029997
494_H-118	31.333333333333332	31.0	3.422182593547364	0.8319868315403602	0.9997018040852841
495_H-118	44.333333333333336	35.0	3.3976543313216583	0.8306899369403082	0.9988027536665669
496_H-118	29.0	28.0	3.3931029090126774	0.8327212835101697	0.9996960024319805
497_H-118	34.0	32.0	3.3606766844674705	0.8263343483890216	0.9993945815044649
498_H-118	32.75	32.0	3.422341879420745	0.8341313368415726	0.9995405115637923
499_H-118	33.5	32.0	3.4011563564994045	0.8300333245877501	0.9994016454749439
49_H-118	33.0	30.0	3.4482055563447913	0.8367756728903232	0.999407231772377
4_H-118	35.333333333333336	32.0	3.3732072685700887	0.8276560659415603	0.9992423094408244
500_H-118	35.0	32.0	3.3495207072677697	0.8243873180895057	0.9993896856881294
501_H-118	36.0	34.0	3.4027739039243796	0.8299106582854909	0.9993961352657005
502_H-118	32.25	32.0	3.4261788013399608	0.8346971519833025	0.9997063573630891
503_H-118	30.0	29.0	3.4104479668371996	0.8312965995568609	0.9996982043156782
504_H-118	39.5	32.0	3.4317319494240635	0.8363704213041199	0.9990839694656488
505_H-118	36.0	34.0	3.393877033255533	0.830239363428092	0.9992321867321867
506_H-118	33.0	30.0	3.38667350354809	0.8284563187885666	0.9994071439158144
507_H-118	28.0	28.0	3.4307691587560867	0.8353231444725644	1.0
508_H-118	31.25	31.0	3.430275236973897	0.8354022318089607	0.9997021593447506
509_H-118	31.0	30.0	3.378261211455335	0.8276953454832664	0.9995568685376661
50_H-118	41.0	34.0	3.3628560087170256	0.8258195789630967	0.9989258861439313
510_H-118	32.0	31.0	3.4157673858663196	0.8327972405405111	0.9995451099317665
511_H-118	31.75	31.0	3.392481253232348	0.8295159301083729	0.9995462108606867
512_H-118	35.333333333333336	32.0	3.399754694987631	0.8336717951914799	0.9992466475817388
513_H-118	30.2	30.0	3.342655635193349	0.8234069874341076	0.9997007779772591
514_H-118	34.5	33.0	3.4117793118211193	0.8323961045419679	0.9993870671161508
515_H-118	44.333333333333336	35.0	3.413596392801713	0.8326981335442525	0.9988276670574443
516_H-118	32.0	29.0	3.376379022977397	0.8292893947150461	0.9995583038869258
517_H-118	30.0	29.0	3.4265201322007326	0.8365401627566398	0.999702646446625
518_H-118	39.0	34.0	3.3682587825486765	0.8254575410833215	0.9992494746322426
519_H-118	32.25	32.0	3.458714472548794	0.8376729439799435	0.9996984773104176
51_H-118	28.0	28.0	3.3158649833845026	0.8187467993079585	0.9998529411764706
520_H-118	36.0	30.0	3.4116341755150756	0.8354005190213106	0.9994040524433849
521_H-118	28.5	28.0	3.4333123648056465	0.838869537954144	0.9996946098641014
522_H-118	34.5	33.0	3.3831301945835803	0.828360023980644	0.9994069681245367
523_H-118	34.0	31.0	3.4098695397124636	0.8323219049506203	0.9993969546208352
524_H-118	41.0	31.0	3.414143333881935	0.8354938629203121	0.9992640565204592
525_H-118	32.75	32.0	3.3888450822762906	0.8299833756312976	0.9995451788963008
526_H-118	31.0	30.0	3.4294760353003078	0.8340656928965706	0.9995482608040958
527_H-118	32.5	31.0	3.381698966288439	0.8305733804346319	0.9995405115637923
528_H-118	28.333333333333332	28.0	3.3916275330782253	0.833255723979437	0.9996955859969558
529_H-118	48.0	34.0	3.3827095118848094	0.8308915282445332	0.998792270531401
52_H-118	30.5	29.0	3.4024865069770316	0.8326403689979482	0.9995569994093325
530_H-118	34.0	31.0	3.3538566805724708	0.825669085168838	0.9994119376653925
531_H-118	36.0	34.0	3.40531592136452	0.8289731204943267	0.9992566161165626
532_H-118	36.0	30.0	3.390204973262061	0.8273931384744632	0.9993956791056051
533_H-118	37.0	32.0	3.3746964521063796	0.82606710042137	0.9992333639987734
534_H-118	32.0	31.0	3.4115923497447174	0.8320203399651361	0.999543934326543
535_H-118	30.0	29.0	3.44546071463244	0.8379770524459397	0.9996984318455971
536_H-118	41.5	34.0	3.4168948333914204	0.8330293076585159	0.9990906335253107
537_H-118	34.42857142857143	34.0	3.3998976481185688	0.8304186193523082	0.9995483288166215
538_H-118	35.333333333333336	32.0	3.4289855986670172	0.8371765299052369	0.999244370560677
539_H-118	30.25	30.0	3.4348641473410737	0.8383518553268976	0.9996955859969558
53_H-118	36.333333333333336	33.0	3.4195290342231597	0.8364698308114416	0.9992504871833309
540_H-118	29.333333333333332	29.0	3.4246528015878814	0.8341953420635694	0.9996975654014819
541_H-118	32.5	31.0	3.4002456591314836	0.8287782222080302	0.9995526394273785
542_H-118	35.0	32.0	3.38570859176279	0.8282100647742836	0.9993933879284198
543_H-118	35.333333333333336	32.0	3.4076007864583575	0.8324371194886775	0.9992510485320552
544_H-118	31.0	30.0	3.3957493235572263	0.831546817234552	0.9995571302037201
545_H-118	31.5	30.0	3.394276872673779	0.8331933932177553	0.9995447647951442
546_H-118	33.2	32.0	3.4229297139888617	0.8353507491820344	0.999390243902439
547_H-118	30.333333333333332	30.0	3.428906363734576	0.8340161961300683	0.9997098505730451
548_H-118	35.333333333333336	32.0	3.4180078066540567	0.8356750456255306	0.9992489109208352
549_H-118	36.333333333333336	33.0	3.4213177808127013	0.8349152957571329	0.999242539009241
54_H-118	33.6	33.0	3.3457317465542684	0.8249758123325872	0.9995450409463148
550_H-118	28.0	28.0	3.361188782674112	0.8272892102095228	0.9998459642637092
551_H-118	30.0	29.0	3.3619259269917636	0.8278223390855617	0.9995477159656264
552_H-118	35.0	32.0	3.3886023878330382	0.830260075465661	0.9994078460399703
553_H-118	48.0	34.0	3.4562818329041423	0.8397308842275678	0.9987858552132342
554_H-118	28.0	28.0	3.3637860129742605	0.8286749390674237	1.0
555_H-118	36.0	31.0	3.3457025410449006	0.8221574243190741	0.9992694330800701
556_H-118	47.0	32.0	3.4333038787487333	0.833156797876473	0.9990838295923041
557_H-118	31.5	30.0	3.347021747152769	0.8217717300826947	0.9995435179549604
558_H-118	36.0	30.0	3.397978906627246	0.8302977310294034	0.9993918199787137
559_H-118	57.5	35.0	3.380655377443572	0.828171221477551	0.9984843892088512
55_H-118	36.75	33.0	3.3894690802468603	0.8314608208910925	0.999126383226558
560_H-118	33.6	33.0	3.389732181784944	0.8277877263100729	0.9995435179549604
561_H-118	33.75	33.0	3.3984168254270632	0.8293295600838027	0.9995345228859581
562_H-118	36.0	30.0	3.410387162189062	0.8321731246524081	0.999405734660526
563_H-118	32.5	31.0	3.3963800330170946	0.828678734003105	0.9995396654902563
564_H-118	30.5	30.0	3.3962114184275918	0.8294257841630671	0.9997028673302629
565_H-118	47.0	32.0	3.3775094688991807	0.8297551368442803	0.9990952955367913
566_H-118	30.5	30.0	3.374284077195855	0.8261293523368081	0.9996939556235654
567_H-118	33.0	31.0	3.3744075473867046	0.8291978136010014	0.9994013768332835
568_H-118	36.0	30.0	3.350431603311374	0.8255383991856321	0.9993850883935435
569_H-118	27.5	27.0	3.359154027755761	0.8278228116283662	0.9997051017398997
56_H-118	32.0	31.0	3.3801990164476394	0.8272037066707363	0.9995373226403454
570_H-118	35.2	34.0	3.3499890362227833	0.8220297152745784	0.9993873487517231
571_H-118	38.0	33.0	3.3944242529565503	0.8309451977551636	0.9990875912408759
572_H-118	27.0	27.0	3.3815918618717364	0.8297198152173992	0.9998513453248105
573_H-118	31.2	31.0	3.398912730927652	0.8313345217506914	0.9997051452159811
574_H-118	39.0	29.0	3.419346115887704	0.8362035306301899	0.9992631889183613
575_H-118	31.0	30.0	3.3828482627675784	0.8270921626085567	0.9995620437956204
576_H-118	31.0	30.0	3.3990227482616686	0.8285913597109154	0.9995595360446337
577_H-118	31.2	31.0	3.4083606683219334	0.8336217978443747	0.999691738594328
578_H-118	36.333333333333336	33.0	3.3690776693049727	0.8231271455767455	0.9992391965916008
579_H-118	32.0	31.0	3.409814301349996	0.8317030626444024	0.9995471014492754
57_H-118	46.0	31.0	3.3232594208287205	0.8192507529799478	0.9991105840498073
580_H-118	35.0	30.0	3.4489865855416326	0.8389430907648276	0.9992457384220848
581_H-118	33.0	30.0	3.395142078705446	0.8305424668838888	0.9995474430532508
582_H-118	34.5	33.0	3.435696363031516	0.8363904391548622	0.9994172494172494
583_H-118	30.5	30.0	3.3765232833792935	0.8260943349285541	0.9996971073754354
584_H-118	31.5	30.0	3.4068318427252664	0.8331009144940082	0.9995435874030123
585_H-118	34.0	31.0	3.3865170798452806	0.8286039598486624	0.9994008388256441
586_H-118	32.0	30.0	3.3596880825252953	0.8256022096527316	0.9993983152827918
587_H-118	30.333333333333332	30.0	3.4038952313845496	0.8313145448977782	0.9997004194128221
588_H-118	30.5	29.0	3.434591587618317	0.8390268143696512	0.9995538370017847
589_H-118	28.5	28.0	3.3696196291265523	0.8298158164401872	0.9997014925373134
58_H-118	30.0	30.0	3.4094386409429407	0.8314335872184299	0.9998505901688332
590_H-118	36.333333333333336	33.0	3.409105549840441	0.8323837431158164	0.999260464428339
591_H-118	35.0	32.0	3.4128145316329124	0.8331269793619449	0.9994135757220349
592_H-118	29.0	29.0	3.3755637919403227	0.8299467621377595	0.9998468137254902
593_H-118	31.2	31.0	3.384813211434348	0.8307720698014075	0.9996969237763298
594_H-118	31.25	31.0	3.376947212704648	0.8275367846725181	0.9997022036926743
595_H-118	36.0	31.0	3.3735501628883395	0.8290517170848666	0.9992480072191307
596_H-118	37.0	31.0	3.3833277626356635	0.8282636610417042	0.9993993092055864
597_H-118	31.0	31.0	3.3923686442274437	0.8311172540264891	0.9998526377836723
598_H-118	30.0	30.0	3.412036332374341	0.833440366972477	1.0
599_H-118	36.333333333333336	33.0	3.375094600869704	0.8280612551085834	0.9992617746936365
59_H-118	37.75	34.0	3.3696661426814307	0.8257854993507829	0.9991203635830523
5_H-118	34.0	32.0	3.4230457248178277	0.8347563109641873	0.999379074821484
600_H-118	29.5	29.0	3.4077799845828767	0.8331681937780259	0.9996982953688339
601_H-118	31.6	31.0	3.396799068396801	0.8314216164119996	0.9995424736922373
602_H-118	41.0	31.0	3.3793633937946956	0.8292250363850503	0.9992636229749632
603_H-118	31.5	30.0	3.4218443766169737	0.8350128316519742	0.9995443499392467
604_H-118	36.0	31.0	3.410180048903786	0.8329436974389011	0.9992418498862775
605_H-118	33.75	33.0	3.405303209633078	0.8309488154291661	0.9995532390171258
606_H-118	33.0	32.0	3.355836085525144	0.8243340879016408	0.9995603107137623
607_H-118	33.0	30.0	3.309670257066732	0.8174551754109668	0.9993979530403372
608_H-118	32.0	29.0	3.3777215443865467	0.8290864578566095	0.999405911183722
609_H-118	54.0	33.0	3.4246186045683475	0.8357055520429847	0.9989541311818317
60_H-118	38.75	35.0	3.392392958921143	0.8286459362642175	0.9991245987744383
610_H-118	31.75	31.0	3.4535393932897236	0.8398670291913535	0.9995495495495496
611_H-118	32.75	32.0	3.380899166366423	0.8269356343714489	0.9995440729483283
612_H-118	35.0	29.0	3.383986537348089	0.8313261855988813	0.9993990384615384
613_H-118	28.5	28.0	3.3901837628373817	0.8311279364673431	0.9996992028876522
614_H-118	42.0	35.0	3.395591268632615	0.8308084674420967	0.9989363318644583
615_H-118	29.333333333333332	29.0	3.4134095930350243	0.8334159691081839	0.9997011356843993
616_H-118	30.25	30.0	3.413315401893018	0.8337484999341561	0.9996937681825142
617_H-118	37.0	32.0	3.34850945750119	0.8217024096770087	0.9992428831011508
618_H-118	29.0	29.0	3.4244693466645124	0.8358184071888802	0.9998477466504263
619_H-118	32.5	31.0	3.394464511678057	0.8317465861363915	0.9995554238292828
61_H-118	34.0	31.0	3.4048385498733964	0.8322902853985673	0.9993827160493827
620_H-118	47.0	32.0	3.413894258374726	0.8320603764921947	0.9990909090909091
621_H-118	29.0	29.0	3.3688865812638547	0.8281229505654385	0.9998440910508263
622_H-118	35.333333333333336	32.0	3.4098119958777797	0.8331845514976638	0.9992587101556709
623_H-118	35.0	29.0	3.388845894004531	0.8311899730302874	0.9993932959199151
624_H-118	38.0	35.0	3.414027158885323	0.8340433602213344	0.9990948861065018
625_H-118	70.0	34.0	3.3923178773268416	0.8321586961079397	0.9986539036793299
626_H-118	33.0	31.0	3.4215078189056625	0.8345632089776676	0.9993955877908733
627_H-118	36.5	34.0	3.42517167811211	0.8332400522599492	0.9992337164750957
628_H-118	30.5	30.0	3.394059041994023	0.8311770153553901	0.9997014034040012
629_H-118	31.0	30.0	3.3896920936756807	0.8270218287535563	0.999543934326543
62_H-118	28.5	28.0	3.321539762210774	0.8207286217019835	0.9996932515337423
630_H-118	33.0	30.0	3.367257051205643	0.8263299336710976	0.999407231772377
631_H-118	31.0	28.0	3.369996509052003	0.8270060161365085	0.9995640168580148
632_H-118	33.0	32.0	3.3964774861718197	0.830136057214759	0.9995515024667364
633_H-118	33.0	31.0	3.417019750764492	0.8330335348307106	0.9993910793119196
634_H-118	31.5	30.0	3.419589633185866	0.8348199632475376	0.9995531724754245
635_H-118	31.0	30.0	3.3707973541249165	0.8261351959862651	0.9995601817915262
636_H-118	32.333333333333336	32.0	3.4277722670883337	0.8349710400187568	0.9996947030987635
637_H-118	31.0	30.0	3.3895645838813464	0.8297404143784934	0.9995544333877915
638_H-118	30.0	29.0	3.360883008999819	0.8282169073500805	0.9997057525378844
639_H-118	28.0	28.0	3.3969176418015055	0.8326295275412601	0.9998439450686641
63_H-118	29.333333333333332	29.0	3.3741867194971005	0.8306900654372398	0.9996951219512196
640_H-118	32.0	29.0	3.3382920051906315	0.8244391681662312	0.999554367201426
641_H-118	42.0	32.0	3.4149233840567392	0.8324964692848666	0.9992635145087642
642_H-118	31.5	30.0	3.348566941365858	0.8249410595414202	0.9995492788461539
643_H-118	29.0	29.0	3.3646709111043376	0.8273204321540374	0.9998496466696737
644_H-118	40.0	30.0	3.3914133780570146	0.8307416176827588	0.9992409291027782
645_H-118	30.333333333333332	30.0	3.4149949642288715	0.8336763063546413	0.9996965098634294
646_H-118	46.0	31.0	3.4014958350617475	0.8329523819356235	0.9991050119331742
647_H-118	39.5	32.0	3.3931648445501867	0.830390818891542	0.9990857839402713
648_H-118	31.5	30.0	3.396594489177726	0.8308118182292963	0.9995603751465416
649_H-118	33.5	32.0	3.3958206952789363	0.831266529008509	0.9993981342160698
64_H-118	31.75	31.0	3.421409808066351	0.8358380363519378	0.9995500899820036
650_H-118	36.0	31.0	3.3525338026527995	0.8215859993978382	0.9992317148125384
651_H-118	30.0	29.0	3.4203851095970634	0.8340328163561598	0.9997015370840173
652_H-118	30.0	29.0	3.3889485173067806	0.831642466767831	0.9995474430532508
653_H-118	37.333333333333336	34.0	3.412902714341544	0.8313204443576949	0.9992542878448919
654_H-118	36.0	31.0	3.39451030813076	0.8315040628509729	0.999259368982373
655_H-118	32.5	31.0	3.437986943534079	0.8367465003282826	0.9995458673932789
656_H-118	38.5	31.0	3.4135476147483734	0.833063025390709	0.9990737882062365
657_H-118	30.333333333333332	30.0	3.4019906596554894	0.8336006556099078	0.9997060984570169
658_H-118	28.0	28.0	3.385528823279653	0.829179165012374	0.9998525726079905
659_H-118	34.0	31.0	3.39065963894275	0.8318799154849446	0.9994053812992418
65_H-118	35.333333333333336	32.0	3.4018006206698193	0.8295749700274586	0.9992458521870287
660_H-118	38.0	33.0	3.400815501432582	0.8308736566583163	0.9991003148897886
661_H-118	32.5	31.0	3.4028158006163007	0.8320007922570762	0.9995450409463148
662_H-118	33.5	32.0	3.3864187502988408	0.8283924661994314	0.9993960440887815
663_H-118	33.0	30.0	3.450168946978561	0.838675285660363	0.9993947647147828
664_H-118	32.0	32.0	3.429523064211915	0.8323253817759313	0.9998514998514999
665_H-118	31.25	31.0	3.395303679896571	0.8278964291255649	0.9997123543794045
666_H-118	33.5	32.0	3.3787021564211415	0.826698223617361	0.9993975903614458
667_H-118	31.333333333333332	31.0	3.3959476109003393	0.8307520710067953	0.9997067018624431
668_H-118	32.166666666666664	32.0	3.3804106216510106	0.8276286957996495	0.9996992481203008
669_H-118	33.5	32.0	3.4002368207926055	0.8303850497024646	0.9993786890338614
66_H-118	33.0	30.0	3.440120133457534	0.836000087211768	0.9994045846978268
670_H-118	34.0	31.0	3.3295651390535537	0.8221415003372069	0.9994054696789536
671_H-118	31.0	30.0	3.3843233294806225	0.8264212092226293	0.9995416348357525
672_H-118	30.0	30.0	3.427295614266542	0.8357969927373781	0.9998494882600842
673_H-118	30.0	30.0	3.4196273205807715	0.8348945386049462	0.9998534154206977
674_H-118	35.0	32.0	3.4572041033501004	0.8384158546424696	0.9994180971777713
675_H-118	46.0	31.0	3.4462724439058166	0.8373152559624928	0.9990962494351558
676_H-118	34.5	33.0	3.4211312572347063	0.8340598714416896	0.9993939393939394
677_H-118	38.5	31.0	3.375019811442148	0.8296066519174536	0.9990992343491968
678_H-118	35.0	33.0	3.445021510448288	0.8364973397802992	0.9992577197149644
679_H-118	37.0	32.0	3.38532491993573	0.8279567285224488	0.9992387332521315
67_H-118	29.0	29.0	3.387818522174164	0.828744437904607	1.0
680_H-118	34.0	31.0	3.432140917351475	0.8361487242520023	0.9993907083015994
681_H-118	34.0	31.0	3.3870720896632416	0.8305054356040567	0.9993977717554954
682_H-118	31.0	30.0	3.4118557530934983	0.8320752911174536	0.9995497523638001
683_H-118	38.0	32.0	3.397942116470374	0.8307198096365697	0.9993912646476945
684_H-118	35.5	33.0	3.3487235932720725	0.8249755081263922	0.9992540653438758
685_H-118	31.0	31.0	3.389174361282844	0.8273895466686323	0.9998493522145224
686_H-118	33.0	30.0	3.395710153654327	0.8313911530933612	0.9993969546208352
687_H-118	31.5	31.0	3.341904027930795	0.825428911133216	0.9997050582509954
688_H-118	34.5	32.0	3.4345321072102903	0.8357993633071071	0.9992519449431478
689_H-118	34.0	32.0	3.42242839895119	0.8353088596110665	0.9993946731234867
68_H-118	37.0	32.0	3.4324031013414107	0.8365647925203519	0.9992418498862775
690_H-118	30.0	29.0	3.433512864958868	0.8350479829665212	0.9996972449288526
691_H-118	36.0	34.0	3.440544935220839	0.8365641608364882	0.999247554552295
692_H-118	29.5	29.0	3.3790276002130373	0.8286957089488209	0.9996950289722476
693_H-118	31.0	31.0	3.3963560747425268	0.8328893902198737	0.9998546934030805
694_H-118	41.0	31.0	3.3665616813943116	0.8287488130277479	0.9992539540435691
695_H-118	39.0	36.0	3.4749170986131546	0.8412937751423204	0.9991092636579573
696_H-118	37.0	31.0	3.4302586102385897	0.8351890089948689	0.9993926510780443
697_H-118	29.5	29.0	3.396603690126177	0.8323248911476426	0.9997015816174276
698_H-118	38.0	33.0	3.406854454079195	0.8334411923911499	0.9992483463619964
699_H-118	42.0	32.0	3.3925991430530487	0.8291085335490587	0.9992713494607987
69_H-118	33.0	31.0	3.386033326414574	0.8315109323331098	0.9994137476183497
6_H-118	30.25	30.0	3.427657160677898	0.8373344344118898	0.9996983408748115
700_H-118	37.0	32.0	3.4435649414572715	0.8381068590035363	0.9992603550295858
701_H-118	36.333333333333336	33.0	3.3958484126950355	0.8313175816573811	0.9992379210486206
702_H-118	29.25	29.0	3.3467813954353667	0.8242133792719355	0.9996962794229309
703_H-118	33.0	30.0	3.3952876164809846	0.8287679591700358	0.999421965317919
704_H-118	43.5	33.0	3.4334760770860515	0.8364312861873782	0.998974659440457
705_H-118	31.5	31.0	3.384593099588166	0.8290308938733214	0.999703308114523
706_H-118	32.0	29.0	3.401565025915916	0.8337371633935695	0.999551703526599
707_H-118	35.0	29.0	3.3894982144676495	0.8298085381104259	0.9994042299672327
708_H-118	36.5	34.0	3.4015707445709595	0.8311686118434426	0.9992566161165626
709_H-118	37.0	32.0	3.380476216777089	0.8281638296326523	0.9992609016999261
70_H-118	42.0	32.0	3.4556663880936473	0.838352984285941	0.9992526158445441
710_H-118	31.5	30.0	3.411059737786758	0.8320341818630084	0.9995548961424332
711_H-118	36.0	30.0	3.3594542407535015	0.8259253375578686	0.999394947814249
712_H-118	31.0	30.0	3.4148591328115936	0.8350396252818724	0.9995519044062733
713_H-118	29.333333333333332	29.0	3.312258657947343	0.821884899183838	0.9996984318455971
714_H-118	30.333333333333332	30.0	3.3797879146029906	0.8273355990035773	0.9997067878610174
715_H-118	32.0	31.0	3.3709316135030747	0.8259454058307577	0.9995484647802528
716_H-118	32.166666666666664	32.0	3.405405271579373	0.8288023542598412	0.9996912150687046
717_H-118	39.5	32.0	3.3801415043458847	0.8305630834601236	0.999105678938739
718_H-118	31.0	28.0	3.344085824180265	0.823449488727044	0.9995443499392467
719_H-118	33.2	32.0	3.3237858438475008	0.8210945659772917	0.9994075829383886
71_H-118	28.0	28.0	3.4384371674593686	0.8366027248572558	0.9998496240601503
720_H-118	34.0	32.0	3.3863504969429927	0.8296458261435049	0.9993929276066171
721_H-118	31.5	30.0	3.3910281825941126	0.8297811646025932	0.9995421245421245
722_H-118	41.0	34.0	3.430433796101602	0.8338487210370044	0.9989413188142771
723_H-118	32.5	31.0	3.3783865105899538	0.8310258706007341	0.9995477841422973
724_H-118	33.0	30.0	3.374838034009854	0.8298084078839052	0.9995560816809707
725_H-118	32.5	31.0	3.3873716842087345	0.8289056805524616	0.9995522388059701
726_H-118	38.0	33.0	3.362839133943181	0.8267887212942263	0.9992655699177438
727_H-118	36.0	30.0	3.4079722657017943	0.8326185351741093	0.9994017349685911
728_H-118	54.0	33.0	3.440049307281916	0.83602740062284	0.9989204194941395
729_H-118	29.0	29.0	3.3494530130825737	0.8261050817126505	0.9998546300334351
72_H-118	30.333333333333332	30.0	3.4361117185625902	0.8358479170194235	0.9997073456248171
730_H-118	71.0	35.0	3.3968816146534837	0.8295534432998186	0.9986384266263237
731_H-118	33.0	30.0	3.3889237208041307	0.8323217887959034	0.9993898718730934
732_H-118	30.5	29.0	3.399695973794848	0.833614601719525	0.9995473064735174
733_H-118	34.0	32.0	3.3651138170455805	0.827929811565959	0.9994078460399703
734_H-118	33.0	30.0	3.387791009587961	0.830017505779549	0.999400479616307
735_H-118	31.75	31.0	3.3731509983950168	0.8281344679016063	0.9995483288166215
736_H-118	29.25	29.0	3.3418762736204117	0.8234320637878778	0.9996943765281173
737_H-118	30.333333333333332	30.0	3.417487651141551	0.833499827623748	0.9996987951807229
738_H-118	36.0	30.0	3.4172102517927767	0.8327030655912555	0.9993968636911942
739_H-118	33.25	33.0	3.4011215976617075	0.8300401984671348	0.9996983408748115
73_H-118	31.5	30.0	3.40920439283514	0.8315327509567475	0.9995580436063641
740_H-118	30.5	30.0	3.378577490782905	0.8293412140931831	0.9996980220443907
741_H-118	31.5	30.0	3.3712380703614255	0.824874268008744	0.9995506964205482
742_H-118	39.0	34.0	3.389785774572731	0.827837448275566	0.9991028708133971
743_H-118	37.0	32.0	3.4037105962408623	0.8325776452809178	0.999234654829328
744_H-118	42.5	32.0	3.390906421641446	0.829428374200155	0.998911860718172
745_H-118	30.5	29.0	3.329337095089381	0.8237535900050177	0.9995471014492754
746_H-118	34.5	33.0	3.419343701963213	0.8326775096025315	0.9993909866017052
747_H-118	31.75	31.0	3.3559182362742677	0.8239319756158504	0.9995660350065094
748_H-118	29.333333333333332	29.0	3.3870719640514495	0.8286158019247528	0.9997033521210323
749_H-118	37.0	32.0	3.413780185408612	0.8308722034311902	0.9992624280867385
74_H-118	33.0	30.0	3.3642500742460464	0.8265397737397231	0.9995576526098496
750_H-118	37.0	32.0	3.3679790794642104	0.8275914173466304	0.9992444847385917
751_H-118	62.0	34.0	3.3996617506130695	0.8325110116037239	0.9988020365378856
752_H-118	47.0	32.0	3.406735200088685	0.8323104708060569	0.9991197183098591
753_H-118	55.0	34.0	3.3746222081822963	0.826231049724706	0.998975559783404
754_H-118	31.75	31.0	3.4120818802879094	0.8328528444311134	0.9995468962392388
755_H-118	32.5	31.0	3.4026408035347577	0.8314459419947676	0.9995543009953944
756_H-118	55.0	34.0	3.353612691022556	0.8250099836959215	0.9989462592202318
757_H-118	34.5	33.0	3.4193472721511546	0.8332424062719168	0.9994151191694692
758_H-118	30.75	30.0	3.318905633866807	0.8226656903773553	0.9995513012264433
759_H-118	43.333333333333336	34.0	3.3443043444624947	0.8233757358209459	0.9987682832948422
75_H-118	36.0	31.0	3.420965216827207	0.8354392918325589	0.999259368982373
760_H-118	34.5	33.0	3.3564774845946097	0.8264748248528896	0.9994091580502216
761_H-118	43.5	33.0	3.4309703016167155	0.8332943166662831	0.998943715104874
762_H-118	31.333333333333332	31.0	3.439345892443247	0.8371398619352548	0.9996972449288526
763_H-118	36.2	35.0	3.383594321698013	0.8268533179961866	0.9994049390062482
764_H-118	33.0	30.0	3.3152664442013524	0.8210260606021677	0.9994026284348865
765_H-118	41.0	31.0	3.4334247673636553	0.836355679335637	0.9992237230243751
766_H-118	29.5	29.0	3.3907713017541417	0.8288261506291759	0.9996997447830656
767_H-118	36.0	30.0	3.4111844066075134	0.8333503607185219	0.9994076706648897
768_H-118	34.2	33.0	3.365266369757113	0.8241085501122871	0.9993996698184001
769_H-118	34.5	32.0	3.401597021296244	0.8307620552683713	0.999249361957664
76_H-118	32.0	31.0	3.4282333159841443	0.8348829434093574	0.9995593419506463
770_H-118	37.0	35.0	3.431450699708098	0.8361628425260722	0.9992357077346378
771_H-118	62.0	34.0	3.400873160957786	0.8328588361570821	0.9987980769230769
772_H-118	31.0	28.0	3.345302996287865	0.8246115542388973	0.999549887471868
773_H-118	31.0	30.0	3.3875288534138073	0.8296821376271484	0.9995474430532508
774_H-118	33.5	32.0	3.420172315813866	0.8320930380925393	0.9995564098772733
775_H-118	32.0	31.0	3.432803103684775	0.8355345379124134	0.9995388871810637
776_H-118	36.0	30.0	3.424338102184747	0.8347226105924115	0.9993897787948132
777_H-118	33.0	32.0	3.4224933436637333	0.832866218637498	0.9995477159656264
778_H-118	39.5	32.0	3.415731710812	0.8356025570335378	0.9990926962044457
779_H-118	30.0	29.0	3.391640586616779	0.8310113134170726	0.9996919285274184
77_H-118	41.0	31.0	3.390034866181278	0.8287349128196496	0.9992509363295881
780_H-118	33.6	33.0	3.389178262484131	0.8308630533860176	0.9995506964205482
781_H-118	38.0	33.0	3.3562785973135427	0.8236385015734379	0.9992595883311121
782_H-118	31.5	30.0	3.4071439780344868	0.8340513290393405	0.9995490078171978
783_H-118	29.0	29.0	3.4086706908318947	0.8359960333936329	0.9998483929654336
784_H-118	33.0	32.0	3.3494201753384734	0.8233235018935176	0.9995522388059701
785_H-118	36.0	31.0	3.362114295216584	0.825044040454975	0.9992498124531133
786_H-118	34.5	33.0	3.4023519660672124	0.8308157504671831	0.9994001199760048
787_H-118	31.5	30.0	3.4153278399887426	0.8342708841236605	0.9995533720410897
788_H-118	40.0	35.0	3.425392355290892	0.8317350211012124	0.9991092636579573
789_H-118	37.0	32.0	3.369153614980825	0.8245257522641373	0.9992527275444627
78_H-118	35.0	32.0	3.433063322977166	0.8354693298685893	0.9994036970781157
790_H-118	29.5	29.0	3.3842163856618357	0.8302164559845495	0.9997017596182524
791_H-118	27.0	27.0	3.434099389862538	0.8371088309955868	0.9998521803399852
792_H-118	33.5	33.0	3.4562604485728925	0.8368698879059239	0.9995495495495496
793_H-118	34.5	32.0	3.394631784924194	0.8313743022301581	0.9992492492492493
794_H-118	37.0	32.0	3.4265995112645196	0.836989634542026	0.9992552874590408
795_H-118	41.0	31.0	3.430973375449025	0.8345622733224929	0.9992365246602535
796_H-118	29.5	29.0	3.387903776284644	0.8271574982219493	0.9996961409905804
797_H-118	29.0	29.0	3.4165694890223954	0.8343495730829633	0.9998492613807658
798_H-118	31.5	30.0	3.4035353357589346	0.8338906133075586	0.9995628096764791
799_H-118	33.0	31.0	3.401110938579922	0.8306173139127557	0.9994028068080024
79_H-118	40.5	33.0	3.4189924278438104	0.832802624416931	0.999107009971722
7_H-118	30.25	30.0	3.36130225054276	0.8260051702449498	0.9997010463378176
800_H-118	29.0	29.0	3.4189752675711724	0.8355028787124746	0.999849510910459
801_H-118	47.0	32.0	3.422752724834506	0.8369091893560016	0.9991011235955056
802_H-118	33.0	30.0	3.39652742625765	0.8318559590109156	0.9994029850746269
803_H-118	33.0	31.0	3.426959005487987	0.8371154377366897	0.9994029850746269
804_H-118	29.5	29.0	3.4155649923819964	0.8338367036923412	0.9997079865673821
805_H-118	33.5	32.0	3.3683950949791672	0.827116679245283	0.9993962264150943
806_H-118	31.0	30.0	3.4087216187135065	0.8337447920143977	0.9995433094839398
807_H-118	33.0	30.0	3.4106046509292525	0.8339636360551985	0.9993992189846801
808_H-118	37.0	32.0	3.4103464219621875	0.8339310168544072	0.9992495872730002
809_H-118	30.0	30.0	3.3796978409296687	0.828579823677044	0.9998523113277211
80_H-118	37.0	32.0	3.464875356876432	0.8409488052448739	0.9992482333483687
810_H-118	32.0	31.0	3.445534220637748	0.8379264542297844	0.9995452478399273
811_H-118	37.0	31.0	3.416509487178733	0.8335613806718327	0.9993955877908733
812_H-118	33.0	30.0	3.3650537336641255	0.8256830072743233	0.9994064401246475
813_H-118	48.0	36.0	3.363869554591228	0.8273943040696579	0.9986347087378641
814_H-118	47.0	32.0	3.4087383275698877	0.8305011702982016	0.999119847440223
815_H-118	35.333333333333336	32.0	3.3941250498377267	0.8315243220263827	0.9992566161165626
816_H-118	32.75	32.0	3.3907624166488715	0.8323243259888944	0.9995472381527316
817_H-118	39.0	34.0	3.3911042898916715	0.8283998092718123	0.9991267646630767
818_H-118	29.0	29.0	3.4013274641148676	0.8300392813118598	0.9998547356188263
819_H-118	35.5	34.0	3.463174424889399	0.8377639244791049	0.9994051160023796
81_H-118	36.0	34.0	3.4204963882238637	0.8309337780227823	0.9993967727341276
820_H-118	31.6	31.0	3.3608958961238984	0.8238172880287423	0.9995553579368608
821_H-118	31.0	30.0	3.395783142790971	0.8308033804156985	0.9995500899820036
822_H-118	31.333333333333332	31.0	3.4240073444953896	0.8304061785058487	0.9996994740796393
823_H-118	33.0	32.0	3.413027288768007	0.8304457806021086	0.9995468962392388
824_H-118	31.5	30.0	3.424183062071344	0.8340347194408458	0.9995316890415236
825_H-118	36.0	30.0	3.4105662865697126	0.8305223521868196	0.999394947814249
826_H-118	32.2	32.0	3.4194258149327514	0.8320882236123238	0.999696739954511
827_H-118	29.0	29.0	3.3962952688459236	0.8327763761860079	0.99984980474617
828_H-118	31.25	31.0	3.426906975940244	0.834570760865646	0.9996982498491249
829_H-118	44.333333333333336	35.0	3.387594143464216	0.829474212278382	0.9988172678888232
82_H-118	30.25	30.0	3.3338119179221293	0.8243345774872638	0.9997004194128221
830_H-118	33.0	31.0	3.3950725611990142	0.8319853568200596	0.9994097683340711
831_H-118	30.0	30.0	3.3932416648656747	0.8292250745540299	0.9998549673676578
832_H-118	33.166666666666664	33.0	3.428777395815474	0.8349935055110428	0.9997017596182524
833_H-118	34.0	31.0	3.3442933424260444	0.8255070908149504	0.9993909866017052
834_H-118	36.0	31.0	3.415075962224598	0.8348467729191172	0.9992368742368742
835_H-118	30.5	29.0	3.3880855559164926	0.8298585725204537	0.9995469646632438
836_H-118	33.5	32.0	3.387003168471647	0.8292471980200183	0.9995513683266039
837_H-118	30.25	30.0	3.4504137132095045	0.8377134292826699	0.9996969237763298
838_H-118	32.5	31.0	3.383318823708521	0.8273112933237434	0.9995358192789726
839_H-118	30.333333333333332	30.0	3.3920528607753324	0.8310646268853947	0.9997028673302629
83_H-118	36.333333333333336	33.0	3.3705048380628826	0.8264927259869537	0.9992460796139928
840_H-118	34.0	31.0	3.3465713314795633	0.8228131073072181	0.9994053812992418
841_H-118	30.333333333333332	30.0	3.404700766526409	0.8343472590653886	0.9997007779772591
842_H-118	38.0	33.0	3.397132163157998	0.8309202759237423	0.9992577197149644
843_H-118	31.0	28.0	3.4074709114229473	0.8318048023917173	0.9995382484223487
844_H-118	34.0	31.0	3.4156736467606787	0.8333038452813202	0.9993974088580898
845_H-118	29.0	29.0	3.3678758805500655	0.8279470359291284	0.9998490793842438
846_H-118	29.0	29.0	3.3803391732145958	0.8298351630352441	1.0
847_H-118	35.0	33.0	3.4220752500288816	0.8333103291391039	0.9993989481592788
848_H-118	35.0	32.0	3.417172406170959	0.8332806742996143	0.9993944898577051
849_H-118	30.5	29.0	3.4150827142640745	0.8346099718020237	0.9995488043314784
84_H-118	37.75	34.0	3.4353806913468605	0.8345276890695311	0.9990963855421687
850_H-118	40.0	30.0	3.3495482894237054	0.8269756397578812	0.9992484593416504
851_H-118	37.0	32.0	3.3668548790475112	0.8283137839633897	0.9992602455984613
852_H-118	33.75	33.0	3.416199848507991	0.8321686829942186	0.9995529061102831
853_H-118	31.0	30.0	3.3926580240939934	0.8311831319518296	0.9995512341062079
854_H-118	33.0	30.0	3.372915856859584	0.8296040628875101	0.9993891264508247
855_H-118	28.333333333333332	28.0	3.3844715033983954	0.8316783616257101	0.9997014034040012
856_H-118	29.0	29.0	3.389303942866811	0.8290690251132985	1.0
857_H-118	35.333333333333336	32.0	3.4325851479895078	0.8381547628245006	0.9992457384220848
858_H-118	34.0	32.0	3.360995644565147	0.8266906306801027	0.9994001199760048
859_H-118	34.0	28.0	3.3202314687101726	0.8224157166960957	0.999423049185057
85_H-118	36.0	31.0	3.3558344100887605	0.826175621431573	0.9992642731018246
860_H-118	35.0	33.0	3.384948664465176	0.8294705999171782	0.9994011079502919
861_H-118	37.0	32.0	3.3894888065886244	0.8279097606909691	0.9992570579494799
862_H-118	28.0	28.0	3.330708655699621	0.8232516359029953	0.99985121261717
863_H-118	40.25	35.0	3.394066865909776	0.8304750035001566	0.9989339019189766
864_H-118	33.0	30.0	3.4303686492595	0.8391769228602303	0.9993990384615384
865_H-118	32.0	31.0	3.366855320947981	0.8269229331252013	0.9995602462620933
866_H-118	30.333333333333332	30.0	3.417406274340024	0.832270592682767	0.9997079439252337
867_H-118	41.0	31.0	3.375918289016502	0.8271972153122213	0.999260464428339
868_H-118	29.0	28.0	3.3861919456738785	0.8292809955241227	0.9997006884166417
869_H-118	38.0	33.0	3.40415259482445	0.8303521633194354	0.9992369906912865
86_H-118	32.75	32.0	3.3451793467585174	0.8229178247496157	0.9995407928975968
870_H-118	40.0	30.0	3.379718301253526	0.8281180328478003	0.9992302955665024
871_H-118	30.5	30.0	3.390854575111307	0.833915815478051	0.9996897300651567
872_H-118	28.5	28.0	3.4089580720714854	0.8338993746356934	0.9997044043748152
873_H-118	36.5	34.0	3.416516679418551	0.8317556025925432	0.9992721979621543
874_H-118	28.0	27.0	3.3710423339747613	0.8275896846643402	0.9996871578288753
875_H-118	35.0	29.0	3.3344105278952454	0.8198235381341118	0.999407231772377
876_H-118	37.0	31.0	3.3869804539919333	0.8279041225454679	0.9993999399939995
877_H-118	37.0	32.0	3.381260801452277	0.8283005927570193	0.9992210624707898
878_H-118	32.0	31.0	3.3692165153415514	0.8254663481149117	0.9995419847328244
879_H-118	35.5	33.0	3.4169482482456015	0.8325906789809842	0.9992469879518072
87_H-118	34.0	31.0	3.4358975939895937	0.8391544188139801	0.9993947647147828
880_H-118	34.5	33.0	3.3926416360669926	0.8281985078285629	0.9993996698184001
881_H-118	31.0	30.0	3.357062653056099	0.82691961109967	0.9995466223364062
882_H-118	32.5	31.0	3.3721631415204274	0.8284662925081022	0.99939713639789
883_H-118	29.5	29.0	3.4158267082718106	0.8353119836916165	0.9996890547263682
884_H-118	34.5	33.0	3.3732506094251793	0.8301381639945088	0.9993813795236622
885_H-118	32.5	31.0	3.400557587393442	0.8300906977565414	0.9995410738871042
886_H-118	30.5	29.0	3.3978375473103384	0.8318368488901082	0.9995724059293044
887_H-118	31.5	30.0	3.4071742754650236	0.8335575970801244	0.9995407225964482
888_H-118	29.0	29.0	3.3888689006636534	0.8282879602057022	0.9998506124887959
889_H-118	37.0	31.0	3.3880957877601716	0.8307307185821102	0.9994085465030312
88_H-118	36.0	30.0	3.4355463195518823	0.8349411005598478	0.9993976810721277
890_H-118	30.333333333333332	30.0	3.4219752073045333	0.8353125341155586	0.9997095134350036
891_H-118	30.333333333333332	30.0	3.3736973395987797	0.8288644345982753	0.9996999699969997
892_H-118	30.5	30.0	3.366576794774604	0.8284385718048903	0.9997035280166024
893_H-118	39.0	34.0	3.4316569437887114	0.8355452166904334	0.9990551181102362
894_H-118	31.5	31.0	3.3657859688822045	0.8242480994541013	0.9996942363552973
895_H-118	31.5	30.0	3.386161790370923	0.8287219841826066	0.9995457986373959
896_H-118	29.0	29.0	3.376132389505874	0.8278600617359919	0.9998467902558603
897_H-118	36.0	31.0	3.369652424484529	0.8284710538150937	0.9992605737947353
898_H-118	33.0	31.0	3.379746480758556	0.8289579884960505	0.9994020032889819
899_H-118	34.0	31.0	3.3986817052798868	0.8304461587408629	0.999383096853794
89_H-118	39.5	32.0	3.415253534933147	0.8329138878085485	0.9990984222389181
8_H-118	30.333333333333332	30.0	3.3969421523373198	0.8320759167288403	0.9997049277072882
900_H-118	33.75	33.0	3.461755519832587	0.8413770632309259	0.9995469646632438
901_H-118	30.5	29.0	3.341617212602791	0.8233297446739656	0.9995467593292038
902_H-118	27.0	27.0	3.414567085215407	0.8370703652271965	0.9998506794086904
903_H-118	28.0	28.0	3.3722791070385454	0.8310568562169902	0.9998498723915328
904_H-118	30.0	27.0	3.389468479568403	0.8323359862646561	0.999546553808948
905_H-118	35.333333333333336	32.0	3.404324469176635	0.8313022254373124	0.9992541766109785
906_H-118	36.333333333333336	33.0	3.3553221522631858	0.8248243579521171	0.9992618836728668
907_H-118	28.5	28.0	3.4125997943899713	0.8335944866603805	0.9996949359365467
908_H-118	30.333333333333332	30.0	3.3719204376856577	0.8272372506626305	0.9997057092407299
909_H-118	32.0	31.0	3.3629510908117304	0.8263437540495868	0.9995636363636363
90_H-118	38.0	33.0	3.4023543774224745	0.8313172697875995	0.9991208791208791
910_H-118	30.5	29.0	3.417518442478938	0.8337430661304814	0.9995471014492754
911_H-118	40.5	33.0	3.405501162261217	0.8308546172335569	0.9991032730533552
912_H-118	34.5	33.0	3.4336450082064367	0.8354888049272813	0.9994244604316547
913_H-118	35.0	29.0	3.4090996740546524	0.8335970612903925	0.9993965907376678
914_H-118	35.2	34.0	3.3234897942333776	0.8180663522088362	0.9994013768332835
915_H-118	30.25	30.0	3.4056970426442428	0.8334189137766792	0.9997015816174276
916_H-118	33.0	30.0	3.424606517610411	0.8363061251324988	0.9994139194139194
917_H-118	48.0	34.0	3.4580459017126866	0.8391099720393069	0.9988281822176651
918_H-118	30.0	30.0	3.3868999114179466	0.8316148937481935	0.9998489197764012
919_H-118	31.5	30.0	3.3929768422738715	0.8286354932095568	0.9995486685722883
91_H-118	33.5	32.0	3.4566887084245344	0.8377799738700255	0.9993869731800766
920_H-118	31.5	30.0	3.372879054623969	0.8283298028780506	0.9995562130177514
921_H-118	33.42857142857143	33.0	3.4007658444202606	0.8294438625403444	0.9995462794918331
922_H-118	39.5	32.0	3.41062227158297	0.8353261648862196	0.9990978800180425
923_H-118	33.0	31.0	3.3864259799187764	0.8301019806026797	0.999405734660526
924_H-118	33.0	30.0	3.373981322253938	0.8284488980716254	0.9993939393939394
925_H-118	34.0	32.0	3.3755636692104343	0.8271049340457907	0.9993863148204971
926_H-118	31.0	30.0	3.4323099044848293	0.8385227585046763	0.9995534385233701
927_H-118	29.0	29.0	3.3949211670106503	0.8316469369547062	0.9998502545672358
928_H-118	36.333333333333336	33.0	3.398310487732111	0.8328435187895	0.9992223950233281
929_H-118	41.5	34.0	3.3720548536490274	0.8254843629211323	0.9990871748060246
92_H-118	29.0	29.0	3.4066007720116236	0.83198582893678	1.0
930_H-118	29.0	29.0	3.363248831390737	0.8267161355116538	1.0
931_H-118	41.5	34.0	3.44465068634995	0.838996992736013	0.999105678938739
932_H-118	40.0	30.0	3.330747539436985	0.8219431281828657	0.9992588200415061
933_H-118	36.0	31.0	3.3857101633112614	0.829483087331577	0.9992435703479576
934_H-118	32.0	31.0	3.407561714877315	0.8297450560553697	0.999551703526599
935_H-118	41.0	34.0	3.40376366134693	0.8298079013283772	0.998978698570178
936_H-118	30.0	30.0	3.4235635184163327	0.8346808116813014	1.0
937_H-118	34.5	33.0	3.373336266564683	0.8280463730889629	0.999539453484802
938_H-118	41.0	31.0	3.3345910970846986	0.8232629177643289	0.999245283018868
939_H-118	37.0	34.0	3.3544581703602163	0.8251223687273141	0.999124343257443
93_H-118	30.333333333333332	30.0	3.4498379477705607	0.8371033075998521	0.9996995192307693
940_H-118	36.0	30.0	3.4668325172276626	0.8413539213964492	0.9994079336885732
941_H-118	31.25	31.0	3.439068019930061	0.8371551454149835	0.9996939556235654
942_H-118	31.25	31.0	3.4643723129615656	0.8403154163769607	0.9997020706092656
943_H-118	34.0	31.0	3.4436604415397696	0.8380470533645026	0.999400479616307
944_H-118	32.5	31.0	3.368761421788583	0.827758222909989	0.9994041412185312
945_H-118	32.75	32.0	3.4414809538031275	0.8366967630804311	0.9995531724754245
946_H-118	32.25	32.0	3.378230553093489	0.8268248544146701	0.999708284714119
947_H-118	30.0	30.0	3.3727288929100254	0.8272884257151844	1.0
948_H-118	32.0	29.0	3.45415257902452	0.8403550653443879	0.9995506964205482
949_H-118	32.5	31.0	3.3877784238645536	0.8286723192816341	0.9995532390171258
94_H-118	32.0	31.0	3.418131297178417	0.8331786971324128	0.9995443499392467
950_H-118	31.5	30.0	3.3577774683832575	0.8264685766571356	0.9995437956204379
951_H-118	31.5	30.0	3.4407907722127526	0.836160631930063	0.9995541685242978
952_H-118	32.5	31.0	3.4176759386306528	0.8353144847695579	0.9995461422087746
953_H-118	42.0	35.0	3.3205158851466607	0.8195961594792994	0.9989689203122698
954_H-118	33.0	30.0	3.3552927752492105	0.8255484777699353	0.9993963175369756
955_H-118	35.333333333333336	32.0	3.387429774822339	0.8278659440581393	0.9992324224746699
956_H-118	37.0	32.0	3.431356845762576	0.8375638814500289	0.9992412746585736
957_H-118	41.5	34.0	3.4141412858166515	0.8307727086100712	0.9991208791208791
958_H-118	33.0	31.0	3.347667405360388	0.8232765582791188	0.999398586678695
959_H-118	41.0	31.0	3.4071596499863035	0.8342858422811631	0.999234654829328
95_H-118	35.0	32.0	3.3880386305683543	0.8288993009980442	0.9993848992772566
960_H-118	53.0	32.0	3.406719744359571	0.8318677490776953	0.9989701338825953
961_H-118	31.75	31.0	3.468098260328501	0.8415119123790884	0.9995398773006134
962_H-118	43.5	33.0	3.4059046467794167	0.8327286778718025	0.9989229112171103
963_H-118	30.25	30.0	3.457944529011229	0.8414859589430616	0.9996965559095736
964_H-118	33.0	31.0	3.3727888919099387	0.8278933021064528	0.999409594095941
965_H-118	33.0	31.0	3.4145581108542493	0.8340360178621657	0.9993707723769073
966_H-118	61.0	33.0	3.3564000052746623	0.8263083470995192	0.9988000599970002
967_H-118	33.0	30.0	3.3851293480622093	0.8304757935893212	0.9994091580502216
968_H-118	29.0	28.0	3.397783106773485	0.8328194404122514	0.9996987951807229
969_H-118	37.0	32.0	3.3911880569537205	0.8309199148099932	0.999263948181952
96_H-118	38.5	31.0	3.363025829277894	0.828236860133442	0.9990982867448152
970_H-118	48.0	33.0	3.362655716163592	0.8274292473404503	0.9991192014092778
971_H-118	35.0	32.0	3.3900808325044585	0.8296264557997184	0.9993923742974328
972_H-118	35.0	33.0	3.425977387524668	0.8347224072374482	0.9994153756211634
973_H-118	30.0	29.0	3.4013608490791207	0.8334141634720348	0.9995497523638001
974_H-118	31.75	31.0	3.4250611788255685	0.8353583283751106	0.9995405115637923
975_H-118	31.0	31.0	3.411599155135235	0.8324520877045914	0.9998515219005196
976_H-118	29.0	29.0	3.412255124638594	0.8362936657414015	0.9998477466504263
977_H-118	34.0	32.0	3.375600048933403	0.8285187699319307	0.9993901509376429
978_H-118	33.0	30.0	3.394852331657231	0.8295615477599915	0.9993890331449519
979_H-118	40.0	30.0	3.383761942543995	0.8286283923523325	0.9992455107891958
97_H-118	30.333333333333332	30.0	3.418573516782196	0.8334256271536226	0.9996998799519808
980_H-118	30.0	30.0	3.3990023575492008	0.8316344665419666	0.9998496692723993
981_H-118	36.0	31.0	3.377148991268036	0.8270136145114911	0.9992536199432751
982_H-118	44.5	34.0	3.408064042523025	0.8327703465666874	0.9989731553469268
983_H-118	36.75	33.0	3.4272972497654166	0.8345887465705719	0.9990958408679927
984_H-118	34.0	32.0	3.36441479721213	0.8300623500354926	0.9993960440887815
985_H-118	33.0	30.0	3.4398647016751798	0.8389959536942952	0.9995481927710843
986_H-118	32.0	31.0	3.35360129320036	0.8235295780634494	0.9995506291192331
987_H-118	36.666666666666664	35.0	3.343954233696693	0.8228645280647996	0.9992525041112273
988_H-118	28.0	28.0	3.4053289689123374	0.8325056444056482	0.9998508353221957
989_H-118	35.5	34.0	3.3962717266519977	0.8307442740694156	0.999413661682791
98_H-118	35.0	32.0	3.403488118149422	0.8340675186860844	0.9994122832794593
990_H-118	32.0	29.0	3.3129785782424985	0.8215057796812157	0.9995583038869258
991_H-118	33.0	30.0	3.3645187666956353	0.8276969350715057	0.9995517705064993
992_H-118	30.25	30.0	3.4174165799574934	0.8336315847522502	0.9997069167643611
993_H-118	36.333333333333336	33.0	3.4138264858767373	0.8325676580162238	0.9992653540993242
994_H-118	30.0	29.0	3.36727492858072	0.8260050856062463	0.9997041420118343
995_H-118	30.5	29.0	3.378129778377029	0.8286365865536833	0.9995594066676458
996_H-118	31.5	30.0	3.3712091712706753	0.8300926801475005	0.999552171965965
997_H-118	33.0	31.0	3.371911017252502	0.8270069061290743	0.9994176736060562
998_H-118	43.5	33.0	3.3836871443563674	0.8300853933098677	0.998947210106783
999_H-118	32.6	32.0	3.4014083633717584	0.8295799940191919	0.9995527728085868
99_H-118	33.0	32.0	3.435731520355142	0.8367015313742961	0.9995412142529438
9_H-118	33.5	32.0	3.4166090259201254	0.8350680976174898	0.9994128871275503
