	chao1	observed_otus	shannon	simpson	goods_coverage
1000_O-434	12.0	12.0	3.3208286652183223	0.8903396639883127	0.9932432432432432
100_O-434	15.0	14.0	3.403718460141142	0.8894407947444319	0.9873417721518988
101_O-434	14.5	14.0	3.4114963931956996	0.8933719748579171	0.9877300613496932
102_O-434	13.0	13.0	3.383407734368356	0.8941519250780436	0.9935483870967742
103_O-434	14.0	13.0	3.382882782270607	0.8934802571166207	0.9848484848484849
104_O-434	14.5	14.0	3.4390980050345386	0.896149843912591	0.9870967741935484
105_O-434	14.0	14.0	3.5368780211554482	0.9071156509695291	0.993421052631579
106_O-434	16.5	15.0	3.424701562427663	0.8874375028151885	0.9798657718120806
107_O-434	12.0	12.0	3.3719448683955764	0.8958596238206838	1.0
108_O-434	14.0	14.0	3.4267108295389206	0.8920180548589947	1.0
109_O-434	11.0	11.0	3.1225441872824073	0.870325484764543	1.0
10_O-434	14.0	14.0	3.3956365252674763	0.8905624098702131	0.9936708860759493
110_O-434	13.0	13.0	3.430584666313952	0.8959530882296207	1.0
111_O-434	13.0	13.0	3.4022110588577825	0.8958333333333334	0.9930555555555556
112_O-434	14.0	14.0	3.39113683352926	0.8926354453627181	0.9939393939393939
113_O-434	15.5	14.0	3.3511654849480657	0.8891571279916753	0.9806451612903225
114_O-434	14.5	14.0	3.363689232750477	0.8888310529446758	0.9878048780487805
115_O-434	15.5	15.0	3.446560454328923	0.8928049671292915	0.9864864864864865
116_O-434	15.0	14.0	3.408685093173259	0.892650462962963	0.9861111111111112
117_O-434	13.0	13.0	3.354946988246746	0.8900190718372536	1.0
118_O-434	14.0	13.0	3.3264157073269063	0.8877457704618199	0.9876543209876543
119_O-434	14.0	14.0	3.3681819811348714	0.8859196808310437	0.9938650306748467
11_O-434	16.0	13.0	3.298680974799257	0.8884375	0.98125
120_O-434	14.5	14.0	3.4104928514721107	0.8921875	0.9875
121_O-434	13.0	13.0	3.294183878238252	0.8823959094229364	0.9932432432432432
122_O-434	14.5	14.0	3.404027003352668	0.8893918816960917	0.9858156028368794
123_O-434	13.333333333333334	13.0	3.303228807273067	0.8879651816714754	0.986013986013986
124_O-434	14.0	13.0	3.3214536667067036	0.8854381685119159	0.9863013698630136
125_O-434	14.0	13.0	3.251197758312038	0.8754930966469427	0.9871794871794872
126_O-434	13.0	13.0	3.326241699762505	0.886776019741617	0.9939759036144579
127_O-434	13.0	13.0	3.4503629480904667	0.8987268518518519	1.0
128_O-434	14.5	14.0	3.4468317527726713	0.898465171192444	0.987012987012987
129_O-434	14.0	14.0	3.389906707688724	0.8900158221428861	0.9936305732484076
12_O-434	13.0	13.0	3.3600305573303344	0.8905336162724496	0.9928057553956835
130_O-434	13.0	13.0	3.3922301564038024	0.8918008844172177	1.0
131_O-434	14.0	14.0	3.4606309232502253	0.8985738412460124	0.9931506849315068
132_O-434	14.0	13.0	3.314653287799415	0.884837962962963	0.9861111111111112
133_O-434	13.0	13.0	3.3188289986745088	0.8855131172839507	0.9930555555555556
134_O-434	13.0	13.0	3.3273012772286137	0.8828125	1.0
135_O-434	13.0	13.0	3.3896983929657667	0.8960302457466919	0.9937888198757764
136_O-434	14.0	14.0	3.4968657941154553	0.9024	0.9933333333333333
137_O-434	14.0	14.0	3.421177195347078	0.8898533950617283	0.9930555555555556
138_O-434	14.5	14.0	3.330201274095704	0.8808001189767996	0.9878048780487805
139_O-434	14.0	14.0	3.438893048964892	0.8944266445156441	0.9937106918238994
13_O-434	15.5	14.0	3.3284056352818965	0.8841531805800352	0.9810126582278481
140_O-434	14.0	14.0	3.4036917932384627	0.8900394477317555	0.9935897435897436
141_O-434	13.0	13.0	3.3850532955069137	0.8935249307479225	0.993421052631579
142_O-434	13.0	13.0	3.3122987701447966	0.8850308641975309	0.9930555555555556
143_O-434	16.0	13.0	3.257224973667583	0.879038317054846	0.9752066115702479
144_O-434	14.5	14.0	3.400989959002144	0.8932362122788762	0.9870967741935484
145_O-434	17.0	14.0	3.374023357079924	0.8890101170402698	0.9788732394366197
146_O-434	13.0	13.0	3.2705685436312018	0.8800186469319969	0.9923664122137404
147_O-434	15.333333333333334	15.0	3.4986420979557344	0.9010209748387372	0.9869281045751634
148_O-434	12.0	12.0	3.2909843181826073	0.8866579095515106	0.9931506849315068
149_O-434	13.0	13.0	3.2867045560417227	0.8781957633308984	0.9932432432432432
14_O-434	13.0	13.0	3.290030225474668	0.8791707159054097	0.9931972789115646
150_O-434	14.0	14.0	3.4532769945124215	0.8958155038061348	0.9932885906040269
151_O-434	12.0	12.0	3.357451779344479	0.8927335640138409	1.0
152_O-434	14.333333333333334	14.0	3.3513372860917183	0.8882560025315455	0.9874213836477987
153_O-434	14.333333333333334	14.0	3.3403169055542588	0.8875811075901615	0.9858156028368794
154_O-434	14.0	14.0	3.4530769304562723	0.8951275913830176	0.9936305732484076
155_O-434	13.0	13.0	3.28240628637645	0.8806758998495429	0.9937888198757764
156_O-434	14.0	14.0	3.4248314032211757	0.8911784361773223	0.9925373134328358
157_O-434	14.0	14.0	3.4116600187441346	0.8883335647184044	0.9931972789115646
158_O-434	14.5	14.0	3.3957139846094853	0.8936450155694926	0.9867549668874173
159_O-434	21.0	15.0	3.3566932404963734	0.8851084812623274	0.9743589743589743
15_O-434	14.5	14.0	3.388409476572153	0.8913813459268005	0.987012987012987
160_O-434	13.0	13.0	3.42112470312633	0.896322011634453	0.9931506849315068
161_O-434	12.0	12.0	3.2108749867877378	0.8705560174091642	1.0
162_O-434	12.0	12.0	3.301419839651908	0.8874666666666666	0.9933333333333333
163_O-434	13.0	13.0	3.3846830482770054	0.8930803231214755	1.0
164_O-434	13.0	13.0	3.4045712512349957	0.8980645161290323	0.9935483870967742
165_O-434	14.0	14.0	3.381528011543911	0.8889369806094183	0.993421052631579
166_O-434	15.0	14.0	3.3480680280916553	0.888832	0.976
167_O-434	13.0	13.0	3.395661731697129	0.8939272552475565	0.9936708860759493
168_O-434	14.0	14.0	3.372087499472954	0.8846087257617729	0.993421052631579
169_O-434	14.5	14.0	3.4608641128172493	0.8994666666666666	0.9866666666666667
16_O-434	13.0	13.0	3.3940616860953146	0.8928149772305617	0.9935064935064936
170_O-434	11.0	11.0	3.3010207965034555	0.8887874360847334	1.0
171_O-434	13.0	13.0	3.3788792087322794	0.889003565396885	0.9931506849315068
172_O-434	13.0	13.0	3.3658424338323765	0.8889432246075603	1.0
173_O-434	18.0	15.0	3.393751240399449	0.8896947208635521	0.9805194805194806
174_O-434	14.0	13.0	3.248727074001975	0.8779668136946019	0.9855072463768116
175_O-434	14.333333333333334	14.0	3.34640377195816	0.882713294656984	0.9872611464968153
176_O-434	14.5	14.0	3.408055999888771	0.8915374428638558	0.9869281045751634
177_O-434	12.0	12.0	3.3599619330284964	0.8940816326530612	0.9928571428571429
178_O-434	13.0	13.0	3.4114261225437152	0.896328125	0.99375
179_O-434	14.5	14.0	3.4169867173306687	0.8930697190426639	0.9870967741935484
17_O-434	14.0	14.0	3.4352581555156108	0.8937435250664385	1.0
180_O-434	13.0	13.0	3.3391835348115553	0.884969037342841	0.9931506849315068
181_O-434	15.5	15.0	3.5618624529048613	0.9061333333333333	0.9866666666666667
182_O-434	13.0	13.0	3.3388311897126273	0.8892176199868508	0.9935897435897436
183_O-434	14.5	14.0	3.4157670095039476	0.892845044977229	0.9877300613496932
184_O-434	14.0	14.0	3.3995469410415033	0.8921469387755102	0.9942857142857143
185_O-434	13.0	13.0	3.334212360260272	0.8858272632674298	1.0
186_O-434	14.333333333333334	14.0	3.411085898996382	0.8962048468221308	0.9876543209876543
187_O-434	16.5	15.0	3.432580603838565	0.8936733734888291	0.9803921568627451
188_O-434	15.0	14.0	3.3483902864674993	0.8856015779092702	0.9871794871794872
189_O-434	13.0	13.0	3.4293295815355953	0.8971428571428571	1.0
18_O-434	17.0	14.0	3.3282302660292227	0.8844461531889445	0.9803921568627451
190_O-434	15.5	14.0	3.411605518148049	0.8960313867511694	0.9787234042553191
191_O-434	14.0	14.0	3.3573164724743343	0.8811461218836565	0.993421052631579
192_O-434	14.5	14.0	3.4221554058658596	0.8943329397874853	0.987012987012987
193_O-434	12.0	12.0	3.2878732938376047	0.8850784941319921	1.0
194_O-434	13.0	13.0	3.425641916504609	0.8961239198250206	1.0
195_O-434	13.0	13.0	3.3292863992597628	0.8850344496074347	0.9936708860759493
196_O-434	15.333333333333334	15.0	3.4425954680043835	0.8928199791883454	0.9870967741935484
197_O-434	13.0	13.0	3.429205837058073	0.8972800925925926	1.0
198_O-434	12.0	12.0	3.34279219489996	0.8884542031395178	1.0
199_O-434	16.5	15.0	3.445247120299546	0.8940443213296398	0.9802631578947368
19_O-434	13.0	13.0	3.3378385098550383	0.8816568047337278	1.0
1_O-434	16.5	15.0	3.481992588971581	0.8997878086419753	0.9791666666666666
200_O-434	13.5	13.0	3.3420775358659345	0.8911102567388611	0.9869281045751634
201_O-434	13.5	13.0	3.2537015511603493	0.876771833561957	0.9876543209876543
202_O-434	14.0	14.0	3.400310815501856	0.8891555555555556	0.9933333333333333
203_O-434	13.0	13.0	3.3968673130112035	0.894723865877712	0.9935897435897436
204_O-434	13.0	13.0	3.351877886368958	0.8874231303312835	1.0
205_O-434	13.0	13.0	3.335813038901936	0.887963348604748	0.9931972789115646
206_O-434	13.0	13.0	3.3442412490671685	0.8874182034503272	0.9939024390243902
207_O-434	14.0	14.0	3.470400033062063	0.8980258382929307	0.9939759036144579
208_O-434	13.0	13.0	3.3476224144964686	0.8880830214883685	0.9937888198757764
209_O-434	12.0	12.0	3.23417086825944	0.8761814744801513	1.0
20_O-434	13.0	13.0	3.4465394048957263	0.8984457522257432	0.9929078014184397
210_O-434	13.0	13.0	3.3397759608331645	0.8851273148148148	0.9930555555555556
211_O-434	13.0	13.0	3.320195233248792	0.8801664932362123	1.0
212_O-434	15.25	15.0	3.4837521940628604	0.8995326021565089	0.9863945578231292
213_O-434	13.0	13.0	3.3323347608548968	0.8889960966624271	0.9933774834437086
214_O-434	13.0	13.0	3.3820922300577	0.8937846260387812	0.993421052631579
215_O-434	13.0	13.0	3.4153653939797395	0.8959055898382956	0.9932885906040269
216_O-434	14.0	14.0	3.4625292415447633	0.8993465198894786	0.9933774834437086
217_O-434	12.0	12.0	3.2689284920785107	0.8832342449464923	1.0
218_O-434	14.0	13.0	3.3386748262449535	0.8920816326530612	0.9885714285714285
219_O-434	13.5	13.0	3.2331072822622415	0.8751081314878892	0.9852941176470589
21_O-434	15.0	14.0	3.4404713696580957	0.8958128461259769	0.9856115107913669
220_O-434	13.0	13.0	3.350015052212719	0.8886112268036466	0.9931972789115646
221_O-434	14.0	13.0	3.210957717040094	0.8684664830119375	0.9878787878787879
222_O-434	14.5	14.0	3.4298957540200408	0.896	0.9866666666666667
223_O-434	14.333333333333334	14.0	3.3868817715895974	0.8923182441700961	0.9876543209876543
224_O-434	15.0	14.0	3.417771299535547	0.8950464521887298	0.9872611464968153
225_O-434	13.0	13.0	3.3519885079750256	0.8863573434595151	0.9937106918238994
226_O-434	15.0	14.0	3.3402756021101583	0.8840189670639498	0.9869281045751634
227_O-434	13.0	12.0	3.2503425106555524	0.8837655222790358	0.9864864864864865
228_O-434	17.0	14.0	3.3882443373377877	0.8905047851379246	0.9794520547945206
229_O-434	13.0	13.0	3.340182541580843	0.8867521367521367	0.9935897435897436
22_O-434	12.0	12.0	3.261639185020708	0.8747403047091413	1.0
230_O-434	13.0	13.0	3.4203090084056518	0.8963560199990991	0.9932885906040269
231_O-434	14.0	14.0	3.375659441304815	0.8824984761016889	0.9940119760479041
232_O-434	12.0	12.0	3.1879727830307023	0.872143351800554	1.0
233_O-434	14.0	13.0	3.2728982361335763	0.8782825566042349	0.986013986013986
234_O-434	14.5	14.0	3.4209979831765196	0.89625	0.9875
235_O-434	15.5	14.0	3.352686301829514	0.887521893288906	0.9803921568627451
236_O-434	13.0	13.0	3.375219559528157	0.8908702941624752	0.9938271604938271
237_O-434	14.5	14.0	3.334788468280461	0.8842844916895636	0.9865771812080537
238_O-434	14.5	14.0	3.3693386258259164	0.8869896193771627	0.9882352941176471
239_O-434	12.0	12.0	3.345911740933903	0.8896240285654274	1.0
23_O-434	13.0	13.0	3.3511731067203274	0.8917245261775193	0.9931506849315068
240_O-434	12.0	12.0	3.3222404928307876	0.8910384282434416	0.9938650306748467
241_O-434	12.0	12.0	3.2964040188809043	0.8848752111090261	1.0
242_O-434	13.0	13.0	3.380514210428146	0.8936149691358024	0.9930555555555556
243_O-434	13.0	13.0	3.291517359453824	0.8784950272096078	1.0
244_O-434	17.0	14.0	3.410493919857061	0.8967111111111111	0.98
245_O-434	12.0	12.0	3.3653017672748318	0.8935978019496406	1.0
246_O-434	13.0	13.0	3.368581043179741	0.8908027559685948	0.9936708860759493
247_O-434	13.0	13.0	3.4455129223152534	0.899193703946607	1.0
248_O-434	13.0	13.0	3.4177405492896824	0.8946482935427015	1.0
249_O-434	13.0	13.0	3.427679134569082	0.8964909469636276	1.0
24_O-434	13.0	13.0	3.3993757016579917	0.895682239838084	0.9935064935064936
250_O-434	17.0	14.0	3.3893489086438584	0.8917824074074074	0.9791666666666666
251_O-434	14.0	14.0	3.422457854524517	0.8921469387755102	0.9942857142857143
252_O-434	14.0	13.0	3.3007649747103947	0.8832935453357957	0.9865771812080537
253_O-434	14.5	14.0	3.3891463501361563	0.8893698060941828	0.9868421052631579
254_O-434	13.0	13.0	3.333851734467473	0.8843288241415193	0.9935483870967742
255_O-434	14.0	14.0	3.4276395506143937	0.8935859466915493	0.9936305732484076
256_O-434	15.5	14.0	3.3069355692343083	0.8822249988430746	0.9795918367346939
257_O-434	14.333333333333334	14.0	3.387667677230445	0.8917873437809958	0.9859154929577465
258_O-434	13.0	13.0	3.402088911402075	0.8945398100803507	1.0
259_O-434	15.0	14.0	3.339476878263436	0.88092627516337	0.9867549668874173
25_O-434	12.0	12.0	3.3088608931448644	0.8853908880684814	0.9936305732484076
260_O-434	13.0	13.0	3.346337836335962	0.8876561472715319	0.9935897435897436
261_O-434	13.0	13.0	3.2771476153659593	0.8740746116998113	1.0
262_O-434	13.0	13.0	3.3449069722901124	0.8859569028487948	0.9932432432432432
263_O-434	14.5	14.0	3.4091168057408865	0.8936979785969085	0.9862068965517241
264_O-434	13.0	13.0	3.3728100517085084	0.8901363975264243	0.9933774834437086
265_O-434	14.5	14.0	3.395540237294788	0.8927761580822805	0.9863945578231292
266_O-434	12.0	12.0	3.260960776255084	0.8762783053323594	1.0
267_O-434	14.0	14.0	3.4789218096931385	0.8985457063711911	0.993421052631579
268_O-434	14.0	14.0	3.4648555335275817	0.8984	0.9933333333333333
269_O-434	13.0	13.0	3.3588240458501972	0.8878768489593135	1.0
26_O-434	12.0	12.0	3.2577676656465147	0.875859375	1.0
270_O-434	13.0	13.0	3.355041587131266	0.8868069005900635	1.0
271_O-434	15.0	14.0	3.4764186946101154	0.900018261504748	0.9864864864864865
272_O-434	17.0	14.0	3.4010821481685167	0.8933333333333333	0.98
273_O-434	17.0	14.0	3.3758857728345295	0.8896081899958599	0.9815950920245399
274_O-434	15.5	14.0	3.319431792327339	0.883483379501385	0.9802631578947368
275_O-434	14.0	14.0	3.4407526902152674	0.8955135773317592	0.9935064935064936
276_O-434	13.0	13.0	3.4429767044940403	0.8955564372148384	1.0
277_O-434	13.0	13.0	3.371512425697973	0.8915687593809845	0.9928057553956835
278_O-434	13.0	13.0	3.3877798259966725	0.893957756232687	0.993421052631579
279_O-434	14.333333333333334	14.0	3.384885045231817	0.891877353415815	0.986013986013986
27_O-434	12.0	12.0	3.1409143337584213	0.8673587081891581	0.9934640522875817
280_O-434	14.0	14.0	3.374816646089728	0.8899964400142399	0.9937106918238994
281_O-434	14.0	14.0	3.3856449545946874	0.8903265876507427	0.9928057553956835
282_O-434	17.0	14.0	3.415259467119419	0.8950876552227903	0.9797297297297297
283_O-434	14.0	14.0	3.4176498858467457	0.8939006574141709	0.9932432432432432
284_O-434	15.0	14.0	3.305300981462062	0.8812615955473098	0.987012987012987
285_O-434	12.0	12.0	3.3770263788332824	0.8969754253308129	0.9927536231884058
286_O-434	13.0	13.0	3.29842668941593	0.8808864265927978	0.993421052631579
287_O-434	13.0	13.0	3.435332505691467	0.8994979224376731	0.993421052631579
288_O-434	13.0	13.0	3.377010083558849	0.8925047147054954	1.0
289_O-434	13.0	13.0	3.389987989920043	0.8937435250664385	0.9932885906040269
28_O-434	16.0	15.0	3.3736642262059875	0.8846314035818409	0.9795918367346939
290_O-434	14.0	14.0	3.3823897212451173	0.890932035334415	0.9922480620155039
291_O-434	14.0	14.0	3.5099251610114157	0.9039232467005991	0.9932885906040269
292_O-434	13.5	13.0	3.2536756586433886	0.8786456734353756	0.9867549668874173
293_O-434	14.0	14.0	3.414176129946308	0.8893388033459428	0.9927007299270073
294_O-434	13.0	13.0	3.3958180606124113	0.892650462962963	1.0
295_O-434	15.5	15.0	3.511723583686063	0.9003118734684785	0.9850746268656716
296_O-434	13.0	13.0	3.3656021936862457	0.8889679996835569	0.9937106918238994
297_O-434	14.5	14.0	3.4327812908213837	0.8946482935427015	0.9873417721518988
298_O-434	15.25	15.0	3.3976625228719755	0.8890738813735692	0.9870967741935484
299_O-434	13.5	13.0	3.384010193453685	0.8961224489795918	0.9857142857142858
29_O-434	14.0	14.0	3.427239826254037	0.891875	0.99375
2_O-434	15.0	14.0	3.360998208465628	0.8853071178174059	0.9876543209876543
300_O-434	13.0	13.0	3.258766751021126	0.8808399392814977	0.9935064935064936
301_O-434	13.0	13.0	3.397586137027657	0.8912721893491125	1.0
302_O-434	15.0	14.0	3.4378075310040423	0.8961777777777777	0.9866666666666667
303_O-434	13.0	13.0	3.4116637438109425	0.8968345508137896	0.9934640522875817
304_O-434	13.0	13.0	3.372620728652859	0.8921875	0.99375
305_O-434	12.0	12.0	3.3533216661401553	0.8923555555555556	1.0
306_O-434	13.0	13.0	3.2472418147098083	0.8737777777777778	0.9933333333333333
307_O-434	12.0	12.0	3.29669675347652	0.8825295552636517	1.0
308_O-434	12.0	12.0	3.267581057514681	0.8836538894644386	0.9932885906040269
309_O-434	14.0	14.0	3.4574699665763218	0.8960553633217994	0.9941176470588236
30_O-434	14.0	14.0	3.321729567377128	0.8810283355226122	0.9931506849315068
310_O-434	14.0	13.0	3.3761482514832615	0.8922208339117961	0.9863945578231292
311_O-434	14.5	14.0	3.3880087279020072	0.8887998718154142	0.9873417721518988
312_O-434	18.0	15.0	3.501050811699348	0.8996892031890455	0.9798657718120806
313_O-434	14.0	14.0	3.438853332933049	0.8968	0.9933333333333333
314_O-434	13.0	13.0	3.35472341200535	0.8894537789075578	0.9921259842519685
315_O-434	14.333333333333334	14.0	3.3640845754855984	0.8873257023933403	0.9870967741935484
316_O-434	11.0	11.0	3.230328728810844	0.8796444444444445	1.0
317_O-434	14.333333333333334	14.0	3.3484898210344074	0.8877419354838709	0.9870967741935484
318_O-434	12.0	12.0	3.2387957787768555	0.8800261286108289	0.9939759036144579
319_O-434	17.0	14.0	3.3631965215880033	0.8865960555149744	0.9797297297297297
31_O-434	14.0	13.0	3.3344963271889565	0.8887638504155124	0.9868421052631579
320_O-434	14.5	14.0	3.384948534786223	0.8881632653061224	0.9857142857142858
321_O-434	13.0	13.0	3.383604755070648	0.8915625	1.0
322_O-434	13.0	13.0	3.4141195299561558	0.8952238936888733	1.0
323_O-434	14.333333333333334	14.0	3.4035526399440714	0.8927469135802469	0.9861111111111112
324_O-434	13.5	13.0	3.3859778302602375	0.8969561359515451	0.9875776397515528
325_O-434	15.0	14.0	3.4274622151629095	0.8917056486092249	0.9858156028368794
326_O-434	14.5	14.0	3.3696814896533507	0.88828125	0.9875
327_O-434	13.0	13.0	3.307576031052822	0.8825785244704164	0.9932432432432432
328_O-434	13.0	13.0	3.321625680352113	0.8853908880684814	0.9936305732484076
329_O-434	13.0	13.0	3.3779380796823255	0.8924575617283951	0.9930555555555556
32_O-434	15.0	14.0	3.3687912169864154	0.8891632267273639	0.9875776397515528
330_O-434	13.0	13.0	3.3399587798269113	0.8888504155124654	1.0
331_O-434	14.0	14.0	3.461692213398193	0.8979785969084424	0.993103448275862
332_O-434	13.0	13.0	3.4157304023855306	0.8942752832248109	1.0
333_O-434	14.0	14.0	3.494440245620662	0.9018512679609026	0.9932885906040269
334_O-434	14.0	14.0	3.424003720317457	0.89086127547666	1.0
335_O-434	13.0	13.0	3.3040282115680797	0.882104908078934	0.9935064935064936
336_O-434	14.0	14.0	3.4078896741103395	0.8923786294229676	0.9942196531791907
337_O-434	14.0	14.0	3.432517330615552	0.8938615467820443	1.0
338_O-434	13.0	13.0	3.337891724228149	0.8879743941472337	0.9938271604938271
339_O-434	14.0	14.0	3.4161326725002032	0.8905817174515236	0.993421052631579
33_O-434	13.0	13.0	3.4912756266239815	0.9017283950617284	1.0
340_O-434	13.0	13.0	3.3823840262505143	0.8887002816249373	1.0
341_O-434	14.0	14.0	3.44885756965463	0.8945918367346939	0.9928571428571429
342_O-434	12.0	12.0	3.2999901329960246	0.8858206371191135	0.993421052631579
343_O-434	13.0	13.0	3.352144692689606	0.8884444444444445	0.9933333333333333
344_O-434	14.0	14.0	3.422257861300584	0.8965858862978204	0.9938271604938271
345_O-434	14.5	14.0	3.3238481709476764	0.8798225308641975	0.9861111111111112
346_O-434	18.0	15.0	3.422571358262713	0.889691265365735	0.9808917197452229
347_O-434	15.0	14.0	3.374986386320139	0.886253462603878	0.9868421052631579
348_O-434	13.0	13.0	3.2927050458418394	0.8795873834556636	0.9929577464788732
349_O-434	14.5	14.0	3.462226382012589	0.8982167352537723	0.9851851851851852
34_O-434	13.0	13.0	3.361414328114356	0.8871686344397416	0.9925373134328358
350_O-434	16.0	15.0	3.410431162093708	0.8918222222222222	0.98
351_O-434	13.0	13.0	3.3033117543351453	0.8812076445910574	0.9940119760479041
352_O-434	15.5	15.0	3.4188294094107374	0.8885140833192782	0.987012987012987
353_O-434	13.0	13.0	3.42542039363837	0.8967312930620093	0.9936708860759493
354_O-434	12.0	12.0	3.3057316004890707	0.8840142335930814	1.0
355_O-434	14.0	14.0	3.4831172957930745	0.900679739840579	0.993006993006993
356_O-434	13.0	13.0	3.4190267857704324	0.8989197530864197	0.9930555555555556
357_O-434	15.0	14.0	3.345798248967418	0.8801408381827962	0.986013986013986
358_O-434	13.0	13.0	3.4425879951254177	0.897883472057075	1.0
359_O-434	12.0	12.0	3.3680318885837157	0.8939919649379109	1.0
35_O-434	14.0	14.0	3.4700731353101286	0.8990795529257067	0.9935897435897436
360_O-434	14.5	14.0	3.358052734169437	0.885249792334164	0.9874213836477987
361_O-434	17.0	14.0	3.2946220106813704	0.8793394633139426	0.9794520547945206
362_O-434	17.0	14.0	3.389293428602007	0.8891388331947773	0.9790209790209791
363_O-434	15.0	14.0	3.5176015704548416	0.9049831287593525	0.986013986013986
364_O-434	14.0	14.0	3.4221987780033403	0.8944	0.9933333333333333
365_O-434	14.0	13.0	3.4053042062602747	0.8973183496287882	0.9872611464968153
366_O-434	14.0	14.0	3.4840634916119466	0.8992	0.9933333333333333
367_O-434	14.5	14.0	3.3506274728995167	0.8878222222222222	0.9866666666666667
368_O-434	14.0	14.0	3.490475462914144	0.9008888888888889	0.9933333333333333
369_O-434	13.0	13.0	3.4317274113070995	0.8966976227186346	0.9940119760479041
36_O-434	15.0	14.0	3.399949543573239	0.8916052318668252	0.9862068965517241
370_O-434	14.0	14.0	3.386383387877216	0.8872352081811541	0.9932432432432432
371_O-434	15.5	15.0	3.4308079301731587	0.8910618679357525	0.9878048780487805
372_O-434	15.5	14.0	3.3736040698747107	0.8923089897115871	0.9805194805194806
373_O-434	17.0	14.0	3.375794538631879	0.8914047866805411	0.9806451612903225
374_O-434	14.5	14.0	3.4072077714385847	0.8920846018266304	0.9873417721518988
375_O-434	13.0	13.0	3.3866528778975438	0.8920896204846822	1.0
376_O-434	14.0	13.0	3.338853958690607	0.8885186727752326	0.9863945578231292
377_O-434	13.0	13.0	3.418675851600565	0.8941339442698066	0.9927007299270073
378_O-434	18.0	15.0	3.4241214446252766	0.8930904340252577	0.9819277108433735
379_O-434	13.0	13.0	3.396904828707614	0.8935354273192111	0.9932432432432432
37_O-434	13.0	13.0	3.335191835000785	0.8847857550107452	1.0
380_O-434	13.0	13.0	3.3281062183491965	0.8888787436084733	0.9932432432432432
381_O-434	17.0	14.0	3.2965454431244203	0.8830378514341353	0.9808917197452229
382_O-434	14.0	14.0	3.4627169331856376	0.8982648951785916	0.9938650306748467
383_O-434	14.0	14.0	3.371365406957292	0.885390625	0.99375
384_O-434	15.0	14.0	3.44499144320465	0.8981896194813505	0.9877300613496932
385_O-434	13.0	13.0	3.45564657310958	0.900643250497478	1.0
386_O-434	14.0	14.0	3.4745409284029747	0.8972119852587727	1.0
387_O-434	13.0	13.0	3.374131299408291	0.8872208669544005	1.0
388_O-434	14.5	14.0	3.412176806746081	0.8943161994401395	0.9872611464968153
389_O-434	12.0	12.0	3.2643794079356425	0.8850016196954973	1.0
38_O-434	12.0	12.0	3.295553021772731	0.8879457585011128	0.9928057553956835
390_O-434	14.25	14.0	3.311235200218365	0.8811188811188811	0.986013986013986
391_O-434	12.0	12.0	3.2967877235339107	0.881778945393132	1.0
392_O-434	13.0	13.0	3.4341962495170213	0.8976932223543401	0.993103448275862
393_O-434	13.0	13.0	3.396898604878002	0.8955527789347031	0.9931972789115646
394_O-434	15.5	15.0	3.4800061604325183	0.898720999405116	0.9878048780487805
395_O-434	12.0	12.0	3.2524608868645775	0.8772752861700132	0.9931506849315068
396_O-434	17.0	14.0	3.3662976602042796	0.8883011937557392	0.9818181818181818
397_O-434	14.0	14.0	3.4360807105942652	0.8940625	0.99375
398_O-434	12.0	12.0	3.3401116396590993	0.8925871137409599	1.0
399_O-434	14.0	13.0	3.2702858716380203	0.8764866490814013	0.9863945578231292
39_O-434	15.0	14.0	3.4405624461223194	0.8950484627867199	0.9867549668874173
3_O-434	15.333333333333334	15.0	3.498461488429931	0.9015243342516069	0.9878787878787879
400_O-434	15.0	14.0	3.3941735576030805	0.8875669244497323	0.9878048780487805
401_O-434	13.5	13.0	3.3443374688098455	0.8904102890116876	0.986013986013986
402_O-434	13.0	13.0	3.3638290986486896	0.8897777777777778	0.9933333333333333
403_O-434	14.5	14.0	3.4192580359040305	0.8947545960532973	0.987012987012987
404_O-434	13.0	13.0	3.3583159292626585	0.8873146931882154	0.9931506849315068
405_O-434	13.0	13.0	3.294558643329464	0.8826721753440006	0.9940828402366864
406_O-434	13.0	13.0	3.3055708957323278	0.8834556635588177	1.0
407_O-434	16.0	13.0	3.264978563933779	0.8819419284716112	0.9784172661870504
408_O-434	14.5	14.0	3.4004607577539083	0.8910227099527511	0.9876543209876543
409_O-434	14.333333333333334	14.0	3.3551222821809175	0.8868367346938776	0.9857142857142858
40_O-434	15.5	15.0	3.458957143537732	0.8948694946388142	0.9869281045751634
410_O-434	13.0	13.0	3.414041714042517	0.8932615047479913	1.0
411_O-434	13.0	13.0	3.3868595617072628	0.8930803231214755	0.9938271604938271
412_O-434	15.0	14.0	3.437310694233999	0.8964285714285715	0.9857142857142858
413_O-434	14.5	14.0	3.436441690061009	0.8955283939439667	0.9858156028368794
414_O-434	10.0	10.0	3.221457574814738	0.8861337036302321	1.0
415_O-434	12.0	12.0	3.243825550558218	0.8699792243767313	1.0
416_O-434	14.0	14.0	3.4251101118625495	0.8956353317418134	0.9932885906040269
417_O-434	13.0	13.0	3.3671645115125037	0.8912244897959184	1.0
418_O-434	15.5	15.0	3.479150707711071	0.8967999683556821	0.9874213836477987
419_O-434	14.5	14.0	3.470178690439412	0.8998541320859111	0.9858156028368794
41_O-434	15.333333333333334	15.0	3.4781834833933396	0.894579475308642	0.9861111111111112
420_O-434	13.0	13.0	3.3885021360396976	0.8888454203139518	1.0
421_O-434	12.0	12.0	3.2701191402326457	0.8825665342389679	1.0
422_O-434	15.333333333333334	15.0	3.4501967191634146	0.8921759809750297	0.9862068965517241
423_O-434	12.0	12.0	3.3193319585204257	0.8905971037492562	0.9929577464788732
424_O-434	15.0	14.0	3.3958216292242684	0.8903118284285777	0.9867549668874173
425_O-434	14.333333333333334	14.0	3.271927035463133	0.8789843749999999	0.9875
426_O-434	15.0	14.0	3.438479465433453	0.89609375	0.9875
427_O-434	15.333333333333334	15.0	3.4342986510344704	0.8921875	0.9875
428_O-434	13.0	13.0	3.2480448814762046	0.8757396449704142	1.0
429_O-434	15.5	15.0	3.5047716109823117	0.89921875	0.9875
42_O-434	14.5	14.0	3.3498854923268957	0.8849115504682622	0.9870967741935484
430_O-434	12.0	12.0	3.3669321596003687	0.8948114822240696	0.993006993006993
431_O-434	15.5	14.0	3.3107585348387087	0.8802040816326531	0.9785714285714285
432_O-434	13.0	13.0	3.2970802744310075	0.8821489570933181	1.0
433_O-434	13.5	13.0	3.300056022704928	0.8842184274723213	0.9863013698630136
434_O-434	17.0	14.0	3.348959150048945	0.8862769176790491	0.9801324503311258
435_O-434	14.5	14.0	3.4173980918106373	0.8957378869915313	0.9863945578231292
436_O-434	14.0	14.0	3.4702106077265378	0.8988850442137639	0.9934640522875817
437_O-434	13.0	13.0	3.414696455267361	0.8959001040582726	0.9935483870967742
438_O-434	14.0	14.0	3.4965539091070306	0.9008283585543061	0.9931972789115646
439_O-434	15.5	14.0	3.386748007681094	0.8928687121106946	0.9795918367346939
43_O-434	12.0	12.0	3.300806503601723	0.8837626553889529	1.0
440_O-434	12.0	12.0	3.3052539733076376	0.8883158103550883	1.0
441_O-434	13.0	13.0	3.3767508045224695	0.8914666666666666	0.9933333333333333
442_O-434	14.333333333333334	14.0	3.3262540897333475	0.8821366782006921	0.9852941176470589
443_O-434	12.0	12.0	3.363704090267729	0.8960195648507336	0.9935064935064936
444_O-434	14.0	13.0	3.3014501551376743	0.8825231481481481	0.9861111111111112
445_O-434	12.0	12.0	3.3038915704901215	0.8835196195005945	1.0
446_O-434	15.0	14.0	3.462214440017686	0.8973127229488704	0.9862068965517241
447_O-434	14.5	14.0	3.3546940935049063	0.8801408381827962	0.986013986013986
448_O-434	13.0	13.0	3.3983850780524065	0.8953777777777778	0.9933333333333333
449_O-434	13.0	13.0	3.356825108473906	0.8884794103509053	1.0
44_O-434	14.0	14.0	3.373235631380902	0.8877583720557602	0.9936708860759493
450_O-434	13.0	13.0	3.3573652263614644	0.8915625	0.99375
451_O-434	12.0	12.0	3.2837874029009644	0.8876444444444445	1.0
452_O-434	13.0	13.0	3.3106449407799565	0.8824888888888889	0.9933333333333333
453_O-434	14.5	14.0	3.3533957633258193	0.8881026760510369	0.9877300613496932
454_O-434	13.5	13.0	3.2764512082259096	0.880681050403135	0.9865771812080537
455_O-434	14.0	14.0	3.399239356716501	0.8892053320675606	0.9937106918238994
456_O-434	15.0	14.0	3.3838525016468446	0.8888092079314425	0.9880239520958084
457_O-434	12.0	12.0	3.338380086026432	0.8929532006455083	0.993006993006993
458_O-434	12.0	12.0	3.3239264443414016	0.8886987072654384	1.0
459_O-434	14.5	14.0	3.4443613622088476	0.8957665710912464	0.987012987012987
45_O-434	14.5	14.0	3.3980270143928637	0.8916444444444445	0.9866666666666667
460_O-434	14.0	14.0	3.4164316729910094	0.8915398447436516	0.9933774834437086
461_O-434	12.0	12.0	3.3756844047416243	0.8931463741959369	1.0
462_O-434	13.0	13.0	3.365256799594276	0.8885471399888931	0.9934640522875817
463_O-434	13.0	13.0	3.3753839030370094	0.8920351561164119	0.9941520467836258
464_O-434	13.0	13.0	3.437033811961594	0.898144851865037	0.9937106918238994
465_O-434	12.0	12.0	3.3383028431827175	0.8936149691358024	0.9930555555555556
466_O-434	14.0	14.0	3.4759606132781404	0.8977740756166412	0.9931972789115646
467_O-434	14.0	14.0	3.4076999790333056	0.8916931705482029	0.9941520467836258
468_O-434	14.5	14.0	3.4437176272123358	0.8972617369387842	0.9869281045751634
469_O-434	14.5	14.0	3.3038988286995457	0.8809349890430972	0.9864864864864865
46_O-434	13.0	13.0	3.309715632476029	0.8848612125639153	0.9932432432432432
470_O-434	13.0	13.0	3.4086482756040093	0.8931749160850339	1.0
471_O-434	13.0	13.0	3.413236293944172	0.896971639160391	0.9936708860759493
472_O-434	14.0	14.0	3.4645905110231348	0.8962269033693908	0.9928057553956835
473_O-434	13.0	13.0	3.3710652203625644	0.8853550295857988	1.0
474_O-434	13.0	13.0	3.4108578473087845	0.8956444444444445	0.9933333333333333
475_O-434	14.0	14.0	3.5033978205421024	0.9021534143239331	0.9933774834437086
476_O-434	13.0	13.0	3.3982865875484864	0.8938198553583169	0.9935897435897436
477_O-434	16.5	15.0	3.445255162872328	0.8952177524623235	0.9811320754716981
478_O-434	13.0	13.0	3.4774693628371924	0.9021428571428571	0.9928571428571429
479_O-434	14.5	14.0	3.4277716170627754	0.8946311176040905	0.9864864864864865
47_O-434	14.5	14.0	3.357365112324956	0.8851281163434903	0.9868421052631579
480_O-434	14.333333333333334	14.0	3.4009651391633433	0.8951952387864712	0.9879518072289156
481_O-434	17.0	14.0	3.387276948326168	0.8905285493827161	0.9791666666666666
482_O-434	15.25	15.0	3.3193219830151994	0.881117604090577	0.9864864864864865
483_O-434	13.0	13.0	3.397045069048454	0.8931749160850339	1.0
484_O-434	13.0	13.0	3.3259145643578654	0.881942254853385	1.0
485_O-434	15.5	15.0	3.438352655005798	0.8900817176734498	0.9873417721518988
486_O-434	12.0	12.0	3.343542355280218	0.8907790927021696	1.0
487_O-434	13.0	13.0	3.3616285916147235	0.890706377068786	0.9937888198757764
488_O-434	13.0	12.0	3.2796565123490717	0.8876099881093935	0.9862068965517241
489_O-434	13.0	13.0	3.3746089283601033	0.8928324099722992	1.0
48_O-434	14.5	14.0	3.4055323400012805	0.8886048210372535	0.9864864864864865
490_O-434	13.0	13.0	3.3890491278356483	0.8942590237270295	0.9933774834437086
491_O-434	13.0	13.0	3.4225095938680075	0.8950605038682801	0.9929577464788732
492_O-434	13.0	13.0	3.359761155689524	0.8891555555555556	0.9933333333333333
493_O-434	17.0	14.0	3.402515167234175	0.8935185185185185	0.9791666666666666
494_O-434	14.0	14.0	3.4069123855187633	0.8874379105912514	0.9936708860759493
495_O-434	13.0	13.0	3.337429427774199	0.8874089490114464	0.9935483870967742
496_O-434	14.5	14.0	3.388332045044457	0.8901082152110958	0.9876543209876543
497_O-434	15.333333333333334	15.0	3.5039214952462894	0.8996913580246914	0.9861111111111112
498_O-434	16.5	15.0	3.358461547405475	0.8853549110719436	0.9810126582278481
499_O-434	14.0	14.0	3.3348031305151347	0.8837770061728395	0.9930555555555556
49_O-434	13.0	13.0	3.3129696683184746	0.8827136146867941	1.0
4_O-434	15.0	15.0	3.3915479240230093	0.885703125	0.99375
500_O-434	14.0	14.0	3.4016142321905543	0.8874666666666666	0.9933333333333333
501_O-434	14.5	14.0	3.360292413687288	0.888080808080808	0.9878787878787879
502_O-434	12.0	12.0	3.2910603663565605	0.8864702570838807	1.0
503_O-434	15.5	15.0	3.464129063759193	0.8957669549385525	0.9881656804733728
504_O-434	14.5	14.0	3.4343168121491914	0.8957922419460881	0.9871794871794872
505_O-434	14.0	14.0	3.4543582098242185	0.8920998311127791	0.9931506849315068
506_O-434	21.0	15.0	3.341539470723546	0.8849914965986394	0.9761904761904762
507_O-434	13.0	13.0	3.4155009748128418	0.897416779965791	0.9933774834437086
508_O-434	12.0	12.0	3.2520684270493	0.8801368361036797	0.9933774834437086
509_O-434	14.333333333333334	14.0	3.4187395913005596	0.8956278763971072	0.9871794871794872
50_O-434	14.0	14.0	3.4747721268227956	0.8989411335145442	0.9936305732484076
510_O-434	12.0	12.0	3.2556114620924905	0.8743877551020408	1.0
511_O-434	15.5	14.0	3.3215536935810204	0.885387811634349	0.9802631578947368
512_O-434	13.0	13.0	3.43571483859261	0.9002565263316735	0.9929078014184397
513_O-434	12.0	12.0	3.2295186021732825	0.8749333333333333	1.0
514_O-434	14.5	14.0	3.420832978110515	0.8947197926789764	0.9863945578231292
515_O-434	13.0	13.0	3.3316459188520784	0.8867128027681661	0.9941176470588236
516_O-434	13.0	13.0	3.3372362558046205	0.8869459833795014	0.993421052631579
517_O-434	13.0	13.0	3.2923625429399572	0.8814621913580247	1.0
518_O-434	12.0	12.0	3.2668706391776934	0.8803292181069958	1.0
519_O-434	15.0	14.0	3.3689034452004183	0.8844461531889445	0.9869281045751634
51_O-434	14.333333333333334	14.0	3.3451098495201688	0.8878953626634958	0.9862068965517241
520_O-434	14.0	13.0	3.2995392637871124	0.88294887039239	0.9862068965517241
521_O-434	12.0	12.0	3.3723409439824534	0.894664986347406	1.0
522_O-434	15.333333333333334	15.0	3.4198303421644085	0.890161833039577	0.9873417721518988
523_O-434	14.0	14.0	3.3456956557243305	0.8828684651729919	0.9938271604938271
524_O-434	20.0	14.0	3.303786246403717	0.8863221329437545	0.972972972972973
525_O-434	14.0	14.0	3.340872719631289	0.8835548502281294	0.9929577464788732
526_O-434	13.0	13.0	3.3598319923616957	0.8903681788297173	0.9935897435897436
527_O-434	14.0	14.0	3.443748236220951	0.8944773175542406	0.9935897435897436
528_O-434	18.0	15.0	3.392562127369283	0.8901011704026979	0.971830985915493
529_O-434	13.0	13.0	3.425723290641755	0.8938702638365403	1.0
52_O-434	14.0	14.0	3.3866948655533795	0.887356655537814	1.0
530_O-434	14.5	14.0	3.3610992817119336	0.8839601956485074	0.987012987012987
531_O-434	13.333333333333334	13.0	3.2196702936720145	0.8759209157127992	0.9870967741935484
532_O-434	14.0	14.0	3.411786395941072	0.8896578239138793	0.9934640522875817
533_O-434	14.0	14.0	3.4463451407487806	0.8954475308641976	0.9930555555555556
534_O-434	13.0	12.0	3.2114921144473847	0.8760555451304185	0.9863013698630136
535_O-434	13.5	13.0	3.380219634623608	0.8950084443610433	0.9863013698630136
536_O-434	14.0	14.0	3.424042530113213	0.893748225080125	0.9936305732484076
537_O-434	14.0	14.0	3.4069317199182954	0.8932615047479913	0.9932432432432432
538_O-434	13.0	13.0	3.363831663408778	0.8874657613517998	0.9937888198757764
539_O-434	12.0	12.0	3.2484870343704415	0.8792596815929126	0.9933774834437086
53_O-434	13.5	13.0	3.322949566664919	0.8879435112495067	0.9867549668874173
540_O-434	13.0	13.0	3.379197385410531	0.8915335169880625	1.0
541_O-434	17.0	14.0	3.433689180302609	0.8977777777777778	0.98
542_O-434	12.0	12.0	3.3591101287947924	0.8920707596253902	1.0
543_O-434	12.0	12.0	3.198481644006306	0.872534516765286	0.9935897435897436
544_O-434	13.0	13.0	3.3741300336878464	0.8927754915409236	1.0
545_O-434	15.0	14.0	3.336750008300344	0.8906666666666667	0.98
546_O-434	13.0	13.0	3.404213645125507	0.8948730318845665	1.0
547_O-434	13.0	13.0	3.387845641761924	0.8931623931623931	0.9935897435897436
548_O-434	13.0	13.0	3.3681254453245657	0.8920477502295684	0.9939393939393939
549_O-434	12.0	12.0	3.2632592681197305	0.8812069045305196	0.9931972789115646
54_O-434	13.0	13.0	3.4055014637186214	0.8976308539944904	0.9939393939393939
550_O-434	13.0	13.0	3.397776226212622	0.8952169625246549	1.0
551_O-434	14.0	14.0	3.3078786864762826	0.8791081016381108	0.9941520467836258
552_O-434	14.0	14.0	3.4333049887765177	0.8939741804358463	0.9938650306748467
553_O-434	14.0	14.0	3.384876514124894	0.8876561472715319	0.9935897435897436
554_O-434	13.0	13.0	3.3697444841817417	0.892932750776992	0.9932885906040269
555_O-434	13.0	13.0	3.410181040200523	0.8945180693432442	0.993006993006993
556_O-434	13.0	13.0	3.245927989573184	0.8723072562358276	1.0
557_O-434	13.0	13.0	3.493685979454134	0.902441135734072	1.0
558_O-434	15.5	14.0	3.388058712979145	0.8937077095210187	0.9781021897810219
559_O-434	13.0	13.0	3.3687365353595364	0.8926530612244898	0.9928571428571429
55_O-434	13.0	13.0	3.4140385880401514	0.8958168574401665	1.0
560_O-434	13.0	13.0	3.3520053548455837	0.8905050505050505	0.9939393939393939
561_O-434	14.0	14.0	3.4139167182761825	0.8938424020728548	0.9938271604938271
562_O-434	13.0	13.0	3.328508134701802	0.8848889534039773	1.0
563_O-434	15.0	14.0	3.463480736140002	0.8974397666113374	0.9858156028368794
564_O-434	13.0	13.0	3.3815063889766557	0.8916722736918379	0.9928057553956835
565_O-434	13.0	13.0	3.3786473377420547	0.8903978673104975	0.9929078014184397
566_O-434	13.0	13.0	3.448523176827208	0.8975180802103879	1.0
567_O-434	18.0	15.0	3.3545325438556737	0.8843490304709142	0.9736842105263158
568_O-434	13.0	13.0	3.482192184313384	0.901400837800099	1.0
569_O-434	13.0	13.0	3.372898491359207	0.8863214707370551	1.0
56_O-434	16.5	15.0	3.4624507569224767	0.8966140696909928	0.9807692307692307
570_O-434	13.0	13.0	3.352579298677554	0.8867584940312213	0.9939393939393939
571_O-434	13.0	13.0	3.3688835100093613	0.8917353530853197	0.9925373134328358
572_O-434	13.0	13.0	3.420224055892588	0.8959297839506173	0.9930555555555556
573_O-434	12.0	12.0	3.3399400857657207	0.8920500662138494	0.9934640522875817
574_O-434	16.5	15.0	3.4413310755317736	0.8942307692307692	0.9807692307692307
575_O-434	14.0	14.0	3.3663262216872303	0.8852445369406867	0.9935483870967742
576_O-434	13.0	13.0	3.3239046256896696	0.8854222222222222	1.0
577_O-434	13.0	13.0	3.3821469833733557	0.8926696072253728	0.9927536231884058
578_O-434	14.5	14.0	3.3250007918355604	0.8824707578913635	0.9873417721518988
579_O-434	13.0	13.0	3.2940516918950165	0.880803271052223	0.9928057553956835
57_O-434	21.0	15.0	3.3772738107123486	0.8858272632674298	0.9741935483870968
580_O-434	12.0	12.0	3.2633752151160476	0.8830505540166205	1.0
581_O-434	13.0	13.0	3.360497112053559	0.8897033293468616	1.0
582_O-434	15.0	14.0	3.415294819283953	0.8929898756888377	0.9869281045751634
583_O-434	13.0	13.0	3.3170896064920417	0.8862826046162507	0.9931506849315068
584_O-434	13.0	13.0	3.3161448424039053	0.8830749669910509	0.993006993006993
585_O-434	14.0	14.0	3.340643150659031	0.8845332018408941	0.9935897435897436
586_O-434	13.0	13.0	3.3337642696023133	0.8879435112495065	0.9933774834437086
587_O-434	14.0	14.0	3.29722933420629	0.8795866047107835	1.0
588_O-434	13.0	13.0	3.4430121208977837	0.8994797086368367	1.0
589_O-434	15.5	15.0	3.434223767902152	0.8882166236857767	0.9859154929577465
58_O-434	13.0	13.0	3.4234496510053662	0.8966049382716049	1.0
590_O-434	14.5	14.0	3.3401382062932172	0.882996878251821	0.9870967741935484
591_O-434	14.0	14.0	3.495142772081659	0.9017810053146172	0.9936305732484076
592_O-434	14.0	14.0	3.5012099912505215	0.9011071495590167	0.9931506849315068
593_O-434	13.0	13.0	3.309884817758834	0.8788655664156385	0.9936708860759493
594_O-434	14.5	14.0	3.2774584635763637	0.8778013560374722	0.9856115107913669
595_O-434	14.0	14.0	3.4527812112851684	0.8918918918918919	1.0
596_O-434	13.5	13.0	3.280527292610321	0.8835577386956712	0.9867549668874173
597_O-434	13.0	13.0	3.4579346149599037	0.9017639331957216	0.9931506849315068
598_O-434	14.333333333333334	14.0	3.3905099803074266	0.8929032258064517	0.9870967741935484
599_O-434	13.0	13.0	3.3683475043360853	0.8891966759002771	0.993421052631579
59_O-434	13.5	13.0	3.2559939181115625	0.8772819100091828	0.9878787878787879
5_O-434	13.0	13.0	3.3679570513105257	0.8919857312722949	0.993103448275862
600_O-434	15.0	15.0	3.4704235549174807	0.8955502169314067	0.9940119760479041
601_O-434	12.0	12.0	3.3322873731949048	0.8887220866954401	1.0
602_O-434	15.5	14.0	3.3594404449876505	0.8903205894834304	0.9813664596273292
603_O-434	13.0	13.0	3.3450982938246265	0.884073065213908	1.0
604_O-434	14.0	13.0	3.2895494036373343	0.8822264594912572	0.9872611464968153
605_O-434	14.5	14.0	3.447614692926743	0.8964056210719582	0.9831932773109243
606_O-434	13.0	13.0	3.3310365103098256	0.8847152696751854	0.9938650306748467
607_O-434	15.25	15.0	3.352966181665832	0.87872	0.984
608_O-434	14.333333333333334	14.0	3.32891429483223	0.8845918367346939	0.9857142857142858
609_O-434	13.0	13.0	3.3804051850160715	0.891321540062435	0.9935483870967742
60_O-434	13.0	13.0	3.2916183428074652	0.8777120315581854	1.0
610_O-434	12.0	12.0	3.3726875395751126	0.8944172710406477	1.0
611_O-434	12.0	12.0	3.3212345432149646	0.889779739651367	0.9932885906040269
612_O-434	17.0	14.0	3.3327193422565546	0.8836675764408053	0.9811320754716981
613_O-434	12.0	12.0	3.271910161543993	0.8868513935656619	0.9936305732484076
614_O-434	13.0	13.0	3.356938128773893	0.8875816463142521	1.0
615_O-434	13.5	13.0	3.3046943457738736	0.8879062030914033	0.9872611464968153
616_O-434	13.0	13.0	3.4273286107404206	0.8980517377018835	0.9931972789115646
617_O-434	14.0	14.0	3.432973795823782	0.8933347012756062	0.9941520467836258
618_O-434	12.0	12.0	3.192383920220609	0.8728770419732519	0.9931972789115646
619_O-434	13.0	13.0	3.4092185729754556	0.8962191358024691	0.9930555555555556
61_O-434	14.0	14.0	3.3965177415402503	0.8881482834185537	0.9932432432432432
620_O-434	15.333333333333334	15.0	3.4402049881317613	0.8924861495844876	0.9868421052631579
621_O-434	13.5	13.0	3.335242550955296	0.8904309715120526	0.9864864864864865
622_O-434	14.333333333333334	14.0	3.4027065456836527	0.8941333333333333	0.9866666666666667
623_O-434	13.0	13.0	3.3387570949802106	0.8908888809207931	0.9940119760479041
624_O-434	13.0	13.0	3.3535218727648943	0.8864684898929845	0.993103448275862
625_O-434	13.5	13.0	3.3011739374829063	0.883400292184076	0.9864864864864865
626_O-434	13.0	13.0	3.3557573964995493	0.887669562566682	0.9938271604938271
627_O-434	14.333333333333334	14.0	3.377115676178927	0.8889710716633794	0.9871794871794872
628_O-434	13.0	13.0	3.3982432446163973	0.891953125	1.0
629_O-434	13.0	13.0	3.375812707326458	0.8913813459268005	1.0
62_O-434	15.0	14.0	3.4493295798940915	0.896508487654321	0.9861111111111112
630_O-434	12.0	12.0	3.3004379573885347	0.8834678176018015	1.0
631_O-434	14.5	14.0	3.416208749715653	0.8946443853880456	0.9865771812080537
632_O-434	12.0	12.0	3.300889826429785	0.8861668975069252	0.993421052631579
633_O-434	14.0	14.0	3.3506098193734117	0.8840790842872008	0.9935483870967742
634_O-434	14.0	14.0	3.458706835727235	0.897874852420307	0.9935064935064936
635_O-434	13.0	13.0	3.362122328657111	0.8907142857142857	0.9928571428571429
636_O-434	14.0	13.0	3.31560405895404	0.8838737677475355	0.984251968503937
637_O-434	13.5	13.0	3.315561414412814	0.8895002974419988	0.9878048780487805
638_O-434	13.0	13.0	3.4052959843820387	0.8966962524654832	0.9935897435897436
639_O-434	14.0	14.0	3.431230362907904	0.893655489809336	0.9935897435897436
63_O-434	14.333333333333334	14.0	3.4125024020372594	0.8953615777940103	0.9864864864864865
640_O-434	13.0	13.0	3.413905941643286	0.8966782006920415	0.9941176470588236
641_O-434	13.0	13.0	3.3207073198521218	0.8851423324150597	0.9939393939393939
642_O-434	13.0	13.0	3.404470416976594	0.8965547091412742	1.0
643_O-434	14.0	13.0	3.375904526238362	0.8920846018266304	0.9873417721518988
644_O-434	17.0	14.0	3.326298458547581	0.8815412875389808	0.9803921568627451
645_O-434	12.0	12.0	3.3065734048446336	0.8840816326530612	1.0
646_O-434	13.0	13.0	3.3930832996731866	0.8942901234567902	1.0
647_O-434	13.5	13.0	3.3632795136180698	0.8930538201675228	0.9863945578231292
648_O-434	14.0	14.0	3.4220008580877352	0.8915101070154577	0.993103448275862
649_O-434	13.0	13.0	3.3893992662020036	0.8930395055092717	0.9918032786885246
64_O-434	17.0	14.0	3.3378179109071846	0.8882066576027368	0.9801324503311258
650_O-434	14.0	14.0	3.4783534391692887	0.8979591836734694	0.9924812030075187
651_O-434	14.0	14.0	3.398099460395101	0.89	0.99375
652_O-434	14.5	14.0	3.319263717848627	0.8844355955678671	0.9868421052631579
653_O-434	13.0	13.0	3.343923513567879	0.8886325772138921	0.9934640522875817
654_O-434	12.0	12.0	3.288009128164165	0.8817795174827807	1.0
655_O-434	11.0	11.0	3.257382278886629	0.8858655953250548	1.0
656_O-434	17.0	14.0	3.3267747298312624	0.8829514500881269	0.9810126582278481
657_O-434	15.5	15.0	3.4924390180340605	0.8987772957079853	0.9880239520958084
658_O-434	14.5	14.0	3.42013644801245	0.8951960968286733	0.9863013698630136
659_O-434	15.0	14.0	3.4392922020826937	0.8956404320987654	0.9861111111111112
65_O-434	14.5	14.0	3.3962556827205255	0.8916306999437043	0.9863013698630136
660_O-434	15.0	14.0	3.457920924855113	0.8978468113083498	0.9871794871794872
661_O-434	13.0	13.0	3.38542997326751	0.8929432919608788	0.9933774834437086
662_O-434	13.5	13.0	3.345931939348141	0.8904979170799445	0.9859154929577465
663_O-434	16.0	13.0	3.269757633865002	0.8841607565011821	0.9787234042553191
664_O-434	15.0	14.0	3.413521286629818	0.89390625	0.9875
665_O-434	13.0	13.0	3.3259986746296275	0.8817121619889786	0.9934640522875817
666_O-434	13.5	13.0	3.24092324264967	0.8778674868640266	0.9869281045751634
667_O-434	17.0	14.0	3.3937717453018825	0.8918159882916024	0.9811320754716981
668_O-434	14.0	14.0	3.4217738636278296	0.8919716646989374	0.9935064935064936
669_O-434	14.0	14.0	3.3619326387795447	0.8847818559556787	0.993421052631579
66_O-434	13.0	13.0	3.341830340572869	0.8858985860139262	1.0
670_O-434	13.0	13.0	3.3096625573987146	0.8853579007297758	0.9928057553956835
671_O-434	14.5	14.0	3.350339087525681	0.885136616815052	0.9867549668874173
672_O-434	13.0	13.0	3.3909195841043798	0.8904892546867855	1.0
673_O-434	13.0	13.0	3.332526000254251	0.8822222222222222	0.9933333333333333
674_O-434	13.333333333333334	13.0	3.2740016531390466	0.8843133674214755	0.9864864864864865
675_O-434	12.0	12.0	3.213331318098728	0.878168574401665	0.9935483870967742
676_O-434	13.0	13.0	3.3994102734124017	0.8937777777777778	0.9933333333333333
677_O-434	14.0	14.0	3.4037979340296154	0.890234375	0.99375
678_O-434	12.0	12.0	3.2664779323713558	0.8818035111741406	0.993006993006993
679_O-434	13.0	13.0	3.3839677868149485	0.8861991218701792	1.0
67_O-434	14.0	14.0	3.3570395062168448	0.8841686334397705	0.9931972789115646
680_O-434	14.0	14.0	3.42711442754133	0.8936114958448753	0.993421052631579
681_O-434	13.0	13.0	3.3878725798492115	0.8947368421052632	0.993421052631579
682_O-434	15.0	14.0	3.397980447761154	0.891465677179963	0.987012987012987
683_O-434	15.0	14.0	3.404075592109168	0.8896285338593031	0.9871794871794872
684_O-434	18.0	15.0	3.4585804999754335	0.8951289857394649	0.9810126582278481
685_O-434	12.0	12.0	3.3183542295577375	0.8911751257430269	0.9938271604938271
686_O-434	14.5	14.0	3.392442321430148	0.8908666587555872	0.9874213836477987
687_O-434	14.0	14.0	3.443530878861389	0.8961758479347777	1.0
688_O-434	12.0	12.0	3.336461854723362	0.8912759471621425	0.9939759036144579
689_O-434	13.0	13.0	3.351285685320519	0.8905502155769155	0.9937106918238994
68_O-434	14.5	14.0	3.417591656119609	0.8921759809750297	0.9862068965517241
690_O-434	14.5	14.0	3.3854047093741415	0.8886086212332778	0.9865771812080537
691_O-434	14.0	14.0	3.3582442351438977	0.8848658210696676	0.9938650306748467
692_O-434	14.0	14.0	3.4930223947350214	0.9014628533859304	1.0
693_O-434	14.5	14.0	3.4005059966981586	0.8928888888888888	0.9866666666666667
694_O-434	15.5	14.0	3.3874384524695023	0.8934047469019114	0.9782608695652174
695_O-434	13.0	13.0	3.314581102883456	0.8838296398891967	0.993421052631579
696_O-434	14.0	13.0	3.3613844254883354	0.8936137783874409	0.9876543209876543
697_O-434	13.0	13.0	3.3492027889361964	0.8846348456738067	1.0
698_O-434	13.0	13.0	3.4122498331165616	0.8943968645667005	0.9939759036144579
699_O-434	14.0	14.0	3.307268673957525	0.8785259562134465	0.9928057553956835
69_O-434	12.0	12.0	3.3678222841335526	0.8924706599603719	1.0
6_O-434	12.0	12.0	3.2788648299336636	0.8820647351568227	0.9937888198757764
700_O-434	15.0	14.0	3.404743028297757	0.889534039773552	0.9879518072289156
701_O-434	14.5	14.0	3.3839123556680235	0.8894407947444319	0.9873417721518988
702_O-434	14.5	14.0	3.4214628140879806	0.8952169625246549	0.9871794871794872
703_O-434	13.5	13.0	3.3146178827368	0.8878116343490304	0.9868421052631579
704_O-434	13.5	13.0	3.3695872374630067	0.8932930949056349	0.9865771812080537
705_O-434	15.5	14.0	3.2913942772410345	0.8825231481481481	0.9791666666666666
706_O-434	14.5	14.0	3.3750857305353685	0.8882395909422937	0.9864864864864865
707_O-434	15.5	15.0	3.454599424042314	0.8929898756888376	0.9869281045751634
708_O-434	15.0	14.0	3.3355957687466784	0.8837439754965992	0.9865771812080537
709_O-434	14.0	14.0	3.361202485949111	0.8881660899653979	0.9941176470588236
70_O-434	14.5	14.0	3.4014632330028753	0.8928667875467767	0.9875776397515528
710_O-434	14.5	14.0	3.362813131235224	0.8873239436619719	0.9859154929577465
711_O-434	13.5	13.0	3.2822225640823572	0.8793584038339283	0.986013986013986
712_O-434	13.0	13.0	3.3814736212560046	0.8917865823077813	0.9937888198757764
713_O-434	13.0	13.0	3.3761083447567444	0.8936730776468818	0.9938650306748467
714_O-434	16.5	15.0	3.3966545350064523	0.8864465564614207	0.9798657718120806
715_O-434	14.0	14.0	3.361729632264167	0.8857742878013148	1.0
716_O-434	14.333333333333334	14.0	3.321180509793324	0.8851510358396667	0.9875776397515528
717_O-434	13.0	13.0	3.44133597467631	0.8981831743832915	1.0
718_O-434	13.0	13.0	3.3949737212662874	0.8943475337209762	0.9937106918238994
719_O-434	17.0	14.0	3.3711163558721893	0.891321540062435	0.9806451612903225
71_O-434	13.0	13.0	3.364689700403911	0.8906474154287566	0.9931972789115646
720_O-434	13.0	13.0	3.36534605437897	0.8921403272052623	0.9935064935064936
721_O-434	13.0	13.0	3.2787905927905197	0.876	0.9933333333333333
722_O-434	13.0	13.0	3.3824514085172175	0.8932445759368837	0.9935897435897436
723_O-434	17.0	14.0	3.3014907028723752	0.8805822283188538	0.9814814814814815
724_O-434	13.0	13.0	3.304098752030729	0.8803076430059286	0.9936708860759493
725_O-434	14.0	13.0	3.2828561305416577	0.8813459268004723	0.987012987012987
726_O-434	13.0	13.0	3.4573930566156847	0.8994020061728395	1.0
727_O-434	13.0	13.0	3.4016226668288794	0.8952996212965025	0.9925373134328358
728_O-434	13.0	13.0	3.3649642301863953	0.8896092037983929	1.0
729_O-434	13.0	13.0	3.391748505104088	0.8926934155543835	0.9936305732484076
72_O-434	21.0	15.0	3.4149802719798736	0.8933190933902931	0.9748427672955975
730_O-434	14.0	14.0	3.3482839102216073	0.8847879020889402	0.9934640522875817
731_O-434	14.0	14.0	3.477819394425126	0.8992878013148283	0.9932432432432432
732_O-434	15.25	15.0	3.393473942778562	0.8885215794306703	0.9878787878787879
733_O-434	12.0	12.0	3.3517926056573786	0.8919857171196192	0.9929577464788732
734_O-434	14.5	14.0	3.414015432746174	0.8932291666666666	0.9861111111111112
735_O-434	13.0	13.0	3.35019225700396	0.88589774078478	0.993103448275862
736_O-434	13.5	13.0	3.2812296770299043	0.8834700232445946	0.9867549668874173
737_O-434	13.5	13.0	3.366320360154996	0.894488062810447	0.9873417721518988
738_O-434	14.0	13.0	3.3339879191603754	0.8860694604639241	0.9869281045751634
739_O-434	13.0	13.0	3.3002046734001405	0.8841686334397705	0.9931972789115646
73_O-434	13.0	13.0	3.362433918345948	0.8889700511322133	0.9932432432432432
740_O-434	12.0	12.0	3.2993847057367107	0.8883285031427604	0.9938650306748467
741_O-434	15.0	14.0	3.4021678108087388	0.8890666666666667	0.9866666666666667
742_O-434	14.5	14.0	3.338071686705781	0.8820398907862464	0.9863945578231292
743_O-434	17.0	14.0	3.317256139016132	0.8815451939037272	0.9787234042553191
744_O-434	14.0	14.0	3.4721368561397568	0.8980094959824689	1.0
745_O-434	14.0	14.0	3.4035917374018503	0.891328125	0.99375
746_O-434	15.333333333333334	15.0	3.4388846901213515	0.8956302457751515	0.9877300613496932
747_O-434	17.0	14.0	3.368581180443227	0.8879847645429363	0.9802631578947368
748_O-434	13.0	13.0	3.401432794689355	0.8924059419686242	0.9931972789115646
749_O-434	12.0	12.0	3.30176225700435	0.8874085194220304	0.9931506849315068
74_O-434	15.0	14.0	3.420237407008809	0.8927255247556481	0.9873417721518988
750_O-434	18.0	15.0	3.4308968751566598	0.8936899862825789	0.9814814814814815
751_O-434	14.0	13.0	3.352481819126493	0.8907399694571706	0.9863945578231292
752_O-434	13.0	13.0	3.355520178010451	0.8874080244342635	1.0
753_O-434	14.0	14.0	3.402804368391193	0.8909885535900104	0.9935483870967742
754_O-434	15.0	14.0	3.4271824252585574	0.8931607501388354	0.9869281045751634
755_O-434	14.5	14.0	3.4421378872858104	0.8969126536573492	0.9872611464968153
756_O-434	15.0	14.0	3.4343123051371003	0.8949286139202856	0.9878048780487805
757_O-434	14.0	13.0	3.2891778936436324	0.8769166141566898	0.9855072463768116
758_O-434	13.0	13.0	3.407735562266636	0.8958578441316077	0.9936305732484076
759_O-434	17.0	14.0	3.4041307232668268	0.8932930949056349	0.9798657718120806
75_O-434	13.0	13.0	3.3818988847209743	0.8934945921466247	0.9927007299270073
760_O-434	13.0	13.0	3.325750247880882	0.887080452015517	1.0
761_O-434	13.0	13.0	3.385212879362668	0.8922428393992999	0.9938650306748467
762_O-434	13.0	13.0	3.3465966322429206	0.8850016196954973	0.9931972789115646
763_O-434	13.0	13.0	3.3839843778381318	0.8908381211350379	1.0
764_O-434	14.0	14.0	3.463330062991873	0.8977777777777778	0.9933333333333333
765_O-434	13.0	13.0	3.418924612183737	0.892381309814224	1.0
766_O-434	20.0	14.0	3.352486191481245	0.8904058272632674	0.9741935483870968
767_O-434	16.5	15.0	3.4281618018701048	0.8932966023875115	0.9818181818181818
768_O-434	13.0	13.0	3.3749782200860814	0.8892832409972299	0.993421052631579
769_O-434	13.0	13.0	3.3669526088605934	0.8883916515566529	1.0
76_O-434	15.0	14.0	3.4021439699166405	0.8904085872576177	0.9868421052631579
770_O-434	14.5	14.0	3.4531439238674797	0.8980094959824689	0.9864864864864865
771_O-434	14.5	14.0	3.3002004783692036	0.8777523413111342	0.9870967741935484
772_O-434	14.5	14.0	3.380265554803569	0.8894031221303949	0.9878787878787879
773_O-434	13.0	13.0	3.3399859706650386	0.8869902298168585	0.9937106918238994
774_O-434	13.0	13.0	3.3269997682273145	0.8886961285609934	0.9932432432432432
775_O-434	13.0	13.0	3.351633718628651	0.8902558844888718	0.9934640522875817
776_O-434	14.5	14.0	3.4317296205496843	0.8949843912591051	0.9870967741935484
777_O-434	13.0	13.0	3.370252552261539	0.8876215036699068	0.9929577464788732
778_O-434	13.0	13.0	3.3926942214599474	0.8925333333333333	1.0
779_O-434	12.0	12.0	3.3368198317357844	0.8905976333888675	1.0
77_O-434	13.0	13.0	3.3766683457342515	0.8904623073719283	0.9931972789115646
780_O-434	13.0	13.0	3.354626749499337	0.8885907202216067	1.0
781_O-434	15.25	15.0	3.3988505992559133	0.8871972318339101	0.9882352941176471
782_O-434	13.0	13.0	3.405746853203479	0.8943329397874853	1.0
783_O-434	14.0	14.0	3.422102815407043	0.8923545473639991	0.9927536231884058
784_O-434	13.0	13.0	3.3900317272983607	0.8941038691950813	1.0
785_O-434	13.0	12.0	3.2774669704266683	0.8867538644470868	0.9862068965517241
786_O-434	15.5	15.0	3.448107671256438	0.8928906249999999	0.9875
787_O-434	12.0	12.0	3.341335069866122	0.8919831994156319	0.9932432432432432
788_O-434	14.0	14.0	3.4525495696253894	0.8959352335975712	0.9935064935064936
789_O-434	13.0	13.0	3.3292718689292395	0.8859060402684563	0.9932885906040269
78_O-434	13.0	13.0	3.3834940600248777	0.8942687277051129	0.993103448275862
790_O-434	15.0	14.0	3.389068643127777	0.8905976333888675	0.9869281045751634
791_O-434	17.0	14.0	3.3846536237538873	0.8915125863221207	0.9776119402985075
792_O-434	13.0	13.0	3.360086822941469	0.889204152249135	0.9941176470588236
793_O-434	13.0	13.0	3.3969163449255224	0.8928857554879026	0.9936708860759493
794_O-434	14.0	14.0	3.33545119020527	0.8822264594912572	0.9936305732484076
795_O-434	13.0	13.0	3.396376594298405	0.893296699160676	0.9938650306748467
796_O-434	15.5	14.0	3.329184038624929	0.8840108689860942	0.9781021897810219
797_O-434	13.0	13.0	3.358018252535324	0.8874421296296297	0.9930555555555556
798_O-434	14.333333333333334	14.0	3.3776148279180913	0.8881710848741368	0.9850746268656716
799_O-434	15.5	14.0	3.2537728419984835	0.8788997525254574	0.9808917197452229
79_O-434	13.0	13.0	3.3866109603151915	0.8916715463267421	0.9932885906040269
7_O-434	14.5	14.0	3.446773782135788	0.8975180802103879	0.9871794871794872
800_O-434	12.0	12.0	3.3107326777349537	0.8859157186348341	1.0
801_O-434	14.0	14.0	3.4123800044054975	0.8929369797859691	0.993103448275862
802_O-434	16.5	15.0	3.3523070984393195	0.8812599796777472	0.9819277108433735
803_O-434	13.5	13.0	3.386844607014118	0.8970659181614842	0.9867549668874173
804_O-434	13.0	13.0	3.243246286637563	0.8701396305525889	0.9937106918238994
805_O-434	12.0	12.0	3.1166504956685395	0.8656408331769563	0.9931506849315068
806_O-434	13.0	13.0	3.3834248684270856	0.8916804407713499	0.9939393939393939
807_O-434	14.0	14.0	3.49713958854647	0.9018938605619147	0.9935483870967742
808_O-434	12.0	12.0	3.3243319608608886	0.8890613586559533	1.0
809_O-434	15.333333333333334	15.0	3.4215901193708023	0.8883709869203329	0.9862068965517241
80_O-434	13.0	13.0	3.3338375166827503	0.8868367346938776	1.0
810_O-434	13.0	13.0	3.3695703965740713	0.8908800900731845	0.9931506849315068
811_O-434	13.0	13.0	3.391268624040309	0.8937388459250446	1.0
812_O-434	13.0	13.0	3.4104087185982084	0.895426997245179	0.9939393939393939
813_O-434	13.0	13.0	3.3886556038596116	0.893537570492303	1.0
814_O-434	15.5	15.0	3.5152340297352884	0.8995957193816885	0.9862068965517241
815_O-434	12.0	12.0	3.2882306400431416	0.8830505540166205	0.993421052631579
816_O-434	13.0	13.0	3.4204420682917034	0.898210880765954	0.9936305732484076
817_O-434	13.0	13.0	3.3707872188742445	0.8900158221428861	0.9936305732484076
818_O-434	13.0	13.0	3.372495246959471	0.8889432246075603	0.993006993006993
819_O-434	13.0	13.0	3.3674637361992694	0.8923663748838574	0.993006993006993
81_O-434	14.0	14.0	3.393729975019306	0.8890235457063712	0.993421052631579
820_O-434	15.5	15.0	3.4925777056034946	0.8980111768573307	0.9871794871794872
821_O-434	13.0	13.0	3.386635097440891	0.8935733070348455	0.9935897435897436
822_O-434	12.0	12.0	3.398857133288103	0.8959467066991931	1.0
823_O-434	14.0	13.0	3.298252160008226	0.8820117728531855	0.9868421052631579
824_O-434	13.0	13.0	3.4458984486990456	0.8982834185536888	1.0
825_O-434	14.0	14.0	3.4456332127451446	0.8907862638393695	1.0
826_O-434	15.0	14.0	3.4621373384493004	0.8980933596318211	0.9871794871794872
827_O-434	13.0	13.0	3.4376037074175168	0.8979591836734694	0.9931972789115646
828_O-434	15.0	14.0	3.443723749719352	0.8977777777777778	0.9878787878787879
829_O-434	14.5	14.0	3.407185318428165	0.890738813735692	0.9870967741935484
82_O-434	12.0	12.0	3.3088527437014728	0.8858418367346939	1.0
830_O-434	16.5	15.0	3.4346212728792307	0.8949127640036731	0.9818181818181818
831_O-434	13.0	13.0	3.4810441698973364	0.9025702932448066	1.0
832_O-434	13.0	13.0	3.3221032161311674	0.884765625	0.99375
833_O-434	13.0	13.0	3.3831045392777783	0.8910582087385688	1.0
834_O-434	12.0	12.0	3.268501570819871	0.8799111481327224	1.0
835_O-434	15.333333333333334	15.0	3.3843124201538193	0.8860124917817226	0.9871794871794872
836_O-434	14.0	14.0	3.374347344260993	0.8836772181639541	0.9934640522875817
837_O-434	13.0	13.0	3.4327626225490806	0.8981450872359963	0.9939393939393939
838_O-434	12.0	12.0	3.2802276370396486	0.8827586206896552	0.993103448275862
839_O-434	13.0	13.0	3.290971204753798	0.8786471185948613	0.9939759036144579
83_O-434	15.0	14.0	3.436739404685517	0.8931555555555556	0.9866666666666667
840_O-434	14.0	14.0	3.4335546524424814	0.8931608718009573	0.9937106918238994
841_O-434	14.333333333333334	14.0	3.2576041558573543	0.8698996454539991	0.9844961240310077
842_O-434	13.5	13.0	3.346676001085171	0.8913966049382716	0.9861111111111112
843_O-434	14.0	14.0	3.3996945666801386	0.8932653061224489	0.9928571428571429
844_O-434	13.0	13.0	3.269314260203963	0.8766706302021403	0.993103448275862
845_O-434	14.0	14.0	3.4204802089733146	0.889843893480257	0.9939393939393939
846_O-434	13.0	13.0	3.364887576098759	0.8881484566615763	1.0
847_O-434	13.0	13.0	3.326950933349434	0.8869333333333334	0.9933333333333333
848_O-434	13.0	13.0	3.3397943527512304	0.887521893288906	0.9934640522875817
849_O-434	14.0	14.0	3.4367332079262853	0.8934052960026986	0.9935064935064936
84_O-434	15.0	14.0	3.4180182156459415	0.8934732669699563	0.9865771812080537
850_O-434	12.0	12.0	3.323298025643199	0.890092091258272	0.9931972789115646
851_O-434	13.0	13.0	3.3541636269407027	0.8811017060655234	1.0
852_O-434	16.5	15.0	3.4037991477037757	0.8929898756888376	0.9803921568627451
853_O-434	13.0	13.0	3.401148010823239	0.8947853164334898	1.0
854_O-434	13.0	13.0	3.3680078222106236	0.8894139886578449	0.9927536231884058
855_O-434	13.0	13.0	3.4555381115868022	0.8984644847987415	1.0
856_O-434	13.0	13.0	3.379328313611601	0.8918222222222222	1.0
857_O-434	14.5	14.0	3.42384327733685	0.8946502770083102	0.9868421052631579
858_O-434	15.5	15.0	3.366695069742805	0.8809157127991676	0.9870967741935484
859_O-434	14.5	14.0	3.3742745534256673	0.8858131487889274	0.9869281045751634
85_O-434	12.0	12.0	3.3464273160603417	0.8933267587113741	0.9935897435897436
860_O-434	13.0	13.0	3.4752545608380485	0.9032140248356464	0.9932432432432432
861_O-434	13.0	13.0	3.3924822439201447	0.8888206657602736	1.0
862_O-434	14.5	14.0	3.3830640843552104	0.888730667299553	0.9874213836477987
863_O-434	13.0	13.0	3.327743727467943	0.8818521688212243	0.9932885906040269
864_O-434	13.0	13.0	3.3834945646507126	0.8934441197954711	0.9932432432432432
865_O-434	14.5	14.0	3.415611436971142	0.89229065305961	0.9874213836477987
866_O-434	17.0	14.0	3.3693495342728994	0.891484375	0.98125
867_O-434	13.0	13.0	3.2364690568478562	0.8773333333333333	0.9933333333333333
868_O-434	13.0	13.0	3.3331077218044185	0.8863162954654703	0.9936708860759493
869_O-434	12.0	12.0	3.292467002497739	0.8847857550107452	1.0
86_O-434	12.0	12.0	3.324659266860429	0.8891388331947773	1.0
870_O-434	13.0	12.0	3.2869223330773236	0.8874805090287209	0.9858156028368794
871_O-434	14.0	14.0	3.4351951671618246	0.8940494561330874	0.9938650306748467
872_O-434	13.0	13.0	3.3907083044856807	0.8925510204081633	0.9928571428571429
873_O-434	13.0	13.0	3.4032916223829957	0.8938825295552637	0.9931506849315068
874_O-434	14.333333333333334	14.0	3.3512355178088375	0.8868527002637789	0.9863945578231292
875_O-434	15.0	14.0	3.4270717909880664	0.893767024515302	0.9873417721518988
876_O-434	13.0	13.0	3.386389059321524	0.8912464796882836	1.0
877_O-434	13.5	13.0	3.3073027789148184	0.8840530099271358	0.986013986013986
878_O-434	12.0	12.0	3.3712640027776537	0.8949146181272284	1.0
879_O-434	13.0	13.0	3.4497480779615373	0.8993132154006244	1.0
87_O-434	14.5	14.0	3.356330841699449	0.8888092079314425	0.9880239520958084
880_O-434	16.5	15.0	3.497609008498372	0.9012984878369494	0.9807692307692307
881_O-434	18.0	15.0	3.3910467769092203	0.887110563934202	0.9824561403508771
882_O-434	14.0	14.0	3.498033537911525	0.9027900517611412	0.9943820224719101
883_O-434	14.0	14.0	3.363745490253839	0.8857156829184801	0.993006993006993
884_O-434	13.0	13.0	3.3403583934915564	0.8903697533435142	0.9931972789115646
885_O-434	14.5	14.0	3.459128532465965	0.8992	0.9866666666666667
886_O-434	13.0	13.0	3.388063926111926	0.8917244276412518	1.0
887_O-434	14.0	14.0	3.4025895775782113	0.8926463147242368	0.9935064935064936
888_O-434	13.5	13.0	3.3122371782805726	0.8841700960219478	0.9851851851851852
889_O-434	13.0	13.0	3.3974244678501146	0.8926445578231292	1.0
88_O-434	14.5	14.0	3.3686778242245374	0.8851828820170727	0.9849624060150376
890_O-434	14.0	14.0	3.4413614595588347	0.8965372360911733	0.9940828402366864
891_O-434	13.0	13.0	3.3863299061294345	0.8931187228630323	0.9933774834437086
892_O-434	14.5	14.0	3.4123795813048847	0.8931250000000001	0.9875
893_O-434	13.0	13.0	3.3027733258411733	0.8778883834061528	0.9932885906040269
894_O-434	13.5	13.0	3.260991219816	0.8797557804285149	0.9849624060150376
895_O-434	12.0	12.0	3.3185539437023297	0.8863221329437545	1.0
896_O-434	13.5	13.0	3.258133112443216	0.8779520000000001	0.984
897_O-434	14.0	14.0	3.513270239937422	0.9037422839506173	0.9930555555555556
898_O-434	14.0	14.0	3.4440407796492734	0.8937016983664214	0.9931972789115646
899_O-434	14.0	14.0	3.374150976820301	0.8857158079812457	0.9927007299270073
89_O-434	13.0	13.0	3.4482133364900354	0.8979785969084423	1.0
8_O-434	14.0	14.0	3.454742477566213	0.894954931863813	0.9934640522875817
900_O-434	13.0	13.0	3.3894844662401575	0.893823629041364	0.9938650306748467
901_O-434	14.0	14.0	3.3912430036658385	0.8886048210372535	0.9932432432432432
902_O-434	14.0	14.0	3.457033155328869	0.8972320499479709	0.9935483870967742
903_O-434	13.0	13.0	3.3554584411753217	0.8894563711911357	0.993421052631579
904_O-434	14.333333333333334	14.0	3.4126742846951528	0.8944079474443198	0.9873417721518988
905_O-434	13.0	13.0	3.3242263167146135	0.8854643898375677	0.9931972789115646
906_O-434	13.0	13.0	3.392222676116073	0.892899308483724	0.9935064935064936
907_O-434	12.0	12.0	3.3208338640065023	0.8905777777777778	0.9933333333333333
908_O-434	14.0	14.0	3.3740295949210424	0.884223986360488	0.9927007299270073
909_O-434	15.0	14.0	3.4281976962387004	0.8930510049391168	0.986013986013986
90_O-434	12.0	12.0	3.24998348644801	0.8748206765699478	0.9931972789115646
910_O-434	14.0	14.0	3.374670110787872	0.888468809073724	0.9937888198757764
911_O-434	13.0	13.0	3.4036177424854035	0.8946799307958477	0.9926470588235294
912_O-434	14.0	13.0	3.4211886048985027	0.898616576737393	0.9872611464968153
913_O-434	13.0	13.0	3.3500505442993957	0.8894641683103222	0.9935897435897436
914_O-434	14.0	14.0	3.4289229037842484	0.8942714340638216	0.9934640522875817
915_O-434	13.0	13.0	3.2623448049535924	0.878061224489796	0.9928571428571429
916_O-434	12.5	12.0	3.1695084206896795	0.8756391526661796	0.9864864864864865
917_O-434	12.0	12.0	3.210666054261306	0.8778674868640266	0.9934640522875817
918_O-434	13.0	13.0	3.3767954246813416	0.8921647171927576	0.9936708860759493
919_O-434	13.5	13.0	3.272694978756925	0.8825683709869203	0.9862068965517241
91_O-434	13.0	13.0	3.3845824024009716	0.8930228368091527	1.0
920_O-434	13.0	13.0	3.3698973920956448	0.8914473684210527	1.0
921_O-434	12.0	12.0	3.3031979372521327	0.8871527777777778	0.9930555555555556
922_O-434	13.0	13.0	3.320166519165844	0.8846333005538016	0.9928057553956835
923_O-434	13.0	13.0	3.4485913511780035	0.8992588044384018	1.0
924_O-434	13.0	13.0	3.388747087006254	0.8931759571513589	0.9929577464788732
925_O-434	17.0	14.0	3.395767944264413	0.8930228368091527	0.9798657718120806
926_O-434	13.0	13.0	3.335976818645937	0.8864824841501227	0.9931972789115646
927_O-434	12.0	12.0	3.3384730128398044	0.8914900824268885	0.9938650306748467
928_O-434	14.0	14.0	3.4113134260255147	0.891901027582477	0.9941860465116279
929_O-434	14.0	14.0	3.404440064883813	0.8912742382271468	0.993421052631579
92_O-434	12.0	12.0	3.3462733029177665	0.8913593099345628	1.0
930_O-434	13.0	13.0	3.333213229509303	0.8882563014336732	0.9928057553956835
931_O-434	14.333333333333334	14.0	3.323935664915019	0.885411030176899	0.9870967741935484
932_O-434	14.0	14.0	3.454668592588091	0.896015625	0.99375
933_O-434	12.0	12.0	3.314770474668541	0.8871975644928698	1.0
934_O-434	14.5	14.0	3.2880933831893233	0.8718042366691016	0.9864864864864865
935_O-434	16.5	15.0	3.3832021059063937	0.8858481262327416	0.9807692307692307
936_O-434	15.0	14.0	3.365774931521795	0.8820444444444444	0.9866666666666667
937_O-434	17.0	14.0	3.3462716466335585	0.8817463910266083	0.9787234042553191
938_O-434	14.0	14.0	3.4676847101504267	0.8943636457740283	0.9928057553956835
939_O-434	14.5	14.0	3.3743634423562403	0.8883563988459093	0.986013986013986
93_O-434	13.0	13.0	3.33539648287342	0.8880977809422096	0.9937106918238994
940_O-434	15.0	15.0	3.4462859303154856	0.8917333333333333	0.9933333333333333
941_O-434	14.5	14.0	3.3501864760685933	0.8818480281634429	0.9874213836477987
942_O-434	13.0	13.0	3.34276026953031	0.8837526037493991	0.9936708860759493
943_O-434	13.0	13.0	3.294814026559297	0.8796632312382058	0.9939759036144579
944_O-434	14.0	13.0	3.294224137340371	0.8830315654542541	0.9873417721518988
945_O-434	14.0	14.0	3.3171759361164566	0.8818519143194468	0.9935064935064936
946_O-434	13.0	12.0	3.2051969750451437	0.8804342510636217	0.986013986013986
947_O-434	13.0	13.0	3.3975071440734177	0.8935185185185185	0.9930555555555556
948_O-434	13.5	13.0	3.2814930703681773	0.8817567567567568	0.9864864864864865
949_O-434	12.0	12.0	3.409670971976841	0.8980390239131497	1.0
94_O-434	13.0	13.0	3.362113114419735	0.8884617027638942	0.9934640522875817
950_O-434	13.0	13.0	3.409018290757451	0.8923415977961433	1.0
951_O-434	14.0	14.0	3.4232443744690735	0.8944520652339583	0.9938271604938271
952_O-434	14.5	14.0	3.405047531277111	0.892562689563843	0.9869281045751634
953_O-434	14.0	14.0	3.370071017015279	0.8876627855085399	0.9936305732484076
954_O-434	12.0	12.0	3.353450244543948	0.89315296566077	1.0
955_O-434	13.0	13.0	3.3949487235312534	0.8941102013369724	1.0
956_O-434	14.333333333333334	14.0	3.2966244616193547	0.8791438763376932	0.9862068965517241
957_O-434	12.0	12.0	3.385263026962815	0.8948137326515705	1.0
958_O-434	17.0	14.0	3.371166622362106	0.8888759396305577	0.9770992366412213
959_O-434	14.5	14.0	3.3516853652279948	0.8852754380433314	0.9865771812080537
95_O-434	14.0	14.0	3.4150232648491463	0.8909374999999999	0.99375
960_O-434	14.0	14.0	3.458121093261611	0.8964073646887949	0.9934640522875817
961_O-434	12.0	12.0	3.259302343641857	0.8771696149843913	1.0
962_O-434	13.0	13.0	3.3901537966073434	0.8931187228630323	0.9933774834437086
963_O-434	12.0	12.0	3.2977803314056002	0.8819019027141061	1.0
964_O-434	15.0	14.0	3.406601646263465	0.8914643595041323	0.9886363636363636
965_O-434	14.0	14.0	3.4715428639334998	0.8971836419753086	0.9930555555555556
966_O-434	13.0	13.0	3.3665809535144287	0.8874921956295525	1.0
967_O-434	16.5	15.0	3.437324560829875	0.8944773175542406	0.9807692307692307
968_O-434	17.0	14.0	3.3900068474032055	0.8912382934443288	0.9806451612903225
969_O-434	13.0	13.0	3.3845522559292354	0.8906962904185678	0.9929577464788732
96_O-434	13.0	13.0	3.4481794355937216	0.8983030734543729	1.0
970_O-434	13.0	13.0	3.388387767988985	0.8903413217138707	1.0
971_O-434	17.0	14.0	3.277486165072027	0.8731821329639889	0.9802631578947368
972_O-434	15.0	14.0	3.4546042664939858	0.8970823051241109	0.9879518072289156
973_O-434	13.0	13.0	3.384583354538363	0.8901570489408327	1.0
974_O-434	14.5	14.0	3.4520130756667706	0.897365560788779	0.9856115107913669
975_O-434	13.0	13.0	3.3522254664581235	0.887607330513905	0.9934640522875817
976_O-434	14.5	14.0	3.342588717406849	0.8777082113418314	0.9865771812080537
977_O-434	13.0	13.0	3.374281172601649	0.8915712799167534	0.9935483870967742
978_O-434	13.0	13.0	3.357013327243181	0.8882166236857767	1.0
979_O-434	14.333333333333334	14.0	3.2659704966121934	0.8770131146140373	0.9869281045751634
97_O-434	12.0	12.0	3.3320905371134426	0.8889809016096475	0.9928057553956835
980_O-434	14.5	14.0	3.3704835312125367	0.8878251821019771	0.9870967741935484
981_O-434	13.0	13.0	3.377864165374254	0.8869106153925781	1.0
982_O-434	14.0	14.0	3.3973573902374463	0.8916859567901234	0.9930555555555556
983_O-434	13.0	13.0	3.396751800104842	0.8912026558020221	1.0
984_O-434	16.5	15.0	3.422330898686986	0.892477252338844	0.9803921568627451
985_O-434	13.0	13.0	3.3247221674024305	0.8866587957497049	0.9935064935064936
986_O-434	14.5	14.0	3.384837840307151	0.8908220603537982	0.9870967741935484
987_O-434	14.0	13.0	3.31705734855566	0.8850438276113952	0.9864864864864865
988_O-434	16.5	15.0	3.365684465410046	0.8809374999999999	0.98125
989_O-434	13.0	13.0	3.370676186264839	0.8918637398248525	0.9937888198757764
98_O-434	13.0	13.0	3.388371273918852	0.8865877712031558	1.0
990_O-434	13.0	13.0	3.3635288326860526	0.8910108024691358	0.9930555555555556
991_O-434	14.0	14.0	3.4603227113751927	0.8976218586608197	0.9935064935064936
992_O-434	16.0	15.0	3.412202103280085	0.8936582897621859	0.9805194805194806
993_O-434	14.5	14.0	3.423949386871546	0.8952991452991453	0.9871794871794872
994_O-434	14.0	14.0	3.4447888389941137	0.898265306122449	0.9928571428571429
995_O-434	14.5	14.0	3.404362977688197	0.8922832771275541	0.9859154929577465
996_O-434	13.0	13.0	3.3068272249377824	0.8830592043358801	0.9938650306748467
997_O-434	14.0	14.0	3.4757641356038658	0.8983731591545296	0.9936305732484076
998_O-434	12.0	12.0	3.365942760662719	0.8938132064247472	1.0
999_O-434	14.5	14.0	3.4401491301571294	0.8950676378772112	0.9870967741935484
99_O-434	14.5	14.0	3.3480871248629334	0.8850663312913303	0.9872611464968153
9_O-434	14.0	14.0	3.488301975235416	0.9008564377993904	1.0
